0 255
0 185
0 213
0 151
0 216
0 244
1 0
1 219
1 288
1 28
1 202
1 264
1 201
2 0
2 1
2 157
2 159
2 98
2 72
2 23
2 199
3 0
3 34
3 41
3 179
3 136
3 287
3 89
4 0
4 3
4 288
4 294
4 148
4 110
4 94
4 225
4 192
4 54
4 8
4 250
4 59
4 58
5 0
5 3
6 0
6 3
6 4
7 0
7 3
7 5
7 221
7 143
7 64
7 217
7 213
7 161
8 0
8 3
8 4
8 6
8 67
8 15
8 47
8 36
8 1
8 208
8 96
8 296
8 253
8 252
8 236
9 0
9 1
10 0
10 141
10 115
10 191
10 199
10 32
10 179
10 55
10 268
10 65
10 295
10 114
10 29
10 273
10 285
10 215
10 277
10 292
10 49
11 0
11 1
11 9
11 106
11 83
11 219
11 281
11 47
11 97
11 63
11 205
11 166
11 250
11 203
11 91
11 42
11 243
11 115
11 110
11 293
12 0
12 10
12 179
12 205
12 267
12 177
12 193
12 122
12 120
12 207
12 245
12 147
12 137
12 42
13 0
13 247
13 125
13 225
13 117
13 84
13 57
14 0
14 3
14 5
14 26
14 258
14 58
14 133
14 60
14 273
15 0
15 1
15 9
15 130
15 161
15 258
15 281
15 53
15 225
15 26
15 82
15 263
15 89
15 78
15 86
16 0
16 3
16 5
16 7
17 0
17 3
17 48
17 72
17 57
17 235
17 260
17 73
18 0
18 3
18 128
18 136
18 277
18 13
18 113
18 76
18 75
18 124
18 37
18 47
18 16
18 149
18 185
18 49
18 254
18 182
18 36
19 0
19 10
19 268
19 269
19 216
19 52
19 77
19 29
19 71
19 206
19 219
19 228
19 28
19 225
19 132
19 195
19 37
19 146
20 0
20 3
20 5
20 147
20 209
20 85
20 117
20 216
20 223
21 0
21 1
21 9
21 11
21 147
21 87
21 276
21 127
21 159
21 70
21 209
21 265
21 213
21 7
21 202
22 0
22 18
22 259
22 76
22 195
22 153
22 63
23 0
23 3
23 5
23 205
23 2
23 224
23 181
23 38
24 0
24 3
24 4
25 0
25 3
25 4
25 73
25 129
25 117
25 293
25 128
25 221
25 141
25 131
25 235
25 114
25 246
25 283
25 248
25 54
25 145
25 163
26 0
26 3
26 5
26 14
26 283
26 250
26 103
26 49
26 265
27 0
27 3
27 5
27 7
27 16
27 226
27 115
27 143
27 109
27 199
27 157
27 68
27 45
27 24
27 119
27 70
27 99
28 0
28 3
28 4
28 6
28 8
28 94
28 255
28 181
28 89
28 36
28 208
29 0
29 1
29 9
29 11
29 21
29 97
29 213
29 295
29 176
29 10
29 183
30 0
30 3
30 5
30 7
31 0
31 1
31 9
31 15
31 241
31 52
31 76
31 229
31 230
31 72
32 0
32 1
32 2
32 82
32 105
32 188
32 234
32 40
32 129
32 111
32 30
32 36
32 162
32 115
33 0
33 1
33 269
33 212
33 295
33 207
33 210
33 299
34 0
34 3
34 4
34 6
34 8
34 235
34 26
34 49
34 94
34 196
34 96
35 0
35 3
35 5
35 14
35 26
35 299
35 117
35 22
35 221
35 290
35 218
36 0
36 3
36 5
36 14
36 49
36 192
36 272
36 294
36 242
36 169
37 0
37 3
37 5
37 14
38 0
38 1
38 9
38 15
38 79
38 108
38 161
38 230
38 280
38 285
39 0
39 3
39 18
40 0
40 3
40 18
41 0
41 1
41 33
42 0
42 3
42 4
42 6
43 0
43 3
44 0
44 13
44 202
44 105
44 40
44 198
44 197
44 50
45 0
45 3
45 5
45 7
45 16
46 0
46 3
46 5
46 14
46 37
46 30
46 199
46 123
46 167
46 111
46 57
47 0
47 3
47 5
47 14
47 278
47 203
47 49
47 280
47 187
47 249
48 0
48 3
48 5
48 14
48 47
48 124
48 260
48 106
48 40
48 35
48 139
49 0
49 3
49 5
49 14
50 0
50 3
50 4
50 6
50 8
50 34
50 146
50 52
50 84
50 128
50 119
50 167
50 283
50 177
50 64
50 197
50 191
51 0
51 22
52 0
52 3
52 4
52 6
52 8
52 277
52 46
52 167
52 160
52 152
52 236
53 0
53 3
53 5
53 14
53 26
53 130
53 121
53 234
53 36
53 204
53 11
54 0
54 3
54 5
54 14
54 26
54 35
55 0
55 1
56 0
56 3
56 4
56 6
56 8
56 52
57 0
57 3
57 5
57 14
57 26
57 35
57 54
58 0
58 3
58 5
58 14
58 47
59 0
59 22
59 289
59 272
59 132
59 65
59 50
59 27
59 160
59 117
59 40
59 123
59 268
59 12
60 0
60 3
60 4
60 6
60 8
60 52
60 56
60 35
60 59
60 61
60 142
60 94
60 239
61 0
61 3
61 5
61 14
61 162
61 205
61 141
61 75
61 143
61 67
62 0
62 3
63 0
63 3
63 5
63 14
63 47
63 119
63 251
63 158
63 121
63 123
63 126
64 0
64 3
64 5
64 14
64 26
64 35
64 54
65 0
65 3
65 5
65 14
66 0
66 3
66 4
66 25
67 0
67 13
68 0
68 3
68 5
68 14
68 26
68 53
68 23
68 41
68 22
68 113
68 94
68 65
69 0
69 3
69 5
69 7
69 16
69 45
70 0
70 3
70 5
70 230
70 132
70 33
70 287
70 196
70 146
71 0
71 3
71 5
71 14
71 26
71 35
71 179
71 82
71 124
71 131
71 118
71 218
72 0
72 3
72 5
72 14
72 37
72 46
72 27
72 86
72 24
72 183
72 250
72 52
73 0
73 3
73 4
73 6
73 8
74 0
74 3
74 5
74 7
74 16
74 27
75 0
75 1
75 9
75 15
75 31
75 143
75 248
75 183
75 238
75 88
75 281
76 0
76 3
76 5
76 7
76 119
76 293
76 91
76 212
76 235
76 171
76 265
76 65
76 215
76 168
76 208
77 0
77 3
77 5
77 14
77 36
77 69
77 115
77 164
77 152
77 144
77 50
77 26
77 150
77 49
77 59
77 157
77 15
77 297
77 193
77 299
77 44
77 211
77 113
77 78
77 125
77 288
77 37
77 153
78 0
78 3
78 5
78 14
78 65
78 170
78 105
78 33
78 112
78 12
78 296
79 0
79 3
79 17
79 213
79 287
79 164
79 135
79 42
79 202
80 0
80 3
80 5
81 0
81 3
81 5
81 14
81 61
82 0
82 3
82 245
82 1
82 34
82 223
82 142
82 111
83 0
83 13
83 67
84 0
84 3
84 5
84 7
84 30
84 221
84 23
84 143
84 1
84 218
84 229
85 0
86 0
86 3
86 4
86 6
86 8
86 261
86 195
86 202
86 105
86 215
86 155
87 0
87 1
87 2
87 32
88 0
88 3
88 4
88 6
88 42
88 155
88 264
88 129
88 177
88 290
88 233
88 287
88 199
88 38
88 171
88 131
89 0
89 1
89 2
89 32
89 87
90 0
90 13
90 132
90 44
90 140
90 237
90 194
90 162
91 0
91 3
91 4
91 6
91 8
91 34
92 0
92 3
92 5
92 14
92 26
93 0
93 1
93 9
93 11
94 0
94 55
94 98
94 99
94 249
94 229
94 154
94 251
94 110
94 195
94 100
94 4
94 205
95 0
95 10
95 19
95 189
95 261
95 260
95 12
95 136
95 32
95 141
95 109
95 198
95 201
95 185
96 0
96 3
96 5
96 14
96 47
96 48
97 0
97 3
97 4
97 24
97 141
97 193
97 185
97 188
97 198
97 76
97 173
97 70
97 297
97 118
97 206
97 137
97 75
97 298
97 217
97 103
97 213
98 0
98 3
98 18
99 0
99 3
99 5
99 7
99 16
100 0
100 22
100 59
100 277
100 156
100 187
100 288
100 119
100 49
101 0
101 10
101 12
101 104
101 283
101 179
101 227
101 26
101 117
102 0
102 3
102 4
102 6
102 8
102 34
102 91
102 251
102 183
102 179
102 262
102 7
102 196
102 293
102 252
102 142
102 286
102 234
102 23
102 271
102 159
102 254
102 81
102 295
103 0
103 3
103 5
103 14
103 65
103 78
104 0
104 1
104 9
104 11
104 93
104 89
104 186
104 201
104 270
104 64
105 0
105 1
105 9
105 11
105 21
105 106
105 296
105 241
105 245
105 149
105 24
106 0
106 3
106 43
107 0
107 1
107 9
107 11
107 21
107 94
107 29
107 193
107 298
107 259
107 110
107 168
107 187
107 84
107 199
107 242
108 0
108 3
108 5
108 80
109 0
109 1
109 9
109 15
109 38
109 220
109 100
109 259
109 16
109 127
109 117
109 47
109 295
109 251
109 203
109 118
109 103
110 0
110 3
110 5
110 14
110 26
110 35
111 0
111 1
111 9
111 11
111 21
112 0
112 3
112 5
112 7
112 16
112 27
112 74
113 0
113 3
113 4
113 6
113 8
113 52
113 56
113 60
113 239
113 288
113 127
113 243
113 130
113 178
113 190
113 250
113 141
113 237
113 71
113 134
114 0
114 3
114 5
114 7
114 43
114 271
114 253
114 241
114 107
114 177
115 0
115 1
115 33
115 190
115 87
115 211
115 42
115 81
115 46
115 192
115 263
115 183
115 252
115 158
115 244
116 0
116 3
116 5
116 14
116 61
116 81
117 0
117 3
117 18
117 40
117 163
117 170
117 289
117 166
117 116
117 290
118 0
118 3
118 43
118 106
119 0
119 3
119 5
119 70
119 128
119 90
119 2
119 203
119 72
119 163
120 0
120 3
120 5
120 14
121 0
121 3
121 5
121 14
121 26
121 92
121 251
121 101
121 190
121 132
121 31
122 0
122 22
122 51
122 18
122 275
122 79
122 139
122 165
122 77
122 55
122 175
122 257
122 284
122 160
122 291
123 0
123 13
124 0
124 13
124 67
124 83
124 23
124 128
124 166
124 130
124 101
124 201
124 155
124 48
124 224
124 132
124 290
125 0
125 13
125 67
125 141
125 285
125 277
125 195
125 216
125 191
126 0
126 3
126 5
126 14
126 26
127 0
127 3
127 5
127 23
127 221
127 52
127 118
127 253
127 109
127 299
127 285
127 6
127 138
127 65
127 276
127 15
128 0
128 3
128 5
128 14
128 36
128 77
129 0
129 85
129 294
129 44
129 113
129 246
129 70
129 132
130 0
130 10
131 0
131 3
131 4
131 6
131 210
131 88
131 196
131 52
131 55
131 159
132 0
132 3
132 5
132 14
132 47
132 217
132 257
132 195
132 62
132 25
132 8
133 0
133 3
133 4
133 6
133 131
134 0
134 1
134 9
134 11
134 21
134 29
135 0
135 3
135 5
135 14
135 26
135 35
135 110
136 0
136 3
136 4
136 6
136 8
136 52
136 21
136 142
136 113
136 7
136 55
136 147
137 0
137 13
137 44
138 0
138 3
138 5
138 14
138 36
138 77
138 128
139 0
139 3
139 5
139 14
139 26
139 35
139 54
139 57
139 140
139 56
139 193
139 24
139 204
139 203
139 249
139 97
139 151
139 178
139 154
139 291
140 0
140 3
140 5
140 14
140 61
140 170
140 281
140 168
140 111
140 235
140 114
141 0
141 1
141 9
141 15
142 0
142 3
142 5
142 14
142 61
142 81
142 288
142 85
142 10
142 228
142 53
142 169
143 0
143 3
143 5
143 14
143 47
143 58
143 72
143 247
143 9
143 220
143 210
143 131
144 0
144 3
144 5
144 14
144 26
144 35
144 110
145 0
145 1
145 55
145 149
145 171
145 216
145 110
145 158
145 295
145 239
145 66
145 74
145 120
145 68
145 47
145 83
145 226
145 195
145 283
145 41
145 69
145 80
145 72
145 48
145 7
146 0
146 1
146 9
146 11
146 21
146 29
147 0
147 13
147 44
147 137
148 0
148 3
148 5
148 14
148 26
148 53
148 68
148 239
148 278
148 39
148 46
148 188
148 103
149 0
149 3
149 5
150 0
150 3
150 5
150 14
150 26
150 53
150 68
150 148
151 0
151 3
151 5
151 23
152 0
152 3
152 5
152 14
152 47
152 48
152 96
152 210
152 37
152 188
152 187
152 65
152 196
153 0
153 3
153 5
153 7
153 16
153 27
153 115
153 197
153 23
153 99
153 195
153 205
153 59
153 288
153 259
153 88
153 218
154 0
154 1
154 2
154 136
154 52
154 79
154 271
154 190
154 221
154 283
154 203
154 159
154 251
155 0
155 3
155 4
155 6
155 8
156 0
156 13
156 67
156 83
156 78
156 160
156 76
156 149
156 77
156 124
157 0
157 1
157 2
157 32
157 87
157 89
158 0
158 3
158 5
158 23
158 127
158 155
158 131
158 31
158 114
158 135
158 143
159 0
159 10
159 130
160 0
160 3
160 5
160 14
160 65
160 78
160 103
161 0
161 1
161 2
161 32
161 87
161 89
161 146
161 34
161 208
161 66
161 268
161 14
161 169
161 21
161 29
161 189
161 17
161 241
162 0
162 1
162 33
163 0
163 1
163 9
163 15
163 38
163 109
163 229
163 122
163 244
163 63
163 286
163 165
163 154
163 275
163 85
163 56
163 176
163 243
164 0
164 3
164 5
164 14
164 47
164 63
164 295
164 177
164 267
164 90
164 281
164 262
164 286
164 12
164 182
164 44
164 137
164 268
164 185
164 256
164 67
164 80
164 25
165 0
165 3
165 5
165 14
165 47
165 48
166 0
166 3
166 5
166 14
166 65
166 78
166 103
166 160
167 0
167 3
167 4
167 6
167 8
167 34
167 91
167 102
167 125
167 67
167 1
167 165
167 287
167 299
168 0
168 3
168 4
168 6
168 8
168 34
168 91
168 102
169 0
169 3
169 4
169 265
169 22
169 24
169 42
169 142
169 261
169 281
169 191
169 228
169 220
169 112
169 272
169 160
169 8
169 72
169 211
169 245
170 0
170 3
170 43
171 0
171 13
171 67
171 83
171 156
171 298
171 272
171 282
171 87
171 97
172 0
172 1
172 9
172 11
172 21
172 105
172 128
172 38
172 62
172 118
172 168
172 295
173 0
173 3
173 5
173 7
173 30
173 31
173 90
173 89
173 197
173 95
173 13
174 0
174 3
174 4
174 24
174 106
174 7
174 12
174 163
174 82
174 189
174 240
174 20
174 65
174 279
174 216
174 48
175 0
175 3
175 5
175 14
175 26
175 35
175 54
175 57
176 0
176 3
176 43
176 106
176 118
177 0
177 3
177 5
177 14
177 65
178 0
178 13
178 67
178 3
178 135
178 43
178 108
178 75
178 174
179 0
179 13
179 67
179 83
179 124
179 82
179 126
179 294
179 175
179 9
179 139
180 0
180 1
180 9
180 11
180 21
180 105
180 172
180 47
180 173
180 104
180 145
180 38
180 3
180 242
180 274
180 4
180 289
180 138
181 0
181 1
181 9
181 11
181 93
181 104
181 117
181 245
181 230
181 202
181 299
181 156
181 86
181 276
181 132
181 85
181 253
181 182
182 0
182 3
182 18
182 108
182 101
182 234
182 32
182 121
182 246
183 0
183 3
183 4
183 24
184 0
184 3
184 4
184 6
184 131
184 121
184 118
184 192
184 39
184 245
184 120
184 255
184 288
184 209
184 103
184 286
184 146
185 0
185 1
185 9
185 15
185 38
186 0
186 3
186 5
186 14
186 26
186 35
186 168
186 4
186 282
186 135
186 66
186 99
187 0
187 3
187 5
187 80
187 293
187 110
187 299
187 126
187 249
187 167
188 0
188 22
188 51
188 57
188 214
188 91
188 142
188 134
188 6
188 218
188 127
188 261
188 112
188 254
188 212
188 229
188 5
188 196
188 161
188 272
189 0
189 1
189 9
189 11
189 21
189 105
190 0
190 1
190 2
190 32
190 87
190 105
190 195
190 128
190 117
190 215
191 0
191 1
191 33
191 162
192 0
192 1
192 9
192 15
192 38
192 109
193 0
193 3
193 4
193 169
193 283
193 79
193 127
193 273
193 218
193 281
194 0
194 1
194 2
194 32
194 87
194 190
195 0
195 1
195 2
195 32
195 87
195 99
195 201
195 10
195 270
195 236
195 169
196 0
196 3
196 5
196 14
196 26
196 35
196 110
196 144
196 163
196 179
196 284
196 265
196 275
197 0
197 3
197 4
197 6
197 8
197 34
197 91
197 102
197 168
198 0
198 3
198 4
198 6
198 8
198 52
198 56
198 60
198 113
199 0
199 1
199 9
199 11
199 21
199 29
199 134
199 80
199 132
199 278
199 188
199 277
199 88
200 0
200 3
200 4
200 24
200 183
200 207
200 8
200 251
200 292
200 258
200 94
200 154
200 143
200 7
200 172
200 282
200 44
200 166
200 120
200 101
200 11
200 277
200 37
200 270
200 32
200 295
200 272
200 215
200 205
201 0
201 3
201 4
201 6
201 8
201 52
202 0
202 1
202 9
202 11
202 21
202 105
202 189
202 268
202 197
202 183
202 36
202 181
202 274
203 0
203 22
203 51
203 188
203 114
203 36
203 244
203 185
203 230
203 248
204 0
204 1
204 9
204 15
204 38
205 0
205 3
205 4
205 6
205 8
205 34
205 91
205 102
205 168
205 197
206 0
206 3
206 5
206 14
206 26
206 35
206 110
206 232
206 122
206 56
206 17
206 109
206 281
206 97
206 100
206 171
206 114
206 184
207 0
207 3
207 5
207 20
207 161
207 148
207 164
207 222
207 43
207 78
208 0
208 3
208 5
208 149
208 145
208 76
208 138
208 169
208 68
209 0
209 13
209 67
209 251
209 128
209 43
209 287
209 122
210 0
210 3
210 5
210 7
210 76
211 0
211 1
211 6
211 51
211 54
211 170
211 197
211 272
212 0
212 3
212 5
212 7
212 30
212 84
212 10
212 215
212 94
212 183
212 14
212 247
213 0
213 3
213 5
213 14
213 47
213 58
213 183
213 273
213 171
213 178
213 227
213 112
213 60
213 163
213 74
213 269
213 244
213 97
214 0
214 1
214 9
214 11
214 21
214 111
215 0
215 3
215 5
215 7
215 76
215 8
215 33
215 59
215 236
215 126
216 0
216 1
216 2
216 32
217 0
217 3
217 5
217 7
217 16
218 0
218 3
218 5
218 14
218 65
219 0
219 1
219 2
219 32
219 273
219 164
219 250
219 245
219 213
219 161
219 196
219 10
219 57
219 72
219 277
219 51
220 0
220 1
220 9
220 15
220 38
220 109
220 163
220 88
220 132
220 118
220 12
220 141
220 165
220 3
220 175
220 85
220 27
220 194
221 0
221 3
221 5
221 14
221 26
221 92
221 31
221 275
221 194
221 190
221 76
221 142
221 191
221 231
221 99
221 87
221 90
221 125
221 21
221 215
221 163
221 151
221 101
222 0
222 3
222 4
222 6
222 42
222 170
222 82
222 69
222 163
222 110
222 16
223 0
223 3
223 5
223 14
223 26
223 53
223 68
223 239
223 44
223 92
223 102
223 24
223 55
223 97
223 114
223 86
223 52
223 175
223 28
224 0
224 3
224 5
224 14
224 47
224 48
224 165
225 0
225 3
225 4
225 6
225 8
225 52
225 56
225 60
225 113
226 0
226 13
226 67
226 83
226 124
226 234
226 262
226 175
226 25
226 202
226 28
226 87
226 150
226 103
226 280
226 123
226 211
227 0
227 3
227 4
227 6
227 8
227 52
227 56
228 0
228 10
228 262
228 60
228 74
228 282
228 157
228 76
229 0
229 1
229 9
229 11
229 93
229 199
229 96
229 197
229 299
229 10
229 153
230 0
230 3
230 18
230 182
230 38
230 179
230 287
230 135
230 202
230 290
231 0
231 1
231 9
231 209
231 251
231 133
231 52
231 28
231 82
232 0
232 1
232 9
232 15
232 38
232 185
232 287
232 125
232 264
232 282
232 142
232 173
233 0
233 3
233 62
233 294
233 151
233 43
233 9
233 186
233 286
233 60
233 217
233 190
233 18
233 92
233 278
234 0
234 1
234 2
234 32
234 216
235 0
235 3
235 4
235 6
235 8
235 52
235 56
236 0
236 3
236 43
236 170
236 48
236 66
236 87
236 151
236 202
236 9
236 106
236 183
236 227
236 281
236 237
236 213
236 276
236 254
236 243
236 95
236 42
237 0
237 3
237 5
237 7
237 76
237 215
238 0
238 13
238 67
238 83
238 124
238 283
238 86
238 40
238 78
238 239
238 24
239 0
239 22
239 51
239 188
240 0
240 1
240 9
240 11
240 21
240 105
240 172
241 0
241 1
241 2
241 32
241 87
241 190
241 194
241 91
241 119
241 239
241 286
241 289
242 0
242 3
242 4
242 6
242 8
242 52
242 56
242 60
242 113
242 225
243 0
243 3
243 4
243 6
243 8
243 34
243 91
244 0
244 1
244 211
244 46
244 94
244 158
244 58
244 38
244 248
244 258
244 102
244 101
244 81
244 246
244 93
244 112
244 4
244 251
244 189
244 74
245 0
245 1
245 33
245 41
245 48
245 81
245 210
245 60
245 211
246 0
246 3
246 5
246 14
246 36
246 77
246 128
246 86
246 154
246 106
246 166
246 50
246 247
246 120
246 34
246 207
246 126
246 199
246 228
246 210
246 117
246 293
246 159
246 239
246 156
247 0
247 1
247 2
247 32
247 87
247 190
247 194
247 266
247 24
247 72
247 140
247 106
247 197
248 0
248 13
248 67
248 209
249 0
249 3
249 5
249 14
249 26
249 53
249 68
249 46
249 204
249 17
249 259
249 117
249 73
250 0
250 3
250 4
250 6
250 42
250 136
250 222
250 130
250 152
250 155
250 213
251 0
251 85
251 5
251 187
251 248
251 28
251 129
251 220
251 163
251 204
251 211
251 284
251 297
251 279
251 29
251 278
251 289
251 19
251 210
251 293
252 0
252 3
252 43
252 170
252 236
252 173
252 148
252 292
252 150
252 159
252 138
253 0
253 3
253 5
253 14
253 26
253 92
253 221
253 138
253 266
253 214
253 120
253 58
253 125
254 0
254 3
254 4
254 6
254 8
254 28
255 0
255 1
255 9
255 11
255 21
255 105
255 172
255 240
256 0
256 3
256 5
256 14
256 26
256 92
257 0
257 13
257 67
257 209
257 79
257 168
257 275
257 173
257 214
257 76
257 128
257 84
257 260
257 161
257 137
257 229
257 179
257 208
257 246
257 47
257 25
257 156
257 217
257 183
257 11
257 235
258 0
258 3
258 5
258 7
258 16
258 45
259 0
259 3
259 43
259 170
259 236
259 126
259 82
259 49
259 189
259 45
259 62
260 0
260 3
260 43
261 0
261 3
261 43
261 170
261 236
261 127
261 106
261 82
261 240
261 33
261 149
261 112
261 298
261 257
262 0
262 3
262 4
262 6
262 8
262 28
262 254
263 0
263 3
263 5
263 14
263 26
263 257
263 55
263 196
263 119
263 216
263 53
264 0
264 3
264 5
264 14
264 47
264 48
264 165
264 224
264 292
264 283
264 109
264 200
264 140
264 232
265 0
265 3
265 5
265 7
265 16
265 217
266 0
266 1
266 2
266 32
266 87
266 195
266 255
266 211
266 182
266 51
266 26
266 46
267 0
267 3
267 4
267 6
267 8
267 28
268 0
268 3
268 5
268 7
268 41
268 250
268 202
268 168
268 274
268 182
268 17
268 87
268 48
268 239
268 116
269 0
269 3
269 4
269 25
269 66
269 22
269 222
269 109
269 58
269 276
269 210
270 0
270 1
270 9
270 11
270 21
270 111
270 214
271 0
271 3
271 4
271 6
271 8
271 52
271 136
272 0
272 3
272 5
272 14
273 0
273 3
273 4
273 25
273 66
273 269
274 0
274 3
274 62
275 0
275 22
275 51
275 122
275 255
275 194
275 23
275 19
275 235
275 168
276 0
276 3
276 5
276 7
276 16
276 27
276 74
276 112
276 90
276 110
276 296
276 209
276 255
276 126
277 0
277 13
277 67
277 178
277 83
277 134
277 27
277 232
277 113
277 222
277 162
277 266
277 122
277 94
277 175
278 0
278 3
278 5
278 14
278 26
278 263
278 202
278 92
278 113
278 9
278 188
278 175
279 0
279 3
279 5
279 14
279 26
279 35
279 110
279 206
280 0
280 3
280 5
280 14
280 26
280 35
280 110
280 206
281 0
281 3
281 5
281 14
281 26
281 92
281 256
281 213
281 93
281 166
281 201
281 167
281 67
282 0
282 3
282 5
282 14
282 26
282 35
283 0
283 3
283 5
283 14
283 47
283 58
283 143
284 0
284 3
284 4
284 6
285 0
285 3
285 18
285 182
285 64
285 185
285 109
285 188
285 166
285 44
286 0
286 13
286 67
286 209
286 248
286 266
286 172
286 284
286 204
286 43
286 264
287 0
287 1
288 0
288 3
288 5
288 7
288 76
288 210
288 261
288 158
288 182
288 22
288 281
288 41
289 0
289 3
289 5
289 70
289 119
289 144
289 264
289 286
289 149
289 155
289 274
290 0
290 3
290 5
290 14
290 26
290 35
290 110
290 180
290 250
290 272
290 88
291 0
291 3
291 4
291 6
291 42
291 250
291 292
291 92
291 299
291 67
291 20
291 247
291 44
291 176
291 48
291 71
291 255
291 40
291 83
291 282
291 211
291 94
291 171
291 173
292 0
292 3
292 4
292 24
292 183
292 80
292 226
292 154
292 22
292 43
292 276
293 0
293 13
293 67
293 178
293 277
293 66
293 21
293 58
293 108
293 283
293 14
294 0
294 1
294 9
294 11
294 21
294 29
294 134
294 199
294 46
294 147
294 169
294 58
294 183
295 0
295 1
295 2
295 32
295 87
295 190
296 0
296 3
296 5
296 7
296 76
296 210
296 101
296 225
296 197
296 142
296 47
296 38
296 275
296 185
296 107
296 136
296 149
296 9
296 2
296 12
296 258
296 283
296 224
297 0
297 3
297 5
297 14
297 47
297 48
297 96
297 152
297 115
297 171
297 52
297 164
297 277
297 33
297 233
297 216
297 137
297 43
298 0
298 3
298 5
298 14
298 47
298 58
298 213
298 246
298 243
298 50
298 173
298 86
298 163
298 37
298 21
298 128
298 53
298 101
299 0
299 13
299 67
299 125
299 253
299 202
299 246
299 47
299 152
299 241
