0 241
0 19
0 253
0 135
0 124
0 148
1 0
1 50
1 171
1 81
1 80
1 266
1 265
1 178
1 56
1 133
1 73
1 11
1 106
1 71
1 68
1 12
1 37
1 47
2 0
2 59
2 135
2 155
2 203
2 39
2 290
2 75
2 4
2 56
2 165
2 116
2 23
2 246
2 223
2 134
2 277
2 150
2 244
3 0
3 2
3 19
3 125
3 33
3 289
3 262
3 187
3 104
3 103
3 1
3 7
3 246
3 128
3 18
3 283
3 261
3 151
3 218
3 43
4 0
4 251
4 97
4 209
4 288
4 295
4 186
4 34
4 20
4 40
4 29
4 118
4 83
4 259
4 160
4 85
4 265
4 286
4 281
5 0
5 2
5 3
6 0
6 2
6 3
6 159
6 189
6 26
6 269
6 253
7 0
7 2
7 3
7 5
7 168
7 66
7 224
7 163
7 11
7 189
8 0
8 2
8 3
8 239
8 195
8 254
8 138
8 169
9 0
9 240
9 190
9 222
9 37
9 260
10 0
10 157
10 277
10 127
10 291
10 144
10 34
10 108
10 96
10 280
10 22
10 114
10 247
10 245
10 151
10 95
10 217
10 75
11 0
11 4
11 272
11 182
11 111
11 34
11 18
12 0
12 2
12 3
12 5
12 7
12 279
12 273
12 165
12 293
12 127
12 152
12 188
12 143
12 198
12 124
12 193
12 31
13 0
13 10
13 18
13 290
13 109
13 64
13 178
13 172
13 96
13 70
13 162
13 191
13 227
13 98
13 239
13 140
13 217
13 9
13 182
13 152
13 249
13 262
13 76
13 299
13 190
13 255
13 292
13 23
13 165
13 202
14 0
14 10
14 6
14 208
14 84
14 94
14 217
14 33
14 39
14 105
14 41
14 290
14 298
14 269
14 214
14 278
14 243
14 21
14 259
14 171
14 248
14 213
14 172
14 212
14 242
15 0
15 2
15 3
15 5
15 7
15 257
15 157
15 87
15 164
15 37
15 132
15 117
15 182
15 69
15 45
15 42
15 235
15 242
15 75
15 265
15 40
15 47
15 190
16 0
16 2
16 3
16 5
16 7
16 12
16 254
16 29
16 20
16 95
16 240
16 136
16 277
16 284
16 297
16 74
16 280
16 18
17 0
17 2
17 3
17 8
17 174
17 78
17 54
17 279
17 40
17 185
17 58
17 106
17 194
17 119
17 86
18 0
18 2
18 3
18 8
18 17
18 4
18 6
18 155
18 255
18 162
18 92
18 247
18 98
18 125
18 262
18 114
18 58
18 231
18 84
18 63
18 36
18 121
18 205
19 0
19 2
19 3
19 5
19 7
19 12
19 16
19 88
19 22
19 182
19 86
19 227
19 206
20 0
20 2
20 3
20 5
20 7
20 12
20 85
20 270
20 251
20 26
20 119
20 167
20 60
20 174
20 269
20 78
20 299
20 256
20 132
20 284
20 142
20 136
20 14
20 285
20 62
20 130
20 266
21 0
21 2
21 3
21 5
21 7
21 12
21 16
21 89
21 81
21 82
21 247
21 105
21 4
22 0
22 2
22 3
22 5
22 7
22 12
22 285
22 189
22 8
22 131
22 246
22 31
22 40
22 216
22 289
22 262
22 295
22 233
23 0
23 2
23 3
24 0
24 9
24 297
24 228
24 272
24 252
24 88
24 203
24 155
24 43
24 212
24 15
24 82
24 166
24 160
24 246
24 198
24 279
24 173
24 50
24 224
24 176
24 282
24 149
24 193
24 12
25 0
25 1
25 14
25 299
25 205
25 213
25 115
25 35
26 0
26 2
26 89
26 93
26 82
26 245
26 80
26 174
26 39
26 22
26 9
26 107
26 36
26 229
27 0
27 9
28 0
28 2
28 3
28 8
28 37
28 42
28 117
28 272
28 294
28 169
28 39
28 168
28 236
28 152
28 114
28 211
28 128
28 109
28 9
28 287
28 181
29 0
29 2
29 3
29 5
29 7
29 12
29 16
29 21
29 253
29 119
29 223
29 209
29 39
29 144
29 88
29 153
29 206
29 184
29 109
29 35
29 262
29 70
29 174
29 171
29 246
29 8
30 0
30 2
30 26
30 189
30 271
30 142
30 155
30 16
30 144
30 99
30 161
30 260
30 290
30 259
31 0
31 2
31 3
31 5
31 7
31 12
31 20
31 271
31 98
31 267
31 174
31 49
31 68
31 58
31 118
31 96
31 199
31 288
31 237
31 152
31 150
31 295
31 34
31 213
32 0
32 2
32 3
32 8
32 28
32 276
32 76
32 210
32 107
32 72
32 90
33 0
33 2
33 26
33 108
33 166
33 120
33 17
33 154
33 31
33 212
33 3
33 146
33 13
33 207
33 74
33 49
33 239
33 199
33 221
33 64
33 194
33 102
33 168
33 288
33 196
33 297
33 233
33 109
33 229
33 55
33 181
33 240
33 131
33 27
33 231
33 162
33 97
33 81
33 193
33 296
33 153
33 37
33 214
34 0
34 2
34 3
34 8
34 17
34 125
34 237
34 69
34 185
34 296
34 152
35 0
35 2
35 3
35 8
35 17
35 18
36 0
36 1
36 43
36 31
36 197
36 185
36 166
36 186
36 103
36 28
36 158
36 151
36 41
36 269
36 76
36 282
36 19
36 25
37 0
37 2
37 3
37 5
37 7
37 12
37 254
37 205
37 290
37 103
37 227
37 59
37 105
37 73
37 280
37 131
37 257
37 221
37 188
37 260
37 249
37 154
37 104
38 0
38 2
38 3
38 5
38 7
38 12
38 20
38 31
38 152
38 200
38 173
38 35
38 66
38 9
38 191
38 250
38 255
38 41
38 261
38 69
38 29
38 217
38 182
38 44
38 256
38 195
38 276
38 121
38 100
38 133
38 172
38 124
38 1
38 251
38 264
38 84
39 0
39 2
39 3
39 5
39 7
39 12
39 20
39 31
39 38
40 0
40 9
40 27
40 122
40 49
40 130
40 34
40 200
40 219
40 42
40 181
40 249
40 56
40 30
40 236
40 2
40 173
40 203
40 214
40 110
40 4
40 282
40 193
40 141
40 207
40 127
40 260
40 184
40 45
40 228
40 116
40 196
41 0
41 9
41 27
41 40
41 147
41 196
41 291
41 285
41 34
41 293
41 213
41 156
41 89
41 210
41 191
41 140
42 0
42 9
42 27
42 43
42 127
42 56
42 14
42 208
42 218
42 32
42 210
42 283
42 102
42 145
42 244
43 0
43 10
43 13
43 75
43 103
43 139
43 166
43 152
43 91
43 26
43 76
43 154
43 53
43 246
43 16
44 0
44 2
44 3
44 8
44 17
44 18
44 224
44 233
44 100
44 256
44 136
44 146
44 243
44 174
44 207
44 119
44 114
44 178
44 130
44 30
44 29
44 28
44 81
44 93
44 58
44 293
44 76
44 23
44 266
45 0
45 2
45 3
45 5
45 7
45 12
45 22
45 276
45 275
45 58
45 135
45 114
45 233
45 57
45 14
45 129
45 151
45 79
45 265
45 165
45 48
45 261
46 0
46 1
46 127
46 23
46 118
46 228
46 143
46 84
46 201
46 180
46 111
46 254
46 29
46 34
46 92
46 243
46 31
46 217
46 88
46 165
47 0
47 2
47 3
47 53
47 108
47 235
47 192
47 8
47 179
47 188
47 84
47 277
47 280
47 160
48 0
48 2
48 3
48 5
48 7
48 12
48 20
49 0
49 2
49 3
49 5
49 7
49 12
50 0
50 4
50 11
50 230
50 68
50 135
50 226
50 113
50 109
51 0
51 9
52 0
52 2
52 3
52 8
52 17
53 0
53 2
53 3
53 5
53 7
53 12
53 16
53 21
53 29
54 0
54 2
54 3
54 8
54 17
54 18
54 169
54 146
54 218
54 134
54 49
54 61
54 263
54 168
54 250
55 0
55 9
55 27
55 40
55 41
55 33
55 217
55 43
55 94
55 193
55 96
56 0
56 2
56 3
56 8
56 17
56 18
56 54
56 199
56 246
56 270
56 140
56 299
56 60
56 174
56 263
56 163
56 259
56 247
56 184
57 0
57 2
57 3
57 5
57 7
57 12
57 16
58 0
58 2
58 3
58 23
58 93
58 98
58 78
58 163
58 176
58 40
59 0
60 0
60 10
60 13
60 43
60 248
60 64
60 161
60 228
60 115
60 260
60 215
60 61
60 155
60 27
60 47
60 167
60 196
60 217
60 265
60 65
60 14
60 208
60 183
60 117
60 4
61 0
61 2
61 3
61 8
61 157
61 4
61 72
61 256
61 56
61 137
61 139
61 207
61 142
61 270
61 229
61 69
62 0
62 2
62 3
62 8
62 12
62 189
62 220
62 287
62 213
62 51
63 0
63 10
63 13
63 43
63 158
63 59
63 23
63 226
63 68
63 91
63 283
63 290
63 148
63 41
63 234
63 74
63 261
63 296
63 221
63 131
64 0
64 2
64 3
64 23
64 58
64 224
64 127
64 74
64 120
64 67
64 110
64 290
64 117
64 1
64 4
64 57
64 270
64 229
64 88
64 202
64 111
64 59
65 0
65 2
65 3
65 8
65 62
65 126
65 252
65 244
65 213
65 28
65 265
66 0
66 1
66 36
66 141
66 174
66 56
66 59
66 60
66 131
66 58
66 158
66 295
66 191
66 48
66 159
66 45
66 94
66 15
66 298
66 23
66 26
67 0
67 2
67 3
67 5
67 7
67 12
67 16
67 21
67 214
67 202
67 181
67 270
67 51
67 100
67 56
67 174
67 233
67 283
67 117
67 240
68 0
68 2
68 3
68 8
68 17
68 34
68 10
68 229
68 64
68 60
68 268
68 138
69 0
69 9
69 51
69 155
69 296
69 248
69 184
69 28
69 68
69 220
69 254
69 192
69 95
69 116
69 288
70 0
70 2
70 95
70 298
70 51
70 92
70 189
70 80
70 123
70 62
70 104
70 205
70 136
71 0
71 2
71 3
71 5
71 7
71 12
71 49
71 299
71 255
71 72
71 228
71 90
71 144
71 53
71 116
71 233
71 141
71 207
72 0
72 2
72 3
72 8
72 28
72 236
72 285
72 42
72 182
72 199
72 296
72 177
72 26
72 35
72 189
72 232
72 20
72 283
72 131
72 271
72 260
72 219
72 234
72 154
72 122
72 86
72 220
72 48
72 294
73 0
73 4
73 58
73 33
73 121
73 267
73 14
73 123
74 0
74 2
74 3
74 6
74 121
74 7
74 196
74 279
74 286
74 252
74 294
74 208
74 236
74 228
74 250
75 0
75 2
75 3
75 8
75 28
75 94
75 177
75 273
75 169
75 271
75 180
75 212
75 255
75 238
75 191
75 65
76 0
76 2
76 3
76 47
76 141
76 111
76 252
76 279
76 21
76 42
76 67
76 147
76 124
76 239
76 260
76 53
76 119
76 275
76 59
76 17
76 280
76 190
77 0
77 2
77 3
77 8
77 61
77 86
77 120
77 150
77 146
77 22
77 66
77 48
77 129
77 54
77 170
77 142
77 174
77 194
77 104
77 196
78 0
78 2
78 3
78 5
78 7
78 12
78 16
78 21
78 29
78 53
78 252
78 43
78 267
78 6
78 116
78 270
79 0
79 2
79 3
79 5
79 7
79 12
80 0
80 2
80 3
80 6
81 0
81 1
81 36
82 0
82 2
82 3
82 8
82 61
82 77
82 274
82 183
82 246
82 14
82 95
82 93
82 287
82 202
82 146
82 50
82 104
83 0
83 9
83 27
83 40
83 41
83 35
83 104
83 6
83 125
83 288
83 223
83 280
83 67
83 203
83 22
83 117
83 26
84 0
84 1
84 46
84 254
84 198
84 100
84 106
84 67
84 161
85 0
85 9
85 27
85 154
85 137
85 285
85 86
85 299
85 180
85 260
85 167
85 257
85 79
85 163
85 240
86 0
86 2
86 70
86 25
86 52
86 108
86 7
86 39
86 181
87 0
87 2
87 3
87 5
87 7
87 12
87 16
87 19
87 162
87 135
87 36
87 40
87 146
87 284
88 0
88 10
88 13
88 43
88 63
88 149
88 280
88 262
88 148
88 113
88 238
88 52
88 98
88 112
88 204
88 89
88 172
88 16
88 156
88 94
88 28
88 186
88 54
88 168
88 267
88 31
89 0
89 9
89 27
89 40
89 41
89 263
89 232
89 188
89 4
89 299
89 74
90 0
90 2
90 3
90 47
90 76
90 41
90 33
90 142
90 110
90 166
90 184
90 173
90 275
90 228
90 113
90 60
90 37
90 199
90 167
90 180
90 10
90 67
90 63
90 297
90 38
90 183
90 181
90 65
91 0
91 1
91 46
91 297
91 191
91 238
91 271
91 18
91 225
91 156
91 229
91 27
91 28
91 154
91 68
91 109
91 248
91 14
91 93
91 2
91 23
91 136
91 129
91 197
91 260
91 64
91 33
91 70
91 249
91 182
92 0
92 2
92 3
92 8
92 62
92 130
92 209
92 248
92 178
92 6
92 131
93 0
93 4
93 11
93 104
93 133
93 68
93 124
93 67
93 19
93 130
93 259
93 247
93 185
93 298
93 188
93 150
93 147
93 10
93 118
93 196
93 203
94 0
94 2
94 3
94 8
94 62
94 65
94 181
94 107
94 180
94 281
94 207
94 52
94 144
94 257
94 44
94 170
94 186
94 286
94 168
94 108
94 68
94 274
94 51
94 174
95 0
95 2
95 3
95 8
95 61
96 0
96 2
97 0
97 9
97 98
97 82
97 148
97 247
97 79
97 299
97 170
97 50
97 151
97 224
97 212
97 17
98 0
98 2
98 3
98 8
98 28
98 72
98 32
98 107
98 134
98 71
98 186
98 137
98 37
98 48
98 23
98 123
98 247
99 0
99 2
99 26
99 33
99 86
99 278
99 277
99 269
99 76
99 236
99 121
99 218
99 124
99 104
99 153
99 247
99 296
99 34
99 288
99 224
99 44
99 253
100 0
100 1
100 46
100 167
100 73
100 105
100 155
100 47
100 172
100 212
100 147
100 291
100 16
100 153
100 92
100 281
100 263
100 283
100 238
100 236
101 0
101 2
101 3
101 5
101 7
101 12
101 16
101 102
101 247
101 197
101 90
101 97
101 235
101 284
101 256
101 261
101 44
101 175
101 76
101 98
101 244
101 70
101 297
101 26
101 11
101 120
101 245
101 159
101 13
101 271
101 224
102 0
102 2
102 3
102 8
102 28
102 110
102 233
102 166
102 103
102 227
102 258
102 32
102 186
102 224
102 53
102 165
102 119
102 194
102 113
102 193
102 181
102 188
102 232
103 0
103 9
103 27
103 195
103 280
103 18
103 218
103 136
103 47
103 130
103 294
103 74
103 90
103 145
103 51
104 0
104 2
104 3
104 23
104 58
104 64
104 267
104 149
104 246
104 175
104 108
104 296
105 0
105 2
105 70
105 86
105 118
105 259
105 156
105 92
105 66
105 125
106 0
106 2
106 100
106 296
106 249
106 97
106 233
106 47
106 8
106 184
106 68
106 131
106 126
106 146
106 231
106 39
106 82
106 19
106 70
107 0
107 2
107 3
107 5
107 7
107 12
107 16
107 21
107 67
107 10
107 115
107 174
107 47
107 52
107 229
108 0
108 10
108 13
108 43
108 63
108 88
108 138
108 4
108 11
108 111
108 251
108 255
109 0
109 2
109 3
109 5
109 7
109 12
109 16
109 21
109 29
109 53
109 253
109 4
109 291
109 112
109 255
109 44
110 0
110 10
110 13
110 43
110 63
110 166
110 206
110 145
110 177
110 66
110 41
110 240
110 12
110 8
110 173
110 184
110 83
110 151
110 234
110 221
110 284
111 0
111 1
111 36
111 81
111 272
111 176
111 30
111 112
111 252
111 280
111 85
111 121
111 46
111 276
111 261
111 172
111 146
111 114
111 56
111 214
111 284
112 0
112 2
112 26
112 33
112 99
113 0
113 2
113 3
113 8
113 17
113 18
113 102
113 38
113 282
113 157
113 219
113 255
113 291
113 269
113 235
113 5
113 213
113 221
113 143
113 254
113 273
113 43
113 272
113 197
113 42
113 46
113 211
114 0
114 2
114 3
114 5
114 7
114 12
114 20
114 31
114 38
114 39
114 67
114 136
114 126
114 25
114 164
114 256
114 76
114 179
114 81
114 208
115 0
115 4
115 11
115 93
115 83
115 28
115 167
115 103
115 42
115 186
115 174
115 285
115 68
115 286
115 278
115 265
115 260
115 24
115 176
115 212
115 51
115 210
115 145
115 236
115 169
115 108
115 33
116 0
116 4
116 11
116 234
116 49
116 224
116 218
116 235
116 247
116 289
116 196
116 144
116 53
116 266
116 263
116 185
116 220
116 200
116 110
116 142
116 106
116 87
116 121
116 39
116 216
116 23
117 0
117 2
117 3
117 6
117 74
118 0
118 9
118 27
118 40
118 164
118 108
118 140
118 262
118 190
118 134
118 272
118 72
118 68
118 88
118 243
118 193
118 91
118 211
118 43
118 287
118 133
119 0
119 2
119 3
119 5
119 7
119 12
119 284
119 247
119 191
119 152
119 271
119 211
119 113
119 288
119 35
119 52
119 8
119 238
119 295
119 114
119 123
119 109
119 193
119 33
120 0
120 2
120 3
120 5
120 7
120 12
120 16
120 57
120 32
120 283
120 54
120 197
120 126
120 139
120 152
120 295
120 156
120 292
120 179
120 55
120 198
120 213
120 115
120 280
121 0
121 10
121 14
121 225
121 269
121 196
121 194
121 86
121 289
121 28
121 30
121 17
121 53
121 168
121 59
121 61
121 98
121 271
121 237
121 192
121 165
121 73
121 52
121 97
121 277
121 44
122 0
122 1
122 25
122 143
122 31
122 37
122 259
122 225
122 260
123 0
123 4
123 73
124 0
124 2
124 3
124 5
124 7
124 12
124 16
124 21
124 29
124 53
124 78
124 40
124 275
124 215
124 246
124 238
124 201
124 261
124 86
124 293
124 150
124 136
124 272
125 0
125 9
125 27
125 103
125 247
125 75
125 108
125 19
125 265
125 46
126 0
126 2
126 3
126 8
126 62
126 65
126 207
126 287
126 196
126 49
126 175
126 291
126 146
126 262
126 17
126 12
126 233
126 170
127 0
127 2
127 96
127 3
127 18
127 197
127 220
127 188
127 73
127 155
127 28
127 47
127 23
127 159
128 0
128 9
128 27
128 40
128 118
128 56
128 157
128 219
128 83
128 3
129 0
129 2
129 3
129 5
129 7
129 12
129 20
129 48
130 0
130 2
130 3
130 8
130 28
130 102
130 33
130 253
130 120
130 217
130 62
130 202
130 223
130 46
130 258
130 50
130 151
130 57
130 84
130 158
130 221
130 1
130 225
130 284
131 0
131 10
131 13
131 43
131 63
131 88
132 0
132 2
132 3
132 5
132 7
132 12
132 49
132 17
132 56
132 181
132 184
132 97
132 186
132 28
132 125
132 253
132 57
132 88
132 69
132 142
132 1
132 25
132 16
133 0
133 9
133 27
133 40
133 41
133 89
133 269
133 53
133 204
133 181
133 194
133 205
133 265
133 137
133 14
133 203
133 200
133 180
133 172
133 42
133 165
133 290
133 152
133 278
134 0
134 2
134 3
134 8
135 0
135 2
135 3
135 8
135 61
135 95
135 171
135 122
135 32
135 139
135 38
135 18
136 0
136 9
136 51
137 0
137 9
137 27
137 42
138 0
138 1
138 36
139 0
139 2
139 3
139 5
139 7
139 12
139 16
139 21
139 67
139 107
139 47
139 299
139 290
139 296
139 71
139 39
139 195
139 150
139 6
139 104
139 88
140 0
140 4
140 73
140 123
140 53
140 258
140 85
140 196
140 5
140 291
140 198
140 171
140 234
140 297
140 156
140 116
141 0
141 2
141 3
141 5
141 7
141 12
141 16
141 21
141 67
141 107
141 139
141 179
141 104
141 178
141 84
141 235
141 102
142 0
142 2
142 3
142 5
142 7
142 12
142 16
142 21
142 29
142 53
142 109
142 64
142 84
142 68
142 211
142 256
142 205
143 0
143 10
143 14
143 121
143 75
143 193
143 101
143 82
143 263
143 133
144 0
144 270
144 44
144 214
144 115
144 129
144 142
145 0
145 10
145 14
145 121
145 23
145 73
145 201
145 281
146 0
146 2
146 3
146 5
146 7
146 12
146 20
146 31
146 38
146 39
146 250
146 179
146 65
146 196
146 204
146 99
147 0
147 9
147 27
147 42
147 137
147 172
147 201
147 194
147 110
147 165
147 229
147 20
147 247
147 189
147 266
147 199
148 0
148 2
148 3
148 5
148 7
148 12
148 16
148 21
148 29
148 53
148 78
148 284
148 57
148 77
148 153
148 122
148 292
149 0
149 1
149 36
149 185
149 127
149 193
149 233
149 66
149 17
150 0
150 9
150 27
150 85
150 257
150 168
150 29
150 119
150 50
150 14
151 0
151 2
151 3
151 8
151 62
151 65
151 126
151 17
151 160
151 228
151 201
151 190
152 0
152 2
152 3
152 5
152 7
152 12
152 20
152 137
152 243
152 149
152 296
152 218
152 100
152 55
152 249
152 191
152 11
152 15
152 53
152 109
152 98
152 205
152 78
152 268
152 153
152 269
152 198
152 279
152 92
153 0
153 2
153 3
153 5
153 7
153 12
153 49
153 132
153 173
153 198
153 171
153 252
153 158
153 276
154 0
154 2
154 3
154 5
154 7
154 12
154 20
154 31
154 38
154 39
154 114
154 33
154 65
154 100
154 170
154 81
154 295
154 24
154 6
154 44
154 227
154 90
154 113
154 129
154 262
154 203
154 297
154 251
154 77
154 228
154 275
154 50
154 246
154 123
154 35
154 45
154 223
154 237
154 192
155 0
155 1
155 36
155 149
155 220
155 59
155 164
155 12
155 73
155 230
155 142
155 43
155 5
155 232
155 160
155 250
155 244
155 145
155 56
155 23
155 79
155 87
155 182
155 39
155 125
155 153
155 262
155 297
155 19
155 278
155 178
155 203
156 0
156 2
156 3
156 5
156 7
156 12
156 16
156 21
156 67
156 185
156 70
156 59
156 95
156 135
156 196
156 127
156 17
156 212
156 290
156 106
156 55
157 0
157 9
157 27
157 40
157 114
157 231
157 190
157 220
157 102
157 85
158 0
158 2
158 3
158 8
158 62
158 65
158 126
158 151
158 51
158 104
158 139
158 231
158 143
158 98
158 284
158 214
158 213
158 271
158 283
158 58
158 218
158 124
158 49
158 20
158 197
158 260
158 195
158 26
159 0
159 9
159 27
159 40
159 68
159 285
159 193
159 190
159 267
159 146
159 54
159 150
159 291
159 62
159 259
159 165
160 0
160 10
160 14
160 275
160 85
160 268
160 23
161 0
161 10
161 13
161 43
161 60
161 64
161 237
161 102
161 2
161 76
161 233
161 30
161 293
161 243
161 127
161 68
161 159
161 284
161 166
161 27
161 71
161 70
161 276
161 174
161 139
161 200
161 205
162 0
162 1
162 25
162 266
162 50
162 147
162 150
162 123
162 161
163 0
163 2
163 96
163 127
163 291
163 16
163 194
163 174
163 177
163 180
164 0
164 9
164 27
164 103
164 125
165 0
165 1
165 36
165 64
165 9
165 119
165 245
165 14
165 41
166 0
166 2
166 3
166 5
166 7
166 12
166 20
166 152
166 173
166 235
166 199
166 210
166 106
166 85
166 255
166 77
166 295
166 96
166 11
166 217
167 0
167 2
167 3
167 5
167 7
167 12
167 16
167 21
167 29
167 53
167 109
167 142
167 127
167 169
167 151
167 22
167 11
167 239
167 14
167 9
167 69
167 73
167 254
167 30
167 182
167 171
167 71
167 126
167 262
167 206
167 181
167 99
167 242
167 47
168 0
168 2
168 3
168 5
168 7
168 12
168 16
168 21
168 29
168 59
168 23
168 174
168 54
168 165
168 50
168 263
168 17
168 130
168 265
168 137
168 251
168 159
168 231
168 235
168 30
168 180
168 138
168 87
168 118
168 99
168 257
168 65
168 273
168 183
168 228
169 0
169 2
169 70
169 86
169 105
169 41
169 96
169 132
169 143
169 289
169 160
169 187
169 100
169 265
169 282
169 33
169 195
169 76
169 64
169 172
169 235
170 0
170 10
170 13
170 43
170 63
170 88
170 108
170 55
170 239
170 160
170 92
170 267
170 71
171 0
171 2
171 3
171 5
171 7
171 12
171 20
171 48
171 129
172 0
172 2
172 3
172 8
172 62
172 65
172 126
172 151
172 158
172 1
172 136
172 289
172 48
172 67
172 262
172 212
172 181
172 278
172 224
172 86
172 189
172 295
172 79
172 286
172 232
172 38
172 36
172 274
172 263
172 207
172 69
172 7
173 0
173 10
173 14
173 121
173 289
173 113
173 290
173 240
173 82
173 238
173 266
173 166
173 35
173 63
173 8
174 0
174 10
174 13
174 43
174 63
174 88
174 131
174 5
174 42
174 108
174 261
174 12
174 189
174 100
174 1
174 180
174 84
174 268
174 45
174 224
174 287
174 57
174 124
174 141
174 168
174 68
174 290
174 36
174 211
175 0
175 2
175 26
175 33
175 99
175 112
176 0
176 1
176 46
176 100
176 174
176 270
176 140
176 280
176 29
177 0
177 2
177 3
177 8
177 61
177 139
177 249
177 213
177 155
177 205
177 91
177 144
177 258
177 233
177 143
178 0
178 9
178 27
178 40
179 0
179 2
179 70
179 260
179 274
179 60
179 245
179 127
179 155
179 255
179 142
179 43
179 161
179 186
180 0
180 10
180 13
180 43
180 60
180 16
180 7
180 158
180 42
180 110
180 196
180 209
180 168
180 6
180 75
180 164
180 64
180 40
180 216
180 234
180 123
180 67
180 38
180 66
180 225
180 148
180 27
180 238
180 99
180 161
180 255
180 289
180 177
180 172
181 0
181 1
181 46
181 100
181 176
182 0
182 2
182 3
182 5
182 7
182 12
182 20
182 31
182 38
182 39
182 146
182 98
182 183
182 8
182 193
182 230
182 286
182 244
182 228
182 219
182 291
182 245
182 87
182 273
182 159
182 37
182 95
182 96
182 110
183 0
183 10
183 13
183 43
183 272
183 137
183 211
183 56
183 15
183 135
183 110
183 123
183 245
183 239
183 296
183 293
183 215
183 77
183 62
183 246
183 127
184 0
184 2
184 3
184 6
184 77
184 215
184 146
184 20
184 292
184 139
184 166
184 299
184 36
184 230
184 263
184 239
185 0
185 2
185 3
185 5
185 7
185 15
185 126
185 170
185 264
185 130
185 117
185 281
185 187
185 72
185 68
185 109
185 277
185 156
185 177
185 25
185 279
185 197
185 31
185 178
185 96
185 190
185 288
185 16
185 242
186 0
186 2
186 3
186 5
186 7
186 12
186 16
186 57
186 120
186 119
186 188
186 81
186 60
186 15
186 75
186 96
186 193
186 274
186 25
186 283
186 270
187 0
187 9
187 27
187 40
187 41
187 55
187 60
187 136
187 178
187 276
187 157
187 191
187 258
187 8
187 84
187 13
187 233
187 231
187 253
187 118
187 192
187 54
187 188
187 291
187 235
187 44
187 270
187 266
187 250
188 0
188 4
188 11
188 93
188 217
188 266
188 280
188 238
188 142
188 45
189 0
189 2
189 3
189 5
189 7
189 12
189 16
189 19
189 87
189 131
189 220
189 296
189 106
189 31
189 45
189 212
189 232
189 221
189 159
189 96
190 0
190 1
190 36
190 165
190 210
190 9
190 38
190 66
190 200
190 137
191 0
191 2
191 3
191 8
191 62
191 92
191 10
191 298
191 59
191 121
191 210
191 215
192 0
192 59
193 0
193 9
193 27
193 40
193 41
193 83
193 8
193 194
193 136
193 171
193 177
193 99
193 50
193 146
193 207
193 212
193 183
193 127
193 253
193 206
193 257
193 113
193 234
194 0
194 2
194 3
194 5
194 38
194 262
194 217
194 200
194 48
194 100
194 91
194 92
194 181
194 193
194 263
195 0
195 4
195 73
195 152
195 141
195 197
195 37
195 74
195 32
196 0
196 2
196 3
196 5
196 7
196 12
196 49
196 71
197 0
197 10
197 13
197 43
197 60
197 166
197 59
197 290
197 246
197 152
197 224
198 0
198 2
198 70
198 86
198 105
198 256
198 10
198 62
198 77
198 238
198 190
198 95
198 234
198 100
198 84
198 218
198 53
199 0
199 2
199 3
199 5
199 7
199 12
199 20
199 31
199 38
199 39
199 270
199 218
199 237
199 100
199 183
199 127
199 179
199 89
199 11
199 47
199 75
199 256
199 189
199 124
199 134
199 8
199 244
199 282
200 0
200 2
200 3
200 5
200 7
200 12
200 20
200 152
200 50
200 196
200 201
200 156
200 227
200 115
201 0
201 2
201 3
201 23
201 14
201 93
201 86
201 24
201 287
201 153
201 100
201 78
201 200
201 91
201 39
201 55
201 18
201 92
201 96
201 261
201 241
201 146
201 206
201 142
201 59
201 188
202 0
202 2
202 3
202 8
202 61
202 145
202 117
202 80
202 89
202 157
202 114
203 0
203 4
203 73
203 123
203 125
203 18
203 240
203 92
203 64
203 163
204 0
204 2
204 26
204 261
204 206
204 90
204 248
204 182
204 23
204 14
204 45
204 285
204 225
204 9
205 0
205 2
205 70
205 86
205 130
205 69
205 146
205 56
205 29
206 0
206 2
206 70
206 86
206 105
206 198
206 10
206 110
206 274
206 181
206 252
206 190
206 208
206 69
206 268
206 21
206 123
207 0
207 1
207 46
207 108
207 159
207 67
207 180
207 246
207 113
207 262
207 279
207 140
207 7
208 0
208 1
208 50
208 193
208 211
208 185
208 203
208 173
209 0
209 1
209 36
209 165
209 190
209 270
209 29
209 87
209 62
209 94
209 272
209 262
209 267
209 30
209 188
209 246
210 0
210 2
210 3
210 5
210 7
210 12
210 20
210 279
210 188
210 215
210 220
210 88
210 143
210 256
210 253
210 248
210 260
210 83
210 110
211 0
211 1
211 25
211 162
211 7
211 98
211 216
211 15
211 13
211 247
211 278
211 106
211 206
211 285
212 0
212 2
212 3
212 5
212 7
212 12
212 37
212 18
212 146
212 103
212 15
212 56
212 92
213 0
213 4
213 11
213 93
213 115
213 209
213 9
213 124
213 143
213 98
213 232
213 287
213 46
213 154
213 246
213 234
213 133
213 2
213 265
213 297
213 275
213 160
213 7
213 200
213 33
213 149
213 170
213 233
214 0
214 2
214 3
214 5
214 7
214 12
214 16
214 21
214 29
214 115
214 154
214 142
214 144
214 91
214 80
215 0
215 2
215 3
215 8
215 17
215 133
215 164
215 175
215 62
215 119
215 114
215 263
215 296
215 254
215 192
215 99
215 202
215 234
215 294
215 275
215 102
215 66
215 171
215 69
215 153
215 90
215 231
215 93
215 242
216 0
216 1
216 36
216 165
216 75
216 157
216 206
216 47
216 189
216 198
217 0
217 2
217 3
217 5
217 7
217 12
217 16
217 21
217 155
217 234
217 170
217 93
217 48
217 63
217 44
217 253
217 190
217 246
217 183
218 0
218 2
218 3
218 23
218 58
218 64
218 104
219 0
219 2
219 3
219 5
219 7
219 12
219 16
219 19
219 87
219 133
219 115
219 274
219 95
219 218
219 26
219 14
219 181
219 204
219 40
219 110
219 275
219 84
219 170
219 22
219 142
219 38
219 58
219 299
219 131
219 175
219 171
220 0
220 10
220 13
220 43
220 63
220 88
220 108
220 170
220 280
220 145
220 118
220 274
220 15
221 0
221 4
221 73
221 99
221 27
221 62
221 289
221 80
221 25
222 0
222 9
222 27
222 103
222 125
222 88
222 25
222 244
222 50
222 249
222 138
222 239
222 286
222 226
222 141
222 74
222 162
223 0
223 1
224 0
224 2
224 3
224 47
224 76
224 90
224 77
224 65
224 28
224 38
224 282
224 142
225 0
225 2
225 3
225 8
225 134
225 182
225 262
225 157
225 201
225 228
225 214
225 172
225 89
225 149
225 74
225 124
226 0
226 1
226 36
226 165
226 228
226 209
226 284
226 263
226 291
226 81
227 0
227 2
227 3
227 5
227 7
227 12
227 16
227 21
227 67
227 107
227 139
227 252
227 108
227 163
227 219
227 262
227 246
227 281
227 276
227 218
227 18
227 200
227 141
228 0
228 2
228 70
228 86
228 205
228 18
228 37
228 77
228 32
228 255
228 224
229 0
229 2
229 26
229 267
229 279
229 11
229 155
229 15
229 181
229 144
229 41
229 222
229 253
229 85
229 271
229 180
229 171
229 83
229 202
229 33
230 0
230 10
230 14
230 223
230 122
230 46
230 38
230 212
230 180
231 0
231 1
231 36
231 81
232 0
232 4
232 11
232 93
232 115
232 75
232 240
232 64
232 295
232 35
232 189
233 0
233 4
233 11
233 50
233 5
233 81
233 20
233 9
233 207
233 276
234 0
234 9
234 27
234 85
234 152
234 45
234 275
234 61
234 246
234 107
234 235
234 201
234 66
234 211
234 153
234 194
234 198
234 82
234 195
234 31
234 123
234 5
234 220
234 262
234 1
234 106
234 68
234 64
234 297
234 117
234 190
234 294
234 125
235 0
235 4
235 11
235 93
235 115
235 213
235 236
235 274
235 152
235 148
235 92
235 256
236 0
236 2
236 3
236 5
236 7
236 12
236 16
236 19
236 87
236 75
236 10
236 283
236 108
236 163
236 299
236 277
236 59
236 248
236 170
236 132
236 40
236 211
236 98
236 293
236 101
236 281
236 99
236 97
236 261
236 153
236 58
237 0
237 2
237 3
237 5
237 7
237 12
237 258
237 177
237 39
237 279
237 15
237 45
237 131
237 84
237 206
237 6
237 57
237 249
237 210
237 182
237 205
237 156
237 142
237 276
237 179
237 61
237 255
237 103
237 111
237 53
237 246
237 264
237 109
237 167
237 164
237 282
237 196
237 218
237 127
237 22
238 0
238 9
238 27
238 42
238 137
238 147
238 213
238 170
238 74
238 72
238 56
238 73
238 221
238 227
238 54
238 58
238 78
239 0
239 4
239 73
239 123
239 203
239 82
239 48
239 258
239 150
239 189
239 236
240 0
240 2
240 3
240 8
240 17
240 18
240 231
240 28
240 38
240 271
240 9
240 285
241 0
241 2
241 3
241 5
241 7
241 12
241 20
241 48
241 129
241 171
241 114
241 98
241 61
241 118
241 143
241 1
241 142
241 85
241 225
241 215
241 209
242 0
242 2
242 3
242 8
242 28
242 102
243 0
243 2
243 3
243 5
243 7
243 12
243 20
243 31
243 38
243 39
243 114
243 140
243 185
243 159
243 107
243 266
243 149
243 115
243 195
243 299
243 87
243 194
243 257
243 170
243 30
243 130
243 106
243 134
243 40
243 109
243 164
243 236
243 151
244 0
244 2
244 3
244 5
244 7
244 12
244 16
244 57
244 113
244 79
244 187
244 183
244 36
244 233
244 108
244 278
244 99
244 269
244 264
244 276
244 20
244 164
244 85
244 295
244 13
244 231
244 98
244 100
244 196
244 145
244 193
244 73
244 220
244 219
244 227
245 0
245 2
245 3
245 5
245 7
245 12
245 20
245 152
245 166
245 103
245 196
245 116
245 154
245 59
245 141
245 209
245 219
245 268
246 0
246 2
246 3
246 5
246 7
246 12
246 16
246 21
246 67
246 107
246 139
246 227
246 25
246 88
246 243
246 125
246 267
246 250
246 101
246 248
246 34
246 260
246 133
247 0
247 2
247 3
247 5
247 7
247 12
247 16
247 21
247 67
247 156
247 34
247 20
247 84
247 70
247 42
247 198
248 0
248 2
248 3
248 5
248 7
248 12
248 37
248 117
248 33
248 237
248 261
248 136
248 94
249 0
249 2
249 26
249 33
250 0
250 2
250 3
250 8
250 62
250 92
250 179
250 234
250 230
250 284
250 193
250 167
251 0
251 2
251 3
251 23
251 58
251 64
252 0
252 9
252 27
252 40
252 178
252 233
252 12
252 64
252 235
252 219
252 135
253 0
253 2
253 3
253 5
253 7
253 12
253 16
253 57
253 244
253 53
253 18
253 207
253 206
253 174
253 13
253 284
253 164
253 155
253 63
253 4
254 0
254 2
254 3
254 8
254 28
254 72
254 98
254 208
254 267
254 156
254 199
254 35
254 242
255 0
255 10
255 13
255 43
255 63
255 88
255 108
255 120
255 11
255 204
255 243
255 252
255 47
255 2
255 270
255 189
255 146
255 58
255 280
256 0
256 2
256 70
256 86
256 205
256 282
256 258
256 136
256 98
256 92
256 41
256 55
256 123
256 113
256 30
256 57
256 271
257 0
257 2
257 70
257 86
257 156
257 217
257 160
257 281
257 182
257 174
257 53
257 142
257 260
258 0
258 1
258 36
258 66
259 0
259 2
259 3
259 5
259 7
259 12
259 20
260 0
260 2
260 170
260 12
260 89
260 165
260 221
260 105
261 0
261 2
261 3
261 8
261 61
261 37
261 160
261 7
261 89
261 190
261 174
261 57
261 196
261 38
261 125
261 87
261 268
261 258
261 275
261 11
261 16
261 183
261 71
262 0
262 2
262 3
262 5
262 7
262 12
262 16
262 21
262 67
262 107
262 139
262 227
262 152
262 265
262 172
262 197
262 291
263 0
263 2
263 3
263 6
263 184
263 186
263 70
263 25
263 97
263 232
264 0
264 2
264 3
264 8
264 134
264 185
264 192
264 1
264 57
264 292
264 94
265 0
265 2
265 3
265 5
265 7
265 12
265 22
265 45
265 63
265 272
265 227
265 58
265 143
266 0
266 4
266 73
266 221
267 0
267 9
267 27
267 40
267 118
267 198
267 263
267 48
267 164
267 46
267 3
268 0
268 2
268 3
268 5
268 7
268 12
268 16
268 57
268 182
268 11
268 116
268 110
268 69
268 223
268 56
268 229
268 136
268 287
268 242
269 0
269 2
269 3
269 47
269 76
269 32
269 143
269 189
269 17
269 213
269 282
269 90
269 55
269 93
269 31
269 112
269 199
269 221
269 40
269 229
269 201
269 159
269 267
269 108
269 237
269 52
270 0
270 2
270 3
270 5
270 7
270 12
270 20
270 31
270 38
270 39
270 199
270 277
270 11
270 109
270 9
270 241
270 115
271 0
271 2
271 26
271 33
271 99
271 112
271 175
271 1
271 116
271 267
271 117
271 247
271 196
271 187
271 295
271 202
271 154
271 58
271 6
272 0
272 2
272 3
272 5
272 7
272 12
272 16
272 21
272 29
272 53
272 109
272 69
272 244
272 262
272 267
272 236
272 252
272 206
272 181
272 131
272 15
272 174
272 285
272 70
272 169
272 250
272 127
272 227
272 85
272 119
272 20
272 50
272 189
272 96
272 172
272 44
272 268
272 260
273 0
273 9
273 27
273 42
273 137
273 147
274 0
274 9
274 27
274 103
274 125
274 49
274 73
274 146
274 184
274 195
274 8
274 272
274 64
274 58
274 259
274 57
274 168
274 34
274 224
274 124
274 228
275 0
275 2
275 198
275 249
275 136
275 24
275 164
275 277
275 112
275 30
275 59
275 67
275 273
275 255
276 0
276 2
276 3
276 8
276 17
276 18
276 113
276 285
276 94
276 49
276 218
276 86
277 0
277 9
277 27
277 40
277 118
277 128
277 12
277 176
277 76
277 135
277 112
277 147
277 263
277 157
277 96
277 244
277 121
277 100
278 0
278 2
278 3
278 23
278 58
278 64
278 251
278 272
278 141
278 108
278 206
278 47
278 175
279 0
279 2
279 3
279 47
279 134
279 63
279 209
279 72
279 98
279 108
279 244
279 103
279 169
279 81
279 50
279 136
280 0
280 10
280 13
280 43
280 63
280 88
280 131
280 174
280 215
280 178
280 98
280 22
280 169
280 278
280 185
280 61
280 227
280 222
280 16
280 41
280 242
280 71
280 24
280 151
280 113
280 93
280 267
280 184
280 294
280 190
280 54
280 246
280 244
280 76
280 288
280 296
281 0
281 10
281 14
281 121
281 173
281 78
281 118
281 299
281 236
281 113
281 184
282 0
282 9
282 27
282 40
282 143
282 291
282 28
282 187
282 241
282 221
282 119
282 157
282 167
282 219
282 118
283 0
283 2
283 3
283 8
283 28
283 72
283 61
283 11
283 161
283 181
283 293
284 0
284 2
284 3
284 5
284 7
284 12
284 16
284 19
284 87
284 292
284 267
284 299
284 211
284 148
284 183
284 144
284 88
284 46
284 169
284 50
284 69
285 0
285 2
285 142
285 178
285 18
285 108
285 235
285 265
285 21
285 165
285 3
285 62
285 132
285 45
285 57
285 43
285 66
285 278
285 225
285 248
286 0
286 4
286 73
286 50
286 119
286 101
286 104
286 222
286 219
287 0
287 10
287 13
287 43
287 183
288 0
288 2
288 3
288 5
288 7
288 12
288 20
288 48
288 129
288 171
288 51
288 277
288 62
288 162
288 164
288 261
288 224
288 142
288 286
288 107
288 222
288 168
289 0
289 2
289 3
289 8
289 62
289 65
289 126
289 151
289 158
289 172
289 196
289 159
289 226
289 138
289 168
289 285
289 101
289 185
289 174
289 288
289 254
289 282
289 291
289 268
289 60
290 0
290 2
290 3
290 5
290 7
290 12
290 16
290 21
290 67
290 107
290 139
290 104
290 222
290 57
290 291
290 185
290 196
290 201
290 148
290 111
290 155
290 88
291 0
291 2
291 3
291 5
291 7
291 12
291 16
291 21
291 67
291 107
291 139
291 227
291 246
292 0
292 2
292 3
292 5
292 7
292 12
292 16
292 21
292 29
292 53
292 78
292 124
292 68
292 264
292 172
292 242
292 169
292 219
293 0
293 2
293 3
293 8
293 28
293 72
293 283
293 270
293 32
293 33
293 164
293 80
293 212
293 108
293 183
293 182
293 27
293 73
293 127
293 114
293 90
293 163
293 171
293 199
293 177
294 0
294 1
294 36
294 214
294 184
294 276
294 296
294 268
294 221
294 23
294 271
294 280
294 236
294 181
294 234
295 0
295 9
295 27
295 40
295 41
295 55
295 187
295 245
295 238
295 54
295 247
295 141
295 280
295 249
295 79
295 145
295 202
295 174
295 147
296 0
296 2
296 3
296 8
296 62
296 65
296 126
296 151
296 158
296 172
296 289
296 114
296 295
296 86
296 148
296 48
296 201
296 227
296 131
296 242
296 298
296 89
296 74
296 127
296 247
296 55
296 249
296 159
296 244
297 0
297 2
297 3
297 23
297 216
297 181
297 240
297 194
297 75
297 299
297 290
297 105
297 237
297 279
297 267
297 277
297 144
297 190
297 257
297 127
297 202
297 39
298 0
298 287
298 117
298 144
298 104
298 150
298 168
298 276
298 292
298 145
298 40
298 190
299 0
299 2
299 3
299 8
299 61
299 77
299 82
299 271
299 145
299 38
299 220
299 28
299 78
299 30
299 242
299 192
299 142
299 178
299 266
299 42
299 33
299 86
299 120
299 236
299 12
299 191
299 52
299 17
299 224
299 27
299 81
