1 122
1 212
1 279
1 276
1 53
2 1
4 1
4 84
4 239
5 1
5 192
5 118
5 145
12 1
12 5
13 1
13 228
13 216
13 100
13 262
13 290
14 1
14 224
14 256
15 1
15 2
15 45
15 275
15 212
17 1
17 262
17 50
17 255
17 128
17 219
18 1
18 5
18 50
18 239
18 119
18 54
19 1
19 5
19 187
19 82
19 92
19 44
19 122
19 239
19 110
21 1
21 2
21 291
21 236
21 276
21 155
27 290
27 250
27 183
30 1
30 185
30 119
30 96
30 278
30 85
30 27
31 1
31 2
31 15
31 187
31 190
31 160
31 189
31 100
31 224
32 1
32 17
32 43
32 246
32 255
32 284
33 1
33 2
34 1
34 2
34 164
34 58
34 288
34 63
34 284
34 248
34 96
34 160
34 258
34 221
43 1
43 18
43 268
43 30
44 1
44 115
44 290
44 255
44 32
45 1
45 4
45 108
45 82
45 34
45 85
45 257
45 212
45 72
45 119
45 2
45 30
45 207
45 142
46 1
46 2
46 21
46 266
46 27
47 1
47 5
47 279
47 73
47 164
47 143
47 100
47 66
47 163
47 192
47 19
47 154
47 45
50 1
50 2
50 15
50 268
50 143
50 73
50 116
50 172
51 1
51 2
52 1
52 4
52 152
52 59
52 266
52 226
52 190
53 1
53 14
54 1
54 2
58 1
58 5
58 18
58 63
58 227
59 1
59 2
59 15
59 169
59 51
63 1
65 1
65 2
65 54
65 119
66 1
66 5
66 18
66 58
68 1
68 2
68 65
70 1
70 2
70 15
70 50
70 19
70 116
70 136
70 224
72 1
72 2
72 15
72 284
72 152
73 1
73 2
74 1
74 247
74 145
75 1
75 5
78 1
78 2
82 1
82 5
83 1
84 1
84 14
84 53
84 83
84 258
84 70
84 128
84 78
84 31
84 292
84 112
84 279
84 136
84 18
84 110
85 1
85 2
85 34
92 1
92 17
96 1
96 43
96 140
96 52
96 297
96 250
96 264
100 1
100 2
100 73
105 1
105 2
105 54
105 286
105 47
108 1
108 5
108 18
108 58
108 143
108 276
108 117
108 262
109 1
110 1
110 2
110 244
110 92
110 73
110 272
112 1
112 5
112 75
115 1
115 14
115 53
115 84
116 1
116 2
116 34
116 127
116 255
117 1
117 13
118 1
118 13
118 117
118 248
118 32
118 138
119 1
119 13
122 1
126 1
126 2
126 15
126 72
126 130
126 251
126 232
127 1
127 5
127 18
128 1
128 4
128 216
128 43
128 259
128 32
128 231
128 33
128 142
128 236
128 5
128 260
128 255
128 59
128 27
130 1
130 13
130 117
130 118
135 1
135 2
135 21
135 46
135 83
135 236
136 1
138 1
138 17
138 32
140 1
140 2
140 21
140 46
140 135
143 1
143 2
143 33
143 100
143 135
143 31
145 1
145 2
145 15
145 50
145 34
145 210
145 142
148 1
148 2
148 269
148 19
148 52
148 236
148 135
148 187
148 100
148 32
148 242
152 1
152 5
152 269
152 276
152 273
152 239
152 45
152 127
154 1
154 2
154 21
154 4
154 115
154 127
154 47
155 1
155 5
155 12
160 1
160 2
160 15
160 50
160 145
163 1
163 5
163 12
163 110
163 190
163 92
163 292
163 116
163 232
163 203
164 1
164 2
164 21
164 46
164 5
164 85
164 43
164 261
164 253
164 117
164 262
169 1
169 5
169 18
169 58
169 238
169 136
169 244
169 19
169 259
169 247
169 212
172 1
172 287
172 252
172 163
172 247
172 45
174 1
174 2
174 21
174 46
174 135
174 140
174 14
174 44
174 138
177 1
177 2
177 148
183 1
183 5
183 18
183 236
183 224
183 78
183 276
183 193
183 203
183 46
183 72
185 1
185 5
185 75
185 4
185 189
185 130
187 1
187 5
187 75
187 207
187 4
187 256
187 27
187 164
187 215
187 14
189 1
189 2
189 15
190 1
190 2
190 15
190 14
190 289
190 298
190 119
190 52
190 275
190 72
191 1
191 2
191 15
191 50
191 145
191 292
191 276
191 285
191 21
192 1
192 5
192 18
192 140
192 12
193 1
193 5
193 12
193 163
193 127
193 118
193 183
193 227
195 1
195 14
195 169
195 189
195 287
195 279
195 266
195 244
195 143
195 187
195 163
195 66
195 262
195 128
195 154
197 1
197 2
197 15
197 50
197 70
197 14
197 269
197 242
197 19
199 1
199 5
199 18
199 58
199 66
203 1
203 2
203 15
203 50
207 1
207 83
210 1
210 2
210 148
210 177
212 1
212 2
212 15
212 197
215 1
215 5
215 18
216 1
216 14
217 1
217 5
217 47
217 21
217 224
217 262
217 32
217 257
217 50
217 185
217 105
219 1
219 5
219 18
219 58
219 66
219 73
219 142
219 68
219 47
219 289
219 256
219 239
221 1
221 14
221 53
224 1
224 2
224 15
224 72
224 82
224 74
224 110
224 257
226 1
226 14
226 53
226 84
226 96
226 21
226 15
226 273
227 1
227 14
228 1
228 14
228 250
228 195
228 122
228 274
228 5
231 1
231 2
231 65
231 68
231 108
231 72
231 70
231 174
232 1
232 14
232 53
232 154
232 105
233 1
233 17
233 32
233 100
233 50
233 145
233 285
233 268
233 289
233 21
236 1
236 2
236 15
238 1
238 14
238 195
238 54
239 1
239 13
239 31
239 74
239 112
239 17
239 85
239 189
239 148
239 232
242 1
242 2
242 15
242 50
242 70
242 197
242 287
242 164
242 183
242 172
242 203
242 52
242 17
244 1
246 1
246 2
246 34
247 1
247 2
247 15
247 50
247 145
247 160
247 193
247 174
247 82
247 18
247 275
247 73
247 45
248 1
248 2
248 33
248 15
248 191
248 110
248 142
248 19
248 51
248 216
248 289
248 246
250 1
250 14
250 195
250 238
251 1
251 5
251 287
251 259
251 224
251 54
251 257
251 92
251 82
251 278
251 239
252 1
252 122
252 275
252 45
252 286
253 1
253 5
253 47
253 217
255 1
255 2
255 15
255 72
255 105
255 138
255 127
256 1
256 17
256 32
257 1
257 4
257 21
258 1
258 14
258 53
258 84
258 226
258 279
258 227
258 273
258 195
259 1
259 2
259 33
259 143
259 289
259 262
260 1
260 2
260 110
261 1
261 2
261 15
261 190
262 1
262 2
262 34
262 212
262 85
264 1
265 1
265 13
266 1
266 5
266 53
266 207
268 217
268 43
268 172
269 1
269 2
269 34
269 224
269 32
269 85
272 1
272 2
272 15
272 278
272 258
272 155
272 238
272 130
272 219
272 27
272 109
272 217
272 142
272 264
272 31
272 92
273 1
273 13
273 19
273 148
273 47
273 119
273 145
274 1
274 14
274 195
274 238
274 250
274 58
274 262
274 174
274 269
274 19
274 47
274 224
274 115
275 1
275 17
275 32
275 73
275 298
275 58
275 72
275 256
276 1
276 83
276 187
276 269
276 257
276 217
276 140
276 75
276 74
276 100
278 1
278 2
278 160
278 195
278 289
278 275
279 1
279 2
279 15
279 50
279 145
279 221
279 118
284 1
284 63
284 136
284 51
284 47
284 238
284 292
284 4
284 96
284 17
285 1
285 5
285 18
285 247
285 276
285 119
285 122
286 1
286 2
286 34
286 116
287 1
287 14
287 195
287 238
287 250
287 274
287 262
287 78
287 260
287 143
288 1
288 4
288 128
289 1
289 2
289 54
290 1
291 1
291 2
291 15
292 1
292 92
292 58
292 68
292 73
292 226
292 116
292 164
292 197
292 297
292 128
292 285
292 291
292 84
297 1
297 14
297 53
297 84
297 226
297 197
297 262
297 27
297 183
297 154
297 58
297 231
297 115
298 1
298 2
298 15
298 72
298 19
298 275
298 260
