6 220
6 207
6 62
6 293
6 134
14 232
14 51
14 49
14 254
14 6
17 47
17 187
18 6
18 173
18 200
22 90
22 142
22 167
22 246
22 18
22 177
22 29
23 5
23 245
23 204
23 179
23 137
23 200
23 186
23 110
23 6
23 223
23 14
23 208
24 14
29 63
29 200
29 57
33 211
33 142
33 73
33 172
33 176
33 189
41 6
47 31
49 5
50 186
50 207
50 142
51 17
51 254
51 109
57 33
57 14
57 250
63 50
72 6
72 41
73 5
73 23
73 275
73 223
73 293
75 6
75 18
76 5
80 284
88 14
88 24
88 68
88 144
88 250
88 263
88 75
90 5
109 186
109 33
109 250
109 229
110 76
110 68
110 253
110 264
110 204
111 14
111 24
111 177
111 108
111 281
114 6
114 33
114 139
114 241
116 6
116 18
116 75
120 194
120 134
120 253
124 50
130 231
134 14
134 24
134 111
134 146
134 229
134 109
134 142
134 164
134 88
137 5
137 23
137 146
139 22
139 110
142 208
142 31
142 258
145 187
145 204
145 183
146 68
146 244
146 254
146 137
146 18
146 284
164 5
164 23
164 41
164 73
167 251
167 178
167 196
167 189
167 173
167 250
167 24
171 22
171 139
176 117
176 293
176 189
176 204
176 116
176 227
176 239
176 211
177 184
177 293
177 109
177 75
177 88
177 137
177 254
178 5
178 204
178 145
179 173
179 176
183 33
183 31
183 116
184 5
184 49
186 172
187 22
187 251
187 116
189 5
189 23
189 73
192 5
192 178
192 14
194 250
196 14
196 24
196 184
196 215
204 200
205 110
205 146
207 6
207 18
207 75
207 50
207 177
208 14
208 24
211 33
211 57
215 5
215 76
223 33
223 187
223 117
223 176
226 267
226 238
226 232
227 5
228 5
229 41
229 258
229 257
229 251
229 116
231 33
231 183
231 250
232 192
232 186
232 183
232 47
236 144
238 225
238 31
238 264
238 73
238 90
239 6
239 18
239 75
239 207
239 200
240 236
241 17
244 186
244 31
244 200
250 50
251 238
253 76
253 241
253 47
253 205
254 5
254 23
258 246
258 41
258 63
258 231
263 5
263 183
263 124
263 240
263 144
263 130
264 232
264 33
264 240
267 6
267 76
267 281
267 239
275 50
275 63
275 110
275 173
275 232
281 14
281 24
281 76
281 146
281 228
284 14
284 24
284 196
284 189
284 31
284 116
284 220
284 134
284 41
284 245
295 33
295 57
295 257
295 253
295 137
295 17
