0 81
0 112
0 199
0 9
0 222
0 68
1 0
2 0
2 229
2 95
2 290
2 68
2 279
2 91
3 0
3 2
4 0
4 286
4 284
4 255
4 59
4 120
5 0
5 2
5 254
5 268
5 3
5 235
5 279
5 85
6 0
6 2
6 5
6 152
6 97
6 130
6 11
6 69
6 32
7 0
7 4
8 0
8 2
8 3
9 0
9 2
10 0
10 4
11 0
11 4
11 7
12 0
12 2
12 206
12 268
12 130
12 226
12 223
12 283
13 0
13 2
13 3
13 114
13 45
13 94
13 86
13 229
13 6
14 0
14 2
14 5
14 288
14 252
14 79
14 254
14 295
14 26
14 187
14 63
14 204
14 18
14 142
14 197
14 136
14 27
14 34
14 42
14 126
14 159
14 101
14 251
14 134
14 120
14 55
14 268
15 0
15 4
15 10
15 158
15 223
15 116
15 34
15 168
15 182
16 0
16 2
16 3
16 13
16 148
16 163
16 133
16 33
16 154
16 227
17 0
17 1
18 0
18 2
18 3
18 8
18 124
18 109
18 255
18 49
18 10
18 290
19 0
19 2
19 9
19 235
19 137
19 13
19 191
19 209
19 216
19 145
19 287
19 290
19 168
19 128
19 293
19 74
19 69
19 298
19 23
19 252
19 81
20 0
20 4
20 10
20 68
20 252
20 139
20 119
20 149
20 264
20 34
20 13
20 5
20 249
20 162
20 171
20 197
20 41
20 140
20 51
20 173
20 245
20 73
20 178
20 116
20 8
20 198
20 106
20 286
20 209
20 254
20 7
20 72
21 0
21 2
21 9
21 19
22 0
22 4
22 10
22 21
22 95
22 56
22 223
22 282
22 205
23 0
23 4
23 10
23 20
23 177
23 230
23 15
23 175
23 240
23 269
24 0
24 4
24 10
24 20
24 217
24 254
24 142
24 37
24 17
24 104
24 144
24 239
24 211
24 242
24 91
24 158
24 180
24 114
24 219
24 79
24 80
24 191
25 0
25 2
25 9
25 19
25 21
26 0
26 2
26 12
27 0
27 2
27 277
27 14
27 25
27 45
27 213
27 108
27 6
27 29
27 101
27 140
27 30
27 262
27 205
27 26
27 222
27 5
27 112
27 261
27 16
27 163
27 128
27 250
28 0
28 2
28 9
28 19
28 21
28 25
28 103
28 92
28 151
28 288
28 251
28 132
28 24
28 16
28 299
28 108
28 76
28 259
29 0
29 2
29 5
29 6
30 0
30 2
30 9
30 19
30 21
30 25
30 28
30 90
30 245
30 140
30 193
30 223
30 133
30 288
30 112
30 103
30 296
30 97
30 159
31 0
31 42
31 151
31 272
31 130
31 253
31 106
32 0
32 2
32 9
32 19
32 21
32 299
32 75
32 198
32 196
32 236
32 259
32 115
32 97
32 295
32 85
32 153
33 0
33 1
34 0
34 2
34 3
34 8
34 18
35 0
35 2
35 3
35 13
35 16
36 0
36 4
36 10
36 91
36 87
36 120
36 299
36 220
36 297
36 162
36 102
36 254
36 204
36 101
37 0
37 2
37 3
37 13
37 16
38 0
38 4
38 10
38 20
38 23
38 252
38 172
38 199
38 82
38 108
38 202
39 0
39 4
39 10
39 22
39 226
39 282
39 82
39 151
39 216
39 1
40 0
40 2
40 9
40 19
40 21
41 0
41 2
41 9
41 19
41 21
41 40
41 173
41 36
41 153
41 15
41 119
41 259
41 62
41 27
41 108
41 73
41 148
41 128
41 221
41 269
41 138
41 251
41 283
41 202
41 287
41 111
41 127
41 209
41 277
41 196
41 246
41 13
41 258
41 104
41 260
42 0
42 2
42 9
42 19
42 21
43 0
43 4
43 10
43 20
43 24
44 0
44 1
45 0
45 2
45 3
45 8
45 18
46 0
46 2
46 5
46 14
46 68
46 118
46 42
46 201
46 20
46 234
46 7
46 176
46 291
46 174
46 211
46 150
47 0
47 4
47 7
48 0
48 2
48 5
48 6
48 29
48 298
48 27
48 148
48 219
48 242
48 69
48 272
48 269
48 229
48 12
48 143
48 213
48 74
48 119
48 136
48 108
48 187
48 163
48 235
48 221
48 263
48 293
48 95
48 198
48 144
49 0
49 1
49 33
49 197
49 34
49 283
49 173
49 62
49 232
50 0
50 2
50 9
50 19
50 21
50 25
50 28
50 30
50 159
50 112
50 114
50 53
50 37
50 121
51 0
51 2
51 9
51 19
51 21
51 25
51 28
51 30
51 50
51 80
51 172
51 134
51 246
51 256
52 0
52 4
52 7
52 47
52 49
52 269
52 123
52 14
52 226
52 91
53 0
53 2
53 5
53 14
54 0
54 265
54 248
54 168
54 271
54 19
54 286
55 0
55 1
55 33
55 49
56 0
56 2
56 9
56 19
56 21
56 222
56 223
56 110
56 108
56 119
56 20
57 0
57 2
57 27
57 52
57 241
57 267
57 148
57 253
57 197
58 0
58 2
58 5
58 14
58 46
59 0
59 2
59 3
59 8
59 18
59 196
59 165
59 181
59 261
59 7
59 225
59 118
59 25
59 110
59 88
59 177
60 0
60 4
60 10
60 20
60 23
60 283
60 213
60 46
60 204
60 289
60 84
61 0
61 2
61 5
61 6
61 29
61 148
61 246
61 188
61 202
61 122
61 10
62 0
62 1
62 33
62 49
62 273
62 28
62 30
62 12
62 74
62 213
63 0
63 1
63 33
63 49
63 55
64 0
64 2
64 3
64 8
64 18
64 34
65 0
65 2
65 5
66 0
66 2
66 9
66 19
66 21
66 56
66 117
66 102
66 195
66 32
66 15
66 49
67 0
67 2
67 9
67 19
67 21
67 40
67 41
67 171
67 3
67 47
67 61
67 131
67 80
67 92
67 13
67 286
67 215
67 239
67 68
68 0
68 2
68 5
68 65
69 0
69 2
69 3
69 13
69 16
69 290
69 145
69 73
69 117
69 144
70 0
70 2
70 3
70 120
70 119
70 188
70 280
70 147
70 69
71 0
71 54
71 41
71 122
71 196
71 250
71 238
71 94
71 246
71 44
71 125
71 110
71 85
71 266
71 194
71 262
71 101
71 152
71 230
71 253
71 169
71 240
71 103
71 62
71 108
71 72
71 70
71 98
71 61
71 79
71 199
71 83
72 0
72 2
72 9
72 19
72 21
72 40
72 41
72 67
72 140
72 205
72 139
72 199
72 295
72 123
73 0
73 2
73 9
73 19
73 21
73 56
73 66
73 208
73 296
73 48
73 35
73 185
73 29
74 0
74 2
74 5
74 14
74 53
75 0
75 2
75 27
75 57
76 0
76 4
76 7
76 47
76 52
76 42
76 11
76 270
76 154
76 181
76 156
77 0
77 2
77 9
77 19
77 21
77 25
77 292
77 68
77 121
77 232
77 175
77 173
78 0
78 4
78 7
78 11
78 2
78 213
78 157
78 166
78 53
78 79
78 212
78 138
78 32
78 22
78 267
78 125
78 54
78 149
78 197
78 66
78 58
78 182
78 272
78 292
78 206
78 209
79 0
79 1
79 33
79 49
79 55
79 68
79 102
79 257
79 77
79 246
79 62
79 74
79 123
79 65
79 112
79 155
79 212
79 218
79 299
79 196
79 208
80 0
80 2
80 9
80 19
80 178
80 159
80 73
80 206
80 59
80 168
81 0
81 2
81 3
81 13
81 16
81 35
81 203
81 92
81 152
81 45
81 264
81 174
82 0
82 2
82 3
82 70
83 0
83 2
83 5
83 14
83 46
83 58
83 96
83 292
83 81
83 169
83 139
83 245
84 0
84 2
84 3
84 13
84 16
84 35
85 0
85 2
85 3
85 8
85 18
85 45
85 142
85 190
85 205
85 265
85 20
85 124
86 0
86 2
86 12
86 36
86 163
86 125
86 229
86 175
86 266
86 97
86 43
86 116
86 195
86 279
86 171
86 102
86 157
86 205
86 167
86 135
86 224
86 158
86 261
86 34
86 287
87 0
87 2
87 3
87 13
87 16
87 35
87 81
87 271
87 286
87 106
87 236
87 59
87 254
88 0
88 2
88 9
88 19
88 21
88 32
88 62
88 38
88 162
88 65
88 90
89 0
89 2
89 27
89 57
89 91
89 142
89 277
89 299
89 66
89 169
89 76
89 273
89 16
89 26
89 53
89 60
90 0
90 2
90 3
90 70
90 271
90 60
90 207
90 147
90 198
90 257
90 10
90 86
90 143
90 96
90 240
90 186
91 0
91 54
91 52
91 210
91 217
91 243
91 137
92 0
92 2
92 5
92 14
92 46
92 58
92 128
92 103
92 6
92 253
92 119
92 206
92 106
92 297
92 38
92 57
92 156
93 0
93 4
93 7
93 11
93 78
93 27
93 126
93 155
93 200
93 1
93 298
94 0
94 2
94 5
94 65
95 0
95 1
95 44
95 3
95 40
95 160
95 210
95 41
95 140
96 0
96 2
96 5
96 14
96 46
96 58
96 192
96 10
96 274
96 191
96 18
96 206
97 0
97 4
97 10
97 20
97 23
97 60
98 0
98 2
98 5
98 14
98 46
98 58
98 96
98 231
98 95
98 84
98 122
98 105
98 28
99 0
99 2
99 9
99 19
99 21
99 40
99 3
99 129
99 108
99 148
99 256
99 133
100 0
100 2
100 3
100 13
100 16
100 69
100 258
100 14
100 281
100 183
100 36
100 297
100 125
100 248
100 260
100 161
100 50
100 229
101 0
101 2
101 5
101 14
101 46
101 58
101 9
101 128
101 118
101 150
101 217
101 145
101 169
101 111
101 196
101 290
101 77
101 162
102 0
102 2
102 3
102 8
102 18
102 34
102 64
102 218
102 203
102 128
102 78
102 221
102 228
102 260
102 265
102 290
102 4
102 47
102 270
102 11
102 245
102 220
102 248
102 49
103 0
103 2
103 5
103 14
103 46
103 58
103 83
103 222
103 254
103 187
103 23
103 216
104 0
104 2
104 12
104 86
104 21
104 74
104 274
104 57
104 224
104 286
104 63
104 252
104 141
104 206
104 162
105 0
105 4
105 10
105 36
105 226
105 97
105 47
105 200
105 240
105 51
105 35
105 254
105 49
105 293
105 189
105 234
106 0
106 1
106 33
106 49
106 55
106 63
107 0
107 2
107 9
107 19
107 21
107 111
107 132
107 238
107 274
107 149
107 100
108 0
108 1
108 33
108 49
108 62
109 0
109 2
109 5
109 65
109 94
109 287
109 119
109 208
109 258
109 169
109 184
110 0
110 2
110 9
110 19
110 22
110 154
110 208
110 15
110 240
110 23
111 0
111 4
111 10
111 20
111 24
111 43
112 0
112 1
112 33
112 49
112 147
112 208
112 51
112 173
112 74
112 213
112 34
112 214
112 76
112 149
112 226
112 99
113 0
113 2
113 5
113 6
113 29
113 82
113 194
113 36
113 265
113 77
113 27
114 0
114 1
114 33
114 49
114 112
114 46
114 55
114 36
114 258
114 246
114 91
114 125
114 7
114 285
114 194
114 268
114 160
115 0
115 2
115 9
115 19
115 178
115 31
115 234
115 106
115 282
115 43
116 0
116 2
116 3
116 13
116 16
116 35
116 84
116 94
116 237
116 172
116 261
116 223
116 67
117 0
117 4
117 10
117 22
117 39
117 221
117 60
117 239
117 131
117 259
117 106
118 0
118 2
118 12
118 26
118 280
118 4
118 83
118 180
118 256
118 13
119 0
119 4
119 70
119 160
119 258
119 108
119 182
119 67
120 0
120 2
120 9
120 19
120 80
121 0
121 54
121 136
121 183
121 289
121 30
121 187
121 109
122 0
122 2
122 9
122 19
122 80
122 279
122 36
122 71
122 259
122 158
122 230
122 183
122 236
122 120
122 128
123 0
123 2
123 9
123 19
123 21
123 25
123 28
123 30
124 0
124 2
124 3
124 13
124 16
124 69
124 100
124 43
124 161
124 148
124 298
124 285
124 193
124 178
124 278
124 195
124 95
124 32
124 263
125 0
125 2
125 9
125 19
125 80
125 120
125 38
125 107
125 122
125 210
125 299
125 98
125 138
125 229
125 268
125 114
125 150
125 43
126 0
126 4
126 10
126 20
126 23
126 261
126 51
126 257
126 141
126 244
127 0
127 2
127 9
127 19
127 80
127 155
127 93
127 128
127 180
127 146
127 190
128 0
128 2
128 3
128 8
128 18
128 204
128 154
128 276
128 190
128 50
128 39
129 0
129 2
129 9
129 19
129 115
130 0
130 2
130 9
130 19
130 21
130 32
131 0
131 2
131 5
131 14
131 53
131 74
132 0
132 4
132 7
132 11
132 124
132 134
132 113
132 1
132 235
132 59
132 248
132 63
132 221
132 195
132 52
133 0
133 2
133 5
133 14
133 46
133 58
133 83
134 0
134 2
134 5
135 0
135 2
136 0
136 2
136 9
136 19
136 21
136 40
136 41
136 129
136 271
136 31
136 117
136 44
136 166
137 0
137 54
137 121
137 254
137 281
137 23
137 284
137 200
137 65
138 0
138 1
138 17
138 78
138 142
138 68
138 298
138 259
138 22
139 0
139 2
139 5
139 65
139 68
140 0
140 2
140 3
140 8
140 18
140 34
140 64
140 96
140 234
140 111
140 194
140 252
140 239
141 0
141 2
141 5
141 14
141 46
141 58
141 83
141 159
141 198
141 75
141 37
141 164
141 51
142 0
142 2
142 9
142 19
142 80
142 127
142 56
142 122
142 33
142 54
142 36
142 98
142 241
142 222
142 173
142 254
142 188
142 160
143 0
143 2
143 5
143 134
144 0
144 2
144 3
144 8
144 18
145 0
145 1
145 33
145 49
145 55
145 262
145 238
145 244
145 67
145 117
145 87
146 0
146 4
146 10
146 20
146 24
146 244
146 23
146 127
146 201
146 174
146 9
147 0
147 54
147 91
147 169
147 157
147 247
147 102
147 218
147 35
147 50
147 33
147 272
147 296
147 256
147 31
148 0
148 1
149 0
149 2
149 9
149 19
149 21
149 107
149 193
149 270
149 32
149 16
149 247
149 50
150 0
150 2
150 5
150 14
150 46
150 58
150 92
150 124
150 176
150 128
150 50
150 168
150 194
151 0
151 2
151 9
151 19
151 21
151 25
151 28
151 30
151 50
152 0
152 2
152 9
152 19
152 21
152 56
152 89
152 97
152 263
152 233
152 269
152 217
152 187
152 41
152 8
152 218
152 28
152 149
153 0
153 4
153 10
153 20
153 24
153 43
154 0
154 4
154 7
154 11
154 78
154 219
154 253
154 268
154 143
154 57
154 29
154 45
154 128
154 121
154 117
154 13
154 252
154 213
154 210
154 169
154 229
154 177
154 237
155 0
155 4
155 10
155 36
155 60
155 11
155 215
155 21
155 201
155 114
155 294
155 216
155 245
155 29
155 235
155 276
156 0
156 2
156 5
156 65
156 68
157 0
157 2
157 27
157 57
157 89
157 179
157 291
157 32
157 85
157 236
157 144
158 0
158 2
158 9
158 19
158 80
158 162
158 103
158 282
158 122
158 85
158 184
159 0
159 2
159 5
159 14
159 46
159 58
159 92
159 150
159 97
159 77
159 278
159 93
159 222
159 273
159 114
159 232
159 64
159 67
159 142
159 225
160 0
160 2
160 9
160 19
160 80
160 120
160 125
161 0
161 2
161 9
161 19
161 21
161 25
161 86
161 99
161 87
161 64
161 283
161 130
162 0
162 2
162 3
162 8
162 18
162 206
162 188
162 84
162 187
162 216
162 267
163 0
163 2
163 9
163 19
163 21
163 25
163 28
163 30
163 123
163 40
163 229
163 7
163 170
163 155
163 241
163 10
163 176
163 63
163 169
163 95
163 240
164 0
164 2
164 9
164 19
164 21
164 56
164 152
165 0
165 4
165 7
165 11
165 132
165 193
165 175
165 239
165 105
165 100
165 264
165 65
165 182
165 178
165 104
165 195
165 24
166 0
166 2
166 3
166 13
166 16
166 69
166 100
166 215
166 250
166 28
166 11
166 174
166 67
167 0
167 4
167 10
167 15
168 0
168 2
168 9
168 19
168 21
169 0
169 2
169 5
169 65
169 68
169 156
169 171
169 52
169 42
169 162
169 207
169 20
169 24
169 240
169 223
169 29
169 116
170 0
170 2
170 3
170 13
170 16
170 69
170 256
170 35
170 205
170 229
170 57
170 15
171 0
171 1
171 33
171 49
171 55
171 79
171 251
171 183
171 189
171 274
171 243
171 117
171 125
171 109
171 169
171 299
171 203
172 0
172 54
172 65
172 52
172 158
172 25
172 259
172 254
172 17
172 265
172 121
172 66
172 165
172 77
173 0
173 2
173 9
173 19
173 21
173 56
173 66
173 73
173 79
173 179
173 12
173 167
173 140
173 212
173 198
173 240
173 109
173 97
173 67
173 275
173 88
173 61
173 133
174 0
174 54
174 121
175 0
175 4
175 10
175 20
175 30
175 211
175 124
175 174
175 16
175 168
176 0
176 2
176 5
176 14
176 46
176 58
176 92
176 257
176 83
176 167
176 226
176 106
176 161
176 290
176 174
176 283
176 241
176 61
176 6
177 0
177 4
177 7
177 11
177 132
177 6
177 39
177 217
177 126
177 22
178 0
178 4
178 10
178 22
178 125
178 90
178 199
178 8
178 253
178 56
179 0
179 4
179 10
179 20
179 24
179 146
180 0
180 1
180 33
180 49
180 112
181 0
181 2
181 5
181 134
181 143
182 0
182 1
182 33
182 49
182 55
182 63
182 195
182 14
182 47
182 50
182 252
182 59
182 65
182 280
182 264
182 222
182 137
183 0
183 1
183 33
183 50
183 169
183 233
183 24
183 114
183 235
183 222
183 5
183 150
183 298
183 177
183 121
184 0
184 1
184 33
184 49
184 62
185 0
185 1
185 33
185 49
185 55
185 145
185 87
185 295
185 280
185 136
185 106
185 213
186 0
186 2
186 3
186 8
186 18
186 162
187 0
187 4
187 10
187 36
187 155
188 0
188 4
188 7
188 11
188 78
188 240
188 112
188 39
188 100
188 152
188 132
188 106
188 34
188 250
188 92
189 0
189 2
189 5
189 14
189 46
189 58
189 83
189 133
189 197
189 154
189 64
189 136
189 290
189 207
189 89
189 127
189 219
189 225
190 0
190 4
190 7
190 59
190 98
190 168
190 184
190 221
190 140
191 0
191 2
191 5
191 14
191 46
191 58
191 92
191 176
191 79
191 49
191 190
191 74
191 114
191 102
191 26
191 288
191 41
191 234
191 40
191 189
191 269
191 221
191 53
191 96
192 0
192 4
192 7
192 47
192 52
192 76
192 62
192 78
192 135
192 166
192 73
192 84
192 136
192 33
192 10
192 59
192 214
192 276
192 180
192 297
192 208
192 122
193 0
193 2
193 9
193 19
193 80
193 127
193 219
193 122
193 172
193 234
193 183
193 20
193 224
193 268
193 263
193 135
193 175
193 253
193 14
193 214
193 72
193 17
193 201
194 0
194 2
194 9
194 19
194 21
194 40
194 41
194 100
194 295
194 158
194 186
194 281
194 104
195 0
195 2
195 9
195 19
195 80
195 120
195 121
195 228
195 152
195 206
195 72
195 146
195 170
195 126
195 41
195 257
196 0
196 1
196 33
196 49
196 55
196 79
197 0
197 2
197 3
197 13
197 254
197 296
197 222
197 270
197 31
197 98
198 0
198 4
198 7
198 11
198 78
199 0
199 2
199 9
199 19
199 21
199 32
199 88
199 108
199 149
199 269
199 92
199 33
199 86
199 61
199 82
199 186
199 290
199 160
199 81
200 0
200 1
200 33
200 49
200 112
200 114
200 148
200 275
200 125
200 149
200 237
200 298
200 197
200 273
200 132
200 229
201 0
201 4
201 10
201 20
201 23
201 38
201 190
201 178
201 54
201 21
201 64
201 238
202 0
202 4
202 7
202 11
202 78
202 188
202 136
202 178
202 113
202 3
202 181
202 23
202 201
202 97
202 265
202 108
202 24
202 153
202 274
202 80
202 246
202 295
202 106
203 0
203 1
203 33
203 49
203 62
203 108
203 208
203 44
203 59
203 51
203 269
203 141
204 0
204 2
204 3
204 70
204 90
204 241
204 83
204 193
204 281
204 270
204 164
204 96
204 295
204 290
204 187
204 42
204 31
204 250
204 71
204 14
204 26
204 138
204 223
204 74
204 117
204 177
205 0
205 2
205 5
205 14
205 53
205 74
206 0
206 1
206 44
206 95
207 0
207 4
207 7
207 11
207 78
207 198
207 238
207 111
207 299
207 195
207 266
208 0
208 1
208 148
208 48
208 270
208 251
208 210
208 109
208 278
209 0
209 2
209 5
209 14
209 46
209 58
209 92
209 176
209 191
210 0
210 4
210 10
210 36
210 155
210 187
210 217
210 171
210 280
210 95
210 110
210 139
210 42
210 172
210 227
210 106
210 238
210 121
211 0
211 1
211 33
211 49
211 55
211 79
211 196
212 0
212 1
212 33
212 49
212 55
212 145
212 154
212 273
212 65
212 90
212 34
212 233
213 0
213 2
213 9
213 19
213 21
213 32
213 68
213 230
213 63
213 47
213 12
213 227
213 208
213 110
213 249
213 271
213 25
213 112
214 0
214 4
214 10
214 20
215 0
215 4
215 10
215 36
215 155
215 187
215 210
216 0
216 2
216 5
216 14
216 53
216 74
216 131
217 0
217 2
217 9
217 19
217 21
217 56
217 66
217 73
217 173
217 161
217 271
217 41
217 63
217 96
218 0
218 2
218 9
218 19
219 0
219 2
219 3
219 8
219 18
219 162
219 19
219 169
219 6
219 31
219 4
219 20
219 143
219 30
219 115
219 298
219 38
219 116
219 99
219 244
219 190
220 0
220 2
220 3
220 13
220 197
220 72
220 45
220 126
220 46
220 137
220 155
220 47
220 36
220 54
220 253
220 85
221 0
221 2
221 9
221 19
221 21
221 25
221 28
221 174
221 217
221 169
221 11
221 122
221 138
222 0
222 2
222 5
222 65
222 70
222 219
222 75
222 14
222 240
222 268
222 53
222 256
222 187
222 239
222 31
223 0
223 54
223 94
223 255
223 173
223 269
223 294
224 0
224 4
224 7
224 11
224 78
224 93
224 15
224 179
224 206
224 103
224 82
224 184
224 256
224 234
224 102
224 89
224 292
224 228
225 0
225 1
225 33
225 49
225 55
225 63
225 183
225 21
225 57
225 295
225 54
225 236
226 0
226 2
226 9
226 19
226 21
226 25
226 28
226 30
226 50
226 111
226 173
226 53
226 131
226 171
226 185
227 0
227 2
227 9
227 19
227 21
227 25
227 28
227 54
227 188
227 100
227 111
227 125
227 50
228 0
228 1
228 33
228 49
228 112
228 180
228 70
228 100
228 68
228 189
228 79
228 113
228 274
228 50
228 266
228 127
228 185
228 261
228 126
228 52
228 26
228 16
228 66
228 195
229 0
229 2
229 9
229 19
229 80
229 120
229 219
229 5
229 86
229 279
229 98
229 1
230 0
230 2
230 5
230 65
230 68
230 156
230 249
230 69
230 51
230 52
230 253
230 131
230 6
230 289
230 116
230 110
230 271
230 111
230 73
230 162
230 108
230 171
230 195
231 0
231 2
231 9
231 19
231 284
231 58
231 110
231 273
231 160
231 107
231 266
231 82
231 201
231 69
231 208
231 148
231 171
231 136
231 60
231 63
231 203
232 0
232 2
232 9
232 19
232 21
232 32
232 130
233 0
233 2
233 3
233 8
233 18
233 34
233 64
233 65
233 93
233 290
233 105
233 86
233 242
234 0
234 4
234 10
234 36
234 155
234 187
234 210
234 279
234 239
234 215
234 244
234 212
235 0
235 4
235 10
235 75
235 91
235 134
235 173
235 66
235 72
235 283
235 275
235 18
235 32
235 100
235 262
236 0
236 54
236 172
237 0
237 2
237 9
237 19
237 21
237 32
237 213
237 35
237 232
237 71
237 236
237 146
237 114
238 0
238 2
238 9
238 19
238 21
238 32
238 88
238 37
238 163
238 181
238 165
238 210
238 267
239 0
239 2
239 5
239 65
239 68
239 156
239 189
239 27
239 298
239 113
239 78
239 94
240 0
240 2
240 9
240 19
240 21
240 25
240 77
240 179
240 103
240 227
240 99
240 136
240 253
241 0
241 1
241 33
241 49
241 55
241 79
241 196
241 84
241 73
241 279
241 11
241 12
241 142
242 0
242 2
242 5
242 14
242 46
242 58
242 96
242 98
242 128
242 67
242 109
242 149
242 29
242 165
243 0
243 2
243 5
243 14
243 46
243 58
243 83
243 141
243 230
243 82
243 293
243 103
243 122
243 95
244 0
244 2
244 9
244 19
244 21
244 42
245 0
245 2
245 9
245 19
245 110
245 233
245 122
245 26
245 56
245 173
245 212
246 0
246 3
246 91
246 284
246 104
246 257
246 25
247 0
247 2
247 9
247 19
247 21
247 25
247 28
247 30
247 123
247 201
247 44
247 216
247 15
247 125
248 0
248 1
248 33
248 49
248 62
248 184
249 0
249 1
249 33
249 261
249 257
249 299
249 166
249 223
249 275
250 0
250 2
250 3
250 154
250 127
250 19
250 7
250 195
250 138
251 0
251 2
251 9
251 19
251 110
252 0
252 2
252 3
252 13
252 20
252 60
252 93
252 293
252 248
252 11
252 162
252 262
252 42
252 124
252 96
252 265
253 0
253 2
253 9
253 19
253 21
253 25
253 77
253 240
253 146
253 164
253 84
253 178
253 17
253 237
253 289
253 137
253 251
253 239
253 282
253 99
254 0
254 1
254 33
254 49
254 112
254 114
254 200
254 184
254 189
254 238
254 152
254 52
254 137
255 0
255 2
255 9
255 19
255 21
255 25
255 28
255 227
255 190
255 244
255 112
255 90
255 150
255 62
256 0
256 2
256 5
256 14
256 46
256 58
256 96
256 126
256 148
256 293
256 143
256 1
256 142
256 174
256 201
256 275
256 94
256 294
256 188
257 0
257 4
257 10
258 0
258 4
258 10
258 20
258 23
258 219
258 63
258 112
258 196
258 245
258 125
258 263
258 57
258 129
258 253
258 296
258 69
258 264
258 28
258 11
258 64
258 292
258 75
259 0
259 1
259 33
259 49
259 62
259 108
260 0
260 2
260 27
260 57
261 0
261 2
261 5
261 14
261 46
261 58
261 92
261 176
261 191
261 209
261 167
261 31
261 182
261 183
261 241
261 135
262 0
262 4
262 7
262 11
262 78
262 188
262 202
262 52
262 299
262 164
262 214
262 226
262 166
263 0
263 1
263 44
263 95
263 246
263 223
263 27
263 17
263 58
263 172
264 0
264 2
264 5
264 14
264 53
264 25
264 189
264 15
264 67
264 129
264 154
265 0
265 2
265 3
265 8
265 18
265 162
265 79
265 197
265 155
265 289
265 11
265 116
266 0
266 1
266 33
266 49
266 55
266 288
266 284
266 262
266 132
266 123
266 68
267 0
267 2
267 9
267 19
267 80
267 120
267 195
267 54
267 228
267 6
267 208
267 152
267 110
267 126
267 42
267 106
267 51
267 20
267 13
267 73
267 222
267 33
267 196
267 86
268 0
268 2
268 9
268 19
268 21
268 25
268 23
268 72
268 298
268 173
268 235
268 67
269 0
269 4
269 7
269 11
269 78
269 188
269 19
269 28
269 299
269 275
269 70
269 101
270 0
270 2
270 5
270 14
270 46
270 58
270 96
270 256
271 0
271 4
271 10
271 20
271 23
271 258
271 1
271 102
271 110
271 56
271 172
271 185
271 77
271 239
271 180
271 142
271 78
271 275
271 288
271 186
271 134
271 97
271 206
272 0
272 2
272 5
272 14
272 46
272 58
272 92
272 150
272 123
272 151
272 183
272 299
272 253
272 153
273 0
273 2
273 27
273 57
273 260
274 0
274 4
274 10
274 36
274 155
274 187
274 210
274 215
275 0
275 1
275 33
275 49
275 55
275 63
275 106
275 143
275 223
275 118
275 183
275 112
275 102
276 0
276 2
276 3
276 8
276 18
276 144
277 0
277 4
277 10
277 20
277 24
277 146
277 179
278 0
278 2
278 3
278 13
278 16
278 69
278 100
278 124
279 0
279 2
279 3
279 13
279 197
279 220
279 103
279 262
279 292
279 77
279 181
279 265
280 0
280 1
280 33
280 49
280 55
280 79
280 171
281 0
281 2
281 9
281 19
281 80
281 127
281 193
282 0
282 54
282 121
282 137
282 1
282 165
282 285
282 33
282 209
282 269
283 0
283 2
283 9
283 19
283 21
283 56
283 66
283 53
283 205
283 49
283 48
283 239
283 112
283 276
283 108
283 125
283 29
283 274
283 94
284 0
284 2
284 5
284 65
284 68
284 44
284 294
284 141
284 3
284 246
284 98
284 7
284 29
284 173
284 296
284 158
284 253
285 0
285 1
285 33
285 49
285 62
285 184
285 145
285 83
285 224
285 208
285 35
285 210
285 158
285 247
285 265
285 162
285 150
285 226
286 0
286 2
286 3
286 70
286 90
286 204
286 183
286 80
286 94
286 245
286 261
286 92
286 256
286 61
286 76
286 111
286 128
286 69
287 0
287 2
287 5
287 65
287 68
287 284
287 131
287 137
287 200
287 112
287 168
287 30
288 0
288 2
288 9
288 19
288 21
288 40
288 41
288 194
288 75
288 5
288 95
288 200
289 0
289 2
289 5
289 65
289 94
289 109
289 276
289 15
289 68
289 228
289 64
289 273
290 0
290 1
290 33
290 49
290 55
290 79
290 63
290 286
290 67
290 269
290 287
290 222
290 126
290 264
290 54
290 16
290 105
290 129
290 160
290 299
290 276
290 190
290 223
290 76
291 0
291 1
291 33
291 249
292 0
292 2
292 5
292 134
292 76
292 86
292 37
292 208
292 193
292 186
292 228
292 177
292 135
292 207
292 28
292 213
292 262
292 94
292 95
292 74
292 3
292 97
293 0
293 2
293 3
293 13
293 16
293 69
293 170
293 213
293 151
293 286
293 96
293 189
293 161
293 109
293 32
293 254
293 260
293 24
293 298
294 0
294 2
294 9
294 19
294 21
294 25
294 161
295 0
295 2
295 3
295 13
295 16
295 39
295 283
295 270
295 18
295 133
295 101
295 72
295 247
295 99
295 226
295 88
295 32
295 215
295 203
295 44
295 12
295 130
295 98
295 269
295 7
295 164
295 161
295 272
296 0
296 2
296 3
296 8
296 18
296 144
296 276
296 7
296 166
296 243
296 214
296 27
296 150
296 17
296 208
296 193
296 64
296 95
296 227
297 0
297 4
297 7
297 11
297 78
297 198
297 21
297 86
297 79
297 91
297 30
297 269
297 141
297 232
297 196
297 119
297 127
297 294
298 0
298 2
298 3
298 13
298 197
298 220
298 156
298 235
298 226
298 237
298 262
298 218
298 167
298 273
298 242
298 24
298 128
298 240
299 0
299 2
299 9
299 19
299 21
299 8
299 30
299 69
299 260
299 166
