3 44
3 253
3 162
3 152
3 178
3 123
6 74
6 34
6 279
6 203
7 191
7 206
7 243
7 204
7 163
11 177
11 240
11 205
11 26
11 22
11 187
11 161
11 37
11 12
11 116
12 7
12 160
12 26
12 113
12 276
12 29
12 97
12 225
13 70
13 111
13 251
13 288
13 216
17 78
17 296
17 138
17 286
17 98
17 268
17 161
17 247
17 243
17 160
17 83
17 129
17 177
18 156
18 49
18 111
18 155
18 217
18 92
18 154
18 268
18 162
18 251
18 29
22 18
22 48
22 6
22 281
22 26
22 39
22 34
26 286
26 114
26 248
26 6
26 200
26 187
26 99
27 239
27 244
27 44
27 93
27 129
27 161
27 3
28 225
28 241
29 12
29 64
29 182
29 278
31 204
31 11
31 27
31 207
31 73
31 57
32 26
32 274
32 29
32 297
32 279
32 110
32 177
32 80
32 117
34 26
34 242
37 7
37 189
37 172
37 98
37 278
37 247
39 35
39 146
39 57
39 279
39 286
42 31
42 172
42 286
42 178
42 65
42 185
44 31
44 42
44 280
44 205
46 7
48 18
48 114
48 244
48 216
48 99
57 7
57 12
57 217
57 288
57 200
57 35
57 117
57 3
57 198
57 261
57 251
57 114
57 226
63 3
64 57
64 75
64 243
64 134
64 96
64 182
64 114
64 221
64 35
64 241
64 65
65 31
66 31
66 102
66 182
66 149
66 129
66 65
66 292
66 207
66 250
66 261
66 162
70 26
70 32
72 31
72 42
72 92
72 189
72 247
72 28
72 274
72 249
72 216
72 74
72 26
72 262
72 226
72 217
72 49
72 152
72 254
72 162
72 35
72 259
73 63
73 117
73 286
74 146
74 118
74 240
74 278
74 263
74 199
74 254
75 18
75 48
75 114
75 180
75 262
75 264
75 102
75 178
75 74
75 28
75 80
75 17
75 278
75 42
75 253
75 225
75 72
75 64
75 233
78 7
78 46
78 276
79 31
79 66
80 7
80 37
80 114
80 221
80 206
80 17
82 26
82 13
82 114
82 177
83 6
83 291
83 160
83 224
84 7
84 138
84 242
84 160
84 187
84 207
84 297
84 74
84 262
84 233
84 117
87 34
87 72
87 263
87 7
88 149
88 185
88 200
88 178
91 206
91 6
91 13
91 288
92 31
92 42
92 72
92 57
92 251
92 200
93 34
93 63
93 39
93 12
93 261
93 75
93 289
93 7
93 65
96 31
96 42
96 72
97 35
97 92
97 98
97 261
97 194
97 37
97 262
97 206
97 226
97 72
97 84
97 6
97 117
98 284
98 80
98 240
98 178
98 295
98 37
98 88
98 204
98 225
98 35
98 102
98 66
99 297
99 110
99 116
99 225
99 138
102 7
102 116
102 35
110 27
110 279
110 297
110 26
110 49
110 42
110 194
113 7
113 12
113 72
113 134
113 87
113 63
113 32
113 202
113 176
113 238
113 97
113 155
113 236
113 73
113 263
113 248
113 64
114 18
114 48
114 75
114 98
114 242
114 144
114 260
114 22
114 34
114 7
114 154
114 44
114 254
114 29
114 270
114 92
114 216
114 253
116 17
116 91
116 6
116 93
116 214
116 226
116 196
116 87
116 251
116 13
116 275
117 73
117 221
117 70
117 18
117 44
118 18
118 22
118 92
118 136
118 111
123 274
123 75
123 37
123 42
123 64
123 134
123 192
123 129
129 18
129 48
129 75
129 152
129 57
129 178
129 225
129 91
129 251
129 291
129 12
134 7
134 37
134 138
134 137
134 263
134 291
134 224
134 206
134 240
134 283
136 6
136 237
136 249
136 297
136 87
137 17
137 249
137 74
138 31
138 26
138 63
138 180
138 116
138 200
138 221
138 160
138 202
138 238
140 7
140 37
140 18
140 188
140 225
144 31
144 78
144 64
144 236
146 17
146 249
146 64
146 155
149 17
152 214
152 84
152 264
152 251
154 91
154 114
154 202
154 172
155 31
155 73
155 116
155 289
155 205
155 249
156 31
156 42
156 72
156 92
156 7
156 176
156 22
156 123
156 129
160 26
160 32
160 70
160 206
160 149
160 28
160 110
160 214
160 251
160 279
160 182
160 254
160 63
160 243
160 102
160 297
161 17
161 261
161 289
161 116
161 140
162 31
162 216
162 13
162 279
162 110
162 134
162 185
162 82
162 178
162 241
162 194
162 233
162 197
162 34
162 167
162 244
162 88
162 226
162 254
162 6
162 155
162 251
162 63
162 225
163 7
163 268
163 13
166 236
167 3
167 152
167 185
172 63
172 96
172 263
177 260
177 162
177 247
177 129
177 295
177 251
178 18
180 39
182 31
182 42
182 72
182 92
182 156
182 64
182 296
185 18
185 48
185 75
185 11
185 247
185 217
187 7
187 37
187 260
187 276
187 205
187 249
187 13
187 48
187 291
187 42
188 17
188 177
188 92
188 42
188 27
189 26
189 32
189 70
189 155
189 73
189 97
189 250
189 156
189 194
189 27
189 64
189 117
189 286
192 18
192 87
192 99
192 259
192 254
192 197
192 83
194 13
194 82
194 18
194 134
194 31
194 281
196 7
196 12
196 57
196 140
196 78
196 216
196 161
196 102
196 79
196 84
196 233
196 204
196 32
196 31
197 18
197 192
197 178
197 250
197 237
198 280
198 123
198 37
198 167
198 18
198 240
198 206
198 146
198 248
198 185
198 261
198 49
198 32
199 7
199 191
199 75
199 275
199 129
200 261
200 110
200 162
200 70
200 289
200 99
200 113
200 180
200 270
200 66
200 297
200 17
200 288
200 34
200 226
200 284
200 72
200 39
200 216
200 177
200 233
200 46
200 276
200 202
200 35
200 189
200 249
202 163
202 6
203 34
203 87
203 80
203 123
203 28
203 98
204 27
204 110
204 156
204 114
204 18
204 134
204 281
204 92
204 241
204 167
205 7
205 12
205 26
205 22
205 207
205 13
205 253
205 88
205 137
205 177
205 176
206 7
206 102
207 93
207 264
207 176
207 284
207 244
207 11
207 263
216 31
216 66
216 152
216 17
216 241
216 261
216 163
217 31
217 42
217 44
221 123
221 243
221 138
221 91
221 279
221 97
221 274
221 189
221 37
221 155
221 204
221 214
221 102
224 96
224 225
224 194
224 7
224 249
224 82
224 35
225 91
225 197
225 280
225 204
225 297
225 3
225 233
225 178
226 39
226 237
226 233
226 13
226 87
226 279
226 48
226 259
233 31
233 138
233 98
233 187
233 149
233 44
236 177
236 244
236 284
236 250
236 205
236 97
236 281
236 92
236 144
236 22
237 123
237 221
237 185
237 284
237 96
237 161
237 251
237 253
238 152
238 185
239 31
239 42
239 72
239 92
239 156
239 11
239 224
239 39
239 192
239 275
240 18
240 178
240 63
240 263
240 26
240 185
240 248
241 31
241 155
241 96
241 13
241 281
241 152
241 46
241 225
241 185
241 116
241 26
241 63
242 18
242 48
242 286
242 49
242 192
242 11
242 249
242 196
242 117
243 123
243 6
243 182
243 35
243 202
243 80
243 63
243 96
243 48
244 207
244 243
244 262
244 78
244 118
244 102
244 224
244 99
244 144
244 129
247 199
247 138
247 226
247 146
247 46
248 17
248 146
249 34
249 156
249 102
249 28
249 204
249 216
249 236
249 110
249 191
250 11
250 6
250 87
250 188
251 39
253 31
253 42
253 72
253 116
253 194
253 260
253 65
254 73
254 224
254 225
259 3
259 192
259 239
259 72
260 17
260 97
260 84
260 189
260 185
260 65
260 116
260 182
260 48
260 172
260 102
260 63
260 237
261 117
261 155
261 18
261 236
261 64
261 289
261 140
261 254
261 136
261 160
262 31
262 42
262 72
262 253
262 91
262 206
262 207
262 268
262 39
262 87
262 281
262 123
262 247
263 28
263 178
263 72
263 155
263 37
263 238
264 3
264 167
264 49
264 280
264 204
264 70
264 198
268 3
270 207
270 237
270 152
270 11
270 88
270 275
270 274
270 87
270 39
274 123
274 243
274 204
274 291
274 73
274 225
274 161
275 31
275 42
275 44
276 31
276 42
276 44
276 134
276 66
276 297
278 17
278 152
278 96
278 113
278 12
278 238
279 166
279 196
279 274
279 187
279 73
279 288
280 244
280 92
280 114
280 64
280 32
280 205
280 206
281 39
281 180
281 34
281 114
281 29
281 92
281 80
281 172
281 238
281 78
281 65
281 296
281 194
281 261
283 251
283 286
283 44
284 191
284 202
284 244
284 216
284 88
286 166
286 207
286 102
286 251
286 29
286 32
288 31
288 42
288 72
288 96
288 244
288 92
288 156
289 136
291 39
291 236
291 146
292 34
292 259
292 185
292 64
292 84
295 17
295 278
295 64
295 13
295 242
295 18
296 7
296 12
296 57
296 196
297 27
297 110
297 204
297 194
297 70
297 237
297 13
297 262
297 191
297 247
297 154
297 224
