0 277
0 11
0 167
0 296
0 284
0 217
1 0
2 0
2 1
2 261
2 218
2 110
2 117
2 198
2 163
2 95
2 291
2 247
2 90
2 187
2 212
3 0
3 1
3 252
3 239
3 203
3 12
3 272
3 22
4 0
4 1
4 3
5 0
5 1
5 2
5 51
5 29
5 77
5 284
5 55
5 216
6 0
6 1
6 3
6 137
6 296
6 112
6 206
6 190
6 33
6 202
6 131
6 9
6 71
6 19
6 146
6 263
6 179
6 130
6 283
6 270
6 127
7 0
7 1
7 3
7 6
7 117
7 28
7 42
7 58
7 252
7 288
7 61
7 27
7 65
7 126
7 82
7 134
8 0
8 1
8 3
8 6
8 202
8 33
8 122
8 94
8 45
8 239
9 0
9 1
9 3
9 6
9 8
9 173
9 81
9 35
9 187
9 69
9 67
10 0
10 1
10 3
10 4
11 0
11 1
11 3
11 6
11 8
11 282
11 245
11 191
11 175
11 45
11 150
12 0
12 1
12 3
12 136
12 146
12 156
12 261
12 259
12 165
12 285
12 255
12 215
12 201
12 224
12 117
13 0
13 1
13 3
13 6
13 8
13 9
13 148
13 57
13 294
13 38
13 183
13 60
14 0
14 1
14 3
14 6
14 107
14 268
14 106
14 182
14 167
14 56
15 0
15 1
15 3
15 4
15 35
15 136
15 62
15 271
15 238
15 131
15 153
15 181
15 268
15 243
15 57
15 288
15 22
15 158
15 19
15 48
15 265
15 229
15 98
15 113
15 230
15 203
15 30
16 0
16 1
16 3
16 4
16 15
16 227
16 268
16 24
16 294
16 234
16 128
17 0
17 1
17 3
17 6
17 8
17 9
17 13
17 99
17 246
17 226
17 141
17 111
17 204
18 0
18 1
18 3
18 4
18 15
18 16
18 219
18 111
18 250
18 81
18 82
19 0
19 1
19 177
19 86
19 50
19 58
19 136
19 299
20 0
20 1
20 3
20 4
20 10
21 0
21 1
21 3
21 4
21 10
21 24
21 259
21 131
21 194
21 173
21 53
22 0
22 1
22 3
22 6
22 288
22 36
22 165
22 13
22 69
22 5
23 0
23 1
23 3
23 4
23 10
23 293
23 55
23 21
23 29
23 62
23 212
23 236
23 7
23 67
23 44
23 262
23 48
23 171
23 81
23 289
23 101
23 12
23 45
24 0
24 1
24 3
24 6
24 22
24 177
24 88
24 2
24 90
24 246
24 159
24 19
24 195
24 190
24 192
24 241
24 212
25 0
25 1
25 3
25 6
25 8
25 9
25 13
25 4
25 146
25 92
25 200
25 251
26 0
26 1
26 2
27 0
27 1
27 3
27 6
27 7
27 234
27 8
27 181
27 156
27 96
27 293
27 145
27 236
27 137
27 148
27 23
27 4
28 0
28 1
28 3
28 4
28 15
28 36
28 44
28 135
28 262
28 35
28 204
28 89
28 248
28 202
28 200
28 79
28 214
28 102
28 75
28 285
28 250
28 181
29 0
29 1
29 2
29 26
30 0
30 1
30 3
30 4
30 10
30 21
30 110
30 144
30 217
30 266
30 61
30 163
30 233
30 296
30 140
30 29
30 277
30 291
30 6
30 264
30 241
30 168
30 221
30 2
31 0
31 1
31 2
31 23
31 85
31 97
31 223
31 62
31 43
31 144
31 121
31 51
31 127
31 58
32 0
32 1
32 3
32 4
32 10
32 23
32 16
32 63
32 144
32 253
32 47
32 96
32 295
32 20
32 83
32 165
32 198
32 45
32 181
32 2
32 26
32 224
32 221
33 0
33 1
33 3
33 4
33 10
33 20
33 281
33 152
33 270
33 116
33 99
33 132
34 0
34 1
34 19
35 0
35 1
35 3
35 6
35 8
35 9
35 179
35 79
35 149
35 60
35 77
35 138
36 0
36 1
36 3
36 4
36 10
36 20
36 90
36 167
36 268
36 236
36 114
36 201
37 0
37 1
37 3
37 4
37 10
37 21
37 30
37 160
37 57
37 279
37 76
37 103
37 128
38 0
38 1
38 19
38 34
39 0
39 1
39 3
39 4
39 15
39 204
39 113
39 143
39 276
39 55
40 0
40 1
40 3
40 4
40 15
40 39
40 68
40 47
40 104
40 154
40 62
40 33
41 0
41 1
41 3
42 0
42 1
42 3
42 6
42 22
43 0
43 1
43 3
43 4
43 15
43 39
43 40
44 0
44 1
44 3
45 0
45 1
45 3
45 41
45 36
45 243
45 66
45 115
45 139
45 295
45 121
45 162
45 163
45 210
46 0
46 1
46 3
46 41
47 0
47 1
47 3
47 6
47 7
47 27
48 0
48 1
48 3
48 4
48 10
48 21
48 142
48 137
48 18
48 264
48 55
48 256
48 266
48 144
48 96
48 41
48 161
48 35
49 0
49 1
49 3
49 41
49 46
49 83
49 192
49 102
49 72
49 115
49 73
49 150
49 208
49 147
49 60
49 50
49 137
49 29
49 298
49 288
49 236
49 245
50 0
50 1
50 3
50 4
50 15
50 39
50 40
50 144
50 172
50 20
50 280
50 114
50 108
50 297
50 26
50 231
50 185
50 63
50 104
51 0
51 1
51 3
51 4
51 10
51 21
51 133
51 52
51 41
51 42
51 20
51 34
51 61
51 219
51 279
51 168
51 82
51 238
51 143
51 76
51 109
51 169
51 293
52 0
52 1
52 2
52 31
52 96
52 292
52 168
52 20
52 226
52 268
53 0
53 1
53 3
53 4
53 15
53 39
53 40
54 0
54 1
54 2
54 5
54 213
54 176
54 282
54 290
54 200
54 107
54 183
54 249
54 193
54 80
54 285
54 287
54 276
54 261
54 173
54 103
54 234
54 68
55 0
55 1
55 3
55 4
55 15
55 39
55 40
55 43
55 249
55 180
55 155
55 113
55 31
55 179
55 30
55 21
55 243
55 63
55 59
55 127
56 0
56 1
56 3
56 4
56 10
56 20
56 36
56 167
56 77
56 173
56 216
56 197
56 107
56 75
56 7
56 105
56 208
56 146
56 42
56 123
56 154
56 131
56 54
57 0
57 1
57 3
57 6
57 8
57 101
57 189
57 184
57 52
57 248
57 251
57 155
57 169
57 46
57 225
57 152
57 96
58 0
58 1
58 3
58 4
58 15
58 39
58 40
58 53
58 71
58 246
58 280
58 87
58 111
58 186
58 298
58 153
58 274
58 80
58 217
58 254
58 251
58 252
58 115
58 90
58 214
58 238
59 0
59 1
59 3
59 4
59 10
59 20
59 33
60 0
60 1
60 2
60 26
60 262
60 209
60 194
60 35
60 187
61 0
61 1
61 3
61 4
61 10
61 20
61 33
61 59
61 38
61 289
61 34
61 46
61 218
61 206
61 181
61 49
61 123
61 216
61 32
61 75
62 0
62 1
62 3
62 6
62 7
62 27
63 0
63 1
63 2
63 26
64 0
64 1
64 3
64 6
64 7
65 0
65 1
65 3
65 6
65 8
65 9
66 0
66 1
66 3
66 6
66 8
66 134
66 275
66 27
66 108
66 48
66 139
66 245
66 91
66 208
66 171
66 85
66 196
66 255
66 25
66 54
66 269
66 274
67 0
67 1
67 3
67 4
67 15
67 39
68 0
68 1
68 2
68 5
69 0
69 1
69 3
69 6
69 7
69 27
69 62
69 124
69 275
69 198
69 130
69 25
69 201
70 0
70 1
70 3
70 41
71 0
71 1
71 2
71 128
71 278
71 173
71 90
71 274
72 0
72 1
72 3
72 6
72 8
72 9
72 13
72 17
73 0
73 1
73 3
73 6
73 8
73 9
73 13
73 17
73 72
73 54
73 51
73 226
73 147
73 91
73 50
73 220
73 155
73 77
73 120
73 76
74 0
74 1
74 3
74 6
74 7
74 121
74 4
74 218
74 58
74 291
74 191
74 287
74 70
74 180
74 64
74 171
74 112
75 0
75 1
75 3
75 6
75 8
75 205
75 29
75 24
75 209
75 270
75 202
76 0
76 1
76 3
76 4
76 15
76 39
76 40
76 289
76 266
76 165
76 43
76 167
76 183
77 0
77 1
77 19
77 34
77 183
77 234
77 158
77 273
77 198
77 230
78 0
78 1
78 2
78 5
79 0
79 1
79 2
79 26
79 63
80 0
80 1
80 2
80 26
80 63
81 0
81 1
81 3
81 6
81 8
81 11
82 0
82 1
82 3
82 4
82 10
82 20
82 33
83 0
83 1
83 3
83 6
83 7
83 64
84 0
84 1
84 3
84 6
84 8
84 9
84 13
84 25
85 0
85 1
85 3
85 6
85 7
85 74
85 210
85 242
85 59
85 143
85 215
85 38
85 125
85 220
85 269
85 140
85 116
85 184
86 0
86 1
86 3
86 4
86 10
86 20
86 36
86 224
86 290
86 50
86 211
86 100
86 69
86 287
86 269
86 90
86 105
87 0
87 1
87 3
87 4
87 10
87 20
87 36
87 256
87 190
87 30
87 162
87 98
87 282
88 0
88 1
88 2
88 26
88 63
88 292
88 258
88 177
88 109
88 259
89 0
89 1
89 3
89 6
89 8
89 9
89 13
89 17
89 72
89 260
89 215
89 32
89 282
89 75
89 299
90 0
90 1
90 3
90 6
90 22
90 125
90 28
90 190
90 21
90 160
90 66
91 0
91 1
91 3
91 4
91 15
91 28
91 116
91 146
91 54
91 202
91 136
91 189
91 285
91 195
91 96
91 255
91 180
91 57
91 24
91 254
91 260
91 188
91 59
91 130
91 212
91 103
91 200
91 61
91 120
92 0
92 1
92 3
92 6
92 7
92 27
92 62
92 69
92 121
92 65
92 124
92 185
92 75
92 235
92 180
92 232
92 289
92 147
92 64
92 52
93 0
93 1
93 3
93 4
93 15
93 16
93 18
93 97
93 10
93 184
93 180
93 203
93 297
93 237
93 134
93 139
93 217
93 156
93 225
93 174
93 31
93 169
93 48
93 94
93 51
93 63
93 73
93 136
93 44
93 43
94 0
94 1
94 3
94 4
94 10
94 21
94 30
94 37
95 0
95 1
95 3
95 4
95 15
95 39
95 40
96 0
96 1
96 19
96 218
96 278
96 207
96 104
96 229
96 248
96 89
96 299
96 75
96 44
96 220
96 48
96 175
96 216
96 228
96 259
96 15
96 7
96 122
96 113
96 143
96 92
97 0
97 1
97 3
97 4
97 15
97 39
97 40
97 95
97 196
97 133
97 23
97 132
97 174
97 234
98 0
98 1
98 3
98 4
98 15
98 39
98 40
98 50
98 113
98 58
98 180
98 190
98 184
99 0
99 1
99 3
99 6
99 8
99 9
99 13
99 17
99 72
99 73
99 292
99 234
99 256
99 120
99 67
99 106
100 0
100 1
100 3
100 4
100 15
100 16
100 18
101 0
101 1
101 3
101 6
101 8
101 9
101 13
101 17
102 0
102 1
102 3
102 6
102 8
102 75
103 0
103 1
103 3
103 6
103 8
103 66
104 0
104 1
104 3
104 6
104 8
104 9
104 13
104 17
104 72
104 89
105 0
105 1
105 3
105 6
105 7
105 27
105 62
105 69
105 92
105 83
105 221
105 164
105 215
105 31
105 15
105 113
105 198
105 163
105 263
105 37
105 157
106 0
106 1
106 3
106 41
106 46
106 49
106 277
106 216
106 52
106 92
106 117
106 212
107 0
107 1
107 3
107 4
107 10
107 20
107 33
107 131
107 154
107 189
107 255
107 269
107 70
107 27
107 173
107 248
107 232
107 90
107 133
107 22
107 168
107 277
107 299
107 42
107 8
108 0
108 1
108 3
108 6
108 8
108 9
108 13
108 17
108 72
108 89
109 0
109 1
109 3
109 4
109 15
109 37
109 111
109 17
109 225
109 262
109 205
109 258
109 190
109 229
109 224
109 257
109 157
109 85
109 242
109 2
109 113
109 238
110 0
110 1
110 2
110 71
111 0
111 1
111 3
111 6
111 8
111 9
111 13
111 98
111 40
111 132
111 238
111 11
111 145
112 0
112 1
112 3
112 6
112 68
112 31
112 241
112 249
112 20
113 0
113 1
113 3
113 6
113 7
113 38
113 235
113 234
113 258
113 53
113 48
113 70
113 227
113 167
113 278
113 214
113 159
113 8
113 79
113 66
113 102
113 198
113 277
114 0
114 1
114 3
114 4
114 15
114 109
114 23
114 149
114 266
114 22
114 257
114 40
115 0
115 1
115 2
115 26
115 60
115 131
115 3
115 235
115 137
115 268
115 8
115 147
115 101
115 299
115 28
115 105
115 172
116 0
116 1
116 3
116 4
116 15
117 0
117 1
117 3
117 6
117 8
117 9
117 13
117 215
117 247
117 173
117 248
117 61
117 111
117 272
117 175
117 262
117 103
117 241
117 26
118 0
118 1
118 3
118 6
118 7
118 64
118 83
118 129
118 232
118 189
118 219
118 197
118 70
119 0
119 1
119 3
119 4
119 15
119 39
119 40
119 50
119 98
119 69
119 73
119 254
119 206
119 226
119 278
119 123
119 245
119 145
119 179
119 263
119 166
120 0
120 1
120 3
120 4
120 10
120 20
120 36
121 0
121 1
121 2
121 26
121 63
121 88
121 12
121 241
121 163
121 236
121 210
121 213
121 262
121 207
121 189
121 28
121 18
121 41
122 0
122 1
122 3
122 6
122 7
122 27
122 62
122 231
122 73
122 200
122 246
122 203
123 0
123 1
123 3
123 4
123 15
123 109
123 114
123 265
123 161
123 32
123 298
123 60
123 176
124 0
124 1
124 3
124 4
124 15
124 39
124 40
124 260
124 83
124 26
124 205
124 265
124 152
125 0
125 1
125 3
125 6
125 8
125 9
125 13
125 234
125 195
125 130
125 42
125 126
125 121
126 0
126 1
126 3
126 4
126 15
126 16
126 18
126 93
126 223
126 74
126 236
126 163
126 267
126 12
126 60
126 98
126 209
126 70
126 284
127 0
127 1
127 3
127 4
127 10
127 20
127 36
127 120
127 101
127 282
127 124
127 230
127 164
127 138
128 0
128 1
128 3
128 4
128 15
128 109
129 0
129 1
129 3
129 6
129 8
129 57
130 0
130 1
130 3
130 6
130 7
130 64
130 83
130 37
130 286
130 225
130 116
130 73
130 281
131 0
131 1
131 3
131 6
131 8
131 11
131 81
131 20
131 18
131 55
131 257
131 239
131 210
131 283
131 295
131 110
131 290
131 178
131 263
132 0
132 1
132 3
132 6
132 7
132 27
132 62
132 69
132 92
132 105
132 170
132 298
132 87
132 210
132 150
133 0
133 1
133 3
133 4
133 10
133 20
133 36
134 0
134 1
134 3
134 6
134 8
134 9
134 13
134 17
134 72
134 89
135 0
135 1
135 3
135 4
135 10
135 21
135 30
135 138
135 147
135 86
135 132
135 259
135 274
136 0
136 1
136 3
136 6
136 8
136 9
136 13
136 17
136 200
136 234
136 127
136 191
136 61
136 147
137 0
137 1
137 19
137 96
137 101
137 55
137 210
137 134
137 56
137 119
137 238
137 94
137 214
137 88
137 8
138 0
138 1
138 3
138 41
138 46
138 49
139 0
139 1
139 3
139 4
139 10
139 21
139 48
139 294
139 178
139 7
139 186
139 60
139 224
139 119
139 74
139 53
139 286
139 49
139 296
140 0
140 1
140 3
140 17
140 30
140 187
140 205
140 58
140 111
141 0
141 1
141 3
141 4
141 10
141 20
141 33
141 82
142 0
142 1
142 3
142 6
142 22
142 90
142 66
142 251
142 282
142 129
142 198
142 132
142 298
142 189
142 201
142 120
142 49
142 143
143 0
143 1
143 3
143 4
143 10
143 20
143 36
143 56
143 214
143 64
143 83
143 222
143 89
143 176
144 0
144 1
144 2
144 26
144 60
145 0
145 1
145 3
145 6
145 8
145 9
145 13
145 125
145 116
145 142
145 166
145 69
145 117
145 182
145 44
145 224
145 94
145 295
145 176
145 217
146 0
146 1
146 3
146 6
146 112
146 122
146 93
146 172
146 126
146 290
146 99
146 263
146 165
146 205
146 272
146 92
146 229
147 0
147 1
147 3
147 4
147 15
147 39
147 40
147 43
148 0
148 1
148 2
148 71
148 110
148 230
148 4
148 224
148 81
148 193
148 218
149 0
149 1
149 19
149 96
149 137
149 236
149 294
149 233
149 112
149 37
149 185
150 0
150 1
150 3
150 6
150 7
150 27
150 47
150 228
150 32
150 183
150 253
150 269
150 40
151 0
151 1
151 3
151 4
151 15
151 109
151 114
151 123
151 31
151 199
151 221
151 124
151 131
151 265
151 200
151 41
151 70
151 295
151 162
151 77
152 0
152 1
152 3
152 6
152 7
152 66
152 284
152 248
152 167
152 34
152 235
152 225
152 12
152 116
152 38
152 269
152 184
152 56
152 74
152 110
152 232
152 278
152 13
152 209
152 249
152 8
152 197
152 279
152 190
152 204
152 89
152 287
152 175
152 275
153 0
153 1
153 3
153 4
153 15
153 16
153 18
153 51
153 254
153 261
153 67
153 48
153 150
153 172
153 283
153 179
153 165
153 291
153 223
153 76
153 58
153 19
153 55
153 170
154 0
154 1
154 3
154 6
154 8
154 9
154 13
154 25
155 0
155 1
155 3
155 6
155 8
155 57
155 129
156 0
156 1
156 3
156 41
156 46
156 49
156 138
157 0
157 1
157 3
157 6
157 8
157 9
157 13
157 25
157 185
157 82
157 51
157 116
157 249
157 26
157 271
157 205
157 36
157 242
157 78
157 287
158 0
158 1
158 3
158 4
158 15
158 39
158 40
158 76
158 78
158 256
158 157
158 131
158 237
158 122
158 153
158 210
158 163
158 6
158 67
158 16
158 234
158 200
158 287
158 170
158 95
159 0
159 1
159 3
159 4
159 10
159 20
159 33
160 0
160 1
160 3
160 4
160 15
160 7
160 98
160 103
160 27
160 121
160 203
160 35
160 23
160 165
160 183
160 174
160 255
160 282
160 109
160 285
160 126
160 254
161 0
161 1
161 3
161 6
161 7
161 74
161 112
161 65
161 169
161 279
161 264
161 108
162 0
162 1
162 3
162 6
162 112
162 146
162 206
162 209
162 131
162 135
162 201
162 51
162 119
162 31
162 289
162 121
162 254
163 0
163 1
163 3
163 4
163 15
163 109
163 78
163 168
163 210
163 143
163 180
163 23
164 0
164 1
164 2
164 5
164 54
164 106
164 56
164 211
164 281
164 234
164 274
165 0
165 1
165 3
165 6
165 7
165 64
166 0
166 1
166 2
166 26
166 63
166 88
166 118
166 12
166 10
166 202
166 291
167 0
167 1
167 3
168 0
168 1
168 3
168 4
168 15
168 116
168 268
168 57
168 104
168 282
168 107
168 288
168 166
168 234
168 229
168 39
168 238
169 0
169 1
169 3
169 4
169 10
169 21
169 87
169 205
169 131
169 116
169 9
170 0
170 1
170 3
170 4
170 10
170 21
170 30
170 77
170 47
170 140
170 80
170 149
170 248
170 35
170 68
170 73
170 192
170 127
170 196
171 0
171 1
171 3
171 6
171 8
171 9
171 13
171 17
171 136
172 0
172 1
172 3
172 6
172 7
172 27
172 62
172 69
172 92
172 105
172 132
172 165
172 50
172 282
172 199
172 196
172 275
173 0
173 1
173 3
173 4
173 15
173 109
173 114
173 123
173 200
173 113
173 146
173 217
173 147
173 46
173 144
173 57
173 37
173 194
173 254
173 260
173 282
173 229
173 179
173 53
173 224
173 135
174 0
174 1
174 3
174 6
174 8
174 9
174 35
174 135
174 247
174 21
174 106
174 13
174 230
175 0
175 1
175 3
175 4
175 15
175 39
175 40
175 124
176 0
176 1
176 2
176 71
176 110
177 0
177 1
177 3
177 4
177 10
177 21
177 30
177 170
178 0
178 1
178 3
178 6
178 8
178 9
178 58
178 63
178 157
178 22
178 52
178 264
178 154
178 78
178 279
178 198
178 81
178 88
178 107
178 291
178 37
178 56
178 141
178 252
179 0
179 1
179 3
179 41
179 46
179 49
179 138
179 156
180 0
180 1
180 3
180 4
180 15
180 39
180 40
180 43
180 222
180 298
180 144
180 61
180 193
180 207
181 0
181 1
181 3
181 6
181 7
181 27
181 62
181 69
181 92
181 105
181 132
181 172
181 146
181 289
181 184
181 37
181 245
181 32
182 0
182 1
182 3
182 4
182 15
182 39
182 40
182 124
182 175
182 99
182 258
182 142
182 70
182 12
182 299
182 134
182 209
182 33
182 21
182 222
183 0
183 1
183 2
183 5
184 0
184 1
184 3
184 4
184 15
184 39
184 40
184 53
184 58
184 63
184 105
184 130
184 195
184 193
184 8
185 0
185 1
185 3
185 4
185 10
185 20
185 36
185 133
185 268
185 271
185 203
185 80
185 284
185 217
185 293
185 46
185 240
185 87
185 15
185 267
186 0
186 1
186 3
186 4
186 10
186 21
186 30
186 170
186 31
186 114
186 44
186 54
187 0
187 1
187 3
187 41
187 46
187 49
187 138
188 0
188 1
188 3
188 6
188 8
188 9
188 13
188 17
188 72
188 73
188 99
188 174
188 206
188 241
188 127
188 184
188 15
189 0
189 1
189 3
189 6
189 8
189 9
189 13
189 25
190 0
190 1
190 2
190 71
190 110
190 148
190 130
190 38
190 141
190 233
190 67
190 41
190 77
190 5
190 179
190 7
190 10
190 53
190 146
190 240
190 294
190 168
191 0
191 1
191 3
191 6
191 7
191 27
191 62
191 122
191 38
191 161
191 172
191 14
191 252
191 97
192 0
192 1
192 3
192 4
192 15
192 16
192 18
193 0
193 1
193 3
193 44
193 60
193 297
193 89
193 208
193 64
193 284
194 0
194 1
194 3
194 6
194 7
194 27
194 42
194 141
194 288
194 196
194 262
194 283
195 0
195 1
195 3
195 4
195 15
195 39
195 40
195 76
195 204
195 10
195 21
195 246
195 294
195 224
195 84
195 66
195 138
195 36
195 153
196 0
196 1
196 3
196 4
196 10
196 20
196 36
196 56
196 143
196 164
196 13
196 198
196 209
196 46
196 35
196 66
196 187
196 145
196 137
196 108
196 21
196 59
196 280
196 262
196 70
196 286
196 167
196 40
196 166
196 298
196 232
197 0
197 1
197 3
197 4
197 10
197 20
197 36
197 120
198 0
198 1
198 3
198 6
198 7
198 27
198 194
199 0
199 1
199 2
199 26
199 60
199 115
199 14
199 289
199 264
199 88
199 45
199 267
199 227
199 56
199 135
199 59
199 99
199 164
200 0
200 1
200 3
200 4
200 15
200 28
200 91
201 0
201 1
201 3
201 4
201 15
201 39
201 40
201 43
201 180
202 0
202 1
202 3
202 4
202 15
202 109
202 128
202 205
202 176
202 161
202 164
202 65
202 58
203 0
203 1
203 3
203 6
203 8
203 57
203 129
203 155
203 180
203 47
203 286
203 284
203 91
203 285
203 260
203 60
203 76
203 157
203 69
203 74
204 0
204 1
204 3
204 4
204 15
204 116
205 0
205 1
205 3
205 4
205 15
205 39
205 40
205 95
206 0
206 1
206 3
206 6
206 8
206 9
206 13
206 111
207 0
207 1
207 3
207 4
207 10
207 20
207 36
207 56
207 143
207 196
208 0
208 1
208 2
208 26
208 63
208 79
208 116
208 153
208 96
208 106
208 243
208 267
209 0
209 1
209 3
209 41
209 46
209 49
209 106
210 0
210 1
210 3
210 6
210 22
210 90
210 142
210 196
210 202
210 163
210 31
210 148
210 278
210 70
210 164
210 285
210 25
210 45
210 229
210 160
210 267
210 246
210 170
210 136
211 0
211 1
211 3
211 44
211 116
211 219
211 274
211 113
211 175
211 207
211 224
211 129
211 210
211 253
211 192
211 280
212 0
212 1
212 19
212 108
212 3
212 182
212 183
212 282
212 295
212 176
212 179
212 213
212 29
212 162
212 23
213 0
213 1
213 3
213 6
213 7
213 27
213 62
213 69
213 92
213 105
213 132
213 172
213 80
213 103
213 240
213 214
213 227
213 134
213 297
213 126
213 63
213 217
214 0
214 1
214 3
214 6
214 7
214 27
214 62
214 69
214 92
214 105
214 132
214 172
214 165
214 102
214 224
214 2
214 250
214 263
214 42
214 216
214 67
214 78
214 11
214 25
214 96
214 297
214 285
214 197
214 272
215 0
215 1
215 3
215 6
215 7
215 27
215 47
215 150
215 112
215 237
215 39
215 205
215 168
215 121
216 0
216 1
216 2
216 5
216 183
216 167
216 94
216 91
216 185
216 65
216 55
217 0
217 1
217 2
217 5
217 183
217 216
218 0
218 1
218 3
218 4
218 15
218 16
219 0
219 1
219 3
219 6
219 112
219 163
219 147
219 68
219 8
219 152
219 86
219 169
219 202
219 47
219 268
219 183
219 292
219 35
219 149
219 155
219 178
219 48
219 259
219 84
219 132
219 110
219 81
219 296
219 134
219 203
219 24
220 0
220 1
220 2
220 26
220 60
220 115
220 199
221 0
221 1
221 3
221 6
221 7
221 27
221 62
221 69
221 92
221 105
221 132
221 172
221 181
221 179
221 244
221 98
221 216
221 234
221 110
222 0
222 1
222 19
222 96
222 137
222 263
222 299
222 89
222 111
222 259
222 14
222 154
222 249
222 6
222 279
222 126
222 214
223 0
223 1
223 3
223 6
223 8
223 75
223 58
223 191
223 243
223 104
223 88
223 237
223 125
223 16
223 276
223 215
223 47
224 0
224 1
224 3
224 4
224 15
224 116
224 204
225 0
225 1
225 3
225 6
225 8
225 11
225 81
225 107
225 270
225 145
225 186
225 200
225 54
225 103
225 59
225 292
225 7
225 23
225 282
226 0
226 1
226 3
226 4
226 10
226 21
226 30
226 37
227 0
227 1
227 3
227 6
227 8
227 11
227 81
227 225
227 289
227 212
227 196
227 293
227 220
227 260
228 0
228 1
228 3
228 4
228 10
228 20
228 33
228 82
228 130
228 150
228 40
228 37
228 193
228 186
228 94
228 90
228 213
228 247
228 262
228 191
229 0
229 1
229 3
229 4
229 15
229 109
229 128
230 0
230 1
230 3
230 6
230 8
230 9
230 13
230 25
230 264
230 110
230 17
230 127
230 222
230 141
230 215
230 78
230 29
230 114
230 11
230 37
230 77
230 14
230 220
230 257
231 0
231 1
231 19
231 34
231 77
231 86
231 221
231 27
231 76
231 137
231 246
231 117
231 266
231 44
231 30
231 18
231 113
232 0
232 1
232 19
232 34
232 180
232 40
232 169
232 160
232 79
232 112
233 0
233 1
233 3
233 4
233 10
233 21
233 48
233 139
233 170
233 211
233 19
233 141
234 0
234 1
234 3
234 6
234 8
234 9
234 13
234 125
234 145
234 96
234 263
234 295
234 107
234 268
234 291
234 109
234 103
234 48
234 65
234 188
234 238
234 84
234 191
234 283
234 266
234 128
234 110
235 0
235 1
235 3
235 4
235 10
235 21
235 30
235 170
235 294
235 187
235 298
235 242
235 39
235 109
236 0
236 1
236 3
236 6
236 8
236 9
236 13
236 25
236 84
236 212
236 225
236 134
236 42
236 155
236 298
237 0
237 1
237 3
237 6
237 7
237 64
237 165
238 0
238 1
238 3
238 6
238 8
238 9
238 13
238 25
238 189
238 228
238 222
238 207
238 219
238 165
238 55
238 224
238 15
238 252
238 195
238 7
238 126
238 235
238 248
238 288
238 156
238 134
238 185
239 0
239 1
239 3
239 6
239 8
239 9
239 13
239 17
239 72
239 73
239 99
239 188
239 109
239 275
239 49
239 39
239 171
239 86
239 180
239 24
239 51
239 167
239 22
239 53
240 0
240 1
240 3
240 4
240 10
240 20
240 36
240 56
240 165
240 68
240 239
240 235
240 299
240 140
240 113
240 257
240 245
240 105
240 106
240 173
240 104
240 241
240 134
240 176
240 282
240 248
241 0
241 1
241 3
241 6
241 7
241 64
241 165
241 237
242 0
242 1
242 3
242 6
242 8
242 9
242 13
242 17
242 136
242 171
242 241
242 44
242 46
242 144
242 56
242 35
242 258
242 32
242 97
242 85
242 181
242 229
242 50
242 140
242 33
242 45
242 109
242 224
242 277
242 239
242 72
242 243
242 26
243 0
243 1
243 3
243 6
243 8
243 9
243 13
243 25
243 84
243 236
243 154
243 134
243 69
243 144
243 108
243 207
243 40
243 294
243 54
243 66
243 162
243 135
243 24
243 278
243 217
243 64
243 172
244 0
244 1
244 2
244 71
244 110
245 0
245 1
245 3
245 4
245 10
245 21
245 30
245 170
245 235
245 31
245 150
245 299
245 263
245 75
245 182
245 92
245 116
245 236
245 32
245 287
246 0
246 1
246 2
246 26
246 63
246 46
246 110
246 254
246 141
246 290
246 236
247 0
247 1
247 3
247 4
247 15
247 16
247 18
247 153
247 6
247 234
247 89
247 38
247 96
247 156
247 160
247 261
247 142
247 227
248 0
248 1
248 3
248 6
248 7
248 152
249 0
249 1
249 2
249 31
249 52
249 30
249 3
249 80
249 24
249 281
249 209
249 211
249 201
249 220
249 159
249 125
249 61
250 0
250 1
250 3
250 4
250 15
250 39
250 40
250 124
250 175
250 182
250 66
250 207
250 81
250 44
250 165
250 279
250 267
250 73
250 204
250 33
250 151
251 0
251 1
251 3
251 4
251 10
251 21
251 48
251 139
251 145
251 173
251 196
251 289
251 208
251 207
251 187
251 16
251 136
251 190
251 243
251 29
252 0
252 1
252 3
252 6
252 8
252 9
252 13
252 17
252 72
252 73
252 99
252 188
252 239
253 0
253 1
253 2
253 26
253 63
253 246
253 111
253 136
253 24
253 76
253 85
253 291
254 0
254 1
254 3
254 4
254 10
254 20
254 36
254 56
254 143
255 0
255 1
255 3
255 6
255 7
255 64
255 83
255 66
255 103
255 249
255 238
255 94
255 190
256 0
256 1
256 2
256 26
256 60
256 144
257 0
257 1
257 3
257 4
257 15
257 16
257 18
257 93
257 187
257 82
257 159
257 145
257 68
257 43
257 58
257 150
257 280
257 172
257 148
258 0
258 1
258 3
258 6
258 7
258 27
258 62
258 69
258 92
258 105
258 132
258 172
258 181
258 292
258 61
258 197
258 278
258 86
258 295
258 203
258 176
258 253
258 31
258 164
258 114
259 0
259 1
259 3
259 44
259 276
259 96
259 266
259 186
259 257
259 194
259 169
259 69
259 229
259 223
259 61
259 76
259 14
259 90
259 277
259 282
259 51
259 285
260 0
260 1
260 2
260 26
260 63
260 246
261 0
261 1
261 3
261 4
261 10
261 21
261 48
261 139
261 193
261 148
261 178
261 141
261 208
261 93
261 144
261 136
261 23
261 95
261 295
261 156
261 289
261 284
261 199
261 24
261 246
261 255
261 274
261 262
261 185
261 297
261 214
261 66
261 254
261 92
261 180
261 230
261 197
262 0
262 1
262 3
262 4
262 15
262 109
262 128
262 202
262 207
262 19
262 85
262 130
262 58
263 0
263 1
263 3
263 4
263 10
263 20
263 33
263 206
263 213
263 169
263 21
263 85
263 61
263 299
263 269
263 161
263 227
263 92
263 83
263 256
263 134
263 230
263 41
263 44
263 218
263 109
263 189
263 122
264 0
264 1
264 3
264 4
264 10
264 20
264 36
264 56
264 143
264 196
264 207
265 0
265 1
265 3
265 4
265 15
265 39
265 40
265 50
265 98
265 119
266 0
266 1
266 3
266 6
266 112
267 0
267 1
267 3
267 6
267 8
267 9
267 13
267 125
267 46
267 291
267 118
267 29
267 265
267 101
267 44
267 43
267 39
267 241
267 234
267 72
267 122
267 34
267 130
267 45
267 171
267 37
267 14
267 138
267 4
267 150
267 81
267 106
268 0
268 1
268 3
268 41
268 70
269 0
269 197
269 185
269 244
269 249
269 173
269 280
269 225
269 57
269 114
269 135
269 201
269 89
270 0
270 1
270 2
270 26
270 63
270 88
270 121
271 0
271 1
271 3
271 6
271 8
271 9
271 13
271 111
271 206
271 180
271 11
271 75
271 16
271 2
271 86
272 0
272 1
272 19
272 34
272 232
273 0
273 1
273 3
273 4
273 15
273 39
273 40
273 53
273 58
273 184
273 201
273 92
273 206
273 174
273 253
273 200
274 0
274 1
274 3
274 6
274 22
274 24
275 0
275 1
275 3
275 4
275 15
275 109
275 128
275 202
275 262
275 261
275 134
275 100
275 140
275 286
276 0
276 1
276 3
276 41
276 45
277 0
277 1
277 3
277 6
277 8
277 9
277 13
277 25
277 84
277 236
277 243
277 72
277 212
277 227
277 198
277 109
277 154
277 255
277 266
277 97
277 94
277 297
277 279
277 144
277 101
277 105
277 143
278 0
278 1
278 3
278 4
278 10
278 21
278 30
278 135
278 74
278 284
278 45
278 19
278 34
278 103
279 0
279 1
279 2
279 26
279 29
279 118
279 134
279 150
279 94
279 121
279 266
279 166
279 198
279 114
279 194
279 221
279 78
280 0
280 1
280 3
280 4
280 15
280 39
280 67
280 73
280 264
280 36
280 217
280 219
280 29
280 178
280 191
280 161
280 33
280 106
280 84
280 288
280 130
280 254
280 297
280 163
280 154
280 51
280 229
280 128
280 169
280 262
281 0
281 1
281 3
281 6
281 8
281 9
281 13
281 25
281 84
282 0
282 1
282 3
282 167
283 0
283 1
283 3
283 6
283 8
283 9
283 207
283 7
283 155
283 138
283 221
283 215
283 101
283 234
283 84
283 114
283 29
283 182
284 0
284 1
284 3
284 6
284 8
284 9
284 13
284 17
284 72
284 73
284 99
284 188
284 239
284 252
284 197
284 210
284 268
284 48
284 287
284 74
285 0
285 1
285 2
285 71
285 110
285 148
286 0
286 1
286 3
286 4
286 15
286 109
286 128
286 202
286 262
286 152
286 34
286 18
286 21
286 297
286 199
287 0
287 1
287 2
287 26
287 29
287 279
287 161
287 202
287 111
287 206
287 265
288 0
288 1
288 3
288 6
288 7
288 27
288 47
288 150
288 215
288 4
288 194
288 181
288 26
288 37
288 52
289 0
289 1
289 3
289 4
289 10
289 21
289 30
289 37
289 94
289 131
289 166
289 140
289 96
289 254
289 261
290 0
290 1
290 3
290 6
290 7
290 152
290 248
290 77
290 299
290 184
290 151
290 24
290 58
290 274
290 186
290 69
290 28
290 168
290 221
290 15
290 193
290 206
290 283
290 86
290 63
291 0
291 1
291 3
291 4
291 15
291 39
291 40
291 124
291 175
291 182
291 250
291 155
291 245
291 210
291 177
291 82
291 146
292 0
292 1
292 3
292 4
292 15
292 39
292 40
292 53
292 58
292 184
292 273
292 210
292 232
292 46
292 111
292 170
292 13
293 0
293 1
293 3
293 6
293 7
293 27
293 62
293 69
293 92
293 105
293 132
293 172
293 181
293 221
293 273
293 197
293 144
293 75
293 288
293 185
294 0
294 1
294 3
294 6
294 8
294 9
294 13
294 25
294 154
295 0
295 1
295 3
295 4
295 15
295 16
295 18
295 100
296 0
296 1
296 3
296 6
296 8
296 75
296 223
296 205
296 106
296 38
296 209
296 61
296 282
297 0
297 1
297 3
297 6
297 8
297 9
297 13
297 25
297 230
297 167
297 150
297 95
297 139
297 197
297 5
298 0
298 1
298 3
298 6
298 8
298 9
298 13
298 125
298 145
298 234
298 201
298 96
298 22
298 49
298 158
298 64
298 152
298 123
298 139
298 268
298 290
298 206
299 0
299 1
299 2
299 26
299 60
299 115
299 199
299 220
299 234
299 63
299 267
299 223
299 256
299 136
