0 284
0 296
0 RECV3
0 RECV4
0 RECV7
0 RECV8
0 RECV9
0 RECV14
0 RECV17
0 RECV18
0 RECV21
0 RECV26
0 RECV31
0 RECV32
0 RECV36
0 RECV41
0 RECV44
0 RECV46
0 RECV50
0 RECV52
0 RECV55
0 RECV56
0 RECV59
0 RECV70
0 RECV71
0 RECV72
0 RECV75
0 RECV80
0 RECV88
0 RECV90
0 RECV93
0 RECV95
0 RECV97
0 RECV98
0 RECV99
4 0
4 RECV11
4 RECV42
4 RECV55
4 RECV56
4 RECV81
4 RECV87
4 RECV97
4 RECV99
5 0
5 51
5 216
5 284
5 RECV5
5 RECV6
5 RECV11
5 RECV26
5 RECV28
5 RECV35
5 RECV39
5 RECV45
5 RECV68
5 RECV80
6 0
6 9
6 19
6 33
6 71
6 112
6 130
6 137
6 179
6 190
6 263
6 270
6 283
6 296
6 RECV31
6 RECV42
6 RECV64
6 RECV76
7 0
7 6
7 28
7 42
7 58
7 65
7 82
7 117
7 252
7 RECV0
7 RECV10
7 RECV12
7 RECV21
7 RECV25
7 RECV27
7 RECV28
7 RECV43
7 RECV52
7 RECV54
7 RECV65
7 RECV67
7 RECV68
7 RECV80
7 RECV81
7 RECV88
9 0
9 6
9 69
9 81
9 173
9 187
9 RECV5
9 RECV61
9 RECV95
10 0
10 4
10 RECV2
10 RECV9
10 RECV31
10 RECV38
10 RECV52
10 RECV65
10 RECV74
10 RECV79
10 RECV89
14 0
14 6
14 56
14 107
14 268
14 RECV1
14 RECV25
14 RECV29
14 RECV31
14 RECV79
16 0
16 4
16 128
16 227
16 234
16 268
16 294
16 RECV2
16 RECV5
16 RECV13
16 RECV14
16 RECV25
16 RECV37
16 RECV59
16 RECV62
16 RECV70
16 RECV83
16 RECV89
16 RECV97
17 0
17 6
17 9
17 111
17 141
17 204
17 226
17 RECV29
17 RECV56
17 RECV65
17 RECV66
17 RECV69
17 RECV72
17 RECV76
17 RECV83
18 0
18 4
18 16
18 81
18 82
18 111
18 219
18 250
18 RECV10
18 RECV39
18 RECV43
18 RECV53
18 RECV77
18 RECV85
18 RECV92
19 0
19 50
19 58
19 86
19 136
19 177
19 299
19 RECV30
22 0
22 5
22 6
22 36
22 69
22 165
22 RECV20
22 RECV25
22 RECV47
22 RECV51
22 RECV53
22 RECV64
22 RECV93
23 0
23 4
23 7
23 10
23 45
23 48
23 62
23 81
23 171
23 236
23 262
23 289
23 293
23 RECV91
25 0
25 4
25 6
25 9
25 92
25 200
25 RECV52
25 RECV94
26 0
26 RECV14
26 RECV54
28 0
28 4
28 36
28 79
28 89
28 102
28 200
28 204
28 214
28 250
28 262
28 RECV13
28 RECV17
28 RECV26
28 RECV29
28 RECV45
28 RECV73
28 RECV76
28 RECV89
28 RECV90
28 RECV98
31 0
31 23
31 43
31 51
31 58
31 62
31 97
31 144
31 223
31 RECV0
31 RECV21
31 RECV68
31 RECV81
31 RECV85
33 0
33 4
33 10
33 116
33 132
33 270
33 281
33 RECV17
33 RECV21
33 RECV23
33 RECV32
33 RECV70
33 RECV75
33 RECV82
33 RECV94
34 0
34 19
34 RECV58
34 RECV60
36 0
36 4
36 10
36 201
36 236
36 268
36 RECV7
36 RECV10
36 RECV40
36 RECV42
36 RECV47
36 RECV60
36 RECV88
36 RECV92
36 RECV96
36 RECV99
39 0
39 4
39 113
39 204
39 RECV8
39 RECV59
39 RECV99
40 0
40 4
40 33
40 39
40 62
40 68
40 104
40 154
40 RECV72
41 0
41 RECV17
41 RECV55
41 RECV72
42 0
42 6
42 22
42 RECV0
42 RECV14
42 RECV24
42 RECV28
42 RECV39
42 RECV40
42 RECV50
42 RECV60
42 RECV71
42 RECV77
43 0
43 4
43 39
43 40
43 RECV2
43 RECV15
43 RECV52
43 RECV76
45 0
45 36
45 41
45 115
45 139
45 295
45 RECV13
45 RECV22
45 RECV52
45 RECV91
46 0
46 41
46 RECV18
46 RECV35
46 RECV79
48 0
48 4
48 10
48 18
48 41
48 96
48 137
48 144
48 161
48 256
48 266
48 RECV0
48 RECV2
48 RECV60
48 RECV65
48 RECV67
49 0
49 41
49 46
49 50
49 60
49 72
49 73
49 102
49 115
49 137
49 147
49 192
49 208
49 236
49 298
49 RECV10
49 RECV25
50 0
50 4
50 26
50 39
50 40
50 63
50 104
50 108
50 144
50 172
50 185
50 231
50 280
50 RECV0
51 0
51 4
51 10
51 34
51 41
51 42
51 52
51 76
51 82
51 109
51 133
51 169
51 219
51 293
52 0
52 31
52 96
52 226
52 268
52 292
52 RECV3
52 RECV7
52 RECV12
52 RECV15
52 RECV36
52 RECV42
52 RECV57
52 RECV63
52 RECV66
52 RECV76
52 RECV77
52 RECV86
52 RECV95
52 RECV97
53 0
53 4
53 39
53 40
53 RECV6
53 RECV26
53 RECV62
53 RECV75
53 RECV88
54 0
54 5
54 68
54 103
54 107
54 173
54 176
54 183
54 193
54 200
54 234
54 249
54 261
54 282
54 290
54 RECV4
54 RECV6
54 RECV52
54 RECV54
54 RECV63
54 RECV80
54 RECV86
56 0
56 4
56 7
56 10
56 36
56 42
56 54
56 105
56 107
56 123
56 154
56 173
56 197
56 208
56 216
56 RECV10
56 RECV97
58 0
58 4
58 39
58 40
58 53
58 71
58 111
58 115
58 153
58 186
58 214
58 252
58 274
58 280
58 298
58 RECV3
58 RECV5
58 RECV15
58 RECV31
58 RECV60
58 RECV61
58 RECV93
59 0
59 4
59 10
59 33
59 RECV22
59 RECV25
59 RECV52
59 RECV85
60 0
60 26
60 187
60 194
60 209
60 262
60 RECV4
60 RECV89
62 0
62 6
62 7
62 RECV19
62 RECV64
63 0
63 26
63 RECV7
63 RECV35
63 RECV36
63 RECV68
65 0
65 6
65 9
65 RECV18
65 RECV30
65 RECV33
68 0
68 5
68 RECV46
68 RECV52
68 RECV73
68 RECV93
69 0
69 6
69 7
69 25
69 62
69 124
69 130
69 198
69 201
69 275
69 RECV3
69 RECV17
69 RECV87
70 0
70 41
70 RECV7
70 RECV15
70 RECV18
70 RECV37
70 RECV65
70 RECV75
70 RECV80
71 0
71 128
71 173
71 274
71 278
71 RECV15
71 RECV16
71 RECV29
72 0
72 6
72 9
72 17
72 RECV19
72 RECV25
72 RECV56
72 RECV58
72 RECV93
73 0
73 6
73 9
73 17
73 50
73 51
73 54
73 72
73 76
73 91
73 147
73 220
73 226
74 0
74 4
74 6
74 7
74 58
74 70
74 112
74 171
74 191
74 218
74 RECV0
74 RECV12
74 RECV13
74 RECV19
74 RECV39
74 RECV69
74 RECV77
76 0
76 4
76 39
76 40
76 43
76 165
76 183
76 266
76 289
76 RECV1
76 RECV34
76 RECV60
76 RECV70
76 RECV77
76 RECV78
76 RECV82
76 RECV93
78 0
78 5
78 RECV30
78 RECV56
78 RECV67
78 RECV80
78 RECV90
79 0
79 26
79 63
81 0
81 6
81 RECV19
81 RECV26
82 0
82 4
82 10
82 33
82 RECV3
82 RECV35
82 RECV57
82 RECV81
84 0
84 6
84 9
84 25
84 RECV17
84 RECV32
84 RECV60
86 0
86 4
86 10
86 36
86 50
86 69
86 100
86 105
86 211
86 269
86 290
86 RECV21
88 0
88 26
88 63
88 109
88 177
88 259
88 292
88 RECV13
88 RECV23
88 RECV53
88 RECV57
88 RECV99
89 0
89 6
89 9
89 17
89 72
89 215
89 260
89 282
89 299
89 RECV79
91 0
91 4
91 28
91 54
91 59
91 96
91 103
91 116
91 130
91 136
91 200
91 255
91 260
91 RECV3
92 0
92 6
92 7
92 52
92 62
92 65
92 69
92 124
92 147
92 185
92 232
92 289
92 RECV63
94 0
94 4
94 10
95 0
95 4
95 39
95 40
95 RECV80
96 0
96 7
96 19
96 48
96 89
96 92
96 104
96 113
96 207
96 216
96 218
96 220
96 228
96 229
96 259
96 278
96 299
96 RECV47
97 0
97 4
97 23
97 39
97 40
97 95
97 132
97 133
97 234
98 0
98 4
98 39
98 40
98 50
98 58
98 113
98 184
98 190
98 RECV1
98 RECV12
98 RECV13
98 RECV14
98 RECV16
98 RECV19
98 RECV30
98 RECV37
98 RECV40
98 RECV49
98 RECV57
98 RECV74
98 RECV75
98 RECV78
98 RECV80
98 RECV92
100 0
100 4
100 16
100 18
100 RECV0
100 RECV16
100 RECV35
100 RECV42
100 RECV87
100 RECV90
100 RECV92
102 0
102 6
102 RECV1
102 RECV15
102 RECV34
102 RECV47
102 RECV48
102 RECV76
102 RECV79
102 RECV81
102 RECV82
103 0
103 6
103 RECV18
103 RECV99
104 0
104 6
104 9
104 17
104 72
104 89
104 RECV1
104 RECV19
104 RECV42
104 RECV47
104 RECV72
104 RECV81
104 RECV86
104 RECV97
105 0
105 6
105 7
105 31
105 62
105 69
105 92
105 113
105 157
105 164
105 198
105 215
105 221
105 263
107 0
107 4
107 10
107 22
107 33
107 42
107 70
107 133
107 154
107 173
107 232
107 255
107 269
107 299
107 RECV16
107 RECV23
107 RECV50
107 RECV76
107 RECV83
108 0
108 6
108 9
108 17
108 72
108 89
108 RECV4
108 RECV74
108 RECV85
108 RECV95
109 0
109 4
109 17
109 111
109 113
109 157
109 190
109 205
109 225
109 229
109 257
109 262
109 RECV2
109 RECV7
109 RECV26
109 RECV27
109 RECV36
109 RECV38
109 RECV51
109 RECV55
110 0
110 71
110 RECV13
110 RECV25
110 RECV30
110 RECV50
110 RECV74
111 0
111 6
111 9
111 40
111 98
111 132
111 RECV26
111 RECV66
112 0
112 6
112 31
112 68
112 241
112 249
112 RECV18
112 RECV92
113 0
113 6
113 7
113 48
113 53
113 70
113 79
113 102
113 159
113 198
113 214
113 227
113 234
113 278
113 RECV3
113 RECV35
113 RECV52
113 RECV56
113 RECV79
113 RECV99
115 0
115 26
115 28
115 60
115 105
115 137
115 147
115 172
115 268
115 299
115 RECV16
116 0
116 4
116 RECV13
117 0
117 6
117 9
117 26
117 103
117 111
117 173
117 215
117 241
117 262
117 272
117 RECV60
118 0
118 6
118 7
118 70
118 129
118 197
118 219
118 232
118 RECV9
118 RECV20
118 RECV24
118 RECV25
118 RECV41
118 RECV43
118 RECV69
118 RECV84
118 RECV94
119 0
119 4
119 39
119 40
119 50
119 69
119 73
119 98
119 123
119 179
119 226
119 263
119 278
119 RECV16
123 0
123 4
123 60
123 109
123 161
123 176
123 298
123 RECV13
123 RECV18
123 RECV31
123 RECV70
124 0
124 4
124 26
124 39
124 40
124 205
124 260
124 RECV54
125 0
125 6
125 9
125 42
125 130
125 234
125 RECV35
125 RECV55
125 RECV62
128 0
128 4
128 109
128 RECV6
128 RECV16
128 RECV19
128 RECV35
128 RECV72
129 0
129 6
129 RECV37
130 0
130 6
130 7
130 73
130 116
130 225
130 281
130 286
130 RECV39
132 0
132 6
132 7
132 62
132 69
132 92
132 105
132 170
132 298
132 RECV38
132 RECV41
132 RECV69
133 0
133 4
133 10
133 36
133 RECV10
133 RECV33
133 RECV36
133 RECV80
133 RECV84
136 0
136 6
136 9
136 17
136 147
136 191
136 200
136 234
136 RECV20
137 0
137 19
137 56
137 88
137 94
137 96
137 119
137 214
137 RECV42
137 RECV54
139 0
139 4
139 7
139 10
139 48
139 49
139 53
139 60
139 74
139 119
139 178
139 186
139 286
139 294
139 296
140 0
140 17
140 58
140 111
140 187
140 205
140 RECV94
141 0
141 4
141 10
141 33
141 82
144 0
144 26
144 60
147 0
147 4
147 39
147 40
147 43
147 RECV1
147 RECV11
147 RECV18
147 RECV44
147 RECV55
147 RECV67
148 0
148 4
148 71
148 81
148 110
148 193
148 218
148 230
148 RECV35
148 RECV49
148 RECV87
148 RECV89
151 0
151 4
151 31
151 41
151 70
151 109
151 123
151 124
151 199
151 200
151 221
151 295
151 RECV15
151 RECV16
151 RECV19
151 RECV75
153 0
153 4
153 16
153 18
153 19
153 48
153 51
153 58
153 76
153 165
153 170
153 172
153 179
153 223
153 261
153 283
154 0
154 6
154 9
154 25
154 RECV19
154 RECV77
154 RECV78
154 RECV85
154 RECV95
156 0
156 41
156 46
156 49
156 RECV2
157 0
157 6
157 9
157 25
157 26
157 36
157 51
157 78
157 82
157 116
157 185
157 205
157 249
157 271
157 RECV33
157 RECV55
157 RECV79
158 0
158 4
158 6
158 16
158 39
158 40
158 76
158 78
158 95
158 153
158 157
158 170
158 200
158 234
158 237
158 256
158 RECV27
159 0
159 4
159 10
159 33
159 RECV16
159 RECV25
159 RECV81
161 0
161 6
161 7
161 65
161 74
161 108
161 112
161 169
161 RECV23
164 0
164 5
164 54
164 56
164 211
164 234
164 274
164 281
164 RECV9
165 0
165 6
165 7
169 0
169 4
169 9
169 10
169 116
169 205
169 RECV15
169 RECV25
170 0
170 4
170 10
170 68
170 73
170 140
170 192
171 0
171 6
171 9
171 17
171 136
171 RECV12
172 0
172 6
172 7
172 50
172 62
172 69
172 92
172 105
172 132
172 165
172 199
172 275
172 282
172 RECV47
173 0
173 4
173 46
173 53
173 109
173 113
173 123
173 144
173 147
173 179
173 194
173 200
173 229
173 260
173 282
173 RECV14
173 RECV17
173 RECV27
173 RECV83
176 0
176 71
176 110
176 RECV92
177 0
177 4
177 10
177 170
177 RECV18
177 RECV24
177 RECV85
178 0
178 6
178 9
178 22
178 52
178 56
178 58
178 63
178 78
178 81
178 88
178 107
178 141
178 154
178 157
178 198
178 252
178 RECV93
179 0
179 41
179 46
179 49
179 156
179 RECV53
183 0
183 5
183 RECV0
184 0
184 4
184 39
184 40
184 53
184 58
184 63
184 105
184 130
184 193
184 RECV82
185 0
185 4
185 10
185 36
185 46
185 133
185 203
185 240
185 268
185 271
185 284
185 293
186 0
186 4
186 10
186 31
186 54
186 170
186 RECV25
186 RECV29
186 RECV85
187 0
187 41
187 46
187 49
190 0
190 5
190 7
190 10
190 41
190 53
190 71
190 110
190 130
190 141
190 148
190 179
190 233
190 240
190 294
190 RECV64
190 RECV85
191 0
191 6
191 7
191 14
191 62
191 97
191 161
191 172
191 252
191 RECV62
192 0
192 4
192 16
192 18
192 RECV12
192 RECV56
193 0
193 60
193 89
193 208
193 284
193 RECV0
194 0
194 6
194 7
194 42
194 141
194 262
194 283
194 RECV76
194 RECV80
197 0
197 4
197 10
197 36
198 0
198 6
198 7
198 194
198 RECV2
198 RECV9
198 RECV17
198 RECV23
198 RECV36
198 RECV37
198 RECV40
198 RECV42
198 RECV45
198 RECV46
198 RECV54
198 RECV56
198 RECV76
199 0
199 14
199 26
199 45
199 56
199 59
199 60
199 88
199 115
199 164
199 227
199 289
199 RECV32
199 RECV45
199 RECV64
199 RECV65
199 RECV67
199 RECV68
199 RECV96
200 0
200 4
200 28
200 91
200 RECV13
200 RECV26
200 RECV46
200 RECV49
200 RECV51
200 RECV56
200 RECV59
200 RECV71
201 0
201 4
201 39
201 40
201 43
201 RECV38
201 RECV45
201 RECV81
203 0
203 6
203 60
203 69
203 74
203 76
203 91
203 129
203 157
203 260
203 284
203 286
203 RECV16
203 RECV25
204 0
204 4
204 116
204 RECV14
204 RECV37
204 RECV88
204 RECV93
205 0
205 4
205 39
205 40
205 95
205 RECV34
205 RECV65
205 RECV93
207 0
207 4
207 10
207 36
207 56
207 RECV45
207 RECV48
207 RECV61
208 0
208 26
208 63
208 79
208 96
208 116
208 153
208 RECV12
208 RECV27
208 RECV33
208 RECV36
208 RECV40
208 RECV44
208 RECV53
208 RECV63
208 RECV67
208 RECV78
208 RECV89
209 0
209 41
209 46
209 49
209 RECV35
209 RECV53
209 RECV85
211 0
211 113
211 116
211 129
211 192
211 207
211 219
211 253
211 274
211 280
211 RECV40
211 RECV64
214 0
214 6
214 7
214 25
214 42
214 62
214 69
214 78
214 92
214 96
214 102
214 105
214 132
214 165
214 172
214 197
214 216
214 250
214 263
214 272
215 0
215 6
215 7
215 39
215 112
215 205
215 237
215 RECV8
215 RECV22
215 RECV26
215 RECV29
215 RECV30
215 RECV31
215 RECV53
215 RECV55
215 RECV82
216 0
216 5
216 65
216 91
216 94
216 183
216 185
218 0
218 4
218 16
218 RECV17
218 RECV34
219 0
219 6
219 48
219 68
219 81
219 84
219 86
219 110
219 112
219 132
219 147
219 169
219 178
219 183
219 203
219 259
219 268
219 292
219 296
220 0
220 26
220 60
220 115
220 199
220 RECV4
220 RECV5
220 RECV13
220 RECV54
220 RECV60
220 RECV68
220 RECV78
221 0
221 6
221 7
221 62
221 69
221 92
221 98
221 105
221 110
221 132
221 172
221 179
221 216
221 234
221 244
221 RECV44
221 RECV52
221 RECV61
221 RECV77
223 0
223 6
223 16
223 58
223 88
223 104
223 125
223 191
223 215
223 237
223 RECV7
223 RECV48
225 0
225 6
225 7
225 23
225 54
225 59
225 81
225 103
225 107
225 186
225 200
225 270
225 282
225 292
225 RECV2
226 0
226 4
226 10
226 RECV3
226 RECV47
226 RECV91
227 0
227 6
227 81
227 220
227 225
227 260
227 289
227 293
227 RECV25
227 RECV32
227 RECV52
227 RECV58
228 0
228 4
228 10
228 33
228 40
228 82
228 94
228 130
228 186
228 191
228 193
228 262
228 RECV38
228 RECV61
228 RECV62
228 RECV72
228 RECV96
229 0
229 4
229 109
229 128
230 0
230 6
230 9
230 14
230 17
230 25
230 78
230 110
230 141
230 215
230 220
230 257
230 RECV16
230 RECV56
230 RECV62
230 RECV66
231 0
231 18
231 19
231 34
231 76
231 86
231 113
231 117
231 137
231 221
231 266
231 RECV13
232 0
232 19
232 34
232 40
232 79
232 112
232 169
232 RECV13
232 RECV24
232 RECV39
232 RECV59
232 RECV63
233 0
233 4
233 10
233 19
233 48
233 139
233 141
233 170
233 211
234 0
234 6
234 9
234 48
234 65
234 84
234 96
234 103
234 107
234 109
234 110
234 125
234 128
234 191
234 263
234 266
234 268
234 283
234 295
234 RECV76
236 0
236 6
236 9
236 25
236 42
236 84
236 225
236 298
237 0
237 6
237 7
237 165
239 0
239 6
239 9
239 17
239 22
239 39
239 49
239 51
239 53
239 72
239 73
239 86
239 109
239 171
239 275
240 0
240 4
240 10
240 36
240 56
240 68
240 104
240 105
240 113
240 140
240 165
240 173
240 176
240 239
240 241
240 257
240 282
240 299
240 RECV2
240 RECV6
240 RECV16
240 RECV33
240 RECV34
240 RECV41
240 RECV60
240 RECV97
241 0
241 6
241 7
241 165
241 237
241 RECV1
241 RECV64
241 RECV77
241 RECV85
241 RECV91
241 RECV96
244 0
244 71
244 110
244 RECV9
244 RECV33
244 RECV65
244 RECV69
249 0
249 31
249 52
249 125
249 159
249 201
249 209
249 211
249 220
249 281
249 RECV73
250 0
250 4
250 33
250 39
250 40
250 73
250 81
250 124
250 151
250 165
250 204
250 207
250 RECV25
250 RECV28
250 RECV61
250 RECV70
252 0
252 6
252 9
252 17
252 72
252 73
252 239
252 RECV27
252 RECV28
252 RECV43
252 RECV62
252 RECV86
252 RECV99
253 0
253 26
253 63
253 76
253 111
253 136
253 RECV1
253 RECV33
253 RECV52
253 RECV78
255 0
255 6
255 7
255 94
255 103
255 190
255 249
255 RECV8
255 RECV81
256 0
256 26
256 60
256 144
256 RECV71
256 RECV78
256 RECV85
257 0
257 4
257 16
257 18
257 43
257 58
257 68
257 82
257 148
257 159
257 172
257 187
257 280
257 RECV16
257 RECV19
257 RECV27
257 RECV61
257 RECV77
259 0
259 14
259 51
259 69
259 76
259 96
259 169
259 186
259 194
259 223
259 229
259 257
259 266
259 282
259 RECV3
259 RECV4
259 RECV39
260 0
260 26
260 63
261 0
261 4
261 10
261 23
261 48
261 92
261 95
261 136
261 139
261 141
261 144
261 148
261 156
261 178
261 185
261 193
261 197
261 199
261 208
261 214
261 230
261 255
261 262
261 274
261 284
261 289
261 295
261 RECV49
261 RECV77
262 0
262 4
262 19
262 58
262 109
262 128
262 130
262 207
263 0
263 4
263 10
263 33
263 41
263 92
263 109
263 161
263 169
263 218
263 227
263 230
263 256
263 269
263 299
263 RECV26
266 0
266 6
266 112
268 0
268 41
268 70
268 RECV0
268 RECV52
268 RECV56
268 RECV73
268 RECV76
268 RECV82
268 RECV98
269 0
269 89
269 173
269 185
269 197
269 201
269 225
269 244
269 249
269 280
269 RECV16
269 RECV20
269 RECV43
269 RECV49
269 RECV91
270 0
270 26
270 63
270 88
270 RECV12
270 RECV93
271 0
271 6
271 9
271 16
271 86
271 111
271 RECV84
272 0
272 19
272 34
272 232
273 0
273 4
273 39
273 40
273 53
273 58
273 92
273 184
273 200
273 201
273 253
273 RECV49
273 RECV96
274 0
274 6
274 22
275 0
275 4
275 100
275 109
275 128
275 140
275 261
275 262
275 286
278 0
278 4
278 10
278 19
278 34
278 45
278 74
278 103
278 284
278 RECV51
280 0
280 4
280 33
280 36
280 39
280 51
280 73
280 84
280 128
280 130
280 154
280 161
280 169
280 178
280 191
280 219
280 229
280 262
281 0
281 6
281 9
281 25
281 84
282 0
283 0
283 6
283 7
283 9
283 84
283 207
283 215
283 221
283 234
283 RECV12
283 RECV85
284 0
284 6
284 9
284 17
284 48
284 72
284 73
284 74
284 197
284 239
284 252
284 268
286 0
286 4
286 18
286 34
286 109
286 128
286 199
286 262
286 RECV8
286 RECV31
289 0
289 4
289 10
289 94
289 96
289 140
289 261
290 0
290 6
290 7
290 28
290 58
290 63
290 69
290 86
290 151
290 184
290 186
290 193
290 221
290 274
290 283
290 299
290 RECV46
290 RECV50
290 RECV53
290 RECV73
292 0
292 4
292 39
292 40
292 46
292 53
292 58
292 111
292 170
292 184
292 232
292 273
292 RECV16
292 RECV24
292 RECV25
292 RECV29
292 RECV47
292 RECV71
292 RECV76
293 0
293 6
293 7
293 62
293 69
293 92
293 105
293 132
293 144
293 172
293 185
293 197
293 221
293 273
293 RECV13
293 RECV17
293 RECV21
293 RECV34
293 RECV46
293 RECV74
294 0
294 6
294 9
294 25
294 154
294 RECV42
294 RECV56
295 0
295 4
295 16
295 18
295 100
295 RECV99
296 0
296 6
296 205
296 209
296 223
296 282
296 RECV35
298 0
298 6
298 9
298 22
298 49
298 96
298 123
298 125
298 139
298 158
298 201
298 234
298 268
298 290
298 RECV20
299 0
299 26
299 60
299 63
299 115
299 136
299 199
299 220
299 223
299 234
299 256
299 RECV16
299 RECV46
299 RECV56
RECV0 7
RECV0 31
RECV0 42
RECV0 48
RECV0 50
RECV0 74
RECV0 100
RECV0 183
RECV0 193
RECV0 268
RECV0 RECV30
RECV0 RECV35
RECV0 RECV79
RECV1 14
RECV1 76
RECV1 98
RECV1 102
RECV1 104
RECV1 147
RECV1 241
RECV1 253
RECV1 RECV30
RECV1 RECV40
RECV2 10
RECV2 16
RECV2 43
RECV2 48
RECV2 109
RECV2 156
RECV2 198
RECV2 225
RECV2 240
RECV2 RECV34
RECV2 RECV63
RECV3 0
RECV3 52
RECV3 58
RECV3 69
RECV3 82
RECV3 91
RECV3 113
RECV3 226
RECV3 259
RECV3 RECV6
RECV3 RECV13
RECV3 RECV14
RECV3 RECV16
RECV3 RECV18
RECV3 RECV22
RECV3 RECV27
RECV3 RECV28
RECV3 RECV50
RECV3 RECV62
RECV4 0
RECV4 54
RECV4 60
RECV4 108
RECV4 220
RECV4 259
RECV5 5
RECV5 9
RECV5 16
RECV5 58
RECV5 220
RECV5 RECV15
RECV5 RECV40
RECV5 RECV95
RECV6 5
RECV6 53
RECV6 54
RECV6 128
RECV6 240
RECV6 RECV3
RECV6 RECV12
RECV7 0
RECV7 36
RECV7 52
RECV7 63
RECV7 70
RECV7 109
RECV7 223
RECV7 RECV11
RECV8 0
RECV8 39
RECV8 215
RECV8 255
RECV8 286
RECV8 RECV73
RECV9 0
RECV9 10
RECV9 118
RECV9 164
RECV9 198
RECV9 244
RECV9 RECV81
RECV10 7
RECV10 18
RECV10 36
RECV10 49
RECV10 56
RECV10 133
RECV10 RECV16
RECV10 RECV40
RECV10 RECV59
RECV11 4
RECV11 5
RECV11 147
RECV11 RECV7
RECV11 RECV16
RECV11 RECV37
RECV12 7
RECV12 52
RECV12 74
RECV12 98
RECV12 171
RECV12 192
RECV12 208
RECV12 270
RECV12 283
RECV12 RECV6
RECV12 RECV24
RECV12 RECV27
RECV12 RECV37
RECV12 RECV39
RECV12 RECV44
RECV12 RECV47
RECV12 RECV63
RECV12 RECV81
RECV12 RECV83
RECV12 RECV86
RECV12 RECV91
RECV12 RECV94
RECV12 RECV98
RECV13 16
RECV13 28
RECV13 45
RECV13 74
RECV13 88
RECV13 98
RECV13 110
RECV13 116
RECV13 123
RECV13 200
RECV13 220
RECV13 231
RECV13 232
RECV13 293
RECV13 RECV3
RECV13 RECV27
RECV13 RECV55
RECV13 RECV64
RECV13 RECV87
RECV14 0
RECV14 16
RECV14 26
RECV14 42
RECV14 98
RECV14 173
RECV14 204
RECV14 RECV3
RECV14 RECV28
RECV14 RECV75
RECV14 RECV82
RECV14 RECV85
RECV14 RECV92
RECV15 43
RECV15 52
RECV15 58
RECV15 70
RECV15 71
RECV15 102
RECV15 151
RECV15 169
RECV15 RECV5
RECV15 RECV74
RECV15 RECV76
RECV16 71
RECV16 98
RECV16 100
RECV16 107
RECV16 115
RECV16 119
RECV16 128
RECV16 151
RECV16 159
RECV16 203
RECV16 230
RECV16 240
RECV16 257
RECV16 269
RECV16 292
RECV16 299
RECV16 RECV3
RECV16 RECV10
RECV16 RECV11
RECV16 RECV75
RECV16 RECV81
RECV16 RECV82
RECV16 RECV83
RECV17 0
RECV17 28
RECV17 33
RECV17 41
RECV17 69
RECV17 84
RECV17 173
RECV17 198
RECV17 218
RECV17 293
RECV17 RECV68
RECV18 0
RECV18 46
RECV18 65
RECV18 70
RECV18 103
RECV18 112
RECV18 123
RECV18 147
RECV18 177
RECV18 RECV3
RECV18 RECV51
RECV18 RECV86
RECV19 62
RECV19 72
RECV19 74
RECV19 81
RECV19 98
RECV19 104
RECV19 128
RECV19 151
RECV19 154
RECV19 257
RECV19 RECV26
RECV19 RECV98
RECV20 22
RECV20 118
RECV20 136
RECV20 269
RECV20 298
RECV21 0
RECV21 7
RECV21 31
RECV21 33
RECV21 86
RECV21 293
RECV21 RECV36
RECV21 RECV57
RECV21 RECV69
RECV22 45
RECV22 59
RECV22 215
RECV22 RECV3
RECV22 RECV54
RECV22 RECV60
RECV22 RECV72
RECV23 33
RECV23 88
RECV23 107
RECV23 161
RECV23 198
RECV23 RECV25
RECV23 RECV46
RECV23 RECV50
RECV23 RECV93
RECV24 42
RECV24 118
RECV24 177
RECV24 232
RECV24 292
RECV24 RECV12
RECV25 7
RECV25 14
RECV25 16
RECV25 22
RECV25 49
RECV25 59
RECV25 72
RECV25 110
RECV25 118
RECV25 159
RECV25 169
RECV25 186
RECV25 203
RECV25 227
RECV25 250
RECV25 292
RECV25 RECV23
RECV25 RECV52
RECV25 RECV64
RECV25 RECV68
RECV25 RECV71
RECV25 RECV86
RECV26 0
RECV26 5
RECV26 28
RECV26 53
RECV26 81
RECV26 109
RECV26 111
RECV26 200
RECV26 215
RECV26 263
RECV26 RECV19
RECV26 RECV65
RECV26 RECV67
RECV27 7
RECV27 109
RECV27 158
RECV27 173
RECV27 208
RECV27 252
RECV27 257
RECV27 RECV3
RECV27 RECV12
RECV27 RECV13
RECV27 RECV62
RECV27 RECV83
RECV28 5
RECV28 7
RECV28 42
RECV28 250
RECV28 252
RECV28 RECV3
RECV28 RECV14
RECV28 RECV41
RECV28 RECV59
RECV29 14
RECV29 17
RECV29 28
RECV29 71
RECV29 186
RECV29 215
RECV29 292
RECV29 RECV58
RECV30 19
RECV30 65
RECV30 78
RECV30 98
RECV30 110
RECV30 215
RECV30 RECV0
RECV30 RECV1
RECV31 0
RECV31 6
RECV31 10
RECV31 14
RECV31 58
RECV31 123
RECV31 215
RECV31 286
RECV31 RECV84
RECV32 0
RECV32 33
RECV32 84
RECV32 199
RECV32 227
RECV32 RECV47
RECV33 65
RECV33 133
RECV33 157
RECV33 208
RECV33 240
RECV33 244
RECV33 253
RECV33 RECV63
RECV34 76
RECV34 102
RECV34 205
RECV34 218
RECV34 240
RECV34 293
RECV34 RECV2
RECV34 RECV35
RECV34 RECV40
RECV35 5
RECV35 46
RECV35 63
RECV35 82
RECV35 100
RECV35 113
RECV35 125
RECV35 128
RECV35 148
RECV35 209
RECV35 296
RECV35 RECV0
RECV35 RECV34
RECV35 RECV58
RECV35 RECV64
RECV35 RECV65
RECV35 RECV71
RECV35 RECV76
RECV35 RECV84
RECV35 RECV96
RECV36 0
RECV36 52
RECV36 63
RECV36 109
RECV36 133
RECV36 198
RECV36 208
RECV36 RECV21
RECV36 RECV44
RECV36 RECV78
RECV37 16
RECV37 70
RECV37 98
RECV37 129
RECV37 198
RECV37 204
RECV37 RECV11
RECV37 RECV12
RECV37 RECV60
RECV37 RECV84
RECV38 10
RECV38 109
RECV38 132
RECV38 201
RECV38 228
RECV38 RECV41
RECV38 RECV77
RECV38 RECV92
RECV39 5
RECV39 18
RECV39 42
RECV39 74
RECV39 130
RECV39 232
RECV39 259
RECV39 RECV12
RECV39 RECV66
RECV40 36
RECV40 42
RECV40 98
RECV40 198
RECV40 208
RECV40 211
RECV40 RECV1
RECV40 RECV5
RECV40 RECV10
RECV40 RECV34
RECV40 RECV89
RECV41 0
RECV41 118
RECV41 132
RECV41 240
RECV41 RECV28
RECV41 RECV38
RECV42 4
RECV42 6
RECV42 36
RECV42 52
RECV42 100
RECV42 104
RECV42 137
RECV42 198
RECV42 294
RECV43 7
RECV43 18
RECV43 118
RECV43 252
RECV43 269
RECV43 RECV71
RECV44 0
RECV44 147
RECV44 208
RECV44 221
RECV44 RECV12
RECV44 RECV36
RECV44 RECV91
RECV45 5
RECV45 28
RECV45 198
RECV45 199
RECV45 201
RECV45 207
RECV46 0
RECV46 68
RECV46 198
RECV46 200
RECV46 290
RECV46 293
RECV46 299
RECV46 RECV23
RECV46 RECV54
RECV47 22
RECV47 36
RECV47 96
RECV47 102
RECV47 104
RECV47 172
RECV47 226
RECV47 292
RECV47 RECV12
RECV47 RECV32
RECV47 RECV58
RECV48 102
RECV48 207
RECV48 223
RECV48 RECV68
RECV48 RECV81
RECV48 RECV83
RECV49 98
RECV49 148
RECV49 200
RECV49 261
RECV49 269
RECV49 273
RECV50 0
RECV50 42
RECV50 107
RECV50 110
RECV50 290
RECV50 RECV3
RECV50 RECV23
RECV50 RECV76
RECV51 22
RECV51 109
RECV51 200
RECV51 278
RECV51 RECV18
RECV51 RECV61
RECV51 RECV88
RECV52 0
RECV52 7
RECV52 10
RECV52 25
RECV52 43
RECV52 45
RECV52 54
RECV52 59
RECV52 68
RECV52 113
RECV52 221
RECV52 227
RECV52 253
RECV52 268
RECV52 RECV25
RECV52 RECV57
RECV52 RECV75
RECV53 18
RECV53 22
RECV53 88
RECV53 179
RECV53 208
RECV53 209
RECV53 215
RECV53 290
RECV54 7
RECV54 26
RECV54 54
RECV54 124
RECV54 137
RECV54 198
RECV54 220
RECV54 RECV22
RECV54 RECV46
RECV55 0
RECV55 4
RECV55 41
RECV55 109
RECV55 125
RECV55 147
RECV55 157
RECV55 215
RECV55 RECV13
RECV56 0
RECV56 4
RECV56 17
RECV56 72
RECV56 78
RECV56 113
RECV56 192
RECV56 198
RECV56 200
RECV56 230
RECV56 268
RECV56 294
RECV56 299
RECV56 RECV88
RECV57 52
RECV57 82
RECV57 88
RECV57 98
RECV57 RECV21
RECV57 RECV52
RECV57 RECV76
RECV57 RECV85
RECV58 34
RECV58 72
RECV58 227
RECV58 RECV29
RECV58 RECV35
RECV58 RECV47
RECV59 0
RECV59 16
RECV59 39
RECV59 200
RECV59 232
RECV59 RECV10
RECV59 RECV28
RECV60 34
RECV60 36
RECV60 42
RECV60 48
RECV60 58
RECV60 76
RECV60 84
RECV60 117
RECV60 220
RECV60 240
RECV60 RECV22
RECV60 RECV37
RECV60 RECV82
RECV60 RECV90
RECV61 9
RECV61 58
RECV61 207
RECV61 221
RECV61 228
RECV61 250
RECV61 257
RECV61 RECV51
RECV62 16
RECV62 53
RECV62 125
RECV62 191
RECV62 228
RECV62 230
RECV62 252
RECV62 RECV3
RECV62 RECV27
RECV63 52
RECV63 54
RECV63 92
RECV63 208
RECV63 232
RECV63 RECV2
RECV63 RECV12
RECV63 RECV33
RECV63 RECV79
RECV64 6
RECV64 22
RECV64 62
RECV64 190
RECV64 199
RECV64 211
RECV64 241
RECV64 RECV13
RECV64 RECV25
RECV64 RECV35
RECV64 RECV83
RECV65 7
RECV65 10
RECV65 17
RECV65 48
RECV65 70
RECV65 199
RECV65 205
RECV65 244
RECV65 RECV26
RECV65 RECV35
RECV65 RECV69
RECV66 17
RECV66 52
RECV66 111
RECV66 230
RECV66 RECV39
RECV66 RECV96
RECV67 7
RECV67 48
RECV67 78
RECV67 147
RECV67 199
RECV67 208
RECV67 RECV26
RECV67 RECV94
RECV68 5
RECV68 7
RECV68 31
RECV68 63
RECV68 199
RECV68 220
RECV68 RECV17
RECV68 RECV25
RECV68 RECV48
RECV68 RECV87
RECV69 17
RECV69 74
RECV69 118
RECV69 132
RECV69 244
RECV69 RECV21
RECV69 RECV65
RECV70 0
RECV70 16
RECV70 33
RECV70 76
RECV70 123
RECV70 250
RECV71 0
RECV71 42
RECV71 200
RECV71 256
RECV71 292
RECV71 RECV25
RECV71 RECV35
RECV71 RECV43
RECV72 0
RECV72 17
RECV72 40
RECV72 41
RECV72 104
RECV72 128
RECV72 228
RECV72 RECV22
RECV72 RECV96
RECV72 RECV98
RECV73 28
RECV73 68
RECV73 249
RECV73 268
RECV73 290
RECV73 RECV8
RECV73 RECV98
RECV74 10
RECV74 98
RECV74 108
RECV74 110
RECV74 293
RECV74 RECV15
RECV74 RECV88
RECV75 0
RECV75 33
RECV75 53
RECV75 70
RECV75 98
RECV75 151
RECV75 RECV14
RECV75 RECV16
RECV75 RECV52
RECV75 RECV87
RECV76 6
RECV76 17
RECV76 28
RECV76 43
RECV76 52
RECV76 102
RECV76 107
RECV76 194
RECV76 198
RECV76 234
RECV76 268
RECV76 292
RECV76 RECV15
RECV76 RECV35
RECV76 RECV50
RECV76 RECV57
RECV76 RECV77
RECV76 RECV97
RECV77 18
RECV77 42
RECV77 52
RECV77 74
RECV77 76
RECV77 154
RECV77 221
RECV77 241
RECV77 257
RECV77 261
RECV77 RECV38
RECV77 RECV76
RECV78 76
RECV78 98
RECV78 154
RECV78 208
RECV78 220
RECV78 253
RECV78 256
RECV78 RECV36
RECV78 RECV93
RECV79 10
RECV79 14
RECV79 46
RECV79 89
RECV79 102
RECV79 113
RECV79 157
RECV79 RECV0
RECV79 RECV63
RECV79 RECV86
RECV79 RECV90
RECV80 0
RECV80 5
RECV80 7
RECV80 54
RECV80 70
RECV80 78
RECV80 95
RECV80 98
RECV80 133
RECV80 194
RECV81 4
RECV81 7
RECV81 31
RECV81 82
RECV81 102
RECV81 104
RECV81 159
RECV81 201
RECV81 255
RECV81 RECV9
RECV81 RECV12
RECV81 RECV16
RECV81 RECV48
RECV82 33
RECV82 76
RECV82 102
RECV82 184
RECV82 215
RECV82 268
RECV82 RECV14
RECV82 RECV16
RECV82 RECV60
RECV82 RECV89
RECV83 16
RECV83 17
RECV83 107
RECV83 173
RECV83 RECV12
RECV83 RECV16
RECV83 RECV27
RECV83 RECV48
RECV83 RECV64
RECV84 118
RECV84 133
RECV84 271
RECV84 RECV31
RECV84 RECV35
RECV84 RECV37
RECV85 18
RECV85 31
RECV85 59
RECV85 108
RECV85 154
RECV85 177
RECV85 186
RECV85 190
RECV85 209
RECV85 241
RECV85 256
RECV85 283
RECV85 RECV14
RECV85 RECV57
RECV86 52
RECV86 54
RECV86 104
RECV86 252
RECV86 RECV12
RECV86 RECV18
RECV86 RECV25
RECV86 RECV79
RECV87 4
RECV87 69
RECV87 100
RECV87 148
RECV87 RECV13
RECV87 RECV68
RECV87 RECV75
RECV88 0
RECV88 7
RECV88 36
RECV88 53
RECV88 204
RECV88 RECV51
RECV88 RECV56
RECV88 RECV74
RECV89 10
RECV89 16
RECV89 28
RECV89 60
RECV89 148
RECV89 208
RECV89 RECV40
RECV89 RECV82
RECV89 RECV91
RECV90 0
RECV90 28
RECV90 78
RECV90 100
RECV90 RECV60
RECV90 RECV79
RECV91 23
RECV91 45
RECV91 226
RECV91 241
RECV91 269
RECV91 RECV12
RECV91 RECV44
RECV91 RECV89
RECV92 18
RECV92 36
RECV92 98
RECV92 100
RECV92 112
RECV92 176
RECV92 RECV14
RECV92 RECV38
RECV93 0
RECV93 22
RECV93 58
RECV93 68
RECV93 72
RECV93 76
RECV93 178
RECV93 204
RECV93 205
RECV93 270
RECV93 RECV23
RECV93 RECV78
RECV94 25
RECV94 33
RECV94 118
RECV94 140
RECV94 RECV12
RECV94 RECV67
RECV95 0
RECV95 9
RECV95 52
RECV95 108
RECV95 154
RECV95 RECV5
RECV96 36
RECV96 199
RECV96 228
RECV96 241
RECV96 273
RECV96 RECV35
RECV96 RECV66
RECV96 RECV72
RECV97 0
RECV97 4
RECV97 16
RECV97 52
RECV97 56
RECV97 104
RECV97 240
RECV97 RECV76
RECV98 0
RECV98 28
RECV98 268
RECV98 RECV12
RECV98 RECV19
RECV98 RECV72
RECV98 RECV73
RECV99 0
RECV99 4
RECV99 36
RECV99 39
RECV99 88
RECV99 103
RECV99 113
RECV99 252
RECV99 295
