0 552
0 835
0 105
0 142
0 782
0 322
1 197
1 117
1 498
1 114
1 485
1 87
1 432
1 38
1 279
2 398
2 555
2 99
2 811
2 459
2 43
2 852
2 920
2 585
2 506
2 492
2 786
2 322
3 507
3 234
3 130
3 487
3 319
4 956
4 985
4 81
4 77
4 991
4 228
4 841
4 513
5 39
5 426
5 684
5 259
5 817
5 357
5 523
5 236
6 175
6 177
6 57
6 573
6 826
7 368
7 650
7 404
7 156
8 57
8 643
8 908
8 669
8 995
8 977
8 546
8 308
9 502
9 38
9 0
9 15
9 607
9 468
9 85
9 904
9 599
9 443
10 223
10 56
10 80
10 255
10 315
10 743
11 669
11 988
11 364
11 207
11 624
11 226
11 943
11 982
12 25
12 419
12 142
12 388
12 830
12 181
12 952
12 435
12 236
12 232
12 624
12 153
12 655
12 481
13 676
13 715
13 958
13 369
13 891
13 959
13 475
13 861
13 387
14 155
14 135
14 879
14 739
14 428
14 943
14 700
14 575
14 437
15 895
15 580
15 327
15 602
15 517
15 104
15 680
16 757
16 707
16 468
16 348
16 123
16 181
16 870
17 228
17 686
17 387
17 961
17 505
17 109
17 389
18 626
18 329
18 762
18 314
18 764
18 714
18 6
18 282
18 135
18 86
19 58
19 116
19 868
19 385
19 198
19 308
19 741
19 3
19 377
19 959
19 84
20 550
20 931
20 51
20 906
20 328
20 752
20 828
21 367
21 40
21 602
21 44
22 298
22 745
23 124
23 760
23 337
23 743
23 330
23 790
23 17
23 276
23 19
23 458
23 156
24 454
24 55
24 28
24 360
24 838
24 665
24 205
24 33
24 797
24 75
24 200
25 528
25 149
25 902
25 415
25 278
25 103
25 557
26 559
26 501
26 227
26 101
26 411
26 582
27 633
27 113
27 958
27 510
27 2
27 125
27 536
28 87
28 631
28 343
28 648
28 118
28 936
28 584
29 362
29 314
29 939
29 519
29 82
29 737
29 680
29 672
30 150
30 804
30 575
30 553
30 37
30 303
30 301
30 869
31 169
31 526
31 985
31 826
31 6
31 379
31 320
31 915
31 616
32 11
32 367
32 565
33 175
33 897
33 291
33 105
33 880
33 605
33 906
34 196
34 925
34 426
34 404
34 287
34 633
34 364
34 709
34 505
34 150
35 183
35 320
35 268
35 55
35 243
36 716
36 683
36 387
36 287
36 684
36 810
36 680
37 812
37 827
37 325
37 873
37 454
37 278
37 563
37 202
37 773
38 497
38 908
38 24
38 83
38 566
38 69
38 194
38 504
38 514
38 680
38 199
39 72
39 121
39 521
39 326
39 468
39 659
40 105
40 663
40 634
40 603
40 545
40 517
40 525
41 547
41 765
41 366
41 740
41 392
41 419
41 715
41 504
41 272
41 364
42 362
42 171
42 151
42 925
42 515
42 117
42 929
42 46
42 972
42 429
43 705
43 936
43 608
43 444
43 383
43 242
43 397
43 100
43 947
43 868
43 96
43 443
44 472
44 728
44 699
44 797
44 65
44 300
44 931
44 584
44 231
44 603
44 544
44 741
45 439
45 614
45 664
45 364
45 498
45 169
45 892
45 441
46 702
46 3
46 257
46 947
46 848
46 885
46 776
46 540
46 741
46 705
47 81
47 167
47 132
47 988
47 402
47 585
47 285
47 782
47 13
47 39
47 289
47 401
48 844
48 508
48 355
48 767
48 630
49 144
49 123
49 660
49 194
49 31
49 745
49 17
49 454
49 634
50 560
50 244
50 337
50 57
50 464
50 852
50 370
50 967
50 588
50 899
50 359
51 686
51 723
51 82
52 752
52 817
52 784
52 377
52 350
52 585
52 924
53 727
53 806
53 147
53 892
53 957
53 135
53 535
53 197
53 236
53 42
53 97
53 216
54 465
54 48
54 530
54 180
54 146
54 664
54 754
54 598
55 534
55 63
55 664
55 168
55 806
55 785
55 175
55 293
56 606
56 654
56 672
56 959
56 243
56 830
56 912
56 197
57 488
57 588
57 229
57 956
57 404
57 118
57 535
57 756
58 788
58 733
58 38
58 162
58 744
59 245
59 733
59 704
59 166
59 768
59 983
59 264
59 797
59 52
60 974
60 910
60 676
60 22
60 525
60 719
60 986
61 177
61 89
61 439
61 635
61 551
61 892
61 699
62 753
62 684
62 552
62 428
62 945
62 550
62 100
62 419
62 934
62 751
62 602
63 761
63 845
63 245
63 208
63 710
63 567
64 498
64 53
64 538
64 178
64 927
64 950
64 113
64 224
64 186
64 920
65 693
65 751
66 411
66 294
66 276
66 914
66 372
66 329
66 729
66 576
66 345
67 708
67 208
67 951
67 204
67 434
67 848
67 882
67 68
67 87
67 188
67 878
68 792
68 150
68 896
68 998
68 472
68 322
68 608
69 637
69 859
69 53
70 323
70 987
70 631
70 176
70 180
70 153
70 953
70 719
71 775
71 68
71 846
71 836
71 190
71 676
71 254
71 244
71 935
72 536
72 714
72 695
72 538
72 874
72 333
72 663
72 517
72 529
73 724
73 39
73 277
73 657
73 408
74 673
74 928
75 923
75 134
75 680
75 116
75 201
75 539
75 251
75 30
75 60
75 95
75 52
75 972
76 357
76 64
76 576
76 212
76 913
76 128
76 244
77 38
77 547
77 763
77 830
77 211
77 772
77 654
77 758
77 89
78 182
78 195
78 302
78 309
78 806
78 607
78 921
78 289
78 976
79 572
79 931
79 876
79 897
79 5
79 54
79 576
80 46
80 422
80 537
80 267
80 826
80 981
80 691
80 17
81 324
81 276
81 761
81 262
81 703
81 843
81 560
81 794
81 477
81 537
81 845
81 178
81 298
81 340
82 29
82 502
82 200
82 886
82 270
82 645
82 841
82 72
82 893
82 452
82 613
83 177
83 577
83 573
83 914
83 252
83 548
83 353
84 480
84 382
84 533
84 717
84 521
84 802
85 13
85 983
85 575
85 665
85 249
85 376
85 358
85 800
85 918
86 907
86 290
86 223
86 93
86 752
86 343
87 170
87 244
87 325
87 129
87 568
87 317
87 246
87 47
88 617
88 992
88 562
88 891
88 380
88 625
88 235
89 496
89 754
89 499
89 528
89 775
89 939
89 966
89 670
89 702
89 364
89 31
90 186
90 848
90 492
90 955
90 935
90 801
90 141
90 862
91 271
91 473
91 95
91 693
91 642
91 980
91 840
92 640
92 715
92 453
92 951
92 547
92 657
92 814
92 832
92 880
93 214
93 85
93 242
93 341
93 919
93 668
93 824
93 140
94 729
94 708
94 96
94 918
94 150
94 17
94 467
94 321
94 528
94 106
95 615
95 321
95 413
95 766
95 148
95 660
95 584
96 48
96 751
96 727
96 46
96 219
96 477
96 740
96 301
97 530
97 278
97 544
97 918
97 9
97 283
98 716
98 13
98 732
98 366
99 740
99 448
99 615
99 183
99 868
99 843
99 111
99 722
99 548
99 440
99 567
99 517
99 890
99 255
99 627
100 182
100 511
100 981
100 173
100 640
100 583
100 868
101 227
101 34
101 250
101 491
101 894
101 169
101 872
101 332
101 787
101 911
101 35
102 658
102 713
102 217
102 295
102 950
102 798
102 805
102 37
103 759
103 316
103 869
104 303
104 421
104 207
104 795
104 369
105 994
105 272
105 128
105 451
105 900
106 825
106 659
106 406
106 47
106 196
106 692
107 567
107 731
107 664
107 769
107 374
107 836
107 893
107 918
107 717
108 474
108 869
108 104
108 8
108 996
108 224
108 236
108 877
108 498
109 889
109 735
109 418
109 257
109 714
109 900
109 184
110 552
110 28
110 997
110 390
110 519
110 354
111 823
111 356
111 559
111 729
111 171
111 541
111 838
112 268
112 779
112 642
112 493
112 920
112 910
112 253
112 34
112 983
112 572
112 267
112 782
112 366
113 329
113 772
113 492
113 155
113 901
113 283
113 810
113 875
113 223
114 384
114 481
114 638
114 510
114 201
114 740
115 946
115 248
115 634
115 694
115 386
115 345
116 789
116 291
116 417
116 84
116 550
116 107
116 915
116 805
117 183
117 363
117 498
117 730
117 696
117 580
117 751
117 126
118 173
118 26
118 13
118 950
118 946
118 420
118 599
118 561
119 485
119 586
119 361
119 370
119 875
119 408
119 434
119 982
119 483
119 611
119 700
120 848
120 354
120 438
120 60
120 789
120 651
120 917
120 662
120 942
120 814
120 108
120 262
120 752
120 695
120 351
120 43
120 618
121 327
121 625
121 599
121 491
121 261
121 666
121 705
122 71
123 494
123 665
123 838
124 614
124 577
124 821
124 342
124 648
124 205
124 972
124 517
125 421
125 517
125 227
125 424
126 556
126 537
126 366
126 651
126 570
126 669
126 303
126 869
126 944
126 299
126 835
127 828
127 642
127 350
127 417
127 236
128 336
128 109
128 826
128 367
128 82
128 321
128 728
128 695
128 191
128 809
128 980
129 826
129 21
129 370
129 141
129 222
130 927
130 745
130 650
130 151
130 923
130 980
130 427
131 410
131 424
131 698
131 558
131 310
131 258
131 222
131 407
132 577
132 598
132 831
132 147
132 888
132 184
132 883
132 538
132 69
133 384
133 20
133 13
133 43
133 634
133 657
133 87
133 993
133 871
134 65
134 5
134 384
134 659
134 151
134 237
134 441
135 259
135 704
135 775
135 826
135 811
135 333
135 172
135 423
135 994
135 483
135 346
135 326
135 179
135 728
136 155
136 601
136 372
136 443
136 504
136 118
136 738
136 451
136 536
137 243
137 679
137 408
137 841
137 666
137 560
137 445
137 926
137 558
137 886
137 944
137 284
137 244
137 68
138 682
138 263
138 287
138 522
138 383
138 390
138 147
138 941
138 505
138 773
138 521
139 648
139 703
139 294
139 936
139 980
139 937
139 479
139 45
139 289
139 105
139 284
140 750
140 81
140 977
140 296
140 561
140 456
140 151
140 866
140 329
140 110
141 737
141 619
141 339
141 693
141 400
141 661
141 449
141 931
141 76
141 991
141 102
141 16
142 252
142 441
142 895
142 896
142 216
142 633
142 355
142 15
142 665
142 680
142 248
143 279
143 731
143 568
143 577
143 659
143 211
144 898
144 305
144 255
144 714
144 513
144 668
145 80
145 963
145 250
145 578
145 815
145 60
145 669
145 909
145 526
146 191
146 915
146 55
146 652
147 82
147 278
147 112
147 296
147 728
147 71
147 717
147 800
147 155
147 672
147 43
148 378
148 634
148 353
148 292
148 935
148 200
148 540
149 459
149 272
149 123
149 449
149 52
149 352
150 460
150 96
150 98
150 77
150 444
150 861
150 351
150 614
150 239
150 365
151 2
151 349
151 232
151 915
152 91
152 996
152 694
152 161
152 264
152 943
152 40
153 843
153 778
153 214
153 971
153 654
153 174
153 717
153 791
153 409
153 723
153 585
154 211
154 452
154 802
154 300
154 246
154 958
154 82
154 391
154 255
154 446
155 493
155 183
155 24
155 420
156 888
156 72
156 18
156 559
156 210
156 529
156 574
156 860
157 343
157 65
157 80
157 236
157 434
157 730
157 598
157 662
157 446
157 960
157 289
157 595
157 250
158 736
158 191
158 385
158 355
158 171
158 519
158 83
158 575
158 851
158 918
158 967
159 452
159 123
159 103
159 645
160 47
160 293
160 108
160 65
160 861
160 778
160 745
161 743
161 74
161 73
161 170
161 118
161 246
161 171
162 704
162 280
162 896
162 728
162 291
162 272
163 174
163 185
163 97
163 125
163 78
163 827
164 594
164 663
164 223
164 361
164 224
164 517
164 979
165 736
166 230
166 966
166 371
166 160
166 746
166 698
166 765
166 381
166 901
167 931
167 299
167 73
167 547
167 652
167 852
167 228
168 601
168 949
168 177
168 850
168 575
168 47
168 596
168 762
168 89
168 33
168 923
168 521
168 836
169 846
169 610
169 995
169 437
169 780
169 803
170 599
170 881
170 284
170 650
170 847
170 474
171 488
171 693
171 95
171 155
171 292
171 839
171 103
171 904
171 950
171 792
171 520
171 304
172 40
172 756
172 330
172 737
172 418
172 234
172 711
172 212
173 920
173 123
173 104
173 100
173 582
174 958
174 360
174 204
174 694
174 119
174 933
174 932
175 993
175 904
175 987
175 465
175 940
175 557
175 911
175 302
176 546
176 395
176 536
176 169
176 339
176 791
176 650
176 173
176 649
176 678
176 291
176 335
177 642
177 298
177 881
177 741
177 31
177 421
177 205
177 944
177 438
178 463
178 611
178 229
178 584
178 409
178 395
178 67
178 374
178 28
178 798
178 747
179 623
179 416
179 5
179 661
179 169
179 200
179 591
179 815
179 516
179 621
179 631
179 123
179 692
179 540
179 407
180 436
180 550
180 127
180 668
180 581
180 345
180 106
180 222
181 778
181 74
181 385
181 666
181 649
181 52
181 714
182 881
182 499
182 183
182 241
182 782
182 404
183 445
183 979
183 865
183 497
183 940
183 163
183 295
183 420
183 822
183 539
183 910
183 656
184 416
184 738
184 491
184 790
184 619
184 99
184 733
184 611
184 113
184 845
184 661
185 704
185 77
186 842
186 474
186 989
186 845
186 37
186 111
186 695
186 800
186 613
187 442
187 888
187 114
187 270
187 702
187 37
187 926
187 529
188 623
188 462
188 282
188 19
188 887
188 484
188 825
188 265
188 936
189 642
189 49
189 969
189 73
189 455
190 552
190 691
190 362
190 944
190 503
190 102
190 396
190 935
191 555
191 488
191 699
191 214
191 579
191 64
191 323
191 123
191 258
191 426
191 616
191 474
192 455
192 320
192 643
192 728
192 943
192 817
192 392
192 42
192 796
192 874
193 364
193 188
193 481
193 606
193 667
193 776
194 956
194 948
194 299
194 349
194 389
194 774
195 466
195 115
195 889
195 820
196 799
196 998
196 620
196 457
196 611
196 178
196 36
197 932
197 699
197 827
197 825
197 57
197 873
197 680
197 205
197 320
197 193
197 883
198 730
198 256
198 639
198 964
198 420
198 954
198 84
199 931
199 721
199 321
199 778
199 846
199 993
199 979
199 211
199 495
199 874
199 695
200 719
200 456
200 698
200 864
200 678
200 65
200 782
200 533
200 810
200 400
201 791
201 693
201 213
201 604
201 422
201 78
201 554
201 253
201 48
201 325
201 154
201 171
201 427
201 634
202 665
202 577
202 661
202 859
202 593
202 280
202 77
202 266
202 854
203 179
203 634
203 957
203 934
203 566
204 27
204 657
204 569
204 323
204 877
204 478
204 984
204 231
204 31
204 68
205 526
205 77
205 735
205 747
205 112
205 317
205 206
205 640
206 753
206 90
206 591
206 320
206 239
206 818
206 875
206 903
207 270
207 445
207 84
207 464
207 374
207 104
207 105
207 453
207 882
208 549
208 254
208 3
208 897
208 958
208 424
208 265
208 188
208 599
208 851
209 325
209 81
209 282
209 584
210 601
210 453
210 499
210 139
210 253
210 63
210 644
210 785
210 550
210 848
210 225
211 475
211 209
211 136
211 697
211 997
211 814
212 992
212 891
212 561
212 368
212 366
212 448
212 152
212 23
212 511
212 300
212 874
212 491
212 438
212 623
213 481
213 208
213 480
213 250
213 53
213 736
213 565
213 737
213 11
214 769
214 162
214 331
214 270
214 239
214 775
214 662
215 603
215 348
215 265
215 184
215 120
215 201
215 855
215 190
215 148
215 958
215 843
215 667
215 393
216 543
216 798
216 314
216 125
217 105
217 696
217 664
217 32
217 672
217 949
217 637
217 939
217 763
217 293
218 605
218 972
218 959
218 594
219 152
219 59
219 408
219 115
219 431
219 186
219 980
219 94
220 832
220 308
220 134
220 965
220 961
220 304
221 68
221 728
221 497
221 403
221 632
221 810
221 898
222 839
222 147
222 399
222 55
222 798
223 114
223 375
223 959
223 724
223 701
223 873
223 72
223 799
223 949
223 849
224 732
224 83
224 661
224 627
224 940
224 828
225 425
225 714
225 997
225 28
225 190
225 783
225 109
225 489
225 982
225 80
225 907
226 743
226 615
226 621
226 863
226 199
226 703
226 468
226 472
227 239
227 679
227 470
227 801
227 894
227 260
227 66
227 822
227 690
227 841
227 212
228 398
228 347
228 989
228 823
228 811
228 901
228 414
228 377
228 723
228 543
229 823
229 300
229 557
229 212
229 248
229 49
229 705
229 429
230 944
230 988
230 612
230 94
230 325
230 394
230 178
231 229
231 63
231 789
231 612
231 197
231 328
231 692
231 446
231 572
231 978
231 769
231 947
231 917
231 649
232 843
232 4
232 670
232 156
232 742
232 438
232 389
232 612
232 731
232 190
232 689
233 135
233 565
233 722
233 186
233 455
233 966
233 814
233 80
233 190
234 175
234 181
234 888
235 763
235 955
235 923
235 358
235 528
235 160
235 395
235 285
235 950
236 138
236 265
236 215
236 107
236 164
236 740
236 204
236 707
236 790
236 502
236 864
236 991
237 663
237 746
237 409
237 798
237 142
237 445
237 81
238 509
238 859
238 308
238 387
238 340
238 103
238 571
238 331
238 681
238 994
239 607
239 379
239 684
239 296
239 294
239 807
239 650
239 83
239 533
239 787
240 501
240 732
240 475
240 528
240 765
240 48
240 722
240 592
241 701
241 313
241 760
241 809
241 999
241 152
241 542
241 876
241 448
241 894
241 832
241 898
242 20
242 442
242 58
242 375
242 877
243 229
243 14
243 38
243 939
243 388
243 509
243 984
243 375
243 519
243 686
243 658
243 41
243 537
244 208
244 8
244 57
244 893
244 878
244 932
244 209
244 944
244 857
245 58
245 397
245 410
246 964
246 531
246 898
246 122
247 109
247 107
248 866
248 890
248 811
248 177
248 548
249 352
249 673
249 499
249 125
249 429
249 887
249 69
249 399
249 463
249 529
249 790
249 873
250 716
250 36
250 622
250 230
250 376
250 198
251 46
251 711
251 811
251 730
251 893
251 622
251 372
251 117
251 845
251 424
251 650
251 875
251 29
251 11
251 901
252 601
252 775
252 736
252 245
252 608
252 609
252 173
252 499
252 493
252 603
252 570
252 216
252 592
252 922
253 742
253 950
253 541
253 179
253 957
253 464
253 323
253 357
253 992
253 37
253 101
253 447
253 335
254 681
254 240
254 312
254 634
254 84
254 512
254 287
254 126
255 829
255 459
255 300
255 224
255 234
255 271
255 207
255 780
255 677
255 620
255 917
256 279
256 515
256 694
256 69
256 324
256 490
256 67
256 101
256 609
256 163
256 810
257 393
257 316
257 638
257 80
257 413
257 17
257 255
257 477
257 810
258 759
258 763
258 49
258 738
258 467
258 766
259 910
259 445
259 617
259 155
259 383
259 644
260 443
260 111
260 177
260 649
261 38
261 245
261 549
261 191
261 484
261 590
261 293
262 47
262 804
262 949
262 258
262 741
262 629
263 315
263 812
263 414
263 29
263 187
263 511
264 990
264 517
264 30
264 461
264 386
264 768
264 479
265 834
265 763
265 572
265 845
265 932
265 67
265 792
265 119
265 560
265 330
265 948
265 990
265 373
266 204
266 964
266 286
266 517
266 420
266 767
266 755
266 232
266 93
266 803
267 225
267 517
267 322
267 126
267 690
267 77
267 643
267 208
268 80
268 444
268 988
268 194
268 473
268 784
268 613
268 111
268 884
269 817
269 928
269 892
269 34
269 820
269 275
269 424
269 48
269 53
270 669
270 745
270 281
270 538
270 958
270 239
270 653
270 720
270 536
270 838
270 681
271 437
272 519
272 942
272 318
272 186
272 438
273 991
273 683
273 786
273 279
274 427
274 468
274 906
274 889
274 744
274 905
274 740
275 183
275 952
275 683
275 709
275 616
275 468
275 106
275 865
275 240
275 852
276 754
276 38
276 432
276 854
276 359
277 432
277 858
277 194
277 345
277 837
277 246
277 827
277 509
277 196
277 826
278 388
278 348
278 184
278 599
278 891
278 373
278 701
279 64
279 160
279 796
279 358
279 575
279 322
279 68
280 466
280 320
280 791
280 984
281 112
281 253
281 881
281 523
281 784
282 417
282 907
282 878
282 565
282 623
283 999
283 991
283 674
283 8
283 80
283 447
283 155
283 75
284 959
284 831
284 664
284 461
285 886
285 773
285 938
285 197
285 814
285 697
285 342
285 689
285 211
285 148
285 346
285 117
285 39
286 380
286 273
286 787
286 648
286 426
286 275
286 697
286 738
287 308
287 465
287 393
287 741
287 321
287 54
287 847
288 629
288 205
288 765
288 168
288 240
288 478
288 432
289 954
289 171
289 417
289 194
289 295
289 488
289 287
289 522
290 136
290 980
290 72
290 63
290 324
290 961
291 149
291 67
291 582
291 821
291 358
291 819
291 333
291 58
292 617
292 6
292 58
292 587
292 320
292 217
292 685
292 45
293 288
293 8
293 753
293 96
293 157
293 346
293 732
293 75
293 920
293 12
294 504
294 159
294 820
294 177
294 555
294 515
294 866
294 487
295 698
295 307
295 375
295 154
295 434
295 231
295 79
295 430
295 794
295 738
295 75
295 961
295 354
295 236
295 563
295 168
296 685
297 861
297 942
297 616
297 593
297 294
297 606
297 559
298 716
298 729
298 774
298 504
298 463
298 397
298 157
298 132
298 572
298 641
298 688
299 440
299 481
299 72
299 640
299 727
300 142
300 558
300 159
300 591
300 794
300 560
300 937
300 847
300 365
300 257
300 857
300 355
301 236
301 481
301 459
301 964
301 994
301 546
301 877
301 719
301 740
302 668
303 191
303 59
303 167
303 723
303 52
303 54
303 743
303 690
304 897
304 508
304 871
304 191
304 322
304 922
305 425
305 145
305 277
305 925
305 676
305 221
306 244
306 972
306 193
306 920
306 563
306 228
306 735
306 107
306 939
306 261
306 190
306 694
307 501
307 757
307 912
307 108
307 588
307 751
307 131
307 603
307 0
307 88
307 494
307 425
307 96
308 490
308 714
308 974
308 101
308 257
309 368
309 555
309 933
309 712
309 956
309 383
309 297
309 316
309 524
309 650
310 194
310 187
310 583
310 346
310 275
310 938
310 536
310 8
310 624
310 539
310 56
311 750
311 169
311 318
311 532
311 915
311 541
311 502
311 418
311 110
311 882
311 721
311 274
312 773
312 416
312 396
312 357
312 328
312 902
312 799
312 793
313 303
313 35
313 304
313 23
313 488
313 464
313 783
313 979
314 710
314 595
314 599
314 349
314 652
314 994
315 700
315 520
315 718
315 363
315 251
316 58
316 274
316 820
316 490
316 382
316 800
316 182
316 741
316 452
317 406
317 925
317 541
317 877
317 736
317 658
317 834
318 909
318 971
318 476
318 194
318 334
318 123
318 684
318 4
319 992
319 473
319 930
319 278
319 535
319 550
319 41
319 134
319 393
319 558
319 746
319 932
319 933
319 691
320 633
320 172
320 264
320 809
320 249
320 837
320 46
320 692
320 609
320 863
321 18
321 245
321 848
321 171
321 531
321 405
322 265
322 718
322 113
322 202
322 37
322 908
323 256
323 606
323 801
323 821
323 278
323 478
323 971
324 754
324 390
324 520
324 293
324 804
325 844
325 599
325 64
325 504
325 731
325 926
325 144
326 820
326 347
326 377
326 543
326 695
326 216
326 980
326 114
326 962
327 284
327 560
327 177
327 229
327 596
327 607
327 592
327 270
327 175
328 594
328 847
328 988
328 951
328 714
328 38
328 449
328 746
328 368
329 776
329 411
329 198
329 941
329 728
329 697
329 518
330 681
330 688
330 400
331 866
331 399
331 677
331 411
331 393
331 329
332 729
332 229
332 148
332 785
332 331
332 121
332 226
332 351
332 112
332 79
332 678
333 578
333 320
333 184
333 111
333 834
333 105
333 614
333 165
333 901
334 103
334 551
334 585
334 837
334 199
334 218
334 279
334 353
334 22
334 586
335 600
335 105
335 540
335 297
335 458
335 274
336 250
336 279
336 179
336 177
336 761
337 738
337 724
337 483
337 125
337 827
337 696
337 350
337 144
337 43
337 325
338 861
338 880
338 135
338 731
338 899
338 625
338 463
339 813
339 974
339 507
339 94
340 770
340 481
340 868
340 924
340 422
340 853
340 392
340 224
341 415
341 444
341 283
341 11
341 151
341 113
341 652
342 351
342 877
342 503
342 209
342 431
342 121
342 723
342 587
343 332
343 145
343 182
344 101
344 311
344 147
344 524
345 196
345 793
345 170
345 52
346 34
346 507
346 291
346 637
346 396
346 266
346 469
346 939
346 871
347 694
347 647
347 203
347 616
347 824
347 942
347 456
347 287
347 286
348 475
348 312
348 81
348 40
348 701
348 756
348 175
348 774
348 782
348 719
348 166
349 789
349 306
349 358
349 982
349 407
350 852
350 146
350 372
350 437
350 58
350 232
350 128
350 108
350 727
350 542
350 982
350 714
350 704
350 833
351 160
351 286
351 452
351 838
351 121
351 175
352 550
352 440
352 401
352 937
352 187
352 728
352 940
352 188
353 712
353 459
353 811
353 478
353 164
353 150
353 508
353 821
354 165
354 579
354 609
354 232
354 596
354 24
354 746
355 559
355 678
355 671
355 200
355 313
355 787
355 46
355 342
355 845
355 891
355 616
356 498
356 890
356 565
356 19
356 927
356 301
356 401
356 406
356 548
357 211
357 740
357 337
357 794
357 754
357 953
357 304
358 837
358 713
358 203
358 85
358 116
358 468
358 925
359 4
359 388
359 46
359 944
359 69
359 787
359 383
359 190
359 499
359 213
360 288
360 183
360 232
360 465
360 261
360 684
360 894
360 998
360 688
360 312
360 954
360 839
361 760
361 883
361 479
361 846
361 223
361 993
361 340
361 480
361 670
362 599
362 148
362 240
362 83
362 14
362 334
362 949
362 647
362 47
362 57
362 648
362 579
362 677
363 479
364 931
364 454
364 568
364 892
364 196
365 123
365 734
365 911
365 336
365 852
365 827
365 807
365 416
365 582
365 397
366 474
366 611
366 991
366 152
366 704
366 770
366 184
367 882
367 514
367 67
367 795
367 116
367 789
368 354
368 867
368 332
368 214
368 878
368 924
368 601
368 453
368 600
368 122
368 519
368 205
369 202
369 934
369 988
369 170
369 205
369 204
369 195
370 487
370 892
370 574
371 23
371 731
371 874
371 78
371 698
371 149
371 515
371 548
371 55
371 205
371 550
371 750
372 677
372 448
372 301
372 495
372 288
372 898
373 81
373 833
373 465
373 554
373 773
373 360
373 562
373 363
373 362
373 74
374 640
374 800
374 99
374 95
375 806
375 163
375 376
375 921
375 718
375 456
375 903
375 64
375 190
375 37
375 895
375 459
376 960
376 183
376 655
376 380
376 706
376 938
376 644
376 749
376 575
376 807
376 722
376 446
376 668
376 128
377 47
377 264
377 822
377 652
377 25
377 939
377 948
378 316
378 462
378 13
378 543
378 996
378 785
378 932
379 595
379 431
379 21
379 979
379 170
379 645
379 403
379 81
380 491
380 427
380 164
380 187
380 831
380 711
380 547
380 520
380 693
380 924
380 399
380 357
380 219
380 310
380 639
380 719
381 538
381 144
381 857
381 853
381 382
381 380
381 408
381 98
381 504
381 471
381 825
382 983
382 564
382 306
382 497
382 842
383 851
383 837
383 187
383 359
383 260
383 253
383 980
383 308
383 792
384 323
384 655
384 593
384 291
384 6
384 919
384 314
384 646
384 735
384 334
384 576
384 965
384 125
384 953
384 278
384 275
385 423
385 164
385 824
385 336
385 416
385 777
385 334
386 235
386 872
386 795
386 704
386 908
386 38
386 26
386 779
387 982
387 616
387 565
387 359
388 639
388 633
388 861
388 871
388 855
388 561
388 832
388 831
388 177
388 673
389 739
389 152
389 408
389 917
389 290
389 881
389 236
389 112
389 312
390 523
390 22
390 812
390 326
390 221
390 423
391 543
391 658
391 425
391 147
391 825
391 552
391 734
391 437
391 588
392 511
392 202
392 413
393 550
393 143
393 91
393 419
393 976
393 599
393 77
394 487
394 28
394 407
394 190
394 241
394 920
394 577
394 450
394 821
394 102
394 902
395 473
395 179
395 745
395 827
395 528
395 37
395 922
395 797
396 645
396 967
396 205
397 125
397 726
397 639
397 881
397 293
398 557
398 871
398 626
398 769
399 524
399 911
399 153
399 850
399 688
399 672
399 315
399 209
399 65
400 823
400 938
400 803
400 736
400 163
400 344
400 676
400 746
401 871
401 675
401 250
401 969
401 513
401 848
402 497
402 74
402 486
402 504
402 163
402 73
402 318
402 943
402 363
402 139
402 935
403 386
403 317
403 108
403 455
403 619
403 788
404 845
404 492
404 78
404 127
405 817
405 173
405 953
405 219
405 967
405 514
405 643
405 564
406 753
406 921
406 454
406 500
406 787
406 60
406 2
406 36
407 829
407 40
407 997
407 743
407 148
407 390
407 378
407 825
408 324
408 810
408 371
408 108
408 279
409 392
409 405
409 939
409 426
410 875
410 17
410 449
410 60
410 747
410 877
410 125
410 137
410 971
410 965
411 573
411 388
411 496
411 501
411 820
411 550
411 863
412 977
412 509
412 275
412 69
412 264
412 783
412 766
412 431
412 531
412 54
413 88
413 12
413 979
413 633
413 794
413 506
413 878
413 656
413 805
413 157
414 864
414 835
414 847
414 948
415 898
415 946
415 19
415 745
415 874
416 927
416 551
416 940
417 487
417 930
417 249
417 71
417 49
417 138
417 23
417 805
417 601
417 579
417 216
417 360
418 870
418 906
418 832
418 678
418 833
418 251
418 483
418 96
418 51
418 491
418 28
418 180
419 50
419 561
419 829
419 25
419 289
419 997
419 124
419 174
419 683
419 621
420 807
420 476
420 455
420 867
421 546
421 416
421 56
421 708
421 24
421 267
421 356
421 1
422 141
422 524
422 621
422 560
422 686
422 174
422 311
422 172
422 707
423 610
423 732
423 847
423 125
423 900
423 210
423 490
423 804
423 447
423 391
423 160
424 35
424 7
424 643
424 133
424 264
424 99
424 818
424 917
424 276
424 134
425 25
425 443
425 60
425 913
425 983
425 692
425 1
426 678
426 0
426 913
426 635
426 527
426 276
427 689
427 265
427 763
427 200
427 494
427 525
427 795
427 932
428 407
428 418
428 363
428 487
428 89
428 655
428 137
428 78
428 588
428 294
429 867
429 411
429 953
429 252
429 309
429 762
429 948
429 771
430 60
430 659
430 127
430 542
430 495
430 762
430 333
430 864
430 263
431 183
431 369
431 717
431 97
431 495
431 545
431 940
431 691
432 546
432 48
432 17
432 183
432 254
432 279
432 467
432 73
432 82
432 842
432 367
432 167
433 921
433 128
433 453
433 711
433 516
433 832
433 658
433 363
433 568
433 703
433 866
433 957
433 862
434 275
434 664
434 439
434 143
434 374
434 441
434 775
434 642
435 529
435 331
435 563
435 66
435 928
436 163
436 939
436 371
436 599
436 186
436 394
436 259
437 436
437 131
437 40
437 70
438 978
438 671
438 673
438 558
438 229
438 806
438 721
438 706
438 466
439 680
439 704
439 55
439 46
439 191
439 330
439 697
439 39
439 719
440 546
440 926
440 614
440 77
440 691
440 855
440 23
440 659
440 819
440 222
440 138
441 702
441 945
441 305
441 708
441 215
441 613
442 112
442 121
442 635
442 955
442 916
442 887
442 304
443 778
443 423
443 216
443 49
443 848
443 464
443 633
443 814
443 853
444 6
444 449
444 999
444 220
444 32
444 78
445 945
445 426
445 602
445 886
445 245
445 748
445 89
445 754
446 201
446 576
446 547
446 817
446 809
446 540
446 116
446 823
447 932
447 97
447 373
447 348
447 556
448 561
448 361
448 864
448 479
448 806
448 788
448 96
449 757
449 187
449 86
449 914
449 990
449 359
449 324
449 962
450 936
450 471
450 628
450 552
450 895
450 586
450 999
450 406
451 89
451 392
451 219
451 374
451 419
452 736
452 700
452 684
452 102
452 278
452 249
452 60
452 418
453 886
453 904
453 213
453 661
453 704
453 912
453 919
453 631
453 989
453 728
454 525
454 89
454 573
454 95
454 225
454 488
454 490
454 226
455 412
455 500
455 109
455 805
456 731
456 893
456 642
456 23
456 421
456 656
456 523
456 125
457 300
457 826
457 241
457 668
457 342
457 333
457 105
457 756
458 455
458 59
458 753
458 194
458 914
459 116
459 870
459 523
459 372
459 873
459 474
459 886
459 894
459 279
459 392
459 233
460 13
460 94
460 871
460 258
460 154
460 421
460 728
460 494
460 678
461 428
461 113
461 223
461 158
461 824
461 642
461 316
462 407
462 26
462 781
462 624
462 68
462 182
462 538
462 31
462 431
462 915
462 243
463 330
463 239
463 513
463 894
463 627
463 677
463 406
464 333
464 950
464 670
464 26
464 708
464 817
464 300
464 209
464 223
464 470
464 551
465 932
465 963
465 441
465 707
465 546
465 598
465 669
465 690
466 791
466 747
466 414
466 610
466 574
466 415
466 635
466 192
466 430
466 692
466 672
467 891
467 277
467 7
467 940
467 976
467 196
467 904
467 725
467 346
467 122
467 820
467 607
467 488
468 538
468 254
468 125
468 967
468 720
468 849
468 982
468 221
468 660
468 689
468 243
468 711
468 911
468 68
468 614
469 67
469 608
469 291
469 966
469 339
469 318
469 193
469 952
469 742
469 405
470 797
470 587
470 113
470 704
470 645
470 366
470 655
470 106
470 887
470 707
470 529
470 572
470 81
470 367
470 446
470 650
471 439
471 889
471 537
471 4
471 314
471 976
471 534
472 570
472 148
472 980
472 484
472 158
472 875
472 196
472 941
472 145
473 7
473 682
473 546
473 683
473 780
474 59
474 696
474 174
474 216
474 767
474 411
474 455
474 542
475 466
475 148
475 19
475 828
475 132
475 581
475 476
475 360
476 322
476 495
476 910
476 454
476 315
476 830
476 334
476 253
476 164
476 951
477 28
477 766
477 812
477 547
478 90
478 360
478 128
478 435
478 551
478 697
478 934
478 628
478 656
478 460
478 40
479 109
479 804
479 238
479 200
479 865
479 299
479 730
480 720
480 105
480 568
480 462
481 211
481 553
481 272
481 218
481 860
481 643
481 382
481 410
481 477
481 239
482 705
482 323
482 727
482 395
482 746
483 773
483 181
483 969
483 507
483 358
483 244
483 657
483 569
483 218
483 480
484 51
484 506
484 343
484 820
485 920
485 133
485 961
485 722
485 899
485 286
485 648
485 175
485 31
485 479
486 574
486 328
486 308
486 323
487 908
487 926
487 408
487 939
487 122
488 502
488 727
488 824
488 119
488 735
488 236
489 84
489 805
489 234
489 212
490 571
490 775
490 801
490 421
490 903
490 302
490 316
490 913
490 320
490 876
490 408
490 763
490 298
491 289
491 970
491 119
491 279
491 763
491 56
492 389
492 827
492 465
493 901
493 593
493 497
493 761
493 644
493 625
493 253
493 81
493 63
493 459
493 173
494 349
494 195
494 95
494 948
494 118
494 953
494 827
494 55
494 818
494 313
494 762
494 820
494 684
494 960
495 988
495 55
495 74
495 25
495 717
495 223
495 519
495 488
495 782
495 527
496 502
496 564
496 165
496 749
496 256
496 262
496 865
496 959
496 680
496 24
496 203
497 219
497 179
497 254
497 358
497 46
497 693
497 15
497 538
497 481
497 87
498 962
498 394
498 246
498 113
498 63
498 829
498 305
499 122
499 598
499 772
499 183
499 12
499 355
499 873
499 320
499 64
500 675
500 894
500 649
500 612
500 241
500 855
500 52
500 403
500 102
500 239
500 955
500 165
501 451
501 494
501 517
501 830
501 880
501 99
501 240
501 983
501 469
501 542
502 855
502 442
502 732
502 730
503 745
503 117
503 774
503 192
503 988
503 439
503 664
504 765
504 663
504 712
504 991
504 110
505 676
505 269
505 782
505 540
505 731
505 765
505 461
505 235
506 324
506 211
506 535
506 671
506 302
506 883
506 682
506 504
507 948
507 821
507 470
507 149
507 646
507 291
507 494
508 540
509 101
509 545
509 477
509 709
510 413
510 457
510 342
510 30
510 87
510 675
510 389
510 313
510 553
510 512
511 857
511 427
511 230
511 923
511 927
511 963
511 117
511 80
512 867
512 375
512 794
512 392
512 698
512 473
512 936
513 531
513 753
513 943
513 253
513 899
513 250
513 568
513 927
513 789
513 66
514 356
514 260
514 180
514 690
514 377
514 379
514 172
514 177
514 722
514 884
514 19
514 750
514 96
515 987
515 898
515 788
515 579
515 917
516 246
516 620
516 962
516 2
516 254
516 335
516 644
516 742
516 488
516 789
517 46
517 351
517 293
517 357
517 356
517 455
517 531
517 462
517 42
517 564
517 997
517 640
518 774
518 430
518 913
518 893
518 791
518 605
518 77
519 416
519 353
519 337
519 939
519 534
519 117
519 214
520 827
520 637
520 858
520 121
520 621
520 753
520 994
520 582
520 927
520 175
521 865
521 370
521 103
521 993
521 121
521 381
521 266
521 817
521 928
521 898
522 734
522 674
522 796
522 560
522 947
522 515
522 711
522 4
522 394
522 5
523 29
523 749
523 520
523 553
523 413
523 181
523 178
524 178
524 688
524 385
524 118
524 899
524 928
524 296
524 158
524 164
524 946
524 370
525 297
525 56
525 499
525 730
525 235
525 17
526 123
526 480
526 654
526 699
526 552
526 838
526 773
526 934
527 711
527 880
527 702
527 535
527 358
527 294
527 200
528 941
528 227
528 864
528 898
528 774
528 845
528 50
528 650
528 942
528 966
529 193
529 325
529 886
529 112
529 148
529 813
529 951
529 600
530 714
530 261
530 191
530 628
530 539
530 999
530 293
531 86
531 712
531 563
531 735
531 49
531 390
531 423
531 763
531 370
531 128
532 617
532 33
532 158
532 587
532 39
532 900
532 339
532 433
533 541
533 499
533 438
533 381
533 704
533 638
533 670
534 439
534 62
534 14
534 701
534 41
534 837
534 272
534 846
534 69
535 479
535 989
535 561
535 612
535 600
535 417
535 987
535 349
535 448
535 762
535 293
535 783
536 426
536 386
536 969
536 147
536 202
536 395
536 448
536 551
536 154
537 229
537 78
537 704
537 640
537 490
537 766
537 52
537 721
537 713
537 774
537 268
537 97
537 834
537 506
538 961
538 175
538 230
538 751
538 359
538 819
538 78
538 425
538 248
538 520
538 613
539 426
539 10
539 389
539 865
540 991
540 51
540 745
540 499
541 132
541 414
541 800
541 959
541 238
541 317
542 732
542 620
542 406
542 996
542 36
543 49
543 876
543 425
543 573
543 93
543 140
543 568
544 805
544 888
544 950
544 17
545 921
545 368
545 195
545 962
546 284
546 823
546 830
546 521
546 48
546 846
546 47
546 894
546 614
547 797
547 856
547 883
547 415
547 125
547 580
547 404
548 951
548 883
548 980
548 530
548 934
548 942
548 473
548 489
548 291
549 52
549 615
549 589
549 575
549 223
549 976
550 281
550 48
550 672
550 231
550 931
550 223
551 830
551 10
551 79
551 362
551 184
551 441
551 427
551 774
552 913
552 211
552 660
552 195
552 13
552 170
552 985
552 363
553 907
553 853
553 243
553 435
553 775
553 884
553 186
553 578
554 834
554 288
554 619
554 68
554 319
554 695
554 42
554 566
554 524
554 438
555 557
555 329
555 366
555 852
555 52
555 534
555 511
555 509
555 636
555 982
555 955
556 71
556 31
556 65
556 805
556 985
557 116
557 218
557 426
557 67
557 339
557 744
557 497
557 31
558 34
558 720
558 434
558 36
558 929
558 684
558 17
559 568
559 350
559 356
559 153
559 602
559 661
559 739
559 136
560 334
560 822
560 242
560 755
560 469
560 460
560 746
561 437
561 547
561 356
561 229
561 911
561 658
561 509
561 684
562 587
562 642
562 793
562 623
562 896
562 421
563 85
563 31
563 688
563 182
563 316
563 331
563 843
563 244
564 759
564 136
564 610
564 824
564 372
565 233
565 814
565 739
565 877
565 14
565 288
565 75
565 784
565 271
565 452
565 622
565 191
566 633
566 83
566 571
566 679
566 42
567 328
567 685
567 609
567 647
568 643
568 593
568 739
568 869
568 421
568 114
568 915
568 898
568 10
568 893
568 27
569 235
569 823
569 65
569 554
569 191
569 405
570 232
570 955
570 923
570 700
570 956
570 507
570 379
570 221
571 905
571 565
571 930
571 533
571 805
571 590
571 142
572 456
572 518
572 787
572 280
572 171
572 591
572 940
572 665
573 17
573 869
573 77
573 775
573 595
573 205
574 388
574 58
574 194
574 719
574 583
574 65
574 546
575 548
575 468
575 773
575 90
575 80
575 310
575 528
575 395
576 910
576 856
576 953
576 914
576 885
576 24
576 764
576 777
577 462
577 853
577 451
577 122
577 237
577 546
577 481
577 536
578 264
578 785
578 313
578 149
578 125
578 453
578 53
579 556
579 45
579 186
579 638
579 258
579 21
579 246
580 52
580 356
580 239
580 63
580 300
580 402
580 95
580 130
580 776
580 268
581 67
581 299
581 93
581 366
581 474
581 131
581 864
581 456
582 316
582 211
582 217
582 155
583 708
583 441
583 705
583 870
583 263
583 924
583 579
583 406
584 920
584 562
584 409
584 657
584 801
584 530
584 776
585 189
585 814
585 51
585 908
586 87
586 386
586 897
586 480
586 711
586 297
586 113
586 278
586 602
586 703
586 19
587 23
587 758
587 728
587 8
587 357
588 619
588 710
588 844
588 596
588 218
588 533
588 923
588 54
588 302
589 587
589 271
589 883
589 951
589 310
589 625
589 794
589 552
590 732
590 886
590 408
591 363
591 155
591 725
591 959
591 716
591 439
591 731
591 58
592 118
592 686
592 935
592 371
592 570
592 680
592 466
593 706
593 351
593 642
593 363
593 829
593 613
594 236
594 758
594 704
594 426
594 665
595 328
595 903
595 308
595 906
595 362
595 348
595 394
595 689
595 922
595 359
596 978
596 537
596 238
596 900
597 183
597 716
597 829
597 703
597 780
597 83
597 855
597 221
597 712
597 799
597 523
597 423
598 898
598 92
598 832
598 507
598 762
598 380
598 971
598 110
599 93
599 520
599 790
599 832
599 490
599 546
599 168
599 603
600 955
600 770
600 295
600 832
600 753
600 497
600 845
600 527
600 857
600 379
600 59
600 237
600 20
600 739
601 70
601 868
601 19
601 277
601 656
601 242
601 327
601 450
601 934
601 709
602 834
602 415
602 403
602 887
602 767
602 109
602 240
602 219
602 768
603 362
603 667
603 647
603 436
603 206
603 298
603 673
603 7
603 820
603 472
603 727
604 787
604 888
604 704
604 292
604 855
605 135
605 366
605 664
605 157
605 829
605 288
605 985
605 693
606 932
606 8
606 775
606 565
606 91
606 149
606 596
606 997
607 503
607 822
607 829
607 726
607 544
607 733
608 150
608 556
608 721
608 159
608 419
608 526
608 635
608 529
608 528
608 204
608 157
608 520
608 901
609 918
609 294
609 927
610 616
610 186
610 12
610 492
610 809
610 26
610 712
610 30
610 380
610 847
610 807
610 959
611 155
611 13
611 165
611 100
612 18
612 65
612 42
612 719
612 944
612 751
613 513
613 433
613 559
613 679
613 866
613 391
613 585
614 898
614 74
614 778
614 231
614 193
614 388
615 689
615 493
615 445
615 465
615 915
615 325
615 683
615 863
615 163
615 234
616 626
616 695
616 86
616 480
616 786
616 27
616 284
616 679
616 882
616 806
617 595
617 233
617 610
617 93
617 472
617 493
618 36
618 314
618 744
618 451
618 483
618 283
619 895
619 170
619 737
619 699
619 445
619 458
619 413
620 501
620 749
620 458
620 72
620 53
620 878
620 199
620 905
620 783
620 313
621 353
621 586
621 653
621 364
621 798
621 373
621 612
621 712
622 938
622 801
622 791
622 535
622 696
622 495
623 471
623 8
623 182
623 722
623 211
623 107
623 127
623 608
623 488
623 325
623 656
623 987
624 209
624 313
624 36
625 185
625 699
625 947
625 309
625 923
626 881
626 680
626 514
626 993
626 410
626 849
626 482
626 297
626 998
626 265
626 816
626 926
627 537
627 517
627 82
627 857
627 738
627 536
627 751
627 154
628 501
628 560
628 196
628 63
628 300
628 139
628 503
628 392
628 72
628 654
629 153
629 44
629 123
629 1
629 539
629 904
630 25
630 96
630 424
630 354
630 0
630 219
630 734
630 696
630 836
630 731
631 306
631 131
631 482
631 56
631 101
631 981
631 288
631 841
632 157
632 772
632 458
632 569
632 564
632 725
633 529
633 288
633 261
633 252
633 348
633 507
633 664
633 588
633 17
634 990
634 371
634 778
634 419
634 303
635 202
635 546
635 59
635 249
635 994
635 86
635 514
635 724
636 43
636 707
636 306
636 215
636 547
636 603
636 56
636 779
636 246
636 549
637 563
637 12
637 896
637 610
637 222
638 924
638 357
638 196
638 136
638 852
638 748
639 414
639 379
639 328
639 962
639 299
639 318
639 621
639 808
639 392
640 420
640 594
640 110
640 542
640 158
640 884
641 985
641 44
641 236
641 752
641 137
641 367
641 232
641 184
641 636
641 148
641 607
642 338
642 32
642 342
642 363
642 738
642 657
642 958
642 687
643 673
643 128
643 697
643 563
643 651
643 174
643 529
643 837
643 491
644 575
644 163
644 882
644 732
644 76
645 357
645 605
645 723
645 621
645 898
645 917
645 868
645 453
646 630
646 607
646 865
646 409
646 921
646 655
646 355
646 295
647 262
647 468
647 326
647 365
648 686
648 492
648 151
648 770
648 908
648 11
648 941
648 558
648 545
648 871
649 928
649 41
649 733
649 110
649 996
649 369
649 237
649 0
650 887
650 51
650 295
650 487
650 913
650 555
650 368
650 207
650 587
650 768
650 366
651 459
651 579
651 428
651 867
651 877
652 273
652 908
652 408
652 104
652 690
652 601
653 841
653 980
653 327
653 710
653 24
653 630
653 112
653 516
653 905
653 539
653 449
653 580
654 627
654 722
654 740
654 346
654 786
654 230
654 680
654 601
654 965
654 470
654 366
654 702
655 392
655 889
655 207
655 35
655 806
655 165
655 74
656 542
656 653
656 200
656 370
656 287
656 597
656 838
657 786
657 240
657 456
657 317
657 48
657 145
657 821
658 74
658 596
658 200
658 154
658 667
658 165
658 779
658 110
658 656
658 728
658 285
659 153
659 377
659 724
659 193
659 908
659 742
659 805
659 887
660 596
660 898
660 896
660 402
660 920
661 184
661 114
661 838
661 990
661 699
661 68
661 870
661 117
662 213
662 119
662 503
662 293
662 477
662 890
662 157
662 19
662 380
662 109
662 603
662 947
662 472
662 173
662 216
663 648
663 848
663 780
663 27
663 669
663 451
663 217
664 621
664 605
664 252
664 196
664 973
664 191
664 586
664 189
665 566
665 772
665 111
665 418
665 376
665 329
665 525
665 672
665 320
665 309
666 406
666 176
666 319
666 208
666 998
666 996
666 2
666 424
666 781
666 891
666 689
666 601
666 192
666 474
666 69
666 120
666 25
666 608
667 547
667 935
667 702
667 134
667 954
667 170
667 719
667 810
668 464
668 144
668 798
668 874
668 509
668 878
668 965
668 40
669 234
669 437
669 23
669 791
669 85
670 188
670 784
670 620
670 561
670 780
670 824
670 874
670 799
670 679
670 220
670 132
670 55
670 735
670 740
670 945
671 972
671 244
671 23
671 754
671 271
671 325
671 528
672 578
672 611
672 312
672 699
672 381
672 366
672 352
672 851
673 173
673 17
673 919
673 8
673 513
673 302
673 203
673 485
673 417
673 946
673 177
673 739
673 822
673 776
674 397
674 628
674 233
674 844
674 659
675 521
675 889
675 227
675 756
675 97
675 193
675 881
675 520
676 165
676 925
676 989
676 342
676 968
676 408
676 592
676 63
676 749
677 102
677 101
677 879
677 672
677 266
677 264
677 170
677 319
677 17
677 317
677 499
677 878
677 307
677 654
678 599
678 268
678 979
678 794
678 21
678 758
678 908
679 571
679 791
679 60
679 297
679 49
679 821
679 884
679 828
680 640
680 132
680 804
680 307
681 745
681 291
681 663
681 377
681 896
681 972
681 334
682 891
682 645
682 720
682 129
682 438
683 524
683 742
683 196
683 665
683 71
683 697
683 709
683 2
683 753
684 380
684 193
684 82
684 642
684 918
684 481
684 478
685 34
685 500
685 5
685 601
685 946
685 6
685 64
685 904
685 149
685 596
685 437
686 246
686 510
686 708
686 24
686 161
686 530
686 503
686 71
686 906
686 187
686 967
686 35
687 701
687 905
687 720
687 596
687 839
687 517
687 762
687 282
687 266
687 136
687 192
687 629
688 559
688 994
688 610
688 596
688 443
688 26
688 806
689 546
689 220
689 612
689 333
689 868
689 670
689 381
689 873
689 908
689 446
689 236
689 7
690 78
691 373
691 9
691 489
691 700
691 861
691 492
691 252
691 416
691 735
691 219
692 761
692 645
692 106
693 671
693 839
693 324
693 679
693 77
693 535
694 799
694 513
694 421
694 833
694 23
694 59
694 365
694 359
694 189
694 131
695 784
695 710
695 42
695 272
695 160
696 605
696 615
696 598
696 461
697 393
697 36
697 207
697 152
697 428
697 933
697 741
697 445
697 115
698 583
698 183
698 883
698 247
698 296
698 292
698 976
698 400
698 893
698 168
698 428
698 455
698 231
698 340
698 927
698 72
699 788
699 717
699 244
699 114
699 528
699 194
699 670
699 671
699 605
700 84
700 642
700 432
700 609
700 467
701 280
701 790
701 623
701 997
701 869
702 103
702 178
702 483
702 25
702 393
702 436
702 409
702 326
702 61
702 173
702 552
702 316
703 884
703 505
703 376
703 504
703 206
703 267
704 591
704 491
704 247
704 458
704 494
704 714
705 455
705 368
705 589
705 357
705 284
705 391
705 334
706 248
706 284
706 871
706 191
706 712
706 900
707 716
707 188
707 228
707 296
707 134
707 617
707 570
707 451
707 991
707 469
707 705
707 442
708 75
708 130
708 968
708 663
708 380
708 561
708 15
709 427
709 808
709 942
709 625
710 945
710 259
710 213
710 417
710 862
710 122
710 477
710 408
711 630
711 411
711 737
711 605
711 575
711 634
711 131
712 675
712 344
712 746
712 942
712 512
712 843
712 962
712 565
712 859
712 724
713 192
713 745
713 239
713 227
713 730
713 120
713 268
714 241
714 193
714 29
714 210
714 206
714 361
714 856
714 802
714 131
714 229
714 720
715 573
715 419
715 811
715 663
715 600
715 606
716 381
716 535
716 673
716 910
716 806
716 341
716 939
716 94
716 713
716 320
717 908
717 390
717 894
717 452
717 925
717 170
717 81
717 99
718 239
718 795
718 59
718 694
718 519
718 989
718 310
718 429
719 294
719 617
719 878
719 867
719 855
719 704
719 951
719 144
719 915
719 252
719 963
719 173
719 973
719 249
719 152
719 966
720 548
720 754
720 768
720 408
720 397
720 606
720 758
720 791
720 591
720 289
720 517
720 480
721 41
721 131
721 494
721 450
721 178
721 190
721 136
721 846
722 502
722 873
722 160
722 113
722 563
722 88
722 696
722 551
722 552
722 311
722 954
723 51
723 1
723 187
723 222
723 233
723 785
723 810
724 461
724 357
724 175
725 262
725 401
725 311
725 946
725 197
725 900
725 677
725 386
726 87
726 992
726 242
726 236
726 11
726 202
726 434
726 765
726 552
727 618
727 940
727 846
727 72
727 598
727 141
727 187
727 850
727 540
727 294
727 964
727 196
728 187
728 383
728 622
728 832
728 557
728 848
728 980
728 494
728 15
728 974
728 419
728 236
729 152
729 549
729 985
729 186
729 173
729 779
729 64
730 801
730 206
730 76
730 705
731 921
731 989
731 981
731 813
731 892
731 421
731 128
732 168
732 490
732 111
732 647
732 183
732 901
732 80
733 871
733 221
733 320
733 782
733 449
733 346
733 161
733 515
734 337
734 998
734 8
734 830
735 486
735 823
735 213
735 705
735 980
735 132
735 100
735 640
735 692
736 635
736 16
736 304
736 59
736 752
736 1
736 527
737 427
737 486
737 485
737 183
737 985
737 371
738 122
738 201
738 552
738 803
738 783
738 690
739 976
739 183
739 111
739 884
739 73
739 658
739 670
739 741
739 972
739 313
739 289
739 290
739 100
740 29
740 685
740 588
740 357
740 474
740 893
740 958
740 442
740 689
740 336
740 920
741 358
741 635
741 263
741 968
741 33
741 718
741 278
741 231
741 315
741 103
741 566
742 523
742 184
742 369
742 278
742 997
743 610
743 314
743 567
743 786
743 510
743 420
744 55
744 435
745 806
745 474
745 386
745 801
745 167
745 257
745 692
745 134
745 346
745 507
745 333
746 623
746 395
747 676
747 183
747 374
747 224
747 523
747 362
747 188
748 449
748 963
748 839
748 800
748 235
748 195
749 466
749 410
749 386
749 623
749 529
749 159
749 770
749 426
750 995
750 300
750 547
750 27
750 272
750 254
750 443
750 171
751 600
751 423
751 558
751 557
751 385
752 160
752 653
752 301
752 274
752 729
752 876
752 659
752 169
752 914
753 359
753 330
753 601
753 28
753 539
753 152
753 715
753 487
753 88
754 960
754 669
754 72
754 915
754 113
754 851
754 799
754 982
755 30
755 126
755 123
755 239
755 410
756 602
756 687
756 758
756 603
756 113
756 835
756 332
756 335
757 915
757 876
757 565
757 293
757 261
757 767
757 562
757 935
757 654
757 267
757 232
757 258
758 318
758 813
758 464
758 777
758 931
759 600
759 425
759 276
759 209
759 384
759 318
759 432
759 275
760 722
761 609
761 167
761 997
761 530
761 345
761 542
761 926
761 19
761 764
761 892
762 994
762 188
762 500
762 404
762 809
762 339
762 157
762 306
763 790
763 332
763 84
763 482
763 973
763 125
763 735
763 621
763 536
764 523
764 657
764 925
764 278
764 119
765 971
765 359
765 21
765 324
765 750
765 960
766 880
766 494
766 153
767 442
767 449
767 940
767 955
767 583
767 400
767 253
768 240
768 805
768 672
768 964
768 810
768 954
768 202
768 843
769 569
769 504
769 915
769 635
769 684
769 277
769 82
769 275
769 3
770 869
770 910
770 937
770 384
770 942
770 673
771 895
771 910
771 681
771 792
771 9
771 509
772 256
772 259
772 355
772 691
772 129
772 94
772 915
772 838
772 79
772 891
772 141
773 446
773 949
773 346
773 829
773 229
773 61
773 124
773 251
774 233
774 997
774 524
774 587
774 761
774 268
774 604
774 971
774 770
774 72
775 592
775 751
775 87
775 749
775 309
775 106
775 398
775 713
775 607
775 613
775 693
775 936
775 148
776 748
776 133
776 603
776 725
776 284
777 116
777 805
777 887
777 262
777 533
777 145
778 783
778 293
778 392
778 500
778 283
778 528
778 106
778 891
778 311
778 395
779 645
779 903
779 70
779 548
779 258
779 589
779 172
779 838
779 766
779 575
779 980
780 654
780 138
780 968
780 651
781 700
781 537
781 178
781 256
782 694
782 432
782 160
782 379
782 513
782 151
782 585
782 371
782 433
782 644
783 365
783 227
783 736
783 805
783 492
783 172
783 892
784 708
784 699
784 829
784 884
784 135
784 650
785 662
785 876
785 335
786 160
786 52
786 418
786 199
786 499
786 408
786 433
787 929
787 181
787 976
787 817
787 205
787 251
787 65
787 101
787 909
787 288
788 320
788 6
788 219
788 544
788 719
788 404
788 332
788 267
788 824
789 505
789 291
789 831
789 530
789 846
790 814
790 159
790 344
790 526
790 408
790 278
791 19
791 528
791 126
791 593
791 160
791 279
792 900
792 769
792 952
792 917
792 348
792 958
792 20
792 760
793 523
793 711
793 216
793 951
794 182
794 926
794 561
794 622
794 392
794 575
794 990
794 547
795 953
795 10
795 755
795 563
795 908
795 2
795 429
795 533
795 30
796 808
796 898
796 769
796 196
796 910
796 943
796 265
796 335
797 159
797 733
797 138
797 562
797 445
797 428
797 358
797 900
797 697
797 937
798 572
798 45
798 280
798 242
798 165
798 566
798 258
799 930
799 64
799 61
799 261
799 993
799 115
799 455
799 407
799 731
799 617
800 846
800 765
800 74
800 801
800 797
800 181
800 266
800 652
800 522
801 92
801 441
801 247
801 763
802 16
802 200
802 460
802 334
803 154
803 985
804 618
804 562
804 638
804 755
804 684
804 552
804 128
804 327
804 570
805 4
805 635
805 399
805 671
805 789
805 153
805 329
805 648
805 542
805 674
805 718
806 205
806 608
806 165
806 766
806 675
806 683
806 172
806 26
806 816
806 437
806 988
807 996
807 618
807 981
807 957
807 462
808 234
808 4
808 768
808 342
808 363
808 733
808 603
808 263
808 429
809 607
809 242
809 373
809 357
809 390
809 352
810 962
810 732
810 432
810 842
810 185
810 377
810 699
810 353
810 600
810 853
811 866
811 281
811 920
811 349
811 415
811 573
811 618
811 57
811 697
811 235
811 493
811 345
811 886
811 575
812 280
812 897
812 765
812 571
812 608
812 657
813 40
813 733
813 689
813 340
813 92
813 564
813 451
814 825
814 762
814 924
814 85
814 453
814 477
814 544
815 235
815 152
815 308
815 346
815 105
815 157
815 795
815 383
815 579
816 48
816 65
816 695
816 81
816 253
816 401
816 991
816 448
817 883
817 102
817 189
817 577
817 964
817 22
817 601
817 706
817 493
817 363
818 28
818 34
818 121
818 873
818 624
819 591
819 220
819 739
819 638
819 380
819 174
819 281
819 289
820 892
820 457
820 968
820 220
820 224
820 344
821 16
821 713
821 271
821 767
821 683
821 592
821 719
821 702
822 353
822 396
822 124
822 427
822 748
822 967
822 416
822 169
822 907
822 525
823 522
823 827
823 285
823 296
823 632
823 638
823 711
823 997
823 508
823 368
823 944
824 198
824 625
824 537
824 331
824 869
824 778
824 963
824 825
824 859
824 987
825 117
825 733
825 872
825 379
826 622
826 597
826 942
826 241
826 407
826 928
827 487
827 994
827 15
827 126
827 886
827 409
827 147
827 563
828 647
828 739
828 12
828 559
828 667
828 29
829 309
829 515
829 698
829 757
829 682
830 355
830 295
830 485
830 769
830 460
830 48
830 20
830 840
830 161
830 461
830 919
831 401
831 120
831 150
831 293
831 181
832 785
832 900
832 401
832 371
832 874
832 936
832 248
832 777
833 726
833 455
833 272
833 155
833 424
833 33
833 37
833 767
833 712
833 634
833 160
833 380
833 144
834 871
834 20
834 499
834 908
834 567
834 476
834 842
834 306
834 479
834 682
835 429
835 733
836 519
836 41
836 200
836 711
836 324
836 723
836 233
836 640
837 264
837 446
837 242
837 334
837 7
837 652
837 113
837 669
837 86
837 8
837 368
838 447
838 703
838 413
838 141
838 455
838 963
838 384
838 356
839 707
839 344
839 527
839 333
839 684
840 273
840 453
840 692
840 943
840 984
840 748
840 317
840 257
841 991
841 749
841 53
841 442
841 685
842 931
842 495
842 922
842 31
843 785
843 579
843 205
843 489
843 664
844 164
844 710
844 511
844 433
844 365
844 580
844 911
844 605
844 832
845 905
845 449
845 287
845 710
845 247
845 839
845 996
845 316
846 630
846 847
846 107
846 268
846 248
846 871
846 263
846 747
846 914
847 809
847 753
847 873
847 655
847 78
847 91
848 776
848 21
848 614
848 687
848 836
848 754
848 651
848 134
849 77
849 898
849 513
849 549
849 779
849 624
849 970
849 266
849 287
849 18
849 6
850 541
850 782
850 428
850 295
850 510
851 497
851 147
851 671
851 111
851 945
851 495
851 904
851 934
851 505
851 789
851 333
851 10
851 652
852 877
852 231
852 579
852 37
852 903
852 491
852 906
852 415
852 29
852 976
852 607
852 718
853 342
853 862
853 787
853 999
853 877
853 637
854 518
854 138
854 634
854 930
854 240
855 224
855 258
855 705
855 416
855 458
855 546
856 988
856 848
856 379
857 892
857 974
857 773
857 486
857 805
857 251
857 435
857 655
857 400
858 467
858 595
858 21
858 248
858 955
858 511
858 632
859 95
859 132
859 366
859 882
859 164
859 135
859 527
860 113
860 288
860 857
860 48
860 993
860 335
860 510
861 932
861 536
861 930
861 274
861 459
862 49
862 406
862 771
862 282
862 230
862 303
862 560
862 22
863 38
863 46
863 866
863 737
863 937
863 772
863 587
864 286
864 774
864 550
864 537
864 370
864 93
864 717
864 948
864 797
865 572
865 431
865 364
865 552
865 657
865 827
865 174
865 54
865 698
865 656
865 713
865 141
865 841
866 2
866 377
866 912
866 127
866 928
866 478
867 64
867 248
867 881
867 373
867 946
867 391
867 216
867 963
867 310
867 908
867 385
867 798
867 108
867 85
867 252
867 258
868 310
868 62
868 357
868 738
869 22
869 555
869 441
869 926
869 622
869 704
869 629
869 161
869 321
869 685
870 519
870 449
870 326
870 268
870 708
870 833
871 419
871 182
871 910
871 809
871 303
872 966
872 260
872 568
872 95
872 557
872 893
872 42
873 111
873 911
873 278
873 949
873 433
873 685
873 442
873 44
874 150
874 257
874 170
874 918
874 145
875 151
875 570
875 544
875 233
875 624
875 40
875 296
875 125
875 618
875 924
876 269
876 55
876 145
876 129
876 14
876 629
877 968
877 833
877 750
877 60
877 189
877 193
877 141
877 163
877 437
878 739
878 879
878 266
878 759
878 150
878 840
878 204
878 552
879 381
879 610
880 726
880 155
880 819
880 999
880 73
880 839
880 611
880 630
880 452
881 883
881 543
881 542
881 422
881 604
881 43
881 262
881 951
881 652
882 677
882 46
882 553
882 324
882 283
882 66
882 570
882 277
883 347
883 723
883 75
883 704
883 265
883 205
883 503
884 753
884 870
884 52
884 203
884 823
884 838
884 811
884 653
885 113
885 685
885 309
885 464
885 233
885 540
885 178
885 752
885 760
885 510
885 194
885 290
885 461
886 23
886 860
886 846
886 277
886 62
886 673
887 742
887 777
887 160
887 347
887 909
887 884
887 786
887 645
887 396
887 296
888 415
888 737
888 469
888 457
888 61
888 817
888 781
888 272
889 437
889 489
889 206
889 435
889 856
889 171
889 594
889 688
890 565
890 373
890 763
890 125
890 345
890 930
890 582
891 901
891 537
891 648
892 738
892 769
892 497
892 221
892 597
892 323
893 757
893 228
893 917
893 209
893 100
893 320
893 940
893 148
893 935
894 268
894 570
894 571
894 33
894 804
894 962
894 319
894 490
895 833
895 461
895 649
895 74
895 481
895 580
895 863
896 851
896 674
896 946
896 967
896 870
896 554
896 688
897 628
897 833
897 573
897 183
898 740
898 299
898 594
898 827
898 516
898 20
898 430
898 651
898 877
898 79
898 535
899 646
899 860
899 127
899 178
899 231
899 162
899 471
899 362
900 85
900 515
900 320
900 102
900 715
900 750
901 872
901 397
901 292
901 126
901 47
901 502
901 827
901 180
901 255
901 569
902 703
902 817
902 357
902 681
902 123
902 563
903 611
903 952
903 449
903 459
903 467
903 177
903 179
903 329
903 904
904 647
904 658
905 74
905 425
905 821
905 110
905 502
905 818
905 616
906 724
906 541
906 472
906 580
906 354
906 801
906 181
906 18
906 510
906 525
906 13
906 268
907 917
907 238
907 98
907 726
907 789
907 121
908 661
908 143
908 656
908 864
908 770
909 139
909 924
909 359
909 529
909 856
909 763
909 757
910 313
910 812
910 71
910 598
910 811
910 362
911 311
911 563
911 224
911 568
911 3
912 981
912 156
912 11
912 822
913 245
913 455
913 281
913 449
913 631
913 881
913 49
914 175
914 412
914 875
914 52
914 337
914 429
914 899
915 611
915 831
915 432
916 310
916 650
916 459
916 78
917 305
917 193
917 884
917 674
917 876
918 65
918 570
918 113
918 264
918 506
918 387
918 195
918 925
918 887
918 643
918 879
918 779
919 793
919 177
919 116
919 112
919 741
919 418
919 856
919 687
920 162
920 42
920 121
920 699
920 145
920 893
920 75
920 131
921 988
921 35
921 533
921 717
921 98
921 534
922 845
922 560
922 420
922 289
922 82
922 238
922 719
922 532
922 154
922 979
922 755
922 377
923 450
923 7
923 723
924 209
924 777
924 152
924 409
924 460
924 398
924 927
925 671
925 843
925 886
925 668
925 714
925 578
925 26
925 320
925 987
926 674
926 176
926 816
926 382
926 840
926 340
926 423
927 288
927 931
927 482
927 112
927 297
928 852
928 888
928 526
928 293
928 250
928 624
929 787
929 253
929 950
929 898
929 932
929 422
929 428
929 645
929 272
930 169
930 423
930 565
930 493
930 564
931 43
931 19
931 131
931 592
931 457
931 528
931 474
931 412
931 505
932 999
932 472
932 879
932 622
932 975
932 909
932 168
932 141
932 880
932 254
933 276
933 790
933 355
933 346
933 403
933 14
933 583
933 21
933 311
933 176
934 351
934 434
934 248
934 691
934 115
934 126
934 556
935 660
935 333
935 786
935 846
935 772
935 350
936 496
936 617
936 585
936 975
936 36
936 747
936 52
936 575
937 216
937 762
937 290
937 818
938 543
938 420
938 754
939 75
939 253
939 64
939 46
939 391
940 755
940 140
940 747
940 99
940 921
940 889
940 93
940 13
940 915
940 135
941 818
941 331
941 406
941 671
941 410
942 590
942 45
943 501
943 683
943 972
943 236
943 852
943 804
943 227
943 920
944 997
944 62
944 467
944 974
944 416
944 742
944 961
944 786
944 676
945 305
945 242
945 174
945 964
945 162
946 675
946 342
946 875
946 998
946 242
946 587
946 345
947 464
947 774
947 737
947 574
947 925
947 256
947 931
947 803
948 410
948 873
948 115
948 381
948 0
948 550
948 712
949 142
949 702
949 151
949 347
949 724
950 932
950 102
950 670
950 120
950 112
950 150
950 376
950 139
951 108
951 82
951 195
951 400
951 236
951 288
951 887
951 423
951 777
951 968
952 624
952 494
952 982
952 646
953 510
953 421
953 772
953 379
953 357
953 97
953 311
953 93
954 317
954 112
954 5
954 348
954 745
954 201
954 791
954 930
955 721
955 666
955 619
955 477
955 135
955 950
955 347
955 995
955 211
956 881
956 317
956 249
956 645
956 704
956 968
956 264
957 601
957 162
957 86
957 621
957 837
957 127
957 264
957 659
958 473
958 337
958 334
958 845
959 41
959 438
959 808
960 628
960 897
960 239
960 399
961 571
961 912
961 757
961 530
961 732
961 91
962 106
962 577
962 785
962 247
962 635
962 775
962 850
962 92
962 533
963 46
963 718
963 43
963 764
963 211
963 30
963 304
963 503
964 895
964 167
964 338
964 745
964 416
964 980
964 792
964 8
964 159
964 735
964 480
964 425
965 28
965 585
965 702
965 19
966 470
966 364
966 800
966 863
966 850
966 922
966 213
966 112
966 195
966 190
966 562
967 478
967 796
967 965
967 368
967 838
967 141
967 923
967 791
967 719
968 164
968 657
968 612
968 985
968 295
968 866
968 121
968 465
968 752
968 677
968 29
969 557
969 182
969 672
969 953
969 35
969 992
970 742
970 755
970 959
970 399
970 84
971 793
971 388
971 674
971 157
971 161
972 734
972 564
972 970
972 895
972 799
973 354
973 657
973 805
973 1
973 202
973 293
973 835
973 712
973 453
973 564
974 847
974 760
974 490
974 268
974 395
974 323
974 179
975 33
975 984
975 63
975 849
975 178
975 157
975 334
975 514
975 605
975 931
976 298
976 924
976 823
976 311
976 432
977 514
977 717
977 557
977 225
977 934
977 907
978 279
978 743
978 973
978 123
978 255
978 446
978 792
978 728
979 949
979 546
979 83
979 672
979 940
979 260
979 332
979 931
979 428
980 514
980 316
980 112
980 111
980 442
980 516
980 847
980 597
980 453
980 223
981 643
981 421
981 275
981 546
981 997
981 357
981 9
981 300
981 210
981 728
981 600
981 171
982 165
982 312
982 347
982 326
982 455
983 129
983 687
983 984
983 379
983 332
984 32
984 768
984 706
984 250
984 972
984 328
984 727
984 770
984 599
985 76
985 976
985 444
985 315
985 923
985 681
985 55
985 764
986 243
986 824
986 722
986 231
986 359
986 758
987 515
987 961
987 620
987 940
987 902
987 851
987 669
987 651
988 1
988 728
988 796
988 787
988 144
988 334
988 901
988 512
988 748
989 239
989 832
989 453
989 856
989 620
989 775
989 277
990 335
990 332
990 72
990 322
990 128
990 180
991 372
991 452
991 450
991 672
991 357
991 583
992 532
992 57
992 364
992 916
992 449
992 387
992 923
992 583
993 629
993 973
993 862
993 792
993 363
994 415
994 381
994 988
994 840
994 0
995 414
995 194
995 884
995 214
995 656
995 78
995 163
995 284
995 875
995 616
996 785
996 286
996 393
996 179
996 617
996 110
997 503
997 875
997 670
997 415
997 471
997 925
997 555
997 2
997 747
997 490
998 315
998 469
998 530
998 695
998 850
998 252
998 539
998 567
999 635
999 669
999 543
999 67
999 75
999 288
