0 218 1.0
0 252 1.0
0 268 1.0
0 421 1.0
0 596 1.0
0 721 1.0
0 748 1.0
0 849 1.0
0 955 1.0
1 372 1.0
1 525 1.0
1 977 1.0
2 1 1.0
2 49 1.0
2 121 1.0
2 341 1.0
2 355 1.0
2 549 1.0
2 943 1.0
3 79 1.0
3 449 1.0
3 477 1.0
3 491 1.0
3 797 1.0
3 851 1.0
3 896 1.0
4 182 1.0
4 441 1.0
4 666 1.0
4 713 1.0
4 782 1.0
5 129 1.0
5 244 1.0
5 271 1.0
5 394 1.0
5 424 1.0
5 530 1.0
5 935 1.0
5 966 1.0
6 251 1.0
6 602 1.0
6 665 1.0
6 805 1.0
6 841 1.0
6 869 1.0
6 954 1.0
7 22 1.0
7 28 1.0
7 287 1.0
7 329 1.0
7 330 1.0
7 514 1.0
7 571 1.0
7 623 1.0
7 629 1.0
8 24 1.0
8 253 1.0
8 267 1.0
8 903 1.0
8 935 1.0
8 979 1.0
9 327 1.0
9 335 1.0
9 377 1.0
9 686 1.0
9 852 1.0
9 901 1.0
10 622 1.0
10 676 1.0
10 677 1.0
10 959 1.0
10 971 1.0
10 991 1.0
11 0 1.0
11 89 1.0
11 227 1.0
11 366 1.0
11 568 1.0
11 579 1.0
11 616 1.0
11 671 1.0
12 94 1.0
12 160 1.0
12 200 1.0
12 257 1.0
12 592 1.0
13 323 1.0
13 382 1.0
13 442 1.0
13 447 1.0
13 602 1.0
13 884 1.0
14 12 1.0
14 46 1.0
14 58 1.0
14 181 1.0
14 338 1.0
14 421 1.0
14 447 1.0
14 637 1.0
14 750 1.0
14 917 1.0
14 918 1.0
15 170 1.0
15 233 1.0
15 477 1.0
15 557 1.0
15 761 1.0
15 807 1.0
16 369 1.0
16 799 1.0
16 909 1.0
17 8 1.0
17 417 1.0
17 557 1.0
17 609 1.0
17 681 1.0
18 56 1.0
18 124 1.0
18 554 1.0
18 695 1.0
18 907 1.0
18 937 1.0
19 218 1.0
19 773 1.0
19 982 1.0
20 205 1.0
20 229 1.0
20 280 1.0
20 355 1.0
20 569 1.0
20 987 1.0
21 278 1.0
21 381 1.0
21 564 1.0
21 695 1.0
21 804 1.0
21 841 1.0
22 190 1.0
22 207 1.0
22 575 1.0
22 668 1.0
22 722 1.0
23 255 1.0
23 274 1.0
23 357 1.0
23 656 1.0
23 715 1.0
23 804 1.0
23 869 1.0
23 957 1.0
24 799 1.0
24 958 1.0
24 962 1.0
24 982 1.0
25 427 1.0
25 470 1.0
25 584 1.0
25 844 1.0
25 952 1.0
25 981 1.0
25 982 1.0
26 158 1.0
26 177 1.0
26 224 1.0
26 585 1.0
26 754 1.0
26 770 1.0
26 976 1.0
27 55 1.0
27 447 1.0
27 466 1.0
27 544 1.0
27 571 1.0
27 646 1.0
27 688 1.0
27 984 1.0
28 100 1.0
28 146 1.0
28 245 1.0
28 328 1.0
28 607 1.0
28 830 1.0
28 943 1.0
28 988 1.0
29 278 1.0
29 361 1.0
29 722 1.0
29 842 1.0
30 197 1.0
30 642 1.0
30 846 1.0
30 860 1.0
30 937 1.0
30 976 1.0
30 988 1.0
31 314 1.0
31 410 1.0
31 571 1.0
31 592 1.0
31 808 1.0
32 445 1.0
32 522 1.0
32 606 1.0
32 732 1.0
32 746 1.0
32 840 1.0
32 949 1.0
32 965 1.0
32 992 1.0
33 35 1.0
33 125 1.0
33 396 1.0
33 452 1.0
33 467 1.0
33 500 1.0
33 678 1.0
33 774 1.0
33 914 1.0
33 937 1.0
33 959 1.0
33 994 1.0
34 43 1.0
34 194 1.0
34 432 1.0
34 490 1.0
34 508 1.0
34 858 1.0
35 145 1.0
35 196 1.0
35 419 1.0
35 433 1.0
35 649 1.0
35 758 1.0
35 956 1.0
35 986 1.0
35 992 1.0
36 126 1.0
36 131 1.0
36 637 1.0
36 653 1.0
36 938 1.0
37 181 1.0
37 524 1.0
37 551 1.0
37 552 1.0
37 597 1.0
38 41 1.0
38 142 1.0
38 195 1.0
38 341 1.0
38 452 1.0
38 534 1.0
38 663 1.0
38 727 1.0
39 103 1.0
39 483 1.0
39 696 1.0
39 790 1.0
39 805 1.0
40 19 1.0
40 44 1.0
40 139 1.0
40 208 1.0
40 951 1.0
40 971 1.0
41 344 1.0
41 403 1.0
41 560 1.0
41 578 1.0
41 593 1.0
41 900 1.0
42 162 1.0
42 364 1.0
42 623 1.0
42 671 1.0
42 730 1.0
42 944 1.0
43 160 1.0
43 395 1.0
43 642 1.0
43 785 1.0
43 807 1.0
43 919 1.0
43 952 1.0
43 960 1.0
44 21 1.0
44 551 1.0
44 917 1.0
44 987 1.0
45 65 1.0
45 135 1.0
45 251 1.0
45 321 1.0
45 378 1.0
45 391 1.0
45 482 1.0
45 591 1.0
45 803 1.0
45 968 1.0
46 286 1.0
46 466 1.0
47 50 1.0
47 74 1.0
47 152 1.0
47 171 1.0
47 215 1.0
47 238 1.0
47 580 1.0
47 958 1.0
48 83 1.0
48 742 1.0
49 231 1.0
49 543 1.0
49 555 1.0
49 865 1.0
49 879 1.0
49 960 1.0
49 967 1.0
50 152 1.0
50 347 1.0
50 364 1.0
50 430 1.0
50 464 1.0
50 796 1.0
51 107 1.0
51 557 1.0
51 742 1.0
51 917 1.0
52 32 1.0
52 54 1.0
52 146 1.0
52 287 1.0
52 462 1.0
52 738 1.0
52 764 1.0
52 782 1.0
52 799 1.0
52 850 1.0
52 924 1.0
52 982 1.0
53 47 1.0
53 127 1.0
53 163 1.0
53 198 1.0
53 254 1.0
53 262 1.0
53 407 1.0
53 507 1.0
53 975 1.0
53 989 1.0
54 46 1.0
54 125 1.0
54 218 1.0
54 557 1.0
54 932 1.0
55 228 1.0
55 589 1.0
55 630 1.0
55 695 1.0
55 848 1.0
55 890 1.0
55 915 1.0
55 972 1.0
56 165 1.0
56 199 1.0
56 661 1.0
56 663 1.0
56 751 1.0
56 977 1.0
57 33 1.0
57 118 1.0
57 161 1.0
57 330 1.0
57 346 1.0
57 525 1.0
57 606 1.0
57 644 1.0
57 727 1.0
57 733 1.0
57 919 1.0
58 335 1.0
58 395 1.0
58 964 1.0
58 982 1.0
59 413 1.0
59 473 1.0
59 598 1.0
59 816 1.0
59 894 1.0
59 919 1.0
59 961 1.0
60 282 1.0
60 301 1.0
60 396 1.0
60 457 1.0
60 576 1.0
60 712 1.0
60 861 1.0
60 877 1.0
61 49 1.0
61 92 1.0
61 172 1.0
61 245 1.0
61 543 1.0
61 942 1.0
62 32 1.0
62 176 1.0
62 198 1.0
63 64 1.0
63 105 1.0
63 406 1.0
63 614 1.0
63 679 1.0
63 899 1.0
64 431 1.0
64 539 1.0
64 641 1.0
64 645 1.0
64 728 1.0
64 783 1.0
64 859 1.0
64 980 1.0
65 59 1.0
65 479 1.0
65 601 1.0
65 784 1.0
65 950 1.0
66 713 1.0
66 955 1.0
67 264 1.0
67 337 1.0
67 339 1.0
67 506 1.0
67 520 1.0
67 614 1.0
68 160 1.0
68 223 1.0
68 240 1.0
68 548 1.0
68 649 1.0
68 757 1.0
68 952 1.0
69 735 1.0
69 764 1.0
69 955 1.0
70 36 1.0
70 247 1.0
70 278 1.0
70 358 1.0
70 418 1.0
70 988 1.0
71 98 1.0
71 636 1.0
71 714 1.0
71 832 1.0
71 992 1.0
72 28 1.0
72 59 1.0
72 227 1.0
72 389 1.0
72 551 1.0
72 761 1.0
72 970 1.0
73 33 1.0
73 90 1.0
73 248 1.0
73 349 1.0
73 350 1.0
73 459 1.0
73 608 1.0
73 616 1.0
73 747 1.0
73 929 1.0
73 951 1.0
74 163 1.0
74 176 1.0
74 331 1.0
74 557 1.0
74 658 1.0
74 735 1.0
74 921 1.0
75 720 1.0
75 960 1.0
76 17 1.0
76 114 1.0
76 608 1.0
76 621 1.0
76 667 1.0
76 849 1.0
77 319 1.0
77 857 1.0
78 87 1.0
78 210 1.0
78 262 1.0
78 282 1.0
78 603 1.0
78 675 1.0
78 764 1.0
79 217 1.0
79 451 1.0
79 688 1.0
79 803 1.0
79 894 1.0
79 910 1.0
80 117 1.0
80 149 1.0
80 272 1.0
80 391 1.0
80 893 1.0
80 907 1.0
81 64 1.0
81 98 1.0
81 119 1.0
81 379 1.0
81 468 1.0
81 658 1.0
82 120 1.0
82 634 1.0
82 691 1.0
82 735 1.0
82 756 1.0
82 968 1.0
82 981 1.0
82 986 1.0
83 570 1.0
83 661 1.0
83 694 1.0
83 857 1.0
83 888 1.0
84 131 1.0
84 732 1.0
84 964 1.0
85 70 1.0
85 80 1.0
85 123 1.0
85 153 1.0
85 346 1.0
85 519 1.0
85 566 1.0
85 810 1.0
85 978 1.0
86 9 1.0
86 80 1.0
86 309 1.0
86 444 1.0
86 818 1.0
87 112 1.0
87 227 1.0
87 396 1.0
87 646 1.0
87 667 1.0
87 751 1.0
87 964 1.0
88 136 1.0
88 261 1.0
88 518 1.0
88 598 1.0
88 696 1.0
88 861 1.0
88 901 1.0
88 966 1.0
89 33 1.0
89 82 1.0
89 116 1.0
89 183 1.0
89 507 1.0
89 655 1.0
89 689 1.0
89 790 1.0
90 219 1.0
90 264 1.0
90 620 1.0
91 24 1.0
91 279 1.0
91 318 1.0
91 324 1.0
91 446 1.0
91 747 1.0
91 749 1.0
91 823 1.0
91 980 1.0
92 59 1.0
92 156 1.0
92 207 1.0
92 616 1.0
92 637 1.0
92 694 1.0
92 868 1.0
93 35 1.0
93 117 1.0
93 301 1.0
93 400 1.0
93 439 1.0
93 440 1.0
93 445 1.0
93 503 1.0
93 643 1.0
94 201 1.0
94 435 1.0
94 517 1.0
94 783 1.0
95 45 1.0
95 178 1.0
95 577 1.0
95 596 1.0
95 651 1.0
95 722 1.0
96 63 1.0
96 382 1.0
96 476 1.0
96 844 1.0
96 853 1.0
96 896 1.0
96 928 1.0
97 94 1.0
97 322 1.0
97 354 1.0
97 368 1.0
97 369 1.0
97 399 1.0
97 458 1.0
97 480 1.0
97 571 1.0
97 608 1.0
97 615 1.0
97 721 1.0
97 995 1.0
98 82 1.0
98 316 1.0
98 761 1.0
98 915 1.0
99 93 1.0
99 196 1.0
99 295 1.0
99 344 1.0
99 428 1.0
99 620 1.0
99 715 1.0
100 88 1.0
100 249 1.0
100 287 1.0
100 614 1.0
100 676 1.0
100 709 1.0
101 47 1.0
101 102 1.0
101 329 1.0
101 871 1.0
102 5 1.0
102 188 1.0
102 528 1.0
102 603 1.0
102 711 1.0
102 746 1.0
102 748 1.0
102 753 1.0
102 971 1.0
103 137 1.0
103 158 1.0
103 273 1.0
103 356 1.0
103 580 1.0
103 711 1.0
103 717 1.0
103 825 1.0
103 857 1.0
104 135 1.0
104 265 1.0
104 266 1.0
104 275 1.0
104 323 1.0
104 385 1.0
104 415 1.0
104 596 1.0
104 657 1.0
104 939 1.0
105 1 1.0
105 74 1.0
105 279 1.0
105 343 1.0
105 351 1.0
105 414 1.0
105 968 1.0
105 990 1.0
106 36 1.0
106 142 1.0
106 207 1.0
106 320 1.0
106 349 1.0
106 516 1.0
106 638 1.0
106 732 1.0
106 826 1.0
106 920 1.0
106 939 1.0
107 265 1.0
107 287 1.0
107 529 1.0
107 650 1.0
107 864 1.0
107 869 1.0
107 874 1.0
107 924 1.0
108 145 1.0
108 222 1.0
108 379 1.0
108 677 1.0
108 714 1.0
108 848 1.0
108 989 1.0
109 245 1.0
109 424 1.0
109 532 1.0
109 565 1.0
109 566 1.0
109 661 1.0
109 948 1.0
110 80 1.0
110 428 1.0
110 443 1.0
110 466 1.0
110 545 1.0
110 763 1.0
110 833 1.0
110 914 1.0
110 918 1.0
111 195 1.0
111 601 1.0
111 735 1.0
111 780 1.0
111 819 1.0
112 28 1.0
112 353 1.0
112 596 1.0
112 757 1.0
112 762 1.0
113 3 1.0
113 72 1.0
113 77 1.0
113 317 1.0
113 703 1.0
114 18 1.0
114 122 1.0
114 137 1.0
114 173 1.0
114 309 1.0
114 445 1.0
114 452 1.0
114 515 1.0
114 609 1.0
114 645 1.0
115 23 1.0
115 352 1.0
115 371 1.0
115 476 1.0
115 716 1.0
115 954 1.0
116 121 1.0
116 154 1.0
116 226 1.0
116 447 1.0
116 711 1.0
116 740 1.0
116 867 1.0
117 46 1.0
117 173 1.0
117 241 1.0
117 249 1.0
117 915 1.0
118 77 1.0
118 272 1.0
118 411 1.0
118 418 1.0
118 967 1.0
119 64 1.0
119 150 1.0
119 184 1.0
119 242 1.0
119 407 1.0
119 464 1.0
119 509 1.0
119 589 1.0
120 9 1.0
120 70 1.0
120 113 1.0
120 235 1.0
120 436 1.0
120 578 1.0
120 808 1.0
120 841 1.0
121 44 1.0
121 111 1.0
121 314 1.0
121 363 1.0
121 403 1.0
121 628 1.0
121 934 1.0
122 184 1.0
122 261 1.0
122 374 1.0
122 378 1.0
122 508 1.0
122 717 1.0
122 892 1.0
122 919 1.0
122 983 1.0
123 95 1.0
123 298 1.0
123 348 1.0
123 359 1.0
123 375 1.0
123 959 1.0
124 158 1.0
124 222 1.0
124 314 1.0
124 391 1.0
124 491 1.0
124 525 1.0
124 690 1.0
125 51 1.0
125 375 1.0
125 416 1.0
125 869 1.0
126 319 1.0
126 419 1.0
126 504 1.0
127 8 1.0
127 74 1.0
127 92 1.0
127 636 1.0
127 644 1.0
127 745 1.0
127 788 1.0
127 872 1.0
128 135 1.0
128 221 1.0
128 299 1.0
128 301 1.0
128 380 1.0
128 445 1.0
128 825 1.0
128 915 1.0
128 923 1.0
129 265 1.0
129 327 1.0
129 498 1.0
129 658 1.0
129 693 1.0
129 888 1.0
129 991 1.0
130 46 1.0
130 108 1.0
130 205 1.0
130 465 1.0
130 843 1.0
130 936 1.0
130 948 1.0
130 956 1.0
131 8 1.0
131 18 1.0
131 208 1.0
131 463 1.0
131 467 1.0
131 491 1.0
131 678 1.0
131 840 1.0
131 864 1.0
131 951 1.0
131 990 1.0
132 42 1.0
132 465 1.0
132 497 1.0
132 657 1.0
132 876 1.0
133 247 1.0
133 619 1.0
133 811 1.0
133 844 1.0
134 295 1.0
134 306 1.0
134 373 1.0
134 789 1.0
134 801 1.0
134 899 1.0
135 87 1.0
135 182 1.0
135 250 1.0
135 327 1.0
135 392 1.0
135 480 1.0
135 564 1.0
135 864 1.0
136 303 1.0
136 367 1.0
136 383 1.0
136 491 1.0
136 497 1.0
136 733 1.0
136 740 1.0
136 907 1.0
136 956 1.0
136 961 1.0
137 178 1.0
137 301 1.0
137 586 1.0
137 657 1.0
137 688 1.0
137 697 1.0
138 187 1.0
138 544 1.0
138 554 1.0
138 556 1.0
138 572 1.0
138 667 1.0
138 836 1.0
138 878 1.0
138 890 1.0
138 909 1.0
138 928 1.0
139 93 1.0
139 314 1.0
139 344 1.0
139 361 1.0
139 422 1.0
139 462 1.0
139 543 1.0
139 576 1.0
139 702 1.0
139 722 1.0
139 753 1.0
139 847 1.0
140 37 1.0
140 358 1.0
140 479 1.0
140 544 1.0
140 751 1.0
140 855 1.0
140 897 1.0
140 966 1.0
140 982 1.0
140 989 1.0
141 14 1.0
141 348 1.0
141 452 1.0
141 464 1.0
141 545 1.0
142 170 1.0
142 324 1.0
142 452 1.0
142 524 1.0
142 910 1.0
143 26 1.0
143 100 1.0
143 198 1.0
143 407 1.0
143 487 1.0
143 543 1.0
143 583 1.0
143 725 1.0
143 805 1.0
143 855 1.0
143 989 1.0
144 19 1.0
144 74 1.0
144 718 1.0
144 926 1.0
145 146 1.0
145 276 1.0
145 486 1.0
145 565 1.0
145 809 1.0
146 258 1.0
146 451 1.0
146 500 1.0
147 177 1.0
147 538 1.0
147 568 1.0
147 594 1.0
147 846 1.0
148 9 1.0
148 351 1.0
148 392 1.0
148 482 1.0
148 630 1.0
148 883 1.0
148 983 1.0
149 85 1.0
149 142 1.0
149 326 1.0
149 445 1.0
149 676 1.0
150 5 1.0
150 89 1.0
150 90 1.0
150 342 1.0
150 724 1.0
150 759 1.0
150 912 1.0
151 633 1.0
151 765 1.0
151 833 1.0
151 889 1.0
151 957 1.0
152 55 1.0
152 439 1.0
152 483 1.0
152 506 1.0
152 818 1.0
153 216 1.0
153 366 1.0
153 630 1.0
153 657 1.0
153 706 1.0
153 984 1.0
154 6 1.0
154 522 1.0
155 145 1.0
155 194 1.0
155 273 1.0
155 754 1.0
155 896 1.0
155 990 1.0
156 227 1.0
156 343 1.0
156 362 1.0
156 426 1.0
156 472 1.0
156 498 1.0
156 610 1.0
156 748 1.0
156 756 1.0
156 902 1.0
157 85 1.0
157 674 1.0
158 251 1.0
158 351 1.0
158 386 1.0
159 31 1.0
159 148 1.0
159 347 1.0
159 467 1.0
159 685 1.0
159 980 1.0
159 989 1.0
160 80 1.0
160 107 1.0
160 170 1.0
160 463 1.0
161 251 1.0
161 265 1.0
161 439 1.0
161 480 1.0
161 845 1.0
161 902 1.0
162 388 1.0
162 440 1.0
162 492 1.0
162 575 1.0
162 850 1.0
163 9 1.0
163 20 1.0
163 437 1.0
163 447 1.0
163 505 1.0
163 775 1.0
163 991 1.0
164 537 1.0
165 14 1.0
165 53 1.0
165 233 1.0
165 292 1.0
165 414 1.0
165 423 1.0
165 435 1.0
165 453 1.0
165 463 1.0
165 491 1.0
165 809 1.0
165 843 1.0
165 916 1.0
165 933 1.0
166 24 1.0
166 105 1.0
166 209 1.0
166 281 1.0
166 324 1.0
166 593 1.0
166 918 1.0
167 41 1.0
167 82 1.0
167 128 1.0
167 260 1.0
167 557 1.0
167 580 1.0
167 600 1.0
167 641 1.0
167 753 1.0
167 832 1.0
168 213 1.0
168 286 1.0
168 579 1.0
168 910 1.0
169 126 1.0
169 153 1.0
169 179 1.0
169 288 1.0
169 322 1.0
169 658 1.0
169 714 1.0
170 6 1.0
170 20 1.0
170 85 1.0
170 159 1.0
170 250 1.0
170 276 1.0
170 443 1.0
170 554 1.0
170 846 1.0
171 78 1.0
171 806 1.0
171 822 1.0
172 59 1.0
172 154 1.0
172 915 1.0
173 97 1.0
173 283 1.0
173 486 1.0
173 521 1.0
173 806 1.0
173 903 1.0
173 979 1.0
174 337 1.0
174 588 1.0
174 589 1.0
174 743 1.0
174 969 1.0
175 15 1.0
175 287 1.0
175 451 1.0
175 485 1.0
175 541 1.0
175 917 1.0
175 972 1.0
176 89 1.0
176 807 1.0
177 43 1.0
177 85 1.0
177 281 1.0
177 368 1.0
177 417 1.0
177 608 1.0
177 749 1.0
178 21 1.0
178 153 1.0
178 257 1.0
178 455 1.0
178 551 1.0
178 615 1.0
178 633 1.0
178 965 1.0
178 974 1.0
179 801 1.0
179 886 1.0
179 896 1.0
180 31 1.0
180 267 1.0
180 279 1.0
180 526 1.0
180 820 1.0
181 105 1.0
181 220 1.0
181 519 1.0
181 538 1.0
181 610 1.0
181 635 1.0
181 691 1.0
181 714 1.0
182 308 1.0
182 405 1.0
182 422 1.0
182 526 1.0
182 546 1.0
182 689 1.0
182 706 1.0
183 137 1.0
183 375 1.0
183 610 1.0
183 827 1.0
184 38 1.0
184 67 1.0
184 440 1.0
184 894 1.0
185 42 1.0
185 90 1.0
185 341 1.0
185 681 1.0
186 381 1.0
186 458 1.0
186 479 1.0
186 481 1.0
187 10 1.0
187 111 1.0
187 138 1.0
187 273 1.0
187 321 1.0
187 373 1.0
187 388 1.0
187 644 1.0
188 91 1.0
188 96 1.0
188 329 1.0
188 383 1.0
188 433 1.0
188 487 1.0
188 669 1.0
188 672 1.0
188 693 1.0
188 962 1.0
188 981 1.0
189 25 1.0
189 129 1.0
189 254 1.0
189 417 1.0
189 472 1.0
189 478 1.0
189 491 1.0
189 646 1.0
189 871 1.0
190 148 1.0
190 521 1.0
190 620 1.0
191 75 1.0
191 258 1.0
191 275 1.0
191 317 1.0
191 478 1.0
191 537 1.0
191 542 1.0
191 904 1.0
192 36 1.0
192 38 1.0
192 125 1.0
192 529 1.0
192 555 1.0
192 673 1.0
192 922 1.0
193 46 1.0
193 65 1.0
193 134 1.0
193 368 1.0
193 683 1.0
193 717 1.0
193 890 1.0
193 911 1.0
194 99 1.0
194 393 1.0
194 580 1.0
194 618 1.0
194 707 1.0
194 781 1.0
194 801 1.0
194 936 1.0
195 135 1.0
195 231 1.0
195 331 1.0
195 380 1.0
195 432 1.0
195 526 1.0
195 576 1.0
195 693 1.0
195 914 1.0
196 70 1.0
196 309 1.0
196 757 1.0
196 762 1.0
196 920 1.0
197 77 1.0
197 109 1.0
197 697 1.0
197 861 1.0
197 876 1.0
197 919 1.0
198 169 1.0
198 231 1.0
198 324 1.0
198 949 1.0
199 32 1.0
199 242 1.0
199 335 1.0
199 413 1.0
199 684 1.0
199 900 1.0
200 49 1.0
200 114 1.0
200 169 1.0
200 220 1.0
200 798 1.0
201 34 1.0
201 55 1.0
201 89 1.0
201 172 1.0
201 174 1.0
201 194 1.0
201 255 1.0
201 375 1.0
201 447 1.0
201 503 1.0
201 511 1.0
202 210 1.0
202 243 1.0
202 378 1.0
202 704 1.0
202 745 1.0
202 776 1.0
202 903 1.0
203 295 1.0
203 340 1.0
203 457 1.0
203 503 1.0
203 567 1.0
203 816 1.0
203 833 1.0
204 366 1.0
204 451 1.0
204 500 1.0
204 648 1.0
204 674 1.0
205 146 1.0
205 276 1.0
205 351 1.0
205 500 1.0
205 613 1.0
205 642 1.0
205 977 1.0
206 104 1.0
206 291 1.0
206 571 1.0
207 105 1.0
207 265 1.0
207 587 1.0
207 721 1.0
207 919 1.0
208 243 1.0
208 347 1.0
208 522 1.0
208 761 1.0
209 93 1.0
209 109 1.0
209 298 1.0
209 384 1.0
209 771 1.0
210 194 1.0
210 835 1.0
210 916 1.0
211 142 1.0
211 323 1.0
211 361 1.0
211 397 1.0
211 448 1.0
211 721 1.0
211 764 1.0
211 783 1.0
211 785 1.0
212 231 1.0
212 265 1.0
212 279 1.0
212 319 1.0
212 350 1.0
212 468 1.0
212 479 1.0
212 531 1.0
212 538 1.0
212 673 1.0
212 789 1.0
212 856 1.0
212 933 1.0
213 112 1.0
213 273 1.0
213 307 1.0
213 508 1.0
213 834 1.0
213 889 1.0
214 43 1.0
214 102 1.0
214 140 1.0
214 150 1.0
214 619 1.0
214 947 1.0
215 11 1.0
215 28 1.0
215 109 1.0
215 526 1.0
215 625 1.0
215 921 1.0
216 49 1.0
216 59 1.0
216 757 1.0
217 117 1.0
217 341 1.0
217 970 1.0
218 3 1.0
218 383 1.0
218 445 1.0
218 694 1.0
219 2 1.0
219 117 1.0
219 255 1.0
219 329 1.0
219 584 1.0
219 654 1.0
219 702 1.0
219 803 1.0
219 885 1.0
219 906 1.0
220 453 1.0
220 868 1.0
220 884 1.0
220 899 1.0
221 481 1.0
221 492 1.0
221 531 1.0
221 694 1.0
221 783 1.0
221 921 1.0
222 65 1.0
222 109 1.0
222 468 1.0
222 568 1.0
222 783 1.0
222 871 1.0
222 909 1.0
223 117 1.0
223 287 1.0
223 297 1.0
223 371 1.0
223 416 1.0
223 481 1.0
223 507 1.0
223 544 1.0
223 570 1.0
223 627 1.0
223 752 1.0
223 860 1.0
223 932 1.0
223 957 1.0
224 117 1.0
224 169 1.0
224 228 1.0
224 277 1.0
224 500 1.0
224 540 1.0
224 893 1.0
225 40 1.0
225 70 1.0
225 123 1.0
225 143 1.0
225 221 1.0
225 614 1.0
225 785 1.0
225 790 1.0
226 219 1.0
226 230 1.0
226 338 1.0
226 536 1.0
226 798 1.0
226 879 1.0
227 90 1.0
227 361 1.0
227 505 1.0
227 506 1.0
227 616 1.0
228 445 1.0
228 515 1.0
228 578 1.0
229 125 1.0
229 300 1.0
229 355 1.0
229 408 1.0
229 437 1.0
229 440 1.0
229 597 1.0
229 790 1.0
230 344 1.0
230 445 1.0
230 461 1.0
230 640 1.0
230 881 1.0
231 272 1.0
231 319 1.0
231 525 1.0
231 576 1.0
231 591 1.0
231 780 1.0
231 851 1.0
231 868 1.0
231 873 1.0
231 918 1.0
232 28 1.0
232 241 1.0
232 338 1.0
232 583 1.0
232 764 1.0
233 118 1.0
233 226 1.0
233 368 1.0
233 418 1.0
233 448 1.0
233 872 1.0
234 0 1.0
234 227 1.0
234 259 1.0
234 301 1.0
234 421 1.0
234 508 1.0
234 656 1.0
234 752 1.0
234 823 1.0
234 902 1.0
235 150 1.0
235 237 1.0
235 570 1.0
235 652 1.0
235 751 1.0
236 196 1.0
236 296 1.0
236 468 1.0
236 521 1.0
236 870 1.0
236 909 1.0
237 206 1.0
237 366 1.0
237 411 1.0
237 509 1.0
237 713 1.0
237 759 1.0
237 853 1.0
237 957 1.0
238 96 1.0
238 99 1.0
238 675 1.0
238 742 1.0
238 841 1.0
239 430 1.0
239 665 1.0
239 849 1.0
239 990 1.0
240 39 1.0
240 319 1.0
240 323 1.0
240 421 1.0
240 608 1.0
240 641 1.0
240 662 1.0
241 271 1.0
241 280 1.0
241 624 1.0
241 646 1.0
241 748 1.0
242 92 1.0
242 136 1.0
242 388 1.0
242 796 1.0
242 844 1.0
242 887 1.0
242 902 1.0
243 152 1.0
243 203 1.0
243 279 1.0
243 337 1.0
243 421 1.0
243 589 1.0
243 646 1.0
243 744 1.0
243 746 1.0
243 898 1.0
243 906 1.0
243 925 1.0
243 940 1.0
243 978 1.0
244 18 1.0
244 197 1.0
244 307 1.0
244 419 1.0
244 466 1.0
244 537 1.0
244 559 1.0
244 570 1.0
244 738 1.0
244 768 1.0
244 861 1.0
244 896 1.0
245 49 1.0
245 72 1.0
245 167 1.0
245 222 1.0
245 341 1.0
245 424 1.0
245 555 1.0
245 576 1.0
246 11 1.0
246 40 1.0
246 132 1.0
246 268 1.0
246 287 1.0
246 495 1.0
246 706 1.0
247 34 1.0
247 318 1.0
247 342 1.0
247 515 1.0
247 564 1.0
247 646 1.0
247 658 1.0
247 740 1.0
247 801 1.0
247 843 1.0
247 898 1.0
248 87 1.0
248 121 1.0
248 238 1.0
248 267 1.0
248 272 1.0
248 463 1.0
248 702 1.0
248 708 1.0
249 598 1.0
249 649 1.0
250 362 1.0
250 391 1.0
250 466 1.0
250 598 1.0
250 807 1.0
251 40 1.0
251 87 1.0
251 183 1.0
251 282 1.0
251 291 1.0
251 612 1.0
251 839 1.0
251 948 1.0
251 969 1.0
252 159 1.0
252 333 1.0
252 383 1.0
252 670 1.0
252 787 1.0
253 88 1.0
253 877 1.0
254 80 1.0
254 243 1.0
254 268 1.0
254 398 1.0
254 486 1.0
254 713 1.0
255 97 1.0
255 127 1.0
255 150 1.0
255 220 1.0
255 233 1.0
255 453 1.0
255 498 1.0
255 856 1.0
256 12 1.0
256 141 1.0
256 455 1.0
256 501 1.0
256 853 1.0
257 356 1.0
257 456 1.0
257 496 1.0
257 535 1.0
257 585 1.0
257 642 1.0
257 681 1.0
257 748 1.0
257 779 1.0
257 925 1.0
258 25 1.0
258 71 1.0
258 215 1.0
258 240 1.0
258 299 1.0
258 305 1.0
258 310 1.0
258 405 1.0
258 652 1.0
258 764 1.0
258 854 1.0
258 980 1.0
259 50 1.0
259 66 1.0
259 168 1.0
259 390 1.0
259 507 1.0
259 569 1.0
259 660 1.0
259 812 1.0
259 916 1.0
260 223 1.0
260 685 1.0
260 718 1.0
260 803 1.0
261 96 1.0
261 180 1.0
261 463 1.0
261 635 1.0
261 873 1.0
262 379 1.0
262 414 1.0
262 484 1.0
262 518 1.0
262 862 1.0
262 965 1.0
263 100 1.0
263 126 1.0
263 173 1.0
263 298 1.0
263 940 1.0
264 92 1.0
264 183 1.0
264 353 1.0
264 495 1.0
265 155 1.0
265 389 1.0
265 590 1.0
265 950 1.0
266 17 1.0
266 422 1.0
266 525 1.0
266 696 1.0
266 739 1.0
266 955 1.0
267 43 1.0
267 108 1.0
267 201 1.0
267 349 1.0
267 799 1.0
267 882 1.0
267 910 1.0
268 18 1.0
268 491 1.0
268 497 1.0
269 102 1.0
269 125 1.0
269 175 1.0
269 177 1.0
269 461 1.0
269 544 1.0
269 990 1.0
270 45 1.0
270 215 1.0
270 457 1.0
270 567 1.0
270 627 1.0
270 721 1.0
270 727 1.0
270 930 1.0
271 509 1.0
272 81 1.0
272 126 1.0
272 288 1.0
272 327 1.0
272 511 1.0
272 565 1.0
272 675 1.0
272 763 1.0
272 872 1.0
273 226 1.0
273 304 1.0
273 426 1.0
273 501 1.0
273 653 1.0
273 663 1.0
273 874 1.0
273 985 1.0
274 128 1.0
274 452 1.0
274 872 1.0
275 47 1.0
275 68 1.0
275 368 1.0
275 393 1.0
275 799 1.0
275 915 1.0
276 67 1.0
276 303 1.0
276 316 1.0
276 390 1.0
276 462 1.0
276 502 1.0
277 47 1.0
277 163 1.0
277 263 1.0
277 466 1.0
277 712 1.0
277 817 1.0
278 193 1.0
278 238 1.0
278 338 1.0
278 351 1.0
278 386 1.0
278 512 1.0
278 564 1.0
278 728 1.0
278 827 1.0
278 878 1.0
279 105 1.0
279 326 1.0
279 352 1.0
279 752 1.0
279 873 1.0
280 70 1.0
280 134 1.0
280 262 1.0
280 306 1.0
280 435 1.0
280 449 1.0
280 607 1.0
280 645 1.0
280 683 1.0
280 838 1.0
280 987 1.0
281 149 1.0
281 157 1.0
281 347 1.0
282 0 1.0
282 14 1.0
282 134 1.0
282 137 1.0
282 167 1.0
282 305 1.0
282 418 1.0
282 813 1.0
282 883 1.0
283 27 1.0
283 161 1.0
283 447 1.0
283 677 1.0
283 734 1.0
283 818 1.0
283 840 1.0
284 52 1.0
284 128 1.0
284 146 1.0
284 226 1.0
284 754 1.0
284 798 1.0
284 811 1.0
284 866 1.0
285 4 1.0
285 355 1.0
285 473 1.0
285 502 1.0
286 213 1.0
286 522 1.0
286 654 1.0
286 903 1.0
286 941 1.0
286 976 1.0
287 54 1.0
287 138 1.0
287 278 1.0
287 327 1.0
287 578 1.0
287 652 1.0
288 223 1.0
288 478 1.0
288 506 1.0
288 621 1.0
288 878 1.0
289 22 1.0
289 155 1.0
289 254 1.0
289 256 1.0
289 467 1.0
289 683 1.0
289 695 1.0
289 696 1.0
289 786 1.0
290 428 1.0
290 934 1.0
290 961 1.0
290 983 1.0
291 120 1.0
291 172 1.0
291 197 1.0
291 368 1.0
291 455 1.0
291 900 1.0
292 36 1.0
292 83 1.0
292 282 1.0
292 388 1.0
292 502 1.0
292 719 1.0
293 208 1.0
293 404 1.0
293 455 1.0
293 652 1.0
293 925 1.0
293 947 1.0
294 229 1.0
294 297 1.0
294 730 1.0
294 835 1.0
294 976 1.0
295 171 1.0
295 356 1.0
295 495 1.0
295 528 1.0
295 676 1.0
295 918 1.0
296 269 1.0
296 572 1.0
296 596 1.0
296 646 1.0
296 678 1.0
297 13 1.0
297 140 1.0
297 232 1.0
297 273 1.0
297 279 1.0
297 506 1.0
297 596 1.0
297 664 1.0
297 687 1.0
297 791 1.0
298 136 1.0
298 369 1.0
298 566 1.0
298 912 1.0
299 74 1.0
299 245 1.0
299 581 1.0
299 630 1.0
299 708 1.0
299 733 1.0
299 766 1.0
299 908 1.0
300 35 1.0
300 54 1.0
300 145 1.0
300 261 1.0
300 289 1.0
300 501 1.0
300 752 1.0
301 292 1.0
301 880 1.0
302 78 1.0
302 264 1.0
302 275 1.0
302 762 1.0
302 948 1.0
302 984 1.0
303 211 1.0
303 308 1.0
303 369 1.0
303 792 1.0
304 104 1.0
304 106 1.0
304 111 1.0
304 375 1.0
304 466 1.0
304 489 1.0
304 621 1.0
304 720 1.0
304 955 1.0
305 39 1.0
305 306 1.0
305 400 1.0
305 657 1.0
305 829 1.0
306 318 1.0
306 420 1.0
306 719 1.0
306 736 1.0
306 965 1.0
307 198 1.0
307 239 1.0
307 286 1.0
307 362 1.0
307 592 1.0
307 662 1.0
307 909 1.0
308 171 1.0
308 309 1.0
308 351 1.0
308 459 1.0
308 669 1.0
308 804 1.0
309 188 1.0
309 607 1.0
309 741 1.0
309 839 1.0
309 890 1.0
309 895 1.0
309 897 1.0
310 173 1.0
310 563 1.0
310 667 1.0
310 837 1.0
310 964 1.0
311 651 1.0
311 890 1.0
312 624 1.0
312 715 1.0
313 247 1.0
313 443 1.0
313 483 1.0
313 513 1.0
313 540 1.0
313 658 1.0
313 659 1.0
314 137 1.0
314 176 1.0
314 358 1.0
314 521 1.0
314 542 1.0
314 612 1.0
314 658 1.0
315 135 1.0
315 431 1.0
315 573 1.0
315 741 1.0
315 817 1.0
316 118 1.0
316 476 1.0
316 558 1.0
316 680 1.0
317 305 1.0
317 602 1.0
317 944 1.0
317 973 1.0
318 6 1.0
318 493 1.0
318 532 1.0
318 826 1.0
318 837 1.0
318 841 1.0
318 904 1.0
319 179 1.0
319 503 1.0
319 624 1.0
319 694 1.0
319 790 1.0
319 903 1.0
320 102 1.0
320 235 1.0
320 343 1.0
320 388 1.0
320 518 1.0
320 803 1.0
320 828 1.0
321 24 1.0
321 95 1.0
321 143 1.0
321 166 1.0
321 176 1.0
321 303 1.0
321 441 1.0
321 555 1.0
321 840 1.0
321 846 1.0
321 950 1.0
322 47 1.0
322 54 1.0
322 417 1.0
322 660 1.0
323 31 1.0
323 238 1.0
323 317 1.0
323 849 1.0
323 894 1.0
323 920 1.0
323 975 1.0
324 479 1.0
324 679 1.0
324 866 1.0
324 945 1.0
324 964 1.0
324 995 1.0
325 113 1.0
325 228 1.0
325 260 1.0
325 308 1.0
325 363 1.0
325 827 1.0
326 483 1.0
326 631 1.0
326 957 1.0
327 71 1.0
327 112 1.0
327 142 1.0
327 144 1.0
327 174 1.0
327 322 1.0
327 566 1.0
327 709 1.0
327 728 1.0
327 775 1.0
327 795 1.0
327 919 1.0
328 186 1.0
329 22 1.0
329 207 1.0
329 359 1.0
329 393 1.0
329 803 1.0
330 76 1.0
330 247 1.0
330 407 1.0
330 583 1.0
330 646 1.0
330 660 1.0
330 703 1.0
330 848 1.0
331 328 1.0
331 411 1.0
331 466 1.0
331 648 1.0
331 894 1.0
332 3 1.0
332 147 1.0
332 859 1.0
332 978 1.0
333 48 1.0
333 54 1.0
333 110 1.0
333 115 1.0
333 238 1.0
333 328 1.0
333 732 1.0
333 761 1.0
334 89 1.0
334 110 1.0
334 143 1.0
334 159 1.0
334 226 1.0
334 313 1.0
334 440 1.0
334 532 1.0
334 583 1.0
334 741 1.0
335 62 1.0
335 218 1.0
335 442 1.0
335 591 1.0
335 764 1.0
335 953 1.0
336 111 1.0
336 781 1.0
337 548 1.0
337 588 1.0
338 94 1.0
338 482 1.0
338 493 1.0
338 591 1.0
338 643 1.0
339 175 1.0
339 415 1.0
339 477 1.0
339 712 1.0
339 718 1.0
339 880 1.0
340 122 1.0
340 178 1.0
340 583 1.0
340 768 1.0
340 857 1.0
340 953 1.0
341 283 1.0
341 428 1.0
341 595 1.0
341 828 1.0
341 968 1.0
342 88 1.0
342 103 1.0
342 699 1.0
342 786 1.0
343 47 1.0
343 139 1.0
343 203 1.0
343 280 1.0
343 368 1.0
343 556 1.0
343 568 1.0
343 798 1.0
343 965 1.0
344 21 1.0
344 180 1.0
344 231 1.0
344 634 1.0
344 833 1.0
344 959 1.0
345 161 1.0
345 276 1.0
345 414 1.0
345 657 1.0
345 724 1.0
345 927 1.0
346 218 1.0
346 310 1.0
346 365 1.0
346 383 1.0
346 386 1.0
346 425 1.0
346 553 1.0
347 349 1.0
347 431 1.0
347 497 1.0
347 671 1.0
347 718 1.0
347 759 1.0
347 777 1.0
348 204 1.0
348 238 1.0
348 304 1.0
348 494 1.0
348 578 1.0
348 631 1.0
348 701 1.0
348 788 1.0
348 936 1.0
349 71 1.0
349 103 1.0
349 139 1.0
349 261 1.0
349 900 1.0
349 940 1.0
350 106 1.0
350 111 1.0
350 120 1.0
350 562 1.0
351 339 1.0
351 402 1.0
351 855 1.0
352 86 1.0
352 124 1.0
352 192 1.0
352 197 1.0
352 551 1.0
352 608 1.0
352 797 1.0
353 517 1.0
353 676 1.0
354 182 1.0
354 303 1.0
354 708 1.0
354 852 1.0
355 338 1.0
355 370 1.0
355 760 1.0
355 771 1.0
355 860 1.0
355 886 1.0
355 896 1.0
355 975 1.0
356 141 1.0
356 167 1.0
356 232 1.0
356 308 1.0
356 329 1.0
356 576 1.0
356 737 1.0
356 928 1.0
356 930 1.0
357 13 1.0
357 77 1.0
357 103 1.0
357 245 1.0
357 650 1.0
357 703 1.0
357 761 1.0
357 902 1.0
357 962 1.0
358 182 1.0
358 898 1.0
359 102 1.0
359 296 1.0
359 342 1.0
359 405 1.0
359 588 1.0
359 738 1.0
359 898 1.0
360 154 1.0
360 258 1.0
360 544 1.0
361 24 1.0
361 54 1.0
361 191 1.0
361 286 1.0
361 368 1.0
361 601 1.0
361 611 1.0
361 961 1.0
362 61 1.0
362 120 1.0
362 260 1.0
362 390 1.0
362 549 1.0
362 948 1.0
363 1 1.0
363 189 1.0
363 368 1.0
363 760 1.0
364 217 1.0
364 273 1.0
365 129 1.0
365 916 1.0
365 934 1.0
365 979 1.0
366 229 1.0
366 369 1.0
366 515 1.0
366 523 1.0
366 789 1.0
366 793 1.0
366 893 1.0
367 22 1.0
367 337 1.0
367 567 1.0
367 596 1.0
367 660 1.0
367 723 1.0
367 772 1.0
367 891 1.0
368 15 1.0
368 103 1.0
368 125 1.0
368 213 1.0
368 342 1.0
368 432 1.0
368 494 1.0
368 562 1.0
368 604 1.0
368 812 1.0
368 851 1.0
368 892 1.0
368 906 1.0
369 22 1.0
369 51 1.0
369 171 1.0
369 214 1.0
369 331 1.0
369 431 1.0
369 479 1.0
369 529 1.0
369 554 1.0
369 584 1.0
369 708 1.0
370 72 1.0
370 292 1.0
370 349 1.0
370 455 1.0
370 896 1.0
371 187 1.0
371 560 1.0
371 689 1.0
371 748 1.0
371 751 1.0
372 53 1.0
372 420 1.0
372 451 1.0
372 842 1.0
372 895 1.0
372 969 1.0
373 146 1.0
373 316 1.0
373 363 1.0
373 776 1.0
374 298 1.0
374 396 1.0
374 513 1.0
374 578 1.0
374 640 1.0
374 731 1.0
374 936 1.0
374 937 1.0
375 196 1.0
376 215 1.0
376 273 1.0
376 449 1.0
376 613 1.0
376 621 1.0
376 677 1.0
376 856 1.0
377 92 1.0
377 108 1.0
377 215 1.0
377 266 1.0
377 286 1.0
377 571 1.0
378 34 1.0
378 122 1.0
378 560 1.0
378 573 1.0
378 646 1.0
378 742 1.0
378 763 1.0
379 155 1.0
379 242 1.0
379 311 1.0
379 598 1.0
379 651 1.0
379 672 1.0
379 702 1.0
379 725 1.0
379 804 1.0
380 22 1.0
380 100 1.0
380 172 1.0
380 491 1.0
380 558 1.0
380 725 1.0
380 895 1.0
381 623 1.0
381 659 1.0
381 669 1.0
381 829 1.0
382 8 1.0
382 77 1.0
382 81 1.0
382 574 1.0
382 635 1.0
383 94 1.0
383 421 1.0
383 847 1.0
383 936 1.0
384 6 1.0
384 171 1.0
384 216 1.0
384 220 1.0
384 473 1.0
384 622 1.0
385 366 1.0
385 393 1.0
385 819 1.0
386 378 1.0
386 596 1.0
387 182 1.0
387 346 1.0
387 644 1.0
387 711 1.0
387 846 1.0
387 952 1.0
388 0 1.0
388 145 1.0
388 232 1.0
388 356 1.0
388 452 1.0
388 606 1.0
388 840 1.0
389 69 1.0
389 183 1.0
389 574 1.0
389 624 1.0
389 657 1.0
389 932 1.0
390 39 1.0
390 93 1.0
390 265 1.0
390 272 1.0
390 402 1.0
390 510 1.0
390 558 1.0
390 565 1.0
390 711 1.0
390 977 1.0
391 173 1.0
391 471 1.0
391 927 1.0
391 973 1.0
392 159 1.0
392 746 1.0
392 760 1.0
392 779 1.0
392 840 1.0
392 920 1.0
393 82 1.0
393 267 1.0
393 626 1.0
394 181 1.0
394 197 1.0
394 234 1.0
394 756 1.0
394 925 1.0
394 971 1.0
395 128 1.0
395 596 1.0
395 615 1.0
396 133 1.0
396 346 1.0
396 385 1.0
396 719 1.0
396 868 1.0
397 47 1.0
397 58 1.0
397 163 1.0
397 217 1.0
397 288 1.0
397 348 1.0
397 412 1.0
397 783 1.0
397 980 1.0
398 413 1.0
398 441 1.0
398 517 1.0
398 611 1.0
398 838 1.0
398 979 1.0
399 291 1.0
399 349 1.0
399 625 1.0
399 691 1.0
399 720 1.0
399 758 1.0
399 909 1.0
399 913 1.0
400 233 1.0
400 622 1.0
400 687 1.0
400 840 1.0
400 925 1.0
401 15 1.0
401 216 1.0
401 428 1.0
401 490 1.0
401 503 1.0
401 590 1.0
401 658 1.0
401 924 1.0
401 928 1.0
401 983 1.0
402 160 1.0
402 212 1.0
402 213 1.0
402 224 1.0
402 486 1.0
402 722 1.0
403 111 1.0
403 339 1.0
403 445 1.0
403 534 1.0
403 947 1.0
404 615 1.0
404 859 1.0
404 992 1.0
405 161 1.0
405 320 1.0
405 667 1.0
406 649 1.0
406 660 1.0
407 81 1.0
407 196 1.0
407 421 1.0
407 437 1.0
407 516 1.0
407 768 1.0
408 481 1.0
408 563 1.0
408 766 1.0
409 116 1.0
409 231 1.0
409 236 1.0
409 260 1.0
409 367 1.0
409 467 1.0
409 756 1.0
409 765 1.0
410 38 1.0
410 92 1.0
410 275 1.0
410 388 1.0
410 812 1.0
410 865 1.0
411 134 1.0
411 166 1.0
411 480 1.0
411 569 1.0
411 760 1.0
412 32 1.0
412 39 1.0
412 266 1.0
412 440 1.0
412 563 1.0
412 722 1.0
412 892 1.0
413 508 1.0
413 545 1.0
413 639 1.0
413 692 1.0
413 829 1.0
414 149 1.0
414 513 1.0
415 399 1.0
415 542 1.0
415 759 1.0
416 86 1.0
416 242 1.0
416 356 1.0
416 403 1.0
416 489 1.0
416 510 1.0
416 675 1.0
416 691 1.0
416 736 1.0
416 753 1.0
417 169 1.0
417 329 1.0
417 570 1.0
417 642 1.0
417 825 1.0
417 909 1.0
418 291 1.0
418 401 1.0
418 625 1.0
418 634 1.0
418 723 1.0
419 323 1.0
419 425 1.0
419 639 1.0
419 643 1.0
419 697 1.0
419 980 1.0
420 237 1.0
420 271 1.0
420 396 1.0
420 668 1.0
420 790 1.0
420 857 1.0
421 35 1.0
421 65 1.0
421 72 1.0
421 97 1.0
421 274 1.0
421 442 1.0
421 539 1.0
421 942 1.0
421 949 1.0
422 24 1.0
422 171 1.0
422 720 1.0
423 25 1.0
423 95 1.0
423 97 1.0
423 169 1.0
423 495 1.0
423 605 1.0
423 937 1.0
424 10 1.0
424 11 1.0
424 96 1.0
424 285 1.0
424 509 1.0
424 556 1.0
424 606 1.0
424 658 1.0
424 661 1.0
424 693 1.0
425 256 1.0
425 440 1.0
425 464 1.0
425 745 1.0
425 806 1.0
425 817 1.0
426 444 1.0
426 757 1.0
427 23 1.0
427 86 1.0
427 172 1.0
427 186 1.0
427 228 1.0
427 481 1.0
427 556 1.0
428 37 1.0
428 242 1.0
428 456 1.0
428 819 1.0
428 845 1.0
428 881 1.0
429 75 1.0
429 137 1.0
429 152 1.0
429 159 1.0
429 178 1.0
429 560 1.0
429 763 1.0
430 8 1.0
430 71 1.0
430 180 1.0
430 343 1.0
430 476 1.0
430 654 1.0
430 719 1.0
430 803 1.0
430 824 1.0
431 108 1.0
431 559 1.0
431 720 1.0
431 845 1.0
431 895 1.0
432 124 1.0
432 541 1.0
432 618 1.0
432 898 1.0
433 410 1.0
434 216 1.0
434 550 1.0
434 653 1.0
434 825 1.0
434 886 1.0
435 128 1.0
435 654 1.0
435 781 1.0
435 852 1.0
436 61 1.0
436 600 1.0
436 790 1.0
437 59 1.0
437 269 1.0
437 346 1.0
437 488 1.0
437 880 1.0
438 13 1.0
438 162 1.0
438 258 1.0
438 472 1.0
438 592 1.0
438 889 1.0
439 254 1.0
439 419 1.0
439 535 1.0
439 892 1.0
440 182 1.0
440 252 1.0
440 413 1.0
440 484 1.0
440 576 1.0
440 603 1.0
440 795 1.0
440 959 1.0
441 53 1.0
441 127 1.0
441 229 1.0
441 278 1.0
441 456 1.0
441 520 1.0
441 570 1.0
441 842 1.0
442 41 1.0
442 221 1.0
442 636 1.0
442 650 1.0
442 791 1.0
443 159 1.0
443 399 1.0
443 490 1.0
443 865 1.0
443 881 1.0
444 4 1.0
444 87 1.0
444 459 1.0
444 636 1.0
445 103 1.0
445 298 1.0
445 505 1.0
445 754 1.0
445 994 1.0
446 46 1.0
446 117 1.0
446 176 1.0
446 269 1.0
446 519 1.0
446 526 1.0
446 669 1.0
446 702 1.0
446 848 1.0
446 966 1.0
447 123 1.0
447 213 1.0
447 357 1.0
447 386 1.0
447 456 1.0
447 496 1.0
447 508 1.0
447 652 1.0
447 964 1.0
448 30 1.0
448 75 1.0
448 157 1.0
448 277 1.0
448 282 1.0
448 361 1.0
448 428 1.0
449 120 1.0
449 212 1.0
449 355 1.0
449 387 1.0
449 507 1.0
449 520 1.0
449 635 1.0
449 784 1.0
450 153 1.0
450 167 1.0
450 407 1.0
450 803 1.0
451 75 1.0
451 165 1.0
451 410 1.0
451 445 1.0
451 637 1.0
451 741 1.0
451 760 1.0
452 31 1.0
452 454 1.0
452 503 1.0
452 624 1.0
452 807 1.0
452 838 1.0
452 855 1.0
452 914 1.0
452 938 1.0
453 136 1.0
453 182 1.0
453 326 1.0
453 535 1.0
453 540 1.0
454 319 1.0
454 433 1.0
454 462 1.0
454 677 1.0
454 932 1.0
455 15 1.0
455 22 1.0
455 123 1.0
455 179 1.0
455 303 1.0
455 733 1.0
455 739 1.0
455 872 1.0
456 208 1.0
456 234 1.0
456 265 1.0
456 615 1.0
456 729 1.0
456 791 1.0
457 217 1.0
457 522 1.0
457 651 1.0
457 710 1.0
458 28 1.0
458 40 1.0
458 193 1.0
458 221 1.0
459 30 1.0
459 83 1.0
459 152 1.0
459 199 1.0
459 382 1.0
459 391 1.0
459 662 1.0
459 970 1.0
460 52 1.0
460 468 1.0
460 491 1.0
460 628 1.0
460 666 1.0
460 985 1.0
461 375 1.0
461 415 1.0
461 469 1.0
461 504 1.0
461 784 1.0
461 893 1.0
462 128 1.0
462 215 1.0
462 231 1.0
462 250 1.0
462 461 1.0
462 718 1.0
462 766 1.0
462 782 1.0
463 12 1.0
463 168 1.0
463 242 1.0
463 246 1.0
463 467 1.0
463 536 1.0
463 786 1.0
463 874 1.0
464 38 1.0
464 682 1.0
465 25 1.0
465 129 1.0
465 527 1.0
465 608 1.0
465 683 1.0
466 15 1.0
466 298 1.0
466 569 1.0
466 604 1.0
466 724 1.0
466 787 1.0
466 801 1.0
466 804 1.0
467 62 1.0
467 516 1.0
467 621 1.0
467 826 1.0
467 856 1.0
467 866 1.0
467 937 1.0
468 27 1.0
468 262 1.0
468 422 1.0
468 708 1.0
469 182 1.0
469 366 1.0
469 734 1.0
469 735 1.0
469 875 1.0
470 285 1.0
470 505 1.0
470 558 1.0
471 681 1.0
471 752 1.0
471 777 1.0
472 156 1.0
472 221 1.0
472 237 1.0
472 288 1.0
472 365 1.0
472 487 1.0
472 635 1.0
472 813 1.0
473 168 1.0
473 373 1.0
473 447 1.0
473 708 1.0
473 808 1.0
473 885 1.0
474 175 1.0
474 405 1.0
474 424 1.0
474 511 1.0
474 940 1.0
475 37 1.0
475 150 1.0
475 366 1.0
475 380 1.0
475 525 1.0
475 765 1.0
476 341 1.0
476 378 1.0
476 791 1.0
477 189 1.0
477 681 1.0
477 729 1.0
477 841 1.0
477 948 1.0
478 49 1.0
478 211 1.0
478 333 1.0
478 519 1.0
478 565 1.0
478 684 1.0
478 758 1.0
479 54 1.0
479 79 1.0
479 148 1.0
479 321 1.0
479 418 1.0
479 623 1.0
479 706 1.0
479 818 1.0
480 491 1.0
480 614 1.0
480 700 1.0
480 737 1.0
480 909 1.0
481 59 1.0
481 123 1.0
481 369 1.0
481 377 1.0
481 614 1.0
482 142 1.0
482 351 1.0
482 603 1.0
483 93 1.0
483 159 1.0
483 257 1.0
483 451 1.0
483 864 1.0
484 135 1.0
484 137 1.0
484 271 1.0
484 406 1.0
484 433 1.0
484 561 1.0
484 612 1.0
484 808 1.0
484 863 1.0
484 940 1.0
485 227 1.0
485 240 1.0
485 273 1.0
485 308 1.0
485 877 1.0
486 37 1.0
486 408 1.0
486 410 1.0
486 661 1.0
486 791 1.0
486 797 1.0
486 810 1.0
486 843 1.0
487 43 1.0
487 274 1.0
487 674 1.0
488 161 1.0
488 254 1.0
488 295 1.0
488 326 1.0
488 365 1.0
488 410 1.0
488 430 1.0
488 449 1.0
488 615 1.0
488 759 1.0
489 22 1.0
489 209 1.0
489 443 1.0
489 504 1.0
489 643 1.0
489 668 1.0
489 767 1.0
489 791 1.0
489 895 1.0
490 113 1.0
490 144 1.0
490 170 1.0
490 176 1.0
490 355 1.0
490 489 1.0
490 799 1.0
490 851 1.0
491 186 1.0
491 407 1.0
491 537 1.0
491 572 1.0
491 593 1.0
491 749 1.0
491 903 1.0
492 82 1.0
492 84 1.0
492 459 1.0
492 687 1.0
492 695 1.0
492 756 1.0
493 279 1.0
493 398 1.0
493 698 1.0
493 782 1.0
493 798 1.0
493 898 1.0
494 404 1.0
494 525 1.0
494 581 1.0
494 628 1.0
494 684 1.0
494 750 1.0
494 866 1.0
494 965 1.0
495 5 1.0
495 59 1.0
495 183 1.0
495 270 1.0
495 605 1.0
495 675 1.0
495 750 1.0
496 68 1.0
496 76 1.0
496 120 1.0
496 175 1.0
496 530 1.0
496 611 1.0
496 617 1.0
497 164 1.0
497 344 1.0
497 345 1.0
497 523 1.0
498 3 1.0
498 308 1.0
498 450 1.0
498 469 1.0
498 515 1.0
498 536 1.0
498 538 1.0
498 850 1.0
498 900 1.0
498 936 1.0
499 15 1.0
499 84 1.0
499 362 1.0
499 823 1.0
500 159 1.0
500 373 1.0
500 760 1.0
501 235 1.0
501 284 1.0
501 389 1.0
501 532 1.0
501 670 1.0
501 831 1.0
501 855 1.0
502 405 1.0
502 572 1.0
502 749 1.0
502 788 1.0
502 974 1.0
503 63 1.0
503 108 1.0
503 388 1.0
503 803 1.0
503 826 1.0
504 378 1.0
504 486 1.0
504 705 1.0
504 706 1.0
504 886 1.0
505 328 1.0
505 388 1.0
505 390 1.0
505 399 1.0
505 414 1.0
505 521 1.0
505 628 1.0
505 734 1.0
505 759 1.0
506 145 1.0
506 183 1.0
506 431 1.0
506 493 1.0
506 507 1.0
507 770 1.0
507 780 1.0
507 901 1.0
507 920 1.0
508 260 1.0
508 463 1.0
509 115 1.0
509 454 1.0
509 716 1.0
510 334 1.0
510 340 1.0
510 449 1.0
510 822 1.0
511 187 1.0
511 306 1.0
511 464 1.0
511 499 1.0
511 562 1.0
511 856 1.0
511 862 1.0
511 927 1.0
512 134 1.0
512 175 1.0
512 656 1.0
512 715 1.0
512 748 1.0
512 805 1.0
513 26 1.0
513 104 1.0
513 311 1.0
513 394 1.0
513 767 1.0
513 849 1.0
514 70 1.0
514 408 1.0
514 481 1.0
514 603 1.0
514 878 1.0
514 916 1.0
514 955 1.0
514 971 1.0
515 388 1.0
515 454 1.0
515 616 1.0
515 766 1.0
516 27 1.0
516 90 1.0
516 105 1.0
516 265 1.0
516 691 1.0
516 788 1.0
516 814 1.0
516 917 1.0
517 29 1.0
517 53 1.0
517 92 1.0
517 101 1.0
517 126 1.0
517 174 1.0
517 372 1.0
517 412 1.0
517 781 1.0
517 947 1.0
518 501 1.0
519 210 1.0
519 337 1.0
519 468 1.0
519 490 1.0
519 803 1.0
519 817 1.0
519 837 1.0
520 214 1.0
520 964 1.0
521 17 1.0
521 122 1.0
521 177 1.0
521 323 1.0
521 474 1.0
521 614 1.0
521 868 1.0
522 144 1.0
522 396 1.0
522 520 1.0
522 616 1.0
522 807 1.0
522 905 1.0
523 11 1.0
523 162 1.0
523 170 1.0
523 200 1.0
523 269 1.0
523 393 1.0
523 610 1.0
523 768 1.0
523 857 1.0
523 931 1.0
524 177 1.0
524 391 1.0
524 496 1.0
524 820 1.0
524 860 1.0
524 907 1.0
524 988 1.0
525 40 1.0
525 149 1.0
525 522 1.0
526 133 1.0
526 142 1.0
526 257 1.0
526 384 1.0
526 436 1.0
526 516 1.0
526 652 1.0
526 828 1.0
527 7 1.0
527 264 1.0
527 723 1.0
527 810 1.0
527 900 1.0
528 14 1.0
528 28 1.0
528 463 1.0
528 568 1.0
529 224 1.0
529 618 1.0
529 650 1.0
529 667 1.0
529 775 1.0
529 943 1.0
529 992 1.0
530 43 1.0
530 85 1.0
530 93 1.0
530 156 1.0
530 297 1.0
530 391 1.0
530 402 1.0
530 409 1.0
530 529 1.0
530 678 1.0
530 795 1.0
530 958 1.0
531 16 1.0
531 53 1.0
531 324 1.0
531 421 1.0
531 582 1.0
531 860 1.0
531 918 1.0
531 940 1.0
532 201 1.0
532 226 1.0
532 253 1.0
532 758 1.0
532 840 1.0
532 957 1.0
533 34 1.0
533 86 1.0
533 164 1.0
533 198 1.0
533 596 1.0
534 383 1.0
534 450 1.0
534 664 1.0
534 703 1.0
534 728 1.0
534 824 1.0
534 857 1.0
535 69 1.0
535 536 1.0
535 627 1.0
535 841 1.0
536 160 1.0
536 203 1.0
536 642 1.0
536 706 1.0
536 874 1.0
537 531 1.0
537 631 1.0
537 754 1.0
537 993 1.0
538 50 1.0
538 62 1.0
538 133 1.0
538 162 1.0
538 498 1.0
538 639 1.0
538 680 1.0
538 684 1.0
538 824 1.0
538 862 1.0
539 42 1.0
539 119 1.0
539 357 1.0
539 488 1.0
539 609 1.0
539 896 1.0
540 395 1.0
540 659 1.0
541 21 1.0
541 48 1.0
541 64 1.0
541 73 1.0
541 125 1.0
541 138 1.0
541 320 1.0
541 329 1.0
541 450 1.0
541 498 1.0
541 510 1.0
541 545 1.0
541 593 1.0
541 623 1.0
541 636 1.0
542 302 1.0
542 306 1.0
542 353 1.0
542 368 1.0
542 709 1.0
542 865 1.0
542 873 1.0
542 888 1.0
542 923 1.0
542 931 1.0
543 275 1.0
543 514 1.0
543 581 1.0
543 668 1.0
543 717 1.0
543 758 1.0
544 44 1.0
544 106 1.0
544 285 1.0
544 430 1.0
544 770 1.0
544 817 1.0
544 882 1.0
545 32 1.0
545 63 1.0
545 221 1.0
545 240 1.0
545 488 1.0
545 879 1.0
545 906 1.0
546 125 1.0
546 347 1.0
546 360 1.0
546 380 1.0
546 540 1.0
546 611 1.0
546 616 1.0
547 55 1.0
547 139 1.0
547 382 1.0
547 415 1.0
547 445 1.0
547 554 1.0
547 946 1.0
548 41 1.0
548 205 1.0
548 228 1.0
548 416 1.0
548 458 1.0
548 609 1.0
548 732 1.0
548 877 1.0
549 216 1.0
549 423 1.0
549 500 1.0
549 643 1.0
549 969 1.0
549 970 1.0
550 60 1.0
550 141 1.0
550 192 1.0
550 272 1.0
550 403 1.0
550 479 1.0
550 505 1.0
550 597 1.0
550 793 1.0
550 892 1.0
551 43 1.0
551 68 1.0
551 122 1.0
551 269 1.0
551 280 1.0
551 325 1.0
551 415 1.0
551 605 1.0
551 742 1.0
551 790 1.0
551 839 1.0
551 973 1.0
552 163 1.0
552 227 1.0
552 251 1.0
552 570 1.0
552 850 1.0
552 962 1.0
553 56 1.0
553 207 1.0
553 363 1.0
553 390 1.0
553 416 1.0
553 690 1.0
553 769 1.0
553 877 1.0
554 114 1.0
554 208 1.0
554 306 1.0
554 312 1.0
554 500 1.0
554 587 1.0
554 687 1.0
554 963 1.0
554 971 1.0
555 167 1.0
555 183 1.0
555 316 1.0
555 371 1.0
555 462 1.0
555 747 1.0
555 798 1.0
555 895 1.0
555 932 1.0
555 969 1.0
556 6 1.0
556 32 1.0
556 108 1.0
556 232 1.0
556 328 1.0
556 347 1.0
556 941 1.0
557 202 1.0
557 220 1.0
557 314 1.0
557 318 1.0
557 382 1.0
557 533 1.0
557 599 1.0
557 701 1.0
557 748 1.0
557 803 1.0
557 883 1.0
558 131 1.0
558 152 1.0
558 278 1.0
558 279 1.0
558 288 1.0
558 889 1.0
558 986 1.0
559 249 1.0
559 369 1.0
559 536 1.0
559 852 1.0
560 156 1.0
560 199 1.0
560 270 1.0
560 282 1.0
560 549 1.0
560 584 1.0
560 603 1.0
560 663 1.0
560 666 1.0
560 774 1.0
560 809 1.0
561 272 1.0
561 368 1.0
561 730 1.0
561 860 1.0
561 869 1.0
562 178 1.0
562 206 1.0
562 238 1.0
562 402 1.0
562 456 1.0
562 862 1.0
562 898 1.0
563 305 1.0
563 583 1.0
563 632 1.0
563 705 1.0
563 909 1.0
564 114 1.0
564 272 1.0
564 273 1.0
564 337 1.0
564 344 1.0
564 354 1.0
564 374 1.0
564 424 1.0
564 428 1.0
564 440 1.0
564 735 1.0
564 892 1.0
565 5 1.0
565 100 1.0
565 202 1.0
565 237 1.0
565 314 1.0
565 536 1.0
565 557 1.0
565 731 1.0
566 335 1.0
566 601 1.0
566 687 1.0
566 734 1.0
566 878 1.0
566 917 1.0
566 942 1.0
567 196 1.0
567 228 1.0
567 394 1.0
567 453 1.0
567 585 1.0
567 712 1.0
567 807 1.0
567 822 1.0
567 842 1.0
567 941 1.0
568 59 1.0
568 183 1.0
568 234 1.0
568 397 1.0
568 573 1.0
568 612 1.0
569 197 1.0
569 720 1.0
569 766 1.0
569 988 1.0
570 172 1.0
570 283 1.0
570 589 1.0
570 886 1.0
570 895 1.0
571 3 1.0
571 104 1.0
571 134 1.0
571 204 1.0
571 245 1.0
571 374 1.0
571 534 1.0
571 588 1.0
571 792 1.0
571 838 1.0
572 126 1.0
572 412 1.0
572 607 1.0
572 614 1.0
572 767 1.0
572 828 1.0
573 226 1.0
573 236 1.0
573 480 1.0
573 526 1.0
574 40 1.0
574 263 1.0
574 665 1.0
574 708 1.0
575 60 1.0
575 293 1.0
575 316 1.0
575 603 1.0
575 604 1.0
575 768 1.0
576 202 1.0
576 263 1.0
576 349 1.0
576 440 1.0
576 573 1.0
576 732 1.0
576 850 1.0
576 861 1.0
577 186 1.0
577 344 1.0
577 351 1.0
577 515 1.0
577 608 1.0
577 616 1.0
578 78 1.0
578 233 1.0
578 340 1.0
578 543 1.0
578 576 1.0
578 868 1.0
578 995 1.0
579 168 1.0
579 270 1.0
579 368 1.0
579 510 1.0
579 587 1.0
579 596 1.0
579 687 1.0
579 764 1.0
579 780 1.0
579 797 1.0
579 824 1.0
580 248 1.0
580 347 1.0
580 389 1.0
580 446 1.0
580 497 1.0
580 549 1.0
580 715 1.0
581 80 1.0
581 102 1.0
581 263 1.0
581 456 1.0
581 483 1.0
581 509 1.0
581 525 1.0
581 567 1.0
582 145 1.0
582 471 1.0
582 659 1.0
582 698 1.0
582 969 1.0
582 993 1.0
583 51 1.0
583 112 1.0
583 274 1.0
583 367 1.0
583 679 1.0
583 691 1.0
583 732 1.0
584 136 1.0
584 189 1.0
584 531 1.0
584 684 1.0
584 928 1.0
585 114 1.0
585 321 1.0
585 503 1.0
585 632 1.0
585 900 1.0
586 113 1.0
586 190 1.0
586 376 1.0
586 584 1.0
586 644 1.0
586 667 1.0
586 972 1.0
587 438 1.0
587 703 1.0
587 770 1.0
587 791 1.0
588 83 1.0
588 130 1.0
588 211 1.0
588 233 1.0
588 237 1.0
588 254 1.0
588 334 1.0
588 400 1.0
588 459 1.0
588 648 1.0
588 707 1.0
588 801 1.0
589 23 1.0
589 547 1.0
589 604 1.0
589 683 1.0
589 721 1.0
589 737 1.0
589 822 1.0
589 976 1.0
590 23 1.0
590 35 1.0
590 38 1.0
590 115 1.0
590 175 1.0
590 439 1.0
590 605 1.0
590 658 1.0
591 68 1.0
591 487 1.0
591 758 1.0
591 800 1.0
592 193 1.0
592 278 1.0
592 377 1.0
592 562 1.0
592 705 1.0
592 731 1.0
592 932 1.0
592 953 1.0
592 993 1.0
593 192 1.0
593 244 1.0
593 465 1.0
593 646 1.0
594 67 1.0
594 108 1.0
594 287 1.0
594 373 1.0
594 446 1.0
594 492 1.0
594 583 1.0
594 926 1.0
595 42 1.0
595 67 1.0
595 166 1.0
595 257 1.0
595 299 1.0
595 460 1.0
595 490 1.0
595 631 1.0
595 633 1.0
596 212 1.0
596 421 1.0
596 462 1.0
596 676 1.0
596 720 1.0
596 895 1.0
596 896 1.0
597 58 1.0
597 173 1.0
597 398 1.0
597 624 1.0
597 908 1.0
598 164 1.0
598 168 1.0
598 186 1.0
598 214 1.0
598 663 1.0
598 701 1.0
598 731 1.0
598 762 1.0
598 945 1.0
599 21 1.0
599 148 1.0
599 195 1.0
599 413 1.0
599 414 1.0
599 441 1.0
599 457 1.0
599 510 1.0
599 580 1.0
600 106 1.0
600 920 1.0
601 12 1.0
601 685 1.0
601 687 1.0
601 922 1.0
602 38 1.0
602 284 1.0
602 489 1.0
602 529 1.0
602 564 1.0
602 693 1.0
603 110 1.0
603 145 1.0
603 153 1.0
603 679 1.0
604 25 1.0
604 174 1.0
604 384 1.0
604 526 1.0
604 707 1.0
604 713 1.0
605 545 1.0
605 624 1.0
606 418 1.0
606 482 1.0
606 729 1.0
607 16 1.0
607 61 1.0
607 189 1.0
607 242 1.0
607 360 1.0
607 673 1.0
607 802 1.0
607 914 1.0
608 169 1.0
608 206 1.0
608 328 1.0
608 977 1.0
609 48 1.0
609 68 1.0
609 499 1.0
609 509 1.0
609 808 1.0
610 17 1.0
610 180 1.0
610 224 1.0
610 264 1.0
610 464 1.0
610 591 1.0
610 712 1.0
610 769 1.0
611 212 1.0
611 225 1.0
611 446 1.0
611 592 1.0
611 627 1.0
611 667 1.0
611 746 1.0
612 256 1.0
612 431 1.0
612 538 1.0
612 557 1.0
612 633 1.0
612 657 1.0
612 713 1.0
612 824 1.0
613 293 1.0
613 546 1.0
613 816 1.0
613 864 1.0
613 908 1.0
614 619 1.0
614 719 1.0
614 750 1.0
614 859 1.0
614 894 1.0
614 923 1.0
615 24 1.0
615 52 1.0
615 333 1.0
615 719 1.0
615 877 1.0
616 197 1.0
616 473 1.0
616 605 1.0
616 711 1.0
616 767 1.0
616 774 1.0
616 872 1.0
617 196 1.0
617 213 1.0
617 265 1.0
617 353 1.0
617 452 1.0
617 497 1.0
617 569 1.0
617 618 1.0
617 642 1.0
617 699 1.0
617 715 1.0
618 34 1.0
618 925 1.0
619 289 1.0
619 309 1.0
619 634 1.0
619 659 1.0
620 858 1.0
620 918 1.0
620 920 1.0
621 183 1.0
621 669 1.0
621 871 1.0
621 874 1.0
622 32 1.0
622 212 1.0
622 243 1.0
622 356 1.0
622 416 1.0
622 464 1.0
622 492 1.0
622 731 1.0
622 773 1.0
622 937 1.0
623 7 1.0
623 134 1.0
623 404 1.0
623 635 1.0
624 138 1.0
624 757 1.0
624 971 1.0
625 51 1.0
625 391 1.0
625 447 1.0
625 745 1.0
625 764 1.0
625 814 1.0
626 324 1.0
626 466 1.0
626 530 1.0
626 592 1.0
626 745 1.0
626 786 1.0
626 991 1.0
627 65 1.0
627 75 1.0
627 109 1.0
627 324 1.0
627 792 1.0
627 794 1.0
628 147 1.0
628 195 1.0
628 309 1.0
628 479 1.0
628 529 1.0
628 589 1.0
629 246 1.0
629 339 1.0
629 381 1.0
629 422 1.0
629 461 1.0
629 475 1.0
629 479 1.0
629 566 1.0
629 572 1.0
629 594 1.0
629 612 1.0
629 932 1.0
629 941 1.0
630 132 1.0
630 230 1.0
630 246 1.0
630 247 1.0
630 375 1.0
630 435 1.0
630 483 1.0
630 484 1.0
630 853 1.0
631 56 1.0
631 266 1.0
631 328 1.0
631 507 1.0
631 521 1.0
631 677 1.0
631 730 1.0
631 823 1.0
631 861 1.0
631 894 1.0
632 324 1.0
632 461 1.0
632 480 1.0
632 559 1.0
632 810 1.0
632 903 1.0
632 963 1.0
633 239 1.0
633 268 1.0
633 363 1.0
633 720 1.0
633 925 1.0
633 936 1.0
633 969 1.0
634 58 1.0
634 428 1.0
634 896 1.0
635 82 1.0
635 83 1.0
635 117 1.0
635 292 1.0
635 393 1.0
635 498 1.0
635 955 1.0
636 101 1.0
636 195 1.0
636 196 1.0
636 614 1.0
636 665 1.0
636 822 1.0
637 19 1.0
637 106 1.0
637 272 1.0
637 393 1.0
637 442 1.0
637 542 1.0
637 584 1.0
638 1 1.0
638 236 1.0
638 241 1.0
638 384 1.0
638 592 1.0
638 724 1.0
638 744 1.0
639 98 1.0
639 157 1.0
639 322 1.0
639 337 1.0
640 4 1.0
640 52 1.0
640 237 1.0
641 108 1.0
641 146 1.0
641 565 1.0
642 112 1.0
642 199 1.0
642 750 1.0
642 840 1.0
643 214 1.0
643 372 1.0
643 444 1.0
644 178 1.0
644 188 1.0
644 553 1.0
644 597 1.0
644 867 1.0
644 935 1.0
644 961 1.0
645 264 1.0
645 276 1.0
645 321 1.0
645 323 1.0
645 422 1.0
645 459 1.0
645 502 1.0
646 174 1.0
646 537 1.0
646 801 1.0
647 15 1.0
647 123 1.0
647 300 1.0
647 330 1.0
647 554 1.0
647 772 1.0
648 57 1.0
648 72 1.0
648 142 1.0
648 154 1.0
648 543 1.0
648 855 1.0
649 139 1.0
649 268 1.0
650 4 1.0
650 195 1.0
650 293 1.0
650 460 1.0
650 550 1.0
650 606 1.0
651 90 1.0
651 141 1.0
651 307 1.0
651 441 1.0
651 752 1.0
651 837 1.0
652 86 1.0
652 151 1.0
652 843 1.0
652 938 1.0
653 235 1.0
653 285 1.0
653 419 1.0
653 522 1.0
653 746 1.0
653 812 1.0
653 854 1.0
653 893 1.0
654 157 1.0
654 170 1.0
654 263 1.0
654 304 1.0
654 332 1.0
654 410 1.0
654 461 1.0
654 463 1.0
655 74 1.0
655 117 1.0
655 217 1.0
655 257 1.0
655 343 1.0
655 424 1.0
655 443 1.0
655 621 1.0
656 6 1.0
656 70 1.0
656 214 1.0
656 215 1.0
656 231 1.0
656 381 1.0
656 505 1.0
656 763 1.0
656 777 1.0
657 20 1.0
657 142 1.0
657 269 1.0
657 441 1.0
658 61 1.0
658 390 1.0
658 705 1.0
658 718 1.0
658 779 1.0
658 786 1.0
658 929 1.0
658 985 1.0
658 986 1.0
659 220 1.0
659 652 1.0
659 799 1.0
659 811 1.0
659 823 1.0
659 854 1.0
660 189 1.0
660 546 1.0
660 680 1.0
660 691 1.0
661 201 1.0
661 243 1.0
661 649 1.0
661 771 1.0
662 80 1.0
662 342 1.0
662 463 1.0
662 502 1.0
662 512 1.0
663 85 1.0
663 494 1.0
663 609 1.0
663 697 1.0
663 727 1.0
663 796 1.0
663 921 1.0
664 403 1.0
664 427 1.0
664 566 1.0
665 471 1.0
665 473 1.0
665 942 1.0
666 29 1.0
666 293 1.0
666 407 1.0
666 878 1.0
667 25 1.0
667 55 1.0
667 154 1.0
667 417 1.0
667 472 1.0
667 480 1.0
667 558 1.0
667 649 1.0
668 91 1.0
668 173 1.0
668 458 1.0
668 730 1.0
668 915 1.0
669 289 1.0
669 303 1.0
669 710 1.0
669 771 1.0
669 783 1.0
670 17 1.0
670 80 1.0
670 429 1.0
670 819 1.0
670 856 1.0
671 137 1.0
671 222 1.0
671 613 1.0
672 429 1.0
672 441 1.0
672 511 1.0
672 768 1.0
673 282 1.0
673 338 1.0
673 391 1.0
673 407 1.0
673 618 1.0
673 768 1.0
673 919 1.0
674 183 1.0
674 328 1.0
674 415 1.0
674 492 1.0
674 686 1.0
674 938 1.0
675 32 1.0
675 642 1.0
675 730 1.0
675 764 1.0
675 781 1.0
675 874 1.0
675 946 1.0
676 145 1.0
676 149 1.0
676 746 1.0
676 794 1.0
677 384 1.0
677 571 1.0
677 669 1.0
677 684 1.0
677 869 1.0
678 403 1.0
678 408 1.0
678 692 1.0
678 801 1.0
679 461 1.0
679 621 1.0
679 694 1.0
679 721 1.0
679 835 1.0
680 178 1.0
680 245 1.0
680 398 1.0
680 412 1.0
680 510 1.0
680 617 1.0
680 657 1.0
680 724 1.0
681 122 1.0
681 158 1.0
681 168 1.0
681 181 1.0
681 286 1.0
681 428 1.0
681 444 1.0
681 541 1.0
681 854 1.0
681 925 1.0
682 131 1.0
682 341 1.0
682 358 1.0
682 629 1.0
682 648 1.0
682 705 1.0
683 0 1.0
683 639 1.0
683 850 1.0
683 899 1.0
684 124 1.0
684 368 1.0
684 641 1.0
684 756 1.0
684 959 1.0
685 143 1.0
685 198 1.0
685 494 1.0
685 656 1.0
685 769 1.0
685 793 1.0
686 142 1.0
686 160 1.0
686 414 1.0
686 514 1.0
686 590 1.0
686 746 1.0
687 203 1.0
687 615 1.0
687 629 1.0
687 824 1.0
687 834 1.0
687 905 1.0
688 22 1.0
688 35 1.0
688 358 1.0
688 507 1.0
688 570 1.0
688 728 1.0
688 755 1.0
688 840 1.0
689 189 1.0
689 341 1.0
689 351 1.0
689 417 1.0
689 839 1.0
690 19 1.0
690 380 1.0
690 632 1.0
690 758 1.0
690 782 1.0
691 94 1.0
691 107 1.0
691 202 1.0
691 619 1.0
691 749 1.0
692 231 1.0
692 349 1.0
692 363 1.0
692 364 1.0
693 74 1.0
693 265 1.0
693 855 1.0
694 32 1.0
694 171 1.0
694 269 1.0
694 287 1.0
694 314 1.0
694 369 1.0
694 481 1.0
694 760 1.0
694 862 1.0
695 38 1.0
695 150 1.0
695 195 1.0
695 515 1.0
695 521 1.0
695 554 1.0
696 11 1.0
696 55 1.0
696 63 1.0
696 98 1.0
696 332 1.0
696 567 1.0
696 607 1.0
697 50 1.0
697 442 1.0
697 482 1.0
697 674 1.0
697 682 1.0
697 843 1.0
697 886 1.0
697 967 1.0
697 978 1.0
698 296 1.0
698 300 1.0
698 560 1.0
698 697 1.0
698 810 1.0
698 913 1.0
699 87 1.0
699 306 1.0
699 350 1.0
699 434 1.0
699 453 1.0
699 687 1.0
699 809 1.0
700 29 1.0
700 219 1.0
700 365 1.0
700 813 1.0
701 171 1.0
701 260 1.0
701 924 1.0
702 4 1.0
702 206 1.0
702 217 1.0
702 566 1.0
702 567 1.0
702 667 1.0
702 737 1.0
702 770 1.0
703 83 1.0
703 364 1.0
703 552 1.0
704 362 1.0
704 421 1.0
704 720 1.0
704 786 1.0
704 791 1.0
705 12 1.0
705 143 1.0
705 521 1.0
706 36 1.0
706 289 1.0
706 376 1.0
706 457 1.0
706 465 1.0
706 523 1.0
707 126 1.0
707 158 1.0
707 386 1.0
707 387 1.0
707 595 1.0
707 745 1.0
708 472 1.0
708 497 1.0
708 883 1.0
709 189 1.0
709 489 1.0
709 846 1.0
709 909 1.0
710 538 1.0
711 17 1.0
711 76 1.0
711 114 1.0
711 238 1.0
711 811 1.0
712 130 1.0
712 412 1.0
712 615 1.0
712 653 1.0
712 681 1.0
713 116 1.0
713 264 1.0
713 291 1.0
713 361 1.0
713 390 1.0
713 588 1.0
713 938 1.0
714 333 1.0
714 562 1.0
714 587 1.0
714 654 1.0
714 720 1.0
714 769 1.0
714 949 1.0
715 21 1.0
715 122 1.0
715 316 1.0
715 371 1.0
715 425 1.0
715 691 1.0
715 702 1.0
716 282 1.0
716 642 1.0
716 706 1.0
716 868 1.0
717 313 1.0
717 323 1.0
717 486 1.0
717 755 1.0
717 808 1.0
718 12 1.0
718 311 1.0
718 371 1.0
718 644 1.0
719 278 1.0
719 383 1.0
719 581 1.0
719 616 1.0
719 639 1.0
719 796 1.0
719 820 1.0
719 853 1.0
720 15 1.0
720 31 1.0
720 204 1.0
720 331 1.0
721 135 1.0
721 273 1.0
721 421 1.0
721 606 1.0
721 640 1.0
721 712 1.0
721 716 1.0
721 824 1.0
721 856 1.0
721 876 1.0
721 959 1.0
722 240 1.0
722 246 1.0
722 351 1.0
722 493 1.0
722 688 1.0
722 693 1.0
723 48 1.0
723 291 1.0
723 396 1.0
723 659 1.0
723 668 1.0
724 123 1.0
724 272 1.0
724 421 1.0
724 805 1.0
725 193 1.0
725 221 1.0
725 330 1.0
725 370 1.0
725 384 1.0
725 389 1.0
725 390 1.0
725 531 1.0
725 715 1.0
726 270 1.0
726 318 1.0
726 472 1.0
726 778 1.0
726 877 1.0
726 899 1.0
727 38 1.0
727 60 1.0
727 80 1.0
727 103 1.0
727 310 1.0
727 422 1.0
727 479 1.0
727 619 1.0
728 214 1.0
728 234 1.0
728 407 1.0
728 445 1.0
728 549 1.0
728 605 1.0
728 827 1.0
729 34 1.0
729 260 1.0
729 620 1.0
729 627 1.0
730 94 1.0
730 610 1.0
730 652 1.0
730 701 1.0
730 708 1.0
730 942 1.0
731 517 1.0
731 525 1.0
731 802 1.0
731 816 1.0
731 918 1.0
732 84 1.0
732 283 1.0
732 351 1.0
732 515 1.0
732 537 1.0
732 645 1.0
732 680 1.0
732 879 1.0
733 20 1.0
733 39 1.0
733 278 1.0
733 677 1.0
733 688 1.0
733 749 1.0
733 847 1.0
734 99 1.0
734 104 1.0
734 149 1.0
734 251 1.0
734 259 1.0
734 297 1.0
734 404 1.0
734 481 1.0
734 552 1.0
734 634 1.0
734 635 1.0
734 756 1.0
734 790 1.0
735 140 1.0
735 305 1.0
735 588 1.0
735 797 1.0
735 817 1.0
736 90 1.0
736 266 1.0
736 373 1.0
736 675 1.0
736 858 1.0
737 52 1.0
737 137 1.0
737 186 1.0
737 468 1.0
737 631 1.0
737 668 1.0
737 688 1.0
737 813 1.0
737 912 1.0
738 60 1.0
738 557 1.0
738 637 1.0
739 318 1.0
739 337 1.0
739 506 1.0
739 738 1.0
739 742 1.0
739 783 1.0
739 841 1.0
739 940 1.0
740 8 1.0
740 161 1.0
740 655 1.0
740 745 1.0
740 888 1.0
741 342 1.0
741 535 1.0
741 546 1.0
741 622 1.0
741 878 1.0
742 275 1.0
742 355 1.0
742 525 1.0
742 851 1.0
742 865 1.0
742 880 1.0
742 970 1.0
743 331 1.0
743 342 1.0
743 463 1.0
743 485 1.0
743 535 1.0
743 584 1.0
743 935 1.0
744 4 1.0
744 203 1.0
744 247 1.0
744 346 1.0
744 436 1.0
744 674 1.0
744 851 1.0
744 910 1.0
745 639 1.0
745 792 1.0
746 83 1.0
746 188 1.0
746 323 1.0
746 618 1.0
747 591 1.0
748 363 1.0
748 497 1.0
748 793 1.0
748 857 1.0
749 118 1.0
749 370 1.0
749 377 1.0
749 401 1.0
749 605 1.0
749 753 1.0
750 45 1.0
750 156 1.0
750 416 1.0
751 140 1.0
751 238 1.0
751 684 1.0
751 744 1.0
751 778 1.0
751 784 1.0
752 244 1.0
752 289 1.0
752 324 1.0
752 431 1.0
752 541 1.0
752 688 1.0
752 733 1.0
752 800 1.0
753 60 1.0
753 106 1.0
753 433 1.0
753 587 1.0
753 736 1.0
753 884 1.0
753 891 1.0
754 183 1.0
754 226 1.0
754 386 1.0
754 415 1.0
754 457 1.0
754 500 1.0
754 541 1.0
754 679 1.0
754 879 1.0
755 33 1.0
755 37 1.0
755 87 1.0
755 301 1.0
755 314 1.0
755 359 1.0
755 389 1.0
755 403 1.0
755 435 1.0
755 570 1.0
755 687 1.0
755 701 1.0
756 302 1.0
756 403 1.0
756 437 1.0
756 503 1.0
756 525 1.0
756 752 1.0
756 767 1.0
756 865 1.0
756 891 1.0
757 165 1.0
757 327 1.0
757 531 1.0
757 669 1.0
757 731 1.0
757 779 1.0
757 933 1.0
757 965 1.0
758 429 1.0
758 464 1.0
758 637 1.0
758 700 1.0
758 816 1.0
759 138 1.0
759 577 1.0
759 905 1.0
760 22 1.0
760 86 1.0
760 267 1.0
760 504 1.0
760 765 1.0
761 696 1.0
761 699 1.0
761 743 1.0
762 25 1.0
762 61 1.0
762 336 1.0
762 455 1.0
762 570 1.0
762 680 1.0
762 923 1.0
763 48 1.0
763 342 1.0
763 813 1.0
764 45 1.0
764 441 1.0
764 556 1.0
764 627 1.0
764 628 1.0
764 835 1.0
765 263 1.0
765 391 1.0
765 480 1.0
765 777 1.0
765 873 1.0
766 31 1.0
766 81 1.0
766 179 1.0
766 392 1.0
766 573 1.0
766 901 1.0
767 711 1.0
767 754 1.0
767 755 1.0
768 55 1.0
768 150 1.0
768 448 1.0
768 489 1.0
768 497 1.0
768 532 1.0
768 584 1.0
768 642 1.0
768 703 1.0
768 708 1.0
768 954 1.0
769 130 1.0
769 185 1.0
769 379 1.0
769 927 1.0
770 436 1.0
770 555 1.0
770 870 1.0
770 879 1.0
770 993 1.0
771 135 1.0
771 427 1.0
771 717 1.0
771 726 1.0
771 931 1.0
772 327 1.0
772 466 1.0
772 554 1.0
772 570 1.0
773 108 1.0
773 280 1.0
773 314 1.0
773 325 1.0
773 557 1.0
773 567 1.0
773 658 1.0
773 794 1.0
773 911 1.0
774 253 1.0
774 478 1.0
774 483 1.0
774 696 1.0
774 705 1.0
775 185 1.0
775 197 1.0
775 343 1.0
775 378 1.0
775 836 1.0
776 508 1.0
776 915 1.0
777 103 1.0
777 535 1.0
778 94 1.0
778 107 1.0
778 174 1.0
778 283 1.0
778 308 1.0
778 360 1.0
778 485 1.0
778 759 1.0
778 845 1.0
779 86 1.0
779 336 1.0
779 688 1.0
779 877 1.0
779 943 1.0
779 949 1.0
780 22 1.0
780 471 1.0
780 473 1.0
780 492 1.0
780 553 1.0
780 560 1.0
780 777 1.0
780 831 1.0
781 67 1.0
781 107 1.0
781 127 1.0
781 159 1.0
781 242 1.0
781 243 1.0
781 313 1.0
781 833 1.0
781 890 1.0
782 37 1.0
782 63 1.0
782 92 1.0
782 366 1.0
782 713 1.0
782 834 1.0
782 845 1.0
782 865 1.0
783 46 1.0
783 293 1.0
783 459 1.0
783 469 1.0
783 612 1.0
783 664 1.0
783 864 1.0
784 0 1.0
784 85 1.0
784 114 1.0
784 279 1.0
784 297 1.0
784 299 1.0
784 628 1.0
785 60 1.0
785 372 1.0
785 547 1.0
785 701 1.0
785 749 1.0
786 65 1.0
786 405 1.0
786 491 1.0
786 758 1.0
786 943 1.0
786 986 1.0
787 3 1.0
787 127 1.0
787 144 1.0
787 201 1.0
787 311 1.0
787 326 1.0
787 365 1.0
787 552 1.0
787 843 1.0
787 868 1.0
787 977 1.0
788 32 1.0
788 134 1.0
788 670 1.0
788 853 1.0
788 903 1.0
789 101 1.0
789 152 1.0
789 202 1.0
789 303 1.0
789 725 1.0
789 727 1.0
790 45 1.0
790 272 1.0
790 328 1.0
790 413 1.0
790 619 1.0
790 868 1.0
790 934 1.0
791 204 1.0
791 222 1.0
791 286 1.0
791 517 1.0
791 564 1.0
791 767 1.0
791 847 1.0
792 20 1.0
792 30 1.0
792 93 1.0
792 199 1.0
792 457 1.0
792 461 1.0
792 859 1.0
792 906 1.0
792 935 1.0
793 229 1.0
793 258 1.0
793 285 1.0
793 327 1.0
793 458 1.0
793 733 1.0
793 819 1.0
793 823 1.0
793 880 1.0
793 881 1.0
793 949 1.0
794 86 1.0
794 91 1.0
794 161 1.0
794 198 1.0
794 253 1.0
794 340 1.0
794 637 1.0
794 930 1.0
795 27 1.0
795 76 1.0
795 201 1.0
795 294 1.0
795 507 1.0
795 946 1.0
796 304 1.0
796 403 1.0
796 560 1.0
796 793 1.0
796 882 1.0
797 27 1.0
797 66 1.0
797 78 1.0
797 188 1.0
797 397 1.0
797 695 1.0
798 321 1.0
798 467 1.0
798 480 1.0
798 703 1.0
799 174 1.0
799 358 1.0
799 605 1.0
799 687 1.0
800 116 1.0
800 263 1.0
800 400 1.0
800 442 1.0
800 517 1.0
800 625 1.0
800 676 1.0
800 780 1.0
801 155 1.0
801 183 1.0
801 371 1.0
801 530 1.0
801 538 1.0
801 785 1.0
801 869 1.0
801 974 1.0
802 15 1.0
802 131 1.0
802 225 1.0
802 679 1.0
802 789 1.0
802 812 1.0
802 898 1.0
803 177 1.0
803 399 1.0
803 413 1.0
803 442 1.0
803 533 1.0
803 582 1.0
803 696 1.0
803 838 1.0
803 910 1.0
804 33 1.0
804 748 1.0
805 421 1.0
805 437 1.0
805 544 1.0
806 127 1.0
806 156 1.0
806 188 1.0
806 197 1.0
806 402 1.0
806 485 1.0
806 881 1.0
807 157 1.0
807 300 1.0
807 474 1.0
807 624 1.0
807 763 1.0
807 935 1.0
808 43 1.0
808 210 1.0
808 360 1.0
808 361 1.0
808 375 1.0
808 433 1.0
808 760 1.0
808 817 1.0
809 303 1.0
809 374 1.0
809 779 1.0
810 472 1.0
810 520 1.0
810 595 1.0
811 172 1.0
811 662 1.0
811 902 1.0
812 55 1.0
812 257 1.0
812 422 1.0
812 434 1.0
812 559 1.0
812 650 1.0
812 836 1.0
813 153 1.0
813 165 1.0
813 260 1.0
813 647 1.0
813 763 1.0
813 780 1.0
813 934 1.0
814 98 1.0
814 129 1.0
814 645 1.0
814 668 1.0
814 741 1.0
814 841 1.0
815 193 1.0
816 248 1.0
816 632 1.0
816 676 1.0
816 744 1.0
816 808 1.0
817 79 1.0
817 609 1.0
817 654 1.0
817 796 1.0
817 804 1.0
817 833 1.0
818 294 1.0
818 637 1.0
818 702 1.0
818 925 1.0
819 29 1.0
819 42 1.0
819 114 1.0
819 169 1.0
819 260 1.0
819 364 1.0
819 384 1.0
819 631 1.0
819 832 1.0
819 836 1.0
819 988 1.0
820 71 1.0
820 104 1.0
820 207 1.0
820 246 1.0
820 282 1.0
820 285 1.0
820 422 1.0
820 569 1.0
820 600 1.0
820 869 1.0
820 887 1.0
821 286 1.0
821 439 1.0
821 745 1.0
822 88 1.0
822 120 1.0
822 559 1.0
823 4 1.0
823 266 1.0
823 349 1.0
823 527 1.0
823 748 1.0
824 155 1.0
824 434 1.0
824 492 1.0
824 507 1.0
824 522 1.0
824 545 1.0
824 685 1.0
824 802 1.0
824 990 1.0
825 285 1.0
825 309 1.0
825 418 1.0
825 501 1.0
825 583 1.0
825 749 1.0
825 837 1.0
825 855 1.0
825 918 1.0
826 293 1.0
826 315 1.0
826 542 1.0
826 557 1.0
826 681 1.0
826 861 1.0
827 8 1.0
827 96 1.0
827 204 1.0
827 244 1.0
827 257 1.0
827 301 1.0
827 331 1.0
827 469 1.0
827 698 1.0
827 750 1.0
827 780 1.0
827 893 1.0
828 261 1.0
828 296 1.0
828 621 1.0
828 646 1.0
828 651 1.0
828 659 1.0
828 749 1.0
829 55 1.0
829 291 1.0
829 333 1.0
829 527 1.0
829 602 1.0
829 703 1.0
829 790 1.0
829 907 1.0
830 166 1.0
830 268 1.0
830 302 1.0
830 532 1.0
830 563 1.0
830 568 1.0
830 701 1.0
831 85 1.0
831 169 1.0
831 512 1.0
831 514 1.0
831 567 1.0
831 590 1.0
831 674 1.0
831 745 1.0
831 823 1.0
831 845 1.0
832 13 1.0
832 233 1.0
832 569 1.0
833 82 1.0
833 115 1.0
833 129 1.0
833 251 1.0
833 455 1.0
833 529 1.0
833 588 1.0
833 617 1.0
833 907 1.0
834 106 1.0
834 277 1.0
834 535 1.0
834 544 1.0
834 575 1.0
834 601 1.0
834 906 1.0
835 63 1.0
835 194 1.0
835 215 1.0
835 241 1.0
835 413 1.0
835 460 1.0
835 581 1.0
835 646 1.0
835 721 1.0
836 245 1.0
836 431 1.0
836 605 1.0
836 620 1.0
836 776 1.0
836 933 1.0
837 79 1.0
837 222 1.0
837 659 1.0
837 854 1.0
838 2 1.0
838 281 1.0
838 387 1.0
838 398 1.0
838 425 1.0
838 465 1.0
838 608 1.0
838 801 1.0
838 843 1.0
838 992 1.0
839 63 1.0
839 64 1.0
839 128 1.0
839 326 1.0
839 542 1.0
839 754 1.0
839 903 1.0
840 263 1.0
840 357 1.0
840 422 1.0
840 536 1.0
840 667 1.0
841 287 1.0
841 441 1.0
841 828 1.0
842 33 1.0
842 52 1.0
842 211 1.0
842 214 1.0
842 759 1.0
842 818 1.0
842 834 1.0
842 893 1.0
843 75 1.0
843 115 1.0
843 328 1.0
843 339 1.0
843 538 1.0
844 113 1.0
844 122 1.0
844 244 1.0
844 253 1.0
844 502 1.0
844 557 1.0
844 600 1.0
844 772 1.0
844 871 1.0
845 169 1.0
845 750 1.0
846 71 1.0
846 139 1.0
846 353 1.0
846 402 1.0
846 482 1.0
846 631 1.0
846 736 1.0
847 97 1.0
847 303 1.0
847 320 1.0
847 333 1.0
847 717 1.0
847 745 1.0
847 792 1.0
847 815 1.0
847 872 1.0
848 21 1.0
848 273 1.0
848 616 1.0
848 709 1.0
848 750 1.0
848 867 1.0
849 300 1.0
849 723 1.0
850 36 1.0
850 440 1.0
850 591 1.0
850 627 1.0
850 787 1.0
851 26 1.0
851 112 1.0
851 371 1.0
851 818 1.0
851 852 1.0
852 34 1.0
852 36 1.0
852 632 1.0
852 737 1.0
852 741 1.0
853 50 1.0
853 196 1.0
853 235 1.0
853 279 1.0
853 359 1.0
853 704 1.0
854 25 1.0
854 99 1.0
854 184 1.0
854 341 1.0
854 489 1.0
854 554 1.0
854 654 1.0
854 816 1.0
854 941 1.0
855 602 1.0
855 656 1.0
855 872 1.0
856 179 1.0
856 234 1.0
856 302 1.0
856 376 1.0
856 392 1.0
856 498 1.0
856 733 1.0
856 942 1.0
857 73 1.0
857 348 1.0
857 451 1.0
857 663 1.0
857 685 1.0
857 709 1.0
857 869 1.0
857 945 1.0
858 94 1.0
858 310 1.0
858 987 1.0
859 699 1.0
860 196 1.0
860 285 1.0
860 314 1.0
860 486 1.0
860 774 1.0
860 783 1.0
861 57 1.0
861 67 1.0
861 735 1.0
861 745 1.0
861 813 1.0
861 946 1.0
862 242 1.0
862 313 1.0
862 589 1.0
862 678 1.0
862 684 1.0
862 922 1.0
863 74 1.0
863 327 1.0
863 702 1.0
863 842 1.0
864 348 1.0
864 368 1.0
864 594 1.0
864 838 1.0
864 935 1.0
865 778 1.0
865 790 1.0
865 793 1.0
866 121 1.0
866 134 1.0
866 270 1.0
866 291 1.0
866 463 1.0
866 714 1.0
866 912 1.0
867 328 1.0
867 385 1.0
867 471 1.0
868 580 1.0
868 674 1.0
868 682 1.0
868 713 1.0
868 913 1.0
869 38 1.0
869 45 1.0
869 56 1.0
869 268 1.0
869 319 1.0
869 389 1.0
869 411 1.0
869 475 1.0
869 498 1.0
869 877 1.0
870 34 1.0
870 156 1.0
870 318 1.0
870 492 1.0
870 665 1.0
871 22 1.0
871 37 1.0
871 73 1.0
871 124 1.0
871 361 1.0
871 565 1.0
871 607 1.0
871 802 1.0
871 828 1.0
871 930 1.0
872 19 1.0
872 162 1.0
872 172 1.0
872 351 1.0
872 521 1.0
872 658 1.0
873 365 1.0
873 728 1.0
873 859 1.0
874 86 1.0
874 223 1.0
874 290 1.0
874 341 1.0
874 420 1.0
874 680 1.0
874 752 1.0
874 793 1.0
874 828 1.0
874 856 1.0
875 19 1.0
875 54 1.0
875 431 1.0
875 675 1.0
875 839 1.0
876 186 1.0
876 334 1.0
876 351 1.0
876 641 1.0
876 802 1.0
876 809 1.0
876 920 1.0
876 922 1.0
877 131 1.0
877 170 1.0
877 757 1.0
877 780 1.0
878 185 1.0
878 215 1.0
878 238 1.0
878 335 1.0
878 436 1.0
878 552 1.0
878 569 1.0
878 867 1.0
879 228 1.0
879 229 1.0
879 376 1.0
879 488 1.0
879 495 1.0
879 545 1.0
879 604 1.0
879 692 1.0
879 796 1.0
880 348 1.0
880 463 1.0
880 539 1.0
880 691 1.0
880 794 1.0
881 264 1.0
881 465 1.0
881 534 1.0
881 978 1.0
882 162 1.0
882 177 1.0
882 526 1.0
882 576 1.0
882 591 1.0
882 611 1.0
882 691 1.0
882 789 1.0
882 806 1.0
882 909 1.0
883 158 1.0
883 199 1.0
883 451 1.0
883 765 1.0
883 917 1.0
884 139 1.0
884 480 1.0
885 182 1.0
885 229 1.0
885 282 1.0
885 755 1.0
885 935 1.0
886 44 1.0
886 164 1.0
886 239 1.0
886 737 1.0
886 797 1.0
886 876 1.0
887 38 1.0
887 148 1.0
887 305 1.0
887 417 1.0
887 543 1.0
887 599 1.0
887 721 1.0
888 11 1.0
888 584 1.0
888 632 1.0
888 877 1.0
889 102 1.0
889 170 1.0
889 242 1.0
889 283 1.0
889 408 1.0
889 430 1.0
889 491 1.0
889 730 1.0
889 770 1.0
889 783 1.0
889 849 1.0
889 945 1.0
890 379 1.0
890 449 1.0
890 489 1.0
890 495 1.0
890 645 1.0
890 650 1.0
890 687 1.0
891 377 1.0
891 519 1.0
891 576 1.0
891 667 1.0
891 785 1.0
891 830 1.0
891 841 1.0
892 273 1.0
892 398 1.0
892 682 1.0
892 777 1.0
893 105 1.0
893 444 1.0
893 501 1.0
893 878 1.0
894 240 1.0
894 252 1.0
894 727 1.0
894 729 1.0
894 802 1.0
895 184 1.0
895 224 1.0
895 256 1.0
895 328 1.0
895 538 1.0
895 550 1.0
895 763 1.0
896 88 1.0
896 110 1.0
896 278 1.0
896 312 1.0
896 501 1.0
896 505 1.0
896 942 1.0
896 950 1.0
896 986 1.0
897 348 1.0
897 446 1.0
897 597 1.0
897 727 1.0
897 816 1.0
898 340 1.0
898 529 1.0
898 638 1.0
898 758 1.0
898 937 1.0
898 965 1.0
899 20 1.0
899 342 1.0
899 363 1.0
900 408 1.0
900 722 1.0
900 828 1.0
901 1 1.0
901 619 1.0
901 654 1.0
901 834 1.0
901 914 1.0
902 61 1.0
902 107 1.0
902 203 1.0
902 505 1.0
902 550 1.0
902 554 1.0
902 713 1.0
902 881 1.0
903 33 1.0
903 256 1.0
903 414 1.0
903 768 1.0
904 98 1.0
904 148 1.0
904 338 1.0
904 602 1.0
904 862 1.0
905 58 1.0
905 69 1.0
905 261 1.0
905 804 1.0
905 963 1.0
906 283 1.0
906 286 1.0
906 305 1.0
906 590 1.0
906 733 1.0
907 20 1.0
907 163 1.0
907 366 1.0
907 415 1.0
907 471 1.0
907 588 1.0
907 668 1.0
908 230 1.0
908 245 1.0
908 295 1.0
908 327 1.0
908 406 1.0
908 411 1.0
909 27 1.0
909 82 1.0
909 377 1.0
909 396 1.0
909 691 1.0
910 252 1.0
910 611 1.0
910 704 1.0
910 855 1.0
910 947 1.0
911 269 1.0
911 421 1.0
911 743 1.0
911 843 1.0
912 61 1.0
912 64 1.0
912 102 1.0
912 155 1.0
912 238 1.0
912 461 1.0
912 484 1.0
912 526 1.0
912 576 1.0
912 633 1.0
912 686 1.0
912 935 1.0
912 977 1.0
913 565 1.0
913 766 1.0
913 780 1.0
913 799 1.0
913 826 1.0
914 303 1.0
914 637 1.0
915 252 1.0
915 703 1.0
915 843 1.0
915 884 1.0
916 585 1.0
916 744 1.0
917 250 1.0
917 406 1.0
917 619 1.0
917 723 1.0
917 873 1.0
917 898 1.0
918 456 1.0
918 509 1.0
918 697 1.0
918 733 1.0
918 831 1.0
919 83 1.0
919 150 1.0
919 287 1.0
919 326 1.0
919 729 1.0
919 822 1.0
920 696 1.0
920 851 1.0
921 109 1.0
921 495 1.0
921 594 1.0
922 302 1.0
922 329 1.0
922 501 1.0
922 554 1.0
922 647 1.0
922 762 1.0
922 916 1.0
922 939 1.0
923 15 1.0
923 489 1.0
923 521 1.0
923 614 1.0
923 924 1.0
924 350 1.0
924 441 1.0
924 456 1.0
924 722 1.0
924 870 1.0
925 78 1.0
925 83 1.0
925 163 1.0
925 339 1.0
925 358 1.0
925 659 1.0
925 761 1.0
926 57 1.0
926 156 1.0
926 722 1.0
926 781 1.0
926 789 1.0
926 922 1.0
927 69 1.0
927 245 1.0
927 275 1.0
927 560 1.0
927 660 1.0
927 939 1.0
928 195 1.0
928 531 1.0
928 704 1.0
928 896 1.0
929 15 1.0
929 92 1.0
929 174 1.0
929 178 1.0
930 249 1.0
930 410 1.0
930 549 1.0
930 863 1.0
930 914 1.0
931 22 1.0
931 66 1.0
931 118 1.0
931 151 1.0
931 267 1.0
931 443 1.0
931 713 1.0
932 29 1.0
932 149 1.0
932 161 1.0
932 265 1.0
932 413 1.0
932 429 1.0
932 595 1.0
932 687 1.0
932 734 1.0
932 861 1.0
933 35 1.0
933 203 1.0
933 374 1.0
933 776 1.0
933 906 1.0
933 949 1.0
934 66 1.0
934 128 1.0
934 278 1.0
934 549 1.0
934 613 1.0
934 775 1.0
934 938 1.0
935 135 1.0
935 457 1.0
935 716 1.0
935 865 1.0
936 2 1.0
936 36 1.0
936 91 1.0
936 356 1.0
936 512 1.0
937 610 1.0
937 793 1.0
937 829 1.0
937 866 1.0
938 94 1.0
938 161 1.0
938 174 1.0
938 201 1.0
938 286 1.0
938 302 1.0
938 623 1.0
938 641 1.0
938 847 1.0
938 859 1.0
939 25 1.0
939 61 1.0
939 577 1.0
939 909 1.0
939 948 1.0
940 101 1.0
940 123 1.0
940 257 1.0
940 551 1.0
940 631 1.0
940 828 1.0
941 152 1.0
941 263 1.0
941 481 1.0
941 521 1.0
942 60 1.0
942 351 1.0
942 373 1.0
942 613 1.0
942 646 1.0
942 749 1.0
943 50 1.0
943 159 1.0
943 180 1.0
943 517 1.0
943 643 1.0
943 722 1.0
943 769 1.0
943 794 1.0
943 881 1.0
943 974 1.0
944 338 1.0
944 354 1.0
944 493 1.0
945 65 1.0
945 108 1.0
945 176 1.0
945 254 1.0
945 372 1.0
945 617 1.0
945 677 1.0
945 737 1.0
945 754 1.0
945 902 1.0
946 62 1.0
946 109 1.0
946 217 1.0
946 807 1.0
946 913 1.0
947 64 1.0
947 233 1.0
947 421 1.0
947 498 1.0
947 782 1.0
947 854 1.0
948 306 1.0
948 396 1.0
948 419 1.0
948 421 1.0
948 454 1.0
948 557 1.0
948 739 1.0
948 749 1.0
948 770 1.0
948 908 1.0
949 104 1.0
949 125 1.0
949 554 1.0
949 647 1.0
950 65 1.0
950 265 1.0
950 321 1.0
950 896 1.0
951 40 1.0
951 73 1.0
951 131 1.0
952 25 1.0
952 43 1.0
952 68 1.0
952 387 1.0
953 335 1.0
953 340 1.0
953 592 1.0
954 6 1.0
954 115 1.0
954 768 1.0
955 0 1.0
955 66 1.0
955 69 1.0
955 266 1.0
955 304 1.0
955 514 1.0
955 635 1.0
956 35 1.0
956 130 1.0
956 136 1.0
957 23 1.0
957 151 1.0
957 223 1.0
957 237 1.0
957 326 1.0
957 532 1.0
958 24 1.0
958 47 1.0
958 530 1.0
959 10 1.0
959 33 1.0
959 123 1.0
959 344 1.0
959 440 1.0
959 684 1.0
959 721 1.0
960 43 1.0
960 49 1.0
960 75 1.0
960 994 1.0
961 59 1.0
961 136 1.0
961 290 1.0
961 361 1.0
961 644 1.0
961 986 1.0
962 24 1.0
962 188 1.0
962 357 1.0
962 552 1.0
963 554 1.0
963 632 1.0
963 905 1.0
964 58 1.0
964 84 1.0
964 87 1.0
964 310 1.0
964 324 1.0
964 447 1.0
964 520 1.0
965 32 1.0
965 178 1.0
965 262 1.0
965 306 1.0
965 343 1.0
965 494 1.0
965 757 1.0
965 898 1.0
966 5 1.0
966 88 1.0
966 140 1.0
966 446 1.0
967 49 1.0
967 118 1.0
967 697 1.0
968 45 1.0
968 82 1.0
968 105 1.0
968 341 1.0
969 174 1.0
969 251 1.0
969 372 1.0
969 549 1.0
969 555 1.0
969 582 1.0
969 633 1.0
970 72 1.0
970 217 1.0
970 459 1.0
970 549 1.0
970 742 1.0
971 10 1.0
971 40 1.0
971 102 1.0
971 394 1.0
971 514 1.0
971 554 1.0
971 624 1.0
972 55 1.0
972 175 1.0
972 586 1.0
973 317 1.0
973 391 1.0
973 551 1.0
974 178 1.0
974 502 1.0
974 801 1.0
974 943 1.0
975 53 1.0
975 323 1.0
975 355 1.0
976 26 1.0
976 30 1.0
976 286 1.0
976 294 1.0
976 589 1.0
977 1 1.0
977 56 1.0
977 205 1.0
977 390 1.0
977 608 1.0
977 787 1.0
977 912 1.0
978 85 1.0
978 243 1.0
978 332 1.0
978 697 1.0
978 881 1.0
979 8 1.0
979 173 1.0
979 365 1.0
979 398 1.0
980 64 1.0
980 91 1.0
980 159 1.0
980 258 1.0
980 397 1.0
980 419 1.0
981 25 1.0
981 82 1.0
981 188 1.0
982 19 1.0
982 24 1.0
982 25 1.0
982 52 1.0
982 58 1.0
982 140 1.0
983 122 1.0
983 148 1.0
983 290 1.0
983 401 1.0
984 27 1.0
984 153 1.0
984 302 1.0
985 273 1.0
985 460 1.0
985 658 1.0
986 35 1.0
986 82 1.0
986 558 1.0
986 658 1.0
986 786 1.0
986 896 1.0
986 961 1.0
987 20 1.0
987 44 1.0
987 280 1.0
987 858 1.0
988 28 1.0
988 30 1.0
988 70 1.0
988 524 1.0
988 569 1.0
988 819 1.0
989 53 1.0
989 108 1.0
989 140 1.0
989 143 1.0
989 159 1.0
990 105 1.0
990 131 1.0
990 155 1.0
990 239 1.0
990 269 1.0
990 824 1.0
991 10 1.0
991 129 1.0
991 163 1.0
991 626 1.0
992 32 1.0
992 35 1.0
992 71 1.0
992 404 1.0
992 529 1.0
992 838 1.0
993 537 1.0
993 582 1.0
993 592 1.0
993 770 1.0
994 33 1.0
994 445 1.0
994 960 1.0
995 97 1.0
995 324 1.0
995 578 1.0
