0 524
0 65
0 3
0 478
0 25
0 245
0 729
0 165
0 503
0 114
0 389
1 518
1 477
1 245
1 421
1 784
1 354
1 538
1 41
1 584
1 917
2 224
3 340
3 53
3 507
3 338
4 443
4 277
4 518
4 960
4 553
4 955
4 522
4 763
4 813
5 716
5 3
5 56
5 312
5 470
6 663
6 112
6 405
6 271
6 996
6 836
6 131
6 591
7 421
7 723
7 228
7 172
7 738
7 435
7 204
8 526
8 659
8 585
8 79
8 664
9 160
9 654
9 21
9 26
9 840
9 347
9 450
9 932
9 778
9 97
10 131
10 169
10 503
10 188
10 601
10 835
11 249
11 576
11 524
11 900
11 908
11 169
11 404
11 906
11 821
11 675
12 174
12 629
12 173
12 172
12 559
12 405
12 295
12 159
12 681
12 89
13 884
13 814
13 562
13 894
13 148
13 143
13 786
13 193
14 503
14 616
14 840
14 329
14 752
15 347
15 920
15 237
15 336
15 509
15 96
16 929
16 802
16 124
16 683
16 70
17 559
17 889
17 627
17 476
17 522
17 975
17 534
17 350
19 733
19 47
19 751
19 769
19 378
20 354
20 289
20 230
20 476
21 695
21 593
21 85
21 672
21 195
22 708
22 727
22 148
22 830
22 443
22 523
22 9
23 740
23 81
23 469
23 33
23 546
23 60
23 614
24 302
24 830
24 97
24 505
24 259
25 447
25 225
25 328
25 790
25 412
25 176
25 667
25 335
25 293
26 172
26 89
26 958
26 956
26 288
26 362
26 447
26 318
26 321
26 386
26 212
26 91
26 752
26 601
27 78
27 91
27 233
27 75
27 200
27 510
27 932
27 11
27 979
28 350
28 177
28 675
28 813
28 751
28 494
28 311
29 184
29 748
29 826
29 86
29 20
29 430
29 433
31 110
31 610
31 234
31 548
31 65
31 543
31 589
31 354
31 352
31 298
31 312
31 62
31 623
32 416
32 114
32 215
32 607
32 356
32 829
32 49
32 183
32 591
32 783
32 719
33 543
33 249
33 182
33 934
33 359
34 404
34 947
34 734
34 421
34 817
35 366
35 925
35 310
35 300
36 19
36 762
36 905
36 939
36 450
36 511
36 815
36 42
36 231
38 845
38 39
38 558
38 689
38 1
38 327
38 630
38 13
38 439
38 773
38 96
38 944
38 369
39 643
39 288
39 954
39 977
39 211
40 403
40 31
40 983
40 674
40 817
40 535
40 160
40 661
40 773
41 478
41 265
41 693
41 232
41 120
41 518
41 658
41 224
42 662
42 649
42 183
42 69
42 392
42 9
42 689
42 376
43 137
43 620
43 591
43 220
43 498
44 516
44 165
44 167
44 144
44 168
44 142
44 733
44 662
44 829
44 794
44 673
44 205
45 211
45 442
45 179
45 935
45 538
45 230
45 383
45 233
45 861
45 251
46 9
46 815
46 188
46 527
46 342
46 168
46 506
46 78
47 506
47 20
47 601
47 788
47 175
47 356
47 170
49 740
49 476
49 444
49 379
49 901
49 564
49 760
49 6
49 511
49 806
50 731
50 844
50 573
50 333
50 399
50 604
50 300
50 735
50 669
50 385
50 492
50 282
51 233
51 848
51 361
51 99
51 151
51 373
51 267
52 136
52 836
52 338
52 931
52 125
52 564
52 441
52 847
53 625
53 587
53 249
53 362
53 374
53 638
54 160
54 805
54 872
54 419
54 585
55 694
55 562
55 288
56 879
56 189
56 336
56 457
56 480
56 687
56 67
57 241
57 53
57 941
57 454
57 384
57 445
57 489
57 404
57 463
57 896
57 81
57 937
57 181
57 594
58 397
58 552
58 563
58 977
58 670
60 228
60 663
60 799
60 404
60 560
60 504
60 879
60 407
60 375
60 835
60 937
61 129
61 194
61 894
61 212
61 880
61 250
61 126
61 730
61 762
61 604
61 942
61 9
61 993
62 467
62 942
62 656
62 295
62 978
62 145
62 2
62 101
62 246
63 749
63 620
63 523
63 956
63 131
63 203
63 163
63 317
64 792
64 277
64 764
64 613
64 958
64 391
65 721
65 11
66 798
66 74
66 363
66 530
66 447
66 804
67 971
67 691
67 808
67 354
67 593
67 168
67 57
69 275
69 153
69 457
69 652
70 375
70 140
70 124
70 400
70 364
70 670
70 919
70 469
71 16
71 831
71 663
71 267
71 100
71 976
71 970
71 382
71 467
71 554
71 7
72 673
72 465
72 419
72 481
73 968
73 909
73 517
73 775
73 122
74 154
74 466
74 615
74 575
74 573
74 985
74 812
74 169
74 872
74 447
74 85
74 721
74 236
74 551
74 33
74 101
74 535
75 212
75 662
75 382
75 916
75 562
75 203
75 251
75 920
75 924
76 398
76 866
76 492
76 632
76 138
76 796
76 543
76 431
76 763
76 789
76 567
76 966
77 320
77 356
77 708
77 399
77 579
77 941
77 460
77 931
77 482
77 553
78 528
78 881
78 194
78 749
78 116
78 548
78 392
78 603
78 324
79 234
79 776
79 262
79 76
79 560
80 956
80 951
80 215
80 346
80 836
80 830
80 818
81 285
81 50
81 847
81 961
81 161
81 312
81 532
82 509
82 390
82 715
83 922
83 614
83 890
83 714
83 938
83 389
84 209
84 187
84 818
84 647
84 884
84 646
84 834
84 494
84 873
84 591
85 466
85 857
85 437
86 646
86 714
86 613
86 648
86 137
86 101
86 374
86 598
86 404
86 831
87 63
87 28
87 521
87 927
87 690
89 289
89 328
89 165
89 710
89 388
89 917
90 619
90 427
90 815
90 355
90 402
90 593
90 308
91 330
91 345
91 225
91 351
91 209
91 608
92 980
92 850
92 442
92 634
92 484
92 95
92 46
92 652
92 808
93 443
93 133
93 824
93 389
93 956
93 459
93 152
93 161
94 610
94 724
94 939
94 675
94 483
95 581
95 731
95 185
95 864
95 215
95 79
95 418
96 26
96 350
96 933
96 434
96 630
96 549
96 993
96 90
96 346
96 84
96 115
96 52
96 402
96 949
96 612
97 665
97 672
97 403
97 637
97 771
97 895
99 352
99 378
99 804
99 204
99 21
99 410
100 944
100 33
100 679
100 995
100 527
101 533
101 45
101 573
101 908
101 568
102 658
102 552
102 163
102 237
102 605
102 46
102 690
102 698
102 494
102 278
103 101
103 23
103 354
103 603
103 883
103 579
103 241
103 128
103 323
103 0
103 247
104 770
104 734
104 523
104 996
104 472
104 142
104 890
104 510
104 548
104 164
105 585
105 630
105 887
105 376
105 712
106 345
106 993
106 573
106 203
106 418
106 101
107 104
107 484
107 28
107 736
107 682
107 603
108 644
108 873
108 148
108 163
108 796
108 670
109 681
109 789
109 861
109 870
109 22
109 523
109 428
109 259
110 28
110 566
110 188
110 133
110 94
110 321
110 860
110 207
111 131
111 802
111 10
111 757
111 642
111 966
111 279
111 394
112 83
112 712
112 799
112 986
113 765
113 587
113 92
113 725
113 787
113 104
113 42
113 168
113 418
113 792
113 105
113 387
114 679
114 322
114 413
114 375
114 97
115 378
115 987
115 521
116 848
116 31
116 325
116 688
116 328
116 616
117 992
117 834
117 6
117 113
117 980
117 895
117 136
117 8
118 399
118 707
118 875
118 274
118 103
118 698
118 867
119 589
119 791
119 205
119 122
119 512
119 402
119 417
120 90
120 294
120 143
120 220
120 246
120 8
120 318
120 530
120 789
121 582
121 419
121 714
121 43
121 693
121 620
121 819
121 395
121 986
121 22
122 124
122 74
122 677
122 540
122 463
122 481
122 819
122 818
122 565
122 964
122 338
122 619
122 607
124 925
124 646
124 669
124 627
124 947
124 35
124 571
124 384
125 987
125 136
125 140
125 498
125 725
125 460
125 866
125 363
125 662
125 399
125 124
125 220
126 220
126 441
126 468
126 701
126 427
126 46
126 85
126 575
126 318
126 686
126 627
127 229
127 267
127 448
127 960
127 132
127 21
127 294
127 468
127 322
127 8
128 581
128 212
128 589
128 674
128 116
128 255
128 521
129 400
129 686
129 500
129 174
129 415
129 154
129 564
129 880
129 889
129 175
130 594
130 831
130 838
130 804
130 591
130 766
130 518
130 410
130 988
130 575
130 428
131 16
131 895
131 548
131 151
131 200
132 853
132 430
132 688
132 710
132 518
132 8
132 404
132 433
133 257
133 42
133 770
133 41
133 854
133 691
133 318
133 21
134 820
134 625
134 927
134 315
134 272
135 257
135 597
135 695
135 474
135 822
135 490
135 533
135 929
135 758
135 675
135 488
135 114
135 500
135 999
135 799
136 845
136 295
136 721
136 519
136 421
136 807
136 25
136 635
137 188
137 812
137 501
137 367
137 750
137 783
137 709
137 149
137 388
137 49
137 694
137 751
137 663
137 895
138 34
138 628
138 994
138 177
138 697
138 132
138 64
138 257
139 369
139 13
139 471
139 687
139 800
140 351
140 448
140 347
140 343
140 61
140 614
140 779
140 820
140 635
140 333
141 3
141 634
141 521
141 110
141 700
141 494
141 653
141 261
141 463
142 842
142 652
142 698
142 703
142 376
142 625
142 318
142 941
143 806
143 789
143 712
143 979
143 730
144 866
144 854
144 140
144 237
144 836
144 946
144 290
145 20
145 594
145 122
145 919
145 906
145 748
147 293
147 619
147 199
147 313
147 86
147 742
147 616
148 470
148 919
149 332
149 533
149 902
149 575
149 54
149 845
151 400
151 827
151 139
151 721
151 5
151 337
151 543
151 298
151 125
151 418
152 354
152 414
152 774
152 202
152 71
152 951
153 783
153 493
153 181
153 854
153 416
153 351
153 258
153 399
153 26
153 100
154 964
154 202
154 1
154 261
154 560
154 281
154 228
154 763
154 89
154 657
154 20
156 483
156 860
156 763
156 985
156 467
156 114
157 490
157 712
157 29
157 126
157 416
157 331
157 604
157 887
157 865
158 322
158 313
158 736
158 990
158 397
158 299
158 951
159 399
159 359
159 278
159 564
159 463
159 615
159 138
159 426
160 12
160 930
160 616
160 927
160 34
160 390
160 770
160 135
160 122
160 796
160 745
161 299
161 666
161 103
161 160
161 925
161 996
161 682
161 372
161 44
161 828
161 855
161 128
161 459
162 515
162 991
162 593
162 737
162 542
162 252
162 322
162 79
162 224
163 29
163 454
163 903
163 359
163 648
163 919
163 490
163 121
163 751
164 503
164 524
164 174
164 646
164 130
165 864
165 634
165 779
165 666
165 392
165 971
165 390
165 920
165 637
166 660
166 160
167 625
167 172
167 35
167 191
167 298
167 412
167 896
168 509
168 474
168 173
168 154
168 179
169 412
169 80
169 626
169 700
169 184
169 325
169 462
169 143
170 116
170 386
170 830
170 361
170 856
170 27
172 52
172 194
172 738
172 325
172 414
172 165
172 590
172 815
172 357
172 19
173 304
174 601
174 303
174 455
174 280
174 140
175 462
175 694
175 271
175 13
175 695
175 629
175 988
175 867
175 429
175 996
175 772
175 113
175 832
176 159
176 679
176 716
176 426
176 83
176 31
176 69
176 120
177 970
177 840
177 398
177 807
177 253
177 902
177 619
177 863
177 399
177 357
177 913
177 845
178 865
178 348
178 665
178 693
178 407
178 574
179 889
179 485
179 325
181 749
181 501
181 968
181 812
181 304
181 186
181 406
182 220
182 784
182 134
182 791
182 80
182 453
182 605
182 608
182 138
182 307
183 54
183 212
183 373
184 75
184 809
184 356
184 496
184 22
184 275
184 575
184 667
184 571
184 690
185 668
185 735
185 883
185 709
186 203
186 107
186 969
186 905
186 545
186 963
186 156
186 513
186 336
186 517
186 511
186 333
186 980
187 531
187 830
187 851
187 265
187 469
187 35
187 330
187 927
187 143
188 28
188 454
188 695
188 800
188 757
188 402
188 619
188 249
188 429
188 627
188 386
189 729
189 526
189 466
189 6
189 117
189 763
189 859
189 166
189 967
189 468
189 706
189 215
189 347
189 365
189 527
189 700
189 701
190 301
190 689
190 763
190 13
190 466
190 156
190 992
190 756
191 336
191 285
191 217
191 521
191 396
191 870
191 43
191 196
192 179
192 76
192 658
192 615
192 308
193 640
193 96
193 829
193 288
193 694
193 975
193 474
193 421
193 700
193 585
193 921
193 66
193 125
194 524
194 384
194 799
194 612
194 829
194 350
194 138
195 159
195 244
195 361
195 337
195 7
195 969
195 382
195 199
195 413
195 110
195 78
195 674
196 530
196 622
196 558
196 920
196 135
196 24
197 153
197 733
197 969
197 206
197 312
197 40
197 242
198 288
198 277
198 99
198 609
198 861
198 953
198 987
198 333
198 402
199 316
199 857
199 26
199 967
199 637
199 693
199 7
199 578
199 440
199 418
199 867
200 725
200 546
200 199
200 660
200 884
200 285
200 532
200 909
200 267
200 331
201 728
201 729
201 753
201 469
201 670
202 379
202 199
202 447
202 341
202 23
202 190
202 69
203 131
203 766
203 14
203 237
203 792
205 756
205 833
205 61
205 85
205 656
205 253
205 851
206 882
206 664
206 373
206 175
206 77
207 143
207 832
207 35
207 601
207 333
207 642
207 436
207 141
208 277
208 67
208 706
208 660
208 275
208 194
208 667
208 934
208 865
208 109
208 182
209 336
209 657
209 35
209 786
209 935
210 601
210 205
210 708
210 969
210 648
211 649
211 704
211 775
211 820
211 509
211 531
211 457
212 663
212 220
212 703
212 304
212 386
212 486
213 111
213 294
213 216
213 806
213 597
213 847
213 176
214 769
214 93
214 961
214 144
214 431
214 505
215 548
215 884
215 906
215 202
215 917
215 436
215 373
215 208
215 936
216 509
216 526
216 76
216 670
216 872
216 5
216 648
216 497
216 576
216 908
216 725
216 117
216 802
216 551
217 14
217 654
217 207
217 172
217 13
218 583
218 815
218 62
218 190
218 147
218 236
218 173
218 281
218 338
218 781
220 659
220 955
220 822
220 573
223 312
223 208
223 778
223 768
223 520
223 863
223 165
224 768
224 657
224 837
224 11
224 557
224 652
225 780
225 75
225 776
225 304
225 103
225 551
226 679
226 520
226 310
226 35
226 717
226 418
226 885
226 521
226 404
228 742
228 316
228 86
228 839
228 577
228 974
228 903
229 272
229 749
229 161
229 71
229 804
229 513
229 899
229 64
229 425
230 10
230 626
230 527
230 558
230 802
231 839
231 436
231 188
231 385
231 181
231 312
231 383
231 549
232 563
232 19
232 714
232 427
232 10
233 285
233 988
233 570
233 82
234 439
234 688
234 332
234 553
234 866
234 634
235 414
235 151
235 63
235 751
235 675
235 873
236 369
236 113
236 998
236 409
236 542
236 864
236 403
236 402
237 89
237 627
237 612
237 218
237 43
237 484
237 869
237 428
237 63
237 664
237 87
237 610
238 790
238 457
238 151
238 406
238 242
238 731
238 311
238 511
238 942
238 198
241 427
241 115
241 313
241 647
241 435
241 921
241 72
241 334
241 563
242 558
242 764
242 220
242 594
242 327
242 889
242 72
243 569
243 494
243 972
243 594
243 44
243 130
243 538
243 468
243 374
243 579
244 437
244 990
244 83
244 757
244 235
244 650
244 994
244 376
244 54
245 160
245 733
245 847
245 343
245 921
245 134
245 519
246 353
246 748
246 833
246 192
246 631
246 83
247 562
247 584
247 668
247 397
247 89
247 605
247 950
247 122
247 56
247 24
249 460
249 869
249 244
249 95
249 187
249 520
249 3
250 14
250 554
250 696
250 650
250 209
250 178
250 396
250 854
250 156
250 983
250 192
251 380
251 24
251 662
251 157
251 742
251 901
252 838
252 548
252 287
252 436
252 94
252 36
252 199
252 714
253 498
253 734
253 760
253 53
253 480
253 96
253 22
253 780
254 670
254 33
254 928
254 882
254 366
254 62
254 182
254 930
254 735
255 468
255 253
255 157
255 27
255 183
255 756
255 160
255 333
255 81
255 599
257 190
257 79
257 928
257 616
257 24
257 511
257 142
258 157
258 58
258 910
258 936
258 127
259 198
259 280
259 19
259 703
259 668
259 935
260 128
260 613
260 715
260 512
260 226
260 473
260 90
260 140
261 970
261 134
261 85
261 482
261 703
261 263
261 685
261 575
261 96
261 390
261 199
261 417
262 881
262 772
262 84
262 64
262 979
262 75
262 246
263 900
263 148
263 430
263 621
263 20
263 811
265 182
265 429
265 688
265 346
265 189
265 961
265 101
265 480
265 467
265 4
265 863
265 875
265 177
266 548
266 149
266 136
266 350
267 113
267 281
267 669
267 865
267 706
267 379
267 976
269 655
269 31
269 438
271 183
271 295
271 92
271 554
271 910
271 158
271 472
271 53
271 824
271 24
271 12
272 31
272 621
272 538
272 282
272 232
272 6
272 257
272 213
272 332
274 963
274 62
274 469
274 447
274 641
274 16
274 139
274 969
274 307
275 456
275 181
275 167
275 919
275 579
275 915
275 846
275 812
275 716
275 398
275 498
275 740
276 400
276 34
276 719
276 589
276 900
276 552
276 561
276 964
276 49
276 532
276 567
276 613
276 174
276 775
277 512
277 802
277 94
277 576
277 583
277 849
278 301
278 279
278 369
278 563
278 699
278 933
278 665
278 903
278 20
278 183
279 55
279 363
279 242
279 162
279 143
279 820
279 115
279 977
279 283
279 443
280 60
280 599
280 333
280 750
280 179
280 834
280 457
280 78
280 890
280 9
280 949
280 566
281 426
281 184
281 78
281 434
282 84
282 881
282 359
282 465
283 46
283 49
283 763
283 568
283 786
283 355
283 356
283 828
283 352
285 356
285 944
285 610
285 925
285 643
285 694
285 931
285 910
285 196
285 354
285 322
285 485
285 711
285 909
285 237
287 776
287 695
287 400
287 568
287 529
287 486
287 372
287 789
288 202
288 402
288 944
288 536
288 783
288 261
288 706
288 740
288 324
288 830
289 252
289 600
289 69
289 979
289 169
289 773
289 939
289 95
290 130
290 434
290 601
290 953
290 788
290 563
290 65
290 255
290 828
290 868
290 782
290 251
290 717
290 738
293 712
293 899
293 156
293 691
293 279
293 134
293 57
293 92
293 157
293 388
294 486
294 278
294 659
294 258
294 352
294 734
295 999
295 965
298 995
298 479
298 740
298 343
299 293
299 763
299 58
299 937
299 346
299 81
299 704
299 290
299 807
299 741
300 125
300 968
300 341
300 275
300 784
300 484
300 472
300 590
300 740
300 437
301 612
301 374
301 207
301 769
301 704
301 378
301 643
301 778
302 271
302 814
302 459
302 806
302 293
302 609
302 778
303 516
303 465
303 643
303 712
303 191
303 399
304 168
304 349
304 974
304 560
304 908
304 834
304 164
304 473
304 863
304 693
307 481
307 432
307 131
307 43
308 821
310 880
310 78
310 689
310 744
310 896
310 545
311 450
311 398
311 357
311 902
311 481
311 163
311 895
311 646
311 664
312 482
312 49
312 920
312 41
312 573
312 445
312 897
312 127
313 775
313 943
313 802
313 350
313 212
313 108
313 607
313 23
315 241
315 330
315 935
315 995
315 521
316 721
316 628
316 7
316 862
316 958
316 137
317 332
317 374
317 951
317 693
317 454
317 165
317 896
317 538
318 184
318 650
318 681
318 422
318 946
318 587
318 937
318 35
320 64
320 675
320 243
320 690
321 455
321 277
321 546
321 905
321 577
321 655
321 115
322 909
322 839
322 315
322 379
322 809
322 151
322 633
322 833
323 472
323 261
323 434
323 853
323 190
323 972
323 669
323 154
324 77
324 322
324 261
324 74
324 711
324 566
324 104
324 765
324 882
325 281
325 894
325 529
325 991
325 953
325 24
325 724
327 986
327 619
327 275
327 889
327 670
327 106
327 819
327 34
328 610
328 657
328 915
328 826
328 777
328 402
329 245
329 115
329 17
329 167
329 202
329 731
329 233
329 132
330 438
330 943
330 818
330 366
330 846
331 19
331 629
331 445
331 493
332 956
332 470
332 166
332 581
332 740
332 833
333 84
333 325
333 213
333 817
333 383
333 858
333 324
333 584
333 756
334 65
334 813
334 730
334 199
334 378
334 347
334 697
335 320
335 826
335 635
335 137
335 811
335 644
335 190
336 75
336 758
336 33
336 946
336 324
336 493
336 202
337 29
337 463
337 920
337 352
337 745
337 298
337 871
337 282
337 628
337 190
337 669
337 522
338 966
338 234
338 680
338 774
338 717
338 665
340 384
340 900
340 382
340 569
340 958
340 421
340 632
340 681
341 868
341 83
341 229
341 308
341 439
341 422
341 799
341 844
341 857
341 881
341 983
341 533
342 961
342 177
342 108
342 300
343 216
343 637
343 838
343 814
343 184
343 232
343 571
343 677
343 363
343 247
343 89
344 132
344 255
344 142
344 543
344 50
344 181
344 9
344 431
345 371
345 769
345 773
345 538
345 652
345 844
346 369
346 805
346 680
346 28
346 215
346 604
346 800
346 186
346 453
346 807
346 812
347 517
347 882
347 709
347 970
347 657
347 20
347 500
347 542
347 236
347 195
347 800
348 66
348 158
348 395
348 32
348 890
348 55
348 347
348 489
348 354
348 246
348 281
348 64
348 950
348 889
348 235
348 506
349 133
349 140
349 796
349 610
349 627
349 469
349 158
350 408
350 90
350 173
350 91
350 561
350 244
351 703
351 53
351 226
351 50
351 664
351 643
351 444
352 942
352 656
352 651
352 103
352 723
352 537
352 809
352 511
353 899
353 608
353 728
353 137
353 575
353 696
353 9
353 349
353 334
353 403
353 656
353 882
353 860
354 655
354 205
354 131
354 819
354 426
354 333
354 473
354 218
355 743
355 925
355 412
355 34
355 400
355 846
355 779
355 896
356 966
356 260
356 733
356 744
356 648
356 928
356 344
357 393
357 934
357 955
357 952
357 594
357 656
359 45
359 994
359 436
359 688
359 660
359 361
359 414
359 80
359 195
359 204
359 450
361 894
361 83
361 688
361 723
361 530
361 412
361 617
362 367
362 530
362 513
362 968
362 791
362 861
363 191
363 387
363 932
363 508
363 643
363 441
364 69
364 783
364 136
364 282
364 557
364 192
364 669
365 725
365 66
365 843
365 39
365 165
365 176
365 714
365 86
366 944
366 657
366 841
366 386
366 340
366 67
367 127
367 57
367 106
367 481
367 298
367 91
367 954
367 20
367 690
367 570
367 968
367 141
367 557
367 802
369 17
369 778
369 706
369 117
369 387
369 885
369 886
369 41
369 214
369 509
371 890
371 690
371 661
371 605
371 540
371 943
371 869
372 872
372 578
372 802
372 482
372 974
372 234
372 495
372 623
372 322
372 715
372 599
372 72
372 610
373 365
373 121
373 366
373 764
373 439
373 500
373 686
373 19
374 806
374 644
374 929
374 788
374 591
374 609
374 332
374 879
374 663
375 734
375 667
375 317
375 56
375 7
375 678
375 379
375 201
375 932
375 933
375 437
375 60
375 172
375 517
376 391
376 148
376 677
376 660
376 620
376 640
376 129
376 450
378 263
378 566
378 885
378 840
378 168
378 101
378 623
378 91
378 542
378 440
378 716
378 317
378 482
378 968
378 881
378 231
378 944
378 477
378 764
379 158
379 102
379 631
379 131
379 593
379 664
380 186
380 407
380 728
380 811
380 134
380 978
380 31
380 593
382 45
382 126
382 990
382 640
382 777
382 535
382 129
382 469
382 831
383 301
383 933
383 671
383 72
383 389
384 344
384 473
384 819
384 977
384 174
384 364
384 301
384 108
384 15
384 207
385 578
385 395
385 471
385 90
385 1
385 158
386 599
386 220
386 520
386 142
387 251
387 512
387 4
387 526
387 932
387 971
387 8
387 400
387 175
388 412
388 276
388 514
388 432
388 184
388 695
388 143
388 446
388 852
389 403
389 13
389 103
389 340
389 0
390 535
390 234
390 879
391 786
391 790
391 758
391 54
391 63
391 809
391 43
392 175
392 769
392 820
392 923
393 403
393 149
393 889
393 373
394 681
394 350
394 972
394 231
394 977
394 773
394 135
394 49
394 865
394 916
395 271
395 792
395 310
395 638
395 469
395 478
395 790
395 924
395 496
395 20
395 568
395 45
395 694
396 826
396 758
396 568
396 36
396 975
396 661
396 313
396 345
396 448
396 353
397 734
397 811
397 118
397 977
397 56
398 987
398 777
398 714
398 879
398 651
398 537
398 856
398 888
398 246
398 220
399 798
399 805
399 902
399 649
399 538
399 250
399 900
399 241
399 461
399 605
399 262
400 210
400 656
400 473
400 365
400 736
400 658
400 507
400 450
400 852
402 834
402 752
402 947
402 561
402 641
402 743
403 31
403 130
403 157
403 497
403 132
403 416
403 785
403 585
403 843
404 208
404 531
404 712
404 573
404 505
404 582
404 643
404 671
404 391
404 768
405 689
405 303
405 652
405 396
405 566
405 721
406 850
406 454
406 622
406 634
406 552
406 686
406 233
407 701
407 210
407 276
407 880
408 671
408 868
408 787
408 9
408 703
408 987
408 124
408 807
408 50
408 226
409 275
409 399
409 587
409 199
409 653
409 462
409 942
409 278
409 561
409 905
409 851
409 990
410 673
410 371
410 285
410 430
410 764
410 272
412 285
412 241
412 843
412 343
412 157
413 16
413 308
413 887
413 45
414 888
414 218
415 17
415 737
415 438
415 943
415 196
415 910
415 456
415 841
415 679
415 554
415 441
415 571
416 217
416 415
416 922
416 468
416 708
416 758
416 52
416 293
416 164
416 693
416 449
416 40
417 50
417 362
417 563
417 335
417 673
417 786
417 628
417 901
417 118
418 507
418 361
418 697
418 616
418 190
419 315
419 447
419 875
419 421
419 320
419 942
419 332
419 916
419 437
419 540
419 153
419 815
421 440
421 298
421 283
421 198
421 671
421 46
421 242
421 67
422 883
422 110
422 6
422 674
422 816
422 46
422 384
422 66
422 170
425 396
425 576
425 647
425 723
425 903
425 980
425 405
425 281
425 889
425 968
425 251
426 375
426 192
426 425
426 113
426 921
426 623
426 518
426 479
426 337
426 243
426 334
426 677
426 611
426 573
426 998
426 303
426 674
426 802
427 486
427 197
427 853
427 964
427 157
428 28
428 522
428 311
428 104
428 426
428 122
428 178
428 138
429 545
429 936
429 426
429 621
429 968
429 568
430 844
430 511
430 560
430 501
430 188
430 344
430 526
430 840
430 894
430 916
431 103
431 5
431 816
431 931
431 336
431 402
431 914
432 374
432 312
432 71
432 405
432 742
432 511
432 363
432 973
432 476
432 299
432 78
432 378
432 376
432 66
432 177
432 744
433 567
433 867
433 613
433 403
433 412
433 136
433 415
433 753
433 590
433 634
433 160
434 605
434 3
434 517
434 362
434 707
435 285
435 662
435 91
435 191
435 350
435 854
435 362
435 708
436 584
436 407
436 178
436 880
436 235
436 598
436 523
436 816
437 956
437 922
437 224
437 324
437 849
437 84
437 217
437 33
438 184
438 64
438 929
438 82
438 560
438 779
438 629
438 949
438 894
439 889
439 942
439 29
439 215
439 279
439 523
439 228
440 956
440 915
440 939
440 540
441 499
441 843
441 599
441 162
441 110
441 172
441 14
442 7
442 23
442 850
442 320
442 963
442 449
442 826
442 578
442 838
442 884
442 775
442 976
443 578
443 658
443 65
443 143
443 837
443 23
443 894
443 950
444 103
444 607
444 471
444 279
444 951
444 991
444 26
444 748
445 172
445 63
445 981
445 971
445 919
445 460
445 287
445 31
446 652
446 323
446 925
446 939
446 338
447 474
447 683
447 342
447 682
447 686
447 137
447 999
447 756
448 597
448 698
448 546
448 86
448 328
448 488
448 274
448 311
448 142
448 126
448 324
449 650
449 843
449 56
449 759
449 315
449 400
449 323
449 744
449 85
449 24
449 96
450 91
450 473
450 164
450 466
450 36
452 112
452 696
452 929
452 263
452 466
452 838
453 938
453 875
453 811
453 947
453 321
453 389
453 507
453 622
453 158
454 190
454 388
454 349
454 58
454 276
454 161
454 696
454 331
455 591
455 658
455 943
455 508
455 216
455 271
456 447
456 272
456 748
456 338
457 808
457 998
457 814
457 830
457 978
457 255
457 33
457 279
457 762
457 666
457 169
457 903
459 210
459 282
459 60
459 57
459 708
459 430
459 1
459 162
459 170
459 554
459 177
459 511
460 242
460 407
460 695
460 414
460 205
460 733
460 937
460 657
461 41
461 743
461 824
461 492
462 551
462 834
462 459
462 607
462 398
463 344
463 630
463 895
463 325
463 737
463 363
463 120
463 809
465 494
465 480
465 545
465 467
465 361
465 179
466 283
466 80
466 598
466 415
466 724
467 275
467 938
467 299
467 935
468 986
468 670
468 97
468 280
469 333
469 260
469 396
469 348
469 301
470 104
470 688
470 584
470 954
470 665
470 697
471 968
471 628
471 485
471 986
471 114
471 729
471 501
472 359
472 335
472 916
472 845
472 250
472 826
472 520
472 8
472 996
472 834
473 913
473 782
473 694
473 224
473 275
473 887
473 509
474 121
474 364
474 144
474 435
474 31
474 466
474 855
474 972
474 220
474 627
474 3
474 815
476 611
476 406
476 932
476 56
476 341
476 12
476 202
476 243
476 949
477 986
477 9
477 749
477 45
477 634
478 936
478 266
478 979
478 758
478 901
478 106
478 854
478 470
478 53
479 307
479 850
479 5
479 778
479 244
479 598
479 334
479 809
480 940
480 95
480 863
480 462
480 400
480 129
480 766
480 62
480 664
481 188
481 41
481 343
481 39
481 727
482 521
482 89
482 247
482 519
482 659
482 133
482 661
482 187
482 778
482 542
483 887
483 919
483 680
483 142
483 35
483 103
483 533
483 416
484 122
484 460
484 954
484 439
485 29
485 73
485 940
485 174
485 943
485 701
485 343
485 750
485 27
485 671
485 576
486 934
486 415
486 367
486 106
486 657
486 437
486 734
486 620
488 815
488 566
488 10
489 681
489 203
489 843
489 637
489 855
489 477
489 333
489 7
489 312
490 582
490 468
490 74
490 262
490 849
492 940
492 683
492 437
492 181
492 820
493 189
493 120
493 974
493 623
493 173
493 354
493 147
494 95
494 47
494 623
494 853
495 493
495 11
495 308
495 859
495 678
495 816
495 910
495 848
495 285
495 648
495 404
495 661
495 352
495 485
495 641
496 563
496 365
496 209
496 533
496 686
496 894
497 134
497 842
497 703
497 132
497 79
498 156
498 780
498 488
498 144
498 788
498 355
498 899
499 257
499 648
499 934
499 294
499 148
499 549
499 125
500 806
500 745
500 924
500 483
500 461
500 187
500 869
500 391
501 47
501 571
501 949
501 285
501 970
501 554
501 925
501 652
501 371
503 843
503 658
503 205
503 285
503 351
503 721
503 999
503 846
503 208
503 55
503 590
503 0
503 195
503 457
504 773
504 226
504 992
504 490
504 480
504 952
504 977
505 255
505 166
505 656
505 614
505 727
505 914
505 951
505 642
505 144
506 10
506 577
506 842
506 67
506 752
506 535
507 419
507 348
507 565
507 558
507 648
507 47
507 499
507 154
507 721
507 405
508 160
508 201
508 917
508 479
508 794
508 883
509 225
509 473
509 776
509 842
509 35
509 165
510 508
510 448
510 833
510 168
510 727
511 728
511 508
511 719
511 347
511 518
511 225
511 670
511 481
512 432
512 850
512 991
512 397
512 664
512 531
513 96
513 95
513 928
513 382
513 77
513 685
514 970
514 62
514 308
514 523
514 494
514 366
514 668
514 246
514 94
514 333
515 470
515 512
515 546
515 879
515 976
515 214
516 485
516 680
516 272
516 56
516 346
516 74
516 462
516 266
516 36
517 567
517 310
517 241
517 117
517 283
517 281
518 474
518 784
518 771
518 851
518 419
518 103
518 973
519 577
519 885
520 289
520 17
520 994
520 574
520 216
520 845
520 290
520 323
520 762
520 921
520 781
521 139
521 649
521 198
521 734
521 983
521 283
521 265
522 773
522 63
522 678
522 109
522 148
522 277
522 232
522 265
522 750
522 302
522 471
522 931
523 836
523 140
523 749
523 932
523 571
523 293
523 967
523 921
523 590
523 557
524 426
524 78
524 118
524 43
524 654
524 638
524 991
524 644
524 983
526 209
526 913
526 432
526 699
526 84
526 637
526 375
527 924
527 439
527 654
527 304
527 170
527 953
527 40
527 946
527 245
528 173
528 159
528 304
528 124
528 538
528 86
528 279
529 89
529 846
529 220
529 0
529 968
529 607
529 242
529 231
529 889
529 488
529 157
529 303
530 947
530 415
530 389
530 234
530 52
530 263
531 888
531 495
531 87
531 648
531 300
531 522
531 329
531 564
532 910
532 952
532 812
532 365
532 554
532 14
532 159
532 6
532 322
532 832
533 20
533 444
533 714
533 656
533 815
533 916
533 660
533 448
534 880
534 75
534 46
534 169
534 508
535 382
535 457
535 372
536 428
536 385
536 212
536 386
536 826
536 332
536 670
536 348
536 492
536 216
536 159
536 103
536 197
536 832
537 230
537 454
537 593
537 584
537 156
537 557
537 515
537 566
537 821
538 230
538 317
538 214
538 19
540 794
540 201
540 74
540 514
540 198
540 790
540 259
540 168
542 604
542 763
542 608
542 316
542 760
542 335
542 86
542 280
542 633
542 789
543 994
543 330
543 815
543 748
543 156
543 242
543 640
545 504
545 320
545 191
545 416
545 714
545 941
545 779
545 200
545 635
545 238
546 714
546 881
546 353
546 675
546 131
548 804
548 964
548 834
548 627
548 195
548 637
548 244
548 650
549 757
549 149
549 991
549 468
549 708
549 94
549 674
551 528
551 996
551 855
551 25
551 920
551 261
552 21
552 906
552 940
552 700
552 829
552 490
552 188
552 430
552 715
552 775
552 304
552 47
552 102
553 557
553 12
553 816
553 73
553 516
553 499
553 431
553 39
553 634
554 625
554 574
554 122
554 727
554 977
554 169
554 247
554 570
555 627
555 164
555 53
555 819
557 680
557 280
557 824
557 398
557 966
557 408
557 454
557 253
557 477
558 53
558 259
558 355
559 112
559 66
559 643
559 831
559 117
559 838
559 709
560 207
560 6
560 828
560 759
561 0
561 28
561 409
561 408
561 804
561 27
562 522
562 449
562 736
563 667
563 703
563 535
563 620
564 33
564 388
564 642
564 850
564 519
564 773
564 26
564 437
564 359
565 201
565 979
565 236
565 777
565 66
565 147
565 656
566 824
566 573
566 973
566 209
566 753
567 481
567 329
567 957
567 581
567 72
567 757
568 232
568 234
568 569
568 328
568 611
568 218
568 128
568 896
568 728
568 192
568 633
569 184
569 768
569 731
569 625
569 357
570 783
570 265
570 790
570 165
570 434
570 824
571 385
571 437
571 399
571 697
571 352
571 662
571 945
571 813
571 182
571 161
571 228
571 768
571 852
573 546
573 608
573 168
573 619
573 768
573 432
574 960
574 762
574 662
574 61
574 450
574 973
574 757
574 433
574 995
574 90
574 964
575 83
575 189
575 142
575 514
575 390
575 266
575 711
576 698
576 474
576 632
576 127
576 579
576 995
576 857
576 956
576 604
576 934
577 707
577 831
577 79
577 317
577 614
577 507
577 774
577 93
578 910
578 374
578 716
578 798
578 11
578 807
579 817
579 992
579 837
581 699
581 218
581 414
581 364
582 31
582 628
582 567
582 887
582 627
582 995
582 276
583 393
583 757
583 121
583 46
583 134
583 318
583 1
583 82
584 575
584 389
584 770
584 92
584 589
584 836
584 698
584 518
584 32
585 884
585 548
585 159
585 543
585 102
585 688
587 619
587 971
587 237
587 679
587 385
587 836
587 40
589 651
589 153
589 719
589 86
589 199
589 191
589 389
589 323
589 91
589 629
590 507
590 181
590 262
590 243
590 199
591 760
591 493
591 422
591 646
591 237
591 206
593 152
593 976
593 900
593 313
593 400
593 604
593 712
593 426
593 868
593 545
593 785
594 308
594 774
594 173
594 697
594 162
594 842
594 557
597 851
597 573
597 824
597 103
597 623
597 2
597 55
597 310
597 449
597 253
598 745
598 289
598 372
598 142
598 542
598 81
598 439
598 109
598 941
598 578
598 554
599 917
599 967
599 76
599 172
599 887
600 74
600 714
600 337
600 234
600 903
600 465
600 511
600 620
601 504
601 67
601 443
603 104
603 373
603 393
603 434
603 599
603 749
603 366
603 149
603 126
604 164
604 890
604 771
604 218
604 81
604 105
604 126
604 322
605 231
605 901
605 607
605 783
605 524
605 659
607 233
607 817
607 558
607 960
607 76
607 776
608 61
608 831
608 130
608 442
608 850
608 80
608 946
608 32
608 900
608 610
608 788
608 510
609 110
609 659
609 272
609 629
609 45
609 50
609 416
609 827
609 739
610 430
610 504
610 165
610 152
610 43
610 536
610 748
610 92
610 623
610 768
610 471
610 234
611 58
611 960
611 983
611 798
611 481
611 561
611 234
612 120
612 347
612 998
612 822
612 498
612 87
612 118
613 503
613 443
613 824
613 254
613 696
613 419
613 565
614 531
614 32
614 970
614 107
614 678
614 251
614 372
614 128
615 39
615 869
615 159
616 536
616 940
616 335
616 156
616 3
616 384
616 391
616 664
617 474
617 384
617 140
617 61
619 441
619 916
619 703
619 769
619 812
620 260
620 934
620 941
620 169
620 183
621 382
621 851
621 751
621 704
621 568
621 479
621 0
621 905
621 77
622 275
622 157
622 192
622 659
622 329
623 642
623 318
623 307
623 949
623 258
625 542
625 62
625 139
625 277
625 492
625 814
625 122
625 76
625 976
625 242
625 620
625 206
625 980
625 83
625 612
625 923
625 366
625 826
626 928
626 714
626 886
626 802
626 648
626 461
626 531
626 190
626 496
627 622
627 908
627 140
627 234
627 814
627 364
627 47
627 730
628 607
628 384
628 812
628 455
628 473
628 385
628 987
628 430
628 756
628 468
629 285
629 617
629 388
629 419
629 216
629 799
629 996
629 130
629 313
630 3
630 152
630 736
630 60
630 51
631 892
631 132
631 558
631 750
631 842
631 946
631 192
632 763
632 509
632 737
632 865
632 472
632 857
632 809
632 540
632 367
633 777
633 582
633 826
633 895
633 575
634 364
634 565
634 346
634 271
634 22
634 969
634 991
634 611
634 361
634 640
635 285
635 334
635 191
635 958
635 511
635 522
635 858
637 789
637 435
637 113
637 983
637 90
637 211
637 492
637 634
637 177
637 432
638 565
638 335
638 981
638 480
638 861
638 727
638 102
638 913
638 873
638 960
640 249
640 701
640 164
640 397
640 281
640 725
641 327
641 90
641 122
641 93
641 633
641 970
641 788
641 601
642 193
642 479
642 658
642 47
642 900
643 164
643 875
643 109
643 405
643 506
643 646
643 439
643 623
643 847
643 436
643 253
644 887
644 135
644 138
644 166
644 749
645 389
645 115
645 472
645 103
645 733
645 274
645 17
645 553
645 52
645 243
646 789
646 509
646 584
646 104
646 85
646 133
646 351
647 996
647 734
647 467
647 508
647 166
648 688
648 739
648 52
649 773
649 830
649 251
649 65
649 770
650 994
650 86
650 821
650 485
650 212
650 409
650 329
650 847
650 998
650 125
650 332
650 195
650 809
650 915
651 355
651 605
651 58
651 112
651 331
651 405
652 829
652 471
652 438
652 201
652 70
652 89
653 190
653 365
653 532
653 884
653 685
653 679
653 396
653 281
653 573
653 36
653 439
654 65
654 55
654 686
654 154
654 210
654 615
654 223
654 887
654 739
654 824
654 90
654 372
654 115
654 938
654 20
655 455
655 983
655 403
655 435
655 543
655 900
655 610
655 109
656 638
656 945
656 520
656 845
656 649
657 438
657 519
657 71
657 848
657 616
657 93
657 190
657 775
657 311
657 637
657 603
658 299
658 548
658 404
659 17
659 675
659 236
660 708
660 410
660 94
660 303
660 435
660 920
660 563
660 953
660 41
660 412
660 562
661 329
661 604
661 903
661 206
661 130
661 412
661 402
662 211
662 32
662 546
662 725
663 945
663 534
663 574
663 957
663 699
663 565
663 476
663 67
663 452
663 217
663 124
663 10
663 837
663 644
663 211
664 938
664 737
664 613
664 914
664 765
664 551
664 974
664 29
664 275
664 922
665 630
665 790
665 531
665 28
665 776
665 462
665 494
665 583
665 131
665 162
665 647
665 613
665 879
666 385
666 830
666 40
666 935
666 521
667 312
667 177
667 731
667 669
667 94
667 223
668 179
668 665
668 356
668 587
668 93
668 733
669 969
669 787
669 861
669 838
669 40
669 199
669 629
669 249
669 593
669 376
670 971
670 69
670 558
670 672
670 561
670 126
670 860
671 986
671 774
671 382
671 157
671 361
671 942
671 307
671 147
671 260
671 820
672 809
672 589
672 385
672 829
672 771
672 300
672 610
672 640
673 67
673 182
673 77
673 92
674 489
674 527
674 591
674 651
675 821
675 571
675 990
675 838
675 71
675 294
675 141
675 609
675 500
675 905
675 576
675 711
677 375
677 817
677 773
677 835
677 113
677 338
677 66
677 829
678 482
678 673
678 4
678 325
678 806
678 737
678 566
678 821
679 903
679 762
679 474
679 345
679 809
680 7
680 265
680 587
680 95
680 262
680 486
680 810
680 673
681 659
681 780
681 178
681 599
681 601
681 562
681 504
681 261
681 175
681 217
682 456
682 414
682 998
682 391
682 398
683 116
683 808
683 811
683 805
683 450
683 800
683 535
685 768
685 375
685 452
685 128
685 298
685 223
685 665
685 683
685 361
685 141
685 674
685 213
686 992
686 977
686 108
686 22
686 657
686 53
686 804
687 646
687 207
687 619
687 594
687 839
688 310
688 483
688 569
688 717
688 612
689 255
689 213
690 992
690 465
690 605
690 559
690 723
691 175
691 43
691 672
691 805
691 863
691 132
693 404
693 446
693 931
693 643
693 972
693 543
693 58
693 991
694 405
694 653
694 117
694 773
694 238
694 723
694 46
695 473
695 134
695 992
695 17
695 811
695 41
695 77
695 477
695 447
695 480
696 356
696 608
696 40
696 220
697 71
697 335
697 653
697 108
697 253
697 207
697 829
697 566
697 900
697 244
697 447
697 822
697 481
697 311
697 749
697 116
698 13
698 538
698 670
698 229
698 833
698 69
698 845
698 302
698 528
699 86
699 895
699 955
699 591
699 441
699 45
699 522
699 117
700 143
700 612
700 888
700 257
700 530
701 671
701 15
701 657
701 589
701 683
701 421
701 988
701 924
701 587
703 826
703 178
703 289
703 851
703 843
703 145
704 820
704 344
704 571
706 433
706 845
706 175
706 137
706 796
706 356
707 633
707 894
707 244
707 121
707 47
707 328
708 986
708 944
708 780
708 121
708 437
708 112
708 598
708 280
708 395
708 109
708 597
709 311
709 578
709 993
709 650
709 735
709 310
709 336
710 659
710 951
710 532
710 927
710 304
710 299
710 560
710 409
710 617
711 574
711 559
711 233
711 396
711 387
711 258
711 422
712 961
712 204
712 976
712 985
712 60
712 45
712 174
712 371
714 75
714 661
714 831
714 193
714 573
714 566
714 530
714 109
714 29
714 632
715 578
715 708
715 406
715 986
715 13
715 79
715 495
715 354
716 543
716 192
716 431
716 552
717 905
717 988
717 796
717 836
717 394
719 57
719 954
719 355
719 340
719 742
719 866
719 758
719 207
721 745
721 444
721 871
721 346
721 523
721 561
721 445
721 520
721 654
721 884
721 798
723 212
723 134
723 551
723 564
723 488
723 109
723 837
723 65
724 333
724 819
724 780
724 367
724 938
724 295
724 135
724 97
725 486
725 60
725 447
725 214
725 463
725 49
725 589
725 182
725 771
725 147
725 382
727 168
727 860
727 373
727 136
727 864
727 498
727 910
727 631
727 162
727 708
727 522
727 757
727 646
727 75
728 716
728 934
728 333
728 76
729 775
729 695
729 501
729 200
729 403
729 31
729 245
730 835
730 887
730 379
730 601
730 266
730 134
730 565
730 611
730 267
730 944
730 827
730 185
731 428
731 914
731 900
731 472
731 734
731 210
731 727
731 809
731 979
731 184
731 934
731 871
731 124
731 648
731 813
731 254
733 469
733 32
733 185
733 523
733 504
733 814
733 433
733 145
734 228
734 787
735 742
735 373
735 637
735 446
735 136
735 522
735 842
735 769
736 214
736 203
736 813
736 57
736 465
736 231
737 558
737 177
737 456
737 1
737 560
737 568
737 108
737 514
737 843
737 439
738 433
738 290
738 354
738 361
738 342
738 72
738 52
738 44
738 66
739 338
739 571
739 34
739 202
739 599
739 834
739 535
740 881
740 457
740 395
740 179
740 751
741 442
741 101
741 751
741 689
741 109
741 73
741 528
741 299
741 199
742 642
742 952
742 538
742 446
742 711
742 534
742 144
742 324
742 654
743 865
743 714
743 941
743 438
743 644
743 236
743 474
743 196
743 846
744 706
744 842
744 538
744 495
744 72
744 277
744 376
744 715
744 121
745 857
745 13
745 418
745 300
745 671
745 597
745 955
745 389
748 229
748 990
748 817
748 257
748 280
748 390
748 321
748 663
749 771
749 92
749 425
749 131
749 710
749 532
750 573
750 723
750 597
750 764
750 529
751 694
751 575
751 489
751 194
751 740
751 974
751 345
751 10
751 880
751 712
752 119
752 864
752 611
752 265
752 939
752 703
752 186
752 459
752 553
753 678
753 709
753 630
753 179
753 426
753 680
753 255
753 470
756 289
756 562
756 374
756 111
756 835
756 162
756 729
756 469
756 243
756 258
756 303
757 744
757 672
757 435
758 850
758 886
758 869
758 516
758 439
758 486
759 450
759 115
759 783
759 744
759 660
760 493
760 178
760 521
760 947
760 77
760 935
760 359
760 633
760 290
762 456
762 889
762 318
762 47
762 159
762 742
762 431
762 201
762 216
762 633
763 246
763 903
763 814
763 963
763 317
764 545
764 737
764 357
764 552
764 122
765 448
765 528
765 741
765 410
765 294
765 162
765 71
765 76
766 641
766 262
766 958
766 667
766 101
766 327
766 949
766 369
768 425
768 39
768 616
768 66
768 375
768 741
769 940
769 482
769 979
769 331
769 796
770 453
770 937
770 621
770 616
770 909
770 924
770 233
770 46
771 736
771 17
771 410
771 966
771 628
771 460
771 90
771 886
772 818
772 719
772 630
772 830
772 685
772 366
773 881
773 822
773 532
773 672
773 771
773 33
773 102
773 428
773 895
773 616
773 438
773 785
774 412
774 53
774 889
774 184
774 406
774 972
774 3
774 730
775 203
775 33
775 915
775 241
775 850
775 771
776 709
776 510
776 838
776 124
776 903
777 26
777 744
777 471
777 33
777 197
777 367
777 775
777 936
777 364
777 184
777 691
778 949
778 633
778 236
778 902
779 802
779 69
779 387
779 225
779 383
779 398
779 976
779 42
779 206
779 679
779 697
779 95
779 442
779 474
779 189
780 317
780 995
780 739
780 848
780 538
780 185
780 2
780 954
781 418
781 421
781 865
781 20
781 575
781 244
781 534
782 590
782 809
782 946
782 852
782 729
782 710
782 213
782 235
783 115
783 421
783 870
783 581
783 688
783 363
783 820
783 45
783 34
783 214
783 763
783 452
783 113
783 17
783 293
783 824
784 175
784 923
784 661
784 276
784 680
785 991
785 957
785 776
785 887
785 144
785 492
785 154
785 765
786 183
786 524
786 859
786 979
786 784
786 974
786 994
786 814
786 317
786 619
786 944
786 386
787 999
787 622
787 157
787 204
788 478
788 665
788 119
788 1
788 517
788 968
788 727
788 527
788 236
788 810
788 412
789 679
789 79
789 212
789 365
789 92
789 531
789 590
789 142
789 353
790 404
790 564
790 561
790 345
790 694
790 862
791 757
791 253
791 311
791 540
792 84
792 815
792 501
792 773
792 357
792 799
792 836
792 362
792 300
794 139
794 147
794 142
794 826
794 332
794 459
794 925
794 939
794 498
794 827
794 47
796 975
796 335
796 102
796 269
796 209
796 924
796 843
796 4
796 107
796 590
796 488
796 207
798 817
798 203
798 841
798 908
798 577
798 657
798 482
798 585
798 349
798 34
798 642
798 824
798 923
798 940
799 932
799 242
799 431
799 313
799 543
799 651
799 996
799 766
800 980
800 998
800 568
800 870
800 508
800 542
800 85
800 289
802 116
802 19
802 507
802 385
802 80
802 783
802 365
804 247
804 641
804 122
804 347
804 448
804 438
804 10
804 584
805 658
805 721
805 428
805 26
805 635
805 970
805 245
805 230
806 216
806 516
806 271
806 139
807 512
807 886
807 187
807 418
807 816
807 263
807 633
808 271
808 290
808 912
808 293
808 277
808 385
808 27
808 812
808 395
808 422
808 166
808 371
809 337
809 573
809 834
809 120
809 890
809 986
810 481
810 498
810 346
810 56
810 463
811 808
811 735
811 604
811 654
811 616
811 206
811 303
811 323
812 64
812 183
812 494
812 724
812 386
812 328
812 921
812 712
812 127
812 189
812 138
813 69
813 118
813 230
813 472
813 161
813 250
813 526
813 485
814 421
814 599
814 785
814 82
814 387
814 946
814 118
814 6
814 356
815 468
815 501
815 340
815 82
815 73
815 353
815 950
816 689
816 244
816 125
816 985
816 470
816 562
816 431
816 274
816 757
817 802
817 13
817 804
817 672
818 670
818 121
818 347
818 883
818 508
818 252
818 497
818 673
818 449
818 834
818 855
819 392
819 717
819 640
819 960
819 885
820 492
820 426
820 275
820 315
820 951
821 828
821 351
821 409
821 148
821 949
821 831
821 454
821 608
821 11
821 938
822 774
822 109
822 703
822 51
822 649
822 295
822 6
824 21
824 760
824 764
824 9
824 936
826 983
826 163
826 257
826 225
826 92
826 529
827 736
827 348
827 533
827 870
827 644
828 90
828 72
828 60
828 913
828 770
828 160
829 656
829 738
829 523
829 932
829 528
829 391
829 49
829 635
829 927
830 946
830 404
830 660
830 758
830 711
830 553
830 210
830 289
830 655
830 25
831 457
831 459
831 994
831 149
831 138
832 7
832 972
832 610
832 329
832 100
832 944
832 766
832 673
832 350
832 809
832 97
833 794
833 879
833 557
833 970
833 67
833 93
833 226
833 481
833 708
833 348
833 39
834 60
834 557
834 535
834 579
834 690
834 716
834 728
834 36
835 372
835 660
835 435
835 294
835 927
835 813
835 696
835 108
836 515
836 472
836 888
836 716
836 467
836 109
836 20
837 533
837 790
837 614
837 138
837 485
837 894
837 287
837 34
837 104
837 875
837 932
837 857
837 122
838 921
838 160
838 822
838 117
838 161
838 548
838 836
838 647
839 788
839 118
839 633
839 132
839 675
839 744
839 387
839 191
840 934
840 977
840 738
840 443
840 154
840 307
840 89
840 82
840 815
841 910
841 46
841 84
841 189
841 790
841 450
841 97
841 122
841 494
841 758
841 654
842 508
842 909
842 944
842 82
842 752
843 605
843 118
843 699
843 176
843 815
843 956
843 635
843 152
844 332
844 310
844 357
844 67
844 857
844 127
844 237
844 342
845 189
845 49
845 258
845 665
845 583
845 285
846 96
846 805
846 515
846 47
846 682
846 818
846 139
846 731
846 535
846 786
846 589
846 455
847 228
847 758
847 141
847 445
847 452
847 323
847 514
847 687
847 970
847 395
848 459
848 104
848 627
849 371
849 827
849 574
849 84
849 207
849 514
849 522
850 275
850 719
850 585
851 187
851 272
851 385
851 906
851 58
851 138
851 124
851 707
851 608
852 1
852 986
852 65
852 413
852 168
853 223
853 345
853 985
853 774
853 69
853 569
854 691
854 782
854 599
854 787
854 468
854 333
854 628
854 523
854 660
855 167
855 661
855 317
855 448
855 583
855 226
855 969
855 483
855 743
855 490
855 974
856 806
856 242
856 483
856 763
856 449
856 863
857 341
857 584
857 251
857 324
858 184
858 41
858 482
858 60
858 776
858 626
858 777
859 534
859 916
859 900
859 809
859 593
859 766
859 191
859 213
859 590
859 13
859 336
859 771
860 232
860 635
860 415
860 899
860 956
861 991
861 32
861 27
861 688
861 620
861 422
861 137
861 454
861 756
861 126
861 495
861 758
862 960
862 208
862 266
862 71
862 864
862 457
862 448
862 901
862 117
863 716
863 646
863 698
863 398
863 517
863 723
863 255
864 371
864 482
864 804
864 922
864 295
864 865
864 182
864 439
864 610
865 743
865 173
865 141
865 700
866 109
866 619
866 568
866 828
866 212
866 815
867 612
867 733
867 865
867 969
867 728
867 432
867 919
868 608
868 329
868 386
868 940
868 429
868 757
868 432
869 818
869 308
869 446
869 584
869 299
870 394
870 731
870 352
870 915
870 225
870 331
871 738
871 353
871 473
871 971
871 657
871 855
871 835
871 827
871 57
872 972
872 85
872 369
872 415
872 704
872 235
872 940
872 308
872 957
873 865
873 559
873 629
873 542
873 3
873 847
873 645
873 810
873 869
873 436
873 252
873 981
875 252
875 428
879 991
879 212
879 884
879 338
879 322
879 351
879 501
879 960
879 497
879 756
879 779
879 118
880 545
880 374
880 716
880 7
880 721
880 43
881 183
881 990
881 258
881 347
881 537
881 472
881 257
882 448
882 82
882 408
882 677
882 346
882 622
882 967
882 442
882 482
882 225
882 211
882 821
882 620
883 408
883 951
883 70
883 77
883 60
883 548
883 899
884 822
884 459
884 603
884 819
885 728
885 912
885 968
885 540
885 2
885 252
886 631
886 848
886 75
886 913
886 963
886 405
887 41
887 822
887 906
887 393
887 857
887 701
887 659
887 773
887 459
887 372
888 342
888 758
888 622
888 251
888 548
889 613
889 40
890 473
890 632
890 164
890 983
890 337
890 275
890 334
892 737
892 143
892 991
892 22
892 698
892 886
892 798
892 946
892 470
894 437
894 546
894 272
894 456
894 298
895 425
895 963
895 490
895 503
895 211
895 498
895 76
895 235
895 839
895 651
895 772
896 614
896 737
896 375
896 344
896 628
896 781
896 130
896 133
896 576
897 991
897 125
897 154
897 443
897 198
897 865
897 32
899 47
899 277
899 558
899 447
899 760
899 478
899 207
899 869
899 38
899 663
899 665
899 441
899 237
900 990
900 71
900 896
900 917
900 515
900 927
900 641
901 34
901 760
901 278
901 484
901 703
902 142
902 551
902 664
902 73
902 930
902 117
902 415
902 576
902 170
903 888
903 324
903 455
903 993
903 417
903 260
903 279
903 731
905 829
905 809
905 443
905 260
905 799
905 671
905 197
906 870
906 597
906 277
906 57
906 902
906 548
906 912
906 86
906 609
908 138
908 336
908 159
908 429
908 829
908 799
908 510
908 838
908 515
908 857
908 920
909 54
909 644
909 796
909 277
909 252
909 994
909 799
910 154
910 399
910 903
910 707
910 104
910 432
910 437
910 545
912 842
912 352
912 950
912 55
913 515
913 293
913 852
913 382
913 403
913 65
913 152
913 805
914 892
914 36
914 459
914 9
914 570
914 750
914 521
914 644
915 917
915 516
915 939
915 966
915 287
916 342
916 15
916 456
916 114
916 819
916 468
916 703
917 397
917 630
917 646
917 800
917 262
917 522
917 818
919 594
919 610
919 660
919 395
919 972
919 318
919 22
919 568
919 855
919 916
919 854
919 65
920 608
920 626
920 549
920 667
921 434
921 357
921 428
921 909
921 312
922 283
922 902
922 324
922 688
922 965
922 838
922 93
922 26
922 359
922 333
922 933
922 408
922 862
922 999
923 686
923 719
923 864
923 770
923 600
924 631
924 612
924 484
924 223
924 751
924 735
925 318
925 93
925 310
925 415
925 842
925 966
925 738
925 919
927 230
927 404
927 640
927 42
927 564
928 374
928 913
928 120
928 582
928 623
928 342
928 272
928 542
928 154
928 92
929 490
929 561
929 287
929 836
929 105
929 202
929 191
929 86
929 5
929 630
929 856
929 51
929 289
930 350
930 8
930 49
930 834
930 646
930 662
931 942
931 777
931 91
931 49
931 353
931 364
931 271
931 452
931 94
932 920
932 443
932 271
932 60
932 407
932 921
932 950
932 348
933 723
933 202
933 528
933 290
933 788
933 759
934 21
934 329
934 60
934 924
934 415
935 500
935 940
935 363
935 126
935 253
936 185
936 616
936 968
936 818
936 900
936 610
936 54
936 209
937 757
937 513
937 958
937 186
937 751
937 867
938 414
938 366
938 121
938 481
939 379
939 850
939 783
939 662
939 561
939 611
939 756
939 901
940 663
940 469
940 492
940 901
940 562
940 204
940 486
940 931
940 826
941 677
941 468
941 884
941 334
941 740
941 736
941 912
941 22
941 82
942 365
942 234
942 408
942 442
942 975
942 951
942 700
942 751
942 979
942 235
942 815
942 830
942 653
943 105
943 690
943 278
943 815
943 862
943 772
943 577
943 195
943 534
943 861
943 312
943 34
943 397
944 954
944 851
944 323
944 506
944 374
944 193
944 509
944 841
944 304
944 470
944 688
944 772
945 667
945 546
945 49
945 842
945 453
945 157
945 434
946 609
946 879
946 185
946 791
946 915
946 688
946 919
946 327
947 54
947 557
947 622
947 327
947 51
947 402
947 274
947 765
949 622
949 612
949 96
949 399
949 730
949 422
949 486
949 241
949 225
949 8
950 934
950 121
950 687
950 208
950 896
950 413
950 405
950 421
950 494
950 444
950 369
951 413
951 835
951 980
951 27
951 100
951 499
951 433
951 276
952 906
952 311
952 759
952 644
952 954
952 822
952 442
952 968
952 950
952 384
953 47
953 849
953 900
953 27
953 22
953 521
954 535
954 657
954 144
954 135
954 852
954 958
954 137
954 49
954 160
954 207
955 687
955 667
955 415
955 568
955 8
955 584
956 629
956 820
956 295
957 653
957 29
957 27
957 696
957 584
957 11
957 734
957 231
958 576
958 520
958 615
958 701
958 254
958 954
958 459
960 608
960 657
960 402
960 51
960 815
960 625
960 849
960 364
960 840
961 242
961 415
961 476
961 313
961 776
961 552
961 391
961 840
961 781
961 409
963 501
963 672
963 93
963 641
963 213
963 179
963 159
963 162
963 288
964 886
964 723
964 283
964 193
964 39
964 512
964 505
964 920
964 208
965 992
965 680
965 145
965 293
965 29
965 169
965 741
966 70
966 929
966 225
966 241
966 349
966 100
967 804
967 312
967 97
967 534
967 642
967 54
968 689
968 55
968 535
968 484
968 160
968 201
968 768
968 990
968 505
969 483
969 70
969 5
969 637
969 498
969 226
970 559
970 579
970 757
970 950
971 941
971 23
971 64
971 135
971 860
971 817
971 566
971 103
971 516
972 234
972 735
972 460
972 469
972 160
972 279
972 467
972 263
972 920
972 372
972 133
973 164
973 395
973 410
973 336
973 287
973 72
973 896
973 824
973 332
973 61
973 863
973 545
973 548
973 646
974 42
974 524
974 485
974 553
974 19
974 141
974 875
974 304
974 371
974 356
974 516
974 895
974 197
974 100
974 463
974 622
975 101
975 276
975 752
975 9
975 923
975 318
975 365
975 885
975 269
975 165
975 621
975 835
976 941
976 453
976 288
976 490
976 929
977 809
977 261
977 733
977 816
977 117
977 460
977 906
977 730
977 428
977 230
978 109
978 494
978 792
978 130
978 206
978 318
978 501
979 938
979 104
979 728
979 577
979 174
979 436
979 939
979 682
979 34
979 38
980 781
980 436
980 455
980 202
980 106
980 10
980 331
980 490
981 620
981 275
981 709
981 764
981 517
981 787
983 389
983 327
983 868
983 279
983 802
983 979
983 134
983 633
983 348
983 862
983 11
985 643
985 822
985 439
985 310
985 621
985 593
985 449
985 790
986 19
986 488
986 869
986 919
986 815
986 587
986 1
986 466
986 27
986 444
987 408
987 152
987 552
987 766
987 352
987 708
987 104
987 780
987 473
987 980
987 540
988 922
988 597
988 499
988 522
988 633
988 505
988 285
988 843
990 328
990 969
990 457
990 488
990 106
990 796
990 371
990 344
990 752
991 903
991 955
991 119
991 802
991 193
991 111
991 945
991 734
991 612
991 385
991 215
992 234
992 553
992 371
992 846
992 856
992 663
992 577
992 804
992 809
992 159
992 47
992 570
992 312
993 213
993 340
993 514
993 78
993 496
993 695
993 509
994 590
994 67
994 873
994 691
994 738
994 444
994 894
994 970
994 357
994 277
994 543
995 582
995 709
995 94
995 186
995 71
995 834
996 565
996 384
996 143
996 650
996 435
996 151
998 601
998 981
998 95
998 251
998 473
998 559
998 148
998 328
998 108
999 83
999 501
999 667
999 712
999 704
999 489
999 641
