0 843
0 449
0 630
0 561
0 191
1 691
1 391
1 344
1 808
1 66
1 46
1 188
1 906
2 120
2 247
2 639
2 616
2 122
2 441
2 453
2 711
2 858
2 866
2 12
2 893
3 602
3 370
3 993
3 392
3 882
3 501
3 8
3 238
3 151
4 749
4 453
4 705
4 918
4 829
4 77
4 539
5 56
5 245
5 40
5 50
5 452
5 969
5 477
5 343
5 79
5 900
5 934
5 739
6 170
6 601
6 854
6 178
6 932
6 730
6 387
6 725
6 48
6 802
6 847
6 91
7 339
7 497
7 404
7 957
7 706
7 206
7 212
7 505
7 289
7 437
8 669
8 478
8 351
8 60
8 956
8 580
8 938
8 465
9 884
9 929
9 344
9 157
9 803
9 878
9 328
9 588
10 502
10 578
10 920
10 925
10 375
11 698
11 897
11 634
11 950
11 32
11 188
11 987
12 396
12 56
12 999
12 519
12 461
12 895
12 951
12 310
12 392
13 968
13 847
13 964
13 48
13 691
13 275
14 799
14 182
14 971
14 600
14 311
14 69
14 110
14 516
14 898
14 1
14 499
15 537
15 371
15 541
15 262
15 882
15 254
15 88
16 782
16 222
16 169
17 776
17 472
17 451
17 757
17 456
17 539
17 554
17 183
17 448
17 414
18 852
18 111
18 515
18 424
18 821
18 32
18 971
18 900
18 191
18 226
18 664
18 715
18 287
18 171
19 441
19 417
19 160
19 253
19 499
19 829
19 289
19 304
19 165
19 270
19 575
20 222
20 859
20 265
20 521
20 275
20 256
21 19
21 148
21 98
21 251
21 643
21 54
21 138
21 87
21 7
21 246
22 599
22 246
22 442
22 207
22 354
22 168
22 217
22 882
22 603
22 842
22 475
23 319
23 668
23 630
23 826
23 308
23 949
24 580
24 565
24 120
24 820
24 697
24 959
24 741
25 55
25 278
25 951
25 671
25 832
25 616
25 29
25 252
25 505
26 511
26 912
26 803
26 9
26 46
26 610
26 504
26 100
26 280
26 346
26 22
27 866
27 863
27 316
27 404
27 487
27 167
27 743
27 880
27 589
27 561
27 165
27 83
27 459
27 837
27 156
28 669
28 9
28 278
28 855
28 725
28 441
28 446
28 885
28 319
28 821
29 580
29 26
29 570
29 898
29 425
29 887
29 804
29 32
30 138
30 898
30 92
30 784
30 271
30 33
30 37
31 685
31 324
31 254
31 636
31 613
32 431
32 195
32 483
33 871
33 981
33 607
33 132
33 200
33 236
34 519
34 827
34 752
34 73
34 710
34 704
34 428
34 758
34 969
34 664
35 675
35 290
35 544
35 985
35 156
35 194
35 498
35 392
35 829
35 404
35 676
35 764
36 254
36 854
36 708
36 404
36 695
36 288
36 945
36 533
37 870
37 553
37 209
37 267
37 773
38 858
38 520
38 390
38 566
38 590
38 527
38 361
38 503
39 896
39 213
39 101
39 372
39 556
39 71
39 692
40 991
40 878
40 527
40 120
40 736
40 971
40 889
41 909
41 418
41 54
41 296
41 910
41 689
41 345
41 101
42 792
42 988
42 158
42 261
42 866
42 603
42 295
42 927
42 338
43 656
43 637
43 98
43 739
43 838
43 37
43 192
43 743
43 270
44 60
44 562
44 18
44 296
44 12
44 74
44 680
44 392
44 255
44 816
44 796
44 217
44 64
45 877
45 895
45 321
45 458
45 702
45 80
45 243
45 417
46 695
46 926
46 858
46 421
46 83
46 325
46 614
46 21
47 570
47 225
47 431
47 164
47 455
47 112
47 736
47 376
47 602
47 587
47 442
47 48
47 515
47 508
47 179
47 610
48 683
48 727
48 25
48 619
48 557
48 528
48 111
48 719
49 305
49 687
49 317
49 50
49 321
49 349
49 279
49 870
49 459
49 760
49 411
50 125
50 946
50 316
50 921
50 396
51 163
51 606
51 634
51 656
51 495
51 695
51 54
51 982
51 823
52 56
52 661
52 694
52 696
52 907
52 494
52 250
52 682
52 824
52 771
53 58
53 306
53 902
53 697
53 361
53 926
53 192
54 389
54 250
54 93
54 607
54 655
54 580
54 547
54 150
55 169
55 778
55 101
55 423
55 298
55 700
55 175
55 148
56 694
56 607
56 717
56 903
56 307
56 932
56 265
56 740
56 259
57 784
57 869
57 812
57 120
57 630
58 168
58 165
58 242
59 491
59 177
59 445
59 858
59 414
59 142
59 369
59 391
60 619
60 170
60 648
60 739
60 392
60 45
60 859
61 347
61 271
61 216
61 741
61 482
61 124
61 190
61 644
61 504
61 378
61 748
61 107
62 714
62 475
62 974
62 188
62 86
62 214
62 150
62 689
62 724
62 700
62 247
62 281
62 106
62 552
63 931
63 991
63 614
63 810
63 365
63 840
63 304
63 8
63 230
63 309
63 5
63 748
64 759
64 363
64 49
64 886
64 711
64 983
64 11
64 777
65 269
65 877
65 797
65 56
65 707
65 203
65 726
65 287
65 970
65 324
66 243
66 939
66 324
66 915
66 161
66 477
67 324
67 375
67 580
67 223
67 746
67 129
67 396
67 152
67 25
67 720
68 932
69 242
69 128
69 160
69 229
69 536
69 244
69 990
69 963
69 172
69 241
70 542
70 607
70 990
70 784
70 106
70 362
70 26
70 243
70 622
70 456
71 509
71 730
71 286
71 632
71 186
71 173
71 9
72 221
72 750
72 400
72 547
72 957
72 616
72 500
72 908
72 633
72 296
72 752
73 11
73 794
73 761
73 98
73 517
73 630
73 875
73 992
73 525
74 681
74 221
74 872
74 669
74 360
74 148
74 713
74 445
75 532
75 749
75 141
75 137
75 673
75 851
76 467
76 48
76 856
76 583
76 324
76 645
77 736
77 676
77 326
77 653
77 266
77 272
78 975
78 309
78 159
78 580
78 287
78 80
78 688
78 816
79 886
79 170
79 904
79 517
79 115
79 580
79 66
79 400
80 362
80 897
80 695
80 481
80 653
80 446
80 32
80 480
80 534
81 776
81 970
81 479
81 689
81 828
81 169
81 872
81 415
81 111
81 372
82 978
82 125
82 31
82 751
83 596
83 59
83 7
83 809
83 409
83 917
83 881
83 154
83 438
83 157
83 27
83 739
83 423
83 846
83 458
83 936
84 299
84 534
84 881
84 618
84 990
84 517
84 958
84 677
84 23
84 212
84 169
85 648
85 332
85 227
85 769
85 505
85 597
85 939
85 406
86 822
86 92
86 817
86 939
86 558
86 162
87 545
87 451
87 219
87 587
87 459
88 45
88 516
89 329
89 500
89 835
89 588
89 881
89 915
89 622
89 72
89 712
90 688
90 566
90 307
90 886
90 948
90 510
90 296
91 501
91 729
91 829
91 719
91 937
91 154
91 217
91 989
92 803
92 583
92 265
92 131
92 36
92 440
92 819
92 170
92 83
92 797
92 310
93 620
93 714
93 394
93 582
93 587
94 841
94 555
94 289
94 583
94 417
94 926
94 777
94 611
94 222
95 188
95 784
95 264
95 255
95 449
95 631
95 223
95 432
95 529
95 418
96 610
96 647
96 874
96 64
96 670
97 173
97 172
97 744
97 367
97 445
97 795
97 654
97 540
97 192
97 120
98 384
98 971
98 374
98 499
98 980
99 311
99 842
99 646
99 124
99 206
99 876
99 996
99 764
100 135
100 391
100 302
100 841
100 368
100 176
100 809
100 155
100 604
100 598
100 874
100 428
100 356
101 780
101 391
101 192
101 703
101 938
101 705
101 1
102 298
102 280
102 921
102 688
102 720
102 451
102 492
102 6
102 951
102 159
103 131
103 525
103 369
103 246
103 450
103 925
103 372
104 195
104 444
104 426
104 6
104 927
104 571
104 552
104 26
104 968
104 235
104 738
104 364
104 315
105 809
105 347
105 746
105 294
105 834
105 536
105 377
105 894
106 222
106 420
106 243
106 715
106 165
106 818
106 197
106 942
106 233
106 950
106 162
106 786
106 913
107 31
107 391
107 522
107 169
107 887
107 448
108 904
108 954
108 406
108 829
108 922
108 637
108 20
108 534
108 600
109 506
109 127
109 577
109 988
109 369
109 482
109 919
109 508
109 331
109 985
109 325
110 14
110 92
110 556
110 74
110 315
110 965
110 855
110 609
110 807
110 304
111 567
111 635
111 623
111 176
112 120
112 843
112 260
112 440
112 145
113 205
113 704
113 753
113 919
113 74
113 759
113 631
113 685
113 629
113 504
113 397
113 122
113 423
113 364
113 642
114 932
114 86
114 899
114 245
114 149
114 834
114 988
115 160
115 6
115 510
115 30
115 283
115 900
115 726
115 941
116 492
116 504
116 68
116 524
116 173
117 775
117 412
117 435
117 587
117 830
117 347
117 277
117 468
118 937
118 101
118 592
118 334
118 319
118 7
118 28
119 446
119 945
119 751
119 941
119 596
119 142
119 956
119 485
119 438
119 645
119 847
119 757
119 692
120 786
120 352
120 453
120 640
120 676
120 392
120 948
120 149
120 830
121 565
121 946
121 773
121 334
121 235
122 619
122 80
122 507
122 815
122 783
122 436
122 401
122 620
122 43
122 252
122 760
122 895
122 119
122 339
122 559
123 921
123 312
123 242
123 646
124 18
124 268
124 834
124 86
124 653
124 932
124 399
124 225
125 268
125 150
125 695
125 34
125 463
125 903
125 199
126 328
126 153
126 234
126 284
126 738
126 829
126 496
126 211
126 322
126 320
126 547
127 233
127 612
127 740
127 224
127 594
127 908
127 300
128 65
128 431
128 220
128 596
128 655
128 49
129 204
129 718
129 982
129 976
129 920
129 45
130 510
130 247
130 346
130 34
130 220
130 458
131 388
131 981
131 261
131 635
131 416
131 458
131 441
131 323
131 527
131 802
132 722
132 700
132 558
132 355
132 982
132 688
132 756
133 362
133 994
133 135
133 861
133 519
133 468
133 177
133 993
133 234
133 122
133 197
133 603
134 417
134 873
134 308
134 434
134 804
134 126
134 287
134 849
134 110
134 867
134 732
134 675
135 601
135 343
135 345
135 100
135 655
135 944
135 445
135 819
135 897
135 537
136 995
136 760
136 925
136 766
136 17
136 569
136 853
136 846
136 695
137 173
137 589
137 553
137 948
137 552
137 737
137 454
137 333
138 211
138 802
138 265
138 129
138 482
138 548
138 12
139 48
139 106
139 560
139 718
139 958
140 539
140 842
140 914
140 750
140 564
140 915
140 940
140 20
140 445
141 909
141 303
141 841
141 323
141 815
141 894
142 991
142 353
143 170
143 504
143 59
143 922
143 330
143 131
143 655
143 929
143 885
143 873
143 466
144 492
144 284
144 794
144 327
144 720
144 447
144 98
144 690
144 377
145 683
145 423
145 523
145 861
146 228
146 448
146 201
146 439
146 535
147 511
147 989
147 774
147 172
147 942
147 317
147 285
147 159
148 18
148 636
148 158
148 746
148 745
148 785
148 782
148 980
148 498
148 543
149 574
149 775
149 491
149 95
149 339
149 29
149 143
149 223
149 385
149 182
149 588
149 315
149 102
150 356
150 921
150 806
150 649
150 392
150 980
150 535
150 872
150 887
151 816
151 830
151 177
151 665
151 206
151 48
152 954
152 943
152 622
152 426
152 609
152 521
152 365
152 790
153 168
153 178
153 743
153 791
153 998
153 650
153 535
153 247
153 133
154 264
154 873
154 468
154 81
154 298
154 251
154 282
154 215
154 542
155 823
155 238
155 188
155 688
155 622
155 845
155 222
155 476
155 467
155 44
155 229
156 301
156 369
156 577
156 250
156 612
156 751
156 124
156 736
157 778
157 531
157 206
157 348
157 470
157 811
157 809
158 584
158 531
158 523
158 882
158 640
158 832
158 67
158 301
158 615
158 723
158 463
159 924
159 944
159 351
159 233
159 150
159 212
159 297
159 845
160 82
160 708
160 131
160 19
160 709
160 668
160 136
160 428
161 996
161 541
161 201
161 763
161 13
161 297
162 590
162 959
162 617
162 606
162 492
162 503
162 637
162 196
162 383
162 401
162 830
163 488
163 646
163 292
163 760
163 52
164 83
164 317
164 794
164 122
164 240
164 59
164 384
165 894
165 253
165 226
165 153
165 290
165 772
165 607
165 690
165 682
165 395
165 525
166 355
166 338
166 639
166 928
166 302
166 956
166 5
166 463
167 594
167 900
167 496
167 345
167 316
167 208
167 101
168 878
168 814
168 331
168 952
168 2
168 586
168 325
168 935
168 340
169 77
169 41
169 633
169 145
169 766
169 135
169 809
169 893
170 128
170 462
170 953
170 157
170 999
170 529
170 114
170 927
170 297
170 989
171 544
171 701
171 492
171 379
171 598
171 694
171 445
171 252
171 929
171 394
172 752
172 690
172 543
172 530
172 190
172 963
172 696
172 510
172 866
173 670
173 502
173 121
173 667
173 737
173 530
173 443
173 921
173 459
173 225
173 885
174 392
174 511
174 814
174 398
174 820
174 325
174 120
174 884
175 712
175 465
175 889
175 345
175 752
175 124
175 247
175 131
175 506
176 145
176 428
176 384
176 618
176 786
176 216
176 95
176 513
176 139
176 66
177 981
177 245
177 778
177 76
177 494
177 984
177 789
177 213
178 214
178 735
178 533
178 478
178 650
179 239
179 935
179 58
179 364
179 190
179 127
180 874
180 664
180 655
180 834
180 48
180 947
180 574
180 516
180 237
180 362
181 66
181 334
181 821
181 194
181 407
181 318
181 625
181 319
181 204
181 0
181 198
182 404
182 498
182 381
182 914
182 90
182 510
182 672
182 250
182 569
182 537
182 383
183 410
183 215
183 845
183 69
183 619
183 719
183 62
183 136
183 748
183 716
183 88
183 420
183 346
184 602
184 171
184 361
184 445
184 475
184 558
184 812
184 802
184 399
185 682
185 182
185 925
185 822
185 907
185 986
185 699
185 597
185 140
185 174
185 191
185 915
185 56
186 901
186 566
186 585
186 664
186 63
186 891
186 104
186 215
187 936
187 47
187 536
187 547
187 875
187 880
187 147
187 495
187 341
187 680
188 341
188 908
188 225
188 483
188 256
188 522
188 822
188 892
188 100
189 842
189 176
189 536
189 571
189 457
190 361
190 178
190 846
190 728
190 626
190 660
190 518
190 251
190 870
190 813
190 52
190 527
190 817
191 25
191 280
191 630
191 771
191 525
191 901
192 264
192 806
192 215
192 452
192 403
192 789
192 550
192 708
192 378
192 560
193 327
193 306
193 460
194 201
194 663
194 942
195 250
195 281
195 773
195 806
195 421
195 355
195 81
195 624
196 253
196 961
196 595
196 464
196 437
197 697
197 437
197 351
197 173
197 480
197 690
197 540
197 654
197 198
197 733
197 242
197 447
197 463
197 104
198 889
198 664
198 527
198 673
198 192
198 299
198 769
198 691
198 911
198 339
198 863
198 791
199 81
199 765
199 381
199 512
199 697
199 398
199 264
199 10
199 899
199 743
199 123
200 91
200 33
200 336
200 264
200 985
200 30
200 731
200 342
200 492
200 358
200 3
201 220
201 915
201 752
201 758
201 390
202 557
202 906
202 101
202 366
202 599
202 350
202 473
202 764
202 192
202 866
202 119
202 92
203 663
203 119
203 463
203 700
203 895
203 955
204 854
204 825
204 242
204 60
204 68
204 215
204 77
204 375
205 741
205 192
205 824
205 827
205 488
205 853
205 686
205 540
205 362
205 875
205 930
205 181
205 856
205 995
206 41
206 406
206 354
206 244
207 902
207 133
207 102
207 470
207 28
207 657
207 130
208 681
208 686
208 14
208 324
208 311
208 37
208 471
208 184
208 382
208 767
209 729
209 737
209 21
209 74
209 471
209 805
209 283
209 76
209 484
209 274
209 161
209 664
209 986
209 830
210 667
210 342
210 864
210 573
210 498
211 133
211 291
211 170
211 871
211 661
211 836
211 376
211 303
211 520
211 810
211 490
211 248
211 678
211 668
211 217
212 608
212 31
212 1
212 142
212 759
213 115
213 995
213 487
213 195
213 113
213 435
213 405
213 854
214 368
214 414
214 20
214 491
214 541
214 546
214 213
215 580
215 722
215 776
215 168
215 224
215 316
215 305
215 158
216 548
216 569
216 378
216 996
216 384
216 414
216 897
216 162
216 683
217 524
217 59
217 365
217 729
217 903
217 757
217 684
218 110
218 760
218 643
218 123
218 911
218 670
218 690
218 730
218 351
218 276
218 633
218 482
218 632
218 355
219 53
219 310
219 676
219 640
219 638
219 987
219 333
220 353
220 452
220 421
220 435
220 846
220 665
220 803
220 988
221 261
221 360
221 468
221 348
221 35
221 994
221 557
221 185
222 347
222 363
222 768
222 0
222 591
222 728
222 624
223 319
223 631
223 128
223 355
223 362
223 536
223 677
223 21
223 71
223 352
224 453
224 693
224 392
224 885
224 111
224 242
224 180
224 997
224 361
224 972
224 395
225 85
225 658
225 612
225 549
225 171
225 909
225 409
225 141
225 301
226 590
226 746
226 589
226 787
226 868
226 635
226 230
226 824
226 624
226 327
227 321
227 660
227 56
227 279
227 193
227 904
227 767
227 706
227 506
228 766
228 500
228 671
228 110
228 799
228 917
228 980
228 451
228 829
228 321
228 155
229 635
229 505
229 219
229 739
229 647
229 666
229 994
229 343
229 194
229 627
229 32
230 480
230 228
230 800
230 891
230 948
230 307
230 976
230 879
231 423
231 990
231 365
231 184
231 908
231 660
231 205
231 447
231 799
231 762
231 556
231 330
232 229
232 178
232 847
232 665
233 58
233 589
233 738
233 858
233 529
233 261
233 162
233 659
233 92
233 476
233 793
234 730
234 201
234 601
234 679
234 14
234 73
234 669
235 864
235 59
235 26
235 545
235 161
235 655
235 917
235 464
235 544
235 839
235 117
235 830
236 819
236 772
236 927
236 447
236 499
236 256
237 842
237 809
237 179
237 378
237 511
237 861
237 474
237 284
237 186
237 170
237 956
238 807
238 671
238 461
238 560
238 772
239 244
239 200
240 592
240 172
240 489
240 635
240 976
240 256
241 552
241 827
241 353
241 437
241 338
241 272
241 576
241 263
241 72
241 925
241 464
242 574
242 344
242 381
242 156
242 19
242 198
242 770
242 383
242 992
242 499
243 423
243 229
243 438
243 847
243 28
243 4
243 552
243 111
243 582
244 422
244 563
244 782
244 503
244 801
244 564
244 473
245 941
245 223
245 231
245 919
245 542
245 702
245 13
245 699
246 823
246 127
246 718
246 170
246 162
246 322
247 281
247 843
247 318
247 551
247 941
247 756
247 323
247 649
248 344
248 189
248 440
248 648
248 102
248 782
248 981
248 223
248 991
248 673
249 4
249 430
249 516
249 424
249 238
250 490
250 296
250 189
250 364
250 158
250 193
250 687
251 478
251 557
251 641
251 467
251 935
251 567
251 568
251 221
251 436
251 922
252 845
252 752
252 833
252 340
252 665
252 472
252 394
252 179
253 960
253 905
253 456
253 911
253 611
254 778
254 311
254 740
254 760
254 887
254 489
254 908
255 61
255 143
255 817
255 852
255 511
256 388
256 695
256 856
256 803
256 814
256 572
256 705
256 448
257 557
257 45
257 535
257 311
257 524
257 841
257 232
257 534
257 273
257 569
258 550
258 845
258 666
258 904
258 745
258 520
258 959
258 948
258 307
258 512
259 761
259 784
259 596
259 392
259 650
259 123
259 60
259 838
259 153
259 727
259 712
260 687
260 943
260 312
260 421
260 26
260 76
260 54
260 221
260 464
260 758
260 620
261 951
261 259
261 420
261 217
261 449
261 706
261 653
261 71
261 281
261 892
262 413
262 140
262 593
262 795
262 530
262 632
262 242
262 934
262 392
262 304
263 223
263 943
263 363
263 59
263 774
263 244
263 21
263 879
263 808
263 706
264 392
264 271
264 927
264 22
264 610
264 994
265 526
265 764
265 201
265 176
265 437
265 216
265 719
265 969
265 222
265 864
266 233
266 496
266 731
266 949
266 216
266 661
266 14
266 440
266 722
267 739
267 877
267 507
267 151
267 182
267 512
267 585
267 89
268 246
268 784
268 927
268 583
268 982
268 314
268 749
268 255
268 408
268 758
268 16
268 677
268 270
268 94
269 958
269 695
269 793
269 506
269 900
269 986
269 689
269 316
269 881
269 967
269 842
270 153
270 36
270 41
270 299
270 706
270 393
270 19
271 750
271 634
271 924
271 253
271 827
272 860
272 738
272 731
272 859
272 972
272 145
272 994
273 232
273 868
273 417
273 421
273 345
273 135
273 963
273 150
273 248
274 72
274 268
274 429
274 541
274 882
274 611
274 626
274 564
274 469
275 503
275 215
275 760
275 96
275 577
275 118
276 651
276 748
276 634
276 806
276 315
276 291
276 248
276 667
277 363
277 893
277 565
277 790
277 367
277 773
277 344
277 947
277 614
278 16
278 259
278 913
278 268
278 695
278 522
278 435
278 13
278 697
278 140
279 635
279 453
279 791
279 60
279 263
279 386
279 426
279 713
280 437
280 424
280 724
280 539
280 937
280 854
280 101
281 957
281 287
281 214
281 567
282 825
282 339
282 327
282 221
282 34
283 57
283 919
283 969
283 338
283 959
283 306
283 32
283 422
284 789
284 900
284 82
284 448
284 320
284 22
285 767
285 900
285 145
285 764
285 336
285 951
285 589
285 749
285 899
285 742
285 2
286 63
286 189
286 922
286 60
286 532
286 789
286 558
286 40
286 952
286 751
287 243
287 734
287 500
287 832
287 399
288 822
288 62
288 11
288 7
288 93
288 875
288 847
288 675
289 586
289 46
289 831
289 282
290 50
290 452
290 632
290 25
290 811
290 723
291 37
291 136
291 168
291 629
291 482
291 889
291 710
291 333
291 29
291 552
292 495
292 663
292 710
292 906
292 315
292 113
292 377
292 220
292 661
292 943
293 350
293 923
293 21
293 369
293 848
293 19
293 471
293 89
294 178
294 518
294 439
294 146
294 180
294 725
294 947
295 760
295 340
295 417
295 948
295 700
295 61
295 147
295 542
296 932
296 13
296 814
296 2
296 327
296 367
296 193
296 427
297 880
297 581
297 130
297 42
297 283
297 845
297 221
298 662
298 80
298 498
298 515
298 505
298 756
298 236
298 566
299 627
299 678
299 820
299 633
299 95
299 891
299 826
299 265
299 939
300 275
300 307
300 817
300 334
300 258
300 74
300 40
300 464
300 397
300 86
300 301
300 454
300 233
301 844
301 322
301 386
301 639
301 281
302 301
302 425
302 217
302 218
302 908
302 166
302 46
303 862
303 14
303 246
303 207
303 603
303 106
303 253
303 34
303 249
303 924
303 319
303 317
303 880
303 556
304 59
304 541
304 997
304 963
305 650
305 945
305 699
305 870
305 517
305 562
306 891
306 334
306 789
306 46
306 453
306 284
306 966
306 50
306 503
306 234
306 142
306 985
306 259
306 706
307 279
307 476
307 102
307 663
307 87
307 602
307 781
307 955
308 940
308 597
308 703
308 652
308 749
308 673
308 254
308 538
308 14
309 949
309 853
309 800
309 124
309 431
309 334
309 718
309 677
309 456
310 341
310 493
310 455
310 964
310 475
310 881
310 9
310 959
310 264
310 448
311 63
311 306
311 396
311 633
311 953
312 899
312 848
312 778
312 734
312 371
313 476
313 349
313 645
313 333
313 440
313 402
313 576
313 797
313 79
313 295
313 856
314 467
314 6
314 4
314 185
314 759
314 338
315 487
315 60
315 908
315 429
315 685
315 326
315 240
315 973
315 361
315 250
316 511
316 346
316 328
316 559
316 97
316 131
316 365
316 877
316 597
316 996
316 416
316 486
316 618
316 701
316 210
316 245
316 27
317 572
317 236
317 843
317 475
318 241
318 522
318 124
318 44
318 4
318 371
318 348
319 667
319 133
319 240
319 995
319 47
319 733
319 35
319 473
320 35
320 533
320 988
320 431
320 172
321 287
321 186
321 109
321 521
321 549
321 194
321 782
322 987
322 929
322 537
322 430
322 192
323 564
323 57
323 187
323 302
323 557
323 523
323 904
323 814
323 267
324 78
324 208
324 587
324 686
324 405
324 182
324 378
324 963
324 943
324 274
325 535
325 50
325 335
325 284
325 94
325 959
325 232
325 544
326 953
326 656
326 859
326 867
326 591
327 785
327 503
327 197
327 440
327 788
327 508
327 220
327 677
327 288
327 659
327 707
328 829
328 428
328 508
328 935
328 513
328 824
328 614
328 435
328 982
328 189
329 373
329 31
329 179
329 216
329 354
329 147
329 727
329 770
329 22
329 942
329 277
330 590
330 791
330 643
330 347
330 372
330 961
330 651
331 238
331 711
331 217
331 225
331 883
331 491
331 830
331 9
331 369
332 149
332 105
332 788
332 559
332 224
333 98
333 894
333 447
333 624
333 799
333 961
333 321
334 124
334 893
334 100
334 276
334 995
334 201
334 257
335 571
335 633
335 465
335 656
335 134
335 789
335 9
335 439
336 7
336 473
336 962
336 992
336 912
337 155
337 924
337 807
337 403
337 392
337 840
338 454
338 138
338 323
338 966
338 997
339 579
339 551
339 727
339 856
339 374
339 594
339 317
339 153
340 774
340 923
340 189
340 812
341 757
341 81
341 189
341 820
341 637
341 297
341 302
341 745
341 228
341 919
341 991
341 892
341 19
342 210
342 993
342 155
342 345
342 450
342 389
342 600
342 202
342 977
342 358
342 42
342 691
342 212
342 456
342 124
342 694
343 344
343 598
343 118
343 162
343 814
343 621
343 47
343 578
343 965
344 8
344 609
344 278
344 568
344 504
344 188
344 142
344 362
344 158
344 331
344 293
345 669
345 492
345 75
345 516
345 513
345 909
345 857
345 649
345 613
346 882
346 910
346 126
346 730
346 474
346 134
346 789
346 895
346 821
346 159
346 98
346 538
346 972
346 530
346 76
346 505
346 227
347 995
347 301
347 725
347 972
347 53
347 838
347 507
347 803
347 799
347 644
347 784
348 714
348 548
348 216
348 462
348 598
348 883
348 943
349 567
349 410
349 893
349 745
349 184
349 123
349 255
350 198
350 407
350 222
350 361
350 480
350 681
351 830
351 992
351 579
351 768
352 475
352 546
352 719
352 106
352 826
352 889
352 384
353 660
353 77
353 955
353 763
353 718
353 40
353 579
353 302
354 768
354 777
354 191
354 53
354 713
354 150
354 680
354 753
355 531
355 618
355 417
355 146
355 783
355 801
356 813
356 171
356 877
356 299
356 764
356 909
356 761
356 781
356 379
356 489
356 658
357 557
357 153
357 708
357 210
357 29
357 896
357 562
358 674
358 547
358 271
358 263
358 247
358 477
358 142
358 431
359 557
359 734
359 269
359 127
359 795
359 185
360 573
360 168
360 791
360 941
360 504
360 280
361 182
361 439
361 749
361 753
361 271
361 607
361 608
361 311
361 817
361 860
361 569
362 382
362 276
362 556
362 489
362 676
362 216
362 218
363 571
363 588
363 148
363 514
363 299
363 69
363 486
363 207
363 729
364 434
364 248
364 906
364 54
364 173
364 745
364 883
364 935
365 425
365 865
365 226
365 241
365 141
365 611
366 809
366 441
366 632
366 187
366 370
366 718
366 312
366 529
366 26
367 660
367 49
367 782
367 161
367 328
368 168
368 687
368 36
368 977
368 423
368 42
368 335
368 818
369 335
369 550
369 73
369 138
369 44
369 462
369 346
369 24
370 523
370 706
370 91
370 726
370 738
370 464
370 489
370 312
370 524
370 554
370 740
371 833
371 245
371 909
371 91
371 546
371 210
371 664
371 7
371 582
372 200
372 379
372 667
372 247
372 757
372 8
372 101
373 701
373 352
373 644
373 720
373 719
373 761
373 885
373 492
373 395
373 591
374 80
374 619
374 717
374 841
374 560
374 662
374 727
375 232
375 105
375 835
375 833
375 65
375 302
375 312
375 619
375 836
375 536
375 161
376 253
376 409
376 388
376 505
376 855
376 789
376 233
377 779
377 846
377 710
377 212
377 862
377 154
377 540
377 461
377 165
377 500
377 512
378 486
378 936
379 81
379 224
379 672
379 408
379 56
379 945
379 263
379 499
379 587
379 445
379 550
379 279
379 740
379 85
379 110
380 434
380 730
380 500
380 252
380 862
380 85
380 479
380 775
380 845
380 644
380 421
380 789
381 465
381 874
381 162
381 768
381 683
382 387
382 817
382 33
382 129
382 973
382 720
382 838
382 59
382 952
382 806
382 489
382 602
383 43
383 180
383 575
383 113
383 430
383 77
383 766
383 390
383 215
383 75
384 348
384 83
384 752
384 450
384 790
384 629
384 851
384 952
385 712
385 934
385 436
385 726
385 170
385 305
385 971
385 802
385 671
386 338
386 519
386 216
386 480
386 275
386 859
386 100
386 297
386 490
386 782
386 173
386 97
387 772
387 878
387 486
387 110
387 365
387 202
387 955
388 46
388 735
388 348
388 43
388 141
388 37
388 901
388 829
388 590
388 819
388 719
388 212
389 391
389 462
389 863
389 982
389 450
389 351
389 546
389 879
389 732
389 295
390 280
390 688
390 568
391 35
391 215
391 532
391 578
391 217
391 27
391 823
391 290
391 129
391 700
391 95
391 870
392 644
392 287
392 415
392 752
392 770
392 605
392 121
392 400
392 607
392 941
393 908
393 69
393 642
393 971
393 889
393 265
393 294
393 612
393 676
394 985
394 535
394 249
394 395
394 246
394 685
394 892
395 64
395 772
395 0
395 592
395 274
395 671
395 350
395 71
395 587
395 519
395 359
395 474
395 984
395 178
395 935
395 712
395 554
396 931
396 555
396 223
396 649
396 814
396 70
396 993
396 22
396 810
396 6
396 808
397 817
397 296
397 62
397 76
397 50
397 229
397 432
397 551
397 142
397 707
397 25
398 527
398 376
398 834
398 185
398 334
398 943
398 74
398 64
398 356
399 363
399 609
399 291
399 955
399 773
399 543
400 985
400 596
400 293
400 229
400 452
400 214
400 363
400 125
400 579
400 889
401 794
401 526
401 748
401 258
401 116
401 242
401 651
401 472
401 86
401 916
402 240
402 418
402 132
402 847
402 750
402 217
402 689
402 406
402 998
403 54
403 600
403 120
403 218
403 963
403 7
403 446
404 426
404 275
404 501
404 793
404 472
404 112
405 909
405 308
405 95
405 981
405 33
405 603
405 830
405 986
405 877
405 888
406 184
406 636
406 479
406 399
406 686
407 17
407 351
407 716
407 859
407 21
407 985
407 569
408 192
408 758
408 652
408 721
408 743
408 979
408 92
408 101
408 100
408 699
408 39
408 501
409 953
409 300
409 271
410 219
410 443
410 258
410 10
410 832
410 771
410 605
410 415
410 812
410 979
410 292
411 355
411 383
411 473
411 872
411 961
411 104
411 928
411 165
412 152
412 279
412 985
412 404
412 120
412 7
412 920
412 735
412 166
412 319
413 979
413 816
413 372
413 28
413 794
413 217
413 870
414 650
414 339
414 956
414 747
414 692
415 634
415 921
415 858
415 428
415 635
415 727
415 31
415 106
415 269
416 208
416 402
416 662
416 484
416 686
416 298
417 517
417 516
417 70
417 984
417 30
418 708
418 369
418 835
418 489
418 278
418 559
419 890
419 208
420 94
420 674
420 745
420 816
420 556
420 237
420 375
420 635
420 356
420 322
420 46
420 518
420 40
420 271
421 320
421 306
421 834
421 871
421 95
421 720
421 64
421 574
421 532
421 942
421 392
422 834
422 747
422 143
422 533
422 770
422 831
422 137
422 97
422 910
422 343
422 610
423 985
423 139
423 297
423 868
423 421
423 382
423 22
423 840
423 186
424 501
424 705
424 198
424 485
424 268
424 586
424 976
425 579
425 515
425 938
425 436
425 867
425 95
425 930
425 67
425 614
426 624
426 878
426 292
426 866
426 285
426 808
426 452
426 223
426 485
426 415
426 546
427 369
427 881
427 916
427 111
428 308
428 123
428 292
428 417
428 254
428 48
428 288
428 377
428 533
428 698
428 934
429 998
429 940
429 321
429 412
429 524
429 302
429 150
429 380
429 365
429 950
430 733
430 925
430 410
430 753
430 26
430 186
430 788
430 882
431 378
431 959
431 59
431 311
431 85
431 836
432 624
432 134
432 294
432 58
432 861
432 755
432 656
432 946
432 496
432 453
432 569
432 424
432 298
433 731
433 313
433 343
433 101
433 93
433 709
433 837
433 408
433 914
434 807
434 711
434 7
434 8
435 740
435 715
435 157
435 61
435 931
435 420
435 589
435 366
435 121
436 215
436 873
436 394
436 49
436 941
436 428
436 730
436 211
436 343
436 530
436 160
436 25
436 909
436 78
436 697
437 70
437 383
437 26
437 900
437 338
437 382
437 774
437 172
437 438
437 400
438 639
438 943
438 80
438 418
438 307
438 611
438 347
438 809
438 35
439 136
439 92
439 762
439 570
439 280
439 42
439 705
439 160
440 444
440 978
440 892
440 470
440 816
440 164
440 492
440 731
440 244
440 178
440 437
440 5
441 420
441 765
441 662
441 51
441 22
441 370
442 285
442 855
442 64
442 499
442 35
442 504
442 356
442 697
442 53
442 721
443 733
443 623
443 306
443 191
443 150
443 61
443 196
443 78
443 103
444 203
444 637
444 372
444 280
444 942
444 887
444 949
444 959
444 606
444 281
444 3
445 635
445 178
445 153
445 446
445 330
445 688
445 978
445 878
445 819
446 25
446 689
446 69
446 181
446 466
447 710
447 268
447 605
447 222
447 896
447 456
447 247
447 490
448 334
448 313
448 12
448 869
448 651
448 917
448 301
448 152
448 780
448 447
449 737
449 889
449 146
449 409
449 624
449 586
449 425
449 269
449 105
450 544
450 604
450 244
450 486
450 142
450 591
450 990
450 43
450 734
450 306
451 143
451 217
451 126
451 461
451 867
451 357
451 668
451 207
451 393
451 73
452 957
452 521
452 614
452 259
452 876
452 368
452 785
452 853
452 917
452 119
452 253
452 927
452 423
452 168
453 818
453 186
453 109
453 114
453 516
453 938
453 170
453 621
453 501
453 929
453 710
453 631
454 428
454 324
454 151
454 242
454 141
454 533
454 980
455 920
455 314
455 529
455 330
455 74
455 804
455 583
455 734
456 495
456 349
456 946
456 882
456 927
456 506
456 993
456 254
457 683
457 438
457 758
457 53
457 405
457 330
457 302
457 551
458 788
458 520
458 0
458 623
458 745
458 842
458 166
458 67
458 875
459 540
459 171
459 347
459 855
459 236
459 876
459 692
459 10
459 431
460 376
460 693
460 345
460 881
460 363
460 552
460 566
460 936
460 134
460 544
460 655
461 117
461 509
461 427
461 845
461 64
461 280
461 968
461 990
462 494
462 673
462 826
462 774
462 492
462 224
462 655
462 312
462 517
463 427
463 287
463 411
463 546
463 332
463 583
463 974
463 858
463 790
463 26
464 601
464 412
464 3
464 303
464 568
464 298
464 364
464 905
464 609
464 788
464 538
464 557
464 874
464 492
465 553
465 336
465 397
465 844
465 700
466 63
466 840
466 519
466 822
466 894
466 540
466 581
466 272
467 591
467 569
467 106
467 705
467 923
467 996
467 845
467 610
467 542
467 403
467 772
467 439
468 184
468 141
468 731
468 962
468 854
468 577
468 664
468 591
468 761
468 98
468 564
468 659
468 663
469 506
469 407
469 635
469 818
469 37
469 524
469 534
469 123
469 675
469 725
469 972
470 312
470 239
470 311
470 828
470 651
470 685
471 462
471 554
471 685
471 103
471 935
471 722
471 342
471 169
472 664
472 638
472 86
472 988
472 824
472 513
472 307
473 213
473 826
473 5
473 778
473 692
473 164
474 998
474 665
474 678
474 51
474 434
474 524
474 915
474 239
474 450
474 172
474 205
475 407
475 856
475 738
475 421
475 297
475 542
475 538
475 106
475 359
475 603
475 72
475 776
476 865
476 135
476 507
476 765
476 932
476 685
476 336
476 252
477 999
477 312
477 676
477 150
477 332
477 226
477 995
477 901
477 462
477 469
477 672
477 47
477 369
477 32
477 432
477 510
478 192
478 742
478 169
478 610
478 418
478 22
478 91
478 183
478 697
479 182
479 677
479 345
479 258
479 683
480 52
480 554
480 523
480 767
480 766
480 805
480 496
480 492
480 231
481 433
481 567
481 625
481 930
481 108
482 893
482 45
482 851
482 688
482 723
482 250
482 677
482 355
483 548
483 814
483 11
483 711
483 651
483 200
483 902
483 659
483 755
483 278
484 680
484 277
484 479
484 505
484 679
484 968
484 141
484 838
484 406
484 136
484 732
485 895
485 93
485 908
485 355
485 287
486 569
486 430
486 304
486 579
487 156
487 194
487 924
487 662
487 803
487 16
488 113
488 828
488 912
488 435
488 978
488 63
489 745
489 74
489 21
489 416
489 818
489 373
489 174
490 376
490 925
490 871
490 877
490 324
490 814
490 815
490 956
490 364
491 727
491 427
491 761
491 208
491 865
491 27
491 847
492 440
492 275
492 615
492 131
492 460
492 167
492 907
492 685
492 157
492 375
492 712
493 897
493 879
493 458
493 402
493 768
493 269
493 462
493 703
494 939
494 834
494 747
494 452
494 15
494 413
494 417
494 44
494 822
495 343
495 401
495 313
495 126
495 741
495 491
495 337
495 171
495 854
496 334
496 43
496 369
496 814
496 857
496 786
496 986
496 980
497 2
497 218
497 475
497 610
497 838
497 357
497 332
498 314
498 152
498 81
498 986
498 566
498 748
498 538
498 174
498 115
498 488
499 665
499 473
499 425
499 575
499 237
499 151
499 873
499 880
500 925
500 388
500 799
500 382
500 585
500 838
500 244
501 546
501 500
501 237
501 209
501 91
501 44
501 654
502 923
502 411
502 356
502 886
502 670
502 797
502 99
502 201
502 838
502 963
502 948
502 715
503 394
503 240
503 591
503 340
503 211
503 311
504 452
504 928
504 484
504 946
504 108
504 202
504 352
504 505
504 32
504 58
504 460
505 278
505 38
505 500
505 800
505 835
505 951
505 508
505 264
506 460
506 880
506 521
506 651
506 995
506 758
506 894
506 608
506 507
507 554
507 83
507 159
507 400
507 774
507 562
507 161
507 667
507 396
507 79
507 571
507 226
508 358
508 174
508 95
508 693
508 401
508 857
508 759
508 612
508 66
508 313
508 315
509 135
509 306
509 681
509 902
509 851
509 829
509 337
509 853
510 217
510 18
510 674
510 157
510 148
510 722
510 905
510 961
510 394
510 355
510 219
511 931
511 271
511 334
511 576
511 827
511 364
511 198
511 820
511 536
511 614
511 573
512 544
512 993
512 636
513 33
513 969
513 903
513 521
513 559
513 505
513 105
513 121
513 793
513 76
513 739
513 955
514 823
514 482
514 894
514 185
514 366
514 25
514 336
514 877
514 501
514 201
514 684
514 556
515 468
515 741
515 813
515 20
515 19
515 723
515 430
515 599
515 200
515 338
515 748
516 993
516 899
516 433
516 762
516 872
516 881
516 331
516 289
517 211
517 48
517 950
517 583
517 749
517 731
517 340
518 444
518 286
518 519
518 448
518 728
518 639
519 35
519 220
519 583
519 560
519 517
519 480
519 50
519 945
519 400
519 712
519 986
519 116
519 848
519 781
519 304
520 288
520 418
520 799
520 386
520 48
520 599
520 30
520 126
521 740
521 849
521 41
521 346
521 885
521 834
521 391
521 160
521 155
521 734
521 412
521 756
522 117
522 670
522 344
522 517
522 223
522 758
522 730
522 800
522 314
522 521
522 462
523 515
523 37
523 150
523 768
523 120
523 576
523 7
523 948
523 730
523 51
523 211
524 263
524 907
524 527
525 321
525 357
525 886
525 522
525 328
525 93
525 371
525 341
525 700
525 921
526 752
526 630
526 361
526 48
526 858
526 363
526 411
526 782
527 987
527 549
527 916
527 574
527 984
527 60
527 242
527 956
527 291
527 905
528 913
528 229
528 817
528 995
528 503
528 563
529 802
529 289
529 224
529 861
529 898
529 983
529 411
529 627
529 864
529 412
529 556
530 921
530 85
530 912
530 319
530 770
530 875
530 46
531 112
531 128
531 610
531 924
531 875
531 32
531 282
531 217
532 17
532 786
532 337
532 162
532 663
532 919
532 30
532 292
532 3
533 537
533 890
533 91
533 946
533 918
533 846
533 748
534 375
534 795
534 217
534 323
534 787
534 840
534 261
534 825
534 469
534 900
535 615
535 320
535 770
535 611
535 700
535 593
535 382
535 333
535 612
535 94
535 650
535 678
536 285
536 402
536 233
536 394
536 280
536 236
536 685
537 389
537 545
537 675
537 753
537 60
537 44
537 360
537 461
537 409
537 205
537 516
537 868
538 947
538 194
538 606
538 615
538 251
538 349
538 731
538 172
539 251
539 697
539 332
539 499
539 121
539 498
540 536
540 407
540 484
540 471
540 813
540 330
540 672
540 504
540 245
541 177
541 30
541 546
541 818
541 966
541 291
542 975
542 451
542 23
542 166
542 230
542 96
542 859
543 964
543 391
543 161
543 709
543 776
543 682
543 173
543 922
544 997
544 593
544 585
544 636
544 781
544 395
544 969
544 204
545 375
545 414
545 228
545 996
545 912
545 80
545 557
545 333
545 138
545 240
545 463
545 176
545 636
546 437
546 790
546 788
546 497
546 438
546 123
546 381
547 996
547 915
547 784
547 81
547 196
547 660
547 341
548 842
548 96
548 501
548 647
548 489
549 581
549 280
549 439
549 683
549 137
549 469
549 982
550 966
550 545
550 598
550 486
550 446
550 667
550 885
550 670
550 19
550 807
550 242
550 643
551 469
551 809
551 989
551 913
551 493
552 294
552 849
552 457
552 469
552 365
552 845
553 430
553 495
553 115
553 503
553 485
553 263
553 627
553 290
553 195
554 855
554 949
554 359
554 636
554 589
554 534
554 645
555 706
555 31
555 24
555 214
555 727
555 159
555 512
556 32
556 259
556 446
556 659
556 858
556 993
556 152
556 449
557 202
557 734
557 880
557 292
557 144
558 286
558 180
558 657
558 881
558 351
558 480
558 499
559 245
559 517
559 490
559 389
559 494
559 354
559 810
560 327
560 376
560 286
560 840
560 973
560 964
560 772
561 790
561 939
561 6
561 521
561 334
561 129
561 964
561 932
561 799
562 287
562 118
562 895
562 804
562 818
562 230
562 183
562 656
563 1
563 804
563 25
563 315
563 741
563 644
563 392
563 186
563 325
563 587
564 238
564 623
564 106
564 966
564 223
564 866
564 280
564 342
564 842
565 292
565 418
565 984
565 806
565 428
565 453
565 146
565 361
565 535
565 270
566 422
566 88
566 180
566 252
566 637
566 957
566 734
566 888
566 449
566 235
567 968
567 22
567 79
567 427
567 701
567 89
567 814
567 513
567 855
567 986
567 852
567 616
567 607
567 956
568 194
568 351
568 137
568 620
568 677
568 850
568 225
568 216
568 685
568 84
568 719
568 289
568 878
568 484
569 759
569 66
569 179
569 428
569 827
569 276
569 822
570 506
570 58
570 276
570 518
570 63
570 93
570 281
570 769
570 661
570 218
570 266
570 137
571 842
571 656
571 287
571 466
571 386
571 708
571 871
571 984
571 456
572 255
572 744
572 273
572 585
572 979
572 293
572 48
572 441
572 639
572 202
572 292
573 938
573 313
573 196
573 885
573 699
573 260
573 757
574 266
574 876
574 270
574 35
574 862
574 489
575 754
575 313
575 21
575 507
575 719
575 637
575 755
575 110
575 633
576 171
576 213
576 798
576 623
576 696
576 794
576 982
576 364
577 841
577 523
577 408
577 329
577 581
577 949
577 474
577 435
578 764
578 210
578 67
578 44
578 613
578 865
578 575
578 405
578 656
578 349
578 623
578 684
579 831
579 327
579 879
579 344
579 75
579 743
579 702
579 79
579 483
580 813
580 500
580 38
580 973
580 705
581 827
581 761
581 113
581 749
581 779
582 122
582 858
582 690
582 917
582 92
582 763
582 133
582 623
583 750
583 236
583 127
583 424
583 631
583 735
583 75
583 603
583 420
583 628
583 414
584 46
584 612
584 356
584 97
584 742
585 870
585 238
585 862
585 461
585 577
585 615
585 798
585 68
585 621
585 863
585 147
586 844
586 919
586 759
586 291
586 720
586 864
586 210
586 73
586 726
586 663
586 286
586 719
587 541
587 736
587 262
587 964
587 322
587 475
587 871
587 460
587 812
587 825
587 921
587 181
588 772
588 671
588 752
588 98
588 639
588 595
588 771
588 631
588 66
588 3
588 801
588 384
588 542
588 740
589 915
589 921
589 415
590 986
590 374
590 957
590 910
590 868
590 364
591 900
591 664
591 530
591 331
591 409
591 510
591 367
591 555
592 734
592 844
592 833
592 324
592 903
592 207
592 755
592 907
593 442
593 737
593 515
594 748
594 274
594 962
594 791
594 395
594 416
594 667
594 686
594 60
594 528
594 629
595 357
595 106
595 70
595 573
595 938
595 225
595 91
595 427
595 830
596 526
596 911
596 861
596 523
596 710
596 70
596 629
596 382
596 593
596 306
596 329
596 462
597 60
597 896
597 527
597 18
597 412
597 58
597 536
597 145
597 893
597 268
597 804
598 273
598 679
598 757
598 831
599 677
599 466
599 136
599 693
599 73
599 861
599 38
599 914
600 285
600 109
600 499
600 305
600 21
601 315
601 112
601 661
601 41
602 229
602 190
602 968
602 158
602 731
602 848
602 553
602 829
603 159
604 130
604 317
604 53
604 225
604 104
604 652
604 599
604 377
604 257
605 992
605 170
605 429
605 805
605 792
605 729
605 829
605 527
605 19
606 975
606 19
606 944
606 462
606 973
607 675
607 276
607 176
607 700
607 866
607 14
607 996
607 743
607 767
607 24
607 660
608 839
608 573
608 680
608 404
608 722
608 415
608 292
609 538
609 451
609 563
609 752
609 942
609 930
609 741
609 466
610 907
610 441
610 65
610 782
610 476
610 886
610 53
610 309
611 944
611 212
611 453
611 282
611 874
611 966
611 616
612 46
612 188
612 359
612 418
612 672
612 957
612 654
612 223
612 983
613 728
613 641
613 447
613 471
613 758
613 844
613 757
613 649
613 508
613 160
613 898
613 68
614 509
614 953
614 615
614 230
614 513
614 418
614 54
614 769
614 593
614 270
614 205
614 467
614 751
614 266
614 310
614 309
615 958
615 824
615 279
615 979
615 655
615 278
615 162
615 29
615 867
616 433
616 61
616 285
616 671
616 200
616 622
616 18
617 236
617 39
617 318
617 836
617 762
617 867
617 559
617 194
617 876
617 387
618 202
618 291
618 90
618 570
618 990
618 654
618 506
618 508
618 572
618 528
618 553
618 356
619 232
619 661
619 795
619 576
619 248
619 104
619 222
619 274
620 83
620 136
620 530
620 618
620 531
620 203
620 968
620 132
620 342
620 114
620 909
620 622
620 26
620 124
621 379
621 174
621 845
621 844
621 561
621 336
621 395
621 512
621 976
621 477
621 493
621 276
622 0
622 134
622 931
622 876
622 404
622 145
623 731
623 909
623 925
623 839
623 932
623 741
623 784
623 818
623 233
623 442
623 139
623 985
623 513
624 438
624 122
624 802
624 934
624 148
624 487
624 538
624 819
625 674
625 810
625 539
625 577
625 906
625 396
625 578
626 71
626 452
626 158
626 5
626 391
626 351
626 350
626 103
626 994
626 543
627 451
627 153
627 933
627 836
627 825
627 515
627 739
627 467
627 322
628 222
628 198
628 901
628 454
628 413
628 619
628 360
628 633
629 976
629 191
629 967
629 355
629 550
630 44
630 249
630 803
630 599
630 721
630 943
631 990
631 703
631 965
631 266
631 878
631 964
631 194
632 681
632 347
632 185
633 431
633 880
633 216
633 719
633 666
634 798
634 586
634 949
634 230
634 109
634 304
634 38
634 542
634 655
635 787
635 591
635 164
635 679
635 668
635 429
635 51
635 69
635 120
635 685
635 561
635 998
636 772
636 376
636 411
636 630
636 64
636 436
636 679
636 919
636 95
636 47
636 961
637 467
637 864
637 103
637 828
637 576
637 882
637 393
637 605
637 237
637 901
637 401
637 336
637 673
637 967
637 893
637 159
638 919
638 828
638 978
638 122
638 52
639 831
639 761
639 601
639 278
639 605
639 129
639 560
639 88
639 415
639 308
639 359
639 692
639 23
639 448
639 77
640 989
640 327
640 526
640 518
640 894
640 95
640 216
640 471
641 684
641 859
641 471
641 507
641 371
641 957
642 488
642 806
642 890
642 403
642 621
642 771
642 80
642 612
642 23
642 546
643 255
643 180
643 73
643 834
643 565
644 277
644 487
644 436
644 583
644 260
644 950
644 811
644 661
644 167
644 886
644 826
645 309
645 611
645 856
645 317
646 376
646 495
646 606
646 492
646 993
646 808
646 615
646 567
646 768
646 61
647 570
647 696
647 577
647 510
647 251
648 17
648 366
648 498
648 671
648 158
648 321
648 254
648 771
648 938
649 323
649 839
649 919
649 745
649 84
649 490
649 113
649 130
649 286
650 255
650 485
650 675
650 918
650 600
650 152
650 374
650 397
650 562
650 324
651 886
651 172
651 103
651 513
651 50
651 35
651 281
651 329
651 473
651 716
651 900
651 780
652 938
652 408
652 877
652 110
652 58
652 265
652 164
652 805
652 931
652 98
652 139
653 238
653 258
653 714
653 485
653 506
653 626
653 924
653 739
653 244
653 918
653 216
654 117
654 126
654 912
654 341
654 298
654 710
654 34
655 639
655 59
655 38
655 473
655 302
655 888
655 380
655 119
655 603
655 950
656 20
656 159
656 403
656 611
656 368
656 502
657 121
657 401
657 388
657 190
657 642
657 591
657 768
657 444
657 297
657 231
658 589
658 886
658 888
658 739
658 583
658 406
658 398
658 419
658 244
658 137
658 620
658 597
658 912
658 135
658 411
659 323
659 28
659 121
659 380
659 454
659 269
659 901
659 701
660 163
660 637
660 736
660 352
660 993
660 294
660 927
660 499
660 801
660 500
660 702
660 930
661 374
661 35
661 372
661 706
661 861
661 890
661 997
661 273
661 488
662 195
662 619
662 43
662 649
662 121
662 931
662 447
662 471
662 274
662 126
662 934
663 7
663 209
663 668
663 320
663 276
663 417
663 91
664 569
664 576
664 746
664 951
664 466
664 677
664 531
665 906
665 361
665 266
665 273
665 710
665 943
665 18
665 133
665 653
665 314
666 154
666 462
666 618
666 63
666 795
666 997
666 427
666 904
666 948
666 1
667 261
667 735
667 623
667 277
667 909
667 446
667 528
667 541
668 207
668 640
668 278
668 65
668 212
668 177
668 701
668 610
668 2
669 575
669 593
669 172
669 854
669 187
669 926
669 420
670 854
670 386
670 632
670 146
670 610
670 301
670 152
670 24
670 466
671 234
671 862
671 251
671 768
671 518
671 452
671 318
671 828
671 891
671 645
671 218
672 588
672 172
672 364
672 962
672 881
672 28
672 885
672 422
672 477
672 530
672 7
672 329
672 243
672 33
672 491
672 809
672 641
673 597
673 148
673 923
673 691
673 39
673 926
673 450
673 169
673 500
674 621
674 117
674 129
674 256
674 646
674 252
674 335
674 823
675 530
675 668
675 426
675 307
675 32
675 963
675 447
676 839
676 580
676 968
676 44
676 6
676 74
676 320
676 3
677 850
677 369
677 961
677 148
677 694
677 433
677 730
677 84
677 288
677 945
677 581
678 115
678 747
679 650
679 477
679 5
679 180
679 773
679 515
679 286
679 35
679 479
679 598
680 546
680 580
680 831
680 906
680 686
680 700
681 613
681 428
681 211
681 960
681 192
681 777
681 418
682 832
682 760
682 645
682 878
682 733
682 849
682 67
682 112
682 270
682 868
682 327
682 958
682 734
683 815
683 274
683 887
683 568
684 631
684 449
684 148
684 384
684 532
684 908
684 981
684 870
684 649
684 228
684 328
684 967
684 765
684 23
684 234
685 714
685 903
685 111
685 779
685 927
685 386
685 684
686 285
686 774
686 45
686 996
686 983
686 787
686 652
687 715
687 337
687 436
688 527
688 219
688 590
688 186
688 428
688 500
688 808
688 493
688 528
688 320
689 636
689 781
689 535
689 372
689 837
689 457
689 497
689 154
689 490
689 134
689 195
689 40
690 635
690 846
690 644
690 730
690 567
690 554
690 344
690 995
690 461
691 420
691 214
691 517
691 857
692 209
692 696
692 22
692 822
692 341
692 182
692 133
692 587
692 966
692 181
693 55
693 860
693 357
693 602
693 688
693 84
693 971
694 96
694 338
694 520
694 897
694 404
694 669
695 483
695 419
695 9
695 525
695 567
695 310
695 838
695 671
695 130
695 995
695 766
696 701
696 843
696 330
696 934
696 13
696 504
696 461
696 682
696 408
696 997
696 197
696 957
696 800
697 608
697 977
697 440
697 884
697 313
697 45
697 64
697 744
697 138
697 107
697 578
697 390
697 575
698 306
698 994
698 12
698 127
698 66
698 180
698 330
698 673
699 425
699 944
699 55
699 154
699 453
699 760
699 513
700 363
700 797
700 568
700 36
700 150
700 427
700 240
700 327
701 211
701 174
701 886
701 306
702 501
702 422
702 568
702 397
703 286
703 696
703 573
704 966
704 818
704 28
704 896
704 279
704 295
704 89
704 10
704 883
705 336
705 51
705 972
705 550
705 400
705 129
705 195
705 345
705 620
706 893
706 770
706 111
706 339
706 202
706 748
706 734
706 725
706 921
706 214
706 488
706 615
706 556
707 233
707 704
707 217
707 309
707 770
707 249
707 334
708 198
708 396
708 684
708 986
708 778
708 40
708 257
708 725
708 109
709 305
709 439
709 277
709 685
709 780
709 606
709 271
709 367
709 59
709 839
709 929
710 35
710 912
710 889
710 981
710 155
710 676
710 110
711 888
711 97
711 283
711 950
711 564
711 832
711 221
711 903
711 625
711 389
711 397
712 973
712 470
712 862
712 786
712 965
712 589
712 63
712 974
713 166
713 653
713 622
713 905
713 654
713 486
713 54
713 452
713 840
714 444
714 835
714 437
714 647
715 279
715 410
715 247
715 994
715 889
715 552
715 624
715 795
715 123
715 668
716 70
716 289
716 439
716 968
716 784
717 82
717 230
717 722
717 849
717 368
717 998
718 991
718 36
718 995
719 452
719 888
719 294
719 957
719 25
719 930
719 743
719 252
719 645
719 994
719 960
719 175
719 167
719 339
720 354
720 708
720 478
720 256
720 945
720 923
720 254
720 111
720 791
720 912
721 740
721 289
721 678
721 507
721 700
721 290
722 937
722 456
722 305
722 553
722 54
722 978
722 229
722 798
722 202
723 342
723 985
723 874
723 343
723 786
724 365
724 163
724 654
724 592
724 239
724 443
724 551
724 94
724 808
725 846
725 943
725 457
725 22
725 559
725 133
725 679
725 662
725 485
725 84
726 363
726 351
726 139
726 87
726 792
727 556
727 239
727 851
727 280
727 299
727 76
727 768
728 335
728 918
728 897
728 254
728 628
728 743
728 520
728 15
728 949
728 986
728 366
729 133
729 636
729 387
729 721
729 496
729 608
729 641
730 260
730 322
730 272
730 880
730 616
730 577
730 197
731 37
731 514
731 485
731 897
731 826
732 505
732 887
732 109
732 949
732 453
732 970
732 268
732 391
733 840
733 984
733 619
733 374
733 438
733 409
733 753
733 318
733 956
734 24
734 716
734 387
734 610
734 495
734 995
735 677
735 689
735 524
735 394
735 643
735 101
736 599
736 669
736 782
736 487
736 709
736 86
736 346
737 16
737 181
737 96
737 628
737 699
737 800
737 203
737 706
737 356
737 615
737 154
737 401
737 399
738 348
738 96
738 544
738 911
738 467
738 905
738 922
738 554
739 792
739 988
739 64
739 99
739 839
739 397
739 597
740 13
740 780
740 278
740 464
740 63
740 381
740 298
740 241
740 587
740 868
740 608
741 67
741 60
741 415
741 225
741 518
741 524
741 571
741 26
741 810
742 367
742 87
742 424
742 487
742 317
742 861
743 75
743 547
743 268
743 224
743 858
743 485
743 656
743 374
743 116
744 16
744 561
744 796
744 79
744 787
744 445
744 410
744 433
744 984
745 20
745 349
745 428
745 108
745 367
745 82
745 190
745 950
746 525
746 399
746 726
746 510
746 426
746 154
747 219
747 80
747 430
747 246
747 501
747 681
747 238
747 185
748 951
748 954
748 54
748 761
748 862
748 181
748 876
748 978
748 845
748 780
749 162
749 867
749 528
749 425
749 184
749 562
749 274
749 855
749 219
749 327
750 306
750 245
750 167
750 241
750 454
750 499
750 367
750 368
750 509
750 185
751 463
751 931
751 538
751 639
751 934
751 258
751 965
752 326
752 757
752 15
752 866
752 871
752 169
752 173
752 222
752 168
752 734
752 773
752 609
752 436
753 599
753 728
753 354
753 458
753 597
754 279
754 614
754 733
754 931
754 559
754 350
754 989
755 169
755 762
755 799
755 130
755 644
755 645
755 279
755 735
755 547
755 716
755 210
756 11
756 718
756 421
756 464
756 596
756 544
757 883
757 432
757 945
757 309
757 855
757 794
757 556
757 171
758 620
758 550
758 832
758 483
758 896
758 809
758 783
758 772
758 567
759 209
759 573
759 192
759 752
759 730
759 343
759 74
760 655
760 275
760 754
760 75
760 463
760 146
760 493
761 938
761 943
761 212
761 985
761 406
761 254
761 870
761 161
761 551
762 23
762 259
762 772
762 740
762 604
763 77
763 468
763 50
763 142
763 828
763 481
764 352
764 357
764 152
765 97
765 673
766 78
766 453
766 816
766 820
766 117
766 263
766 104
766 550
767 706
767 383
767 448
767 361
767 782
767 537
767 717
767 347
767 738
767 971
768 115
768 450
768 458
768 338
768 961
768 776
769 252
769 230
769 7
769 170
769 112
769 872
769 131
770 917
770 59
770 281
770 200
770 116
770 763
770 154
771 80
771 648
771 809
771 752
771 223
771 893
771 532
772 274
772 667
772 877
772 841
772 892
772 396
772 663
772 929
772 134
772 785
772 454
773 399
773 929
773 431
773 316
773 839
774 500
774 581
774 497
774 636
774 798
774 864
774 775
774 232
774 701
775 260
775 189
775 813
775 390
775 849
775 249
775 101
775 490
775 598
775 149
775 720
775 40
776 545
776 146
776 356
776 103
776 859
776 952
776 926
777 310
777 514
777 383
777 127
777 126
777 805
777 586
777 525
777 1
778 201
778 98
778 939
778 629
778 100
778 455
778 189
778 383
778 595
778 938
778 371
779 591
779 842
779 261
779 585
779 781
779 329
779 915
779 822
779 771
779 508
779 372
779 702
779 296
779 986
779 84
779 153
780 574
780 610
780 29
780 388
780 154
780 71
780 823
780 688
780 956
781 138
781 843
781 449
781 777
781 754
781 871
781 379
781 477
781 676
781 715
781 973
781 373
781 483
781 1
781 31
781 700
781 881
781 346
781 647
782 364
782 677
782 169
782 640
782 819
782 208
782 47
782 66
782 756
783 863
783 141
783 4
783 884
783 174
783 222
783 621
783 339
783 79
783 292
783 321
783 218
783 646
783 670
784 730
784 950
784 87
784 540
785 46
785 878
785 928
785 243
785 187
785 877
785 846
786 798
786 425
786 8
786 233
786 430
786 294
786 532
786 792
786 691
786 832
787 650
787 737
787 760
787 599
787 818
787 11
787 233
787 895
787 316
787 934
787 44
787 687
787 480
788 148
788 192
788 106
788 860
788 968
788 45
788 726
788 973
788 210
788 513
788 863
788 716
788 156
788 759
789 440
789 546
789 107
789 207
789 391
789 602
790 482
790 765
790 128
790 228
790 668
790 27
790 856
790 692
791 436
791 207
791 463
791 278
791 806
791 544
791 133
791 840
791 784
792 809
792 266
792 550
792 684
792 560
792 114
792 669
792 385
793 559
793 968
793 15
793 259
793 118
793 280
793 923
794 13
794 660
794 107
794 170
794 341
794 776
795 435
795 26
795 231
795 469
795 380
795 982
795 393
795 893
796 267
796 922
796 719
796 436
796 836
796 440
796 400
796 403
796 25
796 395
796 814
797 102
797 192
797 71
797 383
797 478
797 182
798 952
798 826
798 631
798 910
798 849
799 136
799 327
799 604
799 808
799 152
799 608
800 74
800 147
800 921
800 301
800 846
800 462
800 461
800 348
800 686
801 617
801 284
801 115
801 757
802 240
802 767
802 846
802 300
802 426
803 511
803 390
803 612
803 470
803 82
803 776
804 481
804 35
804 572
804 919
804 773
804 141
805 443
805 608
805 617
806 908
806 623
806 994
806 300
806 51
806 626
806 989
806 259
806 583
807 894
807 91
807 792
807 512
807 871
807 687
807 283
808 233
808 470
808 55
808 488
808 468
808 337
808 511
809 537
809 886
809 382
809 189
809 432
809 590
809 554
809 838
809 52
809 525
809 318
809 133
809 497
810 365
810 669
810 968
810 525
810 186
810 204
810 464
810 738
810 89
810 333
810 969
811 668
811 249
811 940
811 384
811 8
812 871
812 876
812 509
812 427
812 25
812 154
812 611
812 122
812 573
812 530
813 82
813 210
813 365
813 848
813 249
813 276
814 171
814 109
814 526
814 995
814 355
814 751
815 851
815 617
815 646
815 5
815 337
815 711
815 384
816 161
816 741
816 372
816 893
816 487
816 70
816 869
816 111
816 570
816 569
817 285
817 592
817 337
817 994
817 449
818 187
818 43
818 546
818 862
818 766
818 348
818 884
818 638
819 605
819 469
819 379
819 325
819 313
819 17
819 107
819 382
819 344
820 865
820 87
820 661
820 623
820 389
820 909
820 675
820 284
820 720
820 452
821 819
821 509
822 77
822 221
822 437
822 581
822 353
822 432
822 646
822 8
822 597
822 705
822 360
823 954
823 467
823 224
824 73
824 948
824 516
824 59
824 322
824 255
825 928
825 110
825 324
825 357
825 646
825 147
825 855
825 424
825 937
825 18
825 586
825 304
826 847
826 112
826 698
826 186
826 609
827 810
827 214
827 153
827 79
827 688
827 660
827 959
827 816
827 927
827 15
827 405
828 503
828 662
828 560
828 100
828 524
828 677
828 993
828 558
828 723
828 371
828 549
829 241
829 396
829 519
829 807
829 564
829 920
829 989
830 645
830 280
830 623
830 461
830 472
830 969
830 872
830 436
830 429
830 584
831 201
831 224
831 68
831 50
831 116
831 7
831 380
831 600
832 732
832 830
832 584
832 128
832 724
832 503
832 260
832 595
832 432
833 737
833 774
833 586
833 4
833 924
833 512
833 60
834 440
834 676
834 557
834 17
834 501
834 392
834 465
834 599
834 136
834 777
834 165
835 543
835 26
835 878
835 2
835 503
835 774
835 46
836 982
836 419
836 911
836 665
836 0
837 953
837 450
837 133
837 627
837 852
838 845
838 152
838 467
838 340
838 579
838 962
839 27
839 521
839 104
839 155
839 138
839 758
839 974
840 356
840 827
840 295
840 806
840 456
840 532
840 249
840 734
841 718
841 106
841 202
841 812
841 383
841 345
842 367
842 479
842 621
842 76
842 617
842 290
842 960
842 679
842 959
843 118
843 217
843 910
843 950
843 769
843 555
843 456
843 826
843 439
843 397
843 591
844 847
844 280
844 182
844 534
844 363
844 508
845 710
845 854
845 65
845 80
845 827
845 353
845 987
846 352
846 476
846 165
846 925
846 512
846 549
847 94
847 83
847 677
847 804
847 792
847 604
847 790
848 705
848 369
848 896
848 743
848 55
848 405
848 853
848 96
848 948
848 35
848 601
848 271
848 424
848 375
849 583
849 84
849 166
849 151
849 635
849 348
850 329
850 315
850 188
850 318
850 913
850 951
850 311
850 390
851 178
851 251
851 169
851 415
851 570
851 227
852 512
852 714
852 403
852 502
852 185
852 873
853 763
853 212
853 963
853 468
853 962
853 201
854 14
854 534
854 349
854 726
854 80
854 60
854 457
854 214
855 763
855 543
855 73
855 890
855 639
855 994
855 64
855 659
855 884
855 146
856 211
856 641
856 558
856 433
856 200
856 690
856 300
856 178
857 315
857 494
857 868
857 499
857 217
858 710
858 658
858 384
858 938
858 44
858 347
858 654
858 819
858 299
858 570
859 168
859 521
859 131
859 801
859 916
859 273
859 115
859 692
859 25
859 462
860 901
860 808
860 819
860 359
860 498
860 240
860 612
860 309
860 430
860 664
860 269
860 95
861 124
861 223
861 483
861 781
861 986
861 966
861 608
861 550
861 318
861 531
861 958
861 72
861 722
862 239
862 824
862 181
862 777
862 498
862 501
862 612
863 425
863 296
863 60
863 927
863 466
864 398
864 518
864 963
864 320
864 36
864 374
864 108
864 892
865 693
865 450
865 782
865 596
865 143
865 274
865 981
865 422
865 682
866 592
866 269
866 380
866 538
866 346
866 33
866 167
866 806
867 339
867 156
867 490
867 444
867 358
867 731
867 63
867 233
867 445
867 679
867 386
867 306
867 293
868 10
868 685
868 60
868 406
868 226
868 516
868 55
868 708
868 153
868 295
868 650
868 520
868 582
869 142
869 852
869 212
869 649
869 631
869 706
869 906
869 475
869 554
869 601
870 818
870 219
870 198
870 252
870 324
870 830
870 734
870 985
870 133
870 514
870 681
871 514
871 156
871 63
871 933
871 861
871 418
871 800
871 987
871 285
871 45
871 575
872 56
872 250
872 143
872 501
872 89
872 630
872 791
872 574
872 10
872 857
872 454
873 58
873 669
873 511
873 623
873 394
873 114
873 212
873 321
874 170
874 370
874 243
874 768
874 465
874 938
874 904
874 46
874 244
874 322
874 124
874 5
874 764
874 814
874 347
875 681
875 341
875 437
875 411
875 234
875 129
875 496
875 347
876 46
876 321
876 5
876 132
876 130
876 839
876 304
877 930
877 47
877 466
877 650
877 519
877 798
877 238
877 547
877 596
878 707
878 633
878 528
878 611
878 302
878 15
878 187
879 437
879 687
879 163
879 158
879 997
879 192
879 230
879 337
880 492
880 301
880 667
880 662
880 374
880 70
880 306
880 836
880 522
880 713
880 133
880 83
880 318
880 553
881 354
881 432
881 718
881 91
881 238
881 723
881 514
881 135
881 489
881 149
881 185
881 146
881 452
882 303
882 615
882 918
882 704
882 716
882 374
882 619
882 148
882 512
882 595
882 970
883 114
883 929
883 997
883 973
883 329
883 411
883 206
883 283
884 535
884 671
884 713
884 46
884 605
884 285
884 849
884 648
884 851
884 785
884 519
885 898
885 571
885 73
885 706
885 778
885 475
885 424
885 817
885 775
886 476
886 37
886 723
886 539
886 133
886 935
886 28
886 682
886 959
886 450
887 189
887 69
887 35
887 878
887 98
887 195
887 312
887 116
887 827
887 631
887 183
887 635
888 396
888 617
888 479
888 614
888 128
888 736
888 139
889 282
889 676
889 827
889 651
889 136
889 202
889 492
889 900
889 784
889 203
889 253
890 674
890 370
890 275
890 422
890 28
890 371
890 690
890 101
891 465
891 217
891 369
891 731
891 863
891 272
891 46
891 105
891 355
892 749
892 657
892 558
892 83
892 251
893 562
893 947
893 158
893 784
893 468
893 189
893 366
893 69
893 776
893 909
894 448
894 530
894 528
894 541
894 356
894 595
894 692
894 312
895 681
895 174
895 338
895 107
895 846
895 267
895 886
895 450
896 246
896 856
896 533
896 48
896 930
896 234
896 62
897 292
897 463
897 952
897 462
897 926
897 839
897 795
898 149
898 20
898 696
898 787
898 135
898 488
899 803
899 175
899 911
899 679
900 198
900 297
900 536
900 263
900 590
900 869
900 161
900 61
900 724
900 209
900 789
900 681
900 186
900 937
900 901
900 792
901 97
901 69
901 715
901 559
901 880
901 505
901 73
901 376
901 325
901 441
901 307
901 322
901 927
902 774
902 133
903 832
903 74
903 349
903 521
903 43
903 332
903 974
904 957
904 41
904 587
904 205
904 601
904 238
904 805
904 92
904 331
904 758
904 882
904 781
904 920
905 747
905 548
905 679
905 530
905 531
905 994
905 611
905 802
906 53
906 751
906 440
906 75
906 605
906 354
906 508
906 861
906 732
907 243
907 283
907 621
907 704
907 355
907 362
907 103
907 927
907 688
908 315
908 360
908 121
908 711
908 282
908 539
908 785
909 197
909 86
909 748
909 53
909 640
909 273
909 530
909 268
909 162
910 309
910 191
910 635
910 219
910 307
910 828
910 861
910 341
910 778
910 482
911 752
911 878
911 639
911 961
911 144
911 20
911 131
911 581
911 220
912 956
912 796
912 481
912 827
912 614
912 749
912 659
913 13
913 515
913 713
913 805
913 425
913 896
913 856
913 183
914 745
914 544
914 856
914 321
914 313
914 402
914 973
914 369
914 491
914 489
915 960
915 871
915 828
915 87
915 23
915 597
916 866
916 341
916 502
917 25
917 381
917 283
917 529
918 904
918 256
918 751
918 311
918 437
918 574
918 376
918 650
919 924
919 707
919 815
919 398
919 47
919 724
919 846
919 960
919 340
919 295
919 984
920 906
920 662
920 796
920 312
920 546
920 687
920 941
920 152
920 97
920 434
920 975
921 449
921 196
921 711
921 163
921 241
921 743
921 500
921 287
921 869
922 459
922 777
922 850
922 283
922 813
923 128
923 167
923 219
923 95
923 620
923 388
923 497
923 73
924 926
924 142
924 19
924 946
924 56
924 186
924 154
924 129
924 301
924 281
924 519
924 758
924 655
925 434
925 764
925 920
925 31
925 582
925 584
925 262
925 722
925 132
925 485
926 518
926 99
926 960
926 810
926 192
926 796
927 333
927 198
927 943
927 799
927 390
927 441
928 359
928 478
928 80
928 841
928 560
928 361
928 10
928 844
928 424
929 625
929 90
929 166
929 837
929 626
929 467
929 403
930 790
930 159
930 561
930 868
930 375
930 745
930 272
930 19
930 594
930 901
930 36
930 369
931 112
931 140
931 6
931 103
932 293
932 896
932 387
932 891
932 978
932 844
933 135
933 389
933 815
933 395
933 757
933 212
933 941
933 745
933 160
934 661
934 553
934 523
934 15
934 565
934 821
935 830
935 169
935 448
935 311
935 715
935 647
936 868
936 553
936 959
936 703
936 844
936 389
936 65
937 914
937 715
937 17
937 308
937 63
937 125
938 297
938 265
938 222
938 354
938 586
938 276
938 47
938 0
938 76
939 614
939 742
939 771
939 179
939 496
939 806
939 865
939 652
939 609
940 594
940 476
940 462
940 776
940 610
940 494
940 363
940 335
940 257
941 517
941 826
941 943
941 430
941 881
941 959
941 295
941 321
942 34
942 30
942 201
942 599
942 7
942 577
942 701
942 188
942 841
943 365
943 454
943 483
943 563
943 336
943 654
943 17
943 845
944 788
944 781
944 290
944 606
944 941
944 137
944 241
944 820
944 786
944 98
944 325
945 113
945 707
945 949
945 47
945 207
945 648
946 201
946 772
946 931
946 521
946 616
946 920
946 369
946 350
946 888
946 536
946 775
946 503
946 710
947 800
947 871
947 859
947 167
947 198
947 773
947 431
948 537
948 272
948 408
948 902
948 136
948 576
948 658
948 990
948 511
949 906
949 813
949 371
949 866
949 36
949 697
949 998
949 496
950 153
950 464
950 958
950 265
950 331
951 14
951 696
951 943
951 658
951 162
951 770
951 409
951 347
951 860
952 337
952 659
952 814
953 833
953 514
953 535
953 802
953 45
953 262
953 286
953 620
954 849
954 778
954 295
954 508
954 397
954 343
955 355
955 967
955 971
955 962
955 749
955 256
955 865
955 527
955 197
955 135
956 612
956 70
956 452
956 17
956 319
957 519
957 946
957 926
957 721
957 6
957 383
957 384
957 879
957 929
957 872
958 260
958 716
958 568
958 123
958 745
958 977
958 777
959 742
959 0
959 722
959 749
959 351
959 625
959 720
959 114
959 681
959 421
959 244
959 450
959 340
959 382
959 642
960 377
960 589
960 793
960 119
960 212
960 972
960 275
961 651
961 699
961 271
961 900
961 628
962 985
962 966
962 820
962 807
962 430
962 225
962 178
962 290
962 130
963 958
963 335
963 242
963 216
964 23
964 874
964 579
964 541
964 645
964 499
965 338
965 103
965 629
965 734
965 289
965 887
965 415
966 498
966 128
966 198
966 903
966 951
966 749
966 54
966 830
966 366
966 383
967 421
967 491
967 832
967 844
967 464
968 89
968 624
968 906
968 979
968 312
968 504
968 556
969 733
969 615
969 763
969 295
969 280
969 168
969 607
969 669
969 861
969 349
969 744
969 984
969 431
969 250
969 746
970 237
970 493
970 498
970 449
970 374
970 255
970 904
970 416
970 952
970 40
971 397
971 262
971 31
971 764
971 599
971 560
971 763
971 296
971 867
971 266
971 958
972 598
972 454
972 546
972 653
972 207
972 270
972 452
973 778
973 16
973 498
973 866
973 24
973 236
973 681
974 881
974 899
974 345
974 960
974 906
974 125
974 915
974 836
974 60
974 537
974 692
975 685
975 889
975 993
975 380
975 611
975 926
975 584
975 772
975 940
975 459
975 576
975 2
975 598
975 681
976 190
976 666
976 939
976 264
976 130
976 462
976 34
976 512
977 610
977 241
977 314
977 162
977 244
977 520
977 732
977 125
977 436
978 964
978 414
978 218
978 144
978 656
978 597
978 622
979 990
979 997
979 824
979 480
979 570
979 907
979 561
979 0
979 464
980 295
980 429
980 491
980 878
980 526
980 457
981 129
981 536
981 775
981 853
981 583
981 449
981 304
981 453
981 348
981 178
982 454
982 827
982 204
982 995
982 402
982 166
982 167
982 606
982 724
982 683
982 967
982 787
982 269
982 27
983 588
983 25
983 682
983 194
983 380
984 411
984 160
984 599
984 146
984 526
984 931
984 202
984 761
984 557
985 877
985 482
985 506
985 607
985 453
985 193
985 814
985 115
985 56
985 609
985 935
985 489
986 840
986 40
987 534
987 742
987 404
987 114
987 932
987 289
987 271
988 365
988 803
988 947
988 144
989 133
989 879
989 211
989 293
990 853
990 863
990 121
990 332
990 200
990 962
990 364
991 191
991 25
991 17
991 363
991 640
991 352
991 623
991 777
991 766
991 343
991 448
991 723
991 827
991 137
992 27
992 139
992 277
992 29
992 815
992 727
993 443
993 889
993 467
993 736
993 560
993 182
993 663
993 506
993 951
994 569
994 641
994 12
994 665
994 417
994 128
994 114
994 194
994 346
994 705
994 110
995 661
995 506
995 496
995 725
995 344
995 250
995 664
995 975
996 564
996 529
996 409
996 545
996 615
996 9
996 50
996 514
996 387
997 192
997 391
997 515
997 631
997 184
997 217
997 738
998 776
998 576
998 383
998 692
998 876
998 907
998 561
998 414
998 644
998 768
999 299
999 536
999 705
999 511
