0 53 1.0
0 129 1.0
0 244 1.0
0 381 1.0
0 438 1.0
1 25 1.0
1 394 1.0
1 448 1.0
1 455 1.0
1 466 1.0
1 553 1.0
1 839 1.0
1 887 1.0
1 893 1.0
2 44 1.0
2 424 1.0
2 484 1.0
2 507 1.0
2 563 1.0
2 651 1.0
3 29 1.0
3 98 1.0
3 266 1.0
3 313 1.0
3 324 1.0
4 29 1.0
4 128 1.0
4 196 1.0
4 220 1.0
4 300 1.0
4 311 1.0
4 576 1.0
4 582 1.0
4 591 1.0
4 632 1.0
4 864 1.0
4 908 1.0
5 217 1.0
5 242 1.0
5 376 1.0
5 377 1.0
5 428 1.0
5 886 1.0
6 31 1.0
6 161 1.0
6 200 1.0
6 291 1.0
6 735 1.0
6 830 1.0
6 838 1.0
6 848 1.0
6 922 1.0
6 983 1.0
7 160 1.0
7 252 1.0
7 471 1.0
7 743 1.0
7 940 1.0
8 112 1.0
8 163 1.0
8 323 1.0
8 384 1.0
8 428 1.0
8 560 1.0
8 749 1.0
8 884 1.0
9 102 1.0
9 106 1.0
9 266 1.0
9 276 1.0
9 390 1.0
9 447 1.0
9 457 1.0
9 577 1.0
9 697 1.0
10 944 1.0
11 7 1.0
11 575 1.0
11 651 1.0
11 833 1.0
11 840 1.0
11 906 1.0
12 287 1.0
12 340 1.0
12 348 1.0
12 419 1.0
12 475 1.0
12 716 1.0
12 748 1.0
12 789 1.0
13 352 1.0
13 378 1.0
13 661 1.0
13 665 1.0
14 201 1.0
14 211 1.0
14 290 1.0
14 462 1.0
14 504 1.0
14 617 1.0
14 757 1.0
14 797 1.0
14 888 1.0
15 33 1.0
15 269 1.0
15 520 1.0
15 651 1.0
15 777 1.0
15 813 1.0
15 928 1.0
15 951 1.0
16 24 1.0
16 282 1.0
16 341 1.0
16 456 1.0
16 463 1.0
16 495 1.0
16 837 1.0
16 893 1.0
16 937 1.0
16 942 1.0
17 173 1.0
17 439 1.0
17 538 1.0
17 655 1.0
17 751 1.0
17 823 1.0
17 944 1.0
18 29 1.0
18 108 1.0
18 158 1.0
18 219 1.0
18 342 1.0
18 539 1.0
18 623 1.0
18 704 1.0
18 777 1.0
18 815 1.0
18 915 1.0
19 122 1.0
19 145 1.0
19 309 1.0
19 399 1.0
19 412 1.0
19 422 1.0
19 729 1.0
19 778 1.0
20 128 1.0
20 158 1.0
20 165 1.0
20 607 1.0
20 715 1.0
20 736 1.0
20 746 1.0
20 886 1.0
21 18 1.0
21 187 1.0
21 214 1.0
21 376 1.0
21 384 1.0
21 445 1.0
21 760 1.0
22 168 1.0
22 249 1.0
22 549 1.0
22 609 1.0
22 638 1.0
23 210 1.0
23 276 1.0
23 372 1.0
23 424 1.0
23 434 1.0
23 471 1.0
23 694 1.0
23 765 1.0
24 22 1.0
24 301 1.0
24 364 1.0
24 837 1.0
24 839 1.0
24 899 1.0
25 97 1.0
25 130 1.0
25 230 1.0
25 282 1.0
25 383 1.0
25 464 1.0
25 666 1.0
25 795 1.0
25 808 1.0
25 926 1.0
26 371 1.0
26 411 1.0
26 585 1.0
26 915 1.0
27 32 1.0
27 130 1.0
27 155 1.0
27 160 1.0
27 187 1.0
27 217 1.0
27 260 1.0
27 462 1.0
27 572 1.0
27 749 1.0
28 625 1.0
28 641 1.0
28 737 1.0
29 39 1.0
29 57 1.0
29 144 1.0
29 416 1.0
30 0 1.0
30 51 1.0
30 103 1.0
30 108 1.0
30 224 1.0
30 346 1.0
30 487 1.0
30 543 1.0
30 546 1.0
30 923 1.0
31 156 1.0
31 178 1.0
31 341 1.0
31 405 1.0
31 498 1.0
31 630 1.0
31 663 1.0
31 671 1.0
31 690 1.0
31 751 1.0
32 148 1.0
32 164 1.0
32 555 1.0
32 612 1.0
32 845 1.0
32 934 1.0
32 953 1.0
33 324 1.0
33 383 1.0
33 428 1.0
33 528 1.0
33 635 1.0
33 649 1.0
34 53 1.0
34 196 1.0
34 400 1.0
35 366 1.0
35 406 1.0
35 551 1.0
35 629 1.0
35 746 1.0
35 906 1.0
36 413 1.0
36 477 1.0
36 743 1.0
36 812 1.0
36 921 1.0
36 979 1.0
37 127 1.0
37 155 1.0
37 164 1.0
37 257 1.0
37 310 1.0
37 375 1.0
37 408 1.0
37 629 1.0
38 202 1.0
38 282 1.0
38 548 1.0
38 761 1.0
38 874 1.0
39 235 1.0
39 242 1.0
39 458 1.0
39 562 1.0
39 795 1.0
39 811 1.0
40 130 1.0
40 258 1.0
40 326 1.0
40 438 1.0
40 614 1.0
40 671 1.0
41 110 1.0
41 130 1.0
41 158 1.0
41 291 1.0
41 374 1.0
41 510 1.0
41 566 1.0
41 777 1.0
41 832 1.0
42 170 1.0
42 471 1.0
42 504 1.0
42 546 1.0
42 636 1.0
42 731 1.0
42 772 1.0
42 784 1.0
43 6 1.0
43 63 1.0
43 112 1.0
43 221 1.0
43 296 1.0
43 643 1.0
43 681 1.0
43 930 1.0
43 931 1.0
44 110 1.0
44 143 1.0
44 189 1.0
44 252 1.0
44 466 1.0
44 467 1.0
44 509 1.0
44 578 1.0
44 735 1.0
44 758 1.0
44 769 1.0
44 876 1.0
44 930 1.0
45 34 1.0
45 192 1.0
45 247 1.0
45 344 1.0
45 367 1.0
45 435 1.0
45 520 1.0
45 911 1.0
45 953 1.0
46 87 1.0
46 172 1.0
46 307 1.0
46 435 1.0
46 449 1.0
46 561 1.0
46 805 1.0
47 306 1.0
47 413 1.0
47 420 1.0
47 476 1.0
47 492 1.0
47 655 1.0
47 657 1.0
47 845 1.0
47 875 1.0
48 9 1.0
48 178 1.0
48 294 1.0
48 298 1.0
48 340 1.0
48 409 1.0
48 452 1.0
48 478 1.0
48 608 1.0
48 615 1.0
48 829 1.0
48 896 1.0
48 924 1.0
49 14 1.0
49 71 1.0
49 741 1.0
49 854 1.0
49 895 1.0
50 49 1.0
50 151 1.0
50 200 1.0
50 219 1.0
50 314 1.0
50 562 1.0
50 646 1.0
50 651 1.0
50 711 1.0
50 741 1.0
50 952 1.0
51 152 1.0
51 209 1.0
51 372 1.0
51 398 1.0
51 608 1.0
51 710 1.0
51 713 1.0
51 792 1.0
52 89 1.0
52 344 1.0
52 430 1.0
52 468 1.0
52 514 1.0
52 608 1.0
52 648 1.0
52 649 1.0
52 740 1.0
52 827 1.0
52 877 1.0
53 124 1.0
53 330 1.0
54 52 1.0
54 297 1.0
54 655 1.0
54 699 1.0
54 704 1.0
54 763 1.0
54 780 1.0
55 26 1.0
55 680 1.0
55 709 1.0
55 852 1.0
55 879 1.0
55 888 1.0
55 917 1.0
55 930 1.0
56 119 1.0
56 564 1.0
56 618 1.0
56 679 1.0
56 689 1.0
56 944 1.0
56 949 1.0
57 21 1.0
57 24 1.0
57 202 1.0
57 371 1.0
57 429 1.0
57 652 1.0
57 709 1.0
57 787 1.0
57 826 1.0
57 838 1.0
58 101 1.0
58 443 1.0
58 682 1.0
58 942 1.0
59 189 1.0
59 299 1.0
59 518 1.0
59 555 1.0
59 649 1.0
59 656 1.0
59 741 1.0
59 936 1.0
59 952 1.0
60 101 1.0
60 397 1.0
60 537 1.0
60 857 1.0
61 25 1.0
61 119 1.0
61 260 1.0
61 503 1.0
61 677 1.0
62 48 1.0
62 85 1.0
62 88 1.0
62 372 1.0
62 403 1.0
62 680 1.0
62 796 1.0
62 839 1.0
62 931 1.0
63 34 1.0
63 76 1.0
63 671 1.0
63 687 1.0
63 718 1.0
63 772 1.0
63 777 1.0
63 778 1.0
64 190 1.0
64 240 1.0
64 253 1.0
64 525 1.0
64 686 1.0
64 715 1.0
64 717 1.0
64 945 1.0
65 14 1.0
65 222 1.0
65 295 1.0
65 405 1.0
65 831 1.0
65 834 1.0
65 850 1.0
65 871 1.0
65 907 1.0
66 55 1.0
66 59 1.0
66 113 1.0
66 133 1.0
66 254 1.0
66 293 1.0
66 307 1.0
66 438 1.0
66 597 1.0
66 628 1.0
66 687 1.0
66 768 1.0
67 80 1.0
67 95 1.0
67 190 1.0
67 381 1.0
67 397 1.0
67 403 1.0
67 537 1.0
67 639 1.0
67 804 1.0
68 396 1.0
68 441 1.0
68 808 1.0
68 822 1.0
68 850 1.0
68 893 1.0
69 209 1.0
69 432 1.0
69 769 1.0
69 850 1.0
69 851 1.0
69 862 1.0
69 943 1.0
70 231 1.0
70 320 1.0
70 396 1.0
70 716 1.0
70 717 1.0
70 811 1.0
70 814 1.0
70 863 1.0
71 76 1.0
71 222 1.0
71 239 1.0
71 241 1.0
71 397 1.0
71 514 1.0
71 655 1.0
71 691 1.0
71 714 1.0
71 864 1.0
71 894 1.0
72 442 1.0
73 394 1.0
73 484 1.0
73 685 1.0
73 699 1.0
73 714 1.0
73 740 1.0
73 840 1.0
73 879 1.0
73 891 1.0
73 958 1.0
74 20 1.0
74 205 1.0
74 633 1.0
74 672 1.0
74 836 1.0
74 874 1.0
75 91 1.0
75 158 1.0
75 288 1.0
75 321 1.0
75 330 1.0
75 414 1.0
75 462 1.0
75 512 1.0
75 820 1.0
75 846 1.0
75 878 1.0
75 912 1.0
75 962 1.0
76 338 1.0
76 407 1.0
76 485 1.0
76 641 1.0
76 706 1.0
77 246 1.0
77 306 1.0
77 323 1.0
77 434 1.0
77 649 1.0
78 11 1.0
78 94 1.0
78 132 1.0
78 378 1.0
78 415 1.0
78 580 1.0
78 776 1.0
79 341 1.0
79 492 1.0
79 584 1.0
79 733 1.0
79 805 1.0
79 912 1.0
80 110 1.0
80 116 1.0
80 146 1.0
80 240 1.0
80 503 1.0
80 801 1.0
80 966 1.0
81 190 1.0
81 195 1.0
81 246 1.0
81 261 1.0
81 316 1.0
81 365 1.0
81 536 1.0
81 725 1.0
81 794 1.0
81 804 1.0
82 17 1.0
82 78 1.0
82 121 1.0
82 187 1.0
82 500 1.0
82 510 1.0
82 548 1.0
82 676 1.0
82 693 1.0
82 859 1.0
82 979 1.0
83 324 1.0
83 379 1.0
83 508 1.0
83 532 1.0
83 711 1.0
83 773 1.0
83 869 1.0
84 131 1.0
84 163 1.0
84 477 1.0
84 537 1.0
84 560 1.0
84 904 1.0
84 930 1.0
85 4 1.0
85 113 1.0
85 376 1.0
85 400 1.0
85 516 1.0
85 544 1.0
85 586 1.0
85 598 1.0
85 637 1.0
85 648 1.0
85 700 1.0
86 50 1.0
86 98 1.0
86 304 1.0
86 359 1.0
86 476 1.0
86 752 1.0
86 914 1.0
87 51 1.0
87 85 1.0
87 113 1.0
87 447 1.0
87 588 1.0
87 634 1.0
87 869 1.0
88 5 1.0
88 97 1.0
88 202 1.0
88 356 1.0
88 417 1.0
88 572 1.0
88 743 1.0
88 773 1.0
88 835 1.0
88 870 1.0
88 935 1.0
88 964 1.0
89 151 1.0
89 188 1.0
89 360 1.0
89 513 1.0
89 675 1.0
89 769 1.0
89 782 1.0
89 910 1.0
90 34 1.0
90 150 1.0
90 177 1.0
90 640 1.0
90 711 1.0
90 820 1.0
90 823 1.0
91 38 1.0
91 419 1.0
91 515 1.0
91 798 1.0
91 937 1.0
91 940 1.0
92 16 1.0
92 21 1.0
92 86 1.0
92 134 1.0
92 178 1.0
92 236 1.0
92 654 1.0
92 663 1.0
92 801 1.0
92 845 1.0
93 28 1.0
93 183 1.0
93 223 1.0
93 268 1.0
93 294 1.0
93 619 1.0
93 722 1.0
93 902 1.0
94 27 1.0
94 177 1.0
94 295 1.0
94 319 1.0
94 349 1.0
94 427 1.0
94 490 1.0
94 499 1.0
94 559 1.0
94 646 1.0
94 731 1.0
94 847 1.0
94 884 1.0
94 929 1.0
95 52 1.0
95 248 1.0
95 272 1.0
95 293 1.0
95 364 1.0
95 426 1.0
95 525 1.0
95 582 1.0
95 820 1.0
95 823 1.0
95 861 1.0
96 26 1.0
96 29 1.0
96 190 1.0
96 627 1.0
96 647 1.0
96 914 1.0
97 351 1.0
97 568 1.0
97 619 1.0
97 691 1.0
97 725 1.0
97 767 1.0
98 77 1.0
98 140 1.0
98 306 1.0
98 337 1.0
98 610 1.0
98 668 1.0
98 696 1.0
99 108 1.0
99 173 1.0
99 317 1.0
99 358 1.0
99 694 1.0
100 213 1.0
100 381 1.0
100 403 1.0
100 655 1.0
100 692 1.0
100 744 1.0
100 855 1.0
100 920 1.0
100 937 1.0
101 165 1.0
101 252 1.0
101 573 1.0
101 639 1.0
101 842 1.0
101 892 1.0
102 149 1.0
102 369 1.0
102 440 1.0
102 637 1.0
102 937 1.0
103 78 1.0
103 210 1.0
103 295 1.0
103 336 1.0
103 376 1.0
103 419 1.0
103 425 1.0
103 577 1.0
103 637 1.0
103 769 1.0
104 95 1.0
104 189 1.0
104 223 1.0
104 330 1.0
104 651 1.0
104 773 1.0
104 805 1.0
105 10 1.0
105 44 1.0
105 381 1.0
105 553 1.0
105 905 1.0
105 909 1.0
106 80 1.0
106 89 1.0
106 121 1.0
106 158 1.0
106 190 1.0
106 228 1.0
106 359 1.0
106 569 1.0
107 327 1.0
107 429 1.0
107 439 1.0
107 459 1.0
107 544 1.0
107 742 1.0
107 822 1.0
107 917 1.0
107 937 1.0
107 948 1.0
108 48 1.0
108 281 1.0
108 313 1.0
108 315 1.0
108 730 1.0
108 836 1.0
108 890 1.0
109 81 1.0
109 230 1.0
109 237 1.0
109 268 1.0
109 475 1.0
109 749 1.0
110 4 1.0
110 28 1.0
110 50 1.0
110 264 1.0
110 268 1.0
110 356 1.0
110 416 1.0
110 465 1.0
110 520 1.0
110 559 1.0
110 663 1.0
110 762 1.0
110 863 1.0
110 924 1.0
111 1 1.0
111 321 1.0
111 344 1.0
111 497 1.0
111 933 1.0
111 958 1.0
112 49 1.0
112 95 1.0
112 354 1.0
112 467 1.0
112 585 1.0
112 787 1.0
112 881 1.0
112 944 1.0
112 976 1.0
113 115 1.0
113 343 1.0
113 402 1.0
113 490 1.0
113 562 1.0
113 628 1.0
113 724 1.0
113 800 1.0
113 824 1.0
113 949 1.0
114 342 1.0
114 350 1.0
114 605 1.0
114 633 1.0
114 776 1.0
114 920 1.0
114 998 1.0
115 19 1.0
115 134 1.0
115 273 1.0
115 336 1.0
115 912 1.0
116 295 1.0
116 585 1.0
116 726 1.0
117 71 1.0
117 110 1.0
117 122 1.0
117 213 1.0
117 295 1.0
117 458 1.0
117 901 1.0
117 941 1.0
118 9 1.0
118 238 1.0
118 502 1.0
118 821 1.0
118 887 1.0
118 981 1.0
119 103 1.0
119 417 1.0
119 507 1.0
119 679 1.0
119 797 1.0
119 851 1.0
120 231 1.0
120 238 1.0
120 261 1.0
120 340 1.0
120 360 1.0
120 517 1.0
120 559 1.0
120 646 1.0
121 8 1.0
121 86 1.0
121 191 1.0
121 266 1.0
121 345 1.0
121 677 1.0
121 709 1.0
122 59 1.0
122 89 1.0
122 326 1.0
122 454 1.0
122 469 1.0
122 815 1.0
123 130 1.0
123 175 1.0
123 204 1.0
123 632 1.0
123 654 1.0
123 819 1.0
123 847 1.0
124 170 1.0
124 214 1.0
124 417 1.0
124 490 1.0
124 528 1.0
124 624 1.0
124 627 1.0
124 632 1.0
124 660 1.0
124 672 1.0
124 769 1.0
124 812 1.0
124 868 1.0
124 897 1.0
124 899 1.0
124 987 1.0
125 37 1.0
125 43 1.0
125 277 1.0
125 283 1.0
126 53 1.0
126 62 1.0
126 112 1.0
126 330 1.0
126 530 1.0
126 611 1.0
126 833 1.0
127 18 1.0
127 32 1.0
127 64 1.0
127 179 1.0
127 207 1.0
127 222 1.0
127 340 1.0
127 373 1.0
127 429 1.0
127 510 1.0
127 621 1.0
127 695 1.0
127 777 1.0
127 903 1.0
127 916 1.0
128 327 1.0
128 511 1.0
128 542 1.0
128 615 1.0
128 662 1.0
128 671 1.0
128 685 1.0
128 703 1.0
128 819 1.0
129 228 1.0
129 438 1.0
129 579 1.0
129 582 1.0
129 724 1.0
129 725 1.0
129 902 1.0
130 121 1.0
130 127 1.0
130 251 1.0
130 263 1.0
130 287 1.0
130 472 1.0
130 521 1.0
130 537 1.0
130 572 1.0
130 741 1.0
130 804 1.0
130 947 1.0
131 12 1.0
131 114 1.0
131 254 1.0
131 263 1.0
131 283 1.0
131 426 1.0
131 486 1.0
131 625 1.0
131 728 1.0
131 925 1.0
132 63 1.0
132 203 1.0
132 261 1.0
132 343 1.0
132 409 1.0
132 562 1.0
132 598 1.0
132 763 1.0
132 936 1.0
133 143 1.0
133 481 1.0
133 608 1.0
133 632 1.0
133 650 1.0
133 752 1.0
133 754 1.0
133 831 1.0
134 320 1.0
134 502 1.0
134 531 1.0
134 551 1.0
134 730 1.0
134 761 1.0
134 774 1.0
134 837 1.0
135 25 1.0
135 178 1.0
135 195 1.0
135 372 1.0
135 379 1.0
135 390 1.0
135 574 1.0
135 612 1.0
135 707 1.0
135 767 1.0
136 156 1.0
136 487 1.0
136 529 1.0
136 832 1.0
136 870 1.0
137 101 1.0
137 182 1.0
137 249 1.0
137 263 1.0
137 396 1.0
137 496 1.0
137 557 1.0
138 7 1.0
138 175 1.0
138 212 1.0
138 253 1.0
138 429 1.0
138 488 1.0
138 526 1.0
138 887 1.0
139 118 1.0
139 479 1.0
139 544 1.0
139 732 1.0
139 736 1.0
140 40 1.0
140 277 1.0
140 350 1.0
140 409 1.0
140 448 1.0
140 486 1.0
140 682 1.0
140 799 1.0
140 840 1.0
141 122 1.0
141 209 1.0
141 442 1.0
141 698 1.0
141 706 1.0
141 774 1.0
141 893 1.0
141 986 1.0
142 336 1.0
142 411 1.0
142 415 1.0
142 487 1.0
142 547 1.0
142 595 1.0
142 658 1.0
142 704 1.0
142 762 1.0
142 821 1.0
142 839 1.0
142 939 1.0
143 34 1.0
143 56 1.0
143 86 1.0
143 304 1.0
143 310 1.0
143 413 1.0
143 515 1.0
143 727 1.0
143 767 1.0
143 863 1.0
143 870 1.0
144 43 1.0
144 576 1.0
144 701 1.0
144 816 1.0
144 980 1.0
145 219 1.0
145 291 1.0
145 370 1.0
145 562 1.0
145 688 1.0
145 770 1.0
145 819 1.0
145 857 1.0
146 33 1.0
146 136 1.0
146 268 1.0
146 444 1.0
146 470 1.0
147 636 1.0
147 881 1.0
147 887 1.0
147 933 1.0
148 277 1.0
148 414 1.0
148 420 1.0
148 511 1.0
148 519 1.0
148 583 1.0
148 812 1.0
148 840 1.0
148 872 1.0
148 913 1.0
149 52 1.0
149 160 1.0
149 168 1.0
149 312 1.0
149 480 1.0
149 548 1.0
149 687 1.0
149 710 1.0
149 734 1.0
149 823 1.0
149 875 1.0
150 227 1.0
150 419 1.0
150 950 1.0
151 403 1.0
151 466 1.0
151 720 1.0
151 753 1.0
151 957 1.0
152 250 1.0
152 356 1.0
152 462 1.0
152 539 1.0
152 638 1.0
152 974 1.0
153 432 1.0
153 559 1.0
153 592 1.0
153 851 1.0
153 931 1.0
153 934 1.0
153 951 1.0
153 964 1.0
154 59 1.0
154 196 1.0
154 202 1.0
154 353 1.0
154 490 1.0
154 685 1.0
154 932 1.0
154 978 1.0
154 999 1.0
155 460 1.0
155 588 1.0
155 754 1.0
155 821 1.0
155 847 1.0
155 863 1.0
156 267 1.0
156 279 1.0
156 303 1.0
156 358 1.0
156 359 1.0
156 365 1.0
156 547 1.0
156 595 1.0
157 133 1.0
157 196 1.0
157 293 1.0
157 310 1.0
157 386 1.0
157 471 1.0
157 526 1.0
157 669 1.0
157 877 1.0
157 928 1.0
157 942 1.0
158 159 1.0
158 173 1.0
158 391 1.0
158 632 1.0
158 695 1.0
158 725 1.0
158 731 1.0
158 761 1.0
158 785 1.0
158 841 1.0
158 993 1.0
159 318 1.0
159 410 1.0
159 411 1.0
159 430 1.0
159 831 1.0
159 879 1.0
160 11 1.0
160 110 1.0
160 206 1.0
160 297 1.0
160 357 1.0
160 658 1.0
160 692 1.0
160 702 1.0
160 820 1.0
160 847 1.0
160 853 1.0
161 58 1.0
161 179 1.0
161 220 1.0
161 534 1.0
161 818 1.0
161 827 1.0
161 946 1.0
162 35 1.0
162 49 1.0
162 73 1.0
162 95 1.0
162 132 1.0
162 526 1.0
162 932 1.0
163 201 1.0
163 214 1.0
163 943 1.0
164 176 1.0
164 193 1.0
164 379 1.0
164 449 1.0
164 503 1.0
164 921 1.0
165 78 1.0
165 281 1.0
165 373 1.0
165 401 1.0
165 405 1.0
165 749 1.0
165 753 1.0
165 799 1.0
166 64 1.0
166 72 1.0
166 127 1.0
166 200 1.0
166 393 1.0
166 590 1.0
166 621 1.0
167 58 1.0
167 156 1.0
167 651 1.0
167 652 1.0
167 695 1.0
167 838 1.0
167 891 1.0
167 902 1.0
167 943 1.0
167 977 1.0
168 33 1.0
168 84 1.0
168 88 1.0
168 93 1.0
168 265 1.0
168 281 1.0
168 374 1.0
168 513 1.0
168 590 1.0
168 619 1.0
169 223 1.0
169 358 1.0
169 379 1.0
169 424 1.0
169 429 1.0
169 562 1.0
169 604 1.0
169 626 1.0
169 819 1.0
169 850 1.0
169 861 1.0
169 894 1.0
170 293 1.0
170 308 1.0
170 715 1.0
170 736 1.0
170 883 1.0
170 887 1.0
170 899 1.0
171 79 1.0
171 276 1.0
171 389 1.0
171 423 1.0
171 538 1.0
171 616 1.0
171 690 1.0
171 913 1.0
172 302 1.0
172 341 1.0
172 489 1.0
172 616 1.0
172 894 1.0
172 997 1.0
173 58 1.0
173 194 1.0
173 311 1.0
173 378 1.0
173 645 1.0
173 648 1.0
173 865 1.0
174 81 1.0
174 275 1.0
174 319 1.0
174 322 1.0
174 516 1.0
175 68 1.0
175 340 1.0
175 474 1.0
175 720 1.0
175 747 1.0
175 865 1.0
176 76 1.0
176 134 1.0
176 207 1.0
176 238 1.0
176 295 1.0
176 624 1.0
176 865 1.0
177 59 1.0
177 401 1.0
177 431 1.0
177 492 1.0
177 506 1.0
177 517 1.0
177 753 1.0
177 760 1.0
177 946 1.0
178 149 1.0
178 174 1.0
178 205 1.0
178 209 1.0
178 539 1.0
178 567 1.0
178 647 1.0
178 754 1.0
178 864 1.0
178 893 1.0
179 42 1.0
179 175 1.0
179 424 1.0
179 539 1.0
179 546 1.0
179 945 1.0
180 40 1.0
180 234 1.0
180 459 1.0
180 485 1.0
180 746 1.0
180 983 1.0
181 0 1.0
181 100 1.0
181 249 1.0
181 275 1.0
181 640 1.0
181 654 1.0
182 346 1.0
182 746 1.0
182 936 1.0
182 994 1.0
183 65 1.0
183 552 1.0
183 673 1.0
184 266 1.0
184 359 1.0
184 820 1.0
184 883 1.0
185 88 1.0
185 258 1.0
185 659 1.0
186 112 1.0
186 127 1.0
186 189 1.0
186 192 1.0
186 241 1.0
186 343 1.0
186 461 1.0
186 550 1.0
186 575 1.0
186 663 1.0
186 805 1.0
186 923 1.0
187 11 1.0
187 163 1.0
187 470 1.0
188 29 1.0
188 121 1.0
188 612 1.0
188 844 1.0
189 380 1.0
189 605 1.0
190 12 1.0
190 98 1.0
190 218 1.0
190 228 1.0
190 237 1.0
190 250 1.0
190 285 1.0
190 443 1.0
190 521 1.0
190 527 1.0
190 688 1.0
190 905 1.0
191 1 1.0
191 122 1.0
191 141 1.0
191 218 1.0
191 385 1.0
191 442 1.0
191 447 1.0
191 502 1.0
191 707 1.0
191 805 1.0
191 911 1.0
191 935 1.0
192 67 1.0
192 139 1.0
192 155 1.0
192 261 1.0
192 469 1.0
192 473 1.0
192 507 1.0
192 567 1.0
192 568 1.0
192 849 1.0
193 80 1.0
193 218 1.0
193 704 1.0
193 727 1.0
193 800 1.0
194 88 1.0
194 116 1.0
194 380 1.0
194 531 1.0
194 756 1.0
194 785 1.0
194 787 1.0
194 829 1.0
194 963 1.0
194 967 1.0
195 205 1.0
195 310 1.0
195 449 1.0
195 525 1.0
195 847 1.0
196 288 1.0
196 588 1.0
196 732 1.0
197 11 1.0
197 157 1.0
197 200 1.0
197 217 1.0
197 329 1.0
197 419 1.0
197 632 1.0
198 5 1.0
198 114 1.0
198 408 1.0
198 505 1.0
198 510 1.0
198 518 1.0
198 929 1.0
199 161 1.0
199 420 1.0
199 760 1.0
200 59 1.0
200 160 1.0
200 231 1.0
200 334 1.0
200 416 1.0
200 461 1.0
200 528 1.0
200 926 1.0
200 956 1.0
201 171 1.0
201 181 1.0
201 342 1.0
201 364 1.0
201 498 1.0
201 603 1.0
201 670 1.0
201 725 1.0
201 815 1.0
201 986 1.0
202 2 1.0
202 206 1.0
202 264 1.0
202 471 1.0
202 782 1.0
202 981 1.0
203 224 1.0
203 243 1.0
203 273 1.0
203 288 1.0
203 379 1.0
203 512 1.0
203 570 1.0
203 620 1.0
203 733 1.0
203 787 1.0
204 88 1.0
204 148 1.0
204 474 1.0
204 806 1.0
205 129 1.0
205 141 1.0
205 356 1.0
205 563 1.0
206 210 1.0
206 291 1.0
206 381 1.0
206 616 1.0
206 772 1.0
206 807 1.0
206 822 1.0
207 13 1.0
207 54 1.0
207 67 1.0
207 78 1.0
207 317 1.0
207 342 1.0
207 399 1.0
207 522 1.0
207 723 1.0
208 205 1.0
208 539 1.0
208 573 1.0
208 587 1.0
208 722 1.0
208 809 1.0
208 934 1.0
209 84 1.0
209 97 1.0
209 212 1.0
209 527 1.0
209 779 1.0
209 804 1.0
209 958 1.0
209 993 1.0
210 149 1.0
210 253 1.0
210 299 1.0
210 714 1.0
210 783 1.0
210 824 1.0
210 825 1.0
211 79 1.0
211 148 1.0
211 227 1.0
211 405 1.0
211 596 1.0
211 759 1.0
211 921 1.0
211 940 1.0
212 326 1.0
212 571 1.0
212 775 1.0
212 908 1.0
213 110 1.0
213 171 1.0
213 348 1.0
213 565 1.0
213 633 1.0
213 780 1.0
214 25 1.0
214 304 1.0
214 587 1.0
214 619 1.0
214 644 1.0
214 679 1.0
214 790 1.0
214 793 1.0
214 795 1.0
214 883 1.0
215 381 1.0
215 409 1.0
215 571 1.0
215 692 1.0
215 748 1.0
215 751 1.0
215 824 1.0
215 889 1.0
216 36 1.0
216 115 1.0
216 230 1.0
216 453 1.0
216 746 1.0
216 771 1.0
216 975 1.0
217 82 1.0
217 272 1.0
217 387 1.0
217 924 1.0
217 946 1.0
218 105 1.0
218 158 1.0
218 529 1.0
218 624 1.0
218 634 1.0
218 775 1.0
218 933 1.0
218 970 1.0
219 40 1.0
219 102 1.0
219 240 1.0
219 334 1.0
219 400 1.0
219 823 1.0
219 870 1.0
220 98 1.0
220 212 1.0
220 262 1.0
220 493 1.0
220 540 1.0
220 657 1.0
220 889 1.0
220 951 1.0
221 25 1.0
221 151 1.0
221 265 1.0
221 540 1.0
221 580 1.0
221 600 1.0
221 777 1.0
221 813 1.0
221 930 1.0
222 75 1.0
222 180 1.0
222 232 1.0
222 555 1.0
222 643 1.0
222 908 1.0
223 6 1.0
223 286 1.0
223 393 1.0
223 644 1.0
223 935 1.0
224 80 1.0
224 240 1.0
224 328 1.0
224 355 1.0
224 385 1.0
224 513 1.0
224 519 1.0
224 669 1.0
224 753 1.0
224 921 1.0
224 995 1.0
225 43 1.0
225 64 1.0
225 178 1.0
225 208 1.0
225 270 1.0
225 371 1.0
225 475 1.0
225 519 1.0
225 725 1.0
225 747 1.0
225 782 1.0
225 902 1.0
226 50 1.0
226 98 1.0
226 219 1.0
226 297 1.0
226 357 1.0
226 463 1.0
226 504 1.0
227 8 1.0
227 26 1.0
227 58 1.0
227 176 1.0
227 290 1.0
227 312 1.0
227 326 1.0
227 387 1.0
227 417 1.0
227 498 1.0
227 853 1.0
227 882 1.0
227 887 1.0
228 101 1.0
228 122 1.0
228 233 1.0
228 359 1.0
228 539 1.0
228 571 1.0
228 821 1.0
228 833 1.0
228 960 1.0
229 48 1.0
229 187 1.0
229 470 1.0
229 534 1.0
229 630 1.0
229 654 1.0
229 751 1.0
229 848 1.0
229 902 1.0
230 58 1.0
230 112 1.0
230 822 1.0
230 856 1.0
231 0 1.0
231 97 1.0
231 102 1.0
231 282 1.0
231 355 1.0
231 372 1.0
231 480 1.0
231 589 1.0
232 108 1.0
232 112 1.0
232 167 1.0
232 271 1.0
232 307 1.0
232 429 1.0
232 510 1.0
232 738 1.0
232 836 1.0
232 968 1.0
233 1 1.0
233 76 1.0
233 142 1.0
233 216 1.0
233 219 1.0
233 355 1.0
233 390 1.0
233 722 1.0
233 938 1.0
233 943 1.0
234 99 1.0
234 183 1.0
234 223 1.0
234 469 1.0
234 959 1.0
235 346 1.0
235 783 1.0
235 938 1.0
236 59 1.0
236 140 1.0
236 279 1.0
236 437 1.0
236 503 1.0
236 756 1.0
236 964 1.0
237 183 1.0
237 197 1.0
237 300 1.0
237 301 1.0
237 674 1.0
237 683 1.0
237 715 1.0
237 745 1.0
237 800 1.0
237 927 1.0
238 3 1.0
238 38 1.0
238 429 1.0
238 581 1.0
238 659 1.0
238 709 1.0
238 759 1.0
238 770 1.0
238 791 1.0
238 934 1.0
239 92 1.0
239 197 1.0
239 296 1.0
239 614 1.0
239 615 1.0
239 822 1.0
239 859 1.0
239 883 1.0
239 888 1.0
239 963 1.0
239 984 1.0
240 440 1.0
240 490 1.0
240 615 1.0
241 158 1.0
241 424 1.0
241 622 1.0
241 627 1.0
241 743 1.0
241 764 1.0
241 980 1.0
242 15 1.0
242 114 1.0
242 222 1.0
242 343 1.0
242 507 1.0
242 611 1.0
242 660 1.0
243 55 1.0
243 67 1.0
243 275 1.0
243 490 1.0
243 918 1.0
244 3 1.0
244 54 1.0
244 207 1.0
244 255 1.0
244 269 1.0
244 284 1.0
244 454 1.0
244 484 1.0
244 706 1.0
244 891 1.0
244 912 1.0
245 71 1.0
245 251 1.0
245 300 1.0
245 363 1.0
245 658 1.0
245 663 1.0
245 685 1.0
245 756 1.0
245 884 1.0
245 906 1.0
246 163 1.0
246 218 1.0
246 335 1.0
246 357 1.0
246 497 1.0
246 737 1.0
247 181 1.0
247 303 1.0
247 432 1.0
247 506 1.0
247 557 1.0
248 63 1.0
248 235 1.0
248 288 1.0
248 514 1.0
248 648 1.0
248 656 1.0
248 795 1.0
249 111 1.0
249 162 1.0
249 189 1.0
249 212 1.0
249 247 1.0
249 616 1.0
249 746 1.0
249 912 1.0
250 42 1.0
250 147 1.0
250 306 1.0
250 431 1.0
250 435 1.0
250 557 1.0
250 572 1.0
250 928 1.0
251 17 1.0
251 229 1.0
251 364 1.0
251 422 1.0
251 558 1.0
251 709 1.0
251 718 1.0
251 828 1.0
251 941 1.0
251 943 1.0
251 988 1.0
252 30 1.0
252 126 1.0
252 131 1.0
252 136 1.0
252 286 1.0
252 478 1.0
252 587 1.0
252 609 1.0
252 746 1.0
252 977 1.0
253 52 1.0
253 181 1.0
253 198 1.0
253 268 1.0
253 278 1.0
253 283 1.0
253 425 1.0
253 499 1.0
253 675 1.0
253 736 1.0
253 945 1.0
253 988 1.0
254 74 1.0
254 99 1.0
254 183 1.0
254 411 1.0
254 580 1.0
254 646 1.0
254 787 1.0
255 151 1.0
255 278 1.0
255 279 1.0
255 594 1.0
255 598 1.0
255 684 1.0
255 860 1.0
255 888 1.0
255 919 1.0
256 69 1.0
256 90 1.0
256 385 1.0
257 270 1.0
257 287 1.0
257 293 1.0
257 317 1.0
258 28 1.0
258 260 1.0
258 334 1.0
258 612 1.0
258 702 1.0
258 731 1.0
259 93 1.0
259 777 1.0
259 849 1.0
259 906 1.0
260 146 1.0
260 247 1.0
260 296 1.0
260 645 1.0
261 14 1.0
261 92 1.0
261 446 1.0
261 571 1.0
261 632 1.0
261 653 1.0
261 689 1.0
261 780 1.0
261 790 1.0
261 882 1.0
261 906 1.0
261 996 1.0
262 250 1.0
262 313 1.0
262 333 1.0
262 443 1.0
262 552 1.0
262 621 1.0
262 694 1.0
262 764 1.0
262 863 1.0
262 882 1.0
263 152 1.0
263 403 1.0
263 538 1.0
263 606 1.0
263 705 1.0
263 734 1.0
264 173 1.0
264 314 1.0
264 568 1.0
264 583 1.0
264 589 1.0
264 806 1.0
264 853 1.0
264 946 1.0
264 951 1.0
265 367 1.0
265 685 1.0
265 887 1.0
265 915 1.0
266 45 1.0
266 113 1.0
266 231 1.0
266 265 1.0
266 328 1.0
266 479 1.0
266 495 1.0
266 507 1.0
266 599 1.0
266 691 1.0
266 694 1.0
266 740 1.0
266 810 1.0
267 212 1.0
267 229 1.0
267 468 1.0
267 565 1.0
267 790 1.0
267 860 1.0
267 900 1.0
268 259 1.0
268 362 1.0
268 505 1.0
268 618 1.0
268 669 1.0
268 676 1.0
268 813 1.0
269 53 1.0
269 312 1.0
269 378 1.0
269 380 1.0
269 657 1.0
269 747 1.0
269 873 1.0
269 880 1.0
270 99 1.0
270 203 1.0
270 301 1.0
270 402 1.0
270 483 1.0
270 648 1.0
270 749 1.0
270 759 1.0
270 799 1.0
270 829 1.0
270 945 1.0
271 46 1.0
271 132 1.0
271 134 1.0
271 274 1.0
271 370 1.0
271 680 1.0
272 62 1.0
272 71 1.0
272 218 1.0
272 269 1.0
272 488 1.0
272 676 1.0
272 811 1.0
272 821 1.0
272 958 1.0
273 65 1.0
273 271 1.0
273 288 1.0
273 388 1.0
273 715 1.0
273 750 1.0
273 886 1.0
274 210 1.0
274 246 1.0
274 494 1.0
274 583 1.0
274 593 1.0
274 628 1.0
274 746 1.0
274 782 1.0
274 841 1.0
274 855 1.0
275 908 1.0
276 306 1.0
276 407 1.0
276 641 1.0
276 682 1.0
276 779 1.0
276 870 1.0
276 962 1.0
276 971 1.0
277 7 1.0
277 142 1.0
277 288 1.0
277 467 1.0
277 557 1.0
277 943 1.0
277 972 1.0
278 118 1.0
278 283 1.0
278 319 1.0
278 323 1.0
278 465 1.0
278 636 1.0
278 670 1.0
278 737 1.0
279 40 1.0
279 237 1.0
279 437 1.0
279 716 1.0
280 24 1.0
280 276 1.0
281 20 1.0
281 33 1.0
281 279 1.0
281 336 1.0
281 433 1.0
281 437 1.0
281 569 1.0
281 829 1.0
281 871 1.0
282 53 1.0
282 165 1.0
282 187 1.0
282 266 1.0
282 407 1.0
282 410 1.0
282 723 1.0
282 788 1.0
282 808 1.0
283 107 1.0
283 145 1.0
283 221 1.0
283 308 1.0
283 468 1.0
283 503 1.0
283 512 1.0
283 672 1.0
283 715 1.0
284 19 1.0
284 41 1.0
284 63 1.0
284 149 1.0
284 182 1.0
284 293 1.0
284 316 1.0
284 320 1.0
284 351 1.0
284 528 1.0
284 688 1.0
284 832 1.0
285 61 1.0
285 128 1.0
285 208 1.0
285 237 1.0
285 392 1.0
285 738 1.0
285 967 1.0
286 206 1.0
286 322 1.0
286 586 1.0
286 612 1.0
286 653 1.0
286 804 1.0
287 162 1.0
287 383 1.0
287 432 1.0
287 688 1.0
287 768 1.0
287 797 1.0
287 849 1.0
287 903 1.0
288 144 1.0
288 241 1.0
288 795 1.0
289 1 1.0
289 41 1.0
289 49 1.0
289 513 1.0
289 516 1.0
289 685 1.0
289 826 1.0
289 875 1.0
290 52 1.0
290 55 1.0
290 94 1.0
290 206 1.0
290 268 1.0
290 312 1.0
290 322 1.0
290 336 1.0
290 388 1.0
290 809 1.0
290 917 1.0
291 26 1.0
291 88 1.0
291 186 1.0
291 314 1.0
291 352 1.0
291 529 1.0
291 843 1.0
291 944 1.0
292 49 1.0
292 153 1.0
292 278 1.0
292 324 1.0
292 534 1.0
293 24 1.0
293 31 1.0
293 416 1.0
293 447 1.0
293 573 1.0
293 733 1.0
293 782 1.0
294 16 1.0
294 429 1.0
294 994 1.0
295 218 1.0
295 278 1.0
295 350 1.0
296 49 1.0
296 74 1.0
296 161 1.0
296 549 1.0
296 772 1.0
296 918 1.0
296 945 1.0
297 43 1.0
297 94 1.0
297 242 1.0
297 250 1.0
297 277 1.0
297 451 1.0
297 502 1.0
297 613 1.0
297 651 1.0
297 678 1.0
297 719 1.0
297 734 1.0
297 850 1.0
297 860 1.0
298 262 1.0
298 382 1.0
298 628 1.0
298 732 1.0
298 952 1.0
299 184 1.0
299 398 1.0
299 615 1.0
299 942 1.0
300 37 1.0
300 200 1.0
300 210 1.0
300 392 1.0
300 425 1.0
300 691 1.0
301 161 1.0
301 196 1.0
301 491 1.0
301 762 1.0
301 802 1.0
301 887 1.0
302 152 1.0
302 295 1.0
302 370 1.0
302 394 1.0
302 431 1.0
302 626 1.0
302 658 1.0
302 870 1.0
302 941 1.0
303 0 1.0
303 36 1.0
303 117 1.0
303 599 1.0
304 223 1.0
304 340 1.0
304 520 1.0
304 624 1.0
304 872 1.0
304 903 1.0
304 983 1.0
305 415 1.0
305 417 1.0
305 825 1.0
305 855 1.0
305 920 1.0
306 11 1.0
306 46 1.0
306 109 1.0
306 203 1.0
306 360 1.0
306 440 1.0
306 474 1.0
306 632 1.0
306 696 1.0
306 740 1.0
306 819 1.0
307 206 1.0
307 223 1.0
307 227 1.0
307 485 1.0
307 526 1.0
307 757 1.0
307 761 1.0
307 827 1.0
307 914 1.0
308 109 1.0
308 281 1.0
308 291 1.0
308 387 1.0
308 804 1.0
309 238 1.0
309 270 1.0
309 300 1.0
309 452 1.0
309 508 1.0
310 255 1.0
310 398 1.0
310 699 1.0
310 930 1.0
311 27 1.0
311 111 1.0
311 288 1.0
311 439 1.0
311 643 1.0
311 701 1.0
311 781 1.0
311 795 1.0
311 803 1.0
311 988 1.0
312 83 1.0
312 218 1.0
312 359 1.0
312 392 1.0
312 409 1.0
312 700 1.0
312 710 1.0
312 852 1.0
312 859 1.0
313 11 1.0
313 485 1.0
313 568 1.0
313 573 1.0
313 595 1.0
313 627 1.0
313 848 1.0
313 889 1.0
313 890 1.0
313 977 1.0
314 237 1.0
314 342 1.0
314 434 1.0
314 510 1.0
314 580 1.0
314 610 1.0
314 620 1.0
314 725 1.0
314 810 1.0
314 863 1.0
315 31 1.0
315 84 1.0
315 184 1.0
315 350 1.0
315 420 1.0
315 622 1.0
315 740 1.0
315 783 1.0
315 870 1.0
316 11 1.0
316 18 1.0
316 154 1.0
316 285 1.0
316 538 1.0
316 651 1.0
316 802 1.0
316 813 1.0
316 845 1.0
317 13 1.0
317 36 1.0
317 70 1.0
317 562 1.0
317 599 1.0
317 800 1.0
317 808 1.0
317 871 1.0
317 909 1.0
317 956 1.0
318 63 1.0
318 256 1.0
318 687 1.0
318 755 1.0
318 776 1.0
318 896 1.0
318 910 1.0
319 23 1.0
319 71 1.0
319 252 1.0
319 313 1.0
319 473 1.0
319 476 1.0
319 617 1.0
319 696 1.0
319 725 1.0
319 743 1.0
319 769 1.0
319 835 1.0
319 891 1.0
320 204 1.0
320 520 1.0
320 743 1.0
321 51 1.0
321 243 1.0
321 323 1.0
321 407 1.0
321 497 1.0
321 690 1.0
321 770 1.0
321 807 1.0
322 200 1.0
322 408 1.0
322 445 1.0
322 658 1.0
322 883 1.0
323 92 1.0
323 175 1.0
323 263 1.0
323 367 1.0
323 371 1.0
323 407 1.0
323 414 1.0
323 455 1.0
323 646 1.0
323 753 1.0
323 882 1.0
323 936 1.0
324 87 1.0
324 387 1.0
324 615 1.0
324 666 1.0
324 812 1.0
325 2 1.0
325 101 1.0
325 307 1.0
325 507 1.0
325 759 1.0
325 815 1.0
325 931 1.0
326 2 1.0
326 36 1.0
326 128 1.0
326 218 1.0
326 222 1.0
326 275 1.0
326 382 1.0
326 442 1.0
326 450 1.0
326 466 1.0
327 88 1.0
327 150 1.0
327 197 1.0
327 210 1.0
327 563 1.0
327 749 1.0
327 868 1.0
327 924 1.0
327 927 1.0
328 204 1.0
328 492 1.0
328 811 1.0
329 97 1.0
329 182 1.0
329 217 1.0
329 243 1.0
329 414 1.0
329 470 1.0
329 514 1.0
329 823 1.0
329 840 1.0
329 940 1.0
330 2 1.0
330 14 1.0
330 155 1.0
330 416 1.0
330 489 1.0
330 571 1.0
330 597 1.0
330 936 1.0
330 997 1.0
331 26 1.0
331 58 1.0
331 311 1.0
331 348 1.0
331 580 1.0
331 833 1.0
331 888 1.0
331 898 1.0
332 49 1.0
332 156 1.0
332 188 1.0
332 405 1.0
332 625 1.0
333 168 1.0
333 410 1.0
333 482 1.0
333 547 1.0
333 726 1.0
333 851 1.0
333 996 1.0
334 135 1.0
334 259 1.0
334 281 1.0
334 431 1.0
334 679 1.0
334 900 1.0
334 933 1.0
335 158 1.0
335 269 1.0
335 312 1.0
335 342 1.0
335 445 1.0
335 515 1.0
335 603 1.0
335 635 1.0
335 704 1.0
335 748 1.0
336 74 1.0
336 261 1.0
336 335 1.0
336 594 1.0
336 701 1.0
336 789 1.0
336 989 1.0
337 85 1.0
337 90 1.0
337 347 1.0
337 501 1.0
337 623 1.0
337 795 1.0
338 18 1.0
338 181 1.0
338 311 1.0
338 426 1.0
338 554 1.0
338 831 1.0
338 958 1.0
339 12 1.0
339 106 1.0
339 259 1.0
339 288 1.0
339 601 1.0
339 784 1.0
339 833 1.0
339 872 1.0
339 996 1.0
340 61 1.0
340 223 1.0
340 429 1.0
340 900 1.0
341 190 1.0
341 225 1.0
341 315 1.0
341 652 1.0
341 676 1.0
341 683 1.0
341 700 1.0
342 206 1.0
342 231 1.0
342 239 1.0
342 673 1.0
342 968 1.0
343 358 1.0
343 428 1.0
343 737 1.0
344 38 1.0
344 159 1.0
344 241 1.0
344 490 1.0
344 536 1.0
344 834 1.0
344 931 1.0
344 990 1.0
345 71 1.0
345 186 1.0
345 302 1.0
345 348 1.0
345 383 1.0
345 427 1.0
345 685 1.0
345 775 1.0
345 808 1.0
346 32 1.0
346 238 1.0
346 693 1.0
346 701 1.0
346 948 1.0
346 977 1.0
347 42 1.0
347 113 1.0
347 192 1.0
347 243 1.0
347 297 1.0
347 323 1.0
347 618 1.0
347 955 1.0
348 24 1.0
348 32 1.0
348 137 1.0
348 148 1.0
348 186 1.0
348 408 1.0
348 441 1.0
348 510 1.0
348 565 1.0
348 640 1.0
348 643 1.0
348 749 1.0
348 896 1.0
348 933 1.0
348 998 1.0
349 142 1.0
349 323 1.0
349 341 1.0
349 418 1.0
349 459 1.0
349 591 1.0
349 816 1.0
349 827 1.0
349 858 1.0
350 20 1.0
350 56 1.0
350 124 1.0
350 195 1.0
350 232 1.0
350 265 1.0
350 419 1.0
350 466 1.0
350 499 1.0
350 651 1.0
350 997 1.0
351 84 1.0
351 144 1.0
351 616 1.0
351 764 1.0
351 848 1.0
351 895 1.0
352 252 1.0
352 295 1.0
352 472 1.0
352 765 1.0
352 938 1.0
352 957 1.0
353 335 1.0
353 457 1.0
353 491 1.0
353 728 1.0
353 746 1.0
353 775 1.0
353 820 1.0
353 893 1.0
353 943 1.0
354 71 1.0
354 103 1.0
354 402 1.0
354 489 1.0
354 602 1.0
354 620 1.0
354 656 1.0
354 727 1.0
354 867 1.0
354 979 1.0
354 985 1.0
355 54 1.0
355 58 1.0
355 180 1.0
355 311 1.0
355 448 1.0
355 818 1.0
355 823 1.0
355 901 1.0
356 118 1.0
356 267 1.0
356 331 1.0
356 338 1.0
356 423 1.0
356 458 1.0
356 468 1.0
356 496 1.0
356 515 1.0
356 547 1.0
357 453 1.0
357 867 1.0
357 869 1.0
357 897 1.0
357 935 1.0
357 949 1.0
358 66 1.0
358 70 1.0
358 103 1.0
358 158 1.0
358 505 1.0
358 750 1.0
358 871 1.0
359 16 1.0
359 269 1.0
359 406 1.0
359 568 1.0
359 631 1.0
359 680 1.0
359 891 1.0
360 62 1.0
360 157 1.0
360 388 1.0
360 399 1.0
360 608 1.0
360 661 1.0
360 887 1.0
360 889 1.0
360 896 1.0
360 904 1.0
360 916 1.0
360 932 1.0
361 0 1.0
361 121 1.0
361 383 1.0
361 419 1.0
361 555 1.0
362 284 1.0
362 308 1.0
362 386 1.0
362 492 1.0
362 751 1.0
362 938 1.0
363 149 1.0
363 160 1.0
363 307 1.0
363 605 1.0
363 635 1.0
363 775 1.0
363 776 1.0
363 877 1.0
363 897 1.0
363 985 1.0
364 236 1.0
364 427 1.0
364 478 1.0
364 611 1.0
364 695 1.0
364 756 1.0
365 44 1.0
365 73 1.0
365 208 1.0
365 244 1.0
365 716 1.0
365 732 1.0
365 767 1.0
365 819 1.0
365 858 1.0
365 869 1.0
365 932 1.0
366 243 1.0
366 558 1.0
366 696 1.0
366 703 1.0
366 756 1.0
366 773 1.0
366 781 1.0
367 180 1.0
367 198 1.0
367 256 1.0
367 257 1.0
367 287 1.0
367 464 1.0
367 485 1.0
367 589 1.0
367 703 1.0
367 740 1.0
367 770 1.0
368 69 1.0
368 151 1.0
368 260 1.0
368 592 1.0
368 644 1.0
368 720 1.0
368 807 1.0
368 848 1.0
368 947 1.0
369 107 1.0
369 109 1.0
369 194 1.0
369 210 1.0
369 246 1.0
369 266 1.0
369 465 1.0
369 545 1.0
369 581 1.0
369 769 1.0
369 805 1.0
369 874 1.0
370 126 1.0
370 228 1.0
370 255 1.0
370 445 1.0
370 521 1.0
370 738 1.0
370 756 1.0
371 100 1.0
371 112 1.0
371 117 1.0
371 165 1.0
371 618 1.0
371 793 1.0
371 975 1.0
371 998 1.0
372 9 1.0
372 25 1.0
372 251 1.0
372 259 1.0
372 302 1.0
372 425 1.0
372 461 1.0
372 565 1.0
372 683 1.0
372 714 1.0
372 839 1.0
372 867 1.0
372 900 1.0
373 118 1.0
373 185 1.0
373 324 1.0
373 386 1.0
373 456 1.0
373 508 1.0
373 570 1.0
373 615 1.0
373 756 1.0
373 801 1.0
373 923 1.0
374 197 1.0
374 235 1.0
374 338 1.0
374 530 1.0
374 683 1.0
374 789 1.0
374 800 1.0
375 295 1.0
375 319 1.0
375 380 1.0
375 382 1.0
375 427 1.0
375 591 1.0
375 695 1.0
375 789 1.0
375 792 1.0
376 151 1.0
376 354 1.0
376 388 1.0
376 403 1.0
376 461 1.0
376 608 1.0
376 647 1.0
377 333 1.0
377 349 1.0
377 469 1.0
377 557 1.0
377 639 1.0
378 92 1.0
378 126 1.0
378 172 1.0
378 197 1.0
378 385 1.0
378 820 1.0
378 833 1.0
378 922 1.0
378 962 1.0
379 176 1.0
379 209 1.0
379 347 1.0
379 391 1.0
379 401 1.0
379 491 1.0
379 506 1.0
379 842 1.0
379 953 1.0
380 89 1.0
380 162 1.0
380 277 1.0
380 369 1.0
380 725 1.0
380 775 1.0
380 867 1.0
381 15 1.0
381 214 1.0
381 297 1.0
381 303 1.0
381 496 1.0
381 526 1.0
381 727 1.0
381 793 1.0
382 90 1.0
382 116 1.0
382 221 1.0
382 419 1.0
382 445 1.0
382 477 1.0
382 659 1.0
382 691 1.0
382 751 1.0
382 791 1.0
382 827 1.0
382 850 1.0
383 48 1.0
383 381 1.0
383 457 1.0
383 561 1.0
383 607 1.0
383 660 1.0
383 844 1.0
383 862 1.0
383 947 1.0
384 29 1.0
384 60 1.0
384 185 1.0
384 364 1.0
384 665 1.0
384 768 1.0
384 852 1.0
385 138 1.0
385 400 1.0
385 438 1.0
385 600 1.0
385 639 1.0
385 678 1.0
385 828 1.0
385 862 1.0
385 948 1.0
385 999 1.0
386 135 1.0
386 296 1.0
386 400 1.0
386 410 1.0
386 531 1.0
386 617 1.0
386 688 1.0
386 724 1.0
386 874 1.0
386 889 1.0
387 68 1.0
387 529 1.0
387 803 1.0
387 993 1.0
388 6 1.0
388 89 1.0
388 95 1.0
388 140 1.0
388 192 1.0
388 235 1.0
388 307 1.0
388 622 1.0
388 877 1.0
389 162 1.0
389 266 1.0
389 381 1.0
389 808 1.0
389 820 1.0
389 829 1.0
390 4 1.0
390 16 1.0
390 46 1.0
390 491 1.0
390 879 1.0
390 909 1.0
390 933 1.0
391 192 1.0
391 432 1.0
391 578 1.0
392 151 1.0
392 222 1.0
392 227 1.0
392 368 1.0
392 861 1.0
392 871 1.0
392 903 1.0
392 974 1.0
393 119 1.0
393 149 1.0
393 175 1.0
393 513 1.0
393 532 1.0
393 536 1.0
393 553 1.0
393 592 1.0
393 774 1.0
393 817 1.0
394 11 1.0
394 56 1.0
394 186 1.0
394 213 1.0
394 407 1.0
394 474 1.0
394 563 1.0
394 637 1.0
394 703 1.0
394 817 1.0
394 881 1.0
395 308 1.0
395 375 1.0
395 477 1.0
395 483 1.0
395 572 1.0
395 600 1.0
395 653 1.0
395 713 1.0
395 948 1.0
396 347 1.0
396 529 1.0
396 546 1.0
396 557 1.0
396 617 1.0
396 910 1.0
397 15 1.0
397 137 1.0
397 220 1.0
397 276 1.0
397 435 1.0
397 514 1.0
397 569 1.0
397 595 1.0
397 619 1.0
397 714 1.0
397 790 1.0
397 927 1.0
397 943 1.0
397 950 1.0
398 44 1.0
398 84 1.0
398 308 1.0
398 337 1.0
398 342 1.0
398 420 1.0
398 463 1.0
398 507 1.0
398 644 1.0
398 772 1.0
398 880 1.0
398 892 1.0
398 965 1.0
399 340 1.0
399 513 1.0
399 602 1.0
399 856 1.0
399 863 1.0
400 171 1.0
400 222 1.0
400 280 1.0
400 315 1.0
400 337 1.0
400 372 1.0
400 408 1.0
400 523 1.0
400 572 1.0
400 584 1.0
400 719 1.0
400 855 1.0
401 44 1.0
401 50 1.0
401 276 1.0
401 287 1.0
401 471 1.0
401 496 1.0
401 545 1.0
401 569 1.0
401 626 1.0
401 729 1.0
401 768 1.0
401 868 1.0
402 2 1.0
402 289 1.0
402 329 1.0
402 456 1.0
402 621 1.0
402 666 1.0
402 943 1.0
402 991 1.0
403 27 1.0
403 114 1.0
403 439 1.0
403 478 1.0
403 523 1.0
403 613 1.0
403 750 1.0
403 795 1.0
404 206 1.0
404 400 1.0
404 550 1.0
404 592 1.0
404 805 1.0
404 906 1.0
404 950 1.0
405 36 1.0
405 85 1.0
405 204 1.0
405 258 1.0
405 344 1.0
405 822 1.0
405 875 1.0
406 50 1.0
406 56 1.0
406 225 1.0
406 295 1.0
406 345 1.0
406 445 1.0
406 463 1.0
406 669 1.0
406 801 1.0
406 949 1.0
406 955 1.0
407 18 1.0
407 200 1.0
407 295 1.0
407 351 1.0
407 543 1.0
407 701 1.0
407 835 1.0
407 936 1.0
408 20 1.0
408 74 1.0
408 206 1.0
408 452 1.0
408 554 1.0
408 756 1.0
408 849 1.0
408 947 1.0
408 969 1.0
409 265 1.0
409 328 1.0
409 391 1.0
409 467 1.0
409 711 1.0
409 749 1.0
409 941 1.0
409 981 1.0
410 33 1.0
410 235 1.0
410 404 1.0
410 503 1.0
410 700 1.0
410 751 1.0
410 756 1.0
411 33 1.0
411 97 1.0
411 252 1.0
411 262 1.0
411 273 1.0
411 422 1.0
411 428 1.0
411 461 1.0
411 526 1.0
412 291 1.0
412 337 1.0
412 507 1.0
412 651 1.0
412 718 1.0
412 768 1.0
413 10 1.0
413 11 1.0
413 260 1.0
413 378 1.0
413 479 1.0
413 494 1.0
413 649 1.0
413 971 1.0
413 986 1.0
414 47 1.0
414 424 1.0
414 504 1.0
414 545 1.0
414 593 1.0
414 645 1.0
415 143 1.0
415 157 1.0
415 288 1.0
415 360 1.0
415 400 1.0
415 499 1.0
415 530 1.0
415 844 1.0
415 909 1.0
416 64 1.0
416 216 1.0
416 226 1.0
416 330 1.0
416 683 1.0
416 699 1.0
416 779 1.0
416 826 1.0
416 984 1.0
417 157 1.0
417 203 1.0
417 431 1.0
417 602 1.0
417 648 1.0
418 47 1.0
418 94 1.0
418 215 1.0
418 305 1.0
418 343 1.0
418 391 1.0
418 508 1.0
418 701 1.0
418 813 1.0
418 892 1.0
418 910 1.0
419 153 1.0
419 226 1.0
419 260 1.0
419 442 1.0
419 449 1.0
419 630 1.0
419 660 1.0
419 674 1.0
419 885 1.0
420 186 1.0
420 278 1.0
420 329 1.0
420 357 1.0
420 465 1.0
420 725 1.0
420 782 1.0
420 832 1.0
420 983 1.0
421 222 1.0
421 496 1.0
421 644 1.0
421 649 1.0
421 721 1.0
421 729 1.0
421 942 1.0
422 188 1.0
422 290 1.0
422 517 1.0
422 548 1.0
422 733 1.0
422 811 1.0
422 815 1.0
422 822 1.0
423 306 1.0
423 340 1.0
423 347 1.0
423 550 1.0
423 683 1.0
423 921 1.0
423 991 1.0
424 205 1.0
424 307 1.0
424 335 1.0
424 364 1.0
424 372 1.0
424 437 1.0
424 667 1.0
425 178 1.0
425 387 1.0
425 680 1.0
425 757 1.0
425 806 1.0
426 128 1.0
426 163 1.0
426 341 1.0
426 498 1.0
426 775 1.0
426 822 1.0
426 990 1.0
427 309 1.0
427 349 1.0
427 409 1.0
427 478 1.0
427 569 1.0
427 630 1.0
427 710 1.0
427 758 1.0
427 793 1.0
427 917 1.0
428 31 1.0
428 107 1.0
428 108 1.0
428 246 1.0
428 444 1.0
428 500 1.0
428 784 1.0
428 874 1.0
428 998 1.0
429 21 1.0
429 152 1.0
429 159 1.0
429 317 1.0
429 399 1.0
429 423 1.0
429 713 1.0
429 718 1.0
429 862 1.0
429 871 1.0
429 938 1.0
430 348 1.0
430 459 1.0
430 621 1.0
430 668 1.0
430 684 1.0
430 765 1.0
431 235 1.0
431 307 1.0
431 348 1.0
431 369 1.0
431 604 1.0
431 927 1.0
432 47 1.0
432 385 1.0
432 429 1.0
432 458 1.0
432 533 1.0
432 630 1.0
432 685 1.0
432 966 1.0
433 117 1.0
433 159 1.0
433 335 1.0
433 635 1.0
433 698 1.0
433 701 1.0
434 659 1.0
434 744 1.0
434 954 1.0
434 977 1.0
435 136 1.0
435 275 1.0
435 337 1.0
435 358 1.0
435 428 1.0
435 517 1.0
435 784 1.0
435 825 1.0
435 989 1.0
436 97 1.0
436 339 1.0
436 353 1.0
436 503 1.0
436 610 1.0
436 711 1.0
436 785 1.0
436 853 1.0
436 863 1.0
437 117 1.0
437 122 1.0
437 181 1.0
437 274 1.0
437 277 1.0
437 426 1.0
437 612 1.0
437 950 1.0
437 989 1.0
438 7 1.0
438 76 1.0
438 129 1.0
438 352 1.0
438 586 1.0
439 72 1.0
439 105 1.0
439 185 1.0
439 289 1.0
439 430 1.0
439 451 1.0
439 454 1.0
439 490 1.0
439 509 1.0
439 633 1.0
439 773 1.0
439 818 1.0
439 994 1.0
440 193 1.0
440 275 1.0
440 283 1.0
440 369 1.0
440 791 1.0
441 114 1.0
441 255 1.0
441 309 1.0
441 423 1.0
441 655 1.0
441 739 1.0
441 929 1.0
442 61 1.0
442 62 1.0
442 103 1.0
442 118 1.0
442 195 1.0
442 210 1.0
442 460 1.0
442 705 1.0
442 845 1.0
442 919 1.0
443 141 1.0
443 259 1.0
443 297 1.0
443 506 1.0
443 605 1.0
443 988 1.0
444 52 1.0
444 91 1.0
444 121 1.0
444 246 1.0
444 445 1.0
444 448 1.0
444 510 1.0
444 518 1.0
444 669 1.0
444 796 1.0
444 810 1.0
444 830 1.0
444 849 1.0
444 902 1.0
444 926 1.0
445 109 1.0
445 300 1.0
445 462 1.0
445 474 1.0
445 509 1.0
445 537 1.0
445 544 1.0
445 826 1.0
445 847 1.0
446 148 1.0
446 309 1.0
446 311 1.0
446 613 1.0
446 922 1.0
447 42 1.0
447 49 1.0
447 342 1.0
447 419 1.0
447 996 1.0
448 223 1.0
448 253 1.0
448 296 1.0
448 324 1.0
448 362 1.0
448 401 1.0
448 582 1.0
448 891 1.0
449 3 1.0
449 33 1.0
449 220 1.0
449 294 1.0
449 327 1.0
449 664 1.0
450 438 1.0
450 580 1.0
450 768 1.0
450 897 1.0
450 960 1.0
451 396 1.0
451 488 1.0
451 872 1.0
451 933 1.0
451 957 1.0
452 47 1.0
452 325 1.0
452 610 1.0
452 615 1.0
452 659 1.0
452 677 1.0
452 703 1.0
452 772 1.0
452 852 1.0
453 14 1.0
453 109 1.0
453 264 1.0
453 423 1.0
454 295 1.0
454 451 1.0
454 488 1.0
454 802 1.0
454 941 1.0
455 180 1.0
455 245 1.0
455 333 1.0
455 481 1.0
455 594 1.0
456 114 1.0
456 288 1.0
456 316 1.0
456 317 1.0
456 370 1.0
456 373 1.0
456 421 1.0
456 452 1.0
456 539 1.0
456 637 1.0
456 836 1.0
456 891 1.0
456 901 1.0
456 946 1.0
457 179 1.0
457 186 1.0
457 268 1.0
457 344 1.0
457 365 1.0
457 659 1.0
457 662 1.0
457 708 1.0
457 840 1.0
457 961 1.0
458 118 1.0
458 336 1.0
458 477 1.0
458 562 1.0
458 924 1.0
459 231 1.0
459 368 1.0
459 407 1.0
459 456 1.0
459 517 1.0
459 590 1.0
459 792 1.0
459 801 1.0
459 822 1.0
459 925 1.0
460 88 1.0
460 111 1.0
460 118 1.0
460 295 1.0
460 380 1.0
460 450 1.0
460 487 1.0
460 501 1.0
460 730 1.0
460 796 1.0
460 924 1.0
460 944 1.0
460 961 1.0
461 242 1.0
461 593 1.0
461 638 1.0
461 741 1.0
461 787 1.0
461 874 1.0
461 909 1.0
462 7 1.0
462 190 1.0
462 213 1.0
462 275 1.0
462 308 1.0
462 315 1.0
462 438 1.0
462 495 1.0
462 660 1.0
462 781 1.0
462 900 1.0
463 39 1.0
463 94 1.0
463 154 1.0
463 192 1.0
463 200 1.0
463 234 1.0
463 330 1.0
463 354 1.0
463 538 1.0
463 590 1.0
463 820 1.0
463 830 1.0
463 836 1.0
464 45 1.0
464 482 1.0
464 744 1.0
464 834 1.0
464 842 1.0
465 144 1.0
465 359 1.0
465 834 1.0
465 956 1.0
466 1 1.0
466 143 1.0
466 210 1.0
466 334 1.0
466 561 1.0
466 730 1.0
466 805 1.0
466 888 1.0
466 911 1.0
467 185 1.0
467 194 1.0
467 614 1.0
467 629 1.0
467 798 1.0
468 84 1.0
468 576 1.0
468 580 1.0
468 646 1.0
468 729 1.0
468 813 1.0
468 881 1.0
469 211 1.0
469 238 1.0
469 499 1.0
469 551 1.0
469 610 1.0
469 776 1.0
469 850 1.0
469 896 1.0
469 971 1.0
470 90 1.0
470 342 1.0
470 832 1.0
471 48 1.0
471 170 1.0
471 211 1.0
471 450 1.0
471 516 1.0
471 640 1.0
471 802 1.0
471 915 1.0
471 965 1.0
472 43 1.0
472 76 1.0
472 181 1.0
472 205 1.0
472 217 1.0
472 240 1.0
472 247 1.0
472 297 1.0
472 989 1.0
473 81 1.0
473 337 1.0
473 430 1.0
473 868 1.0
474 19 1.0
474 51 1.0
474 85 1.0
474 306 1.0
474 309 1.0
474 312 1.0
474 441 1.0
474 505 1.0
474 827 1.0
474 829 1.0
474 899 1.0
475 3 1.0
475 109 1.0
475 461 1.0
475 508 1.0
475 524 1.0
475 725 1.0
475 810 1.0
475 957 1.0
476 135 1.0
476 146 1.0
476 170 1.0
476 194 1.0
476 262 1.0
476 759 1.0
476 959 1.0
477 33 1.0
477 158 1.0
477 349 1.0
477 398 1.0
477 457 1.0
477 470 1.0
477 474 1.0
477 580 1.0
477 588 1.0
477 762 1.0
477 831 1.0
477 839 1.0
477 941 1.0
478 12 1.0
478 90 1.0
478 135 1.0
478 172 1.0
478 278 1.0
478 300 1.0
478 632 1.0
478 785 1.0
478 809 1.0
479 4 1.0
479 95 1.0
479 662 1.0
479 870 1.0
479 876 1.0
480 94 1.0
480 132 1.0
480 295 1.0
480 373 1.0
480 483 1.0
480 498 1.0
480 548 1.0
480 724 1.0
480 794 1.0
480 902 1.0
481 41 1.0
481 74 1.0
481 193 1.0
481 198 1.0
481 227 1.0
481 232 1.0
481 243 1.0
481 387 1.0
481 399 1.0
481 479 1.0
481 601 1.0
481 685 1.0
481 870 1.0
481 979 1.0
482 379 1.0
482 597 1.0
482 681 1.0
482 715 1.0
482 724 1.0
482 794 1.0
482 942 1.0
483 32 1.0
483 210 1.0
483 270 1.0
483 338 1.0
483 350 1.0
483 446 1.0
483 585 1.0
483 998 1.0
484 68 1.0
484 75 1.0
484 190 1.0
484 230 1.0
484 255 1.0
484 263 1.0
484 450 1.0
484 645 1.0
484 776 1.0
484 826 1.0
484 964 1.0
485 103 1.0
485 652 1.0
485 833 1.0
485 869 1.0
485 898 1.0
486 125 1.0
486 295 1.0
486 301 1.0
486 332 1.0
486 351 1.0
486 523 1.0
486 532 1.0
486 656 1.0
486 668 1.0
486 759 1.0
486 793 1.0
486 855 1.0
486 872 1.0
486 928 1.0
487 73 1.0
487 405 1.0
487 573 1.0
487 724 1.0
487 868 1.0
488 180 1.0
488 280 1.0
488 604 1.0
488 616 1.0
488 701 1.0
488 899 1.0
489 19 1.0
489 23 1.0
489 49 1.0
489 150 1.0
489 315 1.0
489 484 1.0
489 682 1.0
489 892 1.0
490 114 1.0
490 413 1.0
490 651 1.0
490 678 1.0
490 704 1.0
490 967 1.0
491 296 1.0
491 304 1.0
491 409 1.0
491 413 1.0
491 517 1.0
491 703 1.0
491 974 1.0
492 172 1.0
492 379 1.0
492 796 1.0
492 908 1.0
492 984 1.0
493 26 1.0
493 60 1.0
493 66 1.0
493 289 1.0
493 442 1.0
493 444 1.0
493 494 1.0
493 556 1.0
493 562 1.0
494 164 1.0
494 739 1.0
494 794 1.0
495 181 1.0
495 226 1.0
495 248 1.0
495 386 1.0
495 435 1.0
495 579 1.0
495 666 1.0
495 712 1.0
495 720 1.0
495 809 1.0
495 840 1.0
496 215 1.0
496 534 1.0
496 573 1.0
496 575 1.0
496 585 1.0
496 862 1.0
496 955 1.0
497 50 1.0
497 75 1.0
497 404 1.0
497 424 1.0
497 449 1.0
497 478 1.0
497 731 1.0
497 749 1.0
497 876 1.0
497 935 1.0
498 217 1.0
498 237 1.0
498 254 1.0
498 763 1.0
498 994 1.0
499 201 1.0
499 246 1.0
499 438 1.0
499 706 1.0
499 982 1.0
500 162 1.0
500 188 1.0
500 281 1.0
500 455 1.0
500 459 1.0
500 468 1.0
500 491 1.0
500 541 1.0
500 564 1.0
500 639 1.0
500 843 1.0
500 941 1.0
501 216 1.0
501 529 1.0
501 715 1.0
501 743 1.0
501 817 1.0
501 820 1.0
501 843 1.0
502 11 1.0
502 256 1.0
502 285 1.0
502 323 1.0
502 668 1.0
502 919 1.0
503 485 1.0
503 834 1.0
503 911 1.0
504 47 1.0
504 520 1.0
504 605 1.0
504 758 1.0
504 816 1.0
504 849 1.0
504 933 1.0
504 985 1.0
505 35 1.0
505 164 1.0
505 427 1.0
505 481 1.0
505 549 1.0
505 569 1.0
505 578 1.0
505 601 1.0
505 743 1.0
505 839 1.0
505 850 1.0
506 328 1.0
506 372 1.0
506 733 1.0
506 841 1.0
506 910 1.0
507 312 1.0
507 864 1.0
507 889 1.0
507 913 1.0
507 939 1.0
508 232 1.0
508 476 1.0
508 591 1.0
508 594 1.0
508 832 1.0
508 940 1.0
508 941 1.0
509 10 1.0
509 328 1.0
509 488 1.0
509 677 1.0
509 697 1.0
509 739 1.0
509 763 1.0
509 810 1.0
509 995 1.0
509 999 1.0
510 129 1.0
510 141 1.0
510 404 1.0
510 442 1.0
510 475 1.0
510 535 1.0
510 674 1.0
510 803 1.0
511 36 1.0
511 335 1.0
511 494 1.0
511 802 1.0
512 159 1.0
512 304 1.0
512 349 1.0
512 454 1.0
512 764 1.0
513 184 1.0
513 327 1.0
513 371 1.0
513 605 1.0
513 624 1.0
514 37 1.0
514 94 1.0
514 158 1.0
514 242 1.0
514 702 1.0
514 858 1.0
514 929 1.0
515 85 1.0
515 88 1.0
515 178 1.0
515 659 1.0
515 779 1.0
515 910 1.0
515 938 1.0
516 292 1.0
516 322 1.0
516 358 1.0
516 409 1.0
516 466 1.0
516 524 1.0
516 526 1.0
516 552 1.0
516 572 1.0
516 608 1.0
516 614 1.0
516 843 1.0
516 905 1.0
517 113 1.0
517 115 1.0
517 338 1.0
517 385 1.0
517 560 1.0
517 579 1.0
517 634 1.0
517 778 1.0
517 823 1.0
517 912 1.0
518 3 1.0
518 85 1.0
518 86 1.0
518 430 1.0
518 622 1.0
519 128 1.0
519 179 1.0
519 383 1.0
519 471 1.0
519 539 1.0
519 864 1.0
519 874 1.0
520 15 1.0
520 20 1.0
520 180 1.0
520 251 1.0
520 341 1.0
520 383 1.0
520 471 1.0
520 560 1.0
520 619 1.0
520 880 1.0
520 951 1.0
521 626 1.0
521 940 1.0
522 163 1.0
522 212 1.0
522 274 1.0
522 276 1.0
522 337 1.0
522 724 1.0
522 758 1.0
522 821 1.0
523 2 1.0
523 308 1.0
523 315 1.0
523 442 1.0
523 572 1.0
523 788 1.0
523 895 1.0
524 141 1.0
524 256 1.0
524 357 1.0
524 522 1.0
524 963 1.0
525 21 1.0
525 39 1.0
525 95 1.0
525 152 1.0
525 186 1.0
525 316 1.0
525 333 1.0
526 381 1.0
526 468 1.0
526 628 1.0
526 670 1.0
526 704 1.0
526 738 1.0
526 745 1.0
526 835 1.0
527 111 1.0
527 185 1.0
527 189 1.0
527 438 1.0
527 457 1.0
527 486 1.0
527 617 1.0
527 620 1.0
527 697 1.0
527 791 1.0
527 955 1.0
527 977 1.0
528 645 1.0
528 773 1.0
528 786 1.0
528 815 1.0
528 861 1.0
528 985 1.0
529 82 1.0
529 132 1.0
529 249 1.0
529 541 1.0
529 603 1.0
529 629 1.0
529 658 1.0
529 689 1.0
530 9 1.0
530 617 1.0
530 662 1.0
530 678 1.0
530 942 1.0
531 53 1.0
531 129 1.0
531 289 1.0
531 371 1.0
531 916 1.0
532 316 1.0
532 357 1.0
532 639 1.0
532 689 1.0
532 807 1.0
532 921 1.0
533 196 1.0
533 286 1.0
533 315 1.0
533 887 1.0
533 896 1.0
534 230 1.0
534 529 1.0
534 794 1.0
534 856 1.0
534 917 1.0
535 42 1.0
535 205 1.0
535 208 1.0
535 225 1.0
535 306 1.0
535 331 1.0
535 504 1.0
535 782 1.0
535 803 1.0
535 809 1.0
535 872 1.0
535 945 1.0
535 949 1.0
535 973 1.0
536 52 1.0
536 509 1.0
536 606 1.0
536 806 1.0
537 65 1.0
537 76 1.0
537 101 1.0
537 205 1.0
537 241 1.0
537 297 1.0
537 321 1.0
537 351 1.0
537 355 1.0
537 367 1.0
537 520 1.0
537 832 1.0
538 10 1.0
538 29 1.0
538 162 1.0
538 164 1.0
538 505 1.0
538 793 1.0
539 0 1.0
539 65 1.0
539 167 1.0
539 205 1.0
539 353 1.0
539 378 1.0
539 553 1.0
539 794 1.0
539 864 1.0
539 933 1.0
540 358 1.0
540 400 1.0
540 795 1.0
541 20 1.0
541 46 1.0
541 208 1.0
541 419 1.0
541 680 1.0
542 32 1.0
542 339 1.0
542 456 1.0
542 871 1.0
542 876 1.0
542 999 1.0
543 28 1.0
543 272 1.0
543 314 1.0
543 335 1.0
543 383 1.0
543 513 1.0
543 693 1.0
543 697 1.0
544 14 1.0
544 87 1.0
544 102 1.0
544 130 1.0
544 157 1.0
544 240 1.0
544 287 1.0
544 297 1.0
544 486 1.0
544 629 1.0
544 823 1.0
544 850 1.0
544 884 1.0
545 271 1.0
545 562 1.0
545 631 1.0
545 704 1.0
545 723 1.0
545 768 1.0
546 58 1.0
546 130 1.0
546 154 1.0
546 646 1.0
546 676 1.0
546 722 1.0
546 739 1.0
546 966 1.0
547 40 1.0
547 98 1.0
547 163 1.0
547 359 1.0
547 371 1.0
547 378 1.0
547 390 1.0
547 413 1.0
547 476 1.0
547 608 1.0
547 705 1.0
548 160 1.0
548 277 1.0
548 329 1.0
548 553 1.0
548 574 1.0
548 595 1.0
548 741 1.0
548 823 1.0
548 829 1.0
549 144 1.0
549 377 1.0
549 378 1.0
549 505 1.0
549 551 1.0
549 661 1.0
549 875 1.0
550 40 1.0
550 222 1.0
550 476 1.0
550 536 1.0
550 833 1.0
551 43 1.0
551 237 1.0
551 800 1.0
551 836 1.0
552 207 1.0
552 275 1.0
552 595 1.0
552 608 1.0
552 718 1.0
552 814 1.0
552 835 1.0
552 901 1.0
552 944 1.0
553 62 1.0
553 169 1.0
553 271 1.0
553 475 1.0
553 548 1.0
553 689 1.0
554 137 1.0
554 325 1.0
554 341 1.0
554 708 1.0
554 723 1.0
554 940 1.0
554 969 1.0
555 197 1.0
555 430 1.0
555 649 1.0
556 49 1.0
556 113 1.0
556 173 1.0
556 560 1.0
556 596 1.0
557 76 1.0
557 99 1.0
557 105 1.0
557 259 1.0
557 309 1.0
557 534 1.0
557 548 1.0
557 614 1.0
557 642 1.0
557 837 1.0
558 251 1.0
558 300 1.0
558 485 1.0
558 541 1.0
558 756 1.0
558 976 1.0
559 89 1.0
559 127 1.0
559 172 1.0
559 363 1.0
559 374 1.0
559 458 1.0
559 474 1.0
559 730 1.0
559 830 1.0
559 885 1.0
560 24 1.0
560 268 1.0
560 522 1.0
560 615 1.0
560 632 1.0
561 151 1.0
561 228 1.0
561 360 1.0
561 508 1.0
561 637 1.0
561 688 1.0
561 691 1.0
561 717 1.0
561 768 1.0
561 811 1.0
561 858 1.0
561 941 1.0
562 93 1.0
562 125 1.0
562 127 1.0
562 144 1.0
562 323 1.0
562 499 1.0
562 593 1.0
562 682 1.0
562 728 1.0
562 950 1.0
562 967 1.0
563 5 1.0
563 51 1.0
563 325 1.0
563 333 1.0
563 403 1.0
563 739 1.0
563 968 1.0
564 347 1.0
564 507 1.0
564 668 1.0
565 197 1.0
565 435 1.0
565 509 1.0
565 512 1.0
565 534 1.0
565 857 1.0
566 376 1.0
566 512 1.0
566 530 1.0
566 630 1.0
566 698 1.0
566 710 1.0
566 852 1.0
567 280 1.0
567 382 1.0
567 408 1.0
567 448 1.0
567 465 1.0
567 922 1.0
568 171 1.0
568 546 1.0
568 585 1.0
568 658 1.0
568 952 1.0
569 282 1.0
569 295 1.0
569 316 1.0
569 341 1.0
569 434 1.0
569 693 1.0
569 837 1.0
569 957 1.0
570 16 1.0
570 139 1.0
570 197 1.0
570 401 1.0
570 493 1.0
570 701 1.0
570 730 1.0
570 760 1.0
570 853 1.0
570 914 1.0
571 77 1.0
571 184 1.0
571 288 1.0
571 294 1.0
571 680 1.0
571 703 1.0
571 761 1.0
572 76 1.0
572 152 1.0
572 329 1.0
572 424 1.0
572 671 1.0
572 772 1.0
572 787 1.0
573 55 1.0
573 308 1.0
573 355 1.0
573 658 1.0
573 667 1.0
573 744 1.0
574 104 1.0
574 265 1.0
574 278 1.0
574 459 1.0
574 551 1.0
574 612 1.0
574 756 1.0
575 0 1.0
575 117 1.0
575 168 1.0
575 228 1.0
575 351 1.0
575 426 1.0
575 525 1.0
575 564 1.0
575 639 1.0
575 669 1.0
575 862 1.0
576 21 1.0
576 24 1.0
576 365 1.0
576 449 1.0
576 663 1.0
576 817 1.0
577 55 1.0
577 445 1.0
577 540 1.0
578 84 1.0
578 324 1.0
578 394 1.0
578 681 1.0
578 923 1.0
578 992 1.0
579 69 1.0
579 110 1.0
579 366 1.0
579 411 1.0
579 445 1.0
579 705 1.0
579 870 1.0
580 76 1.0
580 127 1.0
580 210 1.0
580 230 1.0
580 237 1.0
580 437 1.0
580 545 1.0
580 597 1.0
580 925 1.0
581 23 1.0
581 356 1.0
581 520 1.0
581 659 1.0
581 723 1.0
581 734 1.0
581 765 1.0
581 789 1.0
581 967 1.0
582 37 1.0
582 133 1.0
582 307 1.0
582 631 1.0
583 142 1.0
583 179 1.0
583 214 1.0
583 258 1.0
583 267 1.0
583 513 1.0
583 600 1.0
583 719 1.0
583 737 1.0
584 226 1.0
584 369 1.0
584 391 1.0
584 394 1.0
584 403 1.0
584 623 1.0
584 985 1.0
585 67 1.0
585 197 1.0
585 204 1.0
585 205 1.0
585 281 1.0
585 401 1.0
585 493 1.0
585 520 1.0
585 575 1.0
585 697 1.0
585 779 1.0
585 924 1.0
586 17 1.0
586 255 1.0
586 269 1.0
586 508 1.0
586 761 1.0
586 912 1.0
587 112 1.0
587 164 1.0
587 168 1.0
587 281 1.0
587 404 1.0
587 478 1.0
587 845 1.0
587 913 1.0
588 124 1.0
588 335 1.0
588 429 1.0
588 834 1.0
589 96 1.0
589 175 1.0
589 304 1.0
589 333 1.0
589 428 1.0
589 430 1.0
589 433 1.0
589 475 1.0
589 554 1.0
589 555 1.0
589 723 1.0
589 939 1.0
589 945 1.0
590 33 1.0
590 145 1.0
590 284 1.0
590 373 1.0
590 375 1.0
590 474 1.0
590 490 1.0
590 508 1.0
590 572 1.0
591 124 1.0
591 128 1.0
591 293 1.0
591 468 1.0
591 585 1.0
591 700 1.0
591 745 1.0
591 873 1.0
592 9 1.0
592 291 1.0
592 522 1.0
592 814 1.0
593 43 1.0
593 72 1.0
593 86 1.0
593 101 1.0
593 326 1.0
593 590 1.0
593 654 1.0
593 706 1.0
593 899 1.0
594 93 1.0
594 95 1.0
594 99 1.0
594 412 1.0
594 461 1.0
594 552 1.0
594 829 1.0
594 929 1.0
595 284 1.0
595 382 1.0
595 524 1.0
595 626 1.0
595 734 1.0
595 932 1.0
596 277 1.0
596 316 1.0
596 343 1.0
596 363 1.0
596 690 1.0
597 12 1.0
597 374 1.0
597 527 1.0
597 542 1.0
597 586 1.0
597 612 1.0
597 738 1.0
597 824 1.0
597 922 1.0
598 105 1.0
598 205 1.0
598 613 1.0
598 622 1.0
598 720 1.0
598 733 1.0
598 776 1.0
598 823 1.0
598 824 1.0
598 834 1.0
598 869 1.0
599 19 1.0
599 45 1.0
599 189 1.0
599 247 1.0
599 320 1.0
599 339 1.0
599 347 1.0
599 352 1.0
599 435 1.0
599 706 1.0
599 950 1.0
599 982 1.0
600 319 1.0
600 888 1.0
600 932 1.0
600 971 1.0
601 66 1.0
601 266 1.0
601 286 1.0
601 309 1.0
601 621 1.0
601 746 1.0
601 841 1.0
602 55 1.0
602 124 1.0
602 338 1.0
602 556 1.0
602 918 1.0
603 557 1.0
603 572 1.0
603 580 1.0
603 584 1.0
603 633 1.0
603 635 1.0
603 670 1.0
604 32 1.0
604 57 1.0
604 114 1.0
604 155 1.0
604 286 1.0
604 349 1.0
604 444 1.0
604 528 1.0
604 643 1.0
604 711 1.0
605 60 1.0
605 87 1.0
605 141 1.0
605 199 1.0
605 217 1.0
605 519 1.0
605 569 1.0
605 926 1.0
606 7 1.0
606 62 1.0
606 102 1.0
606 123 1.0
606 605 1.0
606 763 1.0
607 73 1.0
607 93 1.0
607 147 1.0
607 429 1.0
607 442 1.0
607 491 1.0
607 549 1.0
607 575 1.0
607 601 1.0
607 727 1.0
607 788 1.0
608 112 1.0
608 137 1.0
608 346 1.0
608 938 1.0
609 146 1.0
609 293 1.0
609 791 1.0
609 799 1.0
609 912 1.0
609 975 1.0
610 480 1.0
610 745 1.0
610 752 1.0
610 983 1.0
611 5 1.0
611 310 1.0
611 572 1.0
611 721 1.0
611 766 1.0
611 901 1.0
611 981 1.0
611 987 1.0
612 71 1.0
612 140 1.0
612 426 1.0
612 448 1.0
612 449 1.0
612 752 1.0
612 773 1.0
612 840 1.0
612 897 1.0
612 940 1.0
613 27 1.0
613 243 1.0
613 326 1.0
613 331 1.0
613 439 1.0
613 532 1.0
613 539 1.0
613 569 1.0
613 633 1.0
614 120 1.0
614 139 1.0
614 140 1.0
614 160 1.0
614 232 1.0
614 533 1.0
614 605 1.0
614 610 1.0
614 878 1.0
615 10 1.0
615 56 1.0
615 94 1.0
615 131 1.0
615 181 1.0
615 212 1.0
615 252 1.0
615 271 1.0
615 337 1.0
615 374 1.0
615 695 1.0
615 723 1.0
616 58 1.0
616 93 1.0
616 293 1.0
616 345 1.0
616 503 1.0
616 523 1.0
616 570 1.0
616 795 1.0
616 867 1.0
617 65 1.0
617 869 1.0
617 871 1.0
618 116 1.0
618 351 1.0
618 406 1.0
618 897 1.0
619 24 1.0
619 273 1.0
619 438 1.0
619 693 1.0
619 771 1.0
619 795 1.0
619 836 1.0
619 879 1.0
620 824 1.0
620 838 1.0
620 844 1.0
620 876 1.0
620 878 1.0
620 895 1.0
620 905 1.0
620 907 1.0
621 296 1.0
621 401 1.0
621 630 1.0
621 735 1.0
621 884 1.0
621 937 1.0
622 110 1.0
622 258 1.0
622 280 1.0
622 297 1.0
622 480 1.0
622 496 1.0
622 551 1.0
622 692 1.0
622 875 1.0
623 10 1.0
623 42 1.0
623 159 1.0
623 175 1.0
623 235 1.0
623 350 1.0
623 573 1.0
623 590 1.0
624 56 1.0
624 504 1.0
624 524 1.0
624 605 1.0
624 672 1.0
625 98 1.0
625 199 1.0
625 374 1.0
625 401 1.0
625 413 1.0
625 479 1.0
625 490 1.0
625 738 1.0
625 792 1.0
625 808 1.0
625 859 1.0
626 230 1.0
626 374 1.0
626 585 1.0
627 39 1.0
627 62 1.0
627 66 1.0
627 328 1.0
627 342 1.0
627 352 1.0
627 772 1.0
628 155 1.0
628 189 1.0
628 229 1.0
628 288 1.0
628 326 1.0
628 447 1.0
628 653 1.0
628 708 1.0
628 727 1.0
628 856 1.0
628 857 1.0
628 878 1.0
628 887 1.0
629 5 1.0
629 68 1.0
629 105 1.0
629 108 1.0
629 229 1.0
629 527 1.0
629 583 1.0
629 687 1.0
629 809 1.0
630 234 1.0
630 261 1.0
630 296 1.0
630 408 1.0
630 515 1.0
630 569 1.0
630 694 1.0
630 984 1.0
631 115 1.0
631 148 1.0
631 204 1.0
631 237 1.0
631 270 1.0
631 395 1.0
631 802 1.0
631 993 1.0
632 30 1.0
632 544 1.0
632 758 1.0
632 791 1.0
632 847 1.0
632 898 1.0
632 953 1.0
633 47 1.0
633 237 1.0
633 378 1.0
633 701 1.0
633 726 1.0
633 743 1.0
633 798 1.0
633 986 1.0
634 17 1.0
634 50 1.0
634 307 1.0
634 399 1.0
634 574 1.0
634 591 1.0
634 818 1.0
634 884 1.0
635 32 1.0
635 42 1.0
635 156 1.0
635 208 1.0
635 286 1.0
635 305 1.0
635 658 1.0
635 731 1.0
635 809 1.0
635 936 1.0
636 14 1.0
636 208 1.0
636 233 1.0
636 427 1.0
636 545 1.0
636 560 1.0
636 865 1.0
637 10 1.0
637 198 1.0
637 203 1.0
637 277 1.0
637 312 1.0
637 533 1.0
637 688 1.0
637 745 1.0
637 878 1.0
637 998 1.0
638 278 1.0
638 428 1.0
638 429 1.0
638 446 1.0
638 692 1.0
638 746 1.0
638 832 1.0
638 944 1.0
638 953 1.0
638 975 1.0
639 426 1.0
639 475 1.0
639 549 1.0
639 634 1.0
639 765 1.0
639 784 1.0
639 807 1.0
639 905 1.0
640 210 1.0
640 295 1.0
640 322 1.0
640 500 1.0
640 717 1.0
640 750 1.0
640 757 1.0
640 949 1.0
641 181 1.0
641 326 1.0
641 342 1.0
641 586 1.0
641 608 1.0
641 776 1.0
641 979 1.0
642 116 1.0
642 118 1.0
642 124 1.0
642 246 1.0
642 324 1.0
642 396 1.0
642 613 1.0
642 637 1.0
642 838 1.0
643 62 1.0
643 123 1.0
643 206 1.0
643 293 1.0
643 303 1.0
643 315 1.0
643 443 1.0
643 509 1.0
643 543 1.0
643 565 1.0
643 728 1.0
643 744 1.0
643 757 1.0
643 778 1.0
643 863 1.0
644 95 1.0
644 186 1.0
644 270 1.0
644 295 1.0
644 436 1.0
644 449 1.0
644 454 1.0
644 663 1.0
644 735 1.0
644 898 1.0
644 915 1.0
644 921 1.0
645 115 1.0
645 123 1.0
645 159 1.0
645 238 1.0
645 305 1.0
645 309 1.0
645 316 1.0
645 518 1.0
645 556 1.0
645 570 1.0
645 946 1.0
646 51 1.0
646 298 1.0
646 357 1.0
647 162 1.0
647 166 1.0
647 176 1.0
647 204 1.0
647 337 1.0
647 395 1.0
647 494 1.0
647 739 1.0
647 774 1.0
647 887 1.0
647 911 1.0
648 70 1.0
648 117 1.0
648 209 1.0
648 515 1.0
648 620 1.0
648 658 1.0
648 728 1.0
648 858 1.0
648 914 1.0
648 916 1.0
649 292 1.0
649 327 1.0
649 339 1.0
649 364 1.0
649 433 1.0
649 462 1.0
649 466 1.0
649 729 1.0
649 768 1.0
649 847 1.0
649 980 1.0
650 125 1.0
650 174 1.0
650 286 1.0
650 349 1.0
650 390 1.0
650 429 1.0
650 677 1.0
650 717 1.0
650 733 1.0
650 834 1.0
650 899 1.0
651 26 1.0
651 114 1.0
651 285 1.0
651 376 1.0
651 505 1.0
651 639 1.0
652 175 1.0
652 189 1.0
652 473 1.0
652 487 1.0
652 541 1.0
652 719 1.0
652 800 1.0
653 272 1.0
653 337 1.0
653 439 1.0
653 540 1.0
653 718 1.0
653 739 1.0
653 802 1.0
653 935 1.0
653 940 1.0
654 468 1.0
654 493 1.0
654 738 1.0
654 796 1.0
654 818 1.0
655 4 1.0
655 183 1.0
655 374 1.0
655 523 1.0
655 624 1.0
655 653 1.0
655 713 1.0
655 817 1.0
655 844 1.0
656 9 1.0
656 33 1.0
656 46 1.0
656 95 1.0
656 259 1.0
656 276 1.0
656 408 1.0
656 421 1.0
656 588 1.0
656 969 1.0
656 990 1.0
657 3 1.0
657 17 1.0
657 503 1.0
657 615 1.0
657 645 1.0
657 734 1.0
657 871 1.0
657 930 1.0
657 948 1.0
658 9 1.0
658 36 1.0
658 77 1.0
658 177 1.0
658 429 1.0
658 711 1.0
659 56 1.0
659 99 1.0
659 241 1.0
659 268 1.0
659 288 1.0
659 370 1.0
659 477 1.0
659 485 1.0
659 514 1.0
659 550 1.0
659 798 1.0
660 315 1.0
660 432 1.0
660 539 1.0
660 624 1.0
660 752 1.0
660 923 1.0
660 959 1.0
660 964 1.0
661 28 1.0
661 66 1.0
661 307 1.0
661 357 1.0
661 596 1.0
661 638 1.0
661 641 1.0
661 697 1.0
661 746 1.0
661 956 1.0
662 171 1.0
662 262 1.0
662 465 1.0
662 657 1.0
662 695 1.0
662 785 1.0
662 846 1.0
662 923 1.0
662 927 1.0
662 970 1.0
663 63 1.0
663 106 1.0
663 198 1.0
663 244 1.0
663 316 1.0
663 362 1.0
663 368 1.0
663 521 1.0
663 648 1.0
663 801 1.0
663 915 1.0
664 9 1.0
664 137 1.0
664 426 1.0
664 587 1.0
664 646 1.0
664 974 1.0
665 37 1.0
665 66 1.0
665 362 1.0
665 484 1.0
665 884 1.0
666 14 1.0
666 18 1.0
666 90 1.0
666 111 1.0
666 302 1.0
666 582 1.0
666 848 1.0
666 991 1.0
667 170 1.0
667 237 1.0
667 270 1.0
667 289 1.0
667 330 1.0
667 533 1.0
667 734 1.0
667 810 1.0
667 858 1.0
667 880 1.0
667 974 1.0
667 978 1.0
668 213 1.0
668 607 1.0
669 293 1.0
669 350 1.0
669 351 1.0
669 365 1.0
669 488 1.0
670 205 1.0
670 289 1.0
670 804 1.0
670 855 1.0
670 973 1.0
671 18 1.0
671 51 1.0
671 242 1.0
671 479 1.0
671 607 1.0
671 761 1.0
671 849 1.0
671 978 1.0
672 172 1.0
672 239 1.0
672 356 1.0
672 546 1.0
672 719 1.0
672 982 1.0
673 112 1.0
673 123 1.0
673 292 1.0
673 407 1.0
673 419 1.0
673 544 1.0
673 590 1.0
673 738 1.0
673 924 1.0
673 989 1.0
674 1 1.0
674 131 1.0
674 194 1.0
674 560 1.0
674 764 1.0
674 905 1.0
674 962 1.0
675 14 1.0
675 53 1.0
675 171 1.0
675 248 1.0
675 332 1.0
675 525 1.0
675 582 1.0
676 34 1.0
676 98 1.0
676 143 1.0
676 302 1.0
676 453 1.0
676 466 1.0
676 754 1.0
676 868 1.0
677 130 1.0
677 235 1.0
677 468 1.0
677 496 1.0
677 510 1.0
677 515 1.0
677 728 1.0
677 993 1.0
678 37 1.0
678 119 1.0
678 686 1.0
678 845 1.0
678 888 1.0
679 80 1.0
679 275 1.0
679 396 1.0
679 583 1.0
679 585 1.0
679 617 1.0
679 708 1.0
679 885 1.0
679 967 1.0
680 385 1.0
680 508 1.0
680 665 1.0
680 667 1.0
680 712 1.0
681 2 1.0
681 282 1.0
681 458 1.0
681 461 1.0
681 517 1.0
681 518 1.0
681 663 1.0
681 797 1.0
681 944 1.0
682 185 1.0
682 411 1.0
682 487 1.0
682 889 1.0
683 117 1.0
683 187 1.0
683 195 1.0
683 249 1.0
683 365 1.0
683 419 1.0
683 621 1.0
683 904 1.0
684 45 1.0
684 124 1.0
684 211 1.0
684 509 1.0
684 585 1.0
684 710 1.0
684 772 1.0
684 811 1.0
685 34 1.0
685 252 1.0
685 281 1.0
685 522 1.0
685 548 1.0
685 679 1.0
685 757 1.0
686 27 1.0
686 204 1.0
686 348 1.0
686 453 1.0
686 527 1.0
686 561 1.0
686 804 1.0
686 888 1.0
686 908 1.0
686 919 1.0
687 112 1.0
687 391 1.0
687 628 1.0
687 750 1.0
687 809 1.0
687 921 1.0
688 33 1.0
688 34 1.0
688 102 1.0
688 190 1.0
688 201 1.0
688 256 1.0
688 408 1.0
688 511 1.0
688 666 1.0
688 835 1.0
689 294 1.0
689 372 1.0
689 518 1.0
689 703 1.0
689 923 1.0
689 932 1.0
690 49 1.0
690 249 1.0
690 292 1.0
690 513 1.0
690 523 1.0
690 530 1.0
690 566 1.0
690 574 1.0
690 594 1.0
690 770 1.0
690 876 1.0
690 944 1.0
690 981 1.0
691 140 1.0
691 167 1.0
691 202 1.0
691 294 1.0
691 307 1.0
691 443 1.0
691 494 1.0
691 702 1.0
691 712 1.0
691 742 1.0
691 819 1.0
691 886 1.0
692 70 1.0
692 281 1.0
692 380 1.0
692 527 1.0
692 554 1.0
692 655 1.0
692 860 1.0
692 899 1.0
693 275 1.0
693 799 1.0
693 897 1.0
694 49 1.0
694 124 1.0
694 135 1.0
694 178 1.0
694 217 1.0
694 267 1.0
694 335 1.0
694 751 1.0
695 281 1.0
695 351 1.0
695 374 1.0
695 415 1.0
695 441 1.0
695 589 1.0
695 633 1.0
695 940 1.0
696 70 1.0
696 107 1.0
696 192 1.0
696 332 1.0
696 425 1.0
696 512 1.0
696 706 1.0
696 731 1.0
696 757 1.0
697 18 1.0
697 167 1.0
697 362 1.0
697 467 1.0
697 487 1.0
697 587 1.0
697 616 1.0
697 684 1.0
697 685 1.0
697 823 1.0
697 974 1.0
697 975 1.0
697 997 1.0
698 1 1.0
698 36 1.0
698 375 1.0
698 387 1.0
698 519 1.0
698 577 1.0
698 592 1.0
698 877 1.0
699 123 1.0
699 398 1.0
699 424 1.0
699 682 1.0
699 842 1.0
699 913 1.0
700 34 1.0
700 288 1.0
700 339 1.0
700 515 1.0
700 527 1.0
700 687 1.0
700 754 1.0
700 758 1.0
700 831 1.0
700 887 1.0
700 950 1.0
700 984 1.0
701 85 1.0
701 133 1.0
701 210 1.0
701 215 1.0
701 318 1.0
701 371 1.0
701 907 1.0
701 999 1.0
702 144 1.0
702 243 1.0
702 262 1.0
702 297 1.0
702 335 1.0
702 507 1.0
702 521 1.0
702 572 1.0
702 654 1.0
702 703 1.0
702 833 1.0
702 869 1.0
702 926 1.0
703 40 1.0
703 166 1.0
703 234 1.0
703 343 1.0
703 407 1.0
703 580 1.0
703 636 1.0
703 638 1.0
703 891 1.0
704 194 1.0
704 248 1.0
704 485 1.0
704 666 1.0
704 802 1.0
704 840 1.0
705 15 1.0
705 105 1.0
705 110 1.0
705 241 1.0
705 277 1.0
705 282 1.0
705 367 1.0
705 494 1.0
705 675 1.0
705 961 1.0
706 468 1.0
706 702 1.0
706 704 1.0
706 804 1.0
706 843 1.0
707 28 1.0
707 84 1.0
707 280 1.0
707 299 1.0
707 358 1.0
707 367 1.0
707 771 1.0
707 841 1.0
707 958 1.0
708 56 1.0
708 345 1.0
708 522 1.0
708 631 1.0
708 667 1.0
708 739 1.0
708 915 1.0
708 970 1.0
709 89 1.0
709 123 1.0
709 573 1.0
709 602 1.0
709 642 1.0
710 25 1.0
710 58 1.0
710 154 1.0
710 483 1.0
710 681 1.0
710 693 1.0
710 768 1.0
710 852 1.0
710 898 1.0
711 52 1.0
711 339 1.0
711 494 1.0
711 656 1.0
711 708 1.0
711 906 1.0
711 918 1.0
711 979 1.0
712 103 1.0
712 192 1.0
712 259 1.0
712 318 1.0
712 431 1.0
712 528 1.0
712 628 1.0
712 646 1.0
712 793 1.0
712 844 1.0
712 870 1.0
712 997 1.0
713 189 1.0
713 264 1.0
713 305 1.0
713 308 1.0
713 363 1.0
713 512 1.0
713 705 1.0
713 733 1.0
713 746 1.0
714 273 1.0
714 311 1.0
714 523 1.0
714 710 1.0
714 737 1.0
714 741 1.0
714 823 1.0
714 960 1.0
714 972 1.0
715 468 1.0
715 628 1.0
715 638 1.0
715 684 1.0
715 825 1.0
715 896 1.0
715 954 1.0
715 980 1.0
716 8 1.0
716 123 1.0
716 156 1.0
716 299 1.0
716 587 1.0
716 680 1.0
716 848 1.0
716 970 1.0
716 977 1.0
717 89 1.0
717 269 1.0
717 456 1.0
717 517 1.0
717 590 1.0
717 910 1.0
718 488 1.0
718 512 1.0
718 873 1.0
718 935 1.0
719 13 1.0
719 465 1.0
719 485 1.0
719 642 1.0
719 673 1.0
719 702 1.0
719 863 1.0
720 355 1.0
720 400 1.0
720 457 1.0
720 517 1.0
720 617 1.0
720 731 1.0
720 971 1.0
721 192 1.0
721 244 1.0
721 335 1.0
721 522 1.0
721 757 1.0
721 894 1.0
721 940 1.0
721 962 1.0
721 973 1.0
722 284 1.0
722 317 1.0
722 607 1.0
722 764 1.0
722 968 1.0
723 146 1.0
723 169 1.0
723 210 1.0
723 276 1.0
723 857 1.0
723 901 1.0
724 24 1.0
724 37 1.0
724 108 1.0
724 385 1.0
724 495 1.0
724 819 1.0
724 952 1.0
725 45 1.0
725 54 1.0
725 58 1.0
725 135 1.0
725 173 1.0
725 251 1.0
725 597 1.0
725 651 1.0
725 702 1.0
725 728 1.0
725 737 1.0
725 866 1.0
726 264 1.0
726 437 1.0
726 509 1.0
726 653 1.0
726 727 1.0
726 781 1.0
726 925 1.0
726 928 1.0
726 973 1.0
727 401 1.0
727 480 1.0
727 587 1.0
727 589 1.0
727 626 1.0
727 646 1.0
728 34 1.0
728 505 1.0
728 520 1.0
728 679 1.0
728 938 1.0
729 17 1.0
729 127 1.0
729 240 1.0
729 337 1.0
729 463 1.0
730 127 1.0
730 366 1.0
730 459 1.0
730 505 1.0
730 595 1.0
730 748 1.0
730 781 1.0
730 929 1.0
731 193 1.0
731 208 1.0
731 343 1.0
731 479 1.0
731 864 1.0
731 945 1.0
732 103 1.0
732 125 1.0
732 136 1.0
732 323 1.0
732 372 1.0
732 394 1.0
732 513 1.0
732 647 1.0
732 708 1.0
732 765 1.0
732 927 1.0
733 24 1.0
733 57 1.0
733 60 1.0
733 175 1.0
733 368 1.0
733 403 1.0
733 431 1.0
733 647 1.0
733 664 1.0
733 732 1.0
733 812 1.0
733 879 1.0
734 25 1.0
734 185 1.0
734 325 1.0
734 391 1.0
734 678 1.0
734 829 1.0
735 147 1.0
735 471 1.0
735 906 1.0
736 157 1.0
736 203 1.0
736 213 1.0
736 337 1.0
736 410 1.0
736 472 1.0
736 474 1.0
736 542 1.0
736 649 1.0
736 828 1.0
736 865 1.0
736 882 1.0
736 988 1.0
737 216 1.0
737 304 1.0
737 392 1.0
737 450 1.0
737 565 1.0
737 684 1.0
737 735 1.0
737 862 1.0
738 117 1.0
738 155 1.0
738 235 1.0
738 246 1.0
738 281 1.0
738 808 1.0
738 811 1.0
738 826 1.0
738 854 1.0
738 940 1.0
739 220 1.0
739 391 1.0
739 540 1.0
739 587 1.0
739 827 1.0
739 958 1.0
739 994 1.0
740 146 1.0
740 158 1.0
740 224 1.0
740 237 1.0
740 483 1.0
740 755 1.0
740 862 1.0
741 18 1.0
741 26 1.0
741 72 1.0
741 201 1.0
741 257 1.0
741 272 1.0
741 305 1.0
741 316 1.0
741 474 1.0
741 904 1.0
742 237 1.0
742 343 1.0
742 540 1.0
742 654 1.0
742 687 1.0
742 801 1.0
743 90 1.0
743 178 1.0
743 330 1.0
743 448 1.0
743 535 1.0
743 585 1.0
743 628 1.0
743 816 1.0
744 140 1.0
744 427 1.0
744 507 1.0
744 510 1.0
744 962 1.0
745 46 1.0
745 174 1.0
745 376 1.0
745 413 1.0
745 427 1.0
745 466 1.0
745 590 1.0
745 625 1.0
745 766 1.0
745 992 1.0
746 24 1.0
746 49 1.0
746 150 1.0
746 459 1.0
746 512 1.0
746 663 1.0
746 725 1.0
746 890 1.0
747 79 1.0
747 192 1.0
747 197 1.0
747 331 1.0
747 545 1.0
747 561 1.0
747 587 1.0
747 841 1.0
748 52 1.0
748 68 1.0
748 183 1.0
748 335 1.0
748 617 1.0
749 224 1.0
749 319 1.0
749 426 1.0
749 461 1.0
749 464 1.0
749 496 1.0
749 860 1.0
749 974 1.0
750 81 1.0
750 298 1.0
750 301 1.0
750 345 1.0
750 538 1.0
750 597 1.0
750 601 1.0
750 783 1.0
750 934 1.0
751 111 1.0
751 205 1.0
751 241 1.0
751 414 1.0
751 459 1.0
751 488 1.0
751 505 1.0
751 673 1.0
751 720 1.0
751 855 1.0
751 901 1.0
751 987 1.0
752 23 1.0
752 231 1.0
752 236 1.0
752 282 1.0
752 400 1.0
752 419 1.0
752 460 1.0
752 550 1.0
753 122 1.0
753 124 1.0
753 247 1.0
753 371 1.0
753 434 1.0
753 502 1.0
753 687 1.0
753 748 1.0
753 771 1.0
753 889 1.0
753 984 1.0
754 498 1.0
754 499 1.0
754 637 1.0
754 701 1.0
754 712 1.0
754 740 1.0
755 290 1.0
755 343 1.0
755 377 1.0
755 555 1.0
755 727 1.0
755 874 1.0
755 944 1.0
755 969 1.0
755 994 1.0
756 36 1.0
756 50 1.0
756 51 1.0
756 80 1.0
756 137 1.0
756 200 1.0
756 329 1.0
756 466 1.0
756 541 1.0
756 821 1.0
757 46 1.0
757 147 1.0
757 304 1.0
757 414 1.0
757 822 1.0
757 867 1.0
758 165 1.0
758 412 1.0
758 421 1.0
758 428 1.0
758 487 1.0
758 615 1.0
758 727 1.0
758 902 1.0
759 324 1.0
759 396 1.0
759 522 1.0
759 596 1.0
759 670 1.0
759 846 1.0
759 883 1.0
759 887 1.0
759 905 1.0
760 196 1.0
760 363 1.0
760 515 1.0
760 658 1.0
760 745 1.0
760 785 1.0
761 226 1.0
761 257 1.0
761 363 1.0
761 421 1.0
761 537 1.0
761 563 1.0
761 694 1.0
761 836 1.0
761 974 1.0
762 200 1.0
762 230 1.0
762 304 1.0
762 471 1.0
762 476 1.0
762 490 1.0
762 618 1.0
762 783 1.0
762 849 1.0
763 36 1.0
763 276 1.0
763 382 1.0
763 910 1.0
764 142 1.0
764 217 1.0
764 396 1.0
764 580 1.0
764 681 1.0
764 833 1.0
764 847 1.0
764 849 1.0
764 864 1.0
764 891 1.0
765 0 1.0
765 4 1.0
765 101 1.0
765 119 1.0
765 124 1.0
765 366 1.0
765 406 1.0
765 489 1.0
765 503 1.0
765 524 1.0
765 655 1.0
765 729 1.0
765 747 1.0
765 801 1.0
766 35 1.0
766 64 1.0
766 366 1.0
766 401 1.0
766 427 1.0
766 446 1.0
766 606 1.0
766 798 1.0
766 892 1.0
767 217 1.0
767 386 1.0
767 445 1.0
767 556 1.0
767 622 1.0
767 658 1.0
768 177 1.0
768 279 1.0
768 425 1.0
768 732 1.0
768 939 1.0
769 53 1.0
769 276 1.0
769 352 1.0
769 523 1.0
769 604 1.0
769 612 1.0
769 631 1.0
770 197 1.0
770 293 1.0
770 451 1.0
770 456 1.0
770 532 1.0
770 605 1.0
771 21 1.0
771 140 1.0
771 188 1.0
771 313 1.0
771 405 1.0
771 471 1.0
771 588 1.0
771 632 1.0
771 687 1.0
771 698 1.0
771 796 1.0
772 73 1.0
772 354 1.0
772 371 1.0
772 548 1.0
772 669 1.0
772 679 1.0
772 733 1.0
772 734 1.0
773 110 1.0
773 343 1.0
773 372 1.0
773 460 1.0
773 617 1.0
773 714 1.0
773 814 1.0
773 845 1.0
773 847 1.0
774 216 1.0
774 333 1.0
774 603 1.0
774 800 1.0
774 847 1.0
775 205 1.0
775 379 1.0
775 509 1.0
775 595 1.0
775 691 1.0
775 772 1.0
775 814 1.0
775 836 1.0
775 890 1.0
775 915 1.0
775 944 1.0
776 59 1.0
776 120 1.0
776 250 1.0
776 329 1.0
776 337 1.0
776 552 1.0
776 961 1.0
777 85 1.0
777 163 1.0
777 191 1.0
777 257 1.0
777 805 1.0
777 891 1.0
778 21 1.0
778 145 1.0
778 178 1.0
778 284 1.0
778 414 1.0
778 530 1.0
778 666 1.0
778 705 1.0
778 821 1.0
779 264 1.0
780 101 1.0
780 261 1.0
780 386 1.0
780 630 1.0
780 803 1.0
780 839 1.0
781 235 1.0
781 297 1.0
781 419 1.0
781 472 1.0
781 545 1.0
781 578 1.0
781 647 1.0
781 824 1.0
781 917 1.0
781 940 1.0
782 497 1.0
782 575 1.0
782 825 1.0
782 873 1.0
783 22 1.0
783 49 1.0
783 58 1.0
783 134 1.0
783 241 1.0
783 670 1.0
783 866 1.0
783 951 1.0
783 972 1.0
784 136 1.0
784 406 1.0
784 492 1.0
784 508 1.0
784 524 1.0
784 581 1.0
784 622 1.0
784 678 1.0
784 799 1.0
785 151 1.0
785 409 1.0
785 447 1.0
785 588 1.0
785 714 1.0
785 742 1.0
785 743 1.0
785 802 1.0
786 317 1.0
786 326 1.0
786 362 1.0
786 416 1.0
786 507 1.0
786 679 1.0
786 739 1.0
786 755 1.0
786 917 1.0
786 958 1.0
786 990 1.0
787 0 1.0
787 98 1.0
787 130 1.0
787 152 1.0
787 157 1.0
787 304 1.0
787 589 1.0
787 991 1.0
788 172 1.0
788 223 1.0
788 330 1.0
788 447 1.0
788 500 1.0
788 505 1.0
788 527 1.0
788 550 1.0
788 625 1.0
788 752 1.0
788 767 1.0
788 843 1.0
788 996 1.0
789 5 1.0
789 42 1.0
789 311 1.0
789 422 1.0
789 827 1.0
789 848 1.0
789 894 1.0
790 157 1.0
790 245 1.0
790 838 1.0
790 854 1.0
790 868 1.0
790 904 1.0
790 959 1.0
791 74 1.0
791 137 1.0
791 168 1.0
791 174 1.0
791 262 1.0
791 324 1.0
791 373 1.0
791 473 1.0
791 618 1.0
791 703 1.0
791 719 1.0
791 847 1.0
791 972 1.0
792 98 1.0
792 561 1.0
792 663 1.0
792 668 1.0
792 699 1.0
792 732 1.0
792 783 1.0
793 278 1.0
793 285 1.0
793 467 1.0
793 486 1.0
793 738 1.0
793 801 1.0
793 859 1.0
793 975 1.0
794 65 1.0
794 112 1.0
794 188 1.0
794 242 1.0
794 248 1.0
794 359 1.0
794 381 1.0
794 477 1.0
794 502 1.0
794 602 1.0
794 969 1.0
795 180 1.0
795 223 1.0
795 662 1.0
795 687 1.0
795 892 1.0
796 0 1.0
796 140 1.0
796 401 1.0
796 424 1.0
796 736 1.0
796 772 1.0
796 891 1.0
796 978 1.0
797 81 1.0
797 203 1.0
797 474 1.0
797 495 1.0
797 545 1.0
797 577 1.0
797 693 1.0
797 795 1.0
797 868 1.0
798 450 1.0
798 578 1.0
798 599 1.0
798 845 1.0
799 287 1.0
799 625 1.0
799 780 1.0
800 73 1.0
800 93 1.0
800 135 1.0
800 272 1.0
800 298 1.0
800 560 1.0
800 621 1.0
800 675 1.0
800 912 1.0
801 214 1.0
801 234 1.0
801 254 1.0
801 285 1.0
801 292 1.0
801 320 1.0
801 551 1.0
801 560 1.0
801 612 1.0
801 789 1.0
801 878 1.0
801 896 1.0
801 932 1.0
801 934 1.0
802 18 1.0
802 85 1.0
802 225 1.0
802 300 1.0
802 321 1.0
802 383 1.0
802 435 1.0
802 450 1.0
802 583 1.0
802 854 1.0
802 932 1.0
803 6 1.0
803 230 1.0
803 446 1.0
803 642 1.0
803 678 1.0
803 822 1.0
803 838 1.0
803 929 1.0
804 318 1.0
804 416 1.0
804 481 1.0
804 871 1.0
804 995 1.0
805 5 1.0
805 149 1.0
805 170 1.0
805 339 1.0
805 341 1.0
805 452 1.0
805 467 1.0
805 591 1.0
805 727 1.0
805 834 1.0
805 872 1.0
805 913 1.0
805 964 1.0
806 278 1.0
806 353 1.0
806 354 1.0
806 403 1.0
806 407 1.0
806 644 1.0
806 716 1.0
806 733 1.0
806 870 1.0
806 972 1.0
807 54 1.0
807 159 1.0
807 435 1.0
807 870 1.0
808 7 1.0
808 77 1.0
808 141 1.0
808 220 1.0
808 541 1.0
808 638 1.0
808 736 1.0
808 754 1.0
808 874 1.0
808 895 1.0
809 99 1.0
809 586 1.0
809 620 1.0
809 637 1.0
809 712 1.0
809 805 1.0
809 806 1.0
810 333 1.0
810 365 1.0
810 548 1.0
810 562 1.0
810 584 1.0
810 634 1.0
810 638 1.0
810 929 1.0
811 371 1.0
811 501 1.0
811 579 1.0
811 587 1.0
811 631 1.0
811 702 1.0
811 826 1.0
811 841 1.0
811 868 1.0
811 924 1.0
811 935 1.0
811 944 1.0
811 988 1.0
812 20 1.0
812 174 1.0
812 255 1.0
812 384 1.0
812 532 1.0
812 633 1.0
812 716 1.0
812 816 1.0
813 15 1.0
813 459 1.0
813 553 1.0
814 365 1.0
814 760 1.0
814 893 1.0
814 927 1.0
814 960 1.0
814 990 1.0
815 31 1.0
815 224 1.0
815 256 1.0
815 365 1.0
815 375 1.0
815 666 1.0
815 975 1.0
816 12 1.0
816 57 1.0
816 128 1.0
816 255 1.0
816 306 1.0
816 493 1.0
816 510 1.0
816 539 1.0
816 635 1.0
816 641 1.0
816 685 1.0
817 133 1.0
817 166 1.0
817 178 1.0
817 359 1.0
817 429 1.0
817 448 1.0
817 541 1.0
817 607 1.0
817 856 1.0
818 10 1.0
818 453 1.0
818 463 1.0
818 495 1.0
818 593 1.0
818 719 1.0
819 156 1.0
819 262 1.0
819 380 1.0
819 409 1.0
819 446 1.0
819 563 1.0
819 736 1.0
819 973 1.0
820 150 1.0
820 256 1.0
820 316 1.0
820 328 1.0
820 467 1.0
820 666 1.0
820 672 1.0
820 816 1.0
820 837 1.0
820 953 1.0
821 115 1.0
821 219 1.0
821 286 1.0
821 471 1.0
821 578 1.0
821 614 1.0
821 617 1.0
821 888 1.0
822 215 1.0
822 339 1.0
822 591 1.0
822 619 1.0
822 633 1.0
822 659 1.0
822 685 1.0
822 854 1.0
823 274 1.0
823 312 1.0
823 779 1.0
824 587 1.0
824 976 1.0
825 168 1.0
825 223 1.0
825 373 1.0
825 419 1.0
825 567 1.0
825 612 1.0
825 635 1.0
826 30 1.0
826 119 1.0
826 283 1.0
826 511 1.0
826 587 1.0
826 603 1.0
826 744 1.0
827 335 1.0
827 439 1.0
827 549 1.0
827 729 1.0
827 773 1.0
828 123 1.0
828 342 1.0
828 361 1.0
828 394 1.0
828 434 1.0
828 492 1.0
828 519 1.0
828 664 1.0
828 723 1.0
828 789 1.0
828 791 1.0
828 844 1.0
828 879 1.0
828 914 1.0
829 4 1.0
829 96 1.0
829 191 1.0
829 306 1.0
829 316 1.0
829 441 1.0
829 451 1.0
829 631 1.0
829 672 1.0
829 759 1.0
829 925 1.0
830 105 1.0
830 312 1.0
830 488 1.0
830 649 1.0
830 749 1.0
830 815 1.0
831 15 1.0
831 30 1.0
831 225 1.0
831 244 1.0
831 329 1.0
831 457 1.0
831 657 1.0
831 818 1.0
831 823 1.0
831 826 1.0
831 844 1.0
832 32 1.0
832 94 1.0
832 119 1.0
832 124 1.0
832 441 1.0
832 572 1.0
832 963 1.0
833 32 1.0
833 77 1.0
833 127 1.0
833 134 1.0
833 150 1.0
833 190 1.0
833 226 1.0
833 308 1.0
833 609 1.0
833 823 1.0
834 94 1.0
834 277 1.0
834 278 1.0
834 338 1.0
834 453 1.0
834 915 1.0
834 916 1.0
834 963 1.0
835 30 1.0
835 422 1.0
835 489 1.0
835 576 1.0
835 628 1.0
835 776 1.0
836 35 1.0
836 382 1.0
836 621 1.0
836 722 1.0
837 170 1.0
837 491 1.0
837 593 1.0
837 646 1.0
837 659 1.0
837 819 1.0
837 889 1.0
838 87 1.0
838 197 1.0
838 427 1.0
838 516 1.0
838 591 1.0
838 895 1.0
839 153 1.0
839 185 1.0
839 193 1.0
839 251 1.0
839 482 1.0
839 615 1.0
839 633 1.0
839 728 1.0
839 748 1.0
839 835 1.0
840 16 1.0
840 30 1.0
840 74 1.0
840 150 1.0
840 194 1.0
840 207 1.0
840 211 1.0
840 574 1.0
840 618 1.0
840 664 1.0
840 948 1.0
841 118 1.0
841 328 1.0
841 431 1.0
841 470 1.0
841 735 1.0
841 767 1.0
841 858 1.0
842 254 1.0
842 341 1.0
842 405 1.0
842 438 1.0
842 479 1.0
842 509 1.0
842 670 1.0
843 119 1.0
843 279 1.0
843 362 1.0
843 931 1.0
844 9 1.0
844 156 1.0
844 162 1.0
844 332 1.0
844 349 1.0
844 374 1.0
844 458 1.0
844 653 1.0
844 671 1.0
844 724 1.0
844 729 1.0
844 903 1.0
844 966 1.0
845 29 1.0
845 93 1.0
845 111 1.0
845 144 1.0
845 146 1.0
845 247 1.0
845 260 1.0
845 298 1.0
845 326 1.0
845 404 1.0
845 452 1.0
845 656 1.0
845 720 1.0
845 832 1.0
846 48 1.0
846 89 1.0
846 91 1.0
846 127 1.0
846 326 1.0
846 375 1.0
846 382 1.0
846 758 1.0
846 872 1.0
847 206 1.0
847 328 1.0
847 469 1.0
847 597 1.0
847 790 1.0
847 947 1.0
848 73 1.0
848 98 1.0
848 102 1.0
848 200 1.0
848 260 1.0
848 418 1.0
848 533 1.0
848 809 1.0
848 829 1.0
848 946 1.0
849 87 1.0
849 111 1.0
849 251 1.0
849 282 1.0
849 359 1.0
849 605 1.0
849 808 1.0
850 31 1.0
850 147 1.0
850 177 1.0
850 193 1.0
850 335 1.0
850 357 1.0
850 370 1.0
850 438 1.0
850 724 1.0
850 776 1.0
850 780 1.0
850 933 1.0
850 968 1.0
851 152 1.0
851 525 1.0
851 676 1.0
851 738 1.0
851 759 1.0
851 772 1.0
851 816 1.0
851 818 1.0
851 875 1.0
851 887 1.0
851 971 1.0
852 32 1.0
852 86 1.0
852 554 1.0
852 818 1.0
852 860 1.0
853 14 1.0
853 19 1.0
853 90 1.0
853 240 1.0
853 270 1.0
853 281 1.0
853 345 1.0
853 505 1.0
853 831 1.0
853 876 1.0
854 74 1.0
854 437 1.0
854 476 1.0
854 651 1.0
854 739 1.0
855 36 1.0
855 131 1.0
855 140 1.0
855 150 1.0
855 184 1.0
855 200 1.0
855 341 1.0
855 357 1.0
855 443 1.0
855 586 1.0
855 660 1.0
855 694 1.0
855 787 1.0
855 793 1.0
855 973 1.0
856 14 1.0
856 268 1.0
856 314 1.0
856 410 1.0
856 456 1.0
856 686 1.0
856 759 1.0
856 812 1.0
856 863 1.0
856 995 1.0
857 67 1.0
857 256 1.0
857 496 1.0
857 802 1.0
857 827 1.0
858 11 1.0
858 66 1.0
858 482 1.0
858 595 1.0
858 674 1.0
858 827 1.0
858 954 1.0
859 140 1.0
859 187 1.0
859 204 1.0
859 283 1.0
859 354 1.0
859 601 1.0
859 654 1.0
860 14 1.0
860 40 1.0
860 436 1.0
860 487 1.0
860 778 1.0
860 922 1.0
860 940 1.0
861 130 1.0
861 222 1.0
861 302 1.0
861 655 1.0
861 682 1.0
861 689 1.0
861 876 1.0
861 920 1.0
861 970 1.0
862 635 1.0
862 718 1.0
862 803 1.0
862 850 1.0
862 914 1.0
863 80 1.0
863 158 1.0
863 180 1.0
863 188 1.0
863 218 1.0
863 253 1.0
863 393 1.0
863 448 1.0
863 479 1.0
863 641 1.0
864 26 1.0
864 163 1.0
864 225 1.0
864 459 1.0
864 564 1.0
864 633 1.0
864 879 1.0
865 218 1.0
865 236 1.0
865 411 1.0
865 450 1.0
865 579 1.0
865 642 1.0
865 690 1.0
865 703 1.0
866 47 1.0
866 86 1.0
866 99 1.0
866 365 1.0
866 653 1.0
866 704 1.0
866 732 1.0
866 743 1.0
866 767 1.0
866 864 1.0
867 242 1.0
867 303 1.0
867 576 1.0
867 819 1.0
868 107 1.0
868 156 1.0
868 236 1.0
868 266 1.0
868 330 1.0
868 489 1.0
868 493 1.0
868 617 1.0
868 622 1.0
868 840 1.0
868 848 1.0
869 45 1.0
869 215 1.0
869 227 1.0
869 369 1.0
869 447 1.0
869 462 1.0
869 476 1.0
869 632 1.0
869 652 1.0
869 681 1.0
869 686 1.0
870 57 1.0
870 85 1.0
870 120 1.0
870 170 1.0
870 332 1.0
870 366 1.0
870 416 1.0
870 481 1.0
870 485 1.0
870 635 1.0
870 750 1.0
870 831 1.0
870 964 1.0
871 106 1.0
871 303 1.0
871 447 1.0
871 486 1.0
871 596 1.0
871 601 1.0
871 607 1.0
872 60 1.0
872 183 1.0
872 254 1.0
872 358 1.0
872 372 1.0
872 402 1.0
872 524 1.0
872 644 1.0
872 712 1.0
872 774 1.0
872 964 1.0
873 23 1.0
873 58 1.0
873 160 1.0
873 226 1.0
873 253 1.0
873 260 1.0
873 267 1.0
873 330 1.0
873 522 1.0
873 551 1.0
873 578 1.0
873 717 1.0
873 823 1.0
874 44 1.0
874 179 1.0
874 180 1.0
874 286 1.0
874 291 1.0
874 382 1.0
874 498 1.0
874 537 1.0
874 681 1.0
875 119 1.0
875 194 1.0
875 564 1.0
876 71 1.0
876 119 1.0
876 284 1.0
876 285 1.0
876 355 1.0
876 450 1.0
876 607 1.0
876 731 1.0
876 780 1.0
876 941 1.0
877 212 1.0
877 625 1.0
877 682 1.0
877 842 1.0
877 930 1.0
877 962 1.0
878 96 1.0
878 398 1.0
878 915 1.0
878 949 1.0
879 147 1.0
879 180 1.0
879 271 1.0
879 345 1.0
879 352 1.0
879 470 1.0
879 634 1.0
879 800 1.0
879 929 1.0
880 189 1.0
880 412 1.0
880 551 1.0
880 589 1.0
880 590 1.0
880 769 1.0
880 776 1.0
880 823 1.0
880 916 1.0
880 930 1.0
880 966 1.0
881 149 1.0
881 175 1.0
881 383 1.0
881 596 1.0
881 657 1.0
881 728 1.0
881 898 1.0
882 224 1.0
882 228 1.0
882 403 1.0
882 568 1.0
882 596 1.0
882 679 1.0
882 748 1.0
882 883 1.0
883 21 1.0
883 164 1.0
883 391 1.0
883 480 1.0
883 540 1.0
883 579 1.0
883 785 1.0
883 797 1.0
883 835 1.0
883 939 1.0
883 984 1.0
884 24 1.0
884 351 1.0
884 725 1.0
884 819 1.0
884 854 1.0
884 872 1.0
884 892 1.0
884 972 1.0
885 14 1.0
885 99 1.0
885 353 1.0
885 426 1.0
885 527 1.0
885 560 1.0
885 707 1.0
886 63 1.0
886 82 1.0
886 430 1.0
886 718 1.0
886 888 1.0
886 913 1.0
887 38 1.0
887 489 1.0
887 686 1.0
887 723 1.0
887 726 1.0
887 771 1.0
887 913 1.0
887 932 1.0
888 126 1.0
888 171 1.0
888 224 1.0
888 275 1.0
888 286 1.0
888 288 1.0
888 295 1.0
888 345 1.0
888 359 1.0
888 627 1.0
888 762 1.0
888 780 1.0
888 926 1.0
889 279 1.0
889 432 1.0
889 473 1.0
889 674 1.0
889 977 1.0
890 22 1.0
890 43 1.0
890 341 1.0
890 367 1.0
890 480 1.0
890 528 1.0
890 603 1.0
890 723 1.0
890 746 1.0
890 852 1.0
890 976 1.0
891 78 1.0
891 280 1.0
891 318 1.0
891 396 1.0
891 476 1.0
891 538 1.0
891 548 1.0
891 674 1.0
891 884 1.0
891 924 1.0
892 210 1.0
892 306 1.0
892 432 1.0
892 569 1.0
892 626 1.0
892 818 1.0
892 837 1.0
892 916 1.0
893 7 1.0
893 36 1.0
893 269 1.0
893 327 1.0
893 484 1.0
893 751 1.0
893 771 1.0
893 803 1.0
893 833 1.0
894 103 1.0
894 325 1.0
894 693 1.0
894 930 1.0
895 137 1.0
895 225 1.0
895 400 1.0
895 551 1.0
895 602 1.0
895 732 1.0
895 777 1.0
896 47 1.0
896 433 1.0
896 597 1.0
896 626 1.0
896 661 1.0
896 665 1.0
896 694 1.0
896 809 1.0
896 922 1.0
896 949 1.0
897 52 1.0
897 279 1.0
897 336 1.0
897 696 1.0
897 717 1.0
897 781 1.0
897 800 1.0
897 854 1.0
897 946 1.0
898 28 1.0
898 380 1.0
898 424 1.0
898 498 1.0
898 569 1.0
898 687 1.0
898 741 1.0
898 990 1.0
899 253 1.0
899 565 1.0
899 576 1.0
899 722 1.0
899 736 1.0
899 747 1.0
899 834 1.0
899 842 1.0
899 890 1.0
900 51 1.0
900 253 1.0
900 394 1.0
900 822 1.0
900 885 1.0
900 887 1.0
901 402 1.0
901 562 1.0
901 609 1.0
901 644 1.0
901 814 1.0
902 487 1.0
902 505 1.0
902 740 1.0
902 782 1.0
902 850 1.0
902 947 1.0
903 114 1.0
903 205 1.0
903 240 1.0
903 280 1.0
904 93 1.0
904 132 1.0
904 192 1.0
904 273 1.0
904 434 1.0
904 474 1.0
904 507 1.0
904 645 1.0
904 646 1.0
904 669 1.0
904 924 1.0
904 953 1.0
904 958 1.0
904 962 1.0
905 279 1.0
905 872 1.0
906 16 1.0
906 84 1.0
906 313 1.0
906 334 1.0
906 385 1.0
906 665 1.0
907 108 1.0
907 511 1.0
907 517 1.0
907 593 1.0
907 795 1.0
907 848 1.0
907 912 1.0
907 914 1.0
908 29 1.0
908 136 1.0
908 325 1.0
908 467 1.0
908 569 1.0
909 373 1.0
909 954 1.0
910 94 1.0
910 265 1.0
910 410 1.0
910 450 1.0
910 585 1.0
910 631 1.0
910 730 1.0
910 738 1.0
911 214 1.0
911 273 1.0
911 514 1.0
911 622 1.0
911 780 1.0
911 846 1.0
911 982 1.0
912 10 1.0
912 130 1.0
912 258 1.0
912 301 1.0
912 354 1.0
912 382 1.0
912 576 1.0
912 669 1.0
912 748 1.0
912 793 1.0
912 820 1.0
912 883 1.0
912 994 1.0
913 50 1.0
913 83 1.0
913 101 1.0
913 588 1.0
913 762 1.0
913 947 1.0
913 966 1.0
914 71 1.0
914 118 1.0
914 384 1.0
914 415 1.0
914 541 1.0
914 713 1.0
914 722 1.0
914 865 1.0
914 918 1.0
914 962 1.0
914 970 1.0
915 73 1.0
915 125 1.0
915 801 1.0
915 818 1.0
916 293 1.0
916 545 1.0
916 888 1.0
917 219 1.0
917 246 1.0
917 368 1.0
917 407 1.0
918 85 1.0
918 270 1.0
918 581 1.0
918 745 1.0
918 977 1.0
919 166 1.0
919 314 1.0
919 476 1.0
919 914 1.0
919 942 1.0
920 85 1.0
920 87 1.0
920 179 1.0
920 501 1.0
920 548 1.0
920 594 1.0
920 699 1.0
920 803 1.0
920 835 1.0
920 878 1.0
921 138 1.0
921 189 1.0
921 258 1.0
921 293 1.0
921 325 1.0
921 333 1.0
921 371 1.0
921 445 1.0
921 663 1.0
921 744 1.0
921 814 1.0
921 872 1.0
922 23 1.0
922 35 1.0
922 73 1.0
922 157 1.0
922 176 1.0
922 217 1.0
922 270 1.0
922 327 1.0
922 566 1.0
922 629 1.0
922 866 1.0
922 960 1.0
923 446 1.0
923 472 1.0
923 736 1.0
923 804 1.0
923 837 1.0
924 83 1.0
924 249 1.0
924 279 1.0
924 296 1.0
924 352 1.0
924 508 1.0
924 974 1.0
925 218 1.0
925 238 1.0
925 437 1.0
925 641 1.0
925 650 1.0
925 978 1.0
926 75 1.0
926 163 1.0
926 320 1.0
926 361 1.0
926 402 1.0
926 511 1.0
926 631 1.0
926 688 1.0
926 791 1.0
926 943 1.0
926 975 1.0
927 58 1.0
927 289 1.0
927 294 1.0
927 475 1.0
927 560 1.0
927 657 1.0
927 757 1.0
927 891 1.0
928 41 1.0
928 82 1.0
928 84 1.0
928 203 1.0
928 392 1.0
928 532 1.0
928 568 1.0
928 871 1.0
928 890 1.0
928 910 1.0
929 80 1.0
929 200 1.0
929 293 1.0
929 394 1.0
929 502 1.0
929 552 1.0
929 837 1.0
930 114 1.0
930 174 1.0
930 289 1.0
930 399 1.0
930 566 1.0
930 588 1.0
930 613 1.0
930 685 1.0
930 721 1.0
931 67 1.0
931 191 1.0
931 376 1.0
931 478 1.0
931 527 1.0
931 677 1.0
931 678 1.0
931 766 1.0
932 65 1.0
932 91 1.0
932 378 1.0
932 401 1.0
932 456 1.0
932 503 1.0
932 523 1.0
932 535 1.0
932 679 1.0
932 689 1.0
932 798 1.0
932 921 1.0
932 929 1.0
933 50 1.0
933 172 1.0
933 173 1.0
933 312 1.0
933 351 1.0
933 437 1.0
933 502 1.0
933 903 1.0
934 91 1.0
934 363 1.0
934 371 1.0
934 414 1.0
934 439 1.0
934 608 1.0
934 650 1.0
934 764 1.0
934 965 1.0
935 236 1.0
935 360 1.0
935 576 1.0
935 591 1.0
935 814 1.0
935 879 1.0
936 62 1.0
936 320 1.0
936 430 1.0
936 853 1.0
936 925 1.0
936 960 1.0
936 992 1.0
937 49 1.0
937 104 1.0
937 177 1.0
937 199 1.0
937 629 1.0
937 655 1.0
937 734 1.0
937 765 1.0
937 815 1.0
937 848 1.0
937 974 1.0
938 192 1.0
938 878 1.0
939 0 1.0
939 159 1.0
939 221 1.0
939 294 1.0
939 444 1.0
939 823 1.0
939 878 1.0
939 891 1.0
939 900 1.0
940 23 1.0
940 247 1.0
940 314 1.0
940 459 1.0
940 510 1.0
940 764 1.0
940 808 1.0
940 816 1.0
940 867 1.0
940 935 1.0
940 985 1.0
941 179 1.0
941 358 1.0
941 475 1.0
941 586 1.0
941 860 1.0
941 986 1.0
942 140 1.0
942 167 1.0
942 176 1.0
942 377 1.0
942 410 1.0
942 425 1.0
942 439 1.0
942 451 1.0
942 459 1.0
942 474 1.0
942 526 1.0
942 630 1.0
942 750 1.0
942 854 1.0
942 926 1.0
942 940 1.0
943 64 1.0
943 70 1.0
943 213 1.0
943 281 1.0
943 314 1.0
943 340 1.0
943 526 1.0
943 549 1.0
943 602 1.0
943 632 1.0
943 670 1.0
943 952 1.0
944 10 1.0
944 74 1.0
944 462 1.0
945 29 1.0
945 30 1.0
945 49 1.0
945 213 1.0
945 326 1.0
945 399 1.0
945 420 1.0
945 930 1.0
945 956 1.0
946 359 1.0
946 562 1.0
946 644 1.0
946 681 1.0
946 918 1.0
946 953 1.0
947 81 1.0
947 159 1.0
947 206 1.0
947 330 1.0
947 731 1.0
947 881 1.0
947 951 1.0
947 957 1.0
947 972 1.0
948 397 1.0
948 952 1.0
948 954 1.0
948 956 1.0
949 81 1.0
949 443 1.0
949 711 1.0
949 774 1.0
949 974 1.0
949 984 1.0
950 150 1.0
950 397 1.0
950 404 1.0
950 437 1.0
950 562 1.0
950 599 1.0
950 700 1.0
951 15 1.0
951 153 1.0
951 220 1.0
951 264 1.0
951 520 1.0
951 783 1.0
951 947 1.0
952 50 1.0
952 59 1.0
952 298 1.0
952 568 1.0
952 724 1.0
952 943 1.0
952 948 1.0
952 978 1.0
953 32 1.0
953 45 1.0
953 379 1.0
953 632 1.0
953 638 1.0
953 820 1.0
953 904 1.0
953 946 1.0
954 434 1.0
954 715 1.0
954 858 1.0
954 909 1.0
954 948 1.0
955 347 1.0
955 406 1.0
955 496 1.0
955 527 1.0
956 200 1.0
956 317 1.0
956 465 1.0
956 661 1.0
956 945 1.0
956 948 1.0
956 992 1.0
957 151 1.0
957 352 1.0
957 451 1.0
957 475 1.0
957 569 1.0
957 947 1.0
957 965 1.0
957 984 1.0
958 73 1.0
958 111 1.0
958 209 1.0
958 272 1.0
958 338 1.0
958 707 1.0
958 739 1.0
958 786 1.0
958 904 1.0
958 985 1.0
959 234 1.0
959 476 1.0
959 660 1.0
959 790 1.0
959 965 1.0
959 971 1.0
959 974 1.0
960 228 1.0
960 450 1.0
960 714 1.0
960 814 1.0
960 922 1.0
960 936 1.0
961 457 1.0
961 460 1.0
961 705 1.0
961 776 1.0
961 971 1.0
962 75 1.0
962 276 1.0
962 378 1.0
962 674 1.0
962 721 1.0
962 744 1.0
962 877 1.0
962 904 1.0
962 914 1.0
962 974 1.0
963 194 1.0
963 239 1.0
963 524 1.0
963 832 1.0
963 834 1.0
964 88 1.0
964 153 1.0
964 236 1.0
964 484 1.0
964 660 1.0
964 805 1.0
964 870 1.0
964 872 1.0
965 398 1.0
965 471 1.0
965 934 1.0
965 957 1.0
965 959 1.0
966 80 1.0
966 432 1.0
966 546 1.0
966 844 1.0
966 880 1.0
966 913 1.0
966 982 1.0
967 194 1.0
967 285 1.0
967 490 1.0
967 562 1.0
967 581 1.0
967 679 1.0
967 980 1.0
968 232 1.0
968 342 1.0
968 563 1.0
968 722 1.0
968 850 1.0
969 408 1.0
969 554 1.0
969 656 1.0
969 755 1.0
969 794 1.0
969 969 1.0
970 218 1.0
970 662 1.0
970 708 1.0
970 716 1.0
970 861 1.0
970 914 1.0
971 276 1.0
971 413 1.0
971 469 1.0
971 600 1.0
971 720 1.0
971 851 1.0
971 959 1.0
971 961 1.0
971 999 1.0
972 277 1.0
972 714 1.0
972 783 1.0
972 791 1.0
972 806 1.0
972 884 1.0
972 947 1.0
973 535 1.0
973 670 1.0
973 721 1.0
973 726 1.0
973 819 1.0
973 855 1.0
974 152 1.0
974 392 1.0
974 491 1.0
974 664 1.0
974 667 1.0
974 697 1.0
974 749 1.0
974 761 1.0
974 924 1.0
974 937 1.0
974 949 1.0
974 959 1.0
974 962 1.0
974 976 1.0
974 989 1.0
975 216 1.0
975 371 1.0
975 609 1.0
975 638 1.0
975 697 1.0
975 793 1.0
975 815 1.0
975 926 1.0
976 112 1.0
976 558 1.0
976 824 1.0
976 890 1.0
976 974 1.0
977 167 1.0
977 252 1.0
977 313 1.0
977 346 1.0
977 434 1.0
977 527 1.0
977 716 1.0
977 889 1.0
977 918 1.0
978 154 1.0
978 667 1.0
978 671 1.0
978 796 1.0
978 925 1.0
978 952 1.0
979 36 1.0
979 82 1.0
979 354 1.0
979 481 1.0
979 641 1.0
979 711 1.0
980 144 1.0
980 241 1.0
980 649 1.0
980 715 1.0
980 967 1.0
981 118 1.0
981 202 1.0
981 409 1.0
981 611 1.0
981 690 1.0
981 982 1.0
981 991 1.0
982 499 1.0
982 599 1.0
982 672 1.0
982 911 1.0
982 966 1.0
982 981 1.0
983 6 1.0
983 180 1.0
983 304 1.0
983 420 1.0
983 610 1.0
984 239 1.0
984 416 1.0
984 492 1.0
984 630 1.0
984 700 1.0
984 753 1.0
984 883 1.0
984 949 1.0
984 957 1.0
985 354 1.0
985 363 1.0
985 504 1.0
985 528 1.0
985 584 1.0
985 940 1.0
985 958 1.0
986 141 1.0
986 201 1.0
986 413 1.0
986 633 1.0
986 941 1.0
987 124 1.0
987 611 1.0
987 751 1.0
987 987 1.0
987 988 1.0
988 251 1.0
988 253 1.0
988 311 1.0
988 443 1.0
988 736 1.0
988 811 1.0
988 987 1.0
989 336 1.0
989 435 1.0
989 437 1.0
989 472 1.0
989 673 1.0
989 974 1.0
989 991 1.0
990 344 1.0
990 426 1.0
990 656 1.0
990 786 1.0
990 814 1.0
990 898 1.0
991 402 1.0
991 423 1.0
991 666 1.0
991 787 1.0
991 981 1.0
991 989 1.0
992 578 1.0
992 745 1.0
992 936 1.0
992 956 1.0
993 158 1.0
993 209 1.0
993 387 1.0
993 631 1.0
993 677 1.0
994 182 1.0
994 294 1.0
994 439 1.0
994 498 1.0
994 739 1.0
994 755 1.0
994 912 1.0
994 997 1.0
995 224 1.0
995 509 1.0
995 804 1.0
995 856 1.0
996 261 1.0
996 333 1.0
996 339 1.0
996 447 1.0
996 788 1.0
997 172 1.0
997 330 1.0
997 350 1.0
997 697 1.0
997 712 1.0
997 994 1.0
998 114 1.0
998 348 1.0
998 371 1.0
998 428 1.0
998 483 1.0
998 637 1.0
999 154 1.0
999 385 1.0
999 509 1.0
999 542 1.0
999 701 1.0
999 971 1.0
