0 337
0 972
0 280
0 559
0 843
0 235
1 906
1 724
1 578
1 619
1 624
1 177
1 206
2 376
2 16
2 161
2 802
2 240
2 740
2 4
2 70
2 111
3 666
3 65
3 899
4 973
4 638
5 841
5 965
5 969
6 621
8 462
8 662
8 315
8 596
8 536
9 564
9 747
9 914
9 41
10 760
10 530
10 805
11 742
11 559
11 405
11 923
11 973
12 11
12 485
14 843
14 64
14 41
14 993
14 837
14 587
15 502
15 525
15 653
15 376
15 221
15 28
15 18
15 448
16 685
16 317
16 778
16 538
17 775
17 944
17 57
18 614
18 37
18 783
18 771
18 596
18 447
18 190
19 329
19 489
19 729
19 802
19 988
19 854
19 861
19 104
20 805
20 778
20 900
20 746
20 631
20 521
21 561
21 573
21 641
22 812
22 813
22 897
22 823
22 365
22 282
22 424
22 116
22 873
22 204
23 694
23 169
23 55
23 245
23 774
23 730
23 257
23 910
26 310
26 614
26 461
26 664
26 337
26 396
27 689
27 350
27 371
28 907
28 55
28 986
28 123
28 783
28 838
29 779
29 769
29 321
29 688
29 548
29 588
29 686
30 168
30 721
30 536
30 290
30 177
30 161
30 619
30 345
30 70
30 592
31 561
31 913
31 226
31 988
31 839
31 302
31 198
32 39
32 58
32 78
32 482
32 123
32 81
32 676
33 389
33 951
33 909
34 623
34 109
34 338
34 372
34 209
34 567
34 11
34 278
34 850
34 68
34 843
35 410
35 963
35 103
35 693
35 459
35 934
36 279
36 760
36 375
36 388
36 538
36 795
37 980
37 662
37 75
37 582
37 274
37 180
37 47
38 558
38 114
38 976
38 799
38 447
38 863
38 443
38 282
38 350
39 57
39 483
39 69
39 928
39 700
39 3
39 670
41 852
41 312
41 185
41 3
41 642
41 821
41 382
41 174
41 227
41 393
42 378
42 197
42 192
42 741
42 813
42 940
43 228
43 772
43 955
43 937
43 727
43 793
44 142
44 853
44 220
45 740
45 86
45 616
45 520
46 961
46 805
46 299
46 836
46 545
46 972
46 786
46 880
46 381
46 266
47 349
47 821
47 773
47 42
47 271
47 633
48 539
48 582
48 599
48 496
48 211
48 396
49 254
49 116
49 77
49 698
49 650
51 198
51 59
51 428
51 386
51 182
51 733
51 204
51 236
52 415
52 93
52 828
52 55
53 857
53 503
53 271
53 789
53 459
53 534
53 858
53 501
53 414
53 760
55 400
55 293
55 879
55 703
55 513
55 858
55 403
55 755
56 560
56 289
56 767
56 843
56 779
57 127
57 730
57 567
58 544
58 817
58 795
58 465
58 758
58 739
58 267
58 524
58 291
58 792
58 522
59 592
59 135
59 671
59 517
59 783
59 121
59 867
59 216
59 985
60 128
60 854
60 30
60 947
60 372
60 623
60 658
60 441
61 955
61 588
61 388
61 295
61 229
61 968
61 132
61 110
61 397
61 441
61 787
64 402
64 267
64 888
64 551
64 517
64 614
64 470
64 796
64 377
65 338
65 616
65 233
65 708
65 651
66 874
66 713
67 347
67 33
67 47
67 584
67 788
68 289
68 843
68 490
68 165
68 963
69 700
69 958
69 193
69 607
69 793
69 520
70 302
70 183
70 343
70 571
70 805
71 511
71 228
71 465
71 161
71 650
71 999
72 935
72 687
72 979
72 810
75 944
75 23
75 264
75 461
75 621
75 334
75 805
75 879
75 521
77 27
77 759
77 771
77 557
77 964
77 719
77 498
77 432
78 233
78 207
78 32
78 909
78 596
78 37
79 223
79 413
79 186
80 260
80 251
80 577
80 691
80 319
80 34
80 121
80 327
80 3
80 434
80 4
81 645
81 134
81 547
81 84
81 862
82 220
82 607
82 617
82 864
82 476
82 283
82 832
82 224
83 839
83 549
83 585
83 892
83 536
83 243
84 694
84 854
84 329
84 594
84 850
84 704
84 212
84 853
84 248
84 149
84 841
84 460
85 953
85 139
85 799
85 826
85 818
85 792
85 933
85 808
85 417
85 589
85 354
85 606
85 177
85 958
85 133
85 56
86 161
86 151
86 507
86 886
86 836
86 636
86 84
86 368
86 412
87 142
87 230
87 460
87 722
87 517
87 416
88 603
88 290
88 462
88 669
88 218
88 702
88 41
89 5
89 451
89 934
89 362
89 993
89 569
89 919
89 653
90 781
90 129
90 725
90 56
90 165
90 132
91 98
91 582
91 445
91 426
93 87
93 404
93 522
93 901
93 555
93 266
94 876
94 639
94 364
94 728
94 235
94 383
94 58
94 12
94 356
94 274
94 989
94 890
95 963
95 664
95 726
95 897
95 927
95 266
95 39
95 989
95 978
96 383
96 732
97 19
97 859
97 576
97 100
97 677
98 133
98 308
98 832
98 554
98 887
99 77
99 752
99 700
100 643
100 547
100 1
100 428
100 227
100 721
100 862
100 655
101 744
101 452
101 141
101 200
101 720
101 603
101 417
101 363
101 577
101 9
101 383
102 574
102 743
102 84
102 263
102 382
102 543
102 274
102 11
103 58
103 649
103 490
103 99
103 722
103 208
104 638
104 221
104 229
104 836
104 936
104 96
105 282
105 592
105 56
105 387
105 555
105 119
105 715
105 907
107 121
107 319
107 4
107 646
107 615
107 526
107 131
107 70
107 927
107 181
109 946
109 896
109 374
110 841
110 815
110 653
110 629
110 892
110 648
110 925
110 685
111 233
111 894
111 861
111 983
111 14
111 507
111 830
111 536
112 147
112 372
112 133
112 46
112 32
112 374
112 930
112 10
113 902
113 533
113 44
113 602
113 412
113 339
113 807
113 4
113 809
113 114
114 310
114 747
114 395
114 96
115 922
115 2
115 647
116 134
116 967
116 342
116 465
116 36
116 937
117 429
117 498
117 458
117 147
118 401
118 308
118 481
118 43
118 123
118 636
118 293
119 938
119 929
119 860
119 94
119 264
119 777
119 694
119 200
119 907
119 164
119 265
120 425
120 961
120 751
120 317
120 254
120 918
120 340
120 218
120 978
121 451
121 486
121 991
121 843
121 464
121 202
121 599
121 528
121 966
121 940
122 769
122 762
122 802
122 835
122 315
123 686
123 793
123 302
123 606
123 396
123 198
123 764
125 944
125 583
125 114
125 975
125 711
125 319
125 290
125 41
126 727
126 702
126 245
126 568
126 398
126 330
126 985
126 991
126 531
126 350
126 658
127 137
127 732
127 283
127 23
127 44
127 456
127 654
127 775
128 764
128 949
128 865
128 630
128 203
128 546
128 587
129 360
129 604
129 928
129 97
130 34
130 884
130 581
130 619
130 427
131 363
131 121
131 27
131 167
132 42
132 715
132 262
132 600
132 563
132 676
132 88
133 28
133 368
133 641
133 258
133 226
133 592
133 324
134 734
134 196
134 840
134 32
134 777
134 828
134 261
135 1
135 425
135 455
135 463
135 271
135 47
135 121
135 161
135 644
135 554
136 260
136 240
136 809
136 339
136 536
136 896
136 840
136 27
137 701
137 869
137 47
137 678
137 214
137 691
137 680
137 458
137 520
137 376
138 5
138 120
138 194
138 679
138 23
139 282
139 989
139 47
139 317
139 853
140 623
140 398
140 135
140 17
140 773
140 713
141 75
141 206
141 724
141 139
141 404
142 255
142 965
142 20
142 334
142 103
142 957
142 279
142 243
142 394
143 618
143 769
143 988
143 940
144 853
144 566
144 69
144 31
144 554
144 652
144 160
144 684
144 893
145 461
145 677
145 751
145 690
145 831
145 604
146 664
146 250
146 525
146 839
146 488
146 322
146 413
146 281
146 151
146 441
147 79
147 416
148 462
148 213
148 681
148 429
148 839
148 10
148 376
148 349
148 569
149 946
149 727
149 939
149 204
149 834
150 508
150 88
150 446
150 409
150 910
150 595
150 311
150 896
151 342
151 337
151 212
151 451
151 248
151 616
153 588
153 267
153 377
153 490
153 578
153 632
155 77
155 217
155 921
155 711
155 369
155 764
155 381
157 247
157 704
157 926
157 6
158 231
158 270
158 195
158 220
158 958
158 763
159 397
159 259
159 48
159 182
159 440
159 832
159 590
159 459
159 860
159 615
160 488
160 719
160 648
161 415
161 254
161 337
162 509
162 577
162 569
162 264
162 986
164 928
164 840
164 193
164 574
164 418
164 868
164 798
164 955
165 45
165 922
165 662
165 422
165 750
165 830
165 56
166 889
166 831
166 401
166 875
166 940
166 377
166 359
166 531
166 31
166 208
166 378
167 127
167 240
167 158
167 666
167 485
167 165
168 313
168 82
168 430
168 466
168 952
168 243
168 663
168 2
168 906
169 689
169 810
169 974
169 338
170 480
170 500
170 410
170 901
170 741
171 557
171 737
171 685
171 247
171 725
171 250
172 360
172 744
172 785
172 522
172 724
172 34
172 909
173 707
173 848
173 966
173 199
174 934
174 130
174 443
174 267
174 436
174 322
176 470
176 142
176 703
176 793
176 364
176 368
177 727
177 138
177 448
177 948
178 344
178 272
178 980
179 349
179 513
179 61
180 965
180 942
180 636
180 303
180 662
181 271
181 521
181 585
181 572
181 697
181 742
181 457
181 368
181 57
182 284
182 630
182 832
182 601
182 520
182 610
182 565
182 179
182 838
182 558
182 563
182 138
183 879
183 169
183 842
183 483
185 306
185 404
185 75
185 206
185 978
185 534
185 579
185 563
186 428
186 988
186 429
186 528
186 951
186 571
186 67
186 150
188 389
188 68
188 110
188 0
188 696
188 513
188 235
190 690
190 414
190 564
190 236
190 185
191 143
191 238
191 45
191 773
191 438
191 326
191 927
192 551
192 58
192 308
192 122
192 248
193 271
193 257
193 890
193 860
193 829
193 94
193 869
194 983
194 224
194 174
194 438
194 963
194 795
194 747
194 6
195 888
195 37
195 923
195 759
195 788
195 98
195 675
195 764
195 501
195 881
195 998
195 516
196 333
196 289
196 492
196 958
196 524
197 411
197 586
197 566
197 0
197 576
197 322
197 418
197 85
197 335
197 572
198 624
198 182
198 854
198 271
198 3
198 83
199 966
199 530
199 531
199 14
200 791
200 188
200 298
200 436
200 426
200 823
200 588
200 645
201 701
201 643
201 512
201 369
201 374
201 632
201 889
201 18
201 416
202 935
202 565
202 79
202 618
202 635
202 898
202 668
203 739
203 182
203 997
203 503
203 905
204 509
204 193
204 165
204 871
204 838
204 381
204 190
205 36
205 422
205 262
205 413
205 51
205 957
205 921
206 579
206 53
206 364
206 614
207 931
207 147
208 180
208 629
208 220
208 863
208 87
208 709
208 734
209 706
209 194
209 861
209 27
209 262
209 616
209 843
209 839
211 95
211 14
211 568
211 23
211 760
211 966
211 943
212 338
212 781
212 923
212 531
212 656
213 442
213 900
213 381
213 993
213 522
214 212
214 96
214 329
214 526
214 867
214 475
214 985
216 842
216 319
216 483
216 527
216 935
216 843
216 85
216 282
216 653
216 182
217 88
217 744
217 112
217 623
217 314
217 6
217 931
218 777
218 579
218 97
218 541
218 116
218 679
218 785
219 993
219 299
219 134
219 598
219 178
219 919
219 95
219 662
220 816
220 975
220 778
220 310
220 397
220 836
221 445
221 321
221 77
221 711
221 678
221 638
221 958
222 113
222 755
222 693
222 56
222 743
222 492
222 531
222 272
222 415
222 987
222 153
223 569
223 255
223 345
223 110
223 809
223 126
224 197
224 393
224 391
224 251
224 940
226 268
226 194
227 458
227 146
228 3
228 639
228 681
228 388
228 95
228 646
228 521
229 848
229 817
229 483
230 697
230 497
230 198
230 219
231 752
231 760
231 880
231 3
233 691
233 226
233 807
233 327
233 741
233 438
234 495
234 726
234 501
234 219
234 537
234 141
234 643
234 592
235 149
235 102
235 343
235 368
235 645
235 921
235 331
235 847
236 174
236 854
236 88
236 693
236 616
236 271
238 413
238 778
238 202
238 635
238 653
238 573
240 533
240 136
240 427
240 697
240 670
240 655
241 413
241 724
241 128
241 71
241 324
241 531
241 963
241 632
241 793
241 980
241 441
243 102
243 36
243 348
243 276
243 779
243 986
243 714
243 185
243 670
245 698
245 387
245 779
245 201
245 580
245 801
245 786
246 386
246 476
246 630
246 191
247 762
247 84
247 685
247 78
247 806
247 678
247 183
247 61
247 533
247 614
248 259
248 852
248 962
248 554
248 166
250 994
250 195
250 95
250 17
250 998
250 280
251 948
251 695
251 628
251 461
251 107
252 256
252 105
252 587
252 663
252 353
252 34
254 655
254 977
254 717
255 626
255 737
255 119
255 166
256 89
256 99
256 822
256 100
256 257
256 271
257 931
258 816
258 51
258 670
258 628
259 261
259 148
259 856
259 540
259 42
259 601
260 865
261 350
261 527
261 819
261 486
261 781
261 273
261 308
262 979
262 407
263 803
263 880
263 178
263 946
264 940
264 315
264 501
264 712
264 565
264 12
264 985
264 590
264 632
265 489
265 790
265 47
265 256
265 577
265 335
265 684
266 648
266 123
266 551
267 345
267 677
267 802
267 733
267 458
267 658
267 241
267 425
267 258
268 843
268 116
268 235
268 231
268 558
268 606
269 190
269 306
269 849
269 733
269 137
270 747
270 327
270 680
270 972
270 436
270 960
270 382
270 842
270 461
271 703
271 259
271 238
271 847
271 614
271 647
271 100
272 857
272 267
273 560
273 67
273 863
273 223
273 121
273 115
273 93
273 97
273 861
274 131
274 507
274 66
274 955
274 782
276 482
276 27
276 684
276 989
278 951
278 696
278 573
278 880
278 541
278 87
278 204
278 412
278 378
279 684
279 254
279 948
279 592
279 304
280 171
280 270
280 295
280 980
280 349
281 857
281 381
281 399
281 923
281 137
281 558
281 65
282 504
282 339
282 972
282 773
282 733
282 832
282 521
283 547
283 791
283 822
283 343
283 291
283 625
284 90
284 691
284 759
284 754
284 977
284 574
286 413
286 807
286 522
286 91
286 229
286 734
289 217
289 157
289 370
289 598
289 140
289 321
289 143
289 955
289 572
289 903
290 185
290 47
291 34
292 670
292 8
292 783
292 743
292 915
293 457
293 271
293 856
293 281
293 317
295 635
295 484
295 454
295 812
295 441
295 656
296 989
296 576
296 943
296 808
296 395
296 398
296 441
296 386
298 315
298 339
298 516
298 887
298 386
298 965
298 374
298 877
299 506
299 573
299 624
299 541
299 832
301 812
301 370
301 177
301 520
301 713
301 581
301 45
302 256
302 815
302 869
302 166
302 144
302 361
302 822
303 446
303 329
303 845
303 998
303 672
303 768
303 17
303 148
303 476
303 988
304 664
304 907
304 383
304 333
304 45
304 194
304 857
304 153
304 504
304 96
305 364
305 18
305 391
305 969
305 978
306 367
306 36
306 816
306 551
306 651
306 940
306 326
307 892
307 712
307 439
307 72
307 16
308 68
308 359
308 675
308 792
308 997
309 46
309 905
309 85
309 589
309 243
309 544
310 706
310 37
310 479
311 80
311 873
311 605
311 782
311 816
311 561
311 681
312 121
312 195
312 996
312 467
313 460
313 476
313 220
314 129
314 271
314 832
314 180
315 688
316 505
316 406
316 742
316 779
316 17
316 5
316 272
316 329
316 702
316 832
317 477
317 616
317 647
317 697
317 541
317 441
317 744
318 207
318 107
318 716
318 292
318 282
318 145
318 445
319 771
321 889
321 432
321 589
321 562
321 416
321 989
321 584
321 118
322 240
322 370
322 137
322 256
322 606
322 610
322 314
322 853
323 899
323 798
323 329
323 268
323 621
323 209
323 20
323 16
323 246
323 783
323 599
324 643
324 511
324 228
324 312
324 534
324 135
324 126
325 490
325 182
325 915
325 542
325 740
325 571
325 29
325 580
325 702
326 783
326 252
326 767
326 819
327 246
327 844
327 818
327 921
327 879
327 793
329 966
329 392
329 335
329 182
329 28
329 381
329 67
330 751
330 616
330 643
330 64
330 548
331 570
331 283
331 27
331 630
331 624
331 767
331 415
332 263
332 198
332 724
332 742
333 605
333 28
333 56
333 313
333 598
333 817
334 49
334 359
334 732
334 955
334 877
334 957
334 270
335 155
335 486
335 378
336 60
336 35
336 678
336 801
336 682
336 867
337 443
337 199
337 453
337 899
337 183
337 349
337 810
337 773
337 89
338 855
338 39
338 621
338 229
338 865
338 20
339 475
339 371
339 356
339 741
339 777
339 951
339 511
340 717
340 130
340 32
340 180
340 594
340 12
342 369
342 726
342 653
342 319
342 585
342 790
342 411
342 83
343 329
343 349
343 697
343 199
343 652
343 860
343 726
343 468
343 567
343 947
343 140
344 197
344 396
344 881
345 55
345 315
345 689
345 169
345 61
345 251
345 825
345 116
345 142
345 935
347 211
347 283
347 331
347 871
347 938
347 675
348 445
348 898
348 843
348 940
348 151
348 823
348 8
348 808
348 185
348 747
348 452
348 539
349 126
349 542
349 925
349 767
350 805
350 410
350 968
350 458
350 91
350 932
350 282
350 336
350 468
350 915
353 672
353 616
353 740
354 917
354 291
354 741
354 475
354 202
356 985
356 931
356 33
356 518
356 110
359 697
359 986
360 157
360 340
360 595
360 115
360 678
360 646
360 858
360 834
360 356
361 340
361 848
361 919
361 882
361 180
361 319
362 116
362 231
362 887
362 142
362 398
362 296
362 110
362 587
363 804
363 263
363 708
363 963
363 256
363 988
363 633
363 675
363 862
364 682
364 969
364 329
364 766
364 117
364 350
364 779
364 447
364 979
364 535
364 265
364 162
365 790
365 378
367 271
367 58
367 445
367 61
368 269
368 862
369 972
369 363
370 584
370 58
370 909
370 137
370 650
370 9
370 122
371 900
371 804
371 973
371 671
371 581
371 920
371 618
371 645
372 313
372 504
372 364
372 435
372 353
374 877
374 712
374 610
374 964
374 272
374 440
374 429
374 586
374 835
374 947
375 738
375 457
375 948
376 195
376 956
376 447
376 940
376 136
377 782
377 952
377 625
377 938
378 178
378 726
378 417
378 759
378 811
378 139
378 630
378 719
378 304
378 272
378 592
381 429
381 742
381 89
381 721
381 909
381 592
381 120
381 777
382 536
382 39
382 588
382 208
383 842
383 921
383 137
383 194
383 333
383 662
383 551
384 18
384 561
384 418
384 923
384 93
384 231
384 213
384 160
384 874
384 121
384 56
384 720
385 649
385 769
385 88
385 564
385 198
386 967
386 284
387 30
387 459
387 337
387 772
388 940
388 716
388 69
388 471
388 661
389 604
389 805
389 655
390 100
390 180
390 752
390 798
390 370
391 118
391 527
391 564
391 796
391 797
391 100
391 183
391 453
392 463
392 22
392 170
392 938
392 928
392 711
392 604
393 46
393 897
393 469
393 608
393 537
393 718
393 370
394 228
394 667
394 424
394 979
394 719
395 426
395 463
395 459
395 582
395 621
395 344
395 309
395 470
395 455
395 432
396 318
396 829
396 468
396 113
396 85
396 142
396 241
396 245
396 949
396 279
397 926
397 726
397 257
397 415
397 975
398 255
398 470
398 570
398 647
398 658
399 135
399 201
399 855
400 257
400 323
400 148
400 426
400 159
400 408
400 309
400 483
400 907
401 409
401 598
401 976
401 382
401 177
402 644
402 516
402 130
402 360
403 250
403 842
403 11
403 965
404 411
404 195
404 145
404 274
404 186
404 364
404 80
405 99
405 17
405 615
405 192
405 270
405 307
405 122
405 685
405 626
405 834
405 508
405 844
406 554
406 336
406 459
406 333
406 953
407 254
407 456
407 759
407 535
407 15
407 289
408 761
408 423
408 580
408 252
408 856
409 996
409 459
409 579
409 832
409 708
409 538
409 167
409 247
409 99
409 389
409 402
410 896
410 802
410 701
410 831
410 660
411 461
411 326
411 58
411 89
411 384
411 861
411 542
412 128
412 671
412 830
412 238
412 903
413 459
413 463
413 112
413 103
413 22
413 751
414 458
414 647
414 118
414 500
414 191
414 255
414 424
415 766
415 312
415 243
415 689
416 411
416 223
416 159
416 561
416 441
416 434
416 443
416 454
416 91
416 796
417 5
417 880
417 315
417 918
417 350
417 761
417 768
418 481
418 11
418 533
418 564
418 886
419 325
419 157
419 980
421 2
421 734
421 284
421 116
421 29
423 38
423 901
423 570
423 609
423 793
424 618
424 61
424 396
425 265
425 384
425 998
425 934
425 802
425 183
426 70
426 342
426 718
426 672
426 15
426 940
427 966
427 17
427 22
427 868
427 28
427 729
427 19
427 55
427 376
427 142
427 81
427 139
428 293
428 290
428 386
428 628
428 773
428 686
428 586
428 87
429 459
429 417
429 524
429 389
429 710
429 457
430 899
430 224
430 165
430 524
430 506
430 801
430 907
430 707
430 584
431 932
431 806
431 485
431 516
431 182
431 732
431 955
431 438
431 361
431 557
431 360
431 601
432 411
432 852
432 644
432 396
432 632
434 984
434 2
434 506
434 636
434 795
435 110
435 116
435 640
435 816
435 167
435 727
436 386
436 461
436 690
436 584
436 11
436 824
436 847
436 445
436 121
437 194
437 245
437 23
437 942
437 802
437 78
437 422
438 839
438 605
438 191
438 139
438 932
438 884
438 263
439 581
439 308
439 72
439 958
439 394
439 162
440 558
440 702
440 645
440 97
440 777
441 84
441 839
442 363
442 751
442 516
442 903
442 458
442 309
442 952
442 227
442 834
442 290
443 652
443 963
443 787
443 461
443 354
443 782
443 761
443 897
443 957
443 212
443 141
445 554
445 133
445 927
445 912
445 383
445 212
445 668
445 608
445 586
446 852
446 515
446 409
446 141
446 710
446 794
446 883
446 786
447 458
447 321
447 533
447 121
447 391
448 322
448 316
448 968
448 445
448 895
448 195
450 592
450 567
450 862
450 22
450 527
450 976
450 669
451 292
451 329
451 371
451 673
451 552
451 504
452 973
452 732
452 769
452 477
452 719
452 881
452 974
452 415
452 985
452 515
453 638
453 513
453 960
453 317
453 86
453 796
453 872
454 650
454 392
454 519
454 804
454 307
454 764
454 38
455 651
455 740
455 870
455 779
455 147
455 299
455 112
455 445
456 467
456 764
456 511
456 782
456 913
456 153
456 547
456 241
456 284
457 965
457 670
457 326
457 671
457 792
457 486
457 626
457 86
457 726
458 873
458 899
458 153
458 883
458 880
458 331
458 75
458 182
458 561
458 77
458 21
458 612
459 336
459 172
459 417
459 966
459 393
459 119
459 540
459 213
459 766
460 934
460 162
460 38
460 701
460 321
461 146
461 429
461 923
461 726
461 145
461 956
461 258
461 788
461 377
462 960
462 459
462 584
462 150
462 617
462 671
462 534
462 430
462 601
462 97
463 58
463 926
463 650
463 480
463 447
463 396
463 549
463 599
464 434
465 451
465 901
465 183
465 772
466 585
466 847
466 983
466 690
466 229
466 236
467 980
467 559
467 321
467 52
467 451
467 303
467 494
468 608
468 394
468 426
469 558
469 37
469 220
470 227
470 203
470 576
470 362
470 298
470 754
470 978
470 47
470 555
470 881
470 809
471 29
471 845
471 425
471 209
471 738
471 652
471 801
471 694
473 871
473 534
473 162
473 537
473 393
473 439
473 142
473 326
474 86
474 994
474 70
474 550
474 775
474 354
474 169
474 406
474 826
475 654
475 236
475 791
475 867
476 418
476 672
476 403
476 37
476 790
476 678
476 71
477 428
477 192
477 909
477 462
477 415
477 986
477 812
477 813
479 565
479 90
479 383
479 581
480 42
480 935
480 945
480 458
480 527
481 209
481 809
481 186
481 644
481 839
481 858
481 72
481 345
482 693
482 788
482 619
482 259
482 561
483 325
483 455
483 2
483 596
483 159
483 581
483 643
484 460
484 679
484 938
484 980
484 619
484 427
484 384
485 607
485 979
485 387
485 200
486 536
486 336
486 603
486 286
486 826
486 679
486 15
486 733
488 335
488 977
488 454
489 325
489 43
489 217
489 330
489 559
489 208
489 293
489 695
489 613
490 319
490 476
490 638
490 815
490 936
490 286
490 645
490 534
490 740
490 594
490 886
490 914
492 321
492 624
492 216
492 204
492 498
492 502
494 884
494 852
494 823
494 670
494 781
494 57
494 127
494 406
495 462
495 687
495 425
495 755
496 470
496 388
496 116
497 546
497 772
497 762
497 859
497 653
497 483
497 273
498 265
498 969
498 118
498 359
498 372
500 410
500 926
500 234
500 671
500 963
500 310
501 6
501 576
501 350
501 696
502 448
502 913
502 900
502 263
502 364
503 886
503 368
503 331
503 980
503 309
503 730
503 347
503 113
503 948
504 176
504 801
504 897
504 686
504 138
504 754
504 47
505 918
505 11
505 26
506 947
506 650
506 604
506 661
506 898
506 60
506 398
506 591
507 799
507 286
508 83
508 781
508 15
508 993
509 132
509 291
509 834
509 983
509 743
509 929
509 119
511 501
511 257
511 202
512 793
512 178
512 809
512 42
513 834
513 265
513 305
513 221
515 446
515 151
515 746
515 203
515 741
515 406
515 298
516 633
516 481
516 138
517 906
517 783
517 994
517 438
517 697
517 527
517 286
517 835
518 751
518 940
518 256
518 415
518 429
518 127
518 470
518 980
519 808
519 772
519 905
519 961
519 228
519 78
520 985
520 456
520 196
520 868
520 299
520 567
520 227
520 72
520 256
521 761
521 367
521 119
521 39
521 525
521 278
521 721
522 641
522 667
522 719
522 779
522 947
522 140
522 925
522 467
522 51
524 245
524 112
525 649
525 69
525 660
525 914
525 927
525 503
526 302
526 754
526 914
526 132
527 298
527 932
527 710
527 191
527 305
527 26
527 917
527 151
528 293
528 997
528 889
530 256
530 860
530 245
530 974
530 460
531 915
531 722
531 147
531 397
531 15
533 442
533 182
533 463
533 180
533 55
534 661
534 30
534 802
535 520
535 694
535 121
535 425
535 586
535 369
536 432
536 10
536 521
536 935
536 952
536 183
536 45
536 11
536 818
537 86
537 712
537 89
537 395
537 70
537 635
537 96
537 419
538 9
538 192
538 480
538 721
538 136
539 505
539 728
539 31
539 972
539 200
539 83
539 507
539 648
539 913
539 816
540 719
540 683
540 251
540 315
541 269
541 386
541 932
541 334
541 844
541 475
542 796
542 84
542 527
542 271
542 711
542 254
542 79
542 774
542 549
543 458
543 836
543 761
543 186
543 118
543 808
543 506
544 867
544 214
544 477
544 261
544 343
544 566
545 592
545 504
545 348
545 685
545 668
545 375
545 769
545 949
546 829
546 755
546 602
546 651
546 113
546 438
546 83
546 29
547 360
547 41
547 837
547 436
547 855
547 906
547 181
548 11
548 158
548 411
548 663
548 621
548 354
548 855
549 16
549 240
549 256
549 759
549 909
549 486
549 720
550 967
550 787
550 456
550 687
550 66
550 171
550 219
551 312
551 778
551 548
551 917
551 495
551 290
551 382
551 708
551 767
551 703
551 1
551 684
551 763
552 486
552 803
552 96
552 741
552 59
552 70
554 392
554 423
554 557
554 821
554 193
555 654
556 578
556 534
556 934
557 375
557 119
557 204
557 843
558 771
558 363
558 455
558 148
558 2
559 16
559 206
559 758
559 317
559 817
559 832
559 51
559 578
559 962
559 424
559 15
560 144
560 376
560 849
560 177
560 412
560 364
561 494
561 485
561 836
561 116
561 697
561 581
562 821
562 980
562 49
562 598
562 386
563 313
563 274
563 641
563 234
563 295
563 893
563 947
563 353
563 519
563 554
563 784
563 219
564 516
564 49
565 339
565 986
565 139
565 501
565 940
565 572
565 485
566 89
566 505
566 695
566 537
566 976
566 688
566 309
566 374
567 159
568 933
568 691
568 684
568 174
568 365
568 577
568 2
568 201
568 768
569 913
569 78
569 488
569 905
569 935
570 26
570 608
570 697
570 509
570 928
570 432
570 914
570 322
571 984
571 246
571 71
571 284
571 276
571 100
571 588
572 72
572 706
572 405
572 550
572 589
572 47
572 327
572 766
572 295
572 884
572 935
572 648
572 734
573 167
573 918
573 677
573 53
574 283
574 3
575 267
575 996
575 704
575 12
575 195
575 126
575 261
576 897
576 592
576 159
576 200
577 45
577 948
577 270
577 113
577 526
577 296
578 476
578 397
578 36
579 464
579 580
579 316
579 983
579 587
579 623
579 263
580 917
580 603
580 540
580 32
580 340
580 446
581 663
581 678
581 810
581 438
581 615
581 38
581 15
581 624
581 882
581 264
581 188
582 830
582 999
582 26
582 876
582 867
582 214
582 980
582 856
583 272
583 44
583 893
583 630
583 564
583 967
584 299
584 610
584 533
584 630
584 718
584 957
585 683
585 876
585 768
585 454
585 339
586 463
586 3
586 274
586 966
586 240
586 945
586 576
587 973
587 639
587 61
587 128
587 693
588 443
588 289
588 140
588 212
588 917
588 894
588 241
588 305
588 86
589 650
589 327
589 91
589 580
589 398
589 588
589 82
589 819
589 109
589 606
590 829
590 909
590 53
591 844
591 88
591 555
591 192
591 388
591 51
591 627
591 596
591 726
591 940
591 278
592 411
592 401
592 790
592 464
592 224
592 786
592 159
592 157
592 264
592 71
592 59
592 818
592 874
592 933
594 196
594 714
594 539
594 907
594 407
594 263
594 818
594 581
594 684
594 128
594 948
594 534
594 343
594 516
595 801
595 583
595 562
595 861
595 4
595 906
595 191
596 216
596 496
598 302
598 5
598 717
598 535
598 195
598 668
598 571
599 348
599 423
599 411
599 879
599 18
599 82
599 570
600 998
600 558
600 312
600 676
600 77
600 972
600 615
600 754
601 930
601 796
601 145
601 3
602 492
602 205
602 749
602 530
602 496
602 456
602 151
603 382
604 120
604 27
604 599
604 861
604 902
604 907
604 107
604 80
604 576
604 116
605 543
605 809
605 950
605 681
606 540
606 138
606 235
606 931
606 817
607 633
607 312
607 216
607 567
607 504
608 945
608 222
608 279
608 750
608 322
608 838
608 136
609 231
609 132
609 325
609 755
609 682
609 595
610 788
610 599
610 318
612 875
612 501
612 469
613 887
613 795
613 718
613 790
613 944
613 690
613 521
613 27
613 488
613 415
613 668
613 272
613 71
613 164
614 311
614 693
614 625
614 314
614 570
614 5
614 765
614 45
615 828
616 852
616 575
616 775
616 658
616 427
616 793
616 148
616 771
617 513
617 180
617 562
617 923
617 671
617 567
617 204
617 291
617 629
618 848
618 233
618 758
618 505
619 600
619 994
619 243
619 793
621 766
621 31
621 623
621 835
621 223
621 734
621 98
621 599
623 315
623 83
623 889
623 856
623 870
623 168
623 525
623 72
623 766
623 169
624 245
624 309
624 903
624 994
624 34
624 706
625 349
625 475
625 834
625 952
626 850
626 439
626 980
626 418
626 884
627 559
627 284
627 564
628 29
628 640
628 324
628 334
628 451
628 828
628 726
629 518
629 601
629 570
629 137
629 755
629 48
629 118
629 951
629 834
629 424
630 228
630 998
630 604
630 544
630 655
630 612
631 763
631 376
631 483
631 888
631 137
631 333
631 967
631 861
631 596
632 335
632 372
632 181
632 719
632 284
632 720
633 802
633 330
633 171
635 887
635 798
635 382
635 397
635 12
635 605
635 714
636 707
636 119
636 933
636 140
636 489
638 784
638 565
638 623
638 698
638 90
638 688
639 465
639 560
639 771
639 485
639 727
639 415
639 266
640 668
640 67
640 834
640 984
640 715
640 642
640 422
640 979
640 743
641 912
641 318
641 662
641 110
641 739
642 853
642 567
642 818
642 792
642 354
642 580
642 946
643 233
643 419
643 739
643 604
643 671
643 503
643 794
643 109
643 170
643 968
643 771
644 414
644 23
644 792
644 974
645 70
645 274
645 192
645 724
645 931
645 933
645 548
645 709
645 459
645 919
645 292
646 363
646 901
646 19
646 251
646 991
647 936
647 708
647 480
647 669
647 436
647 134
647 804
648 205
648 197
648 65
648 279
648 36
649 15
649 53
649 304
649 690
649 364
649 581
649 509
650 207
650 426
650 854
650 793
650 204
650 71
650 158
651 986
651 99
651 105
651 983
651 49
651 153
651 577
651 684
651 304
652 265
652 348
652 682
652 361
652 146
653 548
653 933
653 511
653 217
653 666
654 618
654 945
654 610
654 43
654 359
654 174
655 151
655 424
655 767
655 404
655 312
655 87
655 255
655 777
655 115
655 427
655 582
655 70
655 732
656 709
656 263
656 457
656 545
656 138
656 984
658 787
658 631
658 261
658 170
658 468
659 796
659 179
659 131
660 363
660 301
660 167
660 681
660 985
660 42
660 703
661 293
661 264
661 782
661 466
661 530
661 849
662 306
662 722
662 484
662 937
662 857
663 773
663 403
663 424
663 623
663 347
663 248
663 660
663 0
663 760
663 204
664 632
664 682
664 356
664 298
664 998
664 515
666 223
666 504
666 448
666 51
666 133
666 211
666 840
666 767
666 477
666 779
667 943
667 75
667 327
667 863
667 126
667 892
667 309
667 516
668 216
668 137
668 447
668 267
668 947
668 99
669 374
669 265
669 908
669 999
669 817
670 988
670 906
670 91
670 390
670 185
671 269
671 359
671 933
671 716
671 775
671 703
671 794
671 52
671 77
671 338
671 591
672 452
672 955
672 301
672 112
672 450
673 887
673 412
673 200
673 869
673 220
675 562
675 754
675 946
675 98
675 423
675 202
676 442
676 476
676 440
676 480
676 914
676 583
676 986
677 413
677 246
677 219
678 221
678 324
678 70
678 902
678 662
679 726
679 715
679 898
679 517
679 541
679 421
679 917
680 681
680 816
680 594
680 451
680 828
680 857
680 849
680 338
681 167
681 712
681 793
681 854
681 36
681 166
681 558
681 205
682 903
682 459
682 78
682 668
682 306
682 876
682 55
683 826
683 315
683 619
683 848
683 44
683 335
683 522
684 408
684 917
684 233
684 612
684 462
684 397
685 450
685 926
685 862
686 858
686 183
686 908
686 143
686 678
686 451
687 72
687 795
687 431
687 741
688 267
688 628
688 428
688 419
688 758
688 792
688 18
689 112
689 151
689 937
689 670
689 508
689 459
689 213
689 439
689 766
690 58
690 706
690 717
690 95
690 925
690 484
691 166
691 876
691 398
691 484
691 456
691 572
693 839
693 282
693 602
694 527
694 964
694 448
694 296
694 845
695 273
695 599
695 901
695 413
695 17
696 612
696 783
696 925
696 388
696 375
696 121
696 148
697 162
697 938
697 419
697 566
697 886
697 766
697 359
698 235
698 174
698 396
698 46
700 811
700 594
700 226
701 192
701 513
701 765
701 274
701 316
701 342
702 456
702 138
702 155
702 381
702 43
702 875
702 661
702 129
702 805
703 687
703 848
703 937
703 771
703 337
703 465
703 901
703 635
703 639
704 716
704 405
704 639
704 209
706 588
706 575
706 343
706 136
706 966
706 947
707 56
707 547
707 216
707 910
707 430
707 832
707 95
708 438
708 914
708 375
708 739
709 825
709 4
709 20
709 218
709 159
710 739
710 556
710 26
710 61
710 70
711 234
711 216
711 749
711 564
711 58
711 700
711 504
711 423
711 615
712 448
712 293
712 8
712 126
712 671
713 574
713 9
713 47
713 36
713 804
713 733
714 587
714 220
714 41
714 481
714 669
715 370
715 26
715 434
715 930
715 591
715 450
715 939
715 88
715 848
715 875
715 758
716 668
716 87
716 526
716 991
716 458
716 389
716 263
717 216
717 8
717 254
717 179
717 248
717 979
718 564
718 3
718 273
718 395
718 457
718 721
719 613
719 741
719 176
720 843
720 217
720 685
720 191
720 39
720 952
721 481
721 321
721 309
721 462
721 880
721 599
721 381
722 739
722 951
722 459
722 128
722 477
722 646
722 207
724 584
724 889
724 169
724 672
724 153
724 20
724 642
724 466
724 485
724 224
724 243
725 855
725 318
725 746
725 401
725 11
725 419
725 595
726 991
726 404
726 370
726 183
726 452
726 453
726 698
726 697
726 365
727 98
727 726
727 178
727 321
727 33
727 490
728 955
728 333
728 741
728 902
728 372
728 484
728 79
728 691
728 584
728 406
729 741
729 334
730 303
730 19
730 16
730 897
730 720
730 372
732 837
732 996
732 212
732 413
732 435
732 575
732 110
732 170
733 595
733 856
733 217
733 718
733 639
733 867
733 709
733 422
734 75
734 364
734 536
734 730
734 515
734 206
734 556
734 131
734 848
734 821
737 385
737 460
737 330
737 446
737 470
737 773
738 894
738 410
738 653
738 42
738 834
739 115
739 146
739 608
739 399
739 395
739 255
739 22
739 322
740 536
740 428
740 118
740 979
740 479
741 703
741 143
741 547
741 385
741 983
741 119
741 684
741 400
741 376
741 879
741 378
742 550
742 951
742 726
742 538
742 663
742 659
742 711
742 965
742 86
743 195
743 973
743 783
743 540
743 421
743 656
743 415
743 952
743 461
743 865
744 766
744 563
744 148
744 963
744 792
744 31
746 4
746 469
746 689
746 563
746 877
746 484
746 641
747 576
747 173
747 291
747 512
747 865
747 53
747 197
749 413
749 464
749 214
749 371
749 43
749 274
750 823
750 576
750 896
750 696
750 771
750 721
750 206
751 488
751 122
751 728
751 265
751 816
751 165
751 129
751 762
751 188
751 257
751 594
752 755
752 307
752 247
752 901
752 781
752 365
752 131
754 136
754 943
754 715
754 545
755 613
755 684
755 513
755 269
755 686
755 282
755 778
755 145
755 823
755 690
755 817
758 522
758 603
758 726
759 431
759 388
759 909
759 469
759 344
759 307
759 915
759 192
759 5
760 639
760 725
760 830
760 813
760 874
760 480
760 834
760 804
760 629
760 115
761 86
761 283
761 340
761 535
761 774
761 415
761 568
762 211
762 438
762 431
762 383
762 127
763 507
763 454
764 892
764 632
764 330
764 696
764 580
764 217
764 845
764 787
764 636
764 617
765 283
765 832
765 524
765 80
765 292
765 920
766 462
766 929
766 445
766 658
766 344
766 143
766 784
766 456
766 746
767 525
767 870
767 425
767 20
767 621
767 822
767 570
768 584
768 409
768 442
769 6
769 381
769 20
770 767
770 273
770 71
770 2
771 445
771 568
771 456
771 475
771 317
771 616
771 658
771 901
772 505
772 606
772 531
772 929
772 400
773 71
773 32
773 84
773 724
773 823
774 791
774 972
774 721
774 292
774 5
774 386
774 401
775 996
775 928
775 888
775 140
777 645
777 763
778 650
778 537
778 167
778 596
778 480
778 678
778 429
779 263
779 840
779 417
779 396
779 822
779 853
781 265
781 603
781 950
781 537
782 884
782 906
782 829
782 969
782 121
782 445
783 704
783 4
783 451
783 475
783 442
783 999
783 342
783 671
784 631
784 616
784 42
784 190
784 619
784 467
785 608
785 443
785 291
785 202
785 151
785 170
785 557
785 624
786 482
786 59
786 678
786 682
786 591
786 702
786 280
787 958
787 960
787 437
788 815
788 367
788 316
788 439
788 960
788 998
788 78
788 52
789 631
789 583
789 178
789 364
789 906
789 476
789 594
790 26
790 816
790 414
790 660
790 115
790 900
791 151
791 997
791 42
791 700
791 943
791 37
791 977
792 219
792 653
792 548
792 331
793 284
793 984
793 534
793 835
793 480
793 219
794 934
794 876
794 536
794 983
794 477
795 615
795 772
795 42
796 64
796 456
796 250
796 958
796 886
796 450
797 927
797 19
797 670
797 120
797 707
797 35
798 461
798 458
798 410
798 556
799 96
799 37
799 34
799 535
799 185
801 39
801 804
802 914
802 953
802 305
802 161
802 88
802 938
803 411
803 133
803 314
803 254
803 903
803 980
804 835
804 998
804 667
804 668
804 78
804 569
804 70
804 276
805 991
805 21
805 182
805 711
806 112
806 845
806 332
806 650
806 791
806 766
806 419
806 670
806 442
807 549
807 521
807 600
807 839
808 0
808 353
808 873
809 206
809 151
809 138
809 435
809 489
809 539
809 678
809 403
809 439
810 744
810 279
810 127
810 594
811 94
811 540
811 414
811 191
811 677
811 545
811 527
812 563
812 113
812 591
812 243
812 81
813 278
815 683
815 585
815 260
816 884
816 698
816 230
816 222
816 144
816 423
817 132
817 966
817 822
817 382
817 4
817 681
818 330
818 295
818 55
818 500
818 905
818 859
818 394
818 601
818 644
819 218
819 865
819 185
819 504
819 461
819 915
819 868
819 56
819 468
819 848
821 632
821 850
821 342
821 530
821 82
821 832
822 14
822 95
822 390
823 721
823 165
823 603
823 206
823 929
823 182
824 78
824 385
824 520
824 111
824 147
824 312
824 805
825 539
825 100
825 32
825 540
825 881
825 500
825 515
825 582
825 383
826 180
826 586
826 348
826 382
826 71
826 531
826 687
826 436
828 769
828 304
828 259
828 708
828 601
828 109
828 889
828 937
829 935
829 763
829 547
829 72
829 879
829 558
829 386
830 996
830 886
830 369
830 610
830 293
830 957
830 45
830 945
830 67
831 227
831 359
831 335
831 371
831 394
831 842
831 168
832 660
832 528
832 714
832 557
832 158
832 456
832 364
832 55
834 148
834 94
834 496
834 871
834 949
834 513
834 571
834 760
835 29
835 148
835 375
835 459
835 256
835 3
835 517
835 257
836 942
836 902
836 871
836 829
836 315
836 872
836 340
836 809
836 85
836 606
837 434
837 343
837 160
837 930
838 208
838 290
838 338
838 230
838 639
838 913
839 586
839 767
839 934
839 283
839 702
839 602
839 778
839 121
839 440
840 806
840 57
840 972
840 199
840 453
841 890
841 865
841 234
841 100
841 213
842 791
842 378
842 280
842 389
842 987
842 925
842 749
843 38
843 784
843 405
843 985
844 332
844 811
844 468
844 291
845 555
845 86
845 125
845 298
845 858
845 710
845 586
847 836
847 616
847 17
847 453
847 816
847 579
847 782
847 157
847 506
847 146
848 171
848 78
848 969
848 409
848 701
848 762
848 238
849 293
849 474
849 647
849 212
849 612
850 473
850 849
850 211
850 115
850 258
852 359
852 34
852 489
852 455
852 854
853 21
853 395
853 166
854 566
854 855
854 173
854 564
854 828
854 279
855 549
855 978
855 986
855 423
855 575
855 473
855 113
855 289
855 554
855 633
856 707
856 290
856 791
856 720
856 311
856 394
856 417
856 870
856 65
857 830
857 336
857 295
857 361
857 383
857 389
857 327
858 809
858 292
858 337
858 64
858 105
858 613
859 843
859 520
859 871
859 633
859 881
859 490
860 151
860 103
860 939
860 302
861 839
861 83
861 72
861 166
862 194
862 196
862 104
862 337
862 551
863 979
863 228
863 318
863 125
863 140
863 496
864 270
864 662
864 645
864 903
864 214
864 907
864 682
864 910
865 206
865 741
865 473
865 560
865 274
865 915
865 282
867 788
867 619
867 292
867 255
867 783
868 396
868 296
868 562
868 906
868 844
868 823
868 408
868 877
868 60
869 739
869 201
869 296
869 581
869 369
870 754
870 787
870 311
870 5
870 430
870 87
870 386
870 413
870 212
870 961
871 964
871 71
871 617
871 614
871 466
871 501
871 459
872 624
872 384
872 580
872 942
872 640
872 829
873 565
873 524
873 417
873 202
873 535
873 997
874 424
874 949
874 686
874 818
874 278
875 8
875 386
875 345
875 831
875 876
875 821
875 96
875 382
875 415
876 619
876 308
876 614
876 960
876 749
876 503
876 442
876 212
876 741
877 697
877 283
877 30
877 120
877 848
877 251
877 933
877 775
877 685
879 216
879 480
879 261
879 151
879 147
880 407
880 519
880 708
880 609
881 418
881 566
881 39
882 979
882 670
882 481
882 867
882 120
883 382
883 206
883 218
883 199
884 843
884 742
884 129
884 985
886 938
886 615
886 600
886 159
886 974
887 372
887 649
887 486
887 535
887 307
887 65
887 393
888 85
888 592
888 526
888 284
888 259
888 474
889 269
889 138
889 548
889 69
889 155
889 332
889 568
890 749
890 626
890 778
890 825
890 336
890 111
890 860
890 200
892 404
892 928
892 575
892 384
892 102
892 920
893 513
893 506
893 21
894 672
894 656
894 589
894 616
894 576
894 594
894 475
895 600
895 381
895 293
895 361
895 412
895 138
895 732
895 349
896 305
896 492
896 867
896 101
896 764
897 88
897 177
897 816
897 737
897 973
897 408
897 67
897 311
897 280
898 869
898 464
898 311
898 987
898 952
898 721
899 910
899 298
899 678
900 738
900 276
900 822
900 415
900 69
900 538
900 34
900 790
900 691
900 768
900 685
901 36
901 381
901 836
901 396
901 649
901 609
901 862
901 120
902 555
902 202
902 737
902 883
902 860
902 144
903 11
903 889
903 955
903 944
903 334
903 418
903 224
903 176
905 18
905 930
905 247
905 360
905 471
905 1
905 986
905 551
905 650
905 55
906 114
906 323
906 734
906 501
906 31
906 19
906 797
906 786
906 859
906 765
906 295
906 520
907 836
907 558
907 700
907 542
907 831
907 817
907 181
907 669
907 805
908 628
908 802
908 489
908 279
908 432
908 759
908 720
909 777
909 612
909 258
909 255
909 159
909 650
909 470
909 465
910 174
910 78
910 69
910 442
910 329
910 984
912 27
912 435
912 702
912 112
913 826
913 525
913 222
913 227
913 802
913 169
913 234
913 991
914 374
914 160
914 810
914 607
914 589
914 395
914 889
914 619
914 864
914 41
915 918
915 453
915 412
915 556
915 2
915 313
915 71
915 301
915 198
917 624
917 566
917 653
917 228
917 393
918 566
918 313
918 740
918 240
918 570
918 714
918 393
918 863
918 338
918 586
918 747
919 724
919 6
919 737
919 233
919 678
920 430
920 724
920 409
920 41
920 913
920 689
920 615
921 784
921 895
921 793
921 67
921 458
921 167
921 144
921 489
922 568
922 786
922 840
922 134
922 520
922 251
923 659
923 821
923 988
923 299
923 313
923 519
923 890
923 688
925 480
925 162
925 698
926 738
926 39
926 829
926 280
927 486
927 133
927 262
927 908
928 370
928 703
928 393
928 314
928 31
929 669
929 56
929 652
929 786
930 600
930 595
930 465
930 15
930 684
930 700
930 256
930 200
930 57
930 325
931 333
931 903
931 125
931 590
931 410
931 948
931 847
931 946
932 376
933 974
933 764
933 408
933 675
933 425
933 737
933 667
933 11
933 492
934 5
934 219
934 186
934 64
934 402
934 477
934 688
934 879
935 240
935 181
935 806
935 475
935 503
935 482
935 31
935 322
935 98
936 987
936 906
936 51
936 691
936 626
936 725
937 490
937 973
937 774
937 146
937 252
937 968
938 36
938 771
938 589
938 978
938 412
938 930
938 575
938 754
938 847
939 455
939 720
939 267
939 60
940 238
940 442
940 830
940 22
940 177
940 582
940 180
942 762
942 977
942 411
942 278
942 636
942 988
943 80
943 394
943 77
943 453
943 771
943 537
943 9
943 865
943 828
943 725
944 72
944 103
944 917
944 836
944 298
944 104
944 313
945 520
945 641
945 813
945 8
945 207
945 580
945 231
945 311
945 227
946 949
946 969
946 345
946 737
946 119
946 392
947 84
947 654
947 303
947 994
947 555
947 131
947 466
947 123
948 654
948 99
948 777
948 483
948 799
949 653
949 214
949 259
949 474
949 696
950 481
950 928
950 561
950 991
950 815
950 280
950 310
950 552
950 332
950 842
951 182
951 338
951 83
951 805
951 104
951 227
951 726
952 707
952 299
952 629
952 779
952 245
952 859
952 983
952 649
952 359
952 821
953 880
953 972
953 46
953 962
953 391
953 805
953 919
955 797
955 987
955 263
955 767
955 112
955 39
955 556
955 388
956 591
956 217
956 286
956 531
956 976
956 212
957 185
957 209
957 219
957 423
957 946
957 350
958 11
958 926
958 542
958 308
958 111
960 948
960 170
960 709
960 338
960 812
960 313
960 713
960 90
961 257
961 428
961 214
961 416
961 284
961 996
961 344
962 310
962 506
962 720
962 157
962 42
963 377
963 316
963 874
963 221
964 404
964 890
964 908
964 208
964 60
964 975
964 958
964 78
964 216
965 528
965 348
965 146
965 330
965 703
965 875
965 540
965 37
966 715
966 85
966 368
966 423
966 874
966 979
966 344
967 678
967 185
967 953
967 492
968 653
968 396
968 267
968 193
968 146
968 707
969 919
969 579
969 353
969 200
969 974
969 856
972 34
972 783
972 993
972 685
972 554
972 667
973 398
973 209
973 858
973 207
973 629
973 462
973 453
974 770
974 562
974 389
974 581
974 661
974 295
974 178
974 29
975 469
975 431
975 235
975 897
975 531
975 400
975 872
976 97
976 955
976 769
976 224
976 798
976 480
976 250
976 669
977 178
977 395
977 220
977 764
978 801
978 619
978 727
978 708
978 701
978 920
978 456
978 206
979 864
979 466
979 505
979 167
979 946
979 298
979 779
979 857
979 130
979 336
979 690
980 296
980 450
980 441
980 884
983 720
983 338
983 126
983 168
984 894
984 659
984 171
984 424
984 588
984 628
985 933
985 79
985 772
986 337
986 595
986 890
986 976
986 159
987 376
987 633
987 116
987 683
987 936
987 169
987 603
988 326
988 185
988 531
988 797
988 390
988 821
988 415
988 250
988 964
988 606
989 456
989 807
991 363
991 985
991 226
993 599
993 920
993 945
993 623
993 900
993 598
994 464
994 685
994 222
994 543
994 267
994 176
996 549
996 77
996 139
996 520
996 447
996 238
997 996
997 192
997 926
997 952
997 861
997 840
998 838
998 604
998 10
998 51
998 602
998 296
998 958
999 823
999 316
999 96
999 240
999 459
999 551
999 962
999 441
