0 207 1.0
0 244 1.0
0 293 1.0
0 488 1.0
0 743 1.0
0 857 1.0
0 932 1.0
1 156 1.0
1 182 1.0
1 507 1.0
1 545 1.0
1 548 1.0
1 639 1.0
1 799 1.0
1 928 1.0
2 4 1.0
2 14 1.0
2 61 1.0
2 96 1.0
2 142 1.0
2 210 1.0
2 323 1.0
2 652 1.0
2 706 1.0
2 904 1.0
3 56 1.0
3 586 1.0
3 793 1.0
3 920 1.0
4 560 1.0
4 858 1.0
4 908 1.0
5 741 1.0
5 852 1.0
5 856 1.0
6 546 1.0
6 913 1.0
7 273 1.0
7 403 1.0
7 466 1.0
7 524 1.0
7 583 1.0
7 932 1.0
8 36 1.0
8 493 1.0
8 658 1.0
8 806 1.0
9 461 1.0
9 667 1.0
9 709 1.0
10 350 1.0
10 488 1.0
10 654 1.0
10 814 1.0
10 858 1.0
11 10 1.0
11 424 1.0
12 36 1.0
12 55 1.0
12 516 1.0
12 737 1.0
12 743 1.0
12 874 1.0
13 16 1.0
13 24 1.0
13 195 1.0
13 323 1.0
13 390 1.0
13 437 1.0
13 457 1.0
13 575 1.0
13 896 1.0
14 275 1.0
14 468 1.0
14 604 1.0
14 684 1.0
15 50 1.0
15 682 1.0
15 833 1.0
16 33 1.0
16 166 1.0
16 389 1.0
16 524 1.0
16 540 1.0
16 678 1.0
16 688 1.0
17 91 1.0
17 285 1.0
17 427 1.0
17 644 1.0
17 706 1.0
17 752 1.0
17 759 1.0
17 871 1.0
17 913 1.0
18 454 1.0
18 555 1.0
18 657 1.0
18 684 1.0
18 709 1.0
18 794 1.0
18 928 1.0
19 490 1.0
19 502 1.0
19 563 1.0
20 101 1.0
20 180 1.0
20 246 1.0
20 314 1.0
20 368 1.0
20 716 1.0
20 717 1.0
20 725 1.0
20 770 1.0
20 791 1.0
20 898 1.0
21 48 1.0
21 149 1.0
21 213 1.0
21 223 1.0
21 612 1.0
21 645 1.0
21 681 1.0
21 803 1.0
21 895 1.0
21 936 1.0
22 268 1.0
22 293 1.0
22 341 1.0
22 402 1.0
22 540 1.0
22 585 1.0
23 304 1.0
23 319 1.0
23 608 1.0
24 48 1.0
24 108 1.0
24 688 1.0
24 738 1.0
24 800 1.0
24 869 1.0
25 278 1.0
25 478 1.0
25 517 1.0
25 605 1.0
25 607 1.0
25 676 1.0
25 685 1.0
26 61 1.0
26 142 1.0
26 148 1.0
26 156 1.0
26 251 1.0
26 300 1.0
26 466 1.0
26 521 1.0
26 545 1.0
26 637 1.0
26 924 1.0
27 174 1.0
27 199 1.0
27 260 1.0
27 490 1.0
27 739 1.0
27 805 1.0
27 871 1.0
27 894 1.0
28 35 1.0
28 51 1.0
28 66 1.0
28 69 1.0
28 108 1.0
28 421 1.0
28 595 1.0
28 941 1.0
29 334 1.0
29 802 1.0
29 840 1.0
30 10 1.0
30 59 1.0
30 94 1.0
30 185 1.0
30 242 1.0
30 294 1.0
30 320 1.0
30 496 1.0
30 547 1.0
30 743 1.0
30 749 1.0
31 90 1.0
31 355 1.0
31 400 1.0
31 611 1.0
31 824 1.0
31 850 1.0
32 243 1.0
32 322 1.0
32 333 1.0
32 468 1.0
32 667 1.0
32 700 1.0
33 42 1.0
33 64 1.0
33 159 1.0
33 240 1.0
33 511 1.0
33 583 1.0
33 865 1.0
33 938 1.0
33 958 1.0
34 99 1.0
34 246 1.0
34 304 1.0
34 386 1.0
34 389 1.0
34 487 1.0
34 704 1.0
34 761 1.0
34 861 1.0
34 901 1.0
35 3 1.0
35 50 1.0
35 60 1.0
35 422 1.0
35 590 1.0
35 617 1.0
35 818 1.0
36 3 1.0
36 154 1.0
36 163 1.0
36 200 1.0
36 270 1.0
36 327 1.0
36 338 1.0
36 564 1.0
36 723 1.0
36 750 1.0
37 168 1.0
37 173 1.0
37 325 1.0
37 653 1.0
37 717 1.0
37 830 1.0
38 201 1.0
38 642 1.0
38 679 1.0
38 698 1.0
38 827 1.0
38 843 1.0
39 126 1.0
39 194 1.0
39 751 1.0
40 74 1.0
40 453 1.0
40 542 1.0
40 652 1.0
41 232 1.0
41 258 1.0
41 326 1.0
41 475 1.0
41 691 1.0
41 709 1.0
41 736 1.0
41 776 1.0
41 848 1.0
41 857 1.0
42 37 1.0
42 237 1.0
42 303 1.0
42 557 1.0
42 680 1.0
42 723 1.0
43 186 1.0
43 341 1.0
43 432 1.0
43 469 1.0
43 511 1.0
43 526 1.0
43 954 1.0
44 65 1.0
44 101 1.0
44 220 1.0
44 572 1.0
44 616 1.0
44 946 1.0
45 52 1.0
45 161 1.0
45 174 1.0
45 180 1.0
45 208 1.0
45 331 1.0
45 372 1.0
45 647 1.0
45 917 1.0
45 956 1.0
46 48 1.0
46 80 1.0
46 360 1.0
46 729 1.0
46 911 1.0
47 237 1.0
47 359 1.0
47 400 1.0
47 436 1.0
47 438 1.0
47 464 1.0
47 667 1.0
47 694 1.0
47 755 1.0
47 756 1.0
48 254 1.0
48 345 1.0
48 348 1.0
48 447 1.0
48 620 1.0
48 664 1.0
48 756 1.0
48 775 1.0
49 250 1.0
49 489 1.0
49 674 1.0
49 685 1.0
49 743 1.0
50 111 1.0
50 496 1.0
50 645 1.0
51 233 1.0
51 252 1.0
51 406 1.0
51 455 1.0
51 456 1.0
51 474 1.0
51 651 1.0
51 665 1.0
51 697 1.0
51 700 1.0
51 720 1.0
51 884 1.0
52 106 1.0
52 119 1.0
52 190 1.0
52 450 1.0
52 521 1.0
52 591 1.0
52 688 1.0
52 764 1.0
52 868 1.0
53 26 1.0
53 112 1.0
53 320 1.0
53 384 1.0
53 547 1.0
53 579 1.0
53 752 1.0
53 836 1.0
54 95 1.0
54 116 1.0
54 202 1.0
54 255 1.0
54 333 1.0
54 342 1.0
54 384 1.0
54 517 1.0
54 692 1.0
54 843 1.0
54 855 1.0
55 233 1.0
55 324 1.0
55 347 1.0
55 411 1.0
55 450 1.0
55 481 1.0
55 540 1.0
55 701 1.0
55 783 1.0
56 205 1.0
56 294 1.0
56 542 1.0
56 573 1.0
56 624 1.0
57 629 1.0
57 771 1.0
58 29 1.0
58 42 1.0
58 301 1.0
58 513 1.0
58 693 1.0
58 896 1.0
59 145 1.0
59 250 1.0
59 428 1.0
59 743 1.0
59 850 1.0
59 914 1.0
60 169 1.0
60 453 1.0
60 534 1.0
60 617 1.0
60 698 1.0
60 846 1.0
61 162 1.0
61 260 1.0
61 298 1.0
61 500 1.0
61 709 1.0
62 142 1.0
62 201 1.0
62 406 1.0
62 445 1.0
62 572 1.0
62 879 1.0
62 933 1.0
63 606 1.0
63 714 1.0
63 825 1.0
63 864 1.0
63 960 1.0
64 21 1.0
64 230 1.0
64 290 1.0
64 402 1.0
64 454 1.0
64 546 1.0
64 709 1.0
64 775 1.0
64 833 1.0
65 23 1.0
65 376 1.0
65 434 1.0
65 486 1.0
65 635 1.0
65 666 1.0
65 678 1.0
65 851 1.0
65 885 1.0
66 28 1.0
66 33 1.0
66 183 1.0
66 205 1.0
66 524 1.0
66 802 1.0
66 929 1.0
67 164 1.0
67 197 1.0
67 358 1.0
67 916 1.0
68 3 1.0
68 4 1.0
68 30 1.0
68 106 1.0
68 218 1.0
68 226 1.0
68 277 1.0
68 284 1.0
68 377 1.0
68 506 1.0
68 610 1.0
69 72 1.0
69 118 1.0
69 477 1.0
69 567 1.0
69 760 1.0
69 916 1.0
69 939 1.0
70 194 1.0
70 198 1.0
70 247 1.0
70 416 1.0
70 534 1.0
70 543 1.0
70 733 1.0
70 762 1.0
71 212 1.0
71 466 1.0
71 479 1.0
71 514 1.0
71 739 1.0
71 786 1.0
72 133 1.0
72 187 1.0
72 216 1.0
72 285 1.0
72 401 1.0
72 522 1.0
72 612 1.0
72 621 1.0
72 741 1.0
72 749 1.0
72 751 1.0
72 752 1.0
72 887 1.0
73 49 1.0
73 117 1.0
73 123 1.0
73 156 1.0
73 306 1.0
73 362 1.0
73 518 1.0
73 533 1.0
73 697 1.0
73 704 1.0
73 712 1.0
73 721 1.0
73 728 1.0
73 823 1.0
73 842 1.0
73 846 1.0
73 888 1.0
74 72 1.0
74 135 1.0
74 142 1.0
74 316 1.0
74 357 1.0
74 442 1.0
74 559 1.0
74 736 1.0
74 781 1.0
75 126 1.0
75 203 1.0
75 361 1.0
75 401 1.0
75 450 1.0
75 638 1.0
75 939 1.0
76 36 1.0
76 192 1.0
76 251 1.0
76 403 1.0
76 530 1.0
76 589 1.0
76 619 1.0
77 5 1.0
77 311 1.0
77 392 1.0
77 498 1.0
77 575 1.0
77 810 1.0
77 824 1.0
77 874 1.0
78 49 1.0
78 113 1.0
78 116 1.0
78 145 1.0
78 640 1.0
78 686 1.0
79 85 1.0
79 370 1.0
79 387 1.0
79 511 1.0
80 75 1.0
80 232 1.0
80 349 1.0
80 455 1.0
80 484 1.0
80 795 1.0
81 11 1.0
81 51 1.0
81 207 1.0
81 240 1.0
81 307 1.0
81 313 1.0
81 328 1.0
81 561 1.0
81 643 1.0
81 773 1.0
81 785 1.0
81 872 1.0
82 35 1.0
82 232 1.0
82 585 1.0
82 641 1.0
82 791 1.0
82 817 1.0
82 850 1.0
82 863 1.0
82 872 1.0
82 900 1.0
83 328 1.0
83 646 1.0
84 17 1.0
84 87 1.0
84 505 1.0
84 596 1.0
84 757 1.0
85 117 1.0
85 266 1.0
85 483 1.0
85 733 1.0
85 782 1.0
86 65 1.0
86 617 1.0
86 662 1.0
87 1 1.0
87 200 1.0
87 372 1.0
87 477 1.0
87 565 1.0
87 577 1.0
87 637 1.0
87 760 1.0
88 8 1.0
88 125 1.0
88 176 1.0
88 312 1.0
88 328 1.0
88 362 1.0
88 393 1.0
88 506 1.0
88 530 1.0
88 636 1.0
88 656 1.0
88 896 1.0
89 10 1.0
89 72 1.0
89 229 1.0
89 240 1.0
89 327 1.0
89 473 1.0
89 503 1.0
89 655 1.0
90 51 1.0
90 86 1.0
90 184 1.0
90 428 1.0
90 571 1.0
90 638 1.0
91 83 1.0
91 195 1.0
91 202 1.0
91 560 1.0
91 736 1.0
91 826 1.0
91 906 1.0
92 49 1.0
92 104 1.0
92 246 1.0
92 332 1.0
92 484 1.0
92 521 1.0
92 631 1.0
92 800 1.0
93 4 1.0
93 61 1.0
93 106 1.0
93 115 1.0
93 160 1.0
93 277 1.0
93 458 1.0
93 541 1.0
93 568 1.0
93 817 1.0
94 321 1.0
94 790 1.0
94 835 1.0
95 553 1.0
95 570 1.0
95 575 1.0
95 604 1.0
95 718 1.0
95 741 1.0
95 786 1.0
95 815 1.0
96 12 1.0
96 205 1.0
96 442 1.0
96 466 1.0
96 731 1.0
96 759 1.0
96 788 1.0
96 866 1.0
97 9 1.0
97 28 1.0
97 41 1.0
97 117 1.0
97 131 1.0
97 320 1.0
97 321 1.0
97 820 1.0
98 4 1.0
98 39 1.0
98 99 1.0
98 295 1.0
98 357 1.0
98 463 1.0
98 529 1.0
98 711 1.0
98 713 1.0
98 796 1.0
99 83 1.0
99 268 1.0
99 340 1.0
99 658 1.0
100 2 1.0
100 569 1.0
100 813 1.0
100 907 1.0
100 951 1.0
101 32 1.0
101 118 1.0
101 297 1.0
101 406 1.0
101 827 1.0
101 854 1.0
101 916 1.0
102 131 1.0
102 373 1.0
102 399 1.0
102 434 1.0
102 940 1.0
103 38 1.0
103 108 1.0
103 254 1.0
103 266 1.0
103 346 1.0
103 420 1.0
103 559 1.0
104 81 1.0
104 144 1.0
104 176 1.0
104 230 1.0
104 231 1.0
104 612 1.0
104 683 1.0
104 758 1.0
104 800 1.0
104 819 1.0
104 828 1.0
104 916 1.0
104 945 1.0
105 192 1.0
105 220 1.0
105 275 1.0
105 296 1.0
105 369 1.0
105 661 1.0
105 809 1.0
105 848 1.0
105 863 1.0
106 178 1.0
106 392 1.0
106 405 1.0
106 425 1.0
106 460 1.0
106 526 1.0
106 743 1.0
106 830 1.0
106 853 1.0
106 873 1.0
107 273 1.0
107 669 1.0
107 676 1.0
107 706 1.0
107 735 1.0
108 174 1.0
108 260 1.0
108 341 1.0
108 533 1.0
108 605 1.0
108 671 1.0
108 698 1.0
109 36 1.0
109 99 1.0
109 251 1.0
109 277 1.0
109 512 1.0
109 627 1.0
109 833 1.0
109 860 1.0
110 213 1.0
110 286 1.0
110 304 1.0
110 343 1.0
110 462 1.0
110 497 1.0
110 579 1.0
110 619 1.0
110 642 1.0
110 868 1.0
110 873 1.0
111 21 1.0
111 39 1.0
111 121 1.0
111 247 1.0
111 397 1.0
111 576 1.0
111 646 1.0
111 682 1.0
112 179 1.0
112 476 1.0
112 516 1.0
112 554 1.0
112 671 1.0
112 763 1.0
112 838 1.0
113 84 1.0
113 309 1.0
113 531 1.0
113 818 1.0
114 30 1.0
114 371 1.0
114 510 1.0
114 545 1.0
114 780 1.0
115 23 1.0
115 106 1.0
115 147 1.0
115 312 1.0
115 921 1.0
116 37 1.0
116 76 1.0
116 228 1.0
116 492 1.0
116 527 1.0
116 595 1.0
116 631 1.0
116 883 1.0
117 24 1.0
117 199 1.0
117 224 1.0
117 281 1.0
117 316 1.0
117 521 1.0
117 563 1.0
118 28 1.0
118 172 1.0
118 227 1.0
118 648 1.0
118 683 1.0
118 729 1.0
118 740 1.0
119 1 1.0
119 42 1.0
119 106 1.0
119 142 1.0
119 237 1.0
119 369 1.0
119 396 1.0
119 404 1.0
119 483 1.0
119 566 1.0
119 957 1.0
120 23 1.0
120 210 1.0
120 226 1.0
120 295 1.0
120 466 1.0
120 713 1.0
120 740 1.0
120 790 1.0
121 42 1.0
121 189 1.0
121 323 1.0
121 399 1.0
121 453 1.0
121 597 1.0
121 599 1.0
121 610 1.0
121 618 1.0
121 766 1.0
122 5 1.0
122 21 1.0
122 105 1.0
122 170 1.0
122 598 1.0
123 42 1.0
123 246 1.0
123 275 1.0
123 751 1.0
123 872 1.0
123 929 1.0
124 15 1.0
124 119 1.0
124 343 1.0
124 547 1.0
124 629 1.0
124 680 1.0
125 64 1.0
125 123 1.0
125 182 1.0
125 349 1.0
125 639 1.0
125 935 1.0
126 18 1.0
126 90 1.0
126 212 1.0
126 221 1.0
126 243 1.0
126 290 1.0
126 339 1.0
126 845 1.0
126 852 1.0
127 544 1.0
127 676 1.0
127 830 1.0
127 871 1.0
128 27 1.0
128 60 1.0
128 141 1.0
128 483 1.0
128 495 1.0
128 574 1.0
128 603 1.0
128 751 1.0
128 787 1.0
129 402 1.0
129 531 1.0
129 596 1.0
129 609 1.0
129 661 1.0
129 732 1.0
129 920 1.0
130 135 1.0
130 217 1.0
130 245 1.0
130 279 1.0
130 358 1.0
130 384 1.0
130 426 1.0
130 457 1.0
130 585 1.0
130 739 1.0
130 896 1.0
130 920 1.0
130 941 1.0
131 67 1.0
131 361 1.0
132 9 1.0
132 188 1.0
132 303 1.0
132 323 1.0
132 373 1.0
132 403 1.0
132 498 1.0
132 600 1.0
132 739 1.0
133 180 1.0
133 642 1.0
133 734 1.0
133 829 1.0
133 835 1.0
134 76 1.0
134 269 1.0
134 354 1.0
134 388 1.0
134 443 1.0
134 523 1.0
134 790 1.0
134 803 1.0
135 187 1.0
135 216 1.0
135 293 1.0
135 297 1.0
135 392 1.0
135 542 1.0
136 233 1.0
136 324 1.0
136 428 1.0
136 507 1.0
136 517 1.0
136 556 1.0
137 65 1.0
137 191 1.0
137 317 1.0
137 326 1.0
137 627 1.0
137 671 1.0
137 812 1.0
138 6 1.0
138 215 1.0
138 621 1.0
138 816 1.0
139 171 1.0
139 194 1.0
139 204 1.0
139 236 1.0
139 670 1.0
139 846 1.0
139 914 1.0
139 929 1.0
140 43 1.0
140 161 1.0
140 225 1.0
140 342 1.0
140 383 1.0
140 400 1.0
140 519 1.0
140 541 1.0
140 733 1.0
140 758 1.0
140 947 1.0
141 426 1.0
141 570 1.0
141 635 1.0
142 220 1.0
142 293 1.0
142 360 1.0
143 230 1.0
143 444 1.0
143 498 1.0
143 506 1.0
143 869 1.0
143 901 1.0
144 169 1.0
144 363 1.0
144 503 1.0
144 703 1.0
144 740 1.0
144 765 1.0
144 818 1.0
144 843 1.0
145 40 1.0
145 49 1.0
145 366 1.0
145 583 1.0
145 660 1.0
145 731 1.0
145 813 1.0
146 27 1.0
146 184 1.0
146 308 1.0
146 324 1.0
146 325 1.0
146 346 1.0
146 462 1.0
146 732 1.0
146 772 1.0
146 784 1.0
146 830 1.0
146 931 1.0
147 111 1.0
147 139 1.0
147 145 1.0
147 210 1.0
147 424 1.0
147 586 1.0
148 2 1.0
148 70 1.0
148 212 1.0
148 271 1.0
148 374 1.0
148 407 1.0
148 584 1.0
148 799 1.0
148 841 1.0
149 294 1.0
149 608 1.0
149 714 1.0
149 859 1.0
149 894 1.0
150 355 1.0
150 419 1.0
150 435 1.0
150 653 1.0
150 795 1.0
151 215 1.0
151 217 1.0
151 486 1.0
151 604 1.0
151 640 1.0
151 649 1.0
151 894 1.0
152 30 1.0
152 309 1.0
152 455 1.0
152 639 1.0
152 656 1.0
152 690 1.0
152 802 1.0
153 175 1.0
153 623 1.0
153 747 1.0
153 853 1.0
154 114 1.0
154 233 1.0
154 279 1.0
154 379 1.0
154 386 1.0
154 824 1.0
155 126 1.0
155 313 1.0
155 316 1.0
155 411 1.0
155 620 1.0
155 698 1.0
155 915 1.0
156 122 1.0
156 390 1.0
156 642 1.0
156 837 1.0
156 940 1.0
157 238 1.0
157 299 1.0
157 865 1.0
158 54 1.0
158 303 1.0
158 447 1.0
158 952 1.0
159 261 1.0
159 559 1.0
159 583 1.0
159 831 1.0
159 852 1.0
160 50 1.0
160 237 1.0
160 316 1.0
160 398 1.0
160 454 1.0
160 501 1.0
160 514 1.0
160 615 1.0
160 654 1.0
160 884 1.0
160 934 1.0
161 122 1.0
161 158 1.0
161 248 1.0
161 453 1.0
161 487 1.0
161 492 1.0
161 494 1.0
161 528 1.0
161 537 1.0
161 554 1.0
161 733 1.0
161 738 1.0
161 951 1.0
162 149 1.0
162 422 1.0
162 742 1.0
162 775 1.0
163 64 1.0
163 182 1.0
163 264 1.0
163 349 1.0
163 464 1.0
163 492 1.0
163 508 1.0
163 863 1.0
164 58 1.0
164 134 1.0
164 372 1.0
164 373 1.0
164 460 1.0
164 500 1.0
164 840 1.0
164 871 1.0
165 0 1.0
165 59 1.0
165 95 1.0
165 207 1.0
165 334 1.0
165 447 1.0
165 614 1.0
165 914 1.0
166 163 1.0
166 208 1.0
166 359 1.0
166 493 1.0
166 609 1.0
166 882 1.0
166 897 1.0
166 921 1.0
167 40 1.0
167 127 1.0
167 209 1.0
167 283 1.0
167 381 1.0
167 680 1.0
167 817 1.0
167 892 1.0
167 918 1.0
168 51 1.0
168 107 1.0
168 216 1.0
168 266 1.0
168 481 1.0
169 81 1.0
169 223 1.0
169 237 1.0
169 730 1.0
169 758 1.0
169 766 1.0
169 785 1.0
170 6 1.0
170 154 1.0
170 198 1.0
170 381 1.0
170 658 1.0
170 700 1.0
170 850 1.0
170 866 1.0
171 33 1.0
171 85 1.0
171 436 1.0
171 449 1.0
171 594 1.0
171 666 1.0
171 671 1.0
171 693 1.0
171 777 1.0
171 783 1.0
171 814 1.0
171 878 1.0
172 250 1.0
172 289 1.0
172 429 1.0
172 456 1.0
172 846 1.0
172 923 1.0
172 937 1.0
173 0 1.0
173 73 1.0
173 279 1.0
173 291 1.0
173 356 1.0
173 363 1.0
173 495 1.0
173 501 1.0
173 505 1.0
173 515 1.0
174 3 1.0
174 71 1.0
174 161 1.0
174 237 1.0
174 548 1.0
174 752 1.0
174 919 1.0
175 12 1.0
175 461 1.0
175 462 1.0
175 853 1.0
176 165 1.0
176 257 1.0
176 370 1.0
176 379 1.0
176 517 1.0
176 567 1.0
176 696 1.0
176 725 1.0
177 16 1.0
177 317 1.0
177 321 1.0
177 361 1.0
177 446 1.0
177 556 1.0
177 565 1.0
177 618 1.0
177 784 1.0
177 884 1.0
178 67 1.0
178 494 1.0
178 544 1.0
178 558 1.0
178 588 1.0
178 792 1.0
178 825 1.0
179 161 1.0
179 438 1.0
179 651 1.0
179 798 1.0
179 877 1.0
180 145 1.0
180 166 1.0
180 169 1.0
180 326 1.0
180 444 1.0
180 738 1.0
180 768 1.0
181 32 1.0
181 45 1.0
181 228 1.0
181 358 1.0
181 366 1.0
181 812 1.0
181 845 1.0
181 925 1.0
182 47 1.0
182 313 1.0
182 508 1.0
182 540 1.0
183 131 1.0
183 821 1.0
184 75 1.0
184 159 1.0
184 194 1.0
184 553 1.0
184 625 1.0
184 648 1.0
184 761 1.0
185 23 1.0
185 170 1.0
185 228 1.0
185 542 1.0
185 622 1.0
185 739 1.0
185 743 1.0
185 759 1.0
186 12 1.0
186 21 1.0
186 82 1.0
186 497 1.0
186 667 1.0
186 832 1.0
186 853 1.0
186 902 1.0
187 294 1.0
187 462 1.0
187 578 1.0
187 686 1.0
187 814 1.0
187 926 1.0
188 326 1.0
188 385 1.0
188 455 1.0
188 794 1.0
188 874 1.0
189 83 1.0
189 187 1.0
189 285 1.0
189 415 1.0
189 458 1.0
189 764 1.0
189 868 1.0
190 73 1.0
190 161 1.0
190 246 1.0
190 277 1.0
190 422 1.0
190 459 1.0
190 575 1.0
190 742 1.0
190 743 1.0
190 825 1.0
191 6 1.0
191 76 1.0
191 97 1.0
191 272 1.0
191 547 1.0
191 656 1.0
191 821 1.0
192 84 1.0
192 101 1.0
192 471 1.0
192 508 1.0
192 598 1.0
192 683 1.0
192 690 1.0
192 890 1.0
193 82 1.0
193 118 1.0
193 157 1.0
193 258 1.0
193 525 1.0
193 583 1.0
193 810 1.0
193 874 1.0
193 885 1.0
194 268 1.0
194 342 1.0
194 684 1.0
194 719 1.0
194 736 1.0
194 860 1.0
195 65 1.0
195 278 1.0
195 387 1.0
195 560 1.0
195 597 1.0
195 627 1.0
195 846 1.0
195 880 1.0
196 49 1.0
196 98 1.0
196 136 1.0
196 238 1.0
196 360 1.0
196 429 1.0
196 462 1.0
196 611 1.0
196 655 1.0
196 664 1.0
196 870 1.0
197 95 1.0
197 110 1.0
197 221 1.0
197 300 1.0
197 498 1.0
197 713 1.0
198 173 1.0
198 218 1.0
198 336 1.0
198 338 1.0
198 830 1.0
198 942 1.0
199 170 1.0
199 234 1.0
200 130 1.0
200 399 1.0
201 3 1.0
201 82 1.0
201 333 1.0
201 454 1.0
201 561 1.0
201 568 1.0
201 600 1.0
202 422 1.0
202 720 1.0
202 747 1.0
202 880 1.0
203 174 1.0
203 193 1.0
203 433 1.0
203 615 1.0
204 3 1.0
204 662 1.0
204 667 1.0
204 776 1.0
204 933 1.0
205 199 1.0
205 284 1.0
205 381 1.0
205 610 1.0
205 653 1.0
205 711 1.0
205 901 1.0
206 125 1.0
206 193 1.0
206 431 1.0
206 436 1.0
206 467 1.0
206 521 1.0
206 565 1.0
206 641 1.0
207 89 1.0
207 133 1.0
207 287 1.0
207 298 1.0
207 316 1.0
207 567 1.0
207 746 1.0
207 812 1.0
207 941 1.0
208 76 1.0
208 154 1.0
208 237 1.0
208 542 1.0
208 611 1.0
208 752 1.0
208 905 1.0
208 938 1.0
208 942 1.0
208 950 1.0
209 178 1.0
209 358 1.0
209 502 1.0
209 558 1.0
209 575 1.0
209 684 1.0
209 931 1.0
210 120 1.0
210 371 1.0
210 463 1.0
210 577 1.0
210 590 1.0
210 615 1.0
211 62 1.0
211 112 1.0
211 281 1.0
211 358 1.0
211 384 1.0
211 462 1.0
211 556 1.0
211 639 1.0
211 698 1.0
211 850 1.0
211 865 1.0
212 32 1.0
212 89 1.0
212 163 1.0
212 241 1.0
212 302 1.0
212 590 1.0
212 630 1.0
212 685 1.0
212 869 1.0
213 177 1.0
213 332 1.0
213 509 1.0
213 616 1.0
213 685 1.0
213 691 1.0
213 705 1.0
214 167 1.0
214 331 1.0
214 416 1.0
214 554 1.0
214 893 1.0
214 946 1.0
215 54 1.0
215 66 1.0
215 72 1.0
215 162 1.0
215 463 1.0
215 540 1.0
215 597 1.0
215 604 1.0
215 669 1.0
215 710 1.0
216 146 1.0
216 225 1.0
216 483 1.0
216 750 1.0
216 849 1.0
217 15 1.0
217 82 1.0
217 171 1.0
217 244 1.0
217 875 1.0
217 878 1.0
217 884 1.0
217 895 1.0
217 943 1.0
218 93 1.0
218 402 1.0
218 552 1.0
218 613 1.0
218 837 1.0
219 30 1.0
219 92 1.0
219 222 1.0
219 305 1.0
219 516 1.0
219 584 1.0
219 934 1.0
220 577 1.0
220 633 1.0
220 862 1.0
221 104 1.0
221 146 1.0
221 550 1.0
221 649 1.0
222 77 1.0
222 86 1.0
222 87 1.0
222 223 1.0
222 237 1.0
222 724 1.0
222 941 1.0
223 821 1.0
224 45 1.0
224 552 1.0
224 590 1.0
224 719 1.0
225 37 1.0
225 132 1.0
225 227 1.0
225 470 1.0
225 528 1.0
225 754 1.0
226 763 1.0
227 239 1.0
227 266 1.0
227 304 1.0
227 425 1.0
227 459 1.0
227 686 1.0
227 722 1.0
228 352 1.0
228 864 1.0
228 913 1.0
228 932 1.0
229 157 1.0
229 707 1.0
229 776 1.0
229 835 1.0
230 11 1.0
230 273 1.0
230 436 1.0
230 494 1.0
230 519 1.0
230 556 1.0
230 628 1.0
230 830 1.0
230 868 1.0
231 42 1.0
231 222 1.0
231 291 1.0
231 427 1.0
231 506 1.0
231 603 1.0
231 695 1.0
232 108 1.0
232 481 1.0
232 570 1.0
233 211 1.0
233 224 1.0
233 300 1.0
233 369 1.0
233 399 1.0
233 579 1.0
233 596 1.0
233 647 1.0
233 706 1.0
234 101 1.0
234 204 1.0
234 207 1.0
234 487 1.0
234 533 1.0
234 743 1.0
235 121 1.0
235 166 1.0
235 264 1.0
235 647 1.0
235 748 1.0
236 284 1.0
236 327 1.0
236 379 1.0
236 402 1.0
236 599 1.0
236 658 1.0
236 742 1.0
236 847 1.0
236 857 1.0
237 87 1.0
237 209 1.0
237 225 1.0
237 540 1.0
237 569 1.0
237 620 1.0
237 746 1.0
238 233 1.0
238 755 1.0
239 58 1.0
239 80 1.0
239 84 1.0
239 100 1.0
239 106 1.0
239 197 1.0
239 489 1.0
239 759 1.0
239 761 1.0
240 57 1.0
240 115 1.0
240 442 1.0
240 687 1.0
240 843 1.0
240 910 1.0
241 23 1.0
241 421 1.0
241 603 1.0
241 872 1.0
241 902 1.0
242 75 1.0
242 180 1.0
242 325 1.0
242 357 1.0
242 471 1.0
242 502 1.0
242 614 1.0
242 776 1.0
242 840 1.0
243 220 1.0
243 262 1.0
243 521 1.0
243 603 1.0
243 837 1.0
243 955 1.0
244 151 1.0
244 236 1.0
244 255 1.0
244 303 1.0
244 865 1.0
245 56 1.0
245 121 1.0
245 326 1.0
245 344 1.0
245 487 1.0
245 755 1.0
245 814 1.0
246 295 1.0
246 439 1.0
246 454 1.0
246 647 1.0
246 680 1.0
246 733 1.0
246 857 1.0
247 252 1.0
247 298 1.0
247 477 1.0
247 549 1.0
247 696 1.0
247 724 1.0
247 943 1.0
248 78 1.0
248 503 1.0
248 610 1.0
248 663 1.0
248 666 1.0
248 862 1.0
248 919 1.0
249 79 1.0
249 202 1.0
249 358 1.0
249 455 1.0
249 648 1.0
249 711 1.0
250 124 1.0
250 127 1.0
250 138 1.0
250 191 1.0
250 278 1.0
250 318 1.0
250 501 1.0
250 525 1.0
250 797 1.0
250 843 1.0
251 42 1.0
251 163 1.0
252 30 1.0
253 7 1.0
253 590 1.0
253 655 1.0
253 688 1.0
253 807 1.0
254 237 1.0
254 245 1.0
254 275 1.0
254 398 1.0
254 754 1.0
254 949 1.0
255 384 1.0
255 395 1.0
255 423 1.0
255 558 1.0
255 578 1.0
255 716 1.0
256 331 1.0
256 340 1.0
256 343 1.0
256 384 1.0
256 505 1.0
256 712 1.0
256 832 1.0
256 872 1.0
257 273 1.0
257 295 1.0
257 321 1.0
257 331 1.0
257 449 1.0
257 774 1.0
257 782 1.0
257 852 1.0
257 917 1.0
258 441 1.0
258 471 1.0
258 502 1.0
258 548 1.0
258 733 1.0
259 40 1.0
259 156 1.0
259 318 1.0
259 453 1.0
259 510 1.0
259 629 1.0
259 716 1.0
260 128 1.0
260 146 1.0
260 222 1.0
260 310 1.0
260 718 1.0
260 724 1.0
260 766 1.0
261 15 1.0
261 132 1.0
261 285 1.0
261 388 1.0
261 416 1.0
261 592 1.0
261 675 1.0
261 745 1.0
261 871 1.0
261 878 1.0
262 40 1.0
262 83 1.0
262 136 1.0
262 170 1.0
262 289 1.0
262 328 1.0
262 439 1.0
262 585 1.0
262 755 1.0
262 800 1.0
262 892 1.0
263 16 1.0
263 313 1.0
263 336 1.0
263 856 1.0
263 863 1.0
264 32 1.0
264 283 1.0
264 315 1.0
264 481 1.0
264 573 1.0
264 719 1.0
264 830 1.0
264 908 1.0
265 14 1.0
265 63 1.0
265 382 1.0
265 628 1.0
265 786 1.0
266 59 1.0
266 308 1.0
266 594 1.0
266 697 1.0
266 877 1.0
267 41 1.0
267 73 1.0
267 212 1.0
267 474 1.0
267 518 1.0
267 798 1.0
267 902 1.0
268 33 1.0
268 418 1.0
268 622 1.0
268 888 1.0
268 933 1.0
269 68 1.0
269 490 1.0
269 532 1.0
269 600 1.0
269 687 1.0
269 719 1.0
269 770 1.0
269 896 1.0
270 106 1.0
270 171 1.0
270 408 1.0
270 876 1.0
270 922 1.0
270 936 1.0
271 194 1.0
271 401 1.0
271 416 1.0
271 912 1.0
272 113 1.0
272 159 1.0
272 237 1.0
272 733 1.0
272 885 1.0
272 903 1.0
273 607 1.0
273 937 1.0
273 940 1.0
274 5 1.0
274 15 1.0
274 238 1.0
274 285 1.0
274 351 1.0
274 440 1.0
274 619 1.0
274 654 1.0
274 685 1.0
274 733 1.0
275 384 1.0
275 417 1.0
275 471 1.0
275 542 1.0
275 569 1.0
275 615 1.0
275 656 1.0
276 93 1.0
276 129 1.0
276 183 1.0
276 246 1.0
276 253 1.0
276 387 1.0
276 632 1.0
277 678 1.0
277 895 1.0
278 103 1.0
278 361 1.0
278 376 1.0
278 491 1.0
278 513 1.0
278 518 1.0
278 784 1.0
278 872 1.0
279 121 1.0
279 210 1.0
279 222 1.0
279 272 1.0
279 318 1.0
279 533 1.0
279 537 1.0
279 751 1.0
279 934 1.0
280 14 1.0
280 18 1.0
280 185 1.0
280 214 1.0
280 234 1.0
280 285 1.0
280 526 1.0
280 546 1.0
280 688 1.0
280 703 1.0
280 793 1.0
281 110 1.0
281 119 1.0
281 201 1.0
281 270 1.0
281 445 1.0
281 464 1.0
281 565 1.0
282 25 1.0
282 161 1.0
282 428 1.0
282 472 1.0
282 500 1.0
282 509 1.0
282 619 1.0
282 652 1.0
282 807 1.0
282 928 1.0
283 219 1.0
283 674 1.0
283 688 1.0
283 722 1.0
284 214 1.0
284 698 1.0
284 721 1.0
284 744 1.0
284 775 1.0
284 812 1.0
285 24 1.0
285 58 1.0
285 161 1.0
285 291 1.0
285 326 1.0
285 337 1.0
285 853 1.0
286 55 1.0
286 478 1.0
286 542 1.0
286 565 1.0
286 661 1.0
286 906 1.0
287 23 1.0
287 247 1.0
287 360 1.0
287 499 1.0
287 548 1.0
287 554 1.0
287 674 1.0
288 174 1.0
288 229 1.0
288 639 1.0
288 654 1.0
289 24 1.0
289 49 1.0
289 271 1.0
289 525 1.0
289 532 1.0
289 720 1.0
290 44 1.0
290 236 1.0
290 308 1.0
290 646 1.0
290 774 1.0
290 843 1.0
290 845 1.0
291 137 1.0
291 325 1.0
291 425 1.0
291 908 1.0
292 31 1.0
292 53 1.0
292 597 1.0
292 601 1.0
292 705 1.0
292 764 1.0
293 77 1.0
293 162 1.0
293 175 1.0
293 303 1.0
293 386 1.0
293 394 1.0
293 680 1.0
293 714 1.0
293 793 1.0
293 903 1.0
293 927 1.0
293 956 1.0
294 18 1.0
294 35 1.0
294 202 1.0
294 546 1.0
294 753 1.0
294 763 1.0
295 307 1.0
295 319 1.0
295 415 1.0
295 445 1.0
295 653 1.0
295 683 1.0
295 840 1.0
296 11 1.0
296 28 1.0
296 114 1.0
296 159 1.0
296 522 1.0
296 633 1.0
296 949 1.0
297 71 1.0
297 277 1.0
297 317 1.0
297 356 1.0
297 514 1.0
297 575 1.0
297 641 1.0
297 695 1.0
298 124 1.0
298 175 1.0
298 285 1.0
298 303 1.0
298 409 1.0
298 496 1.0
298 574 1.0
298 615 1.0
298 641 1.0
298 758 1.0
298 836 1.0
299 173 1.0
299 341 1.0
299 777 1.0
300 48 1.0
300 54 1.0
300 101 1.0
300 126 1.0
300 149 1.0
300 218 1.0
300 273 1.0
300 608 1.0
300 727 1.0
300 825 1.0
300 891 1.0
300 924 1.0
301 186 1.0
301 247 1.0
301 287 1.0
301 594 1.0
301 768 1.0
301 828 1.0
302 7 1.0
302 135 1.0
302 163 1.0
302 387 1.0
302 393 1.0
302 469 1.0
302 658 1.0
302 712 1.0
302 725 1.0
302 743 1.0
302 792 1.0
302 830 1.0
303 110 1.0
303 472 1.0
303 674 1.0
303 815 1.0
303 945 1.0
304 79 1.0
304 246 1.0
304 292 1.0
304 355 1.0
304 399 1.0
304 409 1.0
304 709 1.0
304 807 1.0
304 822 1.0
304 855 1.0
304 886 1.0
305 542 1.0
305 592 1.0
305 652 1.0
306 178 1.0
306 252 1.0
306 415 1.0
306 653 1.0
306 808 1.0
307 29 1.0
307 95 1.0
307 451 1.0
307 821 1.0
307 868 1.0
308 615 1.0
308 869 1.0
308 898 1.0
309 100 1.0
309 138 1.0
309 296 1.0
309 307 1.0
309 523 1.0
309 568 1.0
309 597 1.0
309 734 1.0
309 756 1.0
309 956 1.0
310 159 1.0
310 277 1.0
310 296 1.0
310 747 1.0
310 778 1.0
310 810 1.0
310 961 1.0
311 95 1.0
311 101 1.0
311 126 1.0
311 204 1.0
311 256 1.0
311 343 1.0
311 516 1.0
311 782 1.0
312 222 1.0
312 229 1.0
312 557 1.0
312 594 1.0
312 624 1.0
312 708 1.0
312 760 1.0
312 850 1.0
312 871 1.0
313 102 1.0
313 143 1.0
313 231 1.0
313 285 1.0
313 304 1.0
313 389 1.0
313 465 1.0
313 601 1.0
313 673 1.0
313 685 1.0
313 856 1.0
313 864 1.0
314 325 1.0
314 695 1.0
315 51 1.0
315 54 1.0
315 237 1.0
315 387 1.0
316 235 1.0
316 760 1.0
316 903 1.0
317 312 1.0
317 857 1.0
317 883 1.0
318 8 1.0
318 51 1.0
318 107 1.0
318 121 1.0
318 513 1.0
318 572 1.0
318 802 1.0
319 510 1.0
319 544 1.0
319 567 1.0
319 591 1.0
319 708 1.0
319 794 1.0
319 811 1.0
319 858 1.0
320 271 1.0
320 305 1.0
320 313 1.0
320 378 1.0
320 439 1.0
321 238 1.0
321 373 1.0
321 383 1.0
321 515 1.0
321 537 1.0
321 628 1.0
321 735 1.0
321 774 1.0
321 836 1.0
321 851 1.0
321 928 1.0
322 398 1.0
322 650 1.0
322 837 1.0
322 894 1.0
323 120 1.0
323 171 1.0
323 389 1.0
323 830 1.0
323 844 1.0
323 886 1.0
324 549 1.0
324 687 1.0
324 828 1.0
324 841 1.0
325 123 1.0
325 157 1.0
325 238 1.0
325 262 1.0
325 362 1.0
325 521 1.0
325 554 1.0
325 635 1.0
325 641 1.0
325 666 1.0
325 715 1.0
325 894 1.0
325 911 1.0
326 77 1.0
326 105 1.0
326 373 1.0
326 521 1.0
326 637 1.0
326 654 1.0
326 683 1.0
326 802 1.0
326 936 1.0
327 35 1.0
327 184 1.0
327 466 1.0
327 517 1.0
327 894 1.0
328 121 1.0
328 170 1.0
328 289 1.0
328 481 1.0
328 583 1.0
328 742 1.0
328 812 1.0
328 917 1.0
328 957 1.0
329 16 1.0
329 49 1.0
329 80 1.0
329 106 1.0
329 141 1.0
329 188 1.0
329 204 1.0
329 363 1.0
329 490 1.0
329 636 1.0
329 771 1.0
329 814 1.0
330 76 1.0
330 174 1.0
330 493 1.0
330 571 1.0
330 676 1.0
331 248 1.0
331 854 1.0
332 26 1.0
332 293 1.0
332 400 1.0
332 679 1.0
333 60 1.0
333 412 1.0
333 582 1.0
333 632 1.0
333 830 1.0
334 531 1.0
334 577 1.0
334 709 1.0
335 87 1.0
335 159 1.0
335 318 1.0
335 662 1.0
335 703 1.0
335 933 1.0
335 937 1.0
336 87 1.0
336 103 1.0
336 162 1.0
336 394 1.0
336 459 1.0
336 493 1.0
336 701 1.0
336 702 1.0
337 20 1.0
337 150 1.0
337 404 1.0
337 531 1.0
337 627 1.0
337 818 1.0
337 828 1.0
338 41 1.0
338 318 1.0
338 410 1.0
338 467 1.0
338 535 1.0
338 634 1.0
338 791 1.0
339 201 1.0
339 368 1.0
339 587 1.0
339 635 1.0
339 864 1.0
339 890 1.0
340 267 1.0
340 299 1.0
340 370 1.0
340 376 1.0
340 396 1.0
340 400 1.0
340 404 1.0
340 411 1.0
340 511 1.0
340 546 1.0
341 73 1.0
341 98 1.0
341 126 1.0
341 211 1.0
341 213 1.0
341 243 1.0
341 276 1.0
341 409 1.0
341 730 1.0
341 838 1.0
342 223 1.0
342 360 1.0
342 641 1.0
342 816 1.0
342 860 1.0
343 221 1.0
343 411 1.0
343 499 1.0
343 569 1.0
343 579 1.0
344 119 1.0
344 177 1.0
344 753 1.0
345 132 1.0
345 140 1.0
345 223 1.0
345 267 1.0
345 280 1.0
345 353 1.0
345 370 1.0
345 422 1.0
345 800 1.0
345 904 1.0
346 156 1.0
346 327 1.0
346 354 1.0
346 525 1.0
346 861 1.0
347 114 1.0
347 309 1.0
347 449 1.0
347 566 1.0
348 10 1.0
348 217 1.0
348 742 1.0
348 852 1.0
348 959 1.0
349 68 1.0
349 129 1.0
349 164 1.0
349 171 1.0
349 240 1.0
349 313 1.0
349 356 1.0
350 15 1.0
350 86 1.0
350 107 1.0
350 168 1.0
350 236 1.0
350 265 1.0
350 443 1.0
350 541 1.0
350 550 1.0
350 604 1.0
350 734 1.0
350 744 1.0
351 289 1.0
351 292 1.0
351 400 1.0
351 483 1.0
351 842 1.0
352 13 1.0
352 220 1.0
352 250 1.0
352 397 1.0
352 465 1.0
352 666 1.0
353 219 1.0
353 367 1.0
353 509 1.0
353 668 1.0
353 754 1.0
353 932 1.0
354 86 1.0
354 147 1.0
354 215 1.0
354 334 1.0
354 347 1.0
354 400 1.0
354 468 1.0
354 508 1.0
354 624 1.0
354 733 1.0
354 876 1.0
355 581 1.0
355 618 1.0
355 706 1.0
355 732 1.0
355 790 1.0
356 51 1.0
356 77 1.0
356 283 1.0
356 329 1.0
356 402 1.0
356 472 1.0
356 759 1.0
357 112 1.0
357 209 1.0
357 591 1.0
357 731 1.0
357 797 1.0
357 884 1.0
357 953 1.0
358 20 1.0
358 90 1.0
358 97 1.0
358 400 1.0
358 404 1.0
358 661 1.0
358 920 1.0
358 961 1.0
359 103 1.0
359 167 1.0
359 221 1.0
359 368 1.0
359 399 1.0
359 435 1.0
359 569 1.0
360 212 1.0
360 270 1.0
360 608 1.0
360 673 1.0
361 79 1.0
361 140 1.0
361 197 1.0
361 356 1.0
361 377 1.0
361 384 1.0
361 386 1.0
361 395 1.0
361 490 1.0
361 701 1.0
362 5 1.0
362 273 1.0
362 304 1.0
362 668 1.0
362 675 1.0
362 776 1.0
362 809 1.0
363 10 1.0
363 420 1.0
363 463 1.0
363 493 1.0
363 781 1.0
364 138 1.0
364 282 1.0
364 865 1.0
365 2 1.0
365 25 1.0
365 101 1.0
365 248 1.0
365 648 1.0
367 34 1.0
367 499 1.0
367 536 1.0
367 698 1.0
367 795 1.0
367 942 1.0
368 54 1.0
368 341 1.0
368 544 1.0
368 881 1.0
368 899 1.0
368 958 1.0
369 162 1.0
369 231 1.0
369 329 1.0
369 706 1.0
369 824 1.0
369 878 1.0
369 915 1.0
370 13 1.0
370 61 1.0
370 297 1.0
370 592 1.0
370 634 1.0
370 830 1.0
371 15 1.0
371 17 1.0
371 20 1.0
371 24 1.0
371 48 1.0
371 69 1.0
371 123 1.0
371 126 1.0
371 323 1.0
371 644 1.0
371 765 1.0
371 853 1.0
372 75 1.0
372 251 1.0
372 254 1.0
372 331 1.0
372 515 1.0
372 552 1.0
372 605 1.0
372 680 1.0
373 334 1.0
373 362 1.0
373 398 1.0
373 400 1.0
373 456 1.0
373 626 1.0
373 930 1.0
374 145 1.0
374 198 1.0
374 441 1.0
374 456 1.0
374 513 1.0
374 623 1.0
374 705 1.0
374 793 1.0
374 800 1.0
374 892 1.0
374 925 1.0
375 161 1.0
375 309 1.0
375 310 1.0
375 381 1.0
375 424 1.0
375 449 1.0
375 486 1.0
375 528 1.0
375 646 1.0
375 710 1.0
375 822 1.0
375 843 1.0
376 341 1.0
376 356 1.0
376 556 1.0
376 566 1.0
376 750 1.0
377 2 1.0
377 441 1.0
377 559 1.0
377 700 1.0
377 867 1.0
378 95 1.0
378 101 1.0
378 147 1.0
378 562 1.0
378 642 1.0
378 719 1.0
379 10 1.0
379 106 1.0
379 331 1.0
379 387 1.0
379 402 1.0
379 513 1.0
379 609 1.0
379 726 1.0
379 746 1.0
380 21 1.0
380 66 1.0
380 170 1.0
380 213 1.0
380 366 1.0
380 706 1.0
380 831 1.0
381 123 1.0
381 167 1.0
381 229 1.0
381 532 1.0
381 739 1.0
381 780 1.0
381 822 1.0
382 63 1.0
382 143 1.0
382 266 1.0
382 339 1.0
382 510 1.0
382 846 1.0
383 84 1.0
383 487 1.0
383 567 1.0
383 619 1.0
383 683 1.0
384 72 1.0
384 739 1.0
384 916 1.0
385 200 1.0
385 251 1.0
385 267 1.0
385 312 1.0
385 399 1.0
385 449 1.0
385 661 1.0
385 734 1.0
385 797 1.0
385 841 1.0
385 880 1.0
386 125 1.0
386 187 1.0
386 306 1.0
386 402 1.0
386 574 1.0
386 668 1.0
386 687 1.0
386 692 1.0
386 791 1.0
386 845 1.0
386 850 1.0
387 117 1.0
387 187 1.0
387 328 1.0
387 483 1.0
387 515 1.0
387 535 1.0
387 588 1.0
387 804 1.0
387 817 1.0
388 125 1.0
388 354 1.0
388 448 1.0
388 626 1.0
388 691 1.0
388 699 1.0
388 750 1.0
388 779 1.0
389 106 1.0
389 278 1.0
389 336 1.0
389 399 1.0
389 463 1.0
389 900 1.0
390 171 1.0
390 274 1.0
390 279 1.0
390 387 1.0
390 789 1.0
390 855 1.0
391 20 1.0
391 459 1.0
391 496 1.0
391 521 1.0
391 589 1.0
391 760 1.0
391 861 1.0
392 253 1.0
392 285 1.0
392 319 1.0
392 439 1.0
392 482 1.0
392 593 1.0
393 360 1.0
393 417 1.0
393 448 1.0
393 635 1.0
393 646 1.0
393 676 1.0
393 777 1.0
393 858 1.0
393 859 1.0
393 868 1.0
394 74 1.0
394 275 1.0
394 447 1.0
394 560 1.0
394 701 1.0
394 769 1.0
394 847 1.0
394 924 1.0
395 34 1.0
395 265 1.0
395 337 1.0
395 452 1.0
395 572 1.0
395 671 1.0
395 708 1.0
396 97 1.0
396 131 1.0
396 258 1.0
396 387 1.0
396 573 1.0
396 652 1.0
396 685 1.0
396 767 1.0
397 136 1.0
397 211 1.0
397 248 1.0
397 408 1.0
397 445 1.0
397 477 1.0
397 671 1.0
397 687 1.0
397 805 1.0
397 897 1.0
398 74 1.0
398 283 1.0
398 425 1.0
398 550 1.0
398 590 1.0
398 591 1.0
398 641 1.0
398 697 1.0
398 852 1.0
398 903 1.0
399 19 1.0
399 64 1.0
399 65 1.0
399 136 1.0
399 161 1.0
399 287 1.0
399 490 1.0
399 538 1.0
399 770 1.0
399 776 1.0
399 779 1.0
399 793 1.0
400 104 1.0
400 152 1.0
400 188 1.0
400 292 1.0
400 338 1.0
400 362 1.0
400 470 1.0
400 673 1.0
400 853 1.0
400 927 1.0
400 941 1.0
401 34 1.0
401 143 1.0
401 278 1.0
401 618 1.0
401 824 1.0
401 883 1.0
402 129 1.0
402 130 1.0
402 224 1.0
402 324 1.0
402 373 1.0
402 641 1.0
402 693 1.0
402 814 1.0
402 844 1.0
403 84 1.0
403 134 1.0
403 374 1.0
403 400 1.0
403 464 1.0
403 513 1.0
403 528 1.0
403 543 1.0
403 591 1.0
403 847 1.0
404 51 1.0
404 341 1.0
404 389 1.0
404 419 1.0
404 479 1.0
404 526 1.0
404 572 1.0
404 816 1.0
404 891 1.0
405 377 1.0
406 162 1.0
406 392 1.0
406 679 1.0
406 795 1.0
407 202 1.0
407 208 1.0
407 514 1.0
407 609 1.0
407 746 1.0
407 866 1.0
408 46 1.0
408 261 1.0
408 278 1.0
408 392 1.0
408 430 1.0
408 488 1.0
408 865 1.0
408 948 1.0
409 339 1.0
409 370 1.0
409 535 1.0
410 33 1.0
410 194 1.0
410 487 1.0
410 948 1.0
410 950 1.0
411 42 1.0
411 179 1.0
411 200 1.0
411 257 1.0
411 311 1.0
411 484 1.0
411 505 1.0
411 663 1.0
411 713 1.0
411 777 1.0
411 863 1.0
411 944 1.0
412 25 1.0
412 185 1.0
412 369 1.0
412 574 1.0
412 612 1.0
412 650 1.0
412 705 1.0
412 745 1.0
413 126 1.0
413 143 1.0
413 283 1.0
413 338 1.0
413 382 1.0
413 464 1.0
413 467 1.0
413 768 1.0
413 909 1.0
414 61 1.0
414 74 1.0
414 149 1.0
414 306 1.0
414 351 1.0
414 480 1.0
414 682 1.0
414 728 1.0
414 875 1.0
415 208 1.0
415 576 1.0
415 696 1.0
415 764 1.0
416 33 1.0
416 62 1.0
416 348 1.0
416 363 1.0
416 592 1.0
416 597 1.0
416 695 1.0
416 960 1.0
417 168 1.0
417 360 1.0
417 372 1.0
417 403 1.0
417 716 1.0
417 717 1.0
417 802 1.0
417 869 1.0
418 78 1.0
418 328 1.0
418 494 1.0
418 510 1.0
418 886 1.0
418 936 1.0
418 940 1.0
419 37 1.0
419 399 1.0
419 459 1.0
419 825 1.0
419 834 1.0
420 63 1.0
420 164 1.0
420 185 1.0
420 300 1.0
420 566 1.0
420 713 1.0
420 739 1.0
420 756 1.0
420 938 1.0
421 225 1.0
421 490 1.0
421 545 1.0
421 611 1.0
421 693 1.0
422 2 1.0
422 140 1.0
422 282 1.0
422 396 1.0
422 510 1.0
422 524 1.0
422 565 1.0
422 892 1.0
423 329 1.0
423 371 1.0
423 401 1.0
423 545 1.0
423 598 1.0
423 828 1.0
423 865 1.0
423 951 1.0
424 176 1.0
424 332 1.0
424 534 1.0
424 864 1.0
425 13 1.0
425 249 1.0
425 292 1.0
425 466 1.0
425 530 1.0
425 598 1.0
425 647 1.0
425 728 1.0
426 291 1.0
426 395 1.0
426 862 1.0
426 945 1.0
427 38 1.0
427 184 1.0
427 191 1.0
427 254 1.0
427 282 1.0
427 286 1.0
427 488 1.0
427 539 1.0
427 613 1.0
428 249 1.0
428 277 1.0
428 416 1.0
428 464 1.0
428 522 1.0
428 560 1.0
428 567 1.0
428 652 1.0
428 718 1.0
428 781 1.0
428 806 1.0
428 826 1.0
429 180 1.0
429 190 1.0
429 278 1.0
429 434 1.0
429 437 1.0
429 548 1.0
429 916 1.0
429 947 1.0
430 50 1.0
430 111 1.0
430 351 1.0
430 590 1.0
430 686 1.0
430 725 1.0
430 750 1.0
430 780 1.0
431 369 1.0
431 403 1.0
431 606 1.0
431 664 1.0
432 101 1.0
432 333 1.0
432 411 1.0
433 239 1.0
433 422 1.0
433 476 1.0
433 575 1.0
433 669 1.0
433 679 1.0
433 757 1.0
433 905 1.0
433 942 1.0
433 955 1.0
434 103 1.0
434 231 1.0
434 308 1.0
434 320 1.0
434 856 1.0
435 206 1.0
435 268 1.0
435 355 1.0
435 591 1.0
435 816 1.0
435 850 1.0
435 950 1.0
436 6 1.0
436 304 1.0
436 505 1.0
436 614 1.0
436 951 1.0
437 229 1.0
437 313 1.0
437 390 1.0
437 794 1.0
437 805 1.0
438 98 1.0
438 267 1.0
438 287 1.0
438 301 1.0
438 316 1.0
438 645 1.0
438 781 1.0
438 837 1.0
438 865 1.0
439 42 1.0
439 122 1.0
439 155 1.0
439 605 1.0
439 663 1.0
439 705 1.0
439 791 1.0
440 10 1.0
440 22 1.0
440 809 1.0
441 53 1.0
441 343 1.0
441 520 1.0
441 531 1.0
441 572 1.0
441 582 1.0
441 792 1.0
441 836 1.0
442 249 1.0
442 704 1.0
443 13 1.0
443 71 1.0
443 686 1.0
443 874 1.0
444 104 1.0
444 116 1.0
444 252 1.0
444 655 1.0
444 734 1.0
444 819 1.0
444 866 1.0
445 178 1.0
445 223 1.0
445 436 1.0
446 37 1.0
446 157 1.0
446 698 1.0
446 713 1.0
446 923 1.0
447 195 1.0
447 231 1.0
447 263 1.0
447 734 1.0
448 135 1.0
448 179 1.0
448 257 1.0
448 351 1.0
448 388 1.0
448 653 1.0
448 657 1.0
449 122 1.0
449 420 1.0
449 557 1.0
449 890 1.0
450 249 1.0
450 381 1.0
450 459 1.0
450 615 1.0
450 688 1.0
450 735 1.0
450 799 1.0
450 875 1.0
450 888 1.0
450 919 1.0
451 111 1.0
451 222 1.0
451 360 1.0
451 373 1.0
451 411 1.0
451 661 1.0
451 830 1.0
451 865 1.0
451 886 1.0
452 66 1.0
452 201 1.0
452 679 1.0
452 712 1.0
452 798 1.0
452 848 1.0
453 63 1.0
453 172 1.0
453 200 1.0
453 222 1.0
453 258 1.0
453 397 1.0
453 496 1.0
453 765 1.0
453 868 1.0
454 35 1.0
454 104 1.0
454 242 1.0
454 315 1.0
454 457 1.0
454 637 1.0
454 668 1.0
455 45 1.0
455 124 1.0
455 408 1.0
455 563 1.0
455 587 1.0
455 635 1.0
455 685 1.0
455 815 1.0
455 836 1.0
456 97 1.0
456 213 1.0
457 60 1.0
457 438 1.0
457 571 1.0
457 581 1.0
457 806 1.0
457 817 1.0
458 116 1.0
458 260 1.0
458 663 1.0
458 806 1.0
458 924 1.0
459 22 1.0
459 135 1.0
459 167 1.0
459 257 1.0
459 263 1.0
459 626 1.0
459 808 1.0
459 822 1.0
460 254 1.0
460 784 1.0
460 877 1.0
461 213 1.0
461 222 1.0
461 401 1.0
461 758 1.0
461 859 1.0
461 918 1.0
462 13 1.0
462 131 1.0
462 342 1.0
462 638 1.0
462 807 1.0
463 48 1.0
463 159 1.0
463 161 1.0
463 385 1.0
463 404 1.0
463 897 1.0
464 26 1.0
464 582 1.0
464 706 1.0
464 934 1.0
465 106 1.0
465 317 1.0
465 369 1.0
465 453 1.0
465 515 1.0
465 612 1.0
466 9 1.0
466 10 1.0
466 40 1.0
466 162 1.0
466 376 1.0
466 454 1.0
466 721 1.0
466 825 1.0
466 841 1.0
466 928 1.0
467 61 1.0
467 74 1.0
467 77 1.0
467 83 1.0
467 340 1.0
467 364 1.0
467 558 1.0
467 628 1.0
468 8 1.0
468 120 1.0
468 168 1.0
468 419 1.0
468 637 1.0
469 27 1.0
469 71 1.0
469 176 1.0
469 440 1.0
469 442 1.0
469 570 1.0
469 643 1.0
469 719 1.0
469 805 1.0
469 857 1.0
470 218 1.0
470 273 1.0
470 602 1.0
470 635 1.0
470 936 1.0
471 235 1.0
471 290 1.0
471 331 1.0
471 415 1.0
471 744 1.0
471 822 1.0
472 67 1.0
472 72 1.0
472 220 1.0
472 237 1.0
472 459 1.0
472 479 1.0
472 627 1.0
472 681 1.0
472 701 1.0
473 103 1.0
473 164 1.0
473 399 1.0
473 441 1.0
473 668 1.0
473 712 1.0
473 736 1.0
474 189 1.0
474 227 1.0
474 298 1.0
474 417 1.0
474 495 1.0
474 764 1.0
475 302 1.0
475 322 1.0
475 439 1.0
475 521 1.0
475 588 1.0
475 604 1.0
475 676 1.0
475 838 1.0
475 910 1.0
476 25 1.0
476 71 1.0
476 98 1.0
476 381 1.0
476 529 1.0
476 573 1.0
476 664 1.0
476 730 1.0
476 934 1.0
477 36 1.0
477 160 1.0
477 309 1.0
477 379 1.0
477 737 1.0
477 753 1.0
477 799 1.0
478 10 1.0
478 139 1.0
478 306 1.0
478 356 1.0
478 546 1.0
478 584 1.0
478 753 1.0
478 947 1.0
479 14 1.0
479 210 1.0
479 222 1.0
479 425 1.0
479 636 1.0
479 666 1.0
479 802 1.0
480 57 1.0
480 151 1.0
480 193 1.0
480 397 1.0
480 606 1.0
480 692 1.0
480 854 1.0
481 1 1.0
481 251 1.0
481 270 1.0
481 327 1.0
481 431 1.0
481 478 1.0
481 603 1.0
481 620 1.0
481 624 1.0
481 670 1.0
481 674 1.0
481 684 1.0
481 808 1.0
482 52 1.0
482 61 1.0
482 83 1.0
482 425 1.0
482 653 1.0
482 707 1.0
483 169 1.0
483 337 1.0
483 367 1.0
483 486 1.0
483 723 1.0
484 576 1.0
485 464 1.0
485 507 1.0
485 824 1.0
486 104 1.0
486 180 1.0
486 322 1.0
486 743 1.0
487 2 1.0
487 132 1.0
487 312 1.0
487 396 1.0
487 678 1.0
488 13 1.0
488 14 1.0
488 45 1.0
488 182 1.0
488 275 1.0
488 368 1.0
488 507 1.0
488 665 1.0
488 720 1.0
488 733 1.0
488 849 1.0
488 928 1.0
489 128 1.0
489 156 1.0
489 313 1.0
489 323 1.0
489 357 1.0
489 748 1.0
490 101 1.0
490 424 1.0
490 430 1.0
490 510 1.0
490 615 1.0
490 736 1.0
491 44 1.0
491 331 1.0
491 525 1.0
491 723 1.0
491 865 1.0
492 193 1.0
492 206 1.0
492 240 1.0
492 255 1.0
492 271 1.0
492 305 1.0
492 452 1.0
492 483 1.0
492 563 1.0
492 689 1.0
492 787 1.0
492 836 1.0
493 44 1.0
493 449 1.0
494 123 1.0
494 295 1.0
494 424 1.0
494 436 1.0
494 501 1.0
494 830 1.0
494 869 1.0
495 77 1.0
495 267 1.0
495 321 1.0
495 440 1.0
495 467 1.0
495 607 1.0
495 613 1.0
495 861 1.0
496 140 1.0
497 2 1.0
497 154 1.0
497 177 1.0
497 314 1.0
497 506 1.0
497 603 1.0
497 610 1.0
497 675 1.0
497 823 1.0
498 66 1.0
498 426 1.0
498 798 1.0
498 805 1.0
498 825 1.0
498 910 1.0
499 22 1.0
499 279 1.0
499 376 1.0
499 444 1.0
499 535 1.0
499 615 1.0
499 806 1.0
499 818 1.0
500 62 1.0
500 87 1.0
500 214 1.0
500 241 1.0
500 248 1.0
500 517 1.0
500 867 1.0
501 42 1.0
501 63 1.0
501 255 1.0
501 284 1.0
501 350 1.0
501 480 1.0
501 518 1.0
501 570 1.0
501 622 1.0
501 648 1.0
501 673 1.0
501 780 1.0
501 825 1.0
502 47 1.0
502 147 1.0
502 596 1.0
502 809 1.0
502 908 1.0
503 3 1.0
503 247 1.0
504 11 1.0
504 110 1.0
504 171 1.0
504 227 1.0
504 233 1.0
504 621 1.0
504 876 1.0
504 946 1.0
505 140 1.0
505 176 1.0
505 521 1.0
505 791 1.0
506 40 1.0
506 98 1.0
506 236 1.0
506 256 1.0
506 458 1.0
506 837 1.0
506 950 1.0
507 32 1.0
507 342 1.0
507 416 1.0
508 229 1.0
508 274 1.0
508 405 1.0
508 509 1.0
508 516 1.0
508 547 1.0
508 866 1.0
509 28 1.0
509 296 1.0
509 388 1.0
509 470 1.0
509 530 1.0
509 808 1.0
510 13 1.0
510 34 1.0
510 165 1.0
510 230 1.0
510 381 1.0
510 541 1.0
510 548 1.0
510 584 1.0
510 597 1.0
510 714 1.0
510 778 1.0
510 919 1.0
511 22 1.0
511 189 1.0
511 731 1.0
511 754 1.0
511 764 1.0
511 773 1.0
511 865 1.0
511 879 1.0
512 39 1.0
512 238 1.0
512 493 1.0
512 554 1.0
512 787 1.0
512 854 1.0
513 258 1.0
513 463 1.0
513 537 1.0
513 554 1.0
513 634 1.0
513 845 1.0
513 891 1.0
513 912 1.0
514 295 1.0
514 395 1.0
514 602 1.0
514 675 1.0
514 773 1.0
514 909 1.0
515 3 1.0
515 210 1.0
515 240 1.0
515 404 1.0
515 505 1.0
515 834 1.0
515 853 1.0
516 54 1.0
516 112 1.0
516 561 1.0
516 611 1.0
516 858 1.0
516 909 1.0
517 74 1.0
517 124 1.0
517 187 1.0
517 211 1.0
517 250 1.0
517 263 1.0
517 386 1.0
517 788 1.0
517 808 1.0
518 70 1.0
518 79 1.0
518 94 1.0
518 284 1.0
518 343 1.0
518 509 1.0
518 517 1.0
518 533 1.0
518 572 1.0
518 722 1.0
518 896 1.0
519 47 1.0
519 730 1.0
519 802 1.0
519 911 1.0
520 45 1.0
520 76 1.0
520 168 1.0
520 242 1.0
520 333 1.0
520 484 1.0
520 524 1.0
520 551 1.0
520 641 1.0
520 744 1.0
520 830 1.0
521 52 1.0
521 62 1.0
521 138 1.0
521 140 1.0
521 198 1.0
521 230 1.0
521 346 1.0
521 356 1.0
521 405 1.0
521 691 1.0
521 695 1.0
521 721 1.0
521 771 1.0
521 823 1.0
521 933 1.0
522 112 1.0
522 172 1.0
522 229 1.0
522 298 1.0
522 352 1.0
522 449 1.0
522 464 1.0
522 469 1.0
522 510 1.0
522 603 1.0
522 630 1.0
522 721 1.0
522 800 1.0
522 837 1.0
523 4 1.0
523 167 1.0
523 491 1.0
523 512 1.0
523 705 1.0
523 759 1.0
523 799 1.0
524 190 1.0
524 432 1.0
524 955 1.0
525 5 1.0
525 171 1.0
525 260 1.0
525 465 1.0
525 500 1.0
525 588 1.0
525 633 1.0
526 16 1.0
526 70 1.0
526 302 1.0
526 356 1.0
526 367 1.0
526 499 1.0
526 775 1.0
527 65 1.0
527 270 1.0
527 487 1.0
527 541 1.0
527 595 1.0
527 663 1.0
527 857 1.0
527 878 1.0
528 3 1.0
528 129 1.0
528 701 1.0
528 820 1.0
528 915 1.0
529 135 1.0
529 181 1.0
529 397 1.0
529 429 1.0
529 432 1.0
529 461 1.0
529 659 1.0
529 892 1.0
529 920 1.0
529 934 1.0
529 945 1.0
530 327 1.0
530 882 1.0
531 23 1.0
531 68 1.0
531 93 1.0
531 101 1.0
531 105 1.0
531 505 1.0
531 526 1.0
531 759 1.0
531 796 1.0
531 800 1.0
532 473 1.0
532 600 1.0
532 713 1.0
532 839 1.0
532 932 1.0
533 122 1.0
533 207 1.0
533 470 1.0
533 720 1.0
533 821 1.0
534 190 1.0
534 270 1.0
534 439 1.0
534 496 1.0
534 557 1.0
534 944 1.0
535 120 1.0
535 196 1.0
535 243 1.0
535 279 1.0
535 660 1.0
535 738 1.0
535 834 1.0
535 907 1.0
536 116 1.0
536 204 1.0
536 282 1.0
536 523 1.0
536 601 1.0
536 664 1.0
536 881 1.0
536 889 1.0
537 276 1.0
537 526 1.0
537 693 1.0
538 410 1.0
538 436 1.0
538 772 1.0
539 23 1.0
539 62 1.0
539 144 1.0
539 238 1.0
539 360 1.0
539 426 1.0
539 454 1.0
539 588 1.0
539 609 1.0
539 634 1.0
539 695 1.0
539 700 1.0
539 782 1.0
539 833 1.0
539 918 1.0
540 5 1.0
540 40 1.0
540 269 1.0
540 272 1.0
540 499 1.0
540 549 1.0
540 611 1.0
540 672 1.0
540 900 1.0
541 729 1.0
542 132 1.0
542 371 1.0
542 504 1.0
542 579 1.0
542 678 1.0
542 682 1.0
542 698 1.0
542 750 1.0
543 159 1.0
543 180 1.0
543 252 1.0
543 447 1.0
543 491 1.0
543 496 1.0
543 553 1.0
543 591 1.0
543 814 1.0
544 205 1.0
544 440 1.0
544 665 1.0
544 747 1.0
544 909 1.0
545 212 1.0
545 527 1.0
545 698 1.0
545 875 1.0
546 27 1.0
546 85 1.0
546 197 1.0
546 526 1.0
546 547 1.0
546 648 1.0
546 673 1.0
546 735 1.0
547 63 1.0
547 71 1.0
547 148 1.0
547 149 1.0
547 273 1.0
547 457 1.0
547 673 1.0
547 754 1.0
547 767 1.0
547 784 1.0
547 912 1.0
548 30 1.0
548 213 1.0
548 267 1.0
548 622 1.0
548 797 1.0
548 875 1.0
549 303 1.0
549 415 1.0
549 734 1.0
549 841 1.0
550 363 1.0
550 382 1.0
550 749 1.0
550 780 1.0
550 865 1.0
551 248 1.0
551 488 1.0
551 493 1.0
552 25 1.0
552 281 1.0
552 290 1.0
552 392 1.0
552 562 1.0
552 641 1.0
552 729 1.0
552 890 1.0
553 43 1.0
553 103 1.0
553 121 1.0
553 368 1.0
553 451 1.0
553 499 1.0
553 528 1.0
553 664 1.0
553 734 1.0
553 840 1.0
554 201 1.0
554 474 1.0
554 531 1.0
554 538 1.0
554 577 1.0
554 878 1.0
554 913 1.0
555 121 1.0
555 289 1.0
555 323 1.0
555 422 1.0
555 524 1.0
555 670 1.0
555 759 1.0
555 783 1.0
555 854 1.0
555 896 1.0
556 160 1.0
556 248 1.0
556 291 1.0
556 320 1.0
556 635 1.0
556 636 1.0
557 151 1.0
557 286 1.0
557 706 1.0
558 11 1.0
558 327 1.0
558 342 1.0
558 532 1.0
558 630 1.0
558 703 1.0
558 782 1.0
558 906 1.0
559 104 1.0
559 124 1.0
559 427 1.0
559 623 1.0
559 823 1.0
560 78 1.0
560 494 1.0
560 547 1.0
560 607 1.0
560 616 1.0
560 689 1.0
560 882 1.0
560 912 1.0
561 232 1.0
561 360 1.0
561 406 1.0
561 424 1.0
561 489 1.0
561 642 1.0
561 678 1.0
561 926 1.0
562 58 1.0
562 366 1.0
562 564 1.0
562 588 1.0
562 631 1.0
562 655 1.0
562 734 1.0
562 864 1.0
562 867 1.0
563 95 1.0
563 276 1.0
563 583 1.0
563 651 1.0
563 804 1.0
564 306 1.0
564 496 1.0
564 509 1.0
564 697 1.0
564 721 1.0
564 751 1.0
564 835 1.0
564 888 1.0
565 94 1.0
565 150 1.0
565 205 1.0
565 364 1.0
565 438 1.0
565 531 1.0
565 591 1.0
565 651 1.0
565 678 1.0
565 699 1.0
565 855 1.0
566 21 1.0
566 359 1.0
566 697 1.0
566 859 1.0
567 61 1.0
567 168 1.0
567 240 1.0
567 253 1.0
567 400 1.0
567 478 1.0
567 625 1.0
567 639 1.0
567 810 1.0
567 821 1.0
567 823 1.0
568 17 1.0
568 218 1.0
568 312 1.0
568 795 1.0
568 873 1.0
569 118 1.0
569 379 1.0
569 419 1.0
569 589 1.0
569 624 1.0
569 708 1.0
569 826 1.0
570 32 1.0
570 56 1.0
570 173 1.0
570 181 1.0
570 243 1.0
570 948 1.0
571 13 1.0
571 47 1.0
571 262 1.0
571 313 1.0
571 444 1.0
571 510 1.0
571 609 1.0
572 62 1.0
572 139 1.0
572 180 1.0
572 183 1.0
572 370 1.0
572 698 1.0
572 752 1.0
573 44 1.0
573 86 1.0
573 92 1.0
573 136 1.0
573 262 1.0
573 506 1.0
573 603 1.0
573 866 1.0
573 869 1.0
574 130 1.0
574 231 1.0
574 302 1.0
574 310 1.0
574 601 1.0
575 191 1.0
575 445 1.0
575 478 1.0
575 586 1.0
575 823 1.0
576 38 1.0
576 154 1.0
576 308 1.0
576 537 1.0
576 544 1.0
576 834 1.0
577 61 1.0
577 75 1.0
577 100 1.0
577 135 1.0
577 221 1.0
577 270 1.0
577 349 1.0
577 368 1.0
577 371 1.0
577 511 1.0
577 646 1.0
577 674 1.0
577 683 1.0
578 122 1.0
578 229 1.0
578 398 1.0
578 475 1.0
578 625 1.0
578 867 1.0
579 150 1.0
579 227 1.0
579 409 1.0
579 555 1.0
579 692 1.0
580 115 1.0
580 158 1.0
580 701 1.0
581 37 1.0
581 147 1.0
581 259 1.0
581 312 1.0
581 600 1.0
581 620 1.0
581 868 1.0
581 957 1.0
582 230 1.0
582 254 1.0
582 407 1.0
582 461 1.0
582 687 1.0
582 748 1.0
582 957 1.0
583 264 1.0
583 423 1.0
583 638 1.0
583 755 1.0
583 827 1.0
584 0 1.0
584 180 1.0
584 216 1.0
584 301 1.0
584 348 1.0
584 368 1.0
584 547 1.0
584 581 1.0
584 667 1.0
584 680 1.0
584 935 1.0
584 945 1.0
585 257 1.0
585 307 1.0
585 448 1.0
585 556 1.0
585 601 1.0
585 878 1.0
585 934 1.0
586 45 1.0
586 117 1.0
586 186 1.0
586 197 1.0
586 390 1.0
586 417 1.0
586 439 1.0
586 674 1.0
586 685 1.0
586 740 1.0
587 64 1.0
587 110 1.0
587 267 1.0
587 284 1.0
587 449 1.0
587 761 1.0
587 786 1.0
587 832 1.0
588 86 1.0
588 121 1.0
588 190 1.0
588 233 1.0
588 389 1.0
588 836 1.0
589 231 1.0
589 321 1.0
589 720 1.0
589 801 1.0
589 879 1.0
589 940 1.0
590 79 1.0
590 163 1.0
590 335 1.0
590 799 1.0
590 871 1.0
591 46 1.0
591 65 1.0
591 235 1.0
591 294 1.0
591 308 1.0
591 520 1.0
591 620 1.0
591 632 1.0
591 682 1.0
591 699 1.0
591 823 1.0
592 97 1.0
592 259 1.0
592 391 1.0
592 393 1.0
592 843 1.0
593 176 1.0
593 194 1.0
593 357 1.0
593 766 1.0
593 782 1.0
594 85 1.0
594 178 1.0
594 367 1.0
594 491 1.0
594 663 1.0
594 835 1.0
595 383 1.0
595 385 1.0
595 416 1.0
595 419 1.0
595 512 1.0
595 806 1.0
595 869 1.0
596 193 1.0
596 214 1.0
596 358 1.0
596 924 1.0
597 61 1.0
597 195 1.0
597 281 1.0
597 583 1.0
597 796 1.0
598 365 1.0
598 450 1.0
598 471 1.0
598 631 1.0
598 641 1.0
598 792 1.0
598 808 1.0
599 294 1.0
599 392 1.0
599 522 1.0
599 600 1.0
599 719 1.0
599 729 1.0
599 748 1.0
599 755 1.0
600 32 1.0
600 146 1.0
600 147 1.0
600 181 1.0
600 487 1.0
600 628 1.0
600 698 1.0
600 752 1.0
600 933 1.0
601 48 1.0
601 66 1.0
601 264 1.0
601 400 1.0
601 588 1.0
601 773 1.0
601 797 1.0
602 39 1.0
602 273 1.0
602 291 1.0
602 455 1.0
602 545 1.0
602 728 1.0
602 747 1.0
602 923 1.0
603 205 1.0
603 342 1.0
603 353 1.0
603 403 1.0
603 538 1.0
603 808 1.0
604 391 1.0
604 760 1.0
604 816 1.0
605 127 1.0
605 162 1.0
605 392 1.0
605 597 1.0
605 756 1.0
605 801 1.0
606 63 1.0
606 375 1.0
606 653 1.0
606 700 1.0
606 925 1.0
607 16 1.0
607 233 1.0
607 364 1.0
607 372 1.0
607 552 1.0
607 665 1.0
607 697 1.0
608 97 1.0
608 135 1.0
608 188 1.0
608 382 1.0
608 400 1.0
608 443 1.0
608 590 1.0
608 673 1.0
608 827 1.0
609 51 1.0
609 82 1.0
609 423 1.0
609 622 1.0
609 633 1.0
609 815 1.0
610 146 1.0
610 343 1.0
610 397 1.0
610 423 1.0
610 501 1.0
610 773 1.0
610 911 1.0
611 246 1.0
611 529 1.0
611 739 1.0
612 256 1.0
612 390 1.0
612 459 1.0
612 745 1.0
612 851 1.0
613 15 1.0
613 239 1.0
613 358 1.0
613 526 1.0
613 795 1.0
614 106 1.0
614 132 1.0
614 322 1.0
614 333 1.0
614 538 1.0
614 688 1.0
614 815 1.0
615 143 1.0
615 308 1.0
615 364 1.0
615 495 1.0
615 673 1.0
615 781 1.0
615 828 1.0
616 41 1.0
616 154 1.0
616 207 1.0
616 341 1.0
617 199 1.0
617 522 1.0
617 715 1.0
618 168 1.0
618 240 1.0
618 274 1.0
618 297 1.0
618 447 1.0
618 672 1.0
619 38 1.0
619 113 1.0
619 122 1.0
619 137 1.0
619 326 1.0
619 397 1.0
619 582 1.0
619 709 1.0
619 772 1.0
620 293 1.0
620 406 1.0
620 558 1.0
620 561 1.0
620 606 1.0
620 678 1.0
620 747 1.0
620 795 1.0
620 827 1.0
621 185 1.0
621 350 1.0
621 561 1.0
621 632 1.0
622 120 1.0
622 298 1.0
622 504 1.0
622 517 1.0
622 836 1.0
622 853 1.0
622 954 1.0
623 49 1.0
623 82 1.0
623 190 1.0
623 374 1.0
623 477 1.0
623 733 1.0
623 803 1.0
624 322 1.0
624 381 1.0
624 651 1.0
624 806 1.0
625 4 1.0
625 18 1.0
625 140 1.0
625 192 1.0
625 727 1.0
626 22 1.0
626 54 1.0
626 61 1.0
626 485 1.0
626 651 1.0
627 51 1.0
627 190 1.0
627 206 1.0
627 367 1.0
627 439 1.0
627 493 1.0
627 541 1.0
627 617 1.0
627 659 1.0
628 7 1.0
628 110 1.0
628 254 1.0
628 390 1.0
628 591 1.0
629 8 1.0
629 32 1.0
629 42 1.0
629 503 1.0
629 647 1.0
629 708 1.0
630 36 1.0
630 194 1.0
630 420 1.0
630 516 1.0
630 589 1.0
630 950 1.0
631 22 1.0
631 76 1.0
631 318 1.0
631 377 1.0
631 391 1.0
631 520 1.0
631 665 1.0
631 747 1.0
631 772 1.0
631 820 1.0
631 829 1.0
632 75 1.0
632 229 1.0
632 334 1.0
632 399 1.0
632 458 1.0
632 588 1.0
632 873 1.0
632 921 1.0
632 926 1.0
633 7 1.0
633 158 1.0
633 190 1.0
633 216 1.0
633 220 1.0
633 864 1.0
634 3 1.0
634 239 1.0
634 340 1.0
634 398 1.0
634 493 1.0
634 637 1.0
635 155 1.0
635 539 1.0
635 653 1.0
636 35 1.0
636 167 1.0
636 191 1.0
636 604 1.0
636 743 1.0
636 841 1.0
637 267 1.0
637 278 1.0
637 326 1.0
637 403 1.0
637 420 1.0
637 526 1.0
637 776 1.0
637 958 1.0
638 112 1.0
638 183 1.0
638 400 1.0
638 417 1.0
638 568 1.0
638 651 1.0
638 840 1.0
638 901 1.0
639 18 1.0
639 136 1.0
639 149 1.0
639 198 1.0
639 212 1.0
639 407 1.0
639 424 1.0
639 513 1.0
639 564 1.0
639 592 1.0
639 784 1.0
640 10 1.0
640 276 1.0
640 346 1.0
640 364 1.0
640 523 1.0
640 657 1.0
640 753 1.0
641 162 1.0
641 314 1.0
641 318 1.0
641 349 1.0
641 393 1.0
641 394 1.0
641 615 1.0
641 616 1.0
641 873 1.0
642 29 1.0
642 85 1.0
642 157 1.0
642 278 1.0
642 428 1.0
642 641 1.0
643 67 1.0
643 289 1.0
643 320 1.0
643 351 1.0
643 423 1.0
643 513 1.0
643 610 1.0
643 653 1.0
643 796 1.0
643 843 1.0
644 290 1.0
644 653 1.0
644 891 1.0
644 897 1.0
645 14 1.0
645 17 1.0
645 261 1.0
645 320 1.0
645 636 1.0
645 791 1.0
646 95 1.0
646 150 1.0
646 187 1.0
646 358 1.0
646 378 1.0
646 504 1.0
646 737 1.0
646 876 1.0
647 191 1.0
647 366 1.0
647 523 1.0
647 561 1.0
647 625 1.0
647 634 1.0
647 754 1.0
647 764 1.0
648 64 1.0
648 115 1.0
648 182 1.0
648 313 1.0
648 448 1.0
648 466 1.0
648 485 1.0
648 645 1.0
648 723 1.0
648 747 1.0
649 286 1.0
649 330 1.0
649 388 1.0
649 401 1.0
649 411 1.0
649 680 1.0
650 37 1.0
650 355 1.0
650 575 1.0
650 734 1.0
650 788 1.0
650 944 1.0
651 20 1.0
651 100 1.0
651 130 1.0
651 221 1.0
651 279 1.0
651 340 1.0
651 344 1.0
651 535 1.0
652 103 1.0
652 372 1.0
652 418 1.0
652 466 1.0
652 864 1.0
653 104 1.0
653 127 1.0
653 323 1.0
653 325 1.0
653 330 1.0
653 345 1.0
653 477 1.0
653 603 1.0
653 620 1.0
653 775 1.0
653 866 1.0
654 74 1.0
654 468 1.0
654 480 1.0
654 580 1.0
654 584 1.0
654 627 1.0
654 641 1.0
654 840 1.0
654 852 1.0
655 171 1.0
655 360 1.0
655 365 1.0
655 402 1.0
655 470 1.0
655 578 1.0
655 688 1.0
655 763 1.0
655 841 1.0
655 858 1.0
655 901 1.0
656 27 1.0
656 132 1.0
656 492 1.0
656 673 1.0
656 697 1.0
656 850 1.0
657 4 1.0
657 410 1.0
657 423 1.0
657 492 1.0
657 563 1.0
657 608 1.0
657 774 1.0
657 920 1.0
658 47 1.0
658 153 1.0
658 173 1.0
658 252 1.0
658 446 1.0
658 505 1.0
658 763 1.0
659 38 1.0
659 189 1.0
659 240 1.0
659 319 1.0
659 358 1.0
659 405 1.0
660 182 1.0
660 505 1.0
660 614 1.0
660 637 1.0
660 678 1.0
660 725 1.0
660 790 1.0
661 107 1.0
661 113 1.0
661 145 1.0
661 165 1.0
661 223 1.0
661 231 1.0
661 426 1.0
661 522 1.0
661 643 1.0
661 669 1.0
661 719 1.0
662 115 1.0
662 215 1.0
662 265 1.0
662 314 1.0
662 664 1.0
662 686 1.0
662 795 1.0
662 897 1.0
663 120 1.0
663 475 1.0
663 631 1.0
663 832 1.0
664 129 1.0
664 235 1.0
664 246 1.0
664 447 1.0
664 539 1.0
664 603 1.0
664 605 1.0
664 609 1.0
664 684 1.0
664 720 1.0
664 725 1.0
664 888 1.0
665 455 1.0
665 530 1.0
665 641 1.0
666 5 1.0
666 168 1.0
666 265 1.0
666 299 1.0
666 333 1.0
666 375 1.0
666 410 1.0
666 802 1.0
666 807 1.0
667 100 1.0
667 419 1.0
667 553 1.0
667 561 1.0
667 640 1.0
667 708 1.0
667 717 1.0
667 731 1.0
667 734 1.0
667 771 1.0
668 74 1.0
668 247 1.0
668 296 1.0
668 360 1.0
668 465 1.0
668 497 1.0
668 681 1.0
669 111 1.0
669 186 1.0
669 328 1.0
669 375 1.0
669 381 1.0
669 890 1.0
670 395 1.0
670 442 1.0
671 191 1.0
671 286 1.0
671 509 1.0
671 543 1.0
671 556 1.0
671 559 1.0
671 614 1.0
671 692 1.0
671 745 1.0
671 786 1.0
672 68 1.0
672 247 1.0
672 253 1.0
672 456 1.0
672 733 1.0
672 811 1.0
673 127 1.0
673 299 1.0
673 387 1.0
673 397 1.0
673 403 1.0
673 579 1.0
673 657 1.0
673 689 1.0
673 819 1.0
674 18 1.0
674 369 1.0
674 457 1.0
674 499 1.0
674 546 1.0
674 724 1.0
674 767 1.0
674 936 1.0
675 354 1.0
675 385 1.0
675 513 1.0
676 6 1.0
676 18 1.0
676 326 1.0
677 2 1.0
677 62 1.0
677 239 1.0
677 674 1.0
678 275 1.0
678 387 1.0
678 397 1.0
678 415 1.0
678 497 1.0
678 542 1.0
678 579 1.0
678 795 1.0
678 906 1.0
679 345 1.0
679 440 1.0
679 462 1.0
679 533 1.0
679 819 1.0
680 28 1.0
680 62 1.0
680 72 1.0
680 639 1.0
680 725 1.0
681 5 1.0
681 253 1.0
681 331 1.0
681 346 1.0
681 637 1.0
681 696 1.0
681 857 1.0
682 124 1.0
682 783 1.0
682 818 1.0
682 876 1.0
683 567 1.0
683 670 1.0
684 147 1.0
684 373 1.0
684 419 1.0
684 467 1.0
684 524 1.0
684 572 1.0
684 597 1.0
684 891 1.0
684 905 1.0
685 229 1.0
685 341 1.0
685 362 1.0
685 724 1.0
685 740 1.0
685 751 1.0
686 231 1.0
686 467 1.0
686 530 1.0
686 839 1.0
686 913 1.0
687 106 1.0
687 387 1.0
687 730 1.0
687 780 1.0
687 799 1.0
687 856 1.0
688 4 1.0
688 297 1.0
688 385 1.0
688 392 1.0
688 415 1.0
688 591 1.0
688 621 1.0
688 879 1.0
688 897 1.0
688 950 1.0
689 37 1.0
689 166 1.0
689 408 1.0
689 542 1.0
689 545 1.0
689 555 1.0
689 962 1.0
690 135 1.0
690 150 1.0
690 178 1.0
690 252 1.0
690 386 1.0
690 486 1.0
690 535 1.0
690 548 1.0
690 884 1.0
690 930 1.0
691 52 1.0
691 244 1.0
691 421 1.0
691 520 1.0
691 597 1.0
691 601 1.0
691 619 1.0
692 380 1.0
692 846 1.0
692 847 1.0
693 46 1.0
693 66 1.0
693 274 1.0
693 315 1.0
693 382 1.0
693 718 1.0
693 847 1.0
693 878 1.0
694 157 1.0
694 313 1.0
694 416 1.0
694 512 1.0
694 522 1.0
694 555 1.0
694 799 1.0
695 22 1.0
695 100 1.0
695 359 1.0
695 581 1.0
695 719 1.0
695 794 1.0
695 893 1.0
696 33 1.0
696 37 1.0
696 135 1.0
696 617 1.0
696 832 1.0
696 862 1.0
696 877 1.0
697 193 1.0
697 287 1.0
697 478 1.0
697 575 1.0
697 884 1.0
698 193 1.0
698 248 1.0
698 419 1.0
698 464 1.0
698 735 1.0
698 867 1.0
699 417 1.0
699 466 1.0
699 773 1.0
699 824 1.0
699 866 1.0
700 37 1.0
700 541 1.0
700 679 1.0
700 884 1.0
701 55 1.0
701 217 1.0
701 391 1.0
701 397 1.0
701 781 1.0
701 846 1.0
702 17 1.0
702 31 1.0
702 105 1.0
702 590 1.0
702 623 1.0
702 817 1.0
703 355 1.0
703 399 1.0
703 402 1.0
703 485 1.0
703 910 1.0
704 30 1.0
704 33 1.0
704 83 1.0
704 163 1.0
704 465 1.0
705 35 1.0
705 708 1.0
705 899 1.0
706 76 1.0
706 142 1.0
706 263 1.0
706 806 1.0
706 828 1.0
706 842 1.0
706 886 1.0
706 930 1.0
707 117 1.0
707 220 1.0
707 272 1.0
707 356 1.0
707 797 1.0
707 865 1.0
708 61 1.0
708 66 1.0
708 241 1.0
708 498 1.0
708 587 1.0
708 588 1.0
708 735 1.0
708 878 1.0
708 946 1.0
709 19 1.0
709 161 1.0
709 627 1.0
709 873 1.0
709 886 1.0
710 97 1.0
710 288 1.0
710 364 1.0
710 385 1.0
710 572 1.0
710 590 1.0
710 673 1.0
710 696 1.0
710 745 1.0
711 454 1.0
711 479 1.0
711 527 1.0
711 739 1.0
711 929 1.0
712 0 1.0
712 305 1.0
712 770 1.0
713 122 1.0
713 135 1.0
713 182 1.0
713 348 1.0
713 378 1.0
713 382 1.0
713 427 1.0
713 469 1.0
713 597 1.0
714 111 1.0
714 243 1.0
714 522 1.0
714 656 1.0
715 81 1.0
715 167 1.0
715 359 1.0
715 459 1.0
715 470 1.0
715 475 1.0
715 596 1.0
716 69 1.0
716 98 1.0
716 212 1.0
716 492 1.0
716 520 1.0
716 887 1.0
717 242 1.0
717 891 1.0
718 226 1.0
718 514 1.0
718 602 1.0
718 899 1.0
719 128 1.0
719 196 1.0
719 203 1.0
719 367 1.0
719 616 1.0
719 780 1.0
720 4 1.0
720 116 1.0
720 327 1.0
720 600 1.0
720 724 1.0
720 853 1.0
721 48 1.0
721 255 1.0
721 286 1.0
721 339 1.0
721 435 1.0
721 528 1.0
721 566 1.0
721 757 1.0
721 798 1.0
722 49 1.0
722 163 1.0
722 192 1.0
722 402 1.0
722 409 1.0
722 439 1.0
722 747 1.0
722 763 1.0
722 765 1.0
722 807 1.0
723 70 1.0
723 297 1.0
723 461 1.0
723 556 1.0
723 733 1.0
723 749 1.0
724 12 1.0
724 82 1.0
724 335 1.0
724 896 1.0
725 145 1.0
725 161 1.0
725 182 1.0
725 530 1.0
725 637 1.0
725 819 1.0
726 66 1.0
726 96 1.0
726 131 1.0
726 270 1.0
726 330 1.0
726 453 1.0
726 709 1.0
727 28 1.0
727 87 1.0
727 328 1.0
727 435 1.0
727 448 1.0
727 469 1.0
727 470 1.0
727 511 1.0
727 777 1.0
728 62 1.0
728 159 1.0
728 302 1.0
728 327 1.0
728 379 1.0
728 462 1.0
728 515 1.0
728 606 1.0
728 885 1.0
729 94 1.0
729 225 1.0
729 262 1.0
729 528 1.0
729 624 1.0
729 676 1.0
729 784 1.0
729 827 1.0
729 898 1.0
730 63 1.0
730 331 1.0
730 477 1.0
730 487 1.0
730 670 1.0
730 775 1.0
730 825 1.0
731 40 1.0
731 58 1.0
731 254 1.0
731 317 1.0
731 537 1.0
731 781 1.0
731 834 1.0
731 845 1.0
731 876 1.0
732 148 1.0
732 200 1.0
732 291 1.0
732 308 1.0
732 319 1.0
732 339 1.0
732 742 1.0
732 893 1.0
732 905 1.0
733 48 1.0
733 139 1.0
733 313 1.0
733 397 1.0
733 460 1.0
733 486 1.0
733 581 1.0
733 630 1.0
734 81 1.0
734 132 1.0
734 432 1.0
734 447 1.0
734 500 1.0
734 667 1.0
734 768 1.0
734 838 1.0
735 3 1.0
735 25 1.0
735 132 1.0
735 222 1.0
735 223 1.0
735 322 1.0
735 400 1.0
735 450 1.0
736 73 1.0
736 273 1.0
736 296 1.0
736 533 1.0
736 713 1.0
736 730 1.0
736 768 1.0
736 769 1.0
736 796 1.0
736 831 1.0
737 141 1.0
737 298 1.0
737 377 1.0
737 820 1.0
738 184 1.0
738 203 1.0
738 251 1.0
738 294 1.0
738 561 1.0
738 805 1.0
739 106 1.0
739 247 1.0
739 383 1.0
739 515 1.0
739 529 1.0
739 619 1.0
739 674 1.0
739 684 1.0
739 824 1.0
740 50 1.0
740 175 1.0
740 394 1.0
740 710 1.0
740 857 1.0
741 87 1.0
741 188 1.0
741 206 1.0
741 763 1.0
741 785 1.0
741 919 1.0
742 244 1.0
742 325 1.0
742 334 1.0
742 659 1.0
742 696 1.0
742 815 1.0
742 870 1.0
743 34 1.0
743 350 1.0
743 689 1.0
743 868 1.0
744 252 1.0
744 288 1.0
744 409 1.0
744 715 1.0
745 74 1.0
745 109 1.0
745 257 1.0
745 484 1.0
745 515 1.0
745 626 1.0
745 756 1.0
746 15 1.0
746 130 1.0
746 138 1.0
746 394 1.0
746 441 1.0
746 508 1.0
746 542 1.0
746 687 1.0
746 719 1.0
746 736 1.0
746 920 1.0
746 932 1.0
747 66 1.0
747 151 1.0
747 209 1.0
747 354 1.0
747 618 1.0
747 669 1.0
747 856 1.0
748 187 1.0
748 254 1.0
748 414 1.0
748 538 1.0
748 569 1.0
748 942 1.0
749 100 1.0
749 186 1.0
749 224 1.0
749 413 1.0
749 748 1.0
750 30 1.0
750 308 1.0
750 396 1.0
750 427 1.0
750 752 1.0
751 19 1.0
751 146 1.0
751 340 1.0
751 900 1.0
751 944 1.0
751 949 1.0
752 153 1.0
752 243 1.0
752 493 1.0
752 495 1.0
752 729 1.0
752 753 1.0
752 912 1.0
753 98 1.0
753 250 1.0
753 367 1.0
753 413 1.0
753 479 1.0
753 483 1.0
753 504 1.0
753 557 1.0
753 863 1.0
753 869 1.0
754 56 1.0
754 251 1.0
754 269 1.0
754 339 1.0
754 362 1.0
754 623 1.0
754 636 1.0
754 696 1.0
754 767 1.0
755 255 1.0
755 284 1.0
755 292 1.0
755 310 1.0
755 328 1.0
755 334 1.0
755 731 1.0
755 959 1.0
756 55 1.0
756 92 1.0
756 253 1.0
756 293 1.0
756 539 1.0
756 713 1.0
756 900 1.0
756 957 1.0
757 428 1.0
757 453 1.0
757 557 1.0
757 743 1.0
757 768 1.0
757 777 1.0
757 912 1.0
758 90 1.0
758 135 1.0
758 260 1.0
758 829 1.0
759 63 1.0
759 71 1.0
759 146 1.0
759 739 1.0
760 91 1.0
760 170 1.0
760 172 1.0
760 293 1.0
760 481 1.0
761 109 1.0
761 124 1.0
761 201 1.0
761 276 1.0
761 432 1.0
761 864 1.0
762 189 1.0
762 236 1.0
762 567 1.0
762 583 1.0
762 601 1.0
762 797 1.0
762 800 1.0
762 803 1.0
762 885 1.0
763 182 1.0
763 240 1.0
763 246 1.0
763 413 1.0
763 489 1.0
763 653 1.0
763 807 1.0
764 221 1.0
764 253 1.0
764 545 1.0
764 688 1.0
764 693 1.0
765 53 1.0
765 256 1.0
765 341 1.0
765 353 1.0
765 491 1.0
765 725 1.0
765 744 1.0
765 774 1.0
765 799 1.0
766 177 1.0
766 256 1.0
766 317 1.0
766 510 1.0
766 651 1.0
766 890 1.0
767 5 1.0
767 75 1.0
767 187 1.0
767 269 1.0
767 331 1.0
767 358 1.0
767 374 1.0
767 663 1.0
767 692 1.0
767 848 1.0
768 62 1.0
768 400 1.0
768 407 1.0
768 436 1.0
768 540 1.0
768 543 1.0
768 851 1.0
768 939 1.0
768 952 1.0
769 329 1.0
769 509 1.0
769 548 1.0
769 562 1.0
769 730 1.0
769 831 1.0
769 890 1.0
770 178 1.0
770 362 1.0
770 456 1.0
770 465 1.0
770 494 1.0
770 877 1.0
771 242 1.0
771 368 1.0
771 605 1.0
771 721 1.0
771 838 1.0
772 7 1.0
772 83 1.0
772 300 1.0
772 327 1.0
772 331 1.0
772 360 1.0
772 723 1.0
772 732 1.0
772 773 1.0
773 187 1.0
773 266 1.0
773 385 1.0
773 438 1.0
773 540 1.0
773 545 1.0
773 653 1.0
773 659 1.0
773 847 1.0
773 902 1.0
774 26 1.0
774 105 1.0
774 218 1.0
774 247 1.0
774 604 1.0
774 615 1.0
774 682 1.0
774 747 1.0
774 823 1.0
775 131 1.0
775 135 1.0
775 190 1.0
775 227 1.0
775 419 1.0
775 914 1.0
776 352 1.0
776 452 1.0
776 536 1.0
776 624 1.0
777 35 1.0
777 363 1.0
777 495 1.0
778 105 1.0
778 420 1.0
778 590 1.0
778 764 1.0
778 864 1.0
779 175 1.0
779 182 1.0
779 192 1.0
779 327 1.0
779 898 1.0
780 113 1.0
780 654 1.0
780 743 1.0
780 868 1.0
780 942 1.0
781 140 1.0
781 527 1.0
781 541 1.0
781 828 1.0
781 859 1.0
781 925 1.0
782 56 1.0
782 265 1.0
782 320 1.0
782 338 1.0
782 425 1.0
782 465 1.0
782 571 1.0
783 73 1.0
783 225 1.0
783 248 1.0
783 414 1.0
783 458 1.0
783 521 1.0
783 962 1.0
784 60 1.0
784 122 1.0
784 137 1.0
784 235 1.0
784 288 1.0
784 478 1.0
784 497 1.0
785 96 1.0
785 176 1.0
785 292 1.0
785 550 1.0
785 659 1.0
785 684 1.0
785 727 1.0
785 758 1.0
786 89 1.0
786 329 1.0
786 349 1.0
786 504 1.0
786 811 1.0
786 818 1.0
786 935 1.0
787 19 1.0
787 441 1.0
787 447 1.0
788 415 1.0
788 505 1.0
788 518 1.0
788 522 1.0
788 542 1.0
788 578 1.0
788 592 1.0
789 122 1.0
789 254 1.0
789 303 1.0
789 310 1.0
789 326 1.0
789 357 1.0
789 527 1.0
789 646 1.0
790 88 1.0
790 263 1.0
790 429 1.0
790 671 1.0
790 764 1.0
790 899 1.0
791 58 1.0
791 76 1.0
791 156 1.0
791 244 1.0
791 269 1.0
791 353 1.0
791 649 1.0
791 719 1.0
791 858 1.0
791 936 1.0
792 269 1.0
792 405 1.0
792 637 1.0
792 766 1.0
792 841 1.0
792 870 1.0
792 923 1.0
793 257 1.0
793 597 1.0
793 803 1.0
794 30 1.0
794 60 1.0
794 241 1.0
794 360 1.0
794 468 1.0
794 604 1.0
794 610 1.0
794 650 1.0
794 675 1.0
794 695 1.0
794 724 1.0
795 32 1.0
795 105 1.0
795 326 1.0
795 341 1.0
795 536 1.0
795 571 1.0
795 736 1.0
795 760 1.0
796 128 1.0
796 178 1.0
796 484 1.0
796 649 1.0
796 758 1.0
796 779 1.0
797 10 1.0
797 155 1.0
797 198 1.0
797 290 1.0
797 363 1.0
797 784 1.0
797 833 1.0
797 843 1.0
798 1 1.0
798 16 1.0
798 48 1.0
798 215 1.0
798 309 1.0
798 412 1.0
798 481 1.0
798 572 1.0
798 820 1.0
798 869 1.0
798 915 1.0
799 17 1.0
799 27 1.0
799 99 1.0
799 255 1.0
799 280 1.0
799 436 1.0
799 453 1.0
799 648 1.0
799 672 1.0
799 691 1.0
799 702 1.0
799 757 1.0
800 160 1.0
800 472 1.0
800 487 1.0
800 589 1.0
800 617 1.0
800 709 1.0
800 720 1.0
800 732 1.0
800 736 1.0
800 880 1.0
801 243 1.0
801 376 1.0
801 427 1.0
801 552 1.0
801 636 1.0
801 666 1.0
801 706 1.0
801 885 1.0
802 140 1.0
802 221 1.0
802 224 1.0
802 406 1.0
802 411 1.0
802 538 1.0
802 572 1.0
802 683 1.0
802 894 1.0
803 60 1.0
803 66 1.0
803 154 1.0
803 285 1.0
803 385 1.0
803 867 1.0
804 23 1.0
804 97 1.0
804 378 1.0
804 619 1.0
805 149 1.0
805 196 1.0
805 200 1.0
805 206 1.0
805 457 1.0
805 706 1.0
805 728 1.0
805 873 1.0
805 896 1.0
806 36 1.0
806 141 1.0
806 321 1.0
806 340 1.0
806 518 1.0
806 534 1.0
806 545 1.0
806 714 1.0
806 762 1.0
806 784 1.0
807 2 1.0
807 62 1.0
807 174 1.0
807 259 1.0
807 271 1.0
807 357 1.0
807 394 1.0
807 485 1.0
807 809 1.0
808 201 1.0
808 338 1.0
808 495 1.0
808 548 1.0
808 575 1.0
808 933 1.0
809 210 1.0
809 271 1.0
809 294 1.0
809 338 1.0
809 495 1.0
809 499 1.0
809 515 1.0
809 630 1.0
809 652 1.0
809 658 1.0
809 761 1.0
810 6 1.0
810 205 1.0
810 597 1.0
810 639 1.0
810 649 1.0
810 959 1.0
811 36 1.0
811 354 1.0
811 374 1.0
811 541 1.0
811 608 1.0
811 639 1.0
811 805 1.0
812 58 1.0
812 128 1.0
812 147 1.0
812 399 1.0
812 427 1.0
812 689 1.0
812 698 1.0
812 789 1.0
813 118 1.0
813 218 1.0
813 453 1.0
813 497 1.0
813 691 1.0
813 740 1.0
814 258 1.0
814 271 1.0
814 452 1.0
814 580 1.0
814 607 1.0
814 723 1.0
814 785 1.0
814 871 1.0
814 896 1.0
815 143 1.0
815 419 1.0
815 616 1.0
815 914 1.0
816 35 1.0
816 244 1.0
816 650 1.0
816 730 1.0
817 117 1.0
817 228 1.0
817 425 1.0
817 801 1.0
818 27 1.0
818 272 1.0
818 318 1.0
818 338 1.0
818 620 1.0
819 49 1.0
819 574 1.0
819 589 1.0
819 691 1.0
819 904 1.0
820 13 1.0
820 50 1.0
820 176 1.0
820 222 1.0
820 282 1.0
820 406 1.0
820 523 1.0
820 527 1.0
820 603 1.0
820 617 1.0
821 109 1.0
821 289 1.0
821 355 1.0
821 519 1.0
821 746 1.0
821 797 1.0
821 835 1.0
821 837 1.0
821 888 1.0
822 323 1.0
823 10 1.0
823 353 1.0
823 369 1.0
823 429 1.0
823 587 1.0
823 594 1.0
823 649 1.0
823 671 1.0
823 859 1.0
823 884 1.0
824 5 1.0
824 55 1.0
824 164 1.0
824 193 1.0
824 347 1.0
824 417 1.0
824 607 1.0
824 775 1.0
824 881 1.0
825 27 1.0
825 85 1.0
825 160 1.0
825 210 1.0
825 279 1.0
825 415 1.0
825 421 1.0
825 438 1.0
825 710 1.0
826 45 1.0
826 550 1.0
826 610 1.0
826 640 1.0
826 799 1.0
826 870 1.0
827 130 1.0
827 219 1.0
827 428 1.0
827 681 1.0
827 855 1.0
827 858 1.0
827 922 1.0
828 32 1.0
828 357 1.0
828 504 1.0
828 518 1.0
828 663 1.0
828 678 1.0
828 746 1.0
828 820 1.0
828 863 1.0
829 53 1.0
829 233 1.0
829 396 1.0
829 636 1.0
830 20 1.0
830 156 1.0
830 159 1.0
830 209 1.0
830 385 1.0
830 511 1.0
830 731 1.0
831 242 1.0
831 356 1.0
831 559 1.0
831 669 1.0
831 862 1.0
831 871 1.0
831 905 1.0
832 8 1.0
832 65 1.0
832 68 1.0
832 339 1.0
832 394 1.0
832 467 1.0
832 640 1.0
832 678 1.0
832 729 1.0
832 763 1.0
832 940 1.0
833 63 1.0
833 90 1.0
833 91 1.0
833 257 1.0
833 271 1.0
833 736 1.0
833 808 1.0
834 7 1.0
834 183 1.0
834 200 1.0
834 204 1.0
834 269 1.0
834 453 1.0
834 509 1.0
834 563 1.0
834 717 1.0
835 104 1.0
835 300 1.0
835 337 1.0
835 649 1.0
835 838 1.0
835 856 1.0
835 944 1.0
836 72 1.0
836 108 1.0
836 115 1.0
836 261 1.0
836 407 1.0
836 484 1.0
836 576 1.0
836 875 1.0
836 889 1.0
837 86 1.0
837 422 1.0
837 576 1.0
837 683 1.0
837 704 1.0
838 189 1.0
838 225 1.0
838 414 1.0
838 575 1.0
838 614 1.0
839 244 1.0
839 268 1.0
839 288 1.0
839 420 1.0
839 482 1.0
839 490 1.0
839 718 1.0
839 742 1.0
839 818 1.0
839 873 1.0
840 71 1.0
840 91 1.0
840 161 1.0
840 200 1.0
840 294 1.0
840 641 1.0
840 709 1.0
841 213 1.0
841 258 1.0
841 308 1.0
841 553 1.0
841 571 1.0
841 623 1.0
841 685 1.0
841 723 1.0
841 757 1.0
841 866 1.0
842 41 1.0
842 336 1.0
842 709 1.0
842 776 1.0
842 810 1.0
842 849 1.0
842 857 1.0
843 35 1.0
843 97 1.0
843 229 1.0
843 333 1.0
843 485 1.0
843 674 1.0
843 702 1.0
843 870 1.0
844 187 1.0
844 191 1.0
844 249 1.0
844 462 1.0
844 520 1.0
844 861 1.0
844 952 1.0
845 163 1.0
845 185 1.0
845 193 1.0
845 304 1.0
845 367 1.0
845 835 1.0
846 10 1.0
846 96 1.0
846 266 1.0
846 472 1.0
846 816 1.0
847 78 1.0
847 150 1.0
847 271 1.0
847 294 1.0
847 625 1.0
847 629 1.0
847 716 1.0
847 837 1.0
848 189 1.0
848 223 1.0
848 248 1.0
848 299 1.0
848 361 1.0
848 372 1.0
848 876 1.0
849 37 1.0
849 138 1.0
849 268 1.0
849 441 1.0
849 636 1.0
849 916 1.0
850 195 1.0
850 274 1.0
850 324 1.0
850 771 1.0
851 53 1.0
851 66 1.0
851 184 1.0
851 190 1.0
851 349 1.0
851 785 1.0
851 801 1.0
851 846 1.0
851 860 1.0
852 33 1.0
852 130 1.0
852 286 1.0
852 302 1.0
852 460 1.0
852 470 1.0
852 620 1.0
852 772 1.0
853 73 1.0
853 299 1.0
853 316 1.0
853 367 1.0
853 631 1.0
853 771 1.0
853 864 1.0
853 942 1.0
854 163 1.0
854 429 1.0
854 597 1.0
854 842 1.0
855 130 1.0
855 169 1.0
855 233 1.0
855 341 1.0
855 575 1.0
855 623 1.0
856 176 1.0
856 305 1.0
856 508 1.0
856 754 1.0
856 810 1.0
856 859 1.0
856 902 1.0
857 30 1.0
857 483 1.0
857 587 1.0
857 604 1.0
857 688 1.0
857 874 1.0
857 899 1.0
857 943 1.0
858 183 1.0
858 185 1.0
858 343 1.0
858 394 1.0
858 403 1.0
858 553 1.0
858 756 1.0
859 25 1.0
859 157 1.0
859 255 1.0
859 334 1.0
859 491 1.0
859 510 1.0
859 582 1.0
859 677 1.0
860 207 1.0
860 345 1.0
860 375 1.0
860 410 1.0
860 462 1.0
860 769 1.0
860 791 1.0
860 940 1.0
861 84 1.0
861 198 1.0
861 217 1.0
861 419 1.0
861 589 1.0
861 676 1.0
861 703 1.0
861 843 1.0
862 157 1.0
862 194 1.0
862 340 1.0
862 671 1.0
863 182 1.0
863 397 1.0
863 545 1.0
863 618 1.0
863 624 1.0
863 642 1.0
863 705 1.0
863 811 1.0
863 880 1.0
864 114 1.0
864 147 1.0
864 257 1.0
864 292 1.0
864 407 1.0
864 440 1.0
864 609 1.0
864 685 1.0
864 755 1.0
864 762 1.0
864 835 1.0
864 885 1.0
865 256 1.0
865 384 1.0
865 391 1.0
865 780 1.0
865 932 1.0
866 110 1.0
866 148 1.0
866 294 1.0
866 636 1.0
867 151 1.0
867 368 1.0
867 517 1.0
867 552 1.0
867 580 1.0
867 788 1.0
867 938 1.0
868 67 1.0
868 679 1.0
868 823 1.0
869 140 1.0
869 293 1.0
869 523 1.0
869 785 1.0
869 861 1.0
869 960 1.0
870 101 1.0
870 149 1.0
870 323 1.0
870 530 1.0
870 557 1.0
870 602 1.0
870 826 1.0
870 880 1.0
871 163 1.0
871 217 1.0
871 283 1.0
871 335 1.0
871 360 1.0
871 462 1.0
871 533 1.0
871 702 1.0
871 723 1.0
871 851 1.0
871 932 1.0
872 397 1.0
872 711 1.0
873 199 1.0
873 312 1.0
873 868 1.0
874 525 1.0
874 526 1.0
874 547 1.0
874 794 1.0
874 811 1.0
874 834 1.0
875 155 1.0
875 196 1.0
875 233 1.0
875 405 1.0
875 473 1.0
875 604 1.0
876 65 1.0
876 123 1.0
876 209 1.0
876 389 1.0
876 453 1.0
876 479 1.0
877 168 1.0
877 740 1.0
877 759 1.0
877 816 1.0
877 841 1.0
877 876 1.0
878 9 1.0
878 45 1.0
878 256 1.0
878 529 1.0
878 531 1.0
878 738 1.0
878 846 1.0
879 83 1.0
879 210 1.0
879 274 1.0
879 384 1.0
879 400 1.0
879 481 1.0
879 725 1.0
879 849 1.0
879 906 1.0
879 915 1.0
880 195 1.0
880 202 1.0
880 385 1.0
880 800 1.0
880 863 1.0
880 870 1.0
880 931 1.0
881 368 1.0
881 536 1.0
881 824 1.0
881 906 1.0
882 166 1.0
882 530 1.0
882 560 1.0
882 961 1.0
883 116 1.0
883 317 1.0
883 401 1.0
883 889 1.0
883 924 1.0
884 51 1.0
884 160 1.0
884 177 1.0
884 217 1.0
884 357 1.0
884 690 1.0
884 697 1.0
884 700 1.0
884 823 1.0
884 884 1.0
884 888 1.0
885 65 1.0
885 193 1.0
885 272 1.0
885 728 1.0
885 762 1.0
885 801 1.0
885 864 1.0
885 885 1.0
886 304 1.0
886 323 1.0
886 418 1.0
886 451 1.0
886 706 1.0
886 709 1.0
887 72 1.0
887 716 1.0
887 888 1.0
888 73 1.0
888 268 1.0
888 450 1.0
888 564 1.0
888 664 1.0
888 821 1.0
888 884 1.0
888 887 1.0
888 906 1.0
889 536 1.0
889 836 1.0
889 883 1.0
890 192 1.0
890 339 1.0
890 449 1.0
890 552 1.0
890 669 1.0
890 766 1.0
890 769 1.0
891 300 1.0
891 404 1.0
891 513 1.0
891 644 1.0
891 684 1.0
891 717 1.0
891 898 1.0
892 167 1.0
892 262 1.0
892 374 1.0
892 422 1.0
892 529 1.0
893 214 1.0
893 695 1.0
893 732 1.0
894 27 1.0
894 149 1.0
894 151 1.0
894 322 1.0
894 325 1.0
894 327 1.0
894 802 1.0
894 923 1.0
895 21 1.0
895 217 1.0
895 277 1.0
896 13 1.0
896 58 1.0
896 88 1.0
896 130 1.0
896 269 1.0
896 518 1.0
896 555 1.0
896 724 1.0
896 805 1.0
896 814 1.0
896 930 1.0
897 166 1.0
897 397 1.0
897 463 1.0
897 644 1.0
897 662 1.0
897 688 1.0
897 921 1.0
898 20 1.0
898 308 1.0
898 729 1.0
898 779 1.0
898 891 1.0
899 368 1.0
899 705 1.0
899 718 1.0
899 790 1.0
899 857 1.0
900 82 1.0
900 389 1.0
900 540 1.0
900 751 1.0
900 756 1.0
901 34 1.0
901 143 1.0
901 205 1.0
901 638 1.0
901 655 1.0
902 186 1.0
902 241 1.0
902 267 1.0
902 773 1.0
902 856 1.0
902 927 1.0
903 272 1.0
903 293 1.0
903 316 1.0
903 398 1.0
903 954 1.0
904 2 1.0
904 345 1.0
904 819 1.0
904 940 1.0
904 951 1.0
905 208 1.0
905 433 1.0
905 684 1.0
905 732 1.0
905 831 1.0
906 91 1.0
906 286 1.0
906 558 1.0
906 678 1.0
906 879 1.0
906 881 1.0
906 888 1.0
907 100 1.0
907 535 1.0
907 948 1.0
908 4 1.0
908 264 1.0
908 291 1.0
908 502 1.0
909 413 1.0
909 514 1.0
909 516 1.0
909 544 1.0
910 240 1.0
910 475 1.0
910 498 1.0
910 703 1.0
910 937 1.0
911 46 1.0
911 325 1.0
911 519 1.0
911 610 1.0
912 271 1.0
912 513 1.0
912 547 1.0
912 560 1.0
912 752 1.0
912 757 1.0
912 917 1.0
913 6 1.0
913 17 1.0
913 228 1.0
913 554 1.0
913 686 1.0
914 59 1.0
914 139 1.0
914 165 1.0
914 775 1.0
914 815 1.0
915 155 1.0
915 369 1.0
915 528 1.0
915 798 1.0
915 879 1.0
916 67 1.0
916 69 1.0
916 101 1.0
916 104 1.0
916 384 1.0
916 429 1.0
916 849 1.0
916 927 1.0
917 45 1.0
917 257 1.0
917 328 1.0
917 912 1.0
918 167 1.0
918 461 1.0
918 539 1.0
919 174 1.0
919 248 1.0
919 450 1.0
919 510 1.0
919 741 1.0
920 3 1.0
920 129 1.0
920 130 1.0
920 358 1.0
920 529 1.0
920 657 1.0
920 746 1.0
920 953 1.0
921 115 1.0
921 166 1.0
921 632 1.0
921 897 1.0
922 270 1.0
922 827 1.0
922 947 1.0
923 172 1.0
923 446 1.0
923 602 1.0
923 792 1.0
923 894 1.0
924 26 1.0
924 300 1.0
924 394 1.0
924 458 1.0
924 596 1.0
924 883 1.0
925 181 1.0
925 374 1.0
925 606 1.0
925 781 1.0
926 187 1.0
926 561 1.0
926 632 1.0
927 293 1.0
927 400 1.0
927 902 1.0
927 916 1.0
928 1 1.0
928 18 1.0
928 282 1.0
928 321 1.0
928 466 1.0
928 488 1.0
928 930 1.0
928 950 1.0
929 66 1.0
929 123 1.0
929 139 1.0
929 711 1.0
930 373 1.0
930 690 1.0
930 706 1.0
930 896 1.0
930 928 1.0
931 146 1.0
931 209 1.0
931 880 1.0
932 0 1.0
932 7 1.0
932 228 1.0
932 353 1.0
932 532 1.0
932 746 1.0
932 865 1.0
932 871 1.0
932 948 1.0
933 62 1.0
933 204 1.0
933 268 1.0
933 335 1.0
933 521 1.0
933 600 1.0
933 808 1.0
933 951 1.0
934 160 1.0
934 219 1.0
934 279 1.0
934 464 1.0
934 476 1.0
934 529 1.0
934 585 1.0
935 125 1.0
935 584 1.0
935 786 1.0
936 21 1.0
936 270 1.0
936 326 1.0
936 418 1.0
936 470 1.0
936 674 1.0
936 791 1.0
937 172 1.0
937 273 1.0
937 335 1.0
937 910 1.0
938 33 1.0
938 208 1.0
938 420 1.0
938 867 1.0
939 69 1.0
939 75 1.0
939 768 1.0
940 102 1.0
940 156 1.0
940 273 1.0
940 418 1.0
940 589 1.0
940 832 1.0
940 860 1.0
940 904 1.0
941 28 1.0
941 130 1.0
941 207 1.0
941 222 1.0
941 400 1.0
942 198 1.0
942 208 1.0
942 367 1.0
942 433 1.0
942 748 1.0
942 780 1.0
942 853 1.0
943 217 1.0
943 247 1.0
943 857 1.0
944 411 1.0
944 534 1.0
944 650 1.0
944 751 1.0
944 835 1.0
945 104 1.0
945 303 1.0
945 426 1.0
945 529 1.0
945 584 1.0
945 953 1.0
946 44 1.0
946 214 1.0
946 504 1.0
946 708 1.0
947 140 1.0
947 429 1.0
947 478 1.0
947 922 1.0
947 962 1.0
948 408 1.0
948 410 1.0
948 570 1.0
948 907 1.0
948 932 1.0
949 254 1.0
949 296 1.0
949 751 1.0
950 208 1.0
950 410 1.0
950 435 1.0
950 506 1.0
950 630 1.0
950 688 1.0
950 928 1.0
951 100 1.0
951 161 1.0
951 423 1.0
951 436 1.0
951 904 1.0
951 933 1.0
952 158 1.0
952 768 1.0
952 844 1.0
953 357 1.0
953 920 1.0
953 945 1.0
954 43 1.0
954 622 1.0
954 903 1.0
955 243 1.0
955 433 1.0
955 524 1.0
956 45 1.0
956 293 1.0
956 309 1.0
957 119 1.0
957 328 1.0
957 581 1.0
957 582 1.0
957 756 1.0
958 33 1.0
958 368 1.0
958 637 1.0
959 348 1.0
959 755 1.0
959 810 1.0
960 63 1.0
960 416 1.0
960 869 1.0
961 310 1.0
961 358 1.0
961 882 1.0
962 689 1.0
962 783 1.0
962 947 1.0
