1 142
1 418
1 79
1 176
1 375
1 461
1 368
1 358
1 478
1 469
2 533
2 314
2 361
2 242
2 631
2 546
2 694
2 878
3 632
3 422
3 800
3 812
3 466
3 29
3 49
3 137
3 204
3 999
3 669
3 419
5 761
5 534
5 685
5 782
5 466
5 911
5 745
5 365
5 264
6 817
6 230
6 758
6 305
6 503
6 442
6 490
6 168
6 999
6 215
7 997
7 661
7 106
7 220
7 96
7 37
7 644
7 737
7 977
7 655
8 748
8 264
8 770
8 524
8 716
9 866
9 299
9 488
9 339
9 431
9 728
9 233
9 631
9 885
9 640
9 927
9 204
9 311
10 616
10 699
10 746
10 961
10 460
10 989
10 921
10 855
10 817
10 159
10 452
11 198
11 18
11 358
11 715
11 167
11 14
11 916
11 642
12 71
12 404
12 247
12 101
12 473
12 442
12 805
12 97
12 340
12 890
13 526
13 606
13 372
13 301
13 844
13 44
13 871
13 322
13 791
14 919
14 593
14 823
14 222
14 494
14 945
15 685
15 340
15 417
15 675
15 910
15 775
16 769
16 271
16 76
16 719
18 407
18 437
18 586
18 699
18 795
18 907
18 78
18 686
19 94
19 643
19 737
19 488
19 956
19 525
20 366
20 398
20 987
20 644
20 363
20 834
20 311
21 335
21 292
21 971
22 540
22 921
22 518
22 292
22 837
22 214
24 470
24 670
24 823
24 357
24 451
24 119
24 974
24 782
24 286
24 920
25 943
25 61
25 410
25 748
25 845
25 234
26 586
26 261
26 952
26 639
26 278
26 957
26 562
26 212
26 400
26 626
26 632
27 598
27 548
27 801
27 298
27 436
27 881
27 932
27 794
27 843
27 37
27 576
27 110
28 414
28 648
28 117
28 911
28 863
28 352
28 909
28 159
29 953
29 465
29 564
29 755
30 363
30 179
30 723
30 389
30 957
30 257
30 350
30 755
30 87
30 472
31 722
31 963
31 455
31 353
33 215
33 78
33 139
33 275
33 375
33 601
33 464
33 379
33 265
33 263
34 485
34 38
34 46
34 983
34 779
34 734
34 889
34 823
34 210
34 253
34 440
34 269
35 480
35 886
35 730
35 898
36 996
36 98
36 122
36 280
36 949
36 301
36 852
36 896
36 186
36 138
37 521
37 851
37 919
37 47
37 910
37 605
37 287
37 258
37 567
37 446
37 377
37 187
38 72
38 100
38 423
38 367
38 24
38 895
38 592
38 584
39 122
39 871
39 137
39 947
39 733
39 541
41 904
41 485
41 300
41 317
41 275
41 703
41 733
41 799
42 505
42 874
42 336
42 413
42 737
42 89
42 627
42 966
42 886
43 582
43 123
43 692
43 747
43 939
43 373
43 952
43 643
43 896
43 966
43 869
44 646
44 958
44 570
44 675
44 57
44 716
44 441
44 410
44 690
44 980
44 487
45 899
45 616
45 989
45 558
45 775
46 105
46 878
46 49
46 942
46 16
46 683
46 240
46 577
47 627
47 985
47 769
47 158
47 712
47 822
47 238
47 25
47 364
48 599
48 320
48 802
48 156
48 469
48 203
48 377
48 506
49 741
49 416
49 701
49 421
49 382
49 336
49 576
49 113
50 465
50 166
50 895
50 910
50 744
50 624
50 243
51 809
51 198
51 218
51 235
52 873
52 150
52 482
52 692
52 630
52 151
52 59
52 676
53 292
53 682
53 341
53 160
53 156
54 701
54 881
54 626
54 608
54 336
54 731
54 376
54 259
54 995
54 999
54 361
55 26
55 944
55 677
55 87
55 740
55 974
55 441
56 143
56 22
56 606
56 442
56 321
56 81
56 764
57 704
57 953
57 549
57 669
57 236
58 206
58 168
58 715
58 706
58 942
58 619
58 686
58 129
59 529
59 596
59 935
59 461
59 370
59 395
60 755
60 236
60 181
60 351
60 123
60 869
60 748
61 684
61 289
61 797
61 827
61 458
61 240
62 152
62 608
62 773
62 434
62 665
62 6
62 421
62 164
62 672
62 37
63 481
63 804
63 958
63 887
63 402
64 130
64 284
64 756
64 275
64 233
64 805
64 911
64 46
64 701
64 728
65 726
65 597
65 547
65 286
65 752
65 459
65 596
65 55
65 879
65 84
65 106
65 437
65 961
65 649
65 762
65 76
66 119
66 477
66 181
66 351
66 50
66 378
66 593
66 587
66 846
66 807
66 765
66 832
67 204
67 845
67 640
67 268
67 955
67 757
67 764
67 688
67 589
68 617
68 351
68 718
69 203
69 527
70 207
70 230
70 912
70 968
70 88
70 474
70 329
70 265
70 646
71 783
71 567
71 175
71 853
71 746
71 327
71 989
72 8
72 654
72 77
72 774
73 495
73 826
73 478
73 498
73 190
74 539
74 845
74 361
74 491
74 118
74 987
75 304
75 249
75 235
75 327
75 834
75 835
75 658
75 246
76 471
76 818
76 456
76 942
76 266
76 345
76 958
77 741
77 575
77 468
77 480
77 640
77 508
77 416
77 522
77 473
77 208
77 331
78 9
78 745
78 19
78 49
78 195
78 437
78 749
78 311
79 570
79 184
79 295
79 842
79 320
79 393
79 200
79 866
79 867
80 863
80 187
80 716
80 257
80 727
80 841
81 9
81 391
81 926
81 722
81 912
81 319
81 867
81 504
81 153
82 473
82 624
82 188
82 2
83 832
83 329
83 488
83 339
83 554
83 345
84 318
84 12
84 864
84 996
84 658
84 110
85 331
85 828
85 684
85 91
85 252
85 420
85 440
85 33
86 466
86 2
86 893
86 120
86 352
87 285
87 912
87 753
87 652
87 864
87 224
87 997
87 478
87 732
87 589
88 120
88 399
88 9
88 451
88 20
88 1
88 37
88 217
89 719
89 177
89 465
89 721
89 870
89 186
89 264
89 344
89 450
89 13
89 304
89 887
89 337
90 170
90 410
90 139
90 907
90 591
90 398
90 541
90 993
91 998
91 340
91 568
91 699
91 447
91 411
91 503
91 399
91 627
92 421
92 70
92 287
92 3
92 758
92 215
92 460
92 174
92 530
93 272
93 972
93 200
93 827
93 732
93 522
94 503
94 528
94 894
94 469
94 849
94 591
95 98
95 641
95 247
95 48
95 596
95 19
96 770
96 584
96 686
96 678
96 886
96 428
96 25
96 198
96 125
96 939
96 29
97 538
97 136
97 592
97 128
97 652
97 244
97 612
97 574
98 333
98 817
98 941
98 398
98 312
100 288
100 571
100 378
100 871
100 475
100 242
100 171
101 498
101 138
101 395
101 467
101 651
101 652
101 612
101 543
102 729
102 238
102 37
102 547
102 286
102 470
102 987
102 355
102 144
102 187
102 705
103 253
103 386
103 797
103 514
103 450
103 996
103 361
104 508
104 767
104 908
104 288
104 680
104 78
105 729
105 491
105 226
105 746
105 186
105 580
105 386
105 181
105 896
105 732
105 700
106 794
106 456
106 68
106 796
106 853
106 503
107 637
107 531
107 499
107 165
107 35
107 564
107 770
107 210
107 183
108 345
108 25
108 987
108 493
108 727
108 452
108 736
108 273
108 141
108 580
109 145
109 320
109 900
109 597
109 942
109 625
110 568
110 243
110 775
110 241
110 625
110 92
110 272
110 346
110 915
111 884
111 27
111 965
111 211
111 81
111 189
111 305
111 691
111 637
111 424
111 999
112 864
112 88
112 639
112 599
113 139
113 505
113 480
114 862
114 816
114 478
114 474
114 477
114 178
114 949
114 626
115 602
115 755
115 25
115 783
115 132
115 617
115 762
116 520
116 137
116 188
116 953
116 972
116 702
116 564
116 604
117 418
117 175
117 573
117 928
117 178
117 351
117 119
117 491
117 235
118 993
118 791
118 75
118 753
118 43
118 809
118 232
118 528
118 744
118 505
118 586
118 42
118 464
119 705
119 841
119 602
119 106
119 684
119 471
120 66
120 628
120 907
120 433
120 769
120 51
120 179
120 500
120 386
120 982
120 137
120 994
120 922
120 268
120 52
121 756
121 135
121 589
121 632
121 586
121 39
121 788
121 267
122 744
122 831
122 702
122 494
122 265
122 653
122 650
122 115
122 3
122 581
122 5
123 340
123 7
123 834
123 796
123 68
123 321
123 81
123 79
123 133
123 824
124 901
124 346
124 91
124 331
124 42
124 20
124 105
124 504
124 890
124 347
124 284
124 560
124 493
124 327
125 969
125 978
125 907
125 404
125 889
125 193
126 411
126 595
126 858
126 161
126 814
126 912
126 334
126 534
126 995
128 114
128 55
128 279
128 643
128 257
128 680
128 749
128 230
129 164
129 383
129 270
129 568
129 599
129 52
129 428
129 450
129 118
129 382
130 642
130 593
130 215
131 797
131 907
131 14
131 918
132 479
132 697
132 171
132 992
132 350
132 146
133 469
133 902
133 431
133 648
133 130
134 88
134 238
134 841
134 437
134 755
134 711
135 313
135 626
135 581
135 472
135 61
135 943
135 869
135 933
135 661
136 877
136 159
136 242
136 866
136 894
136 837
136 196
136 935
137 35
137 956
137 497
137 44
137 2
138 788
138 950
138 630
138 593
138 179
138 191
138 204
138 389
138 726
139 821
139 951
139 676
139 170
139 365
139 648
139 198
139 549
139 666
140 76
140 699
140 304
140 227
140 584
140 422
141 433
141 87
141 809
141 641
141 384
141 297
142 189
142 383
142 674
142 816
142 728
142 13
142 949
142 340
142 79
143 107
143 651
143 879
143 44
143 709
143 10
144 392
144 232
144 417
144 963
144 935
145 275
145 864
145 738
145 192
145 19
146 192
146 849
146 743
146 705
146 314
146 885
146 882
146 133
146 878
146 571
147 810
147 793
147 431
147 428
147 791
147 966
147 213
147 263
147 151
147 880
148 721
148 90
148 487
148 125
148 76
148 641
148 432
148 568
149 846
149 573
149 993
149 672
149 777
149 428
150 587
150 198
150 428
150 731
151 469
151 218
151 81
151 872
151 795
151 138
151 467
152 62
152 251
152 652
152 997
152 930
152 810
152 610
153 854
153 824
153 842
153 523
153 993
153 740
153 376
154 117
154 682
154 770
154 978
154 530
154 988
154 564
154 269
154 557
155 795
155 145
155 444
155 983
155 286
155 693
155 604
156 417
156 663
156 804
156 650
158 605
158 323
158 167
158 816
158 163
158 308
158 114
159 381
159 248
159 758
159 50
159 829
159 775
159 49
159 286
159 506
159 352
160 346
160 674
160 339
160 123
160 867
160 218
161 65
161 706
161 229
161 853
161 644
161 397
161 95
161 227
161 961
162 802
162 353
162 227
162 373
162 739
162 219
162 588
162 540
163 735
163 92
163 501
163 255
163 275
163 646
163 8
163 627
163 989
163 951
164 55
164 56
164 942
164 611
164 291
164 618
164 420
165 676
165 48
165 918
165 331
165 598
165 854
165 431
165 220
165 514
166 952
166 61
166 198
166 652
166 965
166 174
167 968
167 168
167 39
167 398
167 795
167 519
167 711
167 481
167 148
167 464
167 733
168 698
168 10
168 859
168 959
168 652
168 135
168 6
169 711
169 221
169 240
169 7
169 480
169 435
169 25
169 358
169 811
169 954
169 88
170 78
170 772
170 613
170 48
170 947
170 858
170 236
170 12
170 664
170 654
171 502
171 986
171 486
171 445
171 597
171 556
171 175
171 667
171 480
172 486
172 59
172 702
172 209
172 364
172 602
173 366
173 363
173 919
173 745
173 98
173 68
173 525
174 29
174 575
174 323
174 332
174 770
174 396
174 948
174 996
175 905
175 797
175 662
175 62
175 203
175 529
176 901
176 634
176 797
176 866
176 229
176 826
176 163
176 662
177 87
177 73
177 274
177 851
177 128
177 355
177 665
177 930
177 393
177 409
177 799
177 984
178 454
178 486
178 819
178 505
178 871
178 535
178 249
179 554
179 523
179 55
179 295
179 33
179 51
180 812
180 694
180 718
180 144
180 29
180 514
180 60
180 722
180 920
180 966
181 560
181 404
181 719
181 804
181 974
181 837
181 888
182 833
182 26
182 314
182 773
182 987
182 843
182 45
182 531
183 540
183 275
183 290
183 181
183 234
183 41
183 713
184 183
184 489
184 439
184 39
184 231
184 871
184 230
184 237
184 277
184 291
184 142
185 546
185 781
185 542
185 202
185 92
185 30
185 209
185 49
185 670
185 997
185 175
185 330
185 460
185 707
186 237
186 162
186 160
186 321
186 365
186 377
187 349
187 608
187 780
187 803
187 29
187 672
187 506
187 752
187 990
187 1
187 734
188 74
188 656
188 519
188 467
189 838
189 756
189 927
189 679
189 968
190 369
190 117
190 877
190 409
190 773
190 21
191 609
191 607
191 209
191 884
191 274
191 580
191 61
191 297
191 123
191 811
191 72
192 229
192 75
192 171
192 188
192 702
193 272
193 915
193 31
193 855
193 643
193 651
193 554
193 903
195 85
195 609
195 399
195 106
195 333
196 490
196 732
196 317
196 70
196 541
196 240
197 428
197 207
197 809
197 43
197 500
197 204
198 331
198 150
198 130
199 246
199 979
199 110
199 878
199 650
199 526
199 262
199 282
200 656
200 684
200 347
200 864
200 143
200 423
200 474
200 691
200 646
201 674
201 959
201 845
201 248
201 508
201 196
201 159
201 284
201 916
201 300
202 561
202 56
202 238
202 879
202 719
202 164
203 664
203 204
203 635
203 787
203 502
203 763
203 509
203 797
204 867
204 945
204 398
204 624
204 614
204 820
204 869
205 313
205 281
205 284
205 742
205 944
205 672
205 436
205 688
205 285
206 556
206 106
206 365
206 819
206 800
206 207
206 205
206 105
206 143
206 28
206 292
206 423
207 309
207 614
207 63
207 284
207 935
207 874
207 898
207 255
208 581
208 96
208 992
208 274
208 726
209 485
209 709
209 364
210 873
210 727
210 898
211 651
211 846
211 711
211 222
211 264
211 781
211 615
211 974
212 618
212 812
212 617
212 233
212 688
212 599
213 787
213 957
213 862
213 777
214 621
214 898
214 873
214 617
214 185
214 249
215 123
215 909
215 549
215 114
215 148
215 614
216 330
216 982
216 822
216 493
216 481
216 571
216 667
216 374
216 914
217 442
217 813
217 410
217 225
218 594
218 90
218 477
218 738
218 121
219 986
219 827
219 52
219 949
219 762
219 627
219 664
219 903
219 555
220 703
220 724
220 8
220 218
221 192
221 141
221 579
221 677
221 67
221 764
221 450
221 608
221 492
221 361
222 325
222 661
222 262
222 50
222 891
222 71
222 665
222 702
222 55
223 630
223 257
223 620
223 578
223 445
223 450
224 869
224 800
224 477
224 589
224 843
224 986
224 433
224 294
225 272
225 88
225 726
225 813
226 478
226 271
226 6
226 274
226 708
226 743
226 230
226 926
226 94
226 742
227 254
227 522
227 210
227 519
227 899
227 514
227 134
228 555
228 286
228 697
228 512
228 218
228 531
229 243
229 318
229 395
229 400
229 872
229 578
229 831
229 431
229 988
229 240
230 405
230 252
230 927
230 125
230 944
230 584
230 84
230 763
230 200
230 393
230 727
230 909
230 487
230 149
230 226
230 168
231 659
231 588
231 577
231 525
231 284
231 381
231 823
231 25
231 867
231 671
231 31
231 94
231 35
232 207
232 92
232 245
232 877
232 130
233 721
233 379
234 19
234 57
234 5
234 49
234 327
234 96
235 199
235 543
235 184
235 583
235 665
235 52
236 694
236 616
236 64
236 576
236 920
236 656
237 649
237 924
237 182
238 512
238 388
238 627
238 200
238 277
238 646
238 319
239 414
239 557
239 114
240 97
240 64
240 798
241 734
241 497
241 196
241 917
241 725
241 745
241 487
242 494
242 964
242 560
242 639
243 465
243 893
244 895
244 833
244 434
244 404
244 279
245 669
245 843
245 757
245 974
245 920
245 62
245 643
246 963
246 167
246 128
246 919
246 100
247 375
247 643
247 131
247 144
247 31
247 321
247 602
247 876
248 54
248 53
248 503
248 681
248 775
248 376
248 458
248 705
248 446
248 327
248 396
248 202
248 985
248 932
248 637
249 408
249 944
249 121
249 387
249 997
249 740
249 852
249 271
250 777
250 920
250 499
250 229
251 949
251 785
251 339
251 299
251 230
252 228
252 489
252 687
252 908
252 705
252 290
252 659
252 329
252 81
252 300
253 97
253 422
253 466
253 658
253 833
253 769
253 602
254 656
254 746
254 261
254 264
254 7
254 212
254 963
254 733
254 612
254 944
254 553
254 512
255 90
255 823
255 48
255 916
255 881
255 795
256 61
256 801
256 123
256 809
257 67
257 397
257 878
258 269
258 133
258 367
258 624
258 733
258 974
259 993
259 95
259 914
259 774
259 573
259 53
259 363
259 577
259 674
259 468
260 711
260 247
260 712
260 759
260 979
260 549
260 56
261 537
261 265
261 88
262 623
262 114
262 126
262 984
262 854
262 273
262 351
262 972
262 687
263 409
263 776
263 35
263 70
264 630
264 973
264 683
264 19
264 990
264 929
264 954
264 839
265 334
265 228
265 471
265 403
265 994
265 719
266 485
266 595
266 548
266 118
266 982
266 287
266 187
266 155
266 206
266 978
267 375
267 535
267 584
267 518
267 318
267 676
267 716
268 258
268 916
268 20
268 610
268 882
269 800
269 246
269 304
269 26
269 344
270 340
270 793
270 195
270 443
270 223
270 345
270 848
270 363
271 981
271 522
271 502
271 435
271 72
271 596
272 523
272 422
272 382
273 128
273 121
273 802
273 759
273 981
273 305
273 147
273 357
273 266
273 72
273 502
273 973
273 576
273 818
273 987
273 484
274 270
274 589
274 919
274 539
274 545
274 759
274 787
274 833
274 95
274 679
274 725
274 356
274 400
275 308
275 68
275 628
275 26
275 966
276 653
276 553
276 817
276 135
276 117
276 169
276 846
276 922
277 504
277 299
277 453
277 772
277 948
277 309
277 120
277 444
278 247
278 279
278 608
278 723
278 292
278 261
278 172
278 227
278 267
278 663
278 564
279 330
279 137
279 955
279 950
279 461
279 820
279 737
280 389
280 352
280 77
280 335
280 804
280 76
280 446
281 179
281 598
281 697
281 148
281 742
281 862
281 60
281 588
281 506
281 67
281 70
281 929
281 493
281 573
281 248
282 164
282 393
282 404
282 697
282 981
283 606
283 262
283 307
283 95
283 90
283 345
283 558
284 298
284 630
284 561
284 634
284 997
285 386
285 782
285 793
285 957
285 120
286 359
286 312
286 639
286 948
286 727
286 460
287 377
287 619
287 213
287 113
287 876
287 388
288 460
288 236
288 909
288 435
288 439
288 475
289 393
289 936
289 81
289 391
289 784
289 645
289 291
289 926
290 406
290 619
290 955
290 900
291 796
291 804
291 475
291 881
291 833
291 373
291 409
291 402
291 447
292 676
292 443
292 285
292 548
292 33
292 642
293 130
293 655
293 471
293 887
294 966
294 931
294 146
294 460
294 210
294 19
294 808
294 992
294 480
294 516
294 659
294 926
295 232
295 33
295 278
295 810
295 586
295 927
295 26
295 371
295 210
295 333
296 767
296 138
296 331
296 340
296 501
296 199
296 83
296 207
296 367
297 94
297 238
297 749
297 190
297 864
297 471
298 986
298 78
298 254
298 98
298 28
298 225
298 524
298 271
298 740
298 729
298 392
299 989
299 859
299 666
299 560
299 803
299 604
299 764
299 153
299 974
299 45
299 318
299 520
299 34
300 666
300 172
300 801
300 149
300 588
301 230
301 12
301 523
301 433
301 337
301 876
301 332
302 595
302 530
302 6
302 845
302 538
302 280
302 94
302 217
303 445
303 423
303 908
303 151
303 565
303 364
303 411
304 538
304 517
304 131
304 265
305 601
305 633
305 425
305 312
306 270
306 313
306 931
306 126
306 53
306 749
306 722
306 858
306 97
306 553
307 896
307 584
307 159
307 517
307 945
307 888
307 861
307 729
307 405
307 246
307 80
307 472
308 813
308 947
308 491
308 756
308 712
308 705
308 454
308 926
309 288
309 311
309 893
309 204
309 156
310 252
310 144
310 183
310 244
310 742
310 902
311 221
311 110
311 286
311 310
311 961
311 26
311 568
311 649
312 328
312 796
312 812
312 641
312 243
312 941
312 10
312 456
312 999
312 961
312 113
313 870
313 171
313 45
313 303
313 642
313 723
313 290
313 746
313 41
313 854
314 418
314 131
314 533
314 301
314 924
314 219
314 760
314 738
314 454
314 149
314 698
315 50
315 647
315 725
315 318
315 583
315 453
316 148
316 179
316 319
316 956
316 83
316 69
316 813
316 201
316 34
316 899
317 697
317 150
317 738
317 958
317 119
318 582
318 283
318 56
319 936
319 236
319 868
319 85
319 283
319 817
319 264
319 111
319 16
320 975
320 46
320 530
320 185
321 583
321 951
321 770
321 256
321 646
321 105
321 782
321 204
322 763
322 496
322 799
322 291
322 590
322 247
323 732
323 500
323 341
323 932
323 406
323 799
323 882
323 739
325 961
325 214
325 79
325 969
325 356
325 216
325 584
325 844
325 339
325 738
325 838
325 611
326 341
326 164
326 236
326 771
327 744
327 809
327 196
327 74
327 462
327 797
327 57
327 433
327 193
328 924
328 279
328 543
328 693
329 561
329 470
329 696
329 786
329 606
329 824
330 41
330 105
331 613
331 835
331 839
331 320
331 30
331 794
331 16
331 709
332 123
332 847
332 467
332 369
332 167
332 395
332 659
333 416
333 645
333 470
333 782
333 245
333 300
333 888
334 960
334 862
334 716
334 257
334 170
334 593
334 784
334 528
334 641
334 513
334 420
335 688
335 954
335 726
335 172
335 289
335 114
336 321
336 97
336 104
336 399
336 867
336 738
336 878
337 752
337 711
337 256
337 312
337 616
337 284
337 782
337 674
337 959
338 9
338 728
338 687
338 608
338 161
338 927
338 635
338 782
339 68
339 991
339 635
339 246
339 215
339 25
339 262
339 358
339 736
340 514
340 486
340 910
340 393
340 812
340 341
340 405
340 242
340 866
340 369
340 554
340 313
341 948
341 789
341 128
341 901
341 63
341 479
341 103
341 203
341 295
344 133
344 281
344 572
344 346
344 231
344 397
344 987
344 467
344 675
345 170
345 691
345 866
345 554
345 504
345 709
345 759
345 897
345 679
346 526
346 528
346 107
346 822
346 391
347 653
347 917
347 885
347 295
347 957
347 386
347 125
347 796
348 504
348 767
348 34
348 732
348 282
348 770
348 904
348 551
348 712
349 209
349 439
349 22
349 839
349 817
349 895
350 102
350 664
350 479
350 262
350 83
350 363
351 876
351 878
351 580
351 750
351 202
352 386
352 36
352 950
352 968
352 366
352 197
352 146
352 6
353 828
353 467
353 782
353 847
353 449
353 228
353 864
353 256
353 818
355 881
355 106
355 589
355 142
355 902
355 102
356 282
356 777
356 647
356 688
357 459
357 742
357 118
357 982
357 743
357 530
358 33
358 347
358 318
358 250
358 760
358 891
359 715
359 713
359 771
359 338
359 26
361 399
361 846
361 840
361 762
361 843
361 555
361 604
361 434
361 497
361 942
361 161
361 643
361 481
362 975
362 669
362 346
362 968
362 817
363 726
363 795
363 667
363 787
363 680
363 241
363 410
363 376
364 909
364 606
364 829
364 632
364 326
364 187
364 793
365 544
365 311
365 642
365 52
365 393
365 845
365 259
365 944
365 347
366 533
366 701
366 917
366 184
366 394
366 47
367 822
367 792
367 327
367 79
367 909
368 176
368 328
368 465
368 281
368 879
368 196
368 628
368 623
369 473
369 864
369 841
369 341
369 714
369 198
369 815
369 788
369 745
370 757
370 374
370 219
370 455
370 596
370 655
370 959
370 144
370 392
370 765
370 852
370 504
370 239
370 648
370 293
370 298
371 67
371 85
371 449
371 172
371 823
371 555
371 712
371 861
371 605
371 222
371 53
371 824
371 916
371 238
372 274
372 665
372 516
372 766
372 125
372 875
372 289
372 34
372 80
372 158
372 631
373 739
373 624
373 797
373 888
373 870
373 736
373 76
373 58
374 246
374 895
374 496
374 519
374 426
374 331
374 535
374 923
375 123
375 451
375 78
375 33
375 147
375 915
376 934
376 417
376 703
376 338
376 568
376 429
376 325
376 280
376 122
377 344
377 142
377 417
377 894
377 807
377 495
377 718
377 74
377 882
378 108
378 93
378 911
378 364
378 613
378 231
378 200
378 233
378 665
379 112
379 20
379 588
379 545
379 498
379 593
379 964
379 37
379 478
381 114
381 288
381 403
382 175
382 588
382 630
382 820
382 674
382 30
382 760
382 58
382 511
383 856
383 773
383 875
383 971
383 890
383 442
383 711
383 119
383 729
383 323
383 136
384 131
384 299
384 203
384 259
386 797
386 712
386 454
386 317
387 128
387 447
387 230
387 108
387 677
387 215
387 719
387 616
387 114
387 174
388 567
388 576
388 483
388 348
388 254
388 502
388 558
388 433
389 828
389 144
389 353
389 520
389 784
389 622
390 382
390 403
390 896
391 815
391 129
391 75
391 765
391 502
391 114
391 265
391 346
391 328
391 122
391 749
392 767
392 748
392 824
392 633
392 965
392 291
393 917
393 186
393 614
393 790
393 226
393 580
393 420
393 386
393 901
394 927
394 195
394 651
394 136
394 990
394 699
394 646
394 256
394 627
394 149
395 730
395 797
395 235
395 54
395 632
395 856
395 604
395 743
395 667
395 368
396 713
396 605
396 339
396 318
396 26
396 442
397 540
397 897
397 698
397 205
397 294
397 673
397 952
397 466
398 83
398 913
398 921
398 340
398 181
398 951
399 422
399 480
399 68
399 909
399 423
400 998
400 471
400 681
400 771
400 482
400 224
400 294
402 527
402 432
402 117
402 868
402 113
402 16
402 989
403 707
403 965
403 902
403 958
403 608
404 134
404 505
404 177
404 294
404 641
404 280
405 359
405 307
405 615
405 243
405 481
405 730
405 447
405 135
405 560
405 992
405 795
406 541
406 275
406 25
406 560
406 47
407 721
407 189
407 27
407 843
407 509
408 280
408 947
408 648
408 832
408 715
408 125
408 272
409 329
409 308
409 690
409 105
409 368
409 75
409 339
409 273
409 965
409 371
409 155
410 174
410 921
410 874
410 686
410 583
411 846
411 214
411 147
411 540
411 358
411 913
411 599
411 672
411 557
411 453
412 565
412 28
412 54
412 474
412 115
412 200
413 988
413 741
413 706
413 805
413 834
413 796
413 221
413 460
413 135
413 407
413 67
413 228
413 567
414 877
414 702
414 878
414 225
414 51
414 696
414 821
414 635
414 300
414 897
414 290
414 924
416 382
416 403
416 556
416 87
416 794
416 952
416 278
416 561
416 538
416 185
416 249
416 767
417 557
417 894
417 898
417 489
417 296
417 748
418 318
418 969
418 355
418 87
418 364
418 582
418 293
418 898
418 848
418 146
418 987
418 525
418 48
419 837
419 983
419 842
419 443
419 990
419 680
419 620
419 72
419 491
420 812
420 558
420 597
420 826
421 528
421 58
421 179
421 864
421 642
421 210
421 572
421 154
421 350
422 456
422 520
422 902
422 973
422 141
422 373
423 305
423 739
424 285
424 506
424 636
424 129
424 259
424 525
424 575
424 590
425 675
425 525
425 325
425 656
425 787
425 39
426 112
426 741
426 348
426 859
426 998
426 327
426 15
426 69
426 509
428 523
428 587
428 979
428 590
428 313
428 516
428 631
428 987
429 244
429 294
429 619
429 76
429 805
429 369
429 112
429 148
430 158
430 65
430 168
430 187
430 533
430 416
431 930
431 816
431 227
431 441
431 966
431 336
431 22
432 445
432 824
432 297
432 756
432 275
432 965
432 578
432 635
433 974
433 982
433 864
433 718
433 814
433 66
433 826
433 458
434 275
434 862
434 810
434 547
434 520
434 468
434 59
434 783
435 643
435 849
435 722
435 155
435 743
435 275
435 797
435 951
435 18
436 615
436 671
436 742
436 970
436 336
436 429
436 712
436 142
436 506
436 783
437 781
437 896
437 567
437 358
437 445
438 566
438 687
438 192
438 126
438 289
438 216
438 637
439 557
439 843
439 12
440 62
440 888
440 411
440 214
440 81
440 928
440 133
440 543
440 852
440 310
440 537
440 263
440 59
441 409
441 578
441 514
441 115
441 999
441 979
441 337
441 471
441 830
441 368
442 975
442 208
442 775
442 115
442 938
442 21
442 31
442 911
442 174
443 791
443 454
443 736
443 705
443 827
443 38
443 153
443 811
443 215
443 156
443 861
443 816
443 471
443 163
444 105
444 440
444 438
444 190
444 320
445 96
445 577
445 797
445 152
445 111
445 506
445 896
446 712
446 649
446 375
446 630
446 707
446 659
447 673
447 240
447 718
447 615
447 591
447 546
449 62
449 930
449 435
449 697
449 923
449 692
449 808
449 651
449 835
450 446
450 367
450 797
450 728
450 13
450 948
450 645
451 800
451 228
451 187
451 874
452 361
452 890
452 500
452 57
452 319
452 72
452 138
452 966
452 903
452 816
453 595
453 169
453 712
453 729
453 240
453 790
453 905
454 75
454 905
454 974
454 827
454 288
454 424
454 278
455 956
455 901
455 970
455 109
455 479
455 599
455 733
455 629
455 832
455 590
455 981
456 421
456 738
456 362
456 114
456 522
456 821
456 420
456 22
457 92
457 204
457 272
457 300
457 345
458 145
458 567
458 154
458 420
458 167
458 429
458 186
459 135
459 923
459 45
459 231
459 366
459 207
460 596
460 858
460 103
460 48
460 106
460 335
460 835
460 82
460 265
461 139
461 726
461 527
461 772
461 294
461 234
461 693
461 306
462 926
462 980
462 456
462 29
462 497
462 697
462 491
462 613
462 131
464 916
464 917
464 897
464 662
464 995
464 196
464 446
464 795
464 929
464 183
464 379
464 709
464 572
464 369
465 124
465 586
465 818
465 424
465 367
465 627
465 501
465 63
465 594
465 844
466 29
466 592
466 366
466 893
466 520
466 25
466 586
466 934
466 525
466 703
466 450
466 117
466 833
467 582
467 291
467 323
467 329
467 1
467 275
467 993
467 846
467 959
468 461
468 326
468 200
468 451
468 129
468 179
468 824
469 658
470 148
470 826
470 80
470 960
470 400
470 900
470 495
471 818
471 364
471 508
471 587
471 730
471 14
471 55
472 8
472 846
472 952
472 442
472 441
472 672
472 701
472 516
472 714
473 104
473 251
473 641
473 597
473 497
473 842
473 227
473 111
473 229
474 851
474 46
474 852
474 424
474 337
474 457
474 651
475 173
475 471
475 156
475 274
475 599
475 56
477 814
477 922
477 484
477 849
477 659
477 896
477 652
477 419
477 128
478 632
478 24
478 615
478 792
478 600
478 683
479 288
479 637
479 505
479 700
479 253
479 545
479 651
479 186
479 815
479 262
479 950
480 493
480 595
480 640
480 813
480 737
481 581
481 615
481 517
481 797
481 400
481 442
481 243
481 36
481 319
481 450
481 198
481 236
482 242
482 243
482 954
482 607
482 421
482 60
482 204
482 651
482 174
482 835
482 257
482 854
482 460
483 185
483 107
483 609
483 478
483 607
483 959
484 214
484 70
484 620
484 212
484 842
484 822
484 846
484 543
485 126
485 872
485 737
485 409
485 538
485 152
485 887
485 442
486 2
486 543
486 129
486 889
486 165
486 950
486 846
486 636
486 399
486 924
486 322
486 572
486 549
486 523
487 935
487 908
487 225
487 556
487 265
487 972
487 270
487 22
487 565
488 251
488 992
488 369
488 205
488 609
488 885
488 989
488 651
488 706
488 741
488 435
489 335
489 225
489 738
489 459
489 253
489 393
489 688
489 112
489 428
489 301
489 683
489 243
490 116
490 502
490 145
490 313
490 854
490 154
491 8
491 492
491 737
491 410
491 202
491 653
491 598
491 926
492 139
492 128
492 78
492 678
492 88
492 729
492 180
492 566
492 288
493 689
493 747
493 122
493 65
493 849
493 187
493 104
494 69
494 241
494 538
494 381
494 367
494 94
494 628
494 371
494 815
495 305
495 732
495 34
495 707
495 952
495 116
496 51
496 729
496 46
496 25
496 317
496 888
496 312
496 35
496 208
496 954
496 646
496 398
497 588
497 16
497 220
497 658
497 843
497 649
497 789
497 130
497 64
497 667
497 284
497 302
498 715
498 63
498 371
498 156
498 284
498 259
498 775
498 220
499 819
499 392
499 63
499 628
500 738
500 214
500 205
500 993
500 381
500 791
500 410
501 54
501 885
501 727
501 200
501 789
502 957
503 945
503 340
503 447
503 517
503 150
503 173
503 712
503 523
503 950
503 287
503 237
504 200
504 804
504 270
504 482
504 177
504 180
504 874
504 880
504 382
504 368
505 534
505 404
505 764
505 808
505 387
505 503
505 531
506 279
506 901
506 693
506 884
506 616
506 579
506 83
506 241
506 84
506 15
506 206
507 171
507 478
507 441
507 159
508 305
508 748
508 211
508 7
509 171
509 106
509 408
509 67
509 201
509 584
509 467
511 877
511 724
511 340
511 178
511 204
511 10
512 981
512 406
512 686
512 685
512 875
512 661
512 303
512 589
512 323
513 251
513 422
513 826
513 795
513 163
513 288
513 892
513 397
513 987
513 893
513 534
514 310
514 664
514 575
514 204
514 338
514 764
515 117
515 9
515 51
515 96
515 93
515 103
515 353
515 39
515 123
515 230
515 299
515 795
516 310
516 406
516 993
516 488
516 734
516 233
516 223
517 139
517 800
517 64
517 328
517 16
517 174
517 588
518 871
518 619
518 721
518 955
518 27
518 604
518 542
518 320
518 217
518 300
519 76
519 303
519 77
519 885
519 675
519 894
520 686
520 183
520 947
520 843
520 430
520 626
520 45
520 981
520 318
520 748
520 735
521 202
521 144
521 477
521 798
521 648
521 447
521 104
521 973
521 829
522 179
522 527
522 444
522 156
522 269
522 215
523 663
523 15
523 840
523 594
523 191
523 465
523 189
523 234
523 827
524 43
524 492
524 912
525 439
525 822
525 914
525 843
525 787
525 662
525 349
526 861
526 493
526 620
526 556
526 133
526 805
526 26
526 144
526 996
526 406
526 125
526 560
526 409
526 842
526 117
527 397
527 356
527 453
527 351
527 766
527 953
527 636
527 592
527 251
527 492
527 703
527 927
527 51
527 884
528 11
528 470
528 726
528 606
528 37
528 957
528 322
528 871
529 643
529 852
529 80
529 964
529 636
529 853
529 683
529 321
529 512
529 82
529 809
530 820
530 812
530 308
531 430
531 969
531 92
531 555
531 91
531 97
531 913
531 826
531 355
531 684
533 193
533 465
533 779
533 319
533 272
533 892
533 216
533 474
533 391
533 66
533 839
534 118
534 591
534 462
534 364
534 29
534 663
535 375
535 840
535 884
535 69
535 540
536 181
536 651
536 94
536 454
536 264
536 107
537 668
537 916
537 176
537 719
537 992
537 139
537 610
537 453
537 844
538 316
538 349
538 765
538 209
538 879
539 93
539 260
539 65
539 870
539 581
539 133
540 574
540 590
540 876
540 524
540 707
540 146
540 446
540 587
540 209
540 601
540 955
540 347
540 623
541 993
541 781
541 917
541 406
541 588
541 953
542 485
542 352
542 222
542 897
542 841
543 824
543 266
543 634
543 703
543 276
543 219
543 468
544 606
544 96
544 813
544 221
544 615
545 830
545 693
545 863
545 257
545 628
545 485
545 913
546 622
546 467
546 328
546 876
546 420
546 249
546 370
547 9
547 498
547 720
547 85
547 304
547 626
548 65
548 635
548 239
548 579
549 180
549 571
549 49
549 348
551 373
551 166
551 793
551 186
551 741
551 656
551 241
551 623
551 505
553 66
553 404
553 781
553 645
553 775
553 272
553 200
554 759
554 864
554 933
554 220
554 882
554 564
554 762
554 28
554 846
554 451
554 108
554 559
554 135
555 522
555 203
555 584
555 562
555 939
555 284
555 685
555 608
555 174
555 267
556 148
556 507
556 726
556 968
556 331
556 572
556 440
557 400
557 843
557 419
557 782
557 189
557 6
558 871
558 963
558 403
558 838
558 220
558 72
558 39
558 183
558 848
559 345
559 203
559 221
559 772
559 872
559 18
559 607
559 120
559 295
560 809
560 565
560 586
560 913
560 661
560 500
560 120
560 556
560 967
561 189
561 386
561 255
561 902
562 282
562 613
562 459
562 652
562 565
562 7
562 338
562 60
562 981
562 44
562 511
564 711
564 672
564 253
564 258
564 784
564 611
564 459
564 159
564 384
565 126
565 325
565 682
565 644
565 434
565 795
565 270
565 152
565 670
566 747
566 93
566 138
566 475
566 999
566 956
567 797
567 179
567 846
567 509
567 533
567 28
568 455
568 437
568 150
568 68
568 345
568 429
568 413
568 83
568 338
568 733
569 389
569 320
569 882
569 42
569 359
569 988
569 405
569 597
569 977
569 191
569 196
569 705
569 164
570 961
570 260
570 184
570 914
570 299
570 611
570 639
570 282
570 419
570 852
570 970
571 90
571 460
571 151
571 622
571 564
571 716
571 184
571 662
571 761
571 373
571 694
571 982
572 837
572 882
572 400
572 964
572 378
572 333
573 376
573 336
573 983
573 807
573 805
573 677
573 938
574 190
574 885
574 916
574 414
574 215
574 465
574 61
574 950
574 262
574 604
574 98
574 873
574 709
575 884
575 186
575 989
575 126
575 918
575 413
575 425
576 402
576 87
576 834
576 70
576 443
576 147
577 994
577 434
577 656
577 597
577 661
577 582
577 674
577 59
577 449
577 658
578 37
578 583
578 251
578 14
578 921
578 998
578 35
578 492
578 826
578 148
578 363
579 332
579 31
579 895
579 549
579 85
579 275
580 253
580 979
580 379
580 594
580 952
580 29
580 998
581 142
581 632
581 439
581 83
581 669
581 202
581 903
581 456
582 257
582 97
582 650
582 391
582 674
583 67
583 395
583 606
583 327
583 106
583 85
583 602
583 404
584 582
584 712
584 689
584 20
584 480
584 165
584 209
584 830
584 217
584 829
584 116
586 303
586 673
586 635
586 285
586 984
586 823
586 82
586 752
586 326
586 996
586 53
586 453
586 684
587 441
587 998
587 472
587 603
587 910
587 919
587 748
587 730
587 304
587 116
588 706
588 908
588 804
588 298
588 303
588 909
588 515
588 994
588 914
588 115
588 39
588 903
588 624
588 553
589 79
589 143
589 138
589 711
589 630
589 908
589 421
590 808
590 124
590 338
590 734
590 362
590 7
591 334
591 190
591 3
591 265
591 64
591 572
592 213
592 613
592 121
592 117
592 652
592 479
593 501
593 45
593 843
593 363
593 522
593 795
593 726
594 91
594 357
594 612
594 398
594 439
594 573
595 605
595 300
595 172
595 952
596 973
597 530
597 61
597 292
597 890
598 656
598 592
598 376
598 924
599 492
599 95
599 191
599 72
599 367
599 88
599 716
599 145
599 78
599 139
600 752
600 373
600 131
600 948
600 625
601 151
601 524
601 383
601 63
601 316
601 841
601 655
601 69
601 690
601 479
601 553
601 210
601 469
602 535
602 131
602 775
602 876
602 521
602 126
603 329
603 171
603 294
603 479
603 208
603 296
603 963
603 80
604 916
604 290
604 975
604 213
604 929
604 165
604 355
604 242
605 68
605 472
605 821
605 838
605 616
605 602
605 726
605 146
605 699
605 305
605 19
606 239
606 471
606 594
606 166
606 27
606 293
606 771
606 270
606 219
606 155
606 682
607 711
607 862
607 763
607 33
607 431
607 624
608 396
608 765
608 103
608 594
608 15
609 942
609 647
609 542
609 456
609 159
609 247
609 132
609 866
609 957
609 472
609 951
610 51
610 294
610 432
610 473
610 918
610 55
610 397
611 587
611 500
611 291
611 668
611 67
611 736
611 481
611 575
611 677
612 292
612 826
612 613
612 604
613 971
613 985
613 863
613 884
613 170
613 615
613 650
613 41
613 400
614 222
614 429
614 264
614 227
614 509
614 141
614 787
614 736
614 742
615 726
615 145
615 803
615 567
615 847
615 626
615 964
615 530
615 829
616 208
616 205
616 7
616 249
616 916
616 258
616 894
616 37
616 386
617 877
617 700
617 1
617 513
617 949
617 269
617 979
617 687
617 110
617 897
617 530
617 87
618 426
618 35
618 856
618 290
618 761
618 95
618 41
618 440
618 600
618 984
619 984
619 247
619 981
619 314
619 728
619 183
619 161
619 260
619 72
620 435
620 461
620 84
620 997
620 195
620 426
620 358
621 953
621 689
621 882
621 538
621 310
621 840
621 206
621 407
621 351
621 995
621 213
622 740
622 788
623 866
623 491
623 543
623 929
623 436
623 303
623 49
623 863
623 155
624 756
624 960
624 249
624 220
624 822
625 94
625 320
625 492
625 368
625 441
625 529
625 428
625 652
625 970
625 794
625 749
625 150
625 395
625 960
625 520
626 305
626 199
626 672
626 567
626 981
626 102
626 397
626 3
626 526
626 109
627 60
627 827
627 305
627 898
627 560
627 108
627 587
628 708
628 306
628 604
628 21
628 277
628 542
628 815
629 974
629 133
629 722
629 434
629 74
629 781
629 953
630 734
630 658
630 319
630 429
631 602
631 242
631 197
632 732
632 266
632 450
632 565
632 787
633 590
633 723
633 845
633 597
634 245
634 375
634 584
634 517
634 154
634 992
634 749
634 861
634 902
634 459
634 473
635 173
635 330
635 38
635 719
635 888
635 576
636 780
636 395
636 227
636 994
636 579
636 115
636 138
636 751
636 81
636 334
636 663
636 885
636 905
636 733
636 203
637 966
637 44
637 322
637 964
637 767
637 395
637 480
639 720
639 300
639 472
639 660
639 355
639 473
640 973
640 854
640 498
640 488
640 882
640 8
641 5
641 853
641 572
641 894
641 705
641 923
641 323
641 272
642 927
642 744
642 367
642 110
642 969
642 668
643 868
643 252
643 135
643 355
643 615
643 894
643 183
643 892
643 115
643 787
643 878
643 67
643 494
643 781
643 334
643 738
643 186
644 777
644 973
644 921
644 484
644 898
644 250
644 587
644 602
644 581
644 931
644 106
644 119
644 114
645 123
645 256
645 91
645 560
645 801
645 366
645 329
645 958
646 285
646 452
646 971
646 686
647 131
647 923
647 738
647 49
647 675
647 758
647 355
647 294
647 332
648 496
648 270
648 706
648 113
648 53
648 382
648 855
648 737
648 362
648 411
648 703
649 381
649 828
649 336
649 76
649 528
649 442
649 703
649 250
649 25
649 957
649 525
649 776
649 814
649 230
650 423
650 179
650 289
650 142
650 633
650 620
650 68
650 714
650 34
650 949
651 470
651 35
651 483
651 977
651 42
652 491
652 949
652 556
652 723
652 28
653 411
653 10
653 534
653 791
654 72
654 746
654 488
654 78
654 525
654 944
654 310
654 170
655 971
655 514
655 570
655 484
655 50
655 835
655 841
655 55
656 960
656 422
656 445
656 574
656 706
656 13
656 424
656 189
658 968
658 746
658 686
658 844
658 130
658 943
658 367
658 809
659 455
659 399
659 337
659 673
660 119
660 743
660 729
660 300
660 18
660 115
660 539
660 229
661 590
661 156
661 94
661 477
661 254
661 984
661 551
662 43
662 985
662 114
662 645
662 300
662 475
662 253
662 888
662 730
663 102
663 623
663 34
663 428
663 368
663 564
663 639
664 497
664 733
664 609
664 863
664 603
664 529
664 115
665 196
665 761
665 153
665 814
665 295
665 667
666 445
666 180
666 845
666 858
666 567
666 537
666 870
667 643
667 861
667 22
667 910
667 820
667 382
667 335
667 321
667 203
667 192
667 87
667 647
668 809
668 733
668 497
668 709
668 820
669 507
669 199
669 468
670 658
670 816
670 590
670 872
670 262
670 974
670 914
670 382
671 317
671 841
671 580
671 111
671 748
671 412
671 928
671 822
671 922
671 951
671 263
672 827
672 878
672 840
672 481
672 24
672 367
672 539
672 787
672 48
672 912
673 320
673 435
673 108
673 559
673 656
673 704
674 746
674 696
674 122
674 462
675 374
675 665
675 422
675 598
675 423
675 671
675 107
676 248
676 213
676 143
676 872
676 378
676 443
676 883
677 219
677 2
677 646
677 91
678 241
678 258
678 335
678 522
678 531
678 222
678 750
678 146
678 964
678 817
678 608
679 908
679 945
679 922
679 489
679 702
679 26
679 184
680 239
680 953
680 487
680 447
680 106
680 506
681 603
681 667
681 884
681 366
681 687
682 71
682 300
682 413
682 151
682 811
682 539
683 277
683 701
683 955
683 765
683 453
683 963
684 582
684 637
684 721
684 777
684 553
684 506
684 470
685 388
685 729
685 396
686 143
686 333
686 652
686 822
686 642
686 548
686 880
686 697
686 522
687 80
687 934
687 930
687 504
687 747
687 158
687 93
688 800
688 284
688 588
689 875
689 130
689 580
689 610
689 971
689 891
690 735
690 433
690 248
690 656
690 286
690 728
690 646
690 288
691 509
691 291
691 388
691 921
692 471
692 512
692 486
692 625
692 338
692 413
692 771
692 972
693 269
693 168
693 469
693 400
693 58
693 610
693 915
693 371
693 39
694 980
694 556
694 82
694 10
694 260
694 96
694 291
694 442
694 436
694 571
694 349
694 389
694 132
694 271
696 47
696 464
696 534
696 173
696 704
696 639
696 13
697 969
697 55
697 747
697 87
697 190
697 471
697 10
697 960
697 54
697 844
697 121
698 2
698 516
698 653
698 623
698 782
698 323
699 654
699 365
700 863
700 485
700 143
700 11
700 523
700 556
701 384
701 582
701 704
701 679
701 308
701 505
701 745
701 769
701 958
702 723
702 927
702 353
702 402
702 494
702 59
702 434
702 808
702 790
702 847
703 942
703 457
703 602
703 855
703 310
703 410
703 630
703 108
703 276
703 424
703 234
703 376
704 95
704 945
704 487
705 938
705 877
705 411
705 843
705 779
705 55
705 842
706 211
706 60
706 530
706 374
706 365
706 858
706 922
707 887
707 473
707 252
707 394
707 429
708 921
708 249
708 411
708 94
708 698
708 42
708 964
708 827
708 704
708 25
708 465
709 7
709 963
709 677
709 166
709 113
709 193
709 915
709 539
711 527
711 841
711 134
711 47
711 659
711 62
711 503
712 522
712 874
712 149
712 863
712 398
712 253
712 619
712 680
712 465
712 446
712 652
713 457
713 548
713 332
713 765
713 200
713 919
713 788
713 812
714 2
714 601
714 44
714 587
714 834
714 957
714 11
714 675
714 140
714 547
714 501
714 181
714 924
715 237
715 390
715 722
715 826
715 918
715 833
715 889
715 652
715 961
715 875
715 341
715 86
716 895
716 181
716 469
716 390
716 567
716 770
716 193
716 939
716 11
716 316
718 49
718 95
718 614
718 22
718 300
719 636
719 313
719 465
719 494
719 178
719 958
719 408
719 129
719 959
720 654
720 398
720 597
720 906
720 574
720 923
720 979
720 964
721 238
721 407
721 700
721 666
721 592
721 903
721 370
722 979
722 451
722 297
722 815
722 892
723 932
723 261
723 889
723 496
724 229
724 143
724 487
724 916
724 990
724 323
724 735
724 593
724 198
724 440
724 405
725 877
725 668
725 665
725 189
726 412
726 42
726 555
726 124
726 819
726 945
726 691
727 795
727 495
727 34
727 430
727 141
727 133
727 408
727 400
727 901
727 617
727 371
727 545
728 418
728 326
728 950
728 904
728 228
728 839
729 966
729 457
729 383
729 2
729 756
729 447
730 544
730 798
730 932
730 511
730 368
730 579
730 662
730 716
730 131
730 24
731 249
731 666
731 704
731 654
731 244
731 992
731 164
731 596
731 123
732 140
732 733
732 582
732 846
732 565
732 453
732 20
732 14
733 506
733 892
733 503
733 188
733 268
733 387
733 566
733 192
734 807
734 170
734 138
734 198
734 272
734 39
734 653
734 454
735 708
735 601
735 553
735 155
735 451
736 318
736 159
736 634
736 796
736 955
736 82
736 236
737 165
737 711
737 636
737 581
737 720
737 30
737 269
737 408
737 108
737 138
737 196
738 765
738 902
738 384
738 187
738 353
739 280
739 450
739 281
739 459
739 73
739 620
739 456
739 351
739 466
739 616
739 371
739 750
740 843
740 383
740 591
740 943
740 218
740 388
740 334
741 670
741 705
741 205
741 725
741 945
741 599
741 656
741 318
742 972
742 171
742 413
742 264
742 856
742 143
742 21
742 660
742 702
743 190
743 327
743 671
743 383
744 875
744 419
744 524
744 601
744 238
744 647
744 369
744 114
745 219
745 559
745 124
745 430
745 700
745 191
745 524
745 741
746 450
746 780
746 361
746 84
746 743
746 31
747 140
747 230
747 739
747 133
747 53
748 814
748 91
748 514
748 226
748 682
748 743
748 39
749 907
749 658
749 398
749 887
749 634
749 378
749 369
749 176
750 852
750 770
750 261
750 96
750 198
750 149
751 456
751 716
751 393
751 326
751 696
751 233
752 372
752 617
752 76
752 305
752 883
752 148
752 738
752 624
752 750
752 285
752 709
753 667
753 968
753 330
755 980
755 834
755 396
755 564
755 145
755 62
755 618
755 295
755 193
755 412
755 527
756 386
756 914
756 330
756 398
757 91
757 144
757 752
757 243
757 352
757 181
757 348
757 167
758 16
758 149
758 255
758 945
758 809
758 454
758 282
759 322
759 181
759 562
759 594
760 367
760 849
760 972
760 31
760 404
760 612
760 103
760 83
760 608
760 394
760 981
761 955
761 434
761 537
761 115
761 894
761 996
761 234
761 988
761 7
761 107
762 353
762 644
762 949
762 616
762 797
762 641
762 612
763 442
763 200
763 568
763 724
763 611
763 435
763 630
763 216
763 281
763 466
763 378
763 11
764 658
764 924
764 504
764 918
764 97
764 104
764 252
764 917
765 113
765 965
765 441
765 435
765 706
765 297
765 239
766 614
766 972
767 83
767 613
767 74
767 440
767 280
767 777
769 950
769 543
769 59
769 123
769 959
769 202
769 69
769 799
769 422
769 14
769 903
769 228
770 553
770 144
770 186
770 820
770 936
770 866
770 730
770 845
770 42
771 540
771 182
771 293
771 648
771 345
771 44
771 732
771 141
771 359
772 244
772 523
772 29
772 172
772 700
773 258
773 790
773 464
773 534
773 254
773 774
773 261
774 163
774 714
774 443
774 814
774 952
774 486
775 241
775 183
775 373
775 966
776 68
776 413
776 503
777 842
777 875
777 425
777 643
777 888
777 195
777 72
777 346
777 714
777 303
777 344
777 798
779 622
779 891
779 286
779 122
779 111
779 491
780 192
780 20
780 893
780 859
780 168
780 888
780 515
780 12
781 418
781 311
781 817
781 909
782 926
782 902
782 248
782 596
782 208
782 292
782 899
782 138
782 310
783 131
783 703
783 201
783 991
783 885
783 498
783 567
783 749
783 898
784 612
784 303
784 630
784 345
784 896
784 11
784 274
784 792
784 543
784 821
784 809
784 246
785 336
785 141
785 11
785 492
785 745
785 339
785 195
785 474
786 275
786 359
786 221
786 694
786 236
786 296
786 449
786 522
786 406
786 477
787 918
787 318
787 546
787 520
787 192
787 246
788 826
788 861
788 716
788 818
788 325
788 945
788 249
788 165
788 899
789 800
789 534
789 749
789 469
789 725
789 821
789 67
789 436
789 957
790 237
790 958
790 897
790 44
790 608
790 929
790 890
790 373
790 254
790 326
790 735
791 606
791 954
791 220
791 524
791 140
791 358
791 685
792 936
792 126
792 814
792 769
792 743
792 934
793 734
793 382
793 335
793 792
793 776
794 67
794 621
794 271
794 254
794 287
794 696
794 819
795 454
795 996
795 533
795 155
795 185
795 198
795 474
795 382
795 368
795 708
795 673
796 873
796 635
796 565
796 898
796 577
796 35
796 80
796 247
796 292
796 539
797 413
797 52
797 95
797 226
798 700
798 935
798 234
798 143
798 924
798 44
798 985
798 740
798 256
798 495
798 131
799 931
799 670
799 279
799 138
799 106
799 706
799 783
799 859
799 46
799 370
799 490
799 596
800 650
800 239
800 802
800 363
800 592
801 889
801 81
801 22
801 92
801 616
801 738
802 79
802 400
802 912
802 934
802 184
802 586
802 655
803 594
803 795
803 341
803 567
803 366
803 985
803 992
803 959
804 267
804 786
804 673
804 757
804 165
805 171
805 952
805 562
805 108
805 834
805 337
805 816
805 843
805 222
807 433
807 591
807 989
807 60
807 621
807 31
807 938
808 315
808 662
808 586
808 994
808 156
808 328
808 495
808 658
808 147
808 624
808 86
809 314
809 167
809 225
809 282
809 371
809 971
809 662
809 851
809 702
810 48
810 626
810 957
810 629
811 269
811 161
811 58
811 389
811 728
811 915
811 188
811 396
811 704
811 351
811 442
811 121
812 455
812 908
812 670
812 286
812 436
812 345
812 997
812 130
812 571
812 556
812 575
812 712
813 587
813 402
813 521
813 499
813 94
813 92
813 496
813 182
814 780
814 496
814 295
814 421
814 310
814 531
814 123
814 486
814 326
814 935
815 882
815 452
815 702
815 7
815 572
816 624
816 273
816 450
816 950
816 687
816 346
817 988
817 543
817 953
817 211
817 366
817 38
817 316
817 597
817 792
818 352
818 855
818 868
818 733
818 776
819 761
819 776
819 750
819 455
819 996
819 474
820 255
820 782
820 598
820 600
820 397
820 450
820 818
820 269
820 285
820 801
820 472
820 792
820 693
820 502
821 320
821 697
821 149
821 755
821 832
821 233
821 669
821 924
821 477
821 66
821 759
821 741
822 419
822 31
822 842
822 696
822 131
822 261
822 269
823 980
823 840
823 504
823 379
823 494
823 610
824 203
824 996
824 424
824 125
824 949
824 261
824 420
826 737
826 620
826 653
826 248
826 454
826 873
826 273
826 965
826 534
827 888
827 215
827 980
827 122
827 673
827 732
827 304
827 438
828 830
828 683
828 525
828 567
828 996
828 719
829 781
829 724
829 975
829 731
829 933
829 438
829 628
829 866
829 815
829 795
829 561
829 520
830 654
830 642
830 236
830 956
830 674
830 205
830 747
831 166
831 848
831 879
831 624
831 469
831 919
831 942
831 208
832 662
832 351
832 916
832 605
832 762
832 527
833 944
833 891
833 435
833 15
833 208
833 932
833 228
833 900
834 938
834 881
834 288
834 775
834 949
834 246
834 436
834 391
834 308
835 344
835 757
835 607
835 181
835 614
835 795
835 390
835 156
835 473
837 71
837 737
838 275
838 910
838 709
838 583
838 660
838 571
838 15
838 8
838 470
838 537
838 555
839 68
839 547
839 987
839 583
839 572
839 59
839 413
839 21
840 636
840 864
840 183
840 848
840 397
841 647
841 81
841 322
841 287
842 196
842 63
842 470
842 104
842 959
842 133
843 728
843 538
843 926
843 655
843 846
843 921
843 250
843 424
843 622
843 163
843 814
843 503
843 740
843 987
844 28
844 605
844 873
844 632
844 867
844 48
844 515
844 971
844 133
844 636
845 111
845 283
845 520
845 337
845 153
846 858
846 719
846 242
846 851
846 932
846 642
846 909
847 156
847 254
847 623
847 744
847 519
848 646
848 789
848 595
848 840
848 582
848 676
848 708
848 376
848 171
848 291
849 78
849 698
849 116
849 138
851 991
851 500
851 291
851 453
852 817
852 70
852 833
852 922
852 649
853 173
853 410
853 245
853 278
853 777
853 928
853 191
854 656
854 654
854 594
854 394
854 434
855 388
855 519
855 135
855 165
855 660
855 741
855 784
856 687
856 647
856 570
856 739
856 481
858 569
858 122
858 594
858 132
858 596
858 244
858 107
858 518
858 333
858 883
858 49
858 348
859 452
859 171
859 68
859 938
859 423
859 981
859 345
859 407
859 644
861 152
861 974
861 328
861 760
861 572
861 667
861 313
861 347
862 358
862 772
862 158
862 86
862 237
862 314
862 52
862 537
862 873
862 625
862 232
863 739
863 988
863 504
863 106
863 292
863 201
863 713
863 240
863 134
863 437
863 590
864 235
864 35
864 269
864 714
864 66
864 325
864 20
864 404
864 301
866 359
866 171
866 678
867 694
867 424
867 2
867 470
867 479
867 43
867 262
867 540
867 357
868 410
868 508
868 332
868 468
869 53
869 877
869 433
869 285
869 125
869 248
869 207
869 541
870 188
870 688
870 520
870 607
870 216
870 221
871 613
871 833
871 29
871 625
871 478
871 658
871 173
871 465
872 805
872 734
872 235
872 848
872 452
872 166
872 858
872 277
872 183
872 121
872 206
873 558
873 867
873 969
873 319
873 838
873 69
873 443
874 838
874 671
874 765
874 233
874 237
874 198
874 52
874 556
875 219
875 881
875 876
875 158
875 920
875 163
875 668
875 451
875 495
875 693
875 372
876 795
876 974
876 48
876 513
876 884
877 182
877 172
877 419
877 950
877 300
877 106
877 708
877 566
878 35
878 565
878 930
878 451
878 725
878 115
878 561
879 575
879 621
879 935
879 881
879 840
879 538
879 968
879 246
879 150
879 830
879 445
880 288
880 502
880 212
880 877
880 221
880 284
880 76
880 561
881 765
881 97
881 231
881 285
881 726
882 919
882 982
882 137
882 37
882 660
882 841
882 245
882 673
883 681
883 804
883 629
883 997
883 693
883 399
884 441
884 412
884 197
884 705
884 554
885 541
885 458
885 47
885 258
885 128
886 622
886 693
886 704
886 538
886 571
886 391
886 755
886 643
886 610
886 648
886 708
887 649
887 392
887 789
887 509
887 36
887 191
887 994
887 564
887 829
887 481
887 502
887 352
887 447
888 938
888 356
888 445
888 574
888 547
888 844
888 791
889 849
889 435
889 519
889 386
889 604
889 333
889 826
890 912
890 862
890 167
890 605
890 921
890 154
890 178
890 317
891 451
891 391
891 713
891 523
891 535
891 73
891 361
891 668
892 521
892 939
892 333
892 835
892 886
892 86
892 504
892 490
893 547
893 57
893 917
894 846
894 208
894 562
894 224
894 245
894 193
894 794
895 735
895 536
895 379
895 938
895 70
895 680
895 747
895 405
895 87
896 551
896 274
896 781
896 178
896 513
896 189
897 489
897 300
897 268
897 292
897 634
897 9
897 653
897 536
897 165
897 70
898 258
898 233
899 715
899 48
899 729
899 816
899 292
899 61
899 405
899 150
899 948
899 930
900 497
900 286
900 954
900 990
900 703
900 680
900 103
900 440
900 144
900 719
900 340
900 433
901 129
901 439
901 702
901 135
902 317
902 951
902 686
902 249
902 880
902 335
902 799
903 622
903 538
903 47
903 808
903 55
903 413
903 202
903 391
903 874
904 460
904 522
904 905
904 960
904 742
904 930
904 174
905 493
905 896
905 47
905 496
906 919
906 164
906 447
906 938
906 570
906 491
906 599
906 147
906 501
906 670
906 361
907 412
907 637
907 334
907 888
908 815
908 20
908 180
908 598
908 54
908 866
908 951
908 472
908 665
908 393
908 772
908 449
908 916
908 313
909 576
909 561
909 628
909 593
909 226
909 878
909 862
910 103
910 304
910 575
910 223
910 734
910 122
910 750
910 528
911 55
911 11
911 977
911 663
911 745
911 614
911 800
912 658
912 637
912 868
912 845
912 244
912 242
912 747
912 871
912 530
912 752
913 911
913 339
913 660
913 740
913 948
913 333
913 481
913 885
914 620
914 410
914 801
914 495
914 512
914 990
914 468
914 947
915 97
915 779
915 694
915 998
915 714
915 50
915 293
915 916
915 957
916 617
916 38
916 931
916 365
916 37
916 410
916 291
916 773
916 227
916 610
917 812
917 785
917 333
917 205
917 880
917 286
917 411
918 655
918 633
918 656
918 295
919 557
919 301
919 296
919 926
919 53
919 507
919 546
919 517
919 280
919 261
919 862
919 874
919 933
920 700
920 584
920 926
920 11
920 214
920 241
920 994
921 312
921 376
921 866
922 797
922 917
922 672
922 758
922 841
923 216
923 930
923 120
923 165
923 724
923 388
923 579
923 277
923 447
923 221
923 139
923 731
923 449
924 11
924 832
924 383
924 5
924 833
924 537
924 745
924 634
924 916
924 896
926 725
926 364
926 541
926 759
926 112
926 254
927 874
927 162
927 967
927 177
927 264
927 512
928 371
928 455
928 703
928 10
928 716
928 196
928 495
928 290
928 109
928 606
929 642
929 909
929 154
929 816
929 83
929 58
929 551
929 728
929 158
929 626
929 561
930 239
930 812
930 562
930 781
930 417
930 20
930 928
930 212
930 253
930 782
931 273
931 827
931 271
931 140
931 654
931 8
931 36
931 337
932 96
932 952
932 121
932 801
932 832
932 2
932 805
932 383
932 529
932 671
932 118
933 941
933 308
933 874
933 669
933 247
933 62
933 137
933 938
933 586
933 178
933 290
933 313
934 980
934 477
934 188
934 295
934 58
935 253
935 742
935 597
935 244
935 617
935 818
935 835
935 740
935 348
936 278
936 499
936 63
936 21
936 555
936 208
936 753
936 511
938 337
938 137
938 656
938 812
938 387
939 242
939 506
939 708
939 747
939 243
939 26
941 152
941 640
941 672
941 409
941 437
941 423
941 392
941 22
942 413
942 753
942 918
942 367
942 218
942 168
942 320
942 255
942 66
942 683
943 69
943 524
943 164
943 341
943 837
943 192
943 829
943 691
943 546
943 700
943 740
943 648
944 723
944 734
944 12
944 991
944 91
944 966
944 830
944 818
944 610
944 569
944 393
944 928
944 549
945 990
945 741
945 81
945 531
945 702
945 429
947 992
947 818
947 529
947 364
947 914
948 620
948 490
948 367
948 538
948 135
948 425
948 809
949 487
949 266
949 92
949 70
949 36
949 965
949 568
949 125
949 172
949 659
949 520
949 591
950 546
950 783
950 414
950 153
950 880
951 921
951 607
951 506
951 787
951 858
951 985
952 983
952 95
952 910
953 272
953 471
953 111
953 50
953 21
954 227
954 67
954 936
954 749
954 126
954 772
954 992
954 887
954 395
954 715
954 297
955 746
955 358
955 122
955 595
956 493
956 158
956 762
956 685
956 627
956 968
956 6
956 546
956 917
956 390
956 677
956 105
957 515
957 393
957 744
957 542
957 304
957 580
957 668
957 950
957 987
957 746
957 685
958 974
958 230
958 20
958 839
958 67
958 699
958 351
958 693
958 511
959 631
959 933
959 408
959 909
959 139
959 542
959 985
959 274
959 318
959 325
959 227
959 397
959 560
959 966
960 698
960 733
960 681
960 518
961 692
961 580
961 216
961 170
961 950
961 362
963 804
963 675
963 176
963 346
963 964
963 496
963 906
963 289
963 726
963 227
964 445
964 219
964 731
964 621
964 919
964 669
964 368
964 411
964 48
964 875
965 308
965 21
965 95
965 886
965 191
965 83
965 407
965 682
965 305
965 560
966 148
966 276
966 61
966 331
966 20
966 625
966 667
966 998
966 570
967 178
967 801
967 930
968 112
968 425
968 394
968 608
969 796
969 791
969 247
969 652
969 916
969 748
969 296
969 570
969 742
969 785
969 364
969 176
969 411
969 996
969 641
970 369
970 529
970 624
970 877
970 628
970 840
970 501
971 341
971 729
971 559
971 399
971 460
971 871
971 363
971 589
971 298
972 277
972 465
972 73
972 132
972 731
972 96
972 670
972 705
973 164
973 820
973 614
973 248
973 74
973 159
973 642
973 147
973 603
973 941
973 531
974 5
974 82
974 738
974 487
974 174
974 299
974 854
974 821
974 766
975 468
975 288
975 226
975 47
975 981
975 545
975 746
975 85
975 938
975 999
975 699
975 867
975 132
977 950
977 82
977 136
977 291
977 387
977 868
977 873
977 629
977 867
978 908
978 517
978 373
978 740
978 179
979 894
979 904
979 29
979 493
979 428
979 381
979 525
979 64
979 1
980 599
980 307
980 421
980 241
980 675
980 906
981 870
981 582
981 917
981 128
981 421
981 750
981 395
981 883
982 367
982 66
982 612
982 900
982 437
982 373
982 159
982 60
982 899
983 416
983 392
983 684
983 771
983 643
983 959
983 813
984 77
984 898
984 3
984 305
984 453
984 330
984 531
984 544
985 930
985 475
985 947
985 332
985 165
985 204
985 48
985 965
986 820
986 507
986 931
986 346
986 203
986 883
986 537
987 45
987 397
987 874
987 738
987 495
987 944
988 370
988 351
988 218
988 155
988 115
988 377
988 42
988 394
988 848
989 347
989 789
989 83
989 2
989 386
989 303
990 608
990 168
990 950
990 996
990 551
990 971
991 665
991 651
991 237
991 63
991 406
991 509
991 311
992 418
992 36
992 16
992 820
992 66
992 79
992 457
992 287
992 955
993 73
993 762
993 317
993 844
993 239
993 752
993 379
993 571
993 102
993 459
993 908
993 26
993 454
993 721
994 435
994 950
994 792
994 484
994 64
994 144
995 826
995 426
995 378
995 24
995 546
996 629
996 688
996 887
996 660
996 756
997 898
997 69
997 359
997 785
997 715
997 251
997 648
997 92
998 755
998 773
998 332
998 180
998 750
998 379
999 9
999 419
999 643
999 485
999 700
999 153
