0 85 1.0
0 282 1.0
0 627 1.0
0 828 1.0
1 73 1.0
1 333 1.0
1 563 1.0
1 735 1.0
1 920 1.0
2 171 1.0
2 190 1.0
2 261 1.0
2 314 1.0
2 396 1.0
2 601 1.0
2 695 1.0
2 721 1.0
3 2 1.0
3 261 1.0
3 539 1.0
3 593 1.0
3 662 1.0
3 913 1.0
4 109 1.0
4 185 1.0
4 247 1.0
4 253 1.0
4 312 1.0
4 320 1.0
4 375 1.0
4 560 1.0
4 635 1.0
5 82 1.0
5 370 1.0
5 381 1.0
5 425 1.0
6 133 1.0
6 350 1.0
6 390 1.0
6 542 1.0
6 585 1.0
6 893 1.0
7 3 1.0
7 145 1.0
7 566 1.0
7 576 1.0
7 784 1.0
7 798 1.0
7 920 1.0
8 180 1.0
8 257 1.0
8 397 1.0
8 454 1.0
8 518 1.0
8 537 1.0
8 634 1.0
8 750 1.0
8 862 1.0
9 59 1.0
9 385 1.0
9 701 1.0
10 254 1.0
10 400 1.0
10 613 1.0
10 901 1.0
11 128 1.0
11 349 1.0
11 375 1.0
11 486 1.0
11 609 1.0
11 810 1.0
12 2 1.0
12 199 1.0
12 362 1.0
12 474 1.0
12 756 1.0
13 105 1.0
13 223 1.0
13 484 1.0
13 745 1.0
13 798 1.0
13 869 1.0
13 874 1.0
14 39 1.0
14 186 1.0
14 357 1.0
14 504 1.0
14 674 1.0
15 174 1.0
15 252 1.0
15 407 1.0
15 426 1.0
15 622 1.0
15 661 1.0
15 710 1.0
16 40 1.0
16 64 1.0
16 277 1.0
16 484 1.0
16 643 1.0
16 654 1.0
16 884 1.0
17 16 1.0
17 526 1.0
18 285 1.0
18 299 1.0
18 318 1.0
18 496 1.0
18 702 1.0
19 182 1.0
19 333 1.0
19 372 1.0
19 462 1.0
19 713 1.0
19 747 1.0
19 935 1.0
20 98 1.0
20 120 1.0
20 328 1.0
20 438 1.0
20 521 1.0
20 580 1.0
20 637 1.0
21 154 1.0
21 803 1.0
21 852 1.0
22 253 1.0
22 408 1.0
22 585 1.0
22 680 1.0
22 716 1.0
22 796 1.0
22 846 1.0
23 3 1.0
23 41 1.0
23 211 1.0
23 436 1.0
23 469 1.0
23 516 1.0
23 588 1.0
23 767 1.0
24 86 1.0
24 149 1.0
24 338 1.0
24 660 1.0
24 889 1.0
25 157 1.0
25 213 1.0
25 242 1.0
25 338 1.0
25 471 1.0
25 717 1.0
26 132 1.0
26 134 1.0
26 162 1.0
26 252 1.0
26 292 1.0
26 545 1.0
26 550 1.0
26 567 1.0
27 2 1.0
27 144 1.0
27 181 1.0
27 450 1.0
27 612 1.0
27 630 1.0
27 648 1.0
27 662 1.0
27 687 1.0
27 793 1.0
27 870 1.0
28 24 1.0
28 164 1.0
28 181 1.0
28 367 1.0
28 553 1.0
28 680 1.0
28 714 1.0
29 103 1.0
29 212 1.0
29 315 1.0
29 338 1.0
29 457 1.0
29 923 1.0
30 22 1.0
30 120 1.0
30 192 1.0
30 282 1.0
30 492 1.0
30 538 1.0
30 575 1.0
30 603 1.0
30 661 1.0
30 772 1.0
30 783 1.0
31 897 1.0
32 73 1.0
32 100 1.0
32 554 1.0
32 679 1.0
32 826 1.0
32 935 1.0
33 180 1.0
33 630 1.0
34 187 1.0
34 219 1.0
34 279 1.0
34 458 1.0
34 729 1.0
34 820 1.0
34 879 1.0
35 105 1.0
35 237 1.0
35 286 1.0
35 408 1.0
35 503 1.0
35 606 1.0
36 17 1.0
36 220 1.0
36 347 1.0
36 605 1.0
36 676 1.0
37 82 1.0
37 114 1.0
37 334 1.0
37 774 1.0
37 871 1.0
38 248 1.0
38 392 1.0
38 458 1.0
39 239 1.0
39 362 1.0
39 548 1.0
39 555 1.0
39 604 1.0
39 614 1.0
39 717 1.0
39 841 1.0
40 566 1.0
41 23 1.0
41 76 1.0
41 277 1.0
41 412 1.0
41 446 1.0
41 454 1.0
41 705 1.0
42 36 1.0
42 160 1.0
43 241 1.0
43 253 1.0
43 291 1.0
43 424 1.0
43 957 1.0
44 23 1.0
44 34 1.0
44 52 1.0
44 69 1.0
44 147 1.0
44 220 1.0
44 232 1.0
44 238 1.0
44 249 1.0
44 427 1.0
44 518 1.0
44 637 1.0
44 750 1.0
45 263 1.0
45 273 1.0
45 345 1.0
45 407 1.0
45 576 1.0
45 595 1.0
45 642 1.0
45 761 1.0
45 764 1.0
45 841 1.0
46 19 1.0
46 84 1.0
46 110 1.0
46 113 1.0
46 116 1.0
46 159 1.0
46 663 1.0
46 731 1.0
47 203 1.0
47 211 1.0
47 279 1.0
47 359 1.0
47 913 1.0
48 26 1.0
48 53 1.0
48 339 1.0
48 458 1.0
48 524 1.0
48 721 1.0
49 44 1.0
49 149 1.0
49 221 1.0
49 385 1.0
49 514 1.0
49 792 1.0
49 806 1.0
49 808 1.0
50 200 1.0
50 373 1.0
50 413 1.0
50 468 1.0
50 537 1.0
50 553 1.0
50 631 1.0
50 642 1.0
50 758 1.0
50 808 1.0
51 278 1.0
51 300 1.0
51 451 1.0
51 491 1.0
51 499 1.0
51 677 1.0
51 688 1.0
51 713 1.0
51 790 1.0
52 64 1.0
52 262 1.0
52 362 1.0
52 666 1.0
53 107 1.0
53 174 1.0
53 294 1.0
53 356 1.0
53 499 1.0
53 646 1.0
53 758 1.0
53 780 1.0
54 862 1.0
55 11 1.0
55 217 1.0
55 254 1.0
55 279 1.0
55 299 1.0
55 559 1.0
55 595 1.0
55 716 1.0
55 768 1.0
56 278 1.0
56 333 1.0
56 620 1.0
57 183 1.0
57 694 1.0
58 335 1.0
58 432 1.0
58 456 1.0
58 499 1.0
58 547 1.0
58 659 1.0
58 712 1.0
59 13 1.0
59 168 1.0
59 226 1.0
59 244 1.0
59 314 1.0
59 490 1.0
59 497 1.0
59 539 1.0
59 559 1.0
59 802 1.0
59 935 1.0
60 25 1.0
60 375 1.0
60 866 1.0
60 963 1.0
61 184 1.0
61 311 1.0
61 426 1.0
61 570 1.0
62 90 1.0
62 377 1.0
62 491 1.0
62 644 1.0
62 721 1.0
62 820 1.0
63 55 1.0
63 152 1.0
63 265 1.0
63 332 1.0
63 369 1.0
63 373 1.0
63 686 1.0
63 807 1.0
64 160 1.0
64 261 1.0
64 480 1.0
64 569 1.0
64 588 1.0
64 792 1.0
65 197 1.0
65 242 1.0
65 617 1.0
65 854 1.0
66 18 1.0
66 343 1.0
66 364 1.0
66 424 1.0
66 438 1.0
66 573 1.0
66 807 1.0
66 927 1.0
67 151 1.0
67 184 1.0
67 346 1.0
68 7 1.0
68 132 1.0
68 475 1.0
68 813 1.0
69 386 1.0
69 537 1.0
69 857 1.0
70 85 1.0
70 98 1.0
70 263 1.0
70 375 1.0
70 416 1.0
70 692 1.0
70 694 1.0
70 714 1.0
70 838 1.0
71 21 1.0
71 395 1.0
71 496 1.0
71 858 1.0
71 892 1.0
71 933 1.0
72 96 1.0
72 132 1.0
72 344 1.0
72 505 1.0
72 627 1.0
72 645 1.0
72 675 1.0
72 699 1.0
72 747 1.0
72 821 1.0
73 51 1.0
73 308 1.0
73 752 1.0
74 141 1.0
74 161 1.0
74 266 1.0
74 319 1.0
74 351 1.0
74 500 1.0
74 689 1.0
74 872 1.0
74 963 1.0
75 187 1.0
75 337 1.0
75 423 1.0
75 622 1.0
75 711 1.0
75 772 1.0
75 854 1.0
75 874 1.0
76 13 1.0
76 132 1.0
76 251 1.0
76 488 1.0
76 645 1.0
76 717 1.0
76 773 1.0
76 799 1.0
76 950 1.0
77 327 1.0
77 333 1.0
77 374 1.0
77 397 1.0
77 590 1.0
77 835 1.0
78 168 1.0
78 764 1.0
79 52 1.0
79 546 1.0
79 563 1.0
80 51 1.0
80 165 1.0
80 172 1.0
80 236 1.0
80 304 1.0
80 358 1.0
80 440 1.0
80 502 1.0
80 562 1.0
80 863 1.0
81 374 1.0
81 413 1.0
81 433 1.0
81 435 1.0
81 511 1.0
81 567 1.0
81 896 1.0
82 86 1.0
82 221 1.0
82 299 1.0
82 319 1.0
82 428 1.0
82 812 1.0
82 866 1.0
83 238 1.0
83 317 1.0
83 326 1.0
83 327 1.0
83 375 1.0
83 559 1.0
83 618 1.0
83 640 1.0
83 862 1.0
84 52 1.0
84 95 1.0
84 161 1.0
84 184 1.0
84 382 1.0
85 709 1.0
85 760 1.0
85 833 1.0
86 89 1.0
86 170 1.0
86 174 1.0
86 206 1.0
86 427 1.0
86 471 1.0
86 786 1.0
86 849 1.0
86 871 1.0
87 276 1.0
87 546 1.0
87 557 1.0
87 741 1.0
87 893 1.0
88 16 1.0
88 83 1.0
88 126 1.0
88 127 1.0
88 263 1.0
88 365 1.0
88 405 1.0
88 529 1.0
88 642 1.0
88 749 1.0
88 753 1.0
88 796 1.0
88 822 1.0
89 387 1.0
89 787 1.0
89 800 1.0
89 808 1.0
90 65 1.0
90 79 1.0
90 176 1.0
90 553 1.0
90 686 1.0
90 804 1.0
90 865 1.0
90 898 1.0
91 146 1.0
91 189 1.0
91 327 1.0
91 402 1.0
91 442 1.0
91 448 1.0
91 738 1.0
91 813 1.0
92 10 1.0
92 603 1.0
92 694 1.0
92 702 1.0
92 876 1.0
92 931 1.0
93 184 1.0
93 264 1.0
93 321 1.0
93 457 1.0
93 496 1.0
93 560 1.0
93 703 1.0
93 842 1.0
93 946 1.0
94 10 1.0
94 174 1.0
94 454 1.0
94 706 1.0
94 766 1.0
94 772 1.0
95 82 1.0
95 503 1.0
95 740 1.0
95 804 1.0
95 834 1.0
95 878 1.0
96 707 1.0
96 728 1.0
96 787 1.0
97 1 1.0
97 177 1.0
97 208 1.0
97 290 1.0
97 298 1.0
97 448 1.0
97 699 1.0
97 715 1.0
98 285 1.0
98 417 1.0
98 647 1.0
98 951 1.0
99 68 1.0
99 180 1.0
99 182 1.0
99 186 1.0
99 471 1.0
99 584 1.0
99 638 1.0
99 672 1.0
99 715 1.0
99 851 1.0
99 862 1.0
100 350 1.0
100 521 1.0
100 568 1.0
100 626 1.0
100 758 1.0
100 839 1.0
101 111 1.0
101 292 1.0
101 509 1.0
101 839 1.0
101 935 1.0
102 179 1.0
102 328 1.0
102 388 1.0
102 766 1.0
102 837 1.0
102 939 1.0
103 11 1.0
103 142 1.0
103 144 1.0
103 430 1.0
103 470 1.0
103 482 1.0
103 561 1.0
104 6 1.0
104 21 1.0
104 118 1.0
104 210 1.0
104 315 1.0
104 448 1.0
104 603 1.0
104 663 1.0
104 704 1.0
104 752 1.0
104 879 1.0
105 271 1.0
105 522 1.0
105 598 1.0
105 852 1.0
106 63 1.0
106 410 1.0
106 507 1.0
106 704 1.0
107 196 1.0
107 304 1.0
107 780 1.0
107 876 1.0
108 141 1.0
108 245 1.0
108 331 1.0
108 366 1.0
108 462 1.0
108 519 1.0
108 540 1.0
108 634 1.0
108 802 1.0
108 819 1.0
109 119 1.0
109 186 1.0
109 225 1.0
109 536 1.0
110 147 1.0
110 156 1.0
110 345 1.0
110 388 1.0
111 33 1.0
111 88 1.0
111 332 1.0
111 385 1.0
111 543 1.0
111 563 1.0
111 692 1.0
112 44 1.0
112 223 1.0
112 478 1.0
112 515 1.0
112 792 1.0
112 960 1.0
113 180 1.0
113 585 1.0
113 707 1.0
113 859 1.0
114 122 1.0
114 147 1.0
114 213 1.0
114 245 1.0
114 255 1.0
114 451 1.0
114 842 1.0
115 423 1.0
115 479 1.0
115 499 1.0
115 846 1.0
116 123 1.0
116 528 1.0
116 615 1.0
116 855 1.0
116 890 1.0
117 20 1.0
117 99 1.0
117 116 1.0
117 383 1.0
117 386 1.0
117 873 1.0
118 217 1.0
118 233 1.0
118 412 1.0
118 542 1.0
118 559 1.0
118 620 1.0
118 715 1.0
118 799 1.0
118 802 1.0
119 195 1.0
119 322 1.0
119 402 1.0
119 679 1.0
119 865 1.0
120 117 1.0
120 179 1.0
120 395 1.0
120 756 1.0
120 882 1.0
121 16 1.0
121 225 1.0
121 434 1.0
121 494 1.0
121 538 1.0
122 67 1.0
122 527 1.0
122 613 1.0
123 70 1.0
123 185 1.0
123 596 1.0
123 700 1.0
123 725 1.0
123 782 1.0
123 869 1.0
123 875 1.0
124 113 1.0
124 185 1.0
124 223 1.0
124 445 1.0
124 451 1.0
124 537 1.0
124 577 1.0
124 768 1.0
125 5 1.0
125 557 1.0
125 830 1.0
126 94 1.0
126 290 1.0
126 768 1.0
126 877 1.0
126 905 1.0
127 159 1.0
127 559 1.0
127 755 1.0
128 132 1.0
128 465 1.0
128 492 1.0
128 634 1.0
128 676 1.0
129 25 1.0
129 33 1.0
129 376 1.0
129 431 1.0
129 455 1.0
129 484 1.0
129 497 1.0
129 845 1.0
129 920 1.0
130 69 1.0
130 164 1.0
130 186 1.0
130 305 1.0
130 494 1.0
130 676 1.0
130 772 1.0
130 820 1.0
130 896 1.0
130 926 1.0
131 365 1.0
131 772 1.0
131 873 1.0
132 14 1.0
132 104 1.0
132 154 1.0
132 189 1.0
132 438 1.0
132 482 1.0
132 741 1.0
132 759 1.0
132 894 1.0
133 44 1.0
133 64 1.0
133 407 1.0
133 442 1.0
133 710 1.0
134 228 1.0
134 321 1.0
134 384 1.0
134 395 1.0
134 556 1.0
134 557 1.0
134 619 1.0
134 752 1.0
134 810 1.0
135 55 1.0
135 381 1.0
135 384 1.0
135 565 1.0
136 86 1.0
136 156 1.0
136 314 1.0
136 424 1.0
136 762 1.0
136 917 1.0
137 364 1.0
137 400 1.0
137 439 1.0
137 451 1.0
137 877 1.0
138 0 1.0
138 368 1.0
138 513 1.0
138 587 1.0
138 690 1.0
139 570 1.0
140 195 1.0
140 326 1.0
140 548 1.0
140 691 1.0
140 950 1.0
141 71 1.0
141 90 1.0
141 398 1.0
141 411 1.0
141 536 1.0
141 630 1.0
142 73 1.0
142 189 1.0
142 286 1.0
142 359 1.0
142 396 1.0
142 778 1.0
142 788 1.0
142 816 1.0
142 819 1.0
143 13 1.0
143 38 1.0
143 74 1.0
143 144 1.0
143 423 1.0
144 3 1.0
144 155 1.0
144 193 1.0
144 441 1.0
144 579 1.0
144 822 1.0
145 11 1.0
145 321 1.0
145 501 1.0
145 510 1.0
145 520 1.0
145 589 1.0
145 640 1.0
145 680 1.0
145 895 1.0
145 931 1.0
146 36 1.0
146 57 1.0
146 277 1.0
146 407 1.0
146 751 1.0
146 761 1.0
146 795 1.0
147 387 1.0
147 406 1.0
147 436 1.0
147 518 1.0
147 529 1.0
147 683 1.0
147 722 1.0
147 749 1.0
147 758 1.0
148 210 1.0
148 379 1.0
148 575 1.0
148 591 1.0
148 715 1.0
149 108 1.0
149 152 1.0
149 477 1.0
149 551 1.0
149 593 1.0
149 888 1.0
150 216 1.0
150 610 1.0
151 257 1.0
151 416 1.0
151 483 1.0
151 866 1.0
152 65 1.0
152 119 1.0
152 286 1.0
152 346 1.0
152 813 1.0
153 262 1.0
153 285 1.0
153 356 1.0
153 528 1.0
153 627 1.0
153 807 1.0
154 52 1.0
154 171 1.0
154 472 1.0
154 558 1.0
154 691 1.0
155 26 1.0
155 34 1.0
155 56 1.0
155 328 1.0
155 352 1.0
155 594 1.0
155 665 1.0
155 718 1.0
156 262 1.0
156 324 1.0
156 441 1.0
156 476 1.0
156 560 1.0
156 829 1.0
157 149 1.0
157 332 1.0
157 470 1.0
157 674 1.0
157 809 1.0
158 246 1.0
158 251 1.0
158 321 1.0
158 378 1.0
158 636 1.0
158 850 1.0
159 303 1.0
159 532 1.0
160 464 1.0
160 726 1.0
161 139 1.0
161 145 1.0
161 318 1.0
161 416 1.0
161 522 1.0
161 641 1.0
162 31 1.0
162 273 1.0
162 280 1.0
162 388 1.0
162 416 1.0
162 590 1.0
162 757 1.0
163 113 1.0
163 416 1.0
163 447 1.0
163 575 1.0
163 774 1.0
163 935 1.0
164 274 1.0
164 279 1.0
164 469 1.0
164 502 1.0
164 724 1.0
164 763 1.0
164 815 1.0
165 7 1.0
165 65 1.0
165 204 1.0
165 489 1.0
165 716 1.0
165 828 1.0
166 29 1.0
166 31 1.0
166 118 1.0
166 421 1.0
166 554 1.0
166 817 1.0
166 828 1.0
166 962 1.0
167 42 1.0
167 180 1.0
167 365 1.0
167 586 1.0
167 765 1.0
168 46 1.0
168 623 1.0
168 808 1.0
168 899 1.0
169 3 1.0
169 244 1.0
169 283 1.0
169 332 1.0
169 370 1.0
169 384 1.0
169 702 1.0
169 762 1.0
169 770 1.0
170 297 1.0
170 413 1.0
170 766 1.0
170 770 1.0
170 773 1.0
170 829 1.0
170 853 1.0
171 100 1.0
171 135 1.0
171 238 1.0
171 244 1.0
171 465 1.0
171 616 1.0
171 763 1.0
172 284 1.0
172 771 1.0
172 775 1.0
172 805 1.0
172 929 1.0
173 112 1.0
173 185 1.0
173 422 1.0
173 703 1.0
173 778 1.0
174 132 1.0
174 141 1.0
174 239 1.0
174 283 1.0
174 373 1.0
175 154 1.0
175 215 1.0
175 268 1.0
176 140 1.0
176 197 1.0
176 219 1.0
176 222 1.0
176 232 1.0
176 329 1.0
176 331 1.0
176 465 1.0
176 499 1.0
176 544 1.0
176 618 1.0
176 922 1.0
177 101 1.0
177 449 1.0
177 508 1.0
177 612 1.0
177 615 1.0
177 743 1.0
177 796 1.0
178 228 1.0
178 348 1.0
178 937 1.0
179 115 1.0
179 131 1.0
179 280 1.0
179 318 1.0
179 771 1.0
179 820 1.0
180 101 1.0
180 192 1.0
180 202 1.0
180 392 1.0
180 405 1.0
181 34 1.0
181 204 1.0
181 500 1.0
182 162 1.0
182 343 1.0
182 349 1.0
182 772 1.0
182 831 1.0
182 846 1.0
182 904 1.0
183 185 1.0
183 540 1.0
183 629 1.0
183 665 1.0
183 752 1.0
184 506 1.0
184 534 1.0
184 696 1.0
184 710 1.0
184 728 1.0
184 751 1.0
184 794 1.0
185 516 1.0
186 24 1.0
186 137 1.0
186 268 1.0
186 383 1.0
186 416 1.0
186 431 1.0
186 458 1.0
186 677 1.0
186 728 1.0
186 740 1.0
186 839 1.0
186 856 1.0
187 69 1.0
187 226 1.0
187 229 1.0
187 265 1.0
187 294 1.0
187 852 1.0
187 854 1.0
188 16 1.0
188 74 1.0
188 147 1.0
188 180 1.0
188 427 1.0
188 448 1.0
188 484 1.0
188 530 1.0
188 548 1.0
188 569 1.0
188 686 1.0
188 712 1.0
189 363 1.0
189 463 1.0
189 655 1.0
190 241 1.0
190 361 1.0
190 393 1.0
190 659 1.0
190 671 1.0
190 774 1.0
190 872 1.0
191 205 1.0
191 489 1.0
191 605 1.0
191 651 1.0
191 810 1.0
192 639 1.0
192 646 1.0
192 759 1.0
192 840 1.0
192 904 1.0
192 909 1.0
193 18 1.0
193 27 1.0
193 171 1.0
193 638 1.0
193 717 1.0
193 743 1.0
193 785 1.0
193 846 1.0
194 156 1.0
194 343 1.0
194 449 1.0
194 690 1.0
194 720 1.0
195 1 1.0
195 159 1.0
195 278 1.0
195 307 1.0
195 321 1.0
195 450 1.0
196 49 1.0
196 245 1.0
196 258 1.0
196 408 1.0
196 410 1.0
196 634 1.0
196 698 1.0
196 764 1.0
196 771 1.0
197 373 1.0
197 724 1.0
197 765 1.0
198 242 1.0
198 324 1.0
198 468 1.0
198 586 1.0
198 623 1.0
198 765 1.0
198 790 1.0
199 13 1.0
199 67 1.0
199 84 1.0
199 108 1.0
199 393 1.0
199 442 1.0
199 454 1.0
199 746 1.0
199 863 1.0
200 89 1.0
200 348 1.0
200 449 1.0
200 608 1.0
200 834 1.0
200 901 1.0
201 7 1.0
201 89 1.0
201 476 1.0
201 491 1.0
201 595 1.0
201 668 1.0
201 719 1.0
201 868 1.0
201 964 1.0
202 249 1.0
202 309 1.0
202 361 1.0
202 560 1.0
202 632 1.0
203 30 1.0
203 80 1.0
203 117 1.0
203 141 1.0
203 152 1.0
203 248 1.0
203 493 1.0
203 507 1.0
203 897 1.0
204 48 1.0
204 226 1.0
204 784 1.0
205 212 1.0
205 238 1.0
205 241 1.0
205 361 1.0
205 531 1.0
205 569 1.0
205 715 1.0
205 840 1.0
206 30 1.0
206 33 1.0
206 107 1.0
206 283 1.0
206 346 1.0
206 454 1.0
206 761 1.0
207 52 1.0
207 83 1.0
207 92 1.0
207 332 1.0
207 334 1.0
207 342 1.0
207 357 1.0
207 469 1.0
207 587 1.0
207 656 1.0
208 186 1.0
208 190 1.0
208 298 1.0
208 496 1.0
208 676 1.0
209 144 1.0
209 160 1.0
209 174 1.0
209 292 1.0
209 549 1.0
210 225 1.0
210 687 1.0
210 741 1.0
210 900 1.0
211 186 1.0
211 247 1.0
211 451 1.0
211 471 1.0
211 662 1.0
211 696 1.0
211 808 1.0
211 825 1.0
211 902 1.0
212 125 1.0
212 461 1.0
212 615 1.0
212 708 1.0
213 144 1.0
213 183 1.0
213 228 1.0
213 285 1.0
213 421 1.0
213 599 1.0
214 79 1.0
214 684 1.0
215 150 1.0
215 153 1.0
215 307 1.0
215 416 1.0
215 558 1.0
215 604 1.0
215 677 1.0
216 199 1.0
216 547 1.0
216 812 1.0
216 848 1.0
216 951 1.0
217 180 1.0
217 200 1.0
217 219 1.0
217 291 1.0
217 502 1.0
217 672 1.0
217 798 1.0
218 100 1.0
218 322 1.0
218 549 1.0
218 628 1.0
218 764 1.0
219 175 1.0
219 466 1.0
219 490 1.0
219 500 1.0
219 514 1.0
219 718 1.0
219 733 1.0
220 73 1.0
220 211 1.0
220 360 1.0
220 393 1.0
220 624 1.0
220 703 1.0
220 825 1.0
220 871 1.0
221 20 1.0
221 186 1.0
221 217 1.0
221 224 1.0
221 269 1.0
221 379 1.0
221 512 1.0
221 616 1.0
221 845 1.0
222 13 1.0
222 48 1.0
222 99 1.0
222 530 1.0
223 492 1.0
223 591 1.0
223 645 1.0
223 699 1.0
223 793 1.0
223 801 1.0
224 0 1.0
224 67 1.0
224 451 1.0
224 875 1.0
224 956 1.0
225 124 1.0
225 236 1.0
226 235 1.0
226 345 1.0
226 534 1.0
226 673 1.0
227 299 1.0
227 366 1.0
227 386 1.0
227 397 1.0
227 594 1.0
227 720 1.0
228 20 1.0
228 477 1.0
228 834 1.0
228 843 1.0
228 947 1.0
228 961 1.0
229 83 1.0
229 256 1.0
229 700 1.0
229 708 1.0
229 710 1.0
230 30 1.0
230 150 1.0
230 208 1.0
230 623 1.0
230 828 1.0
230 871 1.0
231 112 1.0
231 118 1.0
231 134 1.0
231 318 1.0
231 728 1.0
232 311 1.0
232 384 1.0
232 456 1.0
232 941 1.0
233 21 1.0
233 120 1.0
233 152 1.0
233 312 1.0
233 328 1.0
233 353 1.0
233 365 1.0
233 406 1.0
233 482 1.0
233 486 1.0
233 565 1.0
234 173 1.0
234 649 1.0
234 836 1.0
235 153 1.0
235 701 1.0
235 842 1.0
235 857 1.0
236 15 1.0
236 348 1.0
236 412 1.0
236 553 1.0
236 581 1.0
236 700 1.0
236 922 1.0
236 953 1.0
237 16 1.0
237 186 1.0
237 255 1.0
237 446 1.0
237 506 1.0
237 511 1.0
237 736 1.0
238 104 1.0
238 241 1.0
238 518 1.0
238 658 1.0
238 736 1.0
239 233 1.0
239 373 1.0
239 425 1.0
239 562 1.0
239 613 1.0
239 799 1.0
240 21 1.0
240 71 1.0
240 111 1.0
240 250 1.0
240 273 1.0
240 418 1.0
240 433 1.0
240 467 1.0
240 687 1.0
240 775 1.0
241 121 1.0
241 385 1.0
241 485 1.0
242 216 1.0
242 265 1.0
242 440 1.0
242 446 1.0
242 547 1.0
242 567 1.0
242 570 1.0
242 946 1.0
242 956 1.0
243 180 1.0
243 474 1.0
243 872 1.0
244 5 1.0
244 38 1.0
244 219 1.0
244 239 1.0
244 595 1.0
245 70 1.0
245 157 1.0
245 240 1.0
245 282 1.0
245 338 1.0
245 467 1.0
245 645 1.0
245 688 1.0
245 774 1.0
245 964 1.0
246 285 1.0
246 407 1.0
246 514 1.0
246 766 1.0
247 39 1.0
247 192 1.0
247 272 1.0
247 348 1.0
247 410 1.0
247 414 1.0
247 442 1.0
247 499 1.0
247 545 1.0
247 575 1.0
247 618 1.0
247 695 1.0
247 696 1.0
247 803 1.0
248 75 1.0
248 118 1.0
248 163 1.0
248 305 1.0
248 639 1.0
248 714 1.0
248 793 1.0
248 800 1.0
249 97 1.0
249 112 1.0
249 116 1.0
249 283 1.0
249 511 1.0
249 552 1.0
249 642 1.0
249 724 1.0
249 769 1.0
250 20 1.0
250 105 1.0
250 255 1.0
250 499 1.0
250 672 1.0
251 1 1.0
251 207 1.0
251 267 1.0
251 485 1.0
251 618 1.0
251 767 1.0
251 815 1.0
251 917 1.0
252 320 1.0
252 472 1.0
252 517 1.0
252 852 1.0
253 708 1.0
253 811 1.0
253 964 1.0
254 1 1.0
254 74 1.0
254 220 1.0
254 473 1.0
254 520 1.0
254 747 1.0
254 821 1.0
254 940 1.0
255 57 1.0
255 530 1.0
255 636 1.0
255 744 1.0
255 832 1.0
255 941 1.0
256 26 1.0
256 207 1.0
256 445 1.0
256 473 1.0
256 494 1.0
256 549 1.0
256 729 1.0
256 816 1.0
257 94 1.0
257 184 1.0
257 244 1.0
257 387 1.0
257 632 1.0
257 700 1.0
257 722 1.0
257 784 1.0
258 390 1.0
258 426 1.0
258 439 1.0
258 455 1.0
258 477 1.0
258 589 1.0
259 54 1.0
259 302 1.0
259 436 1.0
259 541 1.0
259 730 1.0
259 767 1.0
260 149 1.0
260 308 1.0
260 399 1.0
260 457 1.0
260 686 1.0
260 692 1.0
260 854 1.0
261 177 1.0
261 257 1.0
261 806 1.0
262 6 1.0
262 67 1.0
262 94 1.0
262 118 1.0
262 189 1.0
262 367 1.0
262 446 1.0
262 468 1.0
262 536 1.0
262 607 1.0
262 739 1.0
262 791 1.0
262 849 1.0
263 54 1.0
263 73 1.0
263 148 1.0
263 380 1.0
263 500 1.0
263 834 1.0
264 62 1.0
264 154 1.0
264 277 1.0
264 316 1.0
264 558 1.0
264 639 1.0
264 764 1.0
264 768 1.0
265 9 1.0
265 153 1.0
265 345 1.0
265 411 1.0
265 428 1.0
265 875 1.0
265 888 1.0
265 960 1.0
266 74 1.0
266 418 1.0
266 470 1.0
266 548 1.0
266 579 1.0
266 585 1.0
266 712 1.0
267 5 1.0
267 90 1.0
267 292 1.0
267 446 1.0
267 780 1.0
267 842 1.0
267 936 1.0
268 93 1.0
268 214 1.0
268 918 1.0
269 27 1.0
269 54 1.0
269 88 1.0
269 196 1.0
269 277 1.0
269 333 1.0
269 377 1.0
269 443 1.0
269 472 1.0
269 717 1.0
269 891 1.0
270 142 1.0
270 162 1.0
270 328 1.0
270 621 1.0
270 658 1.0
270 735 1.0
271 58 1.0
271 291 1.0
271 485 1.0
271 527 1.0
271 541 1.0
272 103 1.0
272 409 1.0
272 529 1.0
272 723 1.0
272 811 1.0
272 930 1.0
273 175 1.0
273 281 1.0
273 780 1.0
273 871 1.0
273 879 1.0
274 227 1.0
274 246 1.0
274 267 1.0
274 591 1.0
274 654 1.0
274 675 1.0
274 731 1.0
274 747 1.0
275 113 1.0
275 332 1.0
275 466 1.0
275 540 1.0
275 563 1.0
275 624 1.0
275 869 1.0
276 120 1.0
276 214 1.0
276 288 1.0
276 376 1.0
276 469 1.0
276 536 1.0
276 710 1.0
276 905 1.0
277 17 1.0
277 426 1.0
277 499 1.0
277 553 1.0
277 647 1.0
278 447 1.0
279 55 1.0
279 79 1.0
279 442 1.0
279 692 1.0
279 742 1.0
279 744 1.0
279 823 1.0
280 53 1.0
280 154 1.0
280 406 1.0
280 623 1.0
280 834 1.0
281 40 1.0
281 240 1.0
281 695 1.0
281 828 1.0
282 91 1.0
282 252 1.0
282 541 1.0
282 578 1.0
283 691 1.0
283 851 1.0
283 854 1.0
284 19 1.0
284 254 1.0
284 366 1.0
284 439 1.0
284 586 1.0
284 610 1.0
284 617 1.0
284 697 1.0
284 764 1.0
284 956 1.0
285 280 1.0
285 663 1.0
285 859 1.0
286 89 1.0
286 382 1.0
286 513 1.0
286 779 1.0
286 929 1.0
287 313 1.0
287 352 1.0
287 559 1.0
287 585 1.0
287 649 1.0
287 908 1.0
288 174 1.0
288 177 1.0
288 570 1.0
289 181 1.0
289 322 1.0
289 355 1.0
289 382 1.0
289 410 1.0
289 441 1.0
289 755 1.0
290 177 1.0
290 416 1.0
290 558 1.0
290 688 1.0
290 818 1.0
290 864 1.0
290 952 1.0
291 125 1.0
291 145 1.0
291 398 1.0
291 444 1.0
291 534 1.0
291 544 1.0
292 286 1.0
292 366 1.0
292 793 1.0
293 67 1.0
293 80 1.0
293 226 1.0
293 800 1.0
294 41 1.0
294 139 1.0
294 373 1.0
294 391 1.0
294 498 1.0
294 526 1.0
294 609 1.0
294 754 1.0
295 84 1.0
295 217 1.0
295 298 1.0
295 344 1.0
295 528 1.0
295 616 1.0
295 628 1.0
295 652 1.0
295 784 1.0
295 927 1.0
296 49 1.0
296 163 1.0
296 522 1.0
297 52 1.0
297 344 1.0
297 450 1.0
297 536 1.0
297 538 1.0
297 543 1.0
297 685 1.0
297 834 1.0
298 190 1.0
298 349 1.0
298 351 1.0
298 596 1.0
298 775 1.0
298 815 1.0
298 817 1.0
299 121 1.0
299 168 1.0
299 271 1.0
299 273 1.0
299 480 1.0
299 581 1.0
299 598 1.0
299 711 1.0
299 940 1.0
300 495 1.0
300 692 1.0
300 707 1.0
300 877 1.0
301 193 1.0
301 381 1.0
301 492 1.0
301 532 1.0
301 560 1.0
301 767 1.0
301 897 1.0
302 24 1.0
302 236 1.0
302 270 1.0
302 314 1.0
302 454 1.0
302 494 1.0
302 534 1.0
302 787 1.0
302 804 1.0
303 158 1.0
303 258 1.0
303 366 1.0
303 374 1.0
303 852 1.0
304 219 1.0
305 365 1.0
305 471 1.0
305 497 1.0
305 773 1.0
305 774 1.0
305 811 1.0
306 171 1.0
306 198 1.0
306 218 1.0
306 466 1.0
306 670 1.0
306 704 1.0
306 780 1.0
306 913 1.0
307 164 1.0
307 334 1.0
307 382 1.0
307 679 1.0
307 957 1.0
308 21 1.0
308 564 1.0
308 902 1.0
309 65 1.0
309 111 1.0
309 280 1.0
309 428 1.0
309 663 1.0
309 790 1.0
310 139 1.0
310 184 1.0
310 216 1.0
310 358 1.0
310 554 1.0
311 370 1.0
311 659 1.0
312 120 1.0
312 219 1.0
312 244 1.0
312 384 1.0
312 510 1.0
312 511 1.0
312 691 1.0
312 839 1.0
313 185 1.0
313 325 1.0
313 334 1.0
313 351 1.0
313 406 1.0
313 420 1.0
313 424 1.0
314 43 1.0
314 150 1.0
314 214 1.0
314 293 1.0
314 355 1.0
314 500 1.0
315 682 1.0
315 763 1.0
315 767 1.0
316 96 1.0
316 107 1.0
317 144 1.0
317 686 1.0
317 711 1.0
317 742 1.0
317 960 1.0
318 65 1.0
318 143 1.0
318 216 1.0
318 312 1.0
318 354 1.0
318 382 1.0
318 499 1.0
318 759 1.0
319 158 1.0
319 233 1.0
319 364 1.0
319 746 1.0
320 872 1.0
320 939 1.0
321 32 1.0
321 64 1.0
321 148 1.0
321 384 1.0
321 537 1.0
321 616 1.0
321 736 1.0
321 813 1.0
321 848 1.0
321 868 1.0
322 175 1.0
322 222 1.0
322 254 1.0
322 451 1.0
322 508 1.0
322 624 1.0
322 629 1.0
322 686 1.0
322 866 1.0
322 889 1.0
323 42 1.0
323 181 1.0
323 203 1.0
323 539 1.0
323 597 1.0
323 755 1.0
323 866 1.0
323 888 1.0
324 170 1.0
324 257 1.0
324 505 1.0
324 589 1.0
324 654 1.0
324 708 1.0
324 761 1.0
324 928 1.0
325 308 1.0
325 345 1.0
325 486 1.0
325 820 1.0
326 702 1.0
326 723 1.0
327 546 1.0
327 705 1.0
328 551 1.0
328 713 1.0
328 827 1.0
328 936 1.0
329 751 1.0
329 819 1.0
330 30 1.0
330 438 1.0
330 505 1.0
330 570 1.0
331 17 1.0
331 89 1.0
331 182 1.0
331 257 1.0
331 322 1.0
331 434 1.0
331 496 1.0
331 687 1.0
332 145 1.0
332 161 1.0
332 230 1.0
332 306 1.0
332 364 1.0
332 725 1.0
332 871 1.0
332 883 1.0
333 3 1.0
333 342 1.0
333 400 1.0
333 537 1.0
333 723 1.0
333 765 1.0
334 15 1.0
334 167 1.0
334 313 1.0
334 704 1.0
334 872 1.0
335 148 1.0
335 225 1.0
335 422 1.0
335 581 1.0
335 623 1.0
335 774 1.0
336 110 1.0
336 683 1.0
336 699 1.0
337 2 1.0
337 147 1.0
337 235 1.0
337 267 1.0
337 919 1.0
338 2 1.0
338 11 1.0
338 117 1.0
338 162 1.0
338 252 1.0
338 432 1.0
338 447 1.0
338 609 1.0
339 204 1.0
339 451 1.0
339 585 1.0
339 661 1.0
339 687 1.0
340 422 1.0
340 437 1.0
340 626 1.0
340 832 1.0
341 233 1.0
341 409 1.0
341 599 1.0
341 667 1.0
341 777 1.0
342 6 1.0
342 19 1.0
342 213 1.0
342 236 1.0
342 255 1.0
342 594 1.0
342 745 1.0
343 223 1.0
343 270 1.0
343 277 1.0
343 429 1.0
343 566 1.0
343 687 1.0
343 732 1.0
343 850 1.0
344 4 1.0
344 122 1.0
344 197 1.0
344 244 1.0
344 353 1.0
344 423 1.0
344 497 1.0
344 499 1.0
344 622 1.0
344 748 1.0
344 854 1.0
345 18 1.0
345 34 1.0
345 79 1.0
345 214 1.0
345 218 1.0
345 287 1.0
345 495 1.0
345 669 1.0
345 746 1.0
345 837 1.0
346 95 1.0
346 320 1.0
346 522 1.0
346 675 1.0
347 208 1.0
347 325 1.0
347 774 1.0
347 787 1.0
348 33 1.0
348 174 1.0
348 318 1.0
348 323 1.0
348 444 1.0
348 737 1.0
348 761 1.0
348 869 1.0
349 265 1.0
349 328 1.0
349 619 1.0
349 629 1.0
349 664 1.0
349 953 1.0
350 316 1.0
350 454 1.0
350 671 1.0
351 185 1.0
351 414 1.0
351 617 1.0
351 707 1.0
351 837 1.0
351 861 1.0
352 15 1.0
352 132 1.0
352 332 1.0
352 392 1.0
352 824 1.0
353 215 1.0
353 295 1.0
353 360 1.0
353 405 1.0
353 480 1.0
353 525 1.0
353 635 1.0
354 22 1.0
354 106 1.0
354 225 1.0
354 229 1.0
354 341 1.0
354 528 1.0
354 545 1.0
354 697 1.0
355 31 1.0
355 124 1.0
355 213 1.0
355 439 1.0
355 465 1.0
355 598 1.0
355 741 1.0
355 825 1.0
356 748 1.0
357 184 1.0
357 274 1.0
357 377 1.0
357 381 1.0
357 423 1.0
357 531 1.0
357 689 1.0
358 36 1.0
358 126 1.0
358 140 1.0
358 193 1.0
358 351 1.0
358 575 1.0
359 183 1.0
359 232 1.0
359 293 1.0
359 409 1.0
359 561 1.0
360 29 1.0
360 58 1.0
360 128 1.0
360 235 1.0
360 320 1.0
360 635 1.0
360 685 1.0
361 36 1.0
361 38 1.0
361 129 1.0
361 378 1.0
361 489 1.0
362 179 1.0
362 288 1.0
362 570 1.0
362 584 1.0
362 708 1.0
362 739 1.0
362 823 1.0
363 33 1.0
363 118 1.0
363 555 1.0
363 582 1.0
364 57 1.0
364 241 1.0
364 318 1.0
364 351 1.0
364 546 1.0
364 549 1.0
364 860 1.0
364 867 1.0
365 68 1.0
365 165 1.0
365 201 1.0
365 257 1.0
365 284 1.0
365 363 1.0
365 682 1.0
365 732 1.0
365 943 1.0
366 578 1.0
366 592 1.0
367 152 1.0
367 365 1.0
367 535 1.0
367 585 1.0
367 615 1.0
367 794 1.0
367 797 1.0
368 184 1.0
368 185 1.0
368 369 1.0
368 487 1.0
368 596 1.0
368 759 1.0
368 829 1.0
368 904 1.0
369 750 1.0
369 756 1.0
370 131 1.0
370 174 1.0
370 540 1.0
370 556 1.0
370 609 1.0
370 612 1.0
370 668 1.0
370 770 1.0
370 790 1.0
371 289 1.0
371 512 1.0
371 594 1.0
371 595 1.0
371 668 1.0
371 735 1.0
371 739 1.0
371 781 1.0
371 809 1.0
371 842 1.0
371 848 1.0
372 424 1.0
372 514 1.0
372 850 1.0
372 924 1.0
373 51 1.0
373 316 1.0
373 453 1.0
373 487 1.0
373 521 1.0
373 828 1.0
374 81 1.0
374 346 1.0
374 510 1.0
374 886 1.0
375 42 1.0
375 45 1.0
375 130 1.0
375 170 1.0
375 242 1.0
375 273 1.0
375 468 1.0
375 548 1.0
375 702 1.0
376 40 1.0
376 115 1.0
376 163 1.0
376 326 1.0
376 446 1.0
376 572 1.0
377 0 1.0
377 186 1.0
377 297 1.0
377 352 1.0
377 825 1.0
378 118 1.0
378 247 1.0
378 690 1.0
378 714 1.0
379 2 1.0
379 110 1.0
379 167 1.0
379 252 1.0
379 398 1.0
379 528 1.0
379 551 1.0
379 576 1.0
380 533 1.0
381 123 1.0
381 474 1.0
381 698 1.0
381 713 1.0
382 144 1.0
382 187 1.0
382 248 1.0
382 261 1.0
382 381 1.0
382 669 1.0
383 51 1.0
383 67 1.0
383 415 1.0
383 487 1.0
383 513 1.0
383 745 1.0
383 783 1.0
384 90 1.0
384 363 1.0
384 418 1.0
384 439 1.0
384 843 1.0
384 907 1.0
384 936 1.0
385 23 1.0
385 61 1.0
385 334 1.0
385 398 1.0
385 489 1.0
385 743 1.0
385 891 1.0
385 927 1.0
386 50 1.0
386 241 1.0
386 402 1.0
386 432 1.0
386 578 1.0
386 630 1.0
386 814 1.0
386 832 1.0
386 858 1.0
387 31 1.0
387 102 1.0
387 368 1.0
387 431 1.0
387 572 1.0
388 410 1.0
388 444 1.0
388 565 1.0
389 53 1.0
389 206 1.0
389 270 1.0
389 421 1.0
389 664 1.0
389 889 1.0
389 923 1.0
390 203 1.0
390 277 1.0
390 508 1.0
390 667 1.0
390 937 1.0
390 958 1.0
391 106 1.0
391 186 1.0
391 212 1.0
391 253 1.0
391 438 1.0
391 858 1.0
391 865 1.0
392 109 1.0
392 233 1.0
392 377 1.0
392 515 1.0
392 548 1.0
393 10 1.0
393 261 1.0
393 390 1.0
393 516 1.0
393 527 1.0
393 564 1.0
393 570 1.0
393 616 1.0
393 627 1.0
393 692 1.0
394 18 1.0
394 98 1.0
394 165 1.0
394 222 1.0
394 347 1.0
394 464 1.0
394 505 1.0
394 625 1.0
394 786 1.0
395 157 1.0
395 360 1.0
395 427 1.0
395 466 1.0
395 557 1.0
395 600 1.0
395 741 1.0
395 831 1.0
395 846 1.0
395 911 1.0
396 287 1.0
396 311 1.0
396 445 1.0
396 478 1.0
396 555 1.0
396 674 1.0
396 735 1.0
396 958 1.0
397 16 1.0
397 121 1.0
397 140 1.0
397 272 1.0
397 477 1.0
397 567 1.0
397 698 1.0
397 737 1.0
398 35 1.0
398 55 1.0
398 365 1.0
398 504 1.0
398 587 1.0
398 646 1.0
398 819 1.0
399 113 1.0
399 312 1.0
399 330 1.0
399 497 1.0
399 531 1.0
399 655 1.0
400 32 1.0
400 284 1.0
400 566 1.0
401 168 1.0
401 192 1.0
401 442 1.0
401 871 1.0
402 106 1.0
402 169 1.0
402 198 1.0
402 406 1.0
402 582 1.0
402 693 1.0
402 699 1.0
402 879 1.0
402 952 1.0
403 73 1.0
403 409 1.0
403 896 1.0
403 929 1.0
404 139 1.0
404 397 1.0
404 437 1.0
404 597 1.0
404 665 1.0
404 951 1.0
405 228 1.0
405 275 1.0
405 367 1.0
405 373 1.0
405 404 1.0
405 459 1.0
405 468 1.0
405 492 1.0
405 522 1.0
405 591 1.0
405 912 1.0
406 480 1.0
406 821 1.0
406 888 1.0
407 366 1.0
407 370 1.0
408 218 1.0
408 420 1.0
408 603 1.0
408 850 1.0
408 928 1.0
409 652 1.0
409 733 1.0
410 169 1.0
410 182 1.0
410 280 1.0
410 345 1.0
410 362 1.0
410 364 1.0
410 406 1.0
410 708 1.0
410 720 1.0
411 32 1.0
411 38 1.0
411 80 1.0
411 629 1.0
411 642 1.0
411 719 1.0
411 831 1.0
411 848 1.0
411 890 1.0
412 60 1.0
412 181 1.0
412 243 1.0
412 250 1.0
412 341 1.0
412 739 1.0
412 904 1.0
413 78 1.0
413 92 1.0
413 128 1.0
413 489 1.0
413 537 1.0
413 607 1.0
414 50 1.0
414 150 1.0
414 305 1.0
414 470 1.0
414 557 1.0
415 139 1.0
415 205 1.0
415 440 1.0
415 449 1.0
415 504 1.0
415 573 1.0
415 863 1.0
416 36 1.0
416 178 1.0
416 723 1.0
416 844 1.0
416 954 1.0
417 48 1.0
417 432 1.0
417 433 1.0
417 719 1.0
418 224 1.0
418 349 1.0
418 543 1.0
418 588 1.0
418 629 1.0
418 670 1.0
418 800 1.0
419 222 1.0
419 228 1.0
419 345 1.0
419 417 1.0
419 638 1.0
419 703 1.0
419 791 1.0
420 17 1.0
420 48 1.0
420 341 1.0
420 531 1.0
420 557 1.0
420 705 1.0
421 206 1.0
421 559 1.0
421 684 1.0
421 858 1.0
421 958 1.0
422 93 1.0
422 125 1.0
422 168 1.0
422 316 1.0
422 500 1.0
422 597 1.0
422 676 1.0
422 804 1.0
423 165 1.0
423 583 1.0
423 672 1.0
423 860 1.0
423 931 1.0
423 951 1.0
424 47 1.0
424 324 1.0
424 334 1.0
424 770 1.0
425 70 1.0
425 765 1.0
426 55 1.0
426 66 1.0
426 73 1.0
426 277 1.0
426 815 1.0
426 832 1.0
426 876 1.0
426 889 1.0
426 965 1.0
427 342 1.0
427 394 1.0
427 464 1.0
427 563 1.0
427 600 1.0
427 766 1.0
427 813 1.0
427 917 1.0
428 616 1.0
428 922 1.0
429 54 1.0
429 94 1.0
429 297 1.0
429 370 1.0
429 542 1.0
430 18 1.0
430 52 1.0
430 600 1.0
430 680 1.0
430 790 1.0
430 811 1.0
431 243 1.0
431 318 1.0
431 348 1.0
431 437 1.0
431 449 1.0
431 549 1.0
431 597 1.0
431 660 1.0
431 745 1.0
431 823 1.0
431 893 1.0
432 166 1.0
432 300 1.0
432 312 1.0
432 481 1.0
432 526 1.0
432 577 1.0
432 834 1.0
433 322 1.0
433 342 1.0
433 439 1.0
433 553 1.0
433 727 1.0
433 830 1.0
433 859 1.0
434 216 1.0
434 437 1.0
434 552 1.0
434 676 1.0
434 677 1.0
434 713 1.0
434 822 1.0
434 912 1.0
435 50 1.0
435 434 1.0
436 24 1.0
436 53 1.0
436 90 1.0
436 322 1.0
436 361 1.0
436 709 1.0
436 787 1.0
436 892 1.0
437 139 1.0
437 265 1.0
437 381 1.0
437 741 1.0
437 848 1.0
437 879 1.0
437 887 1.0
437 935 1.0
438 645 1.0
438 741 1.0
438 810 1.0
439 440 1.0
439 592 1.0
440 36 1.0
440 44 1.0
440 308 1.0
440 721 1.0
440 753 1.0
441 73 1.0
441 148 1.0
441 200 1.0
441 225 1.0
441 489 1.0
441 588 1.0
441 738 1.0
442 97 1.0
442 172 1.0
442 541 1.0
442 758 1.0
443 133 1.0
443 403 1.0
443 616 1.0
443 731 1.0
443 765 1.0
443 832 1.0
444 205 1.0
444 802 1.0
444 817 1.0
445 456 1.0
445 612 1.0
445 745 1.0
446 355 1.0
446 431 1.0
446 475 1.0
446 523 1.0
446 620 1.0
446 627 1.0
446 649 1.0
446 788 1.0
447 584 1.0
448 489 1.0
448 590 1.0
448 727 1.0
448 758 1.0
448 944 1.0
449 135 1.0
449 156 1.0
449 352 1.0
449 499 1.0
449 629 1.0
449 633 1.0
450 38 1.0
450 143 1.0
450 154 1.0
450 207 1.0
450 348 1.0
450 510 1.0
450 682 1.0
451 123 1.0
451 357 1.0
451 374 1.0
451 751 1.0
452 52 1.0
452 90 1.0
452 129 1.0
452 186 1.0
452 324 1.0
452 381 1.0
452 612 1.0
452 946 1.0
452 948 1.0
453 209 1.0
453 760 1.0
453 949 1.0
454 125 1.0
454 243 1.0
454 320 1.0
454 381 1.0
454 596 1.0
454 606 1.0
454 639 1.0
455 112 1.0
455 167 1.0
455 307 1.0
455 310 1.0
455 462 1.0
455 490 1.0
455 547 1.0
456 53 1.0
456 203 1.0
456 264 1.0
456 431 1.0
456 643 1.0
456 948 1.0
457 91 1.0
457 158 1.0
457 217 1.0
457 224 1.0
457 796 1.0
458 25 1.0
458 116 1.0
458 666 1.0
459 355 1.0
459 457 1.0
459 498 1.0
459 670 1.0
460 516 1.0
460 551 1.0
460 702 1.0
460 754 1.0
460 788 1.0
460 889 1.0
461 10 1.0
461 361 1.0
461 595 1.0
461 596 1.0
461 619 1.0
461 623 1.0
461 694 1.0
461 792 1.0
461 844 1.0
462 185 1.0
462 508 1.0
462 529 1.0
462 628 1.0
462 657 1.0
462 672 1.0
462 739 1.0
462 751 1.0
463 82 1.0
463 222 1.0
463 253 1.0
463 273 1.0
464 21 1.0
464 79 1.0
464 176 1.0
464 193 1.0
464 198 1.0
464 415 1.0
464 446 1.0
464 572 1.0
464 639 1.0
464 763 1.0
465 11 1.0
465 95 1.0
465 136 1.0
465 230 1.0
465 341 1.0
465 527 1.0
466 188 1.0
466 220 1.0
466 227 1.0
466 253 1.0
466 565 1.0
466 624 1.0
467 85 1.0
467 395 1.0
467 643 1.0
467 769 1.0
468 447 1.0
468 569 1.0
468 726 1.0
468 779 1.0
469 146 1.0
469 251 1.0
469 367 1.0
469 505 1.0
469 840 1.0
469 845 1.0
469 891 1.0
469 962 1.0
470 448 1.0
470 518 1.0
470 762 1.0
470 950 1.0
471 2 1.0
471 42 1.0
471 343 1.0
471 551 1.0
471 754 1.0
471 767 1.0
471 786 1.0
471 806 1.0
471 823 1.0
471 825 1.0
472 174 1.0
472 243 1.0
472 278 1.0
472 524 1.0
472 583 1.0
472 715 1.0
473 147 1.0
473 327 1.0
473 437 1.0
473 488 1.0
473 621 1.0
473 824 1.0
473 840 1.0
474 28 1.0
474 365 1.0
474 397 1.0
474 471 1.0
474 494 1.0
474 567 1.0
474 613 1.0
474 723 1.0
474 761 1.0
475 22 1.0
475 452 1.0
475 569 1.0
475 596 1.0
475 663 1.0
475 666 1.0
475 716 1.0
475 885 1.0
476 32 1.0
476 121 1.0
476 293 1.0
476 455 1.0
476 703 1.0
476 799 1.0
476 857 1.0
477 519 1.0
477 593 1.0
477 671 1.0
477 710 1.0
477 942 1.0
478 473 1.0
478 514 1.0
478 549 1.0
478 740 1.0
478 749 1.0
479 77 1.0
479 208 1.0
479 343 1.0
479 671 1.0
479 695 1.0
479 852 1.0
480 566 1.0
480 806 1.0
480 877 1.0
480 908 1.0
481 119 1.0
481 160 1.0
481 366 1.0
481 492 1.0
481 556 1.0
481 601 1.0
481 610 1.0
481 620 1.0
482 181 1.0
482 481 1.0
482 557 1.0
482 618 1.0
482 704 1.0
482 709 1.0
482 726 1.0
483 65 1.0
483 159 1.0
483 431 1.0
483 433 1.0
483 459 1.0
483 462 1.0
483 518 1.0
483 563 1.0
483 695 1.0
483 796 1.0
483 954 1.0
484 71 1.0
484 200 1.0
484 556 1.0
484 838 1.0
484 865 1.0
485 9 1.0
485 129 1.0
485 407 1.0
485 656 1.0
485 742 1.0
485 900 1.0
486 146 1.0
486 181 1.0
487 94 1.0
487 145 1.0
487 156 1.0
487 535 1.0
487 652 1.0
487 732 1.0
487 793 1.0
487 916 1.0
488 685 1.0
488 725 1.0
488 746 1.0
488 755 1.0
488 758 1.0
489 202 1.0
489 243 1.0
489 521 1.0
489 889 1.0
490 258 1.0
490 419 1.0
490 452 1.0
490 503 1.0
490 730 1.0
490 889 1.0
491 79 1.0
491 181 1.0
491 411 1.0
491 519 1.0
491 604 1.0
491 685 1.0
492 174 1.0
492 535 1.0
492 633 1.0
492 708 1.0
492 854 1.0
493 308 1.0
493 330 1.0
493 469 1.0
493 628 1.0
493 700 1.0
494 96 1.0
494 102 1.0
494 118 1.0
494 122 1.0
494 222 1.0
494 316 1.0
494 740 1.0
494 875 1.0
494 926 1.0
495 190 1.0
495 193 1.0
495 202 1.0
495 340 1.0
495 443 1.0
495 629 1.0
495 697 1.0
496 6 1.0
496 162 1.0
496 266 1.0
496 761 1.0
496 934 1.0
497 122 1.0
497 150 1.0
497 179 1.0
497 233 1.0
497 252 1.0
497 376 1.0
497 510 1.0
497 606 1.0
497 687 1.0
497 734 1.0
497 923 1.0
498 66 1.0
498 225 1.0
498 343 1.0
498 398 1.0
498 632 1.0
498 678 1.0
499 30 1.0
499 84 1.0
499 199 1.0
499 225 1.0
499 347 1.0
499 360 1.0
499 626 1.0
499 715 1.0
499 745 1.0
499 764 1.0
499 804 1.0
499 945 1.0
500 29 1.0
500 38 1.0
500 40 1.0
500 569 1.0
500 662 1.0
500 754 1.0
500 844 1.0
501 193 1.0
501 427 1.0
501 480 1.0
501 649 1.0
501 733 1.0
501 775 1.0
502 344 1.0
502 559 1.0
502 565 1.0
502 637 1.0
502 748 1.0
503 243 1.0
504 318 1.0
504 900 1.0
505 259 1.0
505 448 1.0
506 179 1.0
506 325 1.0
506 428 1.0
506 642 1.0
506 843 1.0
507 200 1.0
507 311 1.0
507 436 1.0
507 787 1.0
508 111 1.0
508 659 1.0
508 859 1.0
508 932 1.0
509 5 1.0
509 96 1.0
509 191 1.0
509 319 1.0
509 454 1.0
509 534 1.0
509 550 1.0
509 804 1.0
509 885 1.0
510 15 1.0
510 385 1.0
510 479 1.0
510 602 1.0
510 647 1.0
510 703 1.0
510 712 1.0
510 849 1.0
511 12 1.0
511 14 1.0
511 105 1.0
511 356 1.0
511 430 1.0
511 566 1.0
511 603 1.0
511 635 1.0
512 11 1.0
512 282 1.0
512 340 1.0
512 395 1.0
512 488 1.0
512 711 1.0
512 775 1.0
512 938 1.0
513 60 1.0
513 120 1.0
513 349 1.0
513 507 1.0
513 606 1.0
513 632 1.0
513 748 1.0
513 825 1.0
513 923 1.0
514 186 1.0
514 238 1.0
514 340 1.0
514 397 1.0
514 426 1.0
514 544 1.0
514 634 1.0
514 779 1.0
514 795 1.0
514 893 1.0
515 348 1.0
515 458 1.0
515 483 1.0
515 726 1.0
515 870 1.0
515 901 1.0
516 30 1.0
516 91 1.0
516 181 1.0
516 446 1.0
516 652 1.0
516 940 1.0
517 131 1.0
517 265 1.0
517 269 1.0
517 721 1.0
517 742 1.0
517 848 1.0
517 892 1.0
518 342 1.0
518 344 1.0
518 694 1.0
518 773 1.0
518 904 1.0
518 905 1.0
519 281 1.0
519 299 1.0
519 363 1.0
519 747 1.0
519 849 1.0
520 80 1.0
520 87 1.0
520 660 1.0
520 884 1.0
521 72 1.0
521 129 1.0
521 149 1.0
521 247 1.0
521 682 1.0
521 777 1.0
521 928 1.0
522 39 1.0
522 815 1.0
522 849 1.0
523 659 1.0
523 671 1.0
523 766 1.0
523 886 1.0
524 169 1.0
524 256 1.0
524 440 1.0
524 499 1.0
524 798 1.0
524 816 1.0
525 3 1.0
525 277 1.0
525 309 1.0
525 786 1.0
525 793 1.0
525 828 1.0
526 36 1.0
526 131 1.0
526 285 1.0
526 357 1.0
526 363 1.0
526 510 1.0
526 563 1.0
526 665 1.0
526 817 1.0
526 841 1.0
526 910 1.0
526 920 1.0
527 16 1.0
527 141 1.0
527 154 1.0
527 155 1.0
527 272 1.0
527 469 1.0
527 600 1.0
527 662 1.0
527 669 1.0
527 728 1.0
527 774 1.0
527 932 1.0
528 68 1.0
528 144 1.0
528 218 1.0
528 315 1.0
528 360 1.0
528 484 1.0
528 660 1.0
528 689 1.0
528 773 1.0
528 784 1.0
528 816 1.0
528 849 1.0
528 898 1.0
528 926 1.0
529 62 1.0
529 72 1.0
529 314 1.0
529 344 1.0
529 483 1.0
529 580 1.0
529 703 1.0
529 901 1.0
530 148 1.0
530 237 1.0
530 828 1.0
531 78 1.0
531 184 1.0
531 192 1.0
531 516 1.0
531 662 1.0
531 664 1.0
531 691 1.0
531 730 1.0
531 945 1.0
532 220 1.0
532 840 1.0
532 889 1.0
533 505 1.0
533 597 1.0
533 699 1.0
533 881 1.0
534 34 1.0
534 65 1.0
534 560 1.0
534 806 1.0
535 191 1.0
535 438 1.0
535 683 1.0
535 715 1.0
536 60 1.0
536 135 1.0
536 457 1.0
536 503 1.0
536 756 1.0
537 120 1.0
538 114 1.0
538 358 1.0
538 657 1.0
538 745 1.0
538 811 1.0
538 889 1.0
539 157 1.0
539 168 1.0
539 467 1.0
539 472 1.0
539 493 1.0
539 557 1.0
539 602 1.0
539 661 1.0
539 738 1.0
539 769 1.0
539 798 1.0
539 845 1.0
540 308 1.0
540 401 1.0
540 574 1.0
540 736 1.0
540 751 1.0
540 761 1.0
540 806 1.0
540 880 1.0
541 183 1.0
541 222 1.0
541 223 1.0
541 315 1.0
541 540 1.0
542 196 1.0
542 225 1.0
542 612 1.0
542 854 1.0
542 965 1.0
543 116 1.0
543 335 1.0
543 610 1.0
544 387 1.0
544 434 1.0
544 617 1.0
544 649 1.0
544 798 1.0
544 871 1.0
545 152 1.0
545 518 1.0
545 690 1.0
545 893 1.0
545 931 1.0
546 268 1.0
546 277 1.0
546 302 1.0
546 555 1.0
546 584 1.0
546 585 1.0
546 925 1.0
547 36 1.0
547 70 1.0
547 301 1.0
547 453 1.0
547 500 1.0
547 576 1.0
547 664 1.0
547 765 1.0
547 804 1.0
548 55 1.0
548 126 1.0
548 356 1.0
548 377 1.0
548 508 1.0
548 777 1.0
548 843 1.0
548 849 1.0
548 959 1.0
548 964 1.0
549 6 1.0
549 45 1.0
549 99 1.0
549 153 1.0
549 582 1.0
549 858 1.0
549 861 1.0
549 879 1.0
549 957 1.0
550 66 1.0
550 207 1.0
550 399 1.0
550 643 1.0
550 737 1.0
550 796 1.0
550 810 1.0
550 916 1.0
551 278 1.0
551 426 1.0
551 687 1.0
551 734 1.0
551 789 1.0
551 871 1.0
552 10 1.0
552 199 1.0
552 718 1.0
552 760 1.0
552 817 1.0
552 871 1.0
552 911 1.0
553 54 1.0
553 260 1.0
553 268 1.0
553 326 1.0
553 610 1.0
554 35 1.0
554 55 1.0
554 703 1.0
554 777 1.0
554 807 1.0
555 229 1.0
555 450 1.0
555 533 1.0
555 569 1.0
555 645 1.0
555 779 1.0
555 803 1.0
555 819 1.0
555 855 1.0
555 915 1.0
556 138 1.0
556 497 1.0
556 905 1.0
557 60 1.0
557 144 1.0
557 198 1.0
557 409 1.0
557 590 1.0
557 634 1.0
558 105 1.0
558 580 1.0
558 621 1.0
558 880 1.0
559 108 1.0
559 223 1.0
559 962 1.0
560 50 1.0
560 139 1.0
560 149 1.0
560 316 1.0
560 339 1.0
560 684 1.0
560 882 1.0
560 948 1.0
561 100 1.0
561 308 1.0
561 469 1.0
561 583 1.0
562 441 1.0
562 495 1.0
562 578 1.0
562 592 1.0
562 680 1.0
562 753 1.0
562 909 1.0
563 60 1.0
563 852 1.0
564 125 1.0
564 318 1.0
564 502 1.0
564 631 1.0
564 645 1.0
565 96 1.0
565 113 1.0
565 122 1.0
565 225 1.0
565 544 1.0
565 892 1.0
566 188 1.0
566 353 1.0
566 451 1.0
567 256 1.0
567 514 1.0
567 771 1.0
567 864 1.0
568 16 1.0
568 33 1.0
568 90 1.0
568 154 1.0
568 224 1.0
568 272 1.0
568 774 1.0
569 360 1.0
569 391 1.0
569 484 1.0
569 574 1.0
569 620 1.0
570 297 1.0
571 395 1.0
571 487 1.0
571 525 1.0
571 663 1.0
572 39 1.0
572 254 1.0
572 297 1.0
572 362 1.0
572 859 1.0
573 316 1.0
573 430 1.0
573 606 1.0
573 624 1.0
573 642 1.0
573 787 1.0
573 959 1.0
574 110 1.0
574 212 1.0
574 638 1.0
574 663 1.0
574 670 1.0
574 862 1.0
575 4 1.0
575 104 1.0
575 254 1.0
575 284 1.0
575 527 1.0
575 560 1.0
575 836 1.0
575 965 1.0
576 82 1.0
576 112 1.0
576 204 1.0
576 243 1.0
576 342 1.0
576 352 1.0
576 506 1.0
576 611 1.0
576 670 1.0
576 679 1.0
576 845 1.0
576 891 1.0
577 321 1.0
577 730 1.0
577 750 1.0
577 856 1.0
578 206 1.0
578 429 1.0
578 528 1.0
578 675 1.0
578 783 1.0
578 857 1.0
579 85 1.0
579 387 1.0
579 420 1.0
579 542 1.0
579 595 1.0
579 856 1.0
580 20 1.0
580 205 1.0
580 248 1.0
580 552 1.0
580 617 1.0
580 772 1.0
581 288 1.0
581 339 1.0
581 818 1.0
582 116 1.0
582 139 1.0
582 262 1.0
582 655 1.0
582 734 1.0
583 1 1.0
583 26 1.0
583 525 1.0
583 603 1.0
583 700 1.0
583 880 1.0
584 600 1.0
584 742 1.0
584 768 1.0
584 964 1.0
585 70 1.0
585 309 1.0
585 403 1.0
585 838 1.0
586 89 1.0
586 283 1.0
586 323 1.0
586 404 1.0
587 147 1.0
587 153 1.0
587 322 1.0
587 455 1.0
587 703 1.0
587 787 1.0
588 143 1.0
588 208 1.0
588 303 1.0
588 433 1.0
588 585 1.0
588 908 1.0
589 71 1.0
589 104 1.0
589 216 1.0
589 231 1.0
589 258 1.0
589 263 1.0
589 306 1.0
589 371 1.0
589 396 1.0
589 644 1.0
589 646 1.0
589 786 1.0
590 98 1.0
590 512 1.0
590 793 1.0
590 809 1.0
590 954 1.0
591 88 1.0
591 120 1.0
591 494 1.0
591 495 1.0
591 517 1.0
591 519 1.0
592 2 1.0
592 193 1.0
592 205 1.0
592 328 1.0
592 345 1.0
592 543 1.0
592 711 1.0
592 717 1.0
592 814 1.0
592 901 1.0
592 955 1.0
593 340 1.0
593 360 1.0
593 386 1.0
593 449 1.0
593 665 1.0
594 72 1.0
594 264 1.0
594 298 1.0
594 453 1.0
594 581 1.0
594 698 1.0
594 808 1.0
594 878 1.0
595 231 1.0
595 389 1.0
595 467 1.0
595 479 1.0
595 543 1.0
595 554 1.0
595 654 1.0
595 745 1.0
595 822 1.0
596 181 1.0
596 182 1.0
596 434 1.0
596 438 1.0
596 576 1.0
596 705 1.0
596 707 1.0
596 714 1.0
596 781 1.0
597 98 1.0
597 161 1.0
597 355 1.0
597 642 1.0
597 754 1.0
598 91 1.0
598 201 1.0
598 380 1.0
598 578 1.0
598 582 1.0
598 650 1.0
598 768 1.0
598 906 1.0
599 12 1.0
599 45 1.0
599 79 1.0
599 122 1.0
599 160 1.0
599 511 1.0
600 132 1.0
600 256 1.0
600 337 1.0
600 343 1.0
600 395 1.0
600 580 1.0
600 651 1.0
600 873 1.0
600 902 1.0
601 68 1.0
601 219 1.0
601 265 1.0
601 321 1.0
601 374 1.0
601 840 1.0
602 56 1.0
602 251 1.0
602 287 1.0
602 337 1.0
602 415 1.0
602 483 1.0
602 496 1.0
602 514 1.0
602 853 1.0
603 234 1.0
603 297 1.0
603 504 1.0
603 600 1.0
603 750 1.0
603 762 1.0
603 866 1.0
603 874 1.0
603 934 1.0
604 200 1.0
604 212 1.0
604 269 1.0
604 284 1.0
604 537 1.0
604 561 1.0
604 689 1.0
604 726 1.0
605 399 1.0
605 656 1.0
605 868 1.0
606 190 1.0
606 453 1.0
606 612 1.0
606 701 1.0
606 877 1.0
607 3 1.0
607 28 1.0
607 243 1.0
607 636 1.0
607 680 1.0
607 761 1.0
607 855 1.0
608 1 1.0
608 280 1.0
608 571 1.0
608 578 1.0
608 590 1.0
608 804 1.0
608 835 1.0
609 488 1.0
609 923 1.0
609 944 1.0
610 225 1.0
610 240 1.0
610 284 1.0
611 62 1.0
611 358 1.0
611 402 1.0
611 863 1.0
611 955 1.0
612 79 1.0
612 193 1.0
612 729 1.0
612 805 1.0
613 4 1.0
613 21 1.0
613 22 1.0
613 92 1.0
613 193 1.0
613 565 1.0
613 674 1.0
613 814 1.0
614 260 1.0
614 464 1.0
614 767 1.0
614 860 1.0
615 44 1.0
615 206 1.0
615 300 1.0
615 604 1.0
615 751 1.0
615 786 1.0
615 867 1.0
615 886 1.0
616 21 1.0
616 59 1.0
616 111 1.0
616 121 1.0
616 146 1.0
616 345 1.0
616 596 1.0
616 696 1.0
616 725 1.0
616 768 1.0
616 848 1.0
616 955 1.0
617 1 1.0
617 356 1.0
617 633 1.0
617 672 1.0
617 723 1.0
618 79 1.0
618 172 1.0
618 647 1.0
618 815 1.0
618 956 1.0
619 69 1.0
619 224 1.0
619 254 1.0
619 382 1.0
619 486 1.0
619 649 1.0
619 832 1.0
620 287 1.0
620 414 1.0
620 460 1.0
620 562 1.0
620 606 1.0
620 683 1.0
620 875 1.0
621 134 1.0
621 247 1.0
621 280 1.0
621 312 1.0
621 740 1.0
621 790 1.0
621 861 1.0
622 281 1.0
622 373 1.0
622 782 1.0
622 871 1.0
622 914 1.0
622 918 1.0
623 434 1.0
623 487 1.0
623 832 1.0
623 871 1.0
623 873 1.0
624 33 1.0
624 85 1.0
624 194 1.0
624 298 1.0
624 322 1.0
624 547 1.0
624 690 1.0
624 881 1.0
625 169 1.0
625 359 1.0
625 582 1.0
626 759 1.0
626 948 1.0
627 71 1.0
627 175 1.0
627 347 1.0
627 560 1.0
627 631 1.0
628 33 1.0
628 321 1.0
628 573 1.0
628 814 1.0
629 169 1.0
629 288 1.0
629 341 1.0
629 359 1.0
629 442 1.0
629 800 1.0
629 829 1.0
630 286 1.0
630 660 1.0
631 135 1.0
631 590 1.0
631 830 1.0
631 875 1.0
631 942 1.0
632 672 1.0
633 211 1.0
633 267 1.0
633 278 1.0
633 383 1.0
633 431 1.0
633 673 1.0
634 650 1.0
634 781 1.0
635 67 1.0
635 75 1.0
635 196 1.0
635 289 1.0
635 465 1.0
635 505 1.0
635 805 1.0
635 871 1.0
636 9 1.0
636 174 1.0
636 236 1.0
636 372 1.0
636 374 1.0
636 473 1.0
636 486 1.0
636 504 1.0
636 795 1.0
636 882 1.0
637 63 1.0
637 767 1.0
638 99 1.0
638 145 1.0
638 311 1.0
638 331 1.0
638 350 1.0
638 381 1.0
638 387 1.0
638 413 1.0
638 440 1.0
638 735 1.0
638 774 1.0
638 871 1.0
639 14 1.0
639 56 1.0
639 87 1.0
639 323 1.0
639 652 1.0
639 748 1.0
639 828 1.0
639 851 1.0
640 141 1.0
640 401 1.0
640 740 1.0
640 792 1.0
641 24 1.0
641 96 1.0
641 223 1.0
641 401 1.0
641 414 1.0
641 533 1.0
641 584 1.0
641 669 1.0
641 724 1.0
641 770 1.0
642 70 1.0
642 114 1.0
642 117 1.0
642 737 1.0
642 759 1.0
642 770 1.0
642 873 1.0
642 916 1.0
642 937 1.0
643 84 1.0
643 449 1.0
643 673 1.0
643 731 1.0
644 163 1.0
644 216 1.0
644 316 1.0
644 392 1.0
644 561 1.0
644 623 1.0
644 643 1.0
644 883 1.0
644 904 1.0
645 421 1.0
645 575 1.0
645 672 1.0
645 814 1.0
646 94 1.0
646 186 1.0
646 275 1.0
646 872 1.0
647 254 1.0
647 286 1.0
647 400 1.0
647 492 1.0
647 523 1.0
647 704 1.0
647 809 1.0
647 948 1.0
648 116 1.0
648 140 1.0
648 369 1.0
648 415 1.0
648 543 1.0
648 627 1.0
648 633 1.0
648 737 1.0
648 774 1.0
648 876 1.0
648 907 1.0
649 40 1.0
649 318 1.0
649 450 1.0
649 481 1.0
649 677 1.0
649 704 1.0
649 940 1.0
649 943 1.0
650 103 1.0
650 194 1.0
650 548 1.0
650 754 1.0
650 942 1.0
651 162 1.0
651 379 1.0
651 478 1.0
651 598 1.0
651 599 1.0
651 681 1.0
651 731 1.0
651 847 1.0
651 932 1.0
652 126 1.0
652 190 1.0
652 233 1.0
652 546 1.0
652 744 1.0
652 784 1.0
653 83 1.0
653 142 1.0
653 223 1.0
653 242 1.0
653 381 1.0
653 806 1.0
654 98 1.0
654 174 1.0
654 246 1.0
654 270 1.0
654 398 1.0
654 439 1.0
654 473 1.0
654 866 1.0
655 134 1.0
655 345 1.0
655 478 1.0
655 501 1.0
655 520 1.0
655 569 1.0
655 647 1.0
656 80 1.0
656 327 1.0
656 413 1.0
656 486 1.0
657 69 1.0
657 102 1.0
657 136 1.0
657 157 1.0
657 533 1.0
657 552 1.0
657 665 1.0
657 852 1.0
657 873 1.0
658 11 1.0
658 264 1.0
658 568 1.0
658 740 1.0
658 932 1.0
659 82 1.0
659 390 1.0
659 407 1.0
659 459 1.0
659 510 1.0
660 398 1.0
660 487 1.0
660 533 1.0
660 621 1.0
660 672 1.0
660 713 1.0
660 905 1.0
660 941 1.0
660 951 1.0
661 113 1.0
661 219 1.0
661 252 1.0
661 420 1.0
661 488 1.0
661 748 1.0
662 52 1.0
662 246 1.0
662 300 1.0
662 342 1.0
662 422 1.0
662 535 1.0
662 648 1.0
662 766 1.0
663 380 1.0
663 879 1.0
664 74 1.0
664 112 1.0
664 327 1.0
664 360 1.0
664 398 1.0
664 500 1.0
664 521 1.0
664 692 1.0
665 33 1.0
665 86 1.0
665 376 1.0
665 449 1.0
665 807 1.0
666 344 1.0
666 352 1.0
666 362 1.0
666 626 1.0
666 817 1.0
666 842 1.0
666 874 1.0
666 910 1.0
667 47 1.0
667 52 1.0
667 65 1.0
667 110 1.0
667 552 1.0
667 852 1.0
668 617 1.0
668 622 1.0
669 178 1.0
669 187 1.0
669 564 1.0
669 647 1.0
669 714 1.0
669 734 1.0
670 16 1.0
670 71 1.0
670 90 1.0
670 133 1.0
670 142 1.0
670 407 1.0
670 415 1.0
670 540 1.0
670 562 1.0
670 633 1.0
670 915 1.0
671 116 1.0
671 263 1.0
671 275 1.0
671 533 1.0
671 580 1.0
671 757 1.0
671 865 1.0
672 171 1.0
672 326 1.0
672 489 1.0
672 730 1.0
672 865 1.0
673 429 1.0
673 441 1.0
673 648 1.0
674 375 1.0
674 443 1.0
674 565 1.0
674 626 1.0
674 762 1.0
674 769 1.0
674 850 1.0
674 856 1.0
675 51 1.0
675 96 1.0
675 281 1.0
675 509 1.0
675 696 1.0
676 141 1.0
676 190 1.0
676 276 1.0
676 415 1.0
676 434 1.0
676 528 1.0
676 584 1.0
676 709 1.0
676 765 1.0
676 801 1.0
676 820 1.0
676 901 1.0
677 58 1.0
677 180 1.0
677 249 1.0
677 458 1.0
677 593 1.0
677 671 1.0
677 776 1.0
678 4 1.0
678 143 1.0
678 275 1.0
678 302 1.0
678 383 1.0
678 685 1.0
678 850 1.0
678 893 1.0
678 910 1.0
679 15 1.0
679 51 1.0
679 188 1.0
679 589 1.0
679 617 1.0
679 689 1.0
679 751 1.0
679 956 1.0
680 140 1.0
680 439 1.0
680 500 1.0
680 614 1.0
680 631 1.0
680 843 1.0
680 919 1.0
681 34 1.0
681 41 1.0
681 50 1.0
681 84 1.0
681 212 1.0
681 344 1.0
681 580 1.0
682 63 1.0
682 96 1.0
682 166 1.0
682 269 1.0
682 319 1.0
682 431 1.0
682 519 1.0
682 521 1.0
682 526 1.0
682 613 1.0
683 397 1.0
683 493 1.0
683 591 1.0
684 547 1.0
684 559 1.0
684 560 1.0
684 589 1.0
684 675 1.0
684 693 1.0
684 745 1.0
684 941 1.0
685 69 1.0
685 201 1.0
685 502 1.0
685 752 1.0
685 778 1.0
685 814 1.0
686 216 1.0
686 432 1.0
686 449 1.0
686 528 1.0
686 675 1.0
687 429 1.0
687 504 1.0
687 624 1.0
687 682 1.0
687 817 1.0
687 869 1.0
687 925 1.0
688 3 1.0
688 266 1.0
688 412 1.0
688 494 1.0
688 740 1.0
689 382 1.0
689 571 1.0
689 586 1.0
689 600 1.0
689 603 1.0
689 633 1.0
689 848 1.0
689 849 1.0
690 130 1.0
690 250 1.0
690 487 1.0
690 520 1.0
690 530 1.0
690 704 1.0
690 831 1.0
690 907 1.0
691 69 1.0
691 119 1.0
691 229 1.0
691 247 1.0
691 249 1.0
691 298 1.0
691 340 1.0
691 440 1.0
691 463 1.0
691 630 1.0
691 686 1.0
691 747 1.0
691 783 1.0
691 812 1.0
691 882 1.0
691 950 1.0
692 342 1.0
692 410 1.0
692 518 1.0
692 580 1.0
692 664 1.0
692 775 1.0
692 833 1.0
693 304 1.0
693 511 1.0
693 516 1.0
693 609 1.0
693 685 1.0
693 700 1.0
694 274 1.0
694 298 1.0
694 395 1.0
694 456 1.0
694 653 1.0
695 644 1.0
695 839 1.0
696 389 1.0
696 472 1.0
696 507 1.0
696 848 1.0
697 26 1.0
697 102 1.0
697 438 1.0
697 510 1.0
697 783 1.0
697 794 1.0
697 820 1.0
697 910 1.0
698 53 1.0
698 107 1.0
698 127 1.0
698 256 1.0
698 295 1.0
698 400 1.0
698 546 1.0
698 887 1.0
699 12 1.0
699 38 1.0
699 155 1.0
699 211 1.0
699 617 1.0
699 793 1.0
699 830 1.0
700 200 1.0
700 285 1.0
700 502 1.0
700 730 1.0
700 939 1.0
701 204 1.0
701 266 1.0
701 388 1.0
701 452 1.0
701 600 1.0
701 842 1.0
702 67 1.0
702 429 1.0
702 473 1.0
702 638 1.0
702 703 1.0
702 744 1.0
702 869 1.0
702 940 1.0
703 47 1.0
703 62 1.0
703 84 1.0
703 280 1.0
703 463 1.0
703 471 1.0
703 598 1.0
703 874 1.0
703 944 1.0
704 16 1.0
704 193 1.0
704 435 1.0
704 508 1.0
704 897 1.0
705 0 1.0
705 158 1.0
705 159 1.0
705 185 1.0
705 516 1.0
706 114 1.0
706 118 1.0
706 366 1.0
706 477 1.0
706 822 1.0
706 833 1.0
706 954 1.0
707 70 1.0
707 445 1.0
707 541 1.0
707 584 1.0
707 782 1.0
707 844 1.0
708 109 1.0
708 388 1.0
708 503 1.0
708 561 1.0
708 785 1.0
708 814 1.0
708 849 1.0
708 944 1.0
708 958 1.0
709 370 1.0
709 376 1.0
709 409 1.0
709 414 1.0
709 476 1.0
709 538 1.0
709 563 1.0
709 753 1.0
709 936 1.0
710 8 1.0
710 30 1.0
710 58 1.0
710 184 1.0
710 223 1.0
710 253 1.0
710 368 1.0
710 517 1.0
710 736 1.0
710 747 1.0
710 775 1.0
710 866 1.0
711 9 1.0
711 44 1.0
711 329 1.0
711 377 1.0
711 380 1.0
711 642 1.0
711 865 1.0
712 80 1.0
712 177 1.0
712 598 1.0
712 673 1.0
712 735 1.0
712 836 1.0
713 116 1.0
713 169 1.0
713 436 1.0
713 580 1.0
713 720 1.0
714 126 1.0
714 158 1.0
714 176 1.0
714 258 1.0
714 367 1.0
714 388 1.0
714 508 1.0
714 838 1.0
714 863 1.0
715 125 1.0
715 137 1.0
715 548 1.0
716 4 1.0
716 180 1.0
716 342 1.0
716 443 1.0
716 679 1.0
716 778 1.0
717 334 1.0
717 352 1.0
717 435 1.0
717 648 1.0
717 843 1.0
718 59 1.0
718 343 1.0
718 351 1.0
718 376 1.0
718 404 1.0
718 644 1.0
718 908 1.0
719 42 1.0
719 44 1.0
719 137 1.0
719 204 1.0
719 405 1.0
719 604 1.0
719 740 1.0
719 747 1.0
719 771 1.0
720 57 1.0
720 434 1.0
720 604 1.0
721 14 1.0
721 219 1.0
721 573 1.0
721 609 1.0
721 763 1.0
721 874 1.0
721 908 1.0
722 3 1.0
722 6 1.0
722 51 1.0
722 98 1.0
722 111 1.0
722 123 1.0
722 124 1.0
722 213 1.0
722 217 1.0
722 227 1.0
722 640 1.0
723 80 1.0
723 148 1.0
723 151 1.0
723 170 1.0
723 323 1.0
723 490 1.0
724 397 1.0
724 691 1.0
724 818 1.0
725 214 1.0
725 258 1.0
725 272 1.0
725 648 1.0
725 733 1.0
725 910 1.0
726 82 1.0
726 319 1.0
726 434 1.0
726 454 1.0
726 567 1.0
726 765 1.0
727 149 1.0
727 458 1.0
727 731 1.0
728 0 1.0
728 26 1.0
728 299 1.0
728 303 1.0
728 340 1.0
728 720 1.0
728 911 1.0
729 85 1.0
729 155 1.0
729 340 1.0
729 421 1.0
729 600 1.0
729 803 1.0
729 876 1.0
731 164 1.0
731 632 1.0
731 641 1.0
732 119 1.0
732 164 1.0
732 264 1.0
732 454 1.0
732 630 1.0
732 666 1.0
732 772 1.0
733 44 1.0
733 55 1.0
733 125 1.0
733 171 1.0
733 351 1.0
733 635 1.0
733 657 1.0
733 687 1.0
733 719 1.0
734 612 1.0
735 61 1.0
735 103 1.0
735 218 1.0
735 497 1.0
735 564 1.0
735 824 1.0
736 301 1.0
736 331 1.0
736 427 1.0
736 483 1.0
736 601 1.0
736 856 1.0
737 294 1.0
738 90 1.0
738 291 1.0
738 343 1.0
738 513 1.0
738 875 1.0
739 182 1.0
739 391 1.0
739 459 1.0
739 557 1.0
739 878 1.0
740 9 1.0
740 185 1.0
740 353 1.0
740 418 1.0
740 599 1.0
740 807 1.0
740 855 1.0
740 887 1.0
740 955 1.0
741 140 1.0
741 205 1.0
741 215 1.0
741 236 1.0
741 422 1.0
741 443 1.0
741 578 1.0
741 914 1.0
742 121 1.0
742 203 1.0
742 327 1.0
742 384 1.0
742 479 1.0
742 518 1.0
742 575 1.0
742 713 1.0
743 185 1.0
743 232 1.0
743 243 1.0
743 334 1.0
743 449 1.0
743 463 1.0
743 727 1.0
743 770 1.0
744 176 1.0
744 476 1.0
745 19 1.0
745 148 1.0
745 480 1.0
745 500 1.0
745 730 1.0
745 784 1.0
745 811 1.0
745 858 1.0
746 37 1.0
746 65 1.0
746 93 1.0
746 145 1.0
746 176 1.0
746 267 1.0
746 351 1.0
746 687 1.0
746 872 1.0
746 953 1.0
747 110 1.0
747 456 1.0
747 508 1.0
747 645 1.0
747 879 1.0
748 136 1.0
748 300 1.0
748 352 1.0
748 640 1.0
748 653 1.0
749 128 1.0
749 714 1.0
749 938 1.0
749 961 1.0
750 384 1.0
750 394 1.0
750 527 1.0
750 643 1.0
751 43 1.0
751 104 1.0
751 215 1.0
751 227 1.0
751 342 1.0
751 411 1.0
751 445 1.0
751 519 1.0
751 681 1.0
752 131 1.0
752 216 1.0
752 428 1.0
752 521 1.0
752 529 1.0
752 748 1.0
752 888 1.0
752 930 1.0
753 75 1.0
753 165 1.0
753 176 1.0
753 197 1.0
753 250 1.0
753 304 1.0
753 638 1.0
753 656 1.0
753 670 1.0
753 901 1.0
755 56 1.0
755 304 1.0
755 649 1.0
755 924 1.0
756 237 1.0
756 311 1.0
756 442 1.0
756 574 1.0
756 852 1.0
757 156 1.0
757 159 1.0
757 208 1.0
757 558 1.0
757 653 1.0
758 131 1.0
758 227 1.0
758 342 1.0
758 586 1.0
758 634 1.0
759 299 1.0
759 912 1.0
760 34 1.0
760 333 1.0
760 576 1.0
760 643 1.0
761 92 1.0
761 256 1.0
761 466 1.0
761 616 1.0
761 656 1.0
761 694 1.0
761 766 1.0
762 263 1.0
762 509 1.0
762 532 1.0
762 656 1.0
763 3 1.0
763 280 1.0
763 411 1.0
763 557 1.0
763 621 1.0
763 640 1.0
763 913 1.0
764 60 1.0
764 122 1.0
764 440 1.0
764 620 1.0
764 686 1.0
764 933 1.0
765 130 1.0
765 198 1.0
765 311 1.0
765 742 1.0
765 752 1.0
766 291 1.0
766 534 1.0
766 544 1.0
766 866 1.0
766 882 1.0
767 59 1.0
767 199 1.0
767 243 1.0
767 275 1.0
767 379 1.0
767 516 1.0
768 27 1.0
768 58 1.0
768 336 1.0
768 435 1.0
768 912 1.0
768 915 1.0
769 59 1.0
769 235 1.0
769 332 1.0
769 487 1.0
769 622 1.0
769 700 1.0
769 889 1.0
769 890 1.0
769 891 1.0
770 96 1.0
770 127 1.0
770 136 1.0
770 140 1.0
770 548 1.0
770 644 1.0
770 733 1.0
771 112 1.0
771 190 1.0
771 499 1.0
771 858 1.0
771 889 1.0
771 899 1.0
772 103 1.0
772 318 1.0
772 330 1.0
772 672 1.0
772 754 1.0
772 823 1.0
772 882 1.0
772 898 1.0
773 140 1.0
773 154 1.0
773 157 1.0
773 221 1.0
773 286 1.0
773 358 1.0
773 393 1.0
774 319 1.0
774 434 1.0
774 602 1.0
774 883 1.0
775 26 1.0
775 71 1.0
775 125 1.0
775 428 1.0
775 491 1.0
775 528 1.0
775 530 1.0
775 532 1.0
775 621 1.0
775 651 1.0
776 60 1.0
776 94 1.0
776 104 1.0
776 447 1.0
776 495 1.0
776 777 1.0
777 5 1.0
777 244 1.0
777 261 1.0
777 358 1.0
778 266 1.0
778 351 1.0
778 543 1.0
778 759 1.0
779 29 1.0
779 246 1.0
779 436 1.0
779 473 1.0
779 588 1.0
779 613 1.0
779 703 1.0
779 847 1.0
779 873 1.0
780 2 1.0
780 98 1.0
780 325 1.0
780 520 1.0
780 792 1.0
780 827 1.0
780 887 1.0
781 54 1.0
781 317 1.0
781 738 1.0
782 292 1.0
782 360 1.0
782 554 1.0
783 18 1.0
783 68 1.0
783 145 1.0
784 135 1.0
784 285 1.0
784 794 1.0
784 905 1.0
785 149 1.0
785 182 1.0
785 398 1.0
785 411 1.0
785 481 1.0
785 487 1.0
785 664 1.0
785 711 1.0
785 812 1.0
785 828 1.0
785 875 1.0
785 904 1.0
786 128 1.0
786 457 1.0
786 793 1.0
786 936 1.0
787 47 1.0
787 82 1.0
787 183 1.0
787 381 1.0
787 415 1.0
787 573 1.0
787 664 1.0
787 702 1.0
787 785 1.0
787 902 1.0
788 60 1.0
788 388 1.0
788 446 1.0
788 620 1.0
788 653 1.0
788 690 1.0
788 699 1.0
788 803 1.0
789 668 1.0
789 747 1.0
789 752 1.0
790 26 1.0
790 119 1.0
790 357 1.0
790 595 1.0
790 620 1.0
790 874 1.0
790 894 1.0
790 899 1.0
791 4 1.0
791 368 1.0
791 617 1.0
791 676 1.0
791 743 1.0
791 779 1.0
791 788 1.0
791 848 1.0
792 28 1.0
792 156 1.0
792 197 1.0
792 270 1.0
792 339 1.0
792 380 1.0
792 555 1.0
792 907 1.0
793 239 1.0
793 248 1.0
793 509 1.0
793 531 1.0
793 824 1.0
794 134 1.0
794 563 1.0
794 779 1.0
795 137 1.0
795 302 1.0
795 421 1.0
795 493 1.0
795 630 1.0
795 677 1.0
795 836 1.0
795 893 1.0
795 894 1.0
796 129 1.0
796 438 1.0
797 347 1.0
797 453 1.0
797 580 1.0
797 601 1.0
797 710 1.0
797 731 1.0
797 883 1.0
798 24 1.0
798 311 1.0
798 458 1.0
798 629 1.0
798 717 1.0
798 790 1.0
799 15 1.0
799 201 1.0
799 688 1.0
799 691 1.0
799 711 1.0
799 826 1.0
800 362 1.0
800 403 1.0
800 473 1.0
800 533 1.0
800 851 1.0
801 79 1.0
801 168 1.0
801 338 1.0
801 711 1.0
801 742 1.0
801 911 1.0
802 295 1.0
802 502 1.0
802 565 1.0
802 570 1.0
802 614 1.0
802 699 1.0
802 733 1.0
803 52 1.0
803 206 1.0
803 506 1.0
803 806 1.0
803 820 1.0
804 121 1.0
804 138 1.0
804 153 1.0
804 191 1.0
804 307 1.0
804 349 1.0
804 478 1.0
804 484 1.0
804 514 1.0
804 654 1.0
804 725 1.0
805 51 1.0
805 232 1.0
805 301 1.0
806 280 1.0
806 848 1.0
806 869 1.0
807 22 1.0
807 217 1.0
807 276 1.0
807 918 1.0
808 4 1.0
808 39 1.0
808 305 1.0
808 379 1.0
808 526 1.0
808 547 1.0
808 590 1.0
808 656 1.0
808 728 1.0
808 760 1.0
809 400 1.0
809 489 1.0
809 662 1.0
809 672 1.0
809 888 1.0
809 918 1.0
809 933 1.0
810 36 1.0
810 86 1.0
810 348 1.0
810 369 1.0
810 400 1.0
810 701 1.0
810 708 1.0
810 711 1.0
811 103 1.0
811 177 1.0
811 310 1.0
811 323 1.0
811 395 1.0
811 429 1.0
811 435 1.0
811 820 1.0
812 0 1.0
812 167 1.0
812 415 1.0
812 434 1.0
812 435 1.0
812 659 1.0
812 797 1.0
813 271 1.0
813 521 1.0
813 523 1.0
813 597 1.0
813 605 1.0
813 842 1.0
813 850 1.0
813 912 1.0
814 10 1.0
814 57 1.0
814 546 1.0
814 626 1.0
814 627 1.0
814 629 1.0
814 805 1.0
815 410 1.0
815 440 1.0
815 494 1.0
816 51 1.0
816 110 1.0
816 254 1.0
816 382 1.0
816 581 1.0
816 943 1.0
817 90 1.0
817 159 1.0
817 304 1.0
817 427 1.0
817 776 1.0
818 139 1.0
818 421 1.0
818 431 1.0
818 462 1.0
818 820 1.0
818 903 1.0
819 232 1.0
819 334 1.0
819 478 1.0
819 699 1.0
819 806 1.0
819 831 1.0
819 872 1.0
819 938 1.0
820 51 1.0
820 168 1.0
820 279 1.0
820 382 1.0
820 498 1.0
820 662 1.0
820 670 1.0
820 851 1.0
820 861 1.0
821 10 1.0
821 127 1.0
821 275 1.0
821 290 1.0
821 468 1.0
821 688 1.0
821 699 1.0
821 743 1.0
821 840 1.0
821 945 1.0
822 36 1.0
822 104 1.0
822 386 1.0
822 703 1.0
822 902 1.0
823 63 1.0
823 79 1.0
823 297 1.0
823 379 1.0
823 388 1.0
823 544 1.0
823 559 1.0
823 596 1.0
823 651 1.0
823 822 1.0
823 856 1.0
824 233 1.0
824 299 1.0
824 322 1.0
824 405 1.0
824 423 1.0
824 578 1.0
824 664 1.0
825 220 1.0
825 406 1.0
825 417 1.0
825 422 1.0
825 428 1.0
825 438 1.0
825 767 1.0
825 909 1.0
826 26 1.0
826 291 1.0
826 450 1.0
826 517 1.0
826 561 1.0
827 154 1.0
827 348 1.0
827 349 1.0
827 413 1.0
827 550 1.0
827 807 1.0
828 25 1.0
828 136 1.0
828 146 1.0
828 243 1.0
828 361 1.0
828 468 1.0
828 534 1.0
828 716 1.0
828 755 1.0
828 850 1.0
829 12 1.0
829 56 1.0
829 99 1.0
829 107 1.0
829 314 1.0
829 711 1.0
830 14 1.0
830 140 1.0
830 300 1.0
830 361 1.0
830 587 1.0
830 605 1.0
830 872 1.0
831 97 1.0
831 145 1.0
831 309 1.0
831 327 1.0
831 337 1.0
832 45 1.0
832 87 1.0
832 327 1.0
832 470 1.0
832 537 1.0
832 646 1.0
832 651 1.0
832 685 1.0
832 906 1.0
832 912 1.0
833 58 1.0
833 169 1.0
833 417 1.0
833 429 1.0
833 645 1.0
833 706 1.0
833 718 1.0
833 933 1.0
833 939 1.0
834 55 1.0
834 180 1.0
834 203 1.0
834 297 1.0
834 615 1.0
834 661 1.0
834 782 1.0
835 558 1.0
835 593 1.0
835 792 1.0
835 955 1.0
836 20 1.0
836 263 1.0
836 947 1.0
837 9 1.0
837 48 1.0
837 66 1.0
837 100 1.0
837 438 1.0
837 607 1.0
837 614 1.0
837 854 1.0
837 947 1.0
838 157 1.0
838 377 1.0
838 490 1.0
838 663 1.0
838 785 1.0
838 927 1.0
839 97 1.0
839 183 1.0
840 28 1.0
840 40 1.0
840 498 1.0
840 693 1.0
840 774 1.0
841 9 1.0
841 36 1.0
841 37 1.0
841 478 1.0
841 648 1.0
842 474 1.0
842 708 1.0
842 752 1.0
842 808 1.0
843 32 1.0
843 215 1.0
843 279 1.0
843 431 1.0
843 440 1.0
843 547 1.0
844 19 1.0
844 31 1.0
844 125 1.0
844 180 1.0
844 393 1.0
844 461 1.0
844 498 1.0
844 619 1.0
844 935 1.0
845 125 1.0
845 181 1.0
845 281 1.0
845 600 1.0
845 670 1.0
845 681 1.0
845 707 1.0
845 721 1.0
845 909 1.0
846 18 1.0
846 26 1.0
846 51 1.0
846 57 1.0
846 91 1.0
846 231 1.0
846 416 1.0
846 514 1.0
846 739 1.0
846 813 1.0
846 933 1.0
847 61 1.0
847 362 1.0
847 365 1.0
847 467 1.0
847 570 1.0
847 586 1.0
847 881 1.0
847 949 1.0
848 626 1.0
848 673 1.0
848 679 1.0
849 319 1.0
849 506 1.0
849 598 1.0
850 88 1.0
850 119 1.0
850 154 1.0
850 566 1.0
850 627 1.0
850 897 1.0
851 211 1.0
851 224 1.0
851 410 1.0
851 800 1.0
851 909 1.0
852 177 1.0
852 389 1.0
852 467 1.0
852 718 1.0
852 763 1.0
852 904 1.0
853 51 1.0
853 436 1.0
853 542 1.0
853 843 1.0
854 32 1.0
854 160 1.0
854 180 1.0
854 187 1.0
854 212 1.0
854 534 1.0
854 880 1.0
855 53 1.0
855 388 1.0
855 616 1.0
855 618 1.0
855 817 1.0
856 5 1.0
856 117 1.0
856 182 1.0
856 610 1.0
856 632 1.0
856 640 1.0
856 708 1.0
856 719 1.0
856 740 1.0
856 793 1.0
856 952 1.0
857 48 1.0
857 293 1.0
857 451 1.0
857 765 1.0
858 76 1.0
858 218 1.0
858 917 1.0
858 924 1.0
859 385 1.0
859 398 1.0
860 131 1.0
860 263 1.0
860 502 1.0
860 865 1.0
861 14 1.0
861 37 1.0
861 377 1.0
861 682 1.0
862 88 1.0
862 107 1.0
862 229 1.0
862 571 1.0
862 642 1.0
862 666 1.0
862 853 1.0
863 13 1.0
863 44 1.0
863 288 1.0
863 297 1.0
863 329 1.0
863 339 1.0
863 556 1.0
864 69 1.0
864 209 1.0
864 255 1.0
864 880 1.0
864 881 1.0
865 59 1.0
865 215 1.0
865 462 1.0
865 579 1.0
865 617 1.0
866 690 1.0
866 692 1.0
866 938 1.0
867 209 1.0
867 229 1.0
867 417 1.0
867 433 1.0
867 590 1.0
867 725 1.0
867 822 1.0
867 828 1.0
867 883 1.0
868 267 1.0
868 539 1.0
868 743 1.0
868 799 1.0
868 814 1.0
868 818 1.0
868 844 1.0
868 922 1.0
868 927 1.0
869 86 1.0
869 120 1.0
869 149 1.0
869 469 1.0
869 901 1.0
869 930 1.0
870 53 1.0
870 179 1.0
870 258 1.0
870 268 1.0
870 486 1.0
870 504 1.0
870 603 1.0
870 710 1.0
870 772 1.0
871 219 1.0
871 323 1.0
871 464 1.0
871 534 1.0
871 695 1.0
871 722 1.0
872 98 1.0
872 280 1.0
872 644 1.0
872 742 1.0
873 80 1.0
873 237 1.0
873 633 1.0
873 915 1.0
873 959 1.0
874 85 1.0
874 172 1.0
874 240 1.0
874 454 1.0
875 96 1.0
875 109 1.0
875 174 1.0
875 305 1.0
875 540 1.0
875 543 1.0
875 670 1.0
875 707 1.0
875 736 1.0
875 795 1.0
875 830 1.0
876 317 1.0
876 416 1.0
876 623 1.0
876 964 1.0
877 322 1.0
877 487 1.0
878 21 1.0
878 96 1.0
878 206 1.0
878 374 1.0
878 442 1.0
878 451 1.0
878 592 1.0
878 678 1.0
878 735 1.0
878 854 1.0
878 886 1.0
879 96 1.0
879 421 1.0
879 499 1.0
879 580 1.0
879 853 1.0
880 540 1.0
880 558 1.0
880 583 1.0
880 854 1.0
880 864 1.0
881 533 1.0
881 624 1.0
881 847 1.0
881 864 1.0
882 120 1.0
882 560 1.0
882 636 1.0
882 691 1.0
882 766 1.0
882 772 1.0
882 963 1.0
883 332 1.0
883 644 1.0
883 774 1.0
883 797 1.0
883 867 1.0
884 16 1.0
884 520 1.0
884 885 1.0
884 946 1.0
885 475 1.0
885 509 1.0
885 884 1.0
885 926 1.0
885 939 1.0
886 374 1.0
886 523 1.0
886 615 1.0
886 878 1.0
887 437 1.0
887 698 1.0
887 740 1.0
887 780 1.0
888 149 1.0
888 265 1.0
888 323 1.0
888 406 1.0
888 752 1.0
888 809 1.0
888 895 1.0
888 903 1.0
889 24 1.0
889 322 1.0
889 389 1.0
889 426 1.0
889 460 1.0
889 489 1.0
889 490 1.0
889 532 1.0
889 538 1.0
889 769 1.0
889 771 1.0
889 913 1.0
889 918 1.0
889 934 1.0
889 950 1.0
890 116 1.0
890 411 1.0
890 769 1.0
890 895 1.0
890 921 1.0
890 961 1.0
891 269 1.0
891 385 1.0
891 469 1.0
891 576 1.0
891 769 1.0
892 71 1.0
892 436 1.0
892 517 1.0
892 565 1.0
892 895 1.0
893 6 1.0
893 87 1.0
893 431 1.0
893 514 1.0
893 545 1.0
893 678 1.0
893 795 1.0
894 132 1.0
894 790 1.0
894 795 1.0
895 145 1.0
895 888 1.0
895 890 1.0
895 892 1.0
896 81 1.0
896 130 1.0
896 403 1.0
896 921 1.0
897 31 1.0
897 203 1.0
897 301 1.0
897 704 1.0
897 850 1.0
897 933 1.0
898 90 1.0
898 528 1.0
898 772 1.0
898 923 1.0
899 168 1.0
899 771 1.0
899 790 1.0
900 210 1.0
900 485 1.0
900 504 1.0
900 903 1.0
901 10 1.0
901 200 1.0
901 515 1.0
901 529 1.0
901 592 1.0
901 676 1.0
901 753 1.0
901 869 1.0
901 906 1.0
902 211 1.0
902 308 1.0
902 600 1.0
902 787 1.0
902 822 1.0
903 818 1.0
903 888 1.0
903 900 1.0
904 182 1.0
904 192 1.0
904 368 1.0
904 412 1.0
904 518 1.0
904 644 1.0
904 785 1.0
904 852 1.0
905 126 1.0
905 276 1.0
905 518 1.0
905 556 1.0
905 660 1.0
905 784 1.0
906 598 1.0
906 832 1.0
906 901 1.0
907 384 1.0
907 648 1.0
907 690 1.0
907 792 1.0
908 287 1.0
908 480 1.0
908 588 1.0
908 718 1.0
908 721 1.0
908 914 1.0
909 192 1.0
909 562 1.0
909 825 1.0
909 845 1.0
909 851 1.0
910 526 1.0
910 666 1.0
910 678 1.0
910 697 1.0
910 725 1.0
910 910 1.0
911 395 1.0
911 552 1.0
911 728 1.0
911 801 1.0
911 914 1.0
911 923 1.0
912 405 1.0
912 434 1.0
912 759 1.0
912 768 1.0
912 813 1.0
912 832 1.0
913 3 1.0
913 47 1.0
913 306 1.0
913 763 1.0
913 889 1.0
914 622 1.0
914 741 1.0
914 908 1.0
914 911 1.0
914 914 1.0
915 555 1.0
915 670 1.0
915 768 1.0
915 873 1.0
916 487 1.0
916 550 1.0
916 642 1.0
916 937 1.0
917 136 1.0
917 251 1.0
917 427 1.0
917 858 1.0
917 923 1.0
918 268 1.0
918 622 1.0
918 807 1.0
918 809 1.0
918 889 1.0
918 918 1.0
919 337 1.0
919 680 1.0
919 919 1.0
920 1 1.0
920 7 1.0
920 129 1.0
920 526 1.0
921 890 1.0
921 896 1.0
922 176 1.0
922 236 1.0
922 428 1.0
922 868 1.0
923 29 1.0
923 389 1.0
923 497 1.0
923 513 1.0
923 609 1.0
923 898 1.0
923 911 1.0
923 917 1.0
924 372 1.0
924 755 1.0
924 858 1.0
925 546 1.0
925 687 1.0
925 958 1.0
926 130 1.0
926 494 1.0
926 528 1.0
926 885 1.0
927 66 1.0
927 295 1.0
927 385 1.0
927 838 1.0
927 868 1.0
928 324 1.0
928 408 1.0
928 521 1.0
929 172 1.0
929 286 1.0
929 403 1.0
930 272 1.0
930 752 1.0
930 869 1.0
931 92 1.0
931 145 1.0
931 423 1.0
931 545 1.0
932 508 1.0
932 527 1.0
932 651 1.0
932 658 1.0
933 71 1.0
933 764 1.0
933 809 1.0
933 833 1.0
933 846 1.0
933 897 1.0
934 496 1.0
934 603 1.0
934 889 1.0
935 19 1.0
935 32 1.0
935 59 1.0
935 101 1.0
935 163 1.0
935 437 1.0
935 844 1.0
936 267 1.0
936 328 1.0
936 384 1.0
936 709 1.0
936 786 1.0
937 178 1.0
937 390 1.0
937 642 1.0
937 916 1.0
938 512 1.0
938 749 1.0
938 819 1.0
938 866 1.0
939 102 1.0
939 320 1.0
939 700 1.0
939 833 1.0
939 885 1.0
940 254 1.0
940 299 1.0
940 516 1.0
940 649 1.0
940 702 1.0
941 232 1.0
941 255 1.0
941 660 1.0
941 684 1.0
942 477 1.0
942 631 1.0
942 650 1.0
943 365 1.0
943 649 1.0
943 816 1.0
943 951 1.0
944 448 1.0
944 609 1.0
944 703 1.0
944 708 1.0
945 499 1.0
945 531 1.0
945 821 1.0
946 93 1.0
946 242 1.0
946 452 1.0
946 884 1.0
947 228 1.0
947 836 1.0
947 837 1.0
948 452 1.0
948 456 1.0
948 560 1.0
948 626 1.0
948 647 1.0
949 453 1.0
949 847 1.0
949 952 1.0
950 76 1.0
950 140 1.0
950 470 1.0
950 691 1.0
950 889 1.0
951 98 1.0
951 216 1.0
951 404 1.0
951 423 1.0
951 660 1.0
951 943 1.0
952 290 1.0
952 402 1.0
952 856 1.0
952 949 1.0
953 236 1.0
953 349 1.0
953 746 1.0
954 416 1.0
954 483 1.0
954 590 1.0
954 706 1.0
955 592 1.0
955 611 1.0
955 616 1.0
955 740 1.0
955 835 1.0
955 956 1.0
956 224 1.0
956 242 1.0
956 284 1.0
956 618 1.0
956 679 1.0
956 955 1.0
957 43 1.0
957 307 1.0
957 549 1.0
958 390 1.0
958 396 1.0
958 421 1.0
958 708 1.0
958 925 1.0
959 548 1.0
959 573 1.0
959 873 1.0
960 112 1.0
960 265 1.0
960 317 1.0
961 228 1.0
961 749 1.0
961 890 1.0
962 166 1.0
962 469 1.0
962 559 1.0
963 60 1.0
963 74 1.0
963 882 1.0
964 201 1.0
964 245 1.0
964 253 1.0
964 548 1.0
964 584 1.0
964 876 1.0
965 426 1.0
965 542 1.0
965 575 1.0
