0 95 1.0
0 115 1.0
0 133 1.0
0 135 1.0
0 282 1.0
0 345 1.0
0 431 1.0
0 532 1.0
0 719 1.0
0 920 1.0
1 32 1.0
1 65 1.0
1 127 1.0
1 165 1.0
1 234 1.0
1 397 1.0
1 406 1.0
1 460 1.0
1 561 1.0
1 581 1.0
1 765 1.0
1 932 1.0
1 958 1.0
2 11 1.0
2 137 1.0
2 313 1.0
2 324 1.0
2 477 1.0
2 839 1.0
3 44 1.0
3 420 1.0
3 582 1.0
3 612 1.0
3 716 1.0
3 722 1.0
3 925 1.0
4 35 1.0
4 90 1.0
4 134 1.0
4 222 1.0
4 243 1.0
4 421 1.0
4 438 1.0
4 454 1.0
4 522 1.0
4 552 1.0
4 734 1.0
4 976 1.0
5 74 1.0
5 135 1.0
5 431 1.0
5 567 1.0
5 653 1.0
6 243 1.0
6 399 1.0
6 404 1.0
6 443 1.0
6 457 1.0
6 497 1.0
6 499 1.0
6 682 1.0
6 789 1.0
6 888 1.0
7 29 1.0
7 126 1.0
7 253 1.0
7 309 1.0
7 313 1.0
7 442 1.0
7 470 1.0
7 495 1.0
7 648 1.0
7 655 1.0
7 690 1.0
7 695 1.0
7 709 1.0
7 825 1.0
8 152 1.0
8 165 1.0
8 238 1.0
8 525 1.0
8 532 1.0
8 614 1.0
9 162 1.0
9 244 1.0
9 314 1.0
9 485 1.0
9 601 1.0
9 691 1.0
10 217 1.0
10 605 1.0
10 627 1.0
10 764 1.0
10 795 1.0
10 988 1.0
11 85 1.0
11 172 1.0
11 252 1.0
11 321 1.0
11 357 1.0
11 492 1.0
11 558 1.0
11 642 1.0
12 154 1.0
12 208 1.0
12 349 1.0
12 511 1.0
12 528 1.0
12 821 1.0
13 10 1.0
13 80 1.0
13 311 1.0
13 382 1.0
13 576 1.0
13 622 1.0
13 685 1.0
13 688 1.0
13 777 1.0
13 830 1.0
13 850 1.0
13 969 1.0
14 184 1.0
14 364 1.0
14 394 1.0
14 556 1.0
14 557 1.0
14 841 1.0
15 197 1.0
15 544 1.0
15 566 1.0
15 578 1.0
15 590 1.0
15 628 1.0
15 637 1.0
15 930 1.0
16 3 1.0
16 94 1.0
16 103 1.0
16 450 1.0
16 570 1.0
16 811 1.0
17 187 1.0
17 477 1.0
17 590 1.0
17 834 1.0
17 916 1.0
18 14 1.0
18 45 1.0
18 100 1.0
18 209 1.0
18 253 1.0
18 696 1.0
18 807 1.0
18 814 1.0
18 824 1.0
18 961 1.0
19 24 1.0
19 39 1.0
19 164 1.0
19 472 1.0
19 491 1.0
19 581 1.0
19 699 1.0
19 722 1.0
20 64 1.0
20 177 1.0
20 194 1.0
20 367 1.0
20 388 1.0
20 449 1.0
20 456 1.0
20 700 1.0
20 712 1.0
20 742 1.0
20 801 1.0
20 924 1.0
21 36 1.0
21 93 1.0
21 149 1.0
21 408 1.0
21 431 1.0
21 577 1.0
21 755 1.0
21 807 1.0
22 30 1.0
22 60 1.0
22 79 1.0
22 98 1.0
22 146 1.0
22 227 1.0
22 398 1.0
22 480 1.0
22 764 1.0
22 833 1.0
22 986 1.0
23 185 1.0
23 366 1.0
23 477 1.0
23 766 1.0
23 852 1.0
24 167 1.0
24 387 1.0
24 532 1.0
24 775 1.0
24 918 1.0
25 42 1.0
25 147 1.0
25 223 1.0
25 559 1.0
25 773 1.0
26 18 1.0
26 105 1.0
26 113 1.0
26 337 1.0
26 442 1.0
26 895 1.0
26 913 1.0
26 946 1.0
27 9 1.0
27 104 1.0
27 154 1.0
27 175 1.0
27 473 1.0
27 506 1.0
27 532 1.0
27 668 1.0
27 828 1.0
27 950 1.0
28 301 1.0
28 483 1.0
29 204 1.0
29 377 1.0
29 415 1.0
29 451 1.0
29 703 1.0
29 825 1.0
30 24 1.0
30 183 1.0
30 192 1.0
30 265 1.0
30 323 1.0
30 326 1.0
30 435 1.0
30 605 1.0
30 752 1.0
31 119 1.0
31 156 1.0
31 408 1.0
31 419 1.0
31 490 1.0
31 699 1.0
31 856 1.0
32 547 1.0
32 743 1.0
32 826 1.0
32 929 1.0
33 264 1.0
33 295 1.0
33 495 1.0
33 603 1.0
33 689 1.0
33 730 1.0
33 805 1.0
33 814 1.0
33 919 1.0
34 116 1.0
34 142 1.0
34 195 1.0
34 418 1.0
34 448 1.0
34 519 1.0
34 876 1.0
35 495 1.0
35 608 1.0
35 819 1.0
35 885 1.0
36 46 1.0
36 216 1.0
36 352 1.0
36 516 1.0
36 940 1.0
37 234 1.0
37 330 1.0
37 444 1.0
37 568 1.0
37 572 1.0
38 354 1.0
38 383 1.0
38 810 1.0
38 881 1.0
38 915 1.0
39 70 1.0
39 109 1.0
39 136 1.0
39 158 1.0
39 499 1.0
39 524 1.0
39 534 1.0
39 548 1.0
39 619 1.0
39 627 1.0
39 643 1.0
39 666 1.0
39 810 1.0
39 891 1.0
39 971 1.0
40 115 1.0
40 327 1.0
40 638 1.0
41 93 1.0
41 425 1.0
41 501 1.0
41 608 1.0
41 681 1.0
41 841 1.0
41 849 1.0
42 152 1.0
42 318 1.0
42 495 1.0
42 608 1.0
43 266 1.0
43 381 1.0
43 433 1.0
43 496 1.0
43 629 1.0
44 366 1.0
44 393 1.0
44 643 1.0
44 764 1.0
44 860 1.0
45 13 1.0
45 119 1.0
45 165 1.0
45 418 1.0
45 452 1.0
45 484 1.0
45 569 1.0
45 592 1.0
45 693 1.0
45 828 1.0
45 845 1.0
45 965 1.0
46 168 1.0
46 431 1.0
46 583 1.0
46 643 1.0
46 656 1.0
46 691 1.0
46 710 1.0
46 775 1.0
46 965 1.0
47 84 1.0
47 152 1.0
47 204 1.0
47 294 1.0
47 402 1.0
47 584 1.0
47 600 1.0
47 780 1.0
47 826 1.0
48 96 1.0
48 213 1.0
48 901 1.0
48 943 1.0
48 973 1.0
48 983 1.0
49 93 1.0
49 126 1.0
49 194 1.0
49 210 1.0
49 270 1.0
49 367 1.0
49 428 1.0
49 448 1.0
49 764 1.0
50 242 1.0
50 322 1.0
50 480 1.0
50 515 1.0
50 524 1.0
50 537 1.0
50 552 1.0
50 619 1.0
50 876 1.0
50 892 1.0
51 365 1.0
51 488 1.0
51 642 1.0
51 651 1.0
51 726 1.0
51 843 1.0
52 6 1.0
52 301 1.0
52 375 1.0
52 426 1.0
52 433 1.0
52 660 1.0
52 815 1.0
52 865 1.0
53 358 1.0
53 567 1.0
54 257 1.0
54 304 1.0
54 361 1.0
54 542 1.0
54 684 1.0
54 809 1.0
54 870 1.0
55 152 1.0
55 234 1.0
55 284 1.0
55 359 1.0
55 578 1.0
55 774 1.0
55 804 1.0
55 860 1.0
56 26 1.0
56 48 1.0
56 50 1.0
56 272 1.0
56 499 1.0
56 516 1.0
56 640 1.0
56 810 1.0
56 841 1.0
56 867 1.0
57 118 1.0
57 147 1.0
57 297 1.0
57 398 1.0
57 543 1.0
57 562 1.0
57 681 1.0
57 702 1.0
57 733 1.0
57 756 1.0
58 90 1.0
58 150 1.0
58 165 1.0
58 230 1.0
58 253 1.0
58 444 1.0
58 736 1.0
58 943 1.0
58 987 1.0
59 245 1.0
59 409 1.0
59 501 1.0
59 512 1.0
59 986 1.0
60 19 1.0
60 148 1.0
60 195 1.0
60 475 1.0
60 697 1.0
60 847 1.0
61 139 1.0
61 281 1.0
61 309 1.0
61 360 1.0
61 508 1.0
61 640 1.0
61 696 1.0
61 825 1.0
62 115 1.0
62 433 1.0
62 482 1.0
62 734 1.0
62 770 1.0
62 812 1.0
62 920 1.0
63 9 1.0
63 205 1.0
63 246 1.0
63 251 1.0
63 359 1.0
63 730 1.0
63 737 1.0
63 750 1.0
64 220 1.0
64 263 1.0
64 483 1.0
64 680 1.0
64 869 1.0
65 66 1.0
65 205 1.0
65 378 1.0
65 491 1.0
65 638 1.0
65 662 1.0
65 684 1.0
66 222 1.0
66 269 1.0
66 315 1.0
66 374 1.0
66 420 1.0
66 449 1.0
66 731 1.0
66 927 1.0
67 231 1.0
67 329 1.0
67 427 1.0
67 514 1.0
68 37 1.0
68 350 1.0
68 369 1.0
68 399 1.0
68 488 1.0
68 520 1.0
68 563 1.0
68 716 1.0
68 871 1.0
68 904 1.0
68 937 1.0
68 944 1.0
68 958 1.0
69 62 1.0
69 624 1.0
69 677 1.0
69 869 1.0
70 40 1.0
70 100 1.0
70 164 1.0
70 236 1.0
70 620 1.0
70 626 1.0
70 801 1.0
70 839 1.0
71 22 1.0
71 53 1.0
71 84 1.0
71 277 1.0
71 493 1.0
71 603 1.0
71 606 1.0
71 741 1.0
71 824 1.0
72 103 1.0
72 315 1.0
72 555 1.0
72 615 1.0
72 633 1.0
72 678 1.0
72 734 1.0
72 737 1.0
72 753 1.0
72 785 1.0
72 871 1.0
72 879 1.0
72 948 1.0
72 961 1.0
72 971 1.0
73 56 1.0
73 63 1.0
73 77 1.0
73 140 1.0
73 186 1.0
73 650 1.0
73 715 1.0
73 838 1.0
73 848 1.0
74 91 1.0
74 501 1.0
74 656 1.0
74 716 1.0
74 840 1.0
74 946 1.0
75 58 1.0
75 78 1.0
75 133 1.0
75 277 1.0
75 304 1.0
75 404 1.0
75 715 1.0
75 795 1.0
75 798 1.0
75 900 1.0
75 946 1.0
76 13 1.0
76 257 1.0
76 515 1.0
76 567 1.0
76 786 1.0
76 800 1.0
76 879 1.0
76 969 1.0
77 280 1.0
77 370 1.0
77 415 1.0
77 470 1.0
77 475 1.0
77 505 1.0
77 702 1.0
77 727 1.0
77 811 1.0
77 835 1.0
77 952 1.0
78 122 1.0
78 511 1.0
78 664 1.0
78 717 1.0
78 757 1.0
79 218 1.0
79 378 1.0
79 379 1.0
79 413 1.0
79 575 1.0
79 578 1.0
79 698 1.0
79 905 1.0
79 991 1.0
80 102 1.0
80 139 1.0
80 218 1.0
80 266 1.0
81 30 1.0
81 141 1.0
81 229 1.0
81 257 1.0
81 260 1.0
81 589 1.0
81 746 1.0
81 855 1.0
82 44 1.0
82 184 1.0
82 206 1.0
82 246 1.0
82 503 1.0
82 559 1.0
82 714 1.0
82 723 1.0
83 125 1.0
83 410 1.0
83 487 1.0
83 772 1.0
84 119 1.0
84 161 1.0
84 200 1.0
84 341 1.0
84 342 1.0
84 433 1.0
85 201 1.0
85 583 1.0
85 654 1.0
85 759 1.0
85 814 1.0
85 966 1.0
86 265 1.0
86 270 1.0
86 792 1.0
86 833 1.0
86 839 1.0
86 927 1.0
87 398 1.0
87 411 1.0
87 485 1.0
87 526 1.0
87 710 1.0
88 370 1.0
88 396 1.0
88 471 1.0
88 538 1.0
88 582 1.0
88 852 1.0
89 74 1.0
89 97 1.0
89 270 1.0
89 295 1.0
89 832 1.0
89 866 1.0
89 991 1.0
90 448 1.0
90 505 1.0
90 574 1.0
90 634 1.0
90 731 1.0
90 738 1.0
91 175 1.0
91 249 1.0
91 409 1.0
91 675 1.0
91 753 1.0
91 769 1.0
91 783 1.0
91 813 1.0
92 4 1.0
92 101 1.0
92 135 1.0
92 277 1.0
92 480 1.0
92 597 1.0
92 703 1.0
92 833 1.0
93 105 1.0
93 380 1.0
93 529 1.0
93 640 1.0
94 175 1.0
94 578 1.0
94 678 1.0
94 766 1.0
94 803 1.0
95 99 1.0
95 215 1.0
95 467 1.0
95 596 1.0
95 686 1.0
95 776 1.0
96 9 1.0
96 238 1.0
96 523 1.0
96 557 1.0
96 559 1.0
96 564 1.0
96 683 1.0
96 808 1.0
96 950 1.0
97 81 1.0
97 123 1.0
97 203 1.0
97 212 1.0
97 345 1.0
97 427 1.0
97 461 1.0
97 520 1.0
97 540 1.0
97 555 1.0
97 621 1.0
97 746 1.0
97 753 1.0
97 840 1.0
97 884 1.0
97 944 1.0
98 96 1.0
98 126 1.0
98 181 1.0
98 465 1.0
98 468 1.0
98 665 1.0
98 701 1.0
98 803 1.0
99 72 1.0
99 646 1.0
99 680 1.0
99 772 1.0
99 886 1.0
99 944 1.0
99 982 1.0
100 116 1.0
100 435 1.0
100 770 1.0
100 821 1.0
100 895 1.0
100 918 1.0
100 947 1.0
100 974 1.0
101 23 1.0
101 60 1.0
101 73 1.0
101 128 1.0
101 146 1.0
101 351 1.0
101 460 1.0
101 628 1.0
101 691 1.0
101 770 1.0
102 129 1.0
102 198 1.0
102 437 1.0
102 716 1.0
102 774 1.0
102 933 1.0
103 39 1.0
103 371 1.0
103 390 1.0
103 449 1.0
103 595 1.0
103 625 1.0
103 922 1.0
104 537 1.0
104 540 1.0
104 639 1.0
104 657 1.0
104 695 1.0
104 849 1.0
105 196 1.0
105 211 1.0
105 705 1.0
105 942 1.0
105 960 1.0
106 40 1.0
106 261 1.0
106 423 1.0
106 494 1.0
106 529 1.0
106 881 1.0
107 61 1.0
107 335 1.0
107 350 1.0
107 467 1.0
107 832 1.0
107 966 1.0
108 138 1.0
108 233 1.0
108 430 1.0
108 455 1.0
108 612 1.0
108 828 1.0
108 935 1.0
108 950 1.0
109 87 1.0
109 721 1.0
109 786 1.0
109 905 1.0
110 148 1.0
110 241 1.0
110 314 1.0
110 413 1.0
110 535 1.0
110 576 1.0
110 697 1.0
110 701 1.0
110 833 1.0
110 909 1.0
110 923 1.0
111 145 1.0
111 168 1.0
111 444 1.0
112 37 1.0
112 49 1.0
112 98 1.0
112 253 1.0
112 499 1.0
112 784 1.0
112 820 1.0
112 842 1.0
112 954 1.0
113 63 1.0
113 526 1.0
113 536 1.0
113 750 1.0
114 23 1.0
114 161 1.0
114 293 1.0
114 320 1.0
114 416 1.0
114 475 1.0
114 522 1.0
114 778 1.0
114 854 1.0
115 68 1.0
115 100 1.0
115 224 1.0
115 382 1.0
115 703 1.0
115 827 1.0
116 84 1.0
116 113 1.0
116 469 1.0
116 800 1.0
116 856 1.0
117 0 1.0
117 67 1.0
117 98 1.0
117 157 1.0
117 158 1.0
117 160 1.0
117 293 1.0
117 690 1.0
117 776 1.0
118 21 1.0
118 263 1.0
118 652 1.0
118 715 1.0
119 252 1.0
119 547 1.0
119 785 1.0
119 794 1.0
120 460 1.0
120 492 1.0
120 595 1.0
120 611 1.0
120 612 1.0
120 681 1.0
120 812 1.0
121 15 1.0
121 33 1.0
121 43 1.0
121 205 1.0
121 310 1.0
121 466 1.0
121 469 1.0
121 796 1.0
121 872 1.0
121 935 1.0
122 11 1.0
122 17 1.0
122 215 1.0
122 567 1.0
122 707 1.0
122 763 1.0
123 99 1.0
123 202 1.0
123 215 1.0
123 309 1.0
123 372 1.0
123 403 1.0
123 699 1.0
123 705 1.0
124 4 1.0
124 47 1.0
124 74 1.0
124 82 1.0
124 187 1.0
124 295 1.0
124 360 1.0
124 405 1.0
124 536 1.0
124 754 1.0
124 806 1.0
124 809 1.0
124 882 1.0
125 31 1.0
125 119 1.0
125 506 1.0
125 739 1.0
125 741 1.0
125 753 1.0
126 2 1.0
126 237 1.0
126 259 1.0
126 651 1.0
126 902 1.0
126 985 1.0
127 10 1.0
127 97 1.0
127 157 1.0
127 473 1.0
127 484 1.0
127 615 1.0
127 621 1.0
127 639 1.0
127 780 1.0
128 69 1.0
128 285 1.0
128 309 1.0
128 332 1.0
128 481 1.0
128 643 1.0
128 944 1.0
129 68 1.0
129 145 1.0
129 232 1.0
129 267 1.0
129 477 1.0
129 479 1.0
129 712 1.0
129 812 1.0
130 140 1.0
130 276 1.0
130 357 1.0
130 579 1.0
130 651 1.0
131 205 1.0
131 227 1.0
131 390 1.0
131 415 1.0
131 450 1.0
131 522 1.0
131 636 1.0
131 732 1.0
131 911 1.0
131 990 1.0
132 79 1.0
132 167 1.0
132 384 1.0
132 455 1.0
132 516 1.0
132 550 1.0
132 575 1.0
132 616 1.0
132 663 1.0
132 674 1.0
132 693 1.0
132 760 1.0
132 859 1.0
132 875 1.0
132 968 1.0
133 82 1.0
133 84 1.0
133 134 1.0
133 204 1.0
133 316 1.0
133 365 1.0
133 539 1.0
133 772 1.0
133 793 1.0
133 847 1.0
134 65 1.0
134 191 1.0
134 197 1.0
134 290 1.0
134 466 1.0
134 538 1.0
134 559 1.0
134 563 1.0
134 715 1.0
134 953 1.0
134 958 1.0
135 1 1.0
135 233 1.0
135 337 1.0
135 543 1.0
135 757 1.0
135 850 1.0
136 6 1.0
136 120 1.0
136 233 1.0
136 319 1.0
136 410 1.0
136 431 1.0
136 595 1.0
136 726 1.0
136 751 1.0
136 775 1.0
136 892 1.0
136 903 1.0
136 921 1.0
137 30 1.0
137 48 1.0
137 51 1.0
137 56 1.0
137 178 1.0
137 311 1.0
137 516 1.0
137 727 1.0
138 186 1.0
138 243 1.0
138 383 1.0
138 772 1.0
138 855 1.0
138 952 1.0
139 173 1.0
139 269 1.0
139 347 1.0
139 489 1.0
139 536 1.0
139 571 1.0
140 150 1.0
140 213 1.0
140 236 1.0
140 261 1.0
140 350 1.0
140 660 1.0
140 715 1.0
141 232 1.0
141 302 1.0
141 345 1.0
141 534 1.0
141 631 1.0
141 839 1.0
142 208 1.0
142 279 1.0
142 511 1.0
142 627 1.0
142 792 1.0
142 831 1.0
142 949 1.0
143 92 1.0
143 342 1.0
143 468 1.0
143 543 1.0
143 702 1.0
143 784 1.0
143 859 1.0
143 932 1.0
143 941 1.0
143 943 1.0
144 110 1.0
144 178 1.0
144 250 1.0
144 397 1.0
144 428 1.0
144 821 1.0
144 964 1.0
145 81 1.0
145 160 1.0
145 182 1.0
145 255 1.0
145 311 1.0
145 481 1.0
145 613 1.0
145 646 1.0
145 659 1.0
145 708 1.0
145 870 1.0
145 961 1.0
146 158 1.0
146 227 1.0
146 364 1.0
146 391 1.0
146 481 1.0
146 483 1.0
146 730 1.0
146 783 1.0
147 38 1.0
147 228 1.0
147 267 1.0
147 347 1.0
147 402 1.0
147 499 1.0
147 551 1.0
147 777 1.0
147 867 1.0
147 918 1.0
147 979 1.0
148 268 1.0
148 437 1.0
148 498 1.0
148 529 1.0
148 596 1.0
148 607 1.0
148 813 1.0
149 30 1.0
149 593 1.0
149 746 1.0
149 871 1.0
150 10 1.0
150 82 1.0
150 481 1.0
150 486 1.0
150 592 1.0
150 857 1.0
150 900 1.0
150 989 1.0
151 81 1.0
151 217 1.0
151 243 1.0
151 380 1.0
151 502 1.0
151 532 1.0
151 645 1.0
151 674 1.0
151 828 1.0
151 922 1.0
152 149 1.0
152 330 1.0
152 335 1.0
152 342 1.0
152 349 1.0
152 387 1.0
152 454 1.0
152 480 1.0
152 594 1.0
152 835 1.0
152 857 1.0
153 74 1.0
153 243 1.0
153 375 1.0
153 392 1.0
153 523 1.0
153 535 1.0
153 570 1.0
153 814 1.0
153 824 1.0
153 833 1.0
153 873 1.0
154 23 1.0
154 366 1.0
154 417 1.0
154 449 1.0
154 519 1.0
154 783 1.0
154 973 1.0
155 50 1.0
155 220 1.0
155 873 1.0
155 910 1.0
156 77 1.0
156 237 1.0
156 261 1.0
156 390 1.0
156 570 1.0
156 668 1.0
156 671 1.0
156 832 1.0
156 872 1.0
156 934 1.0
157 92 1.0
157 538 1.0
157 663 1.0
157 808 1.0
158 92 1.0
158 381 1.0
158 382 1.0
158 494 1.0
158 565 1.0
158 681 1.0
158 812 1.0
158 848 1.0
159 2 1.0
159 37 1.0
159 656 1.0
159 738 1.0
159 742 1.0
159 752 1.0
160 140 1.0
160 277 1.0
160 287 1.0
160 471 1.0
160 593 1.0
160 626 1.0
160 740 1.0
160 745 1.0
160 773 1.0
160 778 1.0
161 69 1.0
161 233 1.0
161 334 1.0
161 344 1.0
161 416 1.0
161 550 1.0
161 956 1.0
162 76 1.0
162 79 1.0
162 199 1.0
162 240 1.0
162 250 1.0
162 448 1.0
162 517 1.0
162 742 1.0
162 744 1.0
163 121 1.0
163 123 1.0
163 157 1.0
163 169 1.0
163 223 1.0
163 246 1.0
163 306 1.0
163 310 1.0
163 561 1.0
163 641 1.0
163 758 1.0
164 96 1.0
164 132 1.0
164 141 1.0
164 151 1.0
164 247 1.0
164 278 1.0
164 397 1.0
164 406 1.0
164 580 1.0
164 709 1.0
164 715 1.0
165 253 1.0
165 354 1.0
165 907 1.0
165 915 1.0
166 202 1.0
166 234 1.0
166 568 1.0
166 881 1.0
167 46 1.0
167 205 1.0
168 95 1.0
168 185 1.0
168 200 1.0
168 203 1.0
168 265 1.0
168 311 1.0
168 405 1.0
168 431 1.0
168 552 1.0
168 560 1.0
168 658 1.0
168 732 1.0
168 887 1.0
169 127 1.0
169 162 1.0
169 225 1.0
169 305 1.0
169 434 1.0
169 769 1.0
169 918 1.0
169 919 1.0
169 920 1.0
170 143 1.0
170 152 1.0
170 197 1.0
170 346 1.0
170 369 1.0
170 467 1.0
170 536 1.0
170 702 1.0
170 866 1.0
171 30 1.0
171 373 1.0
171 395 1.0
171 400 1.0
171 417 1.0
171 671 1.0
171 768 1.0
172 53 1.0
172 87 1.0
172 295 1.0
172 449 1.0
172 471 1.0
172 532 1.0
172 581 1.0
172 798 1.0
173 171 1.0
173 313 1.0
173 373 1.0
173 408 1.0
173 508 1.0
173 521 1.0
173 583 1.0
173 654 1.0
174 132 1.0
174 134 1.0
174 141 1.0
174 384 1.0
174 452 1.0
174 498 1.0
174 564 1.0
174 759 1.0
174 804 1.0
174 833 1.0
174 926 1.0
175 188 1.0
175 469 1.0
175 533 1.0
175 752 1.0
175 769 1.0
176 127 1.0
176 179 1.0
176 182 1.0
176 353 1.0
176 590 1.0
176 775 1.0
176 883 1.0
176 936 1.0
177 13 1.0
177 142 1.0
177 212 1.0
177 437 1.0
177 469 1.0
177 524 1.0
177 703 1.0
177 798 1.0
177 897 1.0
177 918 1.0
178 79 1.0
178 156 1.0
178 354 1.0
178 503 1.0
178 594 1.0
178 627 1.0
178 639 1.0
178 701 1.0
178 747 1.0
178 832 1.0
178 840 1.0
178 858 1.0
178 981 1.0
179 64 1.0
179 141 1.0
179 167 1.0
179 244 1.0
179 373 1.0
179 379 1.0
179 565 1.0
179 661 1.0
179 837 1.0
179 912 1.0
180 27 1.0
180 28 1.0
180 161 1.0
180 440 1.0
180 600 1.0
180 609 1.0
180 648 1.0
180 823 1.0
180 940 1.0
181 62 1.0
181 70 1.0
181 74 1.0
181 152 1.0
181 416 1.0
181 590 1.0
181 612 1.0
181 645 1.0
181 852 1.0
182 379 1.0
182 462 1.0
182 620 1.0
182 798 1.0
183 127 1.0
183 171 1.0
183 230 1.0
183 589 1.0
183 842 1.0
184 82 1.0
184 135 1.0
184 212 1.0
184 292 1.0
184 327 1.0
184 544 1.0
184 618 1.0
184 863 1.0
185 76 1.0
185 123 1.0
185 175 1.0
185 352 1.0
185 433 1.0
185 502 1.0
185 740 1.0
185 922 1.0
186 185 1.0
186 225 1.0
186 371 1.0
186 537 1.0
186 552 1.0
186 862 1.0
186 877 1.0
186 991 1.0
187 32 1.0
187 37 1.0
187 112 1.0
187 513 1.0
187 729 1.0
187 814 1.0
188 5 1.0
188 130 1.0
188 182 1.0
188 233 1.0
188 289 1.0
188 375 1.0
188 479 1.0
188 533 1.0
188 539 1.0
188 612 1.0
188 643 1.0
188 893 1.0
189 21 1.0
189 154 1.0
189 164 1.0
189 351 1.0
189 395 1.0
189 753 1.0
190 128 1.0
190 561 1.0
190 770 1.0
190 816 1.0
191 789 1.0
191 946 1.0
192 309 1.0
192 325 1.0
192 455 1.0
192 527 1.0
192 552 1.0
192 747 1.0
193 8 1.0
193 141 1.0
193 783 1.0
193 977 1.0
194 62 1.0
194 68 1.0
194 157 1.0
194 266 1.0
194 302 1.0
194 423 1.0
194 532 1.0
194 585 1.0
194 614 1.0
194 725 1.0
194 730 1.0
194 778 1.0
194 780 1.0
194 810 1.0
194 896 1.0
194 919 1.0
195 126 1.0
195 178 1.0
195 271 1.0
195 612 1.0
195 720 1.0
195 879 1.0
195 881 1.0
196 95 1.0
196 130 1.0
196 348 1.0
196 523 1.0
196 548 1.0
196 853 1.0
197 128 1.0
197 192 1.0
197 208 1.0
197 528 1.0
197 849 1.0
198 61 1.0
198 336 1.0
198 438 1.0
198 706 1.0
198 841 1.0
198 945 1.0
199 58 1.0
199 394 1.0
199 450 1.0
199 648 1.0
199 803 1.0
199 828 1.0
199 830 1.0
200 229 1.0
200 315 1.0
200 364 1.0
200 374 1.0
200 495 1.0
200 563 1.0
200 590 1.0
200 663 1.0
201 240 1.0
201 245 1.0
201 246 1.0
201 348 1.0
201 541 1.0
201 627 1.0
201 766 1.0
201 954 1.0
202 95 1.0
202 111 1.0
202 124 1.0
202 181 1.0
202 266 1.0
202 320 1.0
202 962 1.0
203 70 1.0
203 106 1.0
203 213 1.0
203 424 1.0
203 436 1.0
203 561 1.0
203 564 1.0
203 801 1.0
203 923 1.0
204 162 1.0
204 256 1.0
204 357 1.0
204 956 1.0
205 4 1.0
205 160 1.0
205 322 1.0
205 688 1.0
205 853 1.0
205 863 1.0
206 50 1.0
206 53 1.0
206 250 1.0
206 570 1.0
206 729 1.0
206 984 1.0
207 368 1.0
207 411 1.0
207 641 1.0
207 951 1.0
207 957 1.0
208 476 1.0
208 516 1.0
208 969 1.0
209 149 1.0
209 547 1.0
209 565 1.0
209 625 1.0
209 876 1.0
209 959 1.0
210 73 1.0
210 139 1.0
210 279 1.0
210 483 1.0
210 516 1.0
210 577 1.0
210 617 1.0
210 639 1.0
210 690 1.0
210 696 1.0
210 779 1.0
210 858 1.0
210 957 1.0
211 16 1.0
211 118 1.0
211 178 1.0
211 204 1.0
211 349 1.0
211 372 1.0
211 507 1.0
211 607 1.0
211 726 1.0
211 849 1.0
211 867 1.0
212 408 1.0
212 444 1.0
212 572 1.0
212 589 1.0
212 594 1.0
212 657 1.0
212 678 1.0
213 12 1.0
213 162 1.0
213 191 1.0
213 552 1.0
213 589 1.0
213 760 1.0
213 761 1.0
213 787 1.0
213 902 1.0
214 111 1.0
214 145 1.0
214 349 1.0
214 462 1.0
214 466 1.0
214 610 1.0
215 42 1.0
215 90 1.0
215 170 1.0
215 180 1.0
215 280 1.0
215 525 1.0
215 530 1.0
215 547 1.0
215 787 1.0
216 15 1.0
216 34 1.0
216 41 1.0
216 217 1.0
216 329 1.0
216 371 1.0
216 474 1.0
216 502 1.0
216 541 1.0
216 655 1.0
216 746 1.0
216 910 1.0
217 5 1.0
217 41 1.0
217 47 1.0
217 451 1.0
217 478 1.0
217 532 1.0
217 551 1.0
217 694 1.0
217 746 1.0
217 757 1.0
218 82 1.0
218 336 1.0
218 630 1.0
218 639 1.0
218 724 1.0
218 735 1.0
218 858 1.0
218 916 1.0
219 45 1.0
219 101 1.0
219 114 1.0
219 403 1.0
219 695 1.0
219 754 1.0
219 809 1.0
219 939 1.0
220 120 1.0
220 754 1.0
220 758 1.0
220 910 1.0
220 959 1.0
221 175 1.0
221 202 1.0
221 239 1.0
221 255 1.0
221 415 1.0
221 473 1.0
221 501 1.0
221 542 1.0
221 828 1.0
221 869 1.0
222 48 1.0
222 340 1.0
222 406 1.0
222 554 1.0
222 578 1.0
222 636 1.0
222 672 1.0
223 374 1.0
223 434 1.0
223 630 1.0
223 633 1.0
223 856 1.0
224 5 1.0
224 75 1.0
224 204 1.0
224 262 1.0
224 359 1.0
224 523 1.0
224 591 1.0
224 640 1.0
224 788 1.0
225 308 1.0
225 386 1.0
225 535 1.0
225 583 1.0
225 770 1.0
225 977 1.0
226 142 1.0
226 402 1.0
226 405 1.0
226 463 1.0
226 577 1.0
226 770 1.0
226 978 1.0
227 68 1.0
227 76 1.0
227 293 1.0
227 362 1.0
227 611 1.0
227 815 1.0
227 922 1.0
228 6 1.0
228 51 1.0
228 146 1.0
228 175 1.0
228 320 1.0
228 823 1.0
228 955 1.0
228 966 1.0
229 39 1.0
229 97 1.0
229 169 1.0
229 299 1.0
229 356 1.0
229 460 1.0
229 646 1.0
229 678 1.0
229 741 1.0
229 797 1.0
229 826 1.0
229 877 1.0
229 932 1.0
229 969 1.0
230 294 1.0
230 296 1.0
230 371 1.0
230 397 1.0
230 481 1.0
231 168 1.0
231 625 1.0
231 695 1.0
232 616 1.0
232 783 1.0
233 220 1.0
233 306 1.0
233 351 1.0
233 404 1.0
233 992 1.0
234 20 1.0
234 88 1.0
234 160 1.0
234 431 1.0
234 533 1.0
234 627 1.0
234 822 1.0
235 6 1.0
235 22 1.0
235 46 1.0
235 536 1.0
235 600 1.0
235 655 1.0
235 751 1.0
235 807 1.0
235 811 1.0
235 965 1.0
236 252 1.0
236 814 1.0
237 27 1.0
237 179 1.0
237 180 1.0
237 272 1.0
237 433 1.0
237 494 1.0
237 559 1.0
237 594 1.0
237 659 1.0
237 791 1.0
238 186 1.0
238 381 1.0
238 432 1.0
238 597 1.0
238 788 1.0
238 847 1.0
239 20 1.0
239 308 1.0
239 465 1.0
239 542 1.0
239 576 1.0
239 590 1.0
239 632 1.0
239 666 1.0
239 805 1.0
239 853 1.0
239 994 1.0
240 123 1.0
240 242 1.0
240 266 1.0
240 492 1.0
240 618 1.0
240 656 1.0
240 736 1.0
241 56 1.0
241 95 1.0
241 180 1.0
241 207 1.0
241 304 1.0
241 393 1.0
241 399 1.0
241 430 1.0
241 572 1.0
241 632 1.0
241 946 1.0
242 17 1.0
242 43 1.0
242 45 1.0
242 86 1.0
242 367 1.0
242 376 1.0
242 511 1.0
242 627 1.0
242 773 1.0
242 948 1.0
243 132 1.0
243 194 1.0
243 378 1.0
243 456 1.0
243 462 1.0
243 576 1.0
243 596 1.0
243 598 1.0
243 705 1.0
244 107 1.0
244 295 1.0
244 336 1.0
244 487 1.0
244 667 1.0
244 713 1.0
244 937 1.0
245 98 1.0
245 485 1.0
245 687 1.0
245 692 1.0
245 830 1.0
245 898 1.0
246 175 1.0
246 471 1.0
246 522 1.0
246 782 1.0
246 813 1.0
246 938 1.0
247 184 1.0
247 212 1.0
247 273 1.0
247 340 1.0
247 668 1.0
247 889 1.0
248 12 1.0
248 207 1.0
248 380 1.0
248 441 1.0
248 531 1.0
248 561 1.0
248 660 1.0
248 705 1.0
248 833 1.0
248 909 1.0
249 358 1.0
249 766 1.0
250 90 1.0
250 92 1.0
250 125 1.0
250 242 1.0
250 282 1.0
250 520 1.0
250 688 1.0
250 769 1.0
250 868 1.0
251 44 1.0
251 400 1.0
251 419 1.0
251 497 1.0
251 602 1.0
251 836 1.0
251 863 1.0
251 924 1.0
252 17 1.0
252 65 1.0
252 188 1.0
252 319 1.0
252 415 1.0
252 545 1.0
252 683 1.0
252 718 1.0
253 74 1.0
253 91 1.0
253 147 1.0
253 232 1.0
253 361 1.0
253 392 1.0
253 490 1.0
253 551 1.0
253 604 1.0
253 628 1.0
253 711 1.0
253 762 1.0
253 876 1.0
254 132 1.0
254 216 1.0
254 241 1.0
254 307 1.0
254 317 1.0
254 437 1.0
254 464 1.0
254 525 1.0
254 668 1.0
254 774 1.0
254 855 1.0
255 63 1.0
255 130 1.0
255 308 1.0
255 495 1.0
255 585 1.0
255 806 1.0
256 43 1.0
256 61 1.0
256 251 1.0
256 295 1.0
256 459 1.0
256 629 1.0
256 848 1.0
256 857 1.0
256 893 1.0
257 157 1.0
257 227 1.0
257 323 1.0
257 454 1.0
257 637 1.0
257 668 1.0
257 859 1.0
257 991 1.0
258 387 1.0
258 576 1.0
258 604 1.0
258 641 1.0
258 849 1.0
258 863 1.0
259 132 1.0
259 361 1.0
259 370 1.0
259 412 1.0
259 469 1.0
259 480 1.0
259 498 1.0
259 721 1.0
259 792 1.0
260 727 1.0
260 951 1.0
260 964 1.0
261 634 1.0
261 724 1.0
261 766 1.0
261 782 1.0
262 23 1.0
262 46 1.0
262 117 1.0
262 265 1.0
262 469 1.0
262 494 1.0
262 544 1.0
262 571 1.0
262 622 1.0
262 716 1.0
262 834 1.0
262 935 1.0
263 18 1.0
263 191 1.0
263 217 1.0
263 327 1.0
263 390 1.0
263 510 1.0
263 906 1.0
264 52 1.0
264 210 1.0
264 229 1.0
264 540 1.0
264 961 1.0
265 17 1.0
265 98 1.0
265 202 1.0
265 273 1.0
265 715 1.0
265 743 1.0
265 765 1.0
265 823 1.0
266 508 1.0
266 639 1.0
266 744 1.0
266 791 1.0
266 908 1.0
266 968 1.0
267 12 1.0
267 103 1.0
267 224 1.0
267 850 1.0
268 144 1.0
268 249 1.0
268 690 1.0
268 981 1.0
269 246 1.0
269 281 1.0
269 668 1.0
269 927 1.0
269 941 1.0
270 26 1.0
270 83 1.0
270 123 1.0
270 443 1.0
270 563 1.0
270 608 1.0
270 660 1.0
270 701 1.0
270 863 1.0
271 109 1.0
271 111 1.0
271 165 1.0
271 382 1.0
271 649 1.0
271 651 1.0
271 801 1.0
271 829 1.0
271 902 1.0
272 30 1.0
272 113 1.0
272 203 1.0
272 219 1.0
272 422 1.0
272 483 1.0
272 588 1.0
272 661 1.0
272 778 1.0
272 839 1.0
272 850 1.0
272 939 1.0
273 44 1.0
273 267 1.0
273 290 1.0
273 354 1.0
273 427 1.0
273 446 1.0
273 652 1.0
273 659 1.0
273 912 1.0
273 913 1.0
273 921 1.0
273 924 1.0
273 994 1.0
274 622 1.0
274 719 1.0
274 803 1.0
274 891 1.0
274 950 1.0
275 105 1.0
275 208 1.0
275 333 1.0
275 647 1.0
275 667 1.0
275 819 1.0
275 961 1.0
276 160 1.0
276 334 1.0
276 340 1.0
276 437 1.0
276 474 1.0
276 479 1.0
276 545 1.0
276 657 1.0
276 836 1.0
276 972 1.0
277 45 1.0
277 369 1.0
277 430 1.0
277 470 1.0
277 668 1.0
277 669 1.0
277 705 1.0
277 736 1.0
278 9 1.0
278 108 1.0
278 183 1.0
278 383 1.0
278 396 1.0
278 699 1.0
278 813 1.0
278 873 1.0
279 197 1.0
279 259 1.0
279 437 1.0
279 518 1.0
279 632 1.0
279 739 1.0
279 944 1.0
279 948 1.0
280 19 1.0
280 268 1.0
280 302 1.0
280 317 1.0
280 414 1.0
280 484 1.0
280 691 1.0
280 734 1.0
280 941 1.0
281 50 1.0
281 94 1.0
281 156 1.0
281 332 1.0
281 515 1.0
281 611 1.0
281 770 1.0
282 23 1.0
282 82 1.0
282 114 1.0
282 150 1.0
282 331 1.0
282 538 1.0
282 571 1.0
282 593 1.0
282 680 1.0
282 881 1.0
282 882 1.0
283 338 1.0
283 465 1.0
283 614 1.0
283 624 1.0
283 801 1.0
283 943 1.0
284 16 1.0
284 91 1.0
284 109 1.0
284 353 1.0
284 417 1.0
284 708 1.0
284 742 1.0
284 744 1.0
284 778 1.0
284 832 1.0
285 139 1.0
285 303 1.0
285 385 1.0
285 466 1.0
285 561 1.0
285 699 1.0
285 897 1.0
285 908 1.0
285 942 1.0
285 966 1.0
286 36 1.0
286 187 1.0
286 197 1.0
286 346 1.0
286 377 1.0
286 674 1.0
286 716 1.0
286 860 1.0
287 112 1.0
287 385 1.0
287 414 1.0
287 660 1.0
287 722 1.0
287 783 1.0
287 802 1.0
287 944 1.0
288 293 1.0
288 469 1.0
288 519 1.0
288 521 1.0
288 701 1.0
288 849 1.0
289 87 1.0
289 195 1.0
289 408 1.0
289 725 1.0
289 742 1.0
289 827 1.0
289 902 1.0
289 976 1.0
290 107 1.0
290 258 1.0
290 458 1.0
290 508 1.0
290 624 1.0
290 668 1.0
290 687 1.0
290 702 1.0
290 717 1.0
291 311 1.0
291 322 1.0
291 455 1.0
291 555 1.0
291 618 1.0
291 657 1.0
291 660 1.0
291 713 1.0
291 749 1.0
291 847 1.0
292 6 1.0
292 38 1.0
292 40 1.0
292 74 1.0
292 136 1.0
292 291 1.0
292 352 1.0
292 434 1.0
292 720 1.0
292 732 1.0
292 766 1.0
292 928 1.0
293 21 1.0
293 98 1.0
293 232 1.0
293 720 1.0
293 925 1.0
293 931 1.0
294 18 1.0
294 151 1.0
294 580 1.0
294 671 1.0
294 866 1.0
295 28 1.0
295 139 1.0
295 158 1.0
295 235 1.0
295 309 1.0
295 442 1.0
295 497 1.0
295 548 1.0
295 625 1.0
295 735 1.0
295 775 1.0
295 892 1.0
295 905 1.0
296 22 1.0
296 221 1.0
296 256 1.0
296 379 1.0
296 752 1.0
296 808 1.0
296 851 1.0
296 914 1.0
297 354 1.0
297 356 1.0
297 385 1.0
297 399 1.0
297 438 1.0
297 621 1.0
298 377 1.0
298 433 1.0
298 546 1.0
298 600 1.0
298 685 1.0
298 754 1.0
298 850 1.0
299 136 1.0
299 545 1.0
299 583 1.0
299 630 1.0
299 761 1.0
300 95 1.0
300 173 1.0
300 348 1.0
300 447 1.0
300 470 1.0
300 483 1.0
300 608 1.0
300 643 1.0
301 395 1.0
301 543 1.0
301 584 1.0
301 598 1.0
302 54 1.0
302 138 1.0
302 397 1.0
302 475 1.0
302 487 1.0
302 841 1.0
302 850 1.0
302 992 1.0
303 270 1.0
303 334 1.0
303 394 1.0
303 580 1.0
303 647 1.0
303 668 1.0
303 682 1.0
303 812 1.0
303 973 1.0
304 23 1.0
304 382 1.0
304 387 1.0
304 401 1.0
304 690 1.0
304 728 1.0
304 823 1.0
305 99 1.0
305 156 1.0
305 399 1.0
305 450 1.0
305 508 1.0
305 762 1.0
305 780 1.0
305 894 1.0
305 918 1.0
305 935 1.0
306 47 1.0
306 53 1.0
306 129 1.0
306 445 1.0
306 487 1.0
306 511 1.0
307 27 1.0
307 111 1.0
307 123 1.0
307 329 1.0
307 393 1.0
307 396 1.0
307 620 1.0
307 629 1.0
307 660 1.0
307 728 1.0
307 736 1.0
308 231 1.0
308 286 1.0
308 355 1.0
308 524 1.0
308 558 1.0
308 678 1.0
308 865 1.0
309 68 1.0
309 157 1.0
309 197 1.0
309 264 1.0
309 305 1.0
309 392 1.0
309 459 1.0
309 562 1.0
309 624 1.0
309 705 1.0
309 733 1.0
310 58 1.0
310 131 1.0
310 211 1.0
310 254 1.0
310 328 1.0
310 377 1.0
310 399 1.0
310 702 1.0
310 770 1.0
310 774 1.0
310 846 1.0
310 860 1.0
311 62 1.0
311 108 1.0
311 360 1.0
311 396 1.0
311 417 1.0
311 494 1.0
311 633 1.0
311 687 1.0
311 715 1.0
311 801 1.0
312 122 1.0
312 356 1.0
312 422 1.0
312 479 1.0
312 626 1.0
312 681 1.0
312 750 1.0
312 813 1.0
312 859 1.0
312 933 1.0
313 50 1.0
313 107 1.0
313 174 1.0
313 394 1.0
313 479 1.0
313 723 1.0
314 91 1.0
314 327 1.0
314 493 1.0
314 603 1.0
314 853 1.0
314 865 1.0
315 32 1.0
315 47 1.0
315 103 1.0
315 126 1.0
315 163 1.0
315 250 1.0
315 852 1.0
316 15 1.0
316 154 1.0
316 163 1.0
316 297 1.0
316 487 1.0
316 564 1.0
316 683 1.0
316 729 1.0
316 820 1.0
317 319 1.0
317 551 1.0
317 568 1.0
317 828 1.0
317 853 1.0
318 208 1.0
318 242 1.0
318 410 1.0
318 442 1.0
318 447 1.0
318 465 1.0
318 549 1.0
318 682 1.0
318 787 1.0
318 868 1.0
318 925 1.0
319 200 1.0
319 368 1.0
319 444 1.0
319 452 1.0
319 458 1.0
319 709 1.0
319 802 1.0
319 888 1.0
320 41 1.0
320 61 1.0
320 179 1.0
320 326 1.0
320 464 1.0
320 499 1.0
321 34 1.0
321 225 1.0
321 320 1.0
321 334 1.0
321 458 1.0
321 487 1.0
321 891 1.0
321 893 1.0
321 900 1.0
322 138 1.0
322 294 1.0
322 355 1.0
322 470 1.0
322 645 1.0
322 692 1.0
323 127 1.0
323 328 1.0
323 382 1.0
323 454 1.0
323 467 1.0
323 629 1.0
323 630 1.0
324 17 1.0
324 539 1.0
324 585 1.0
324 747 1.0
324 890 1.0
324 954 1.0
325 67 1.0
325 132 1.0
325 278 1.0
325 522 1.0
325 548 1.0
325 682 1.0
325 773 1.0
326 17 1.0
326 190 1.0
326 196 1.0
326 235 1.0
326 295 1.0
326 443 1.0
326 512 1.0
326 572 1.0
326 919 1.0
327 15 1.0
327 205 1.0
327 209 1.0
327 229 1.0
327 288 1.0
327 307 1.0
327 665 1.0
327 887 1.0
328 134 1.0
328 139 1.0
328 329 1.0
328 417 1.0
328 458 1.0
329 44 1.0
329 180 1.0
329 532 1.0
329 799 1.0
330 251 1.0
330 255 1.0
330 390 1.0
330 469 1.0
330 685 1.0
330 709 1.0
330 899 1.0
331 130 1.0
331 493 1.0
331 553 1.0
331 666 1.0
331 702 1.0
332 13 1.0
332 261 1.0
332 285 1.0
332 604 1.0
332 608 1.0
332 725 1.0
333 20 1.0
333 116 1.0
333 367 1.0
333 739 1.0
333 762 1.0
333 814 1.0
333 825 1.0
333 981 1.0
334 51 1.0
334 87 1.0
334 144 1.0
334 231 1.0
334 267 1.0
334 301 1.0
334 355 1.0
334 487 1.0
334 717 1.0
335 174 1.0
335 254 1.0
335 279 1.0
335 366 1.0
335 717 1.0
335 764 1.0
335 863 1.0
335 930 1.0
335 978 1.0
335 982 1.0
336 103 1.0
336 163 1.0
336 236 1.0
336 521 1.0
336 684 1.0
336 731 1.0
336 866 1.0
336 876 1.0
337 21 1.0
337 383 1.0
337 386 1.0
337 449 1.0
337 598 1.0
337 601 1.0
337 896 1.0
337 941 1.0
338 137 1.0
338 556 1.0
338 673 1.0
338 860 1.0
338 865 1.0
339 67 1.0
339 245 1.0
339 494 1.0
339 500 1.0
340 27 1.0
340 32 1.0
340 75 1.0
340 266 1.0
340 395 1.0
340 420 1.0
340 449 1.0
340 672 1.0
340 762 1.0
340 792 1.0
341 535 1.0
341 743 1.0
341 897 1.0
342 64 1.0
342 140 1.0
342 822 1.0
342 892 1.0
342 971 1.0
343 479 1.0
343 652 1.0
343 912 1.0
344 613 1.0
344 943 1.0
345 288 1.0
345 685 1.0
345 692 1.0
345 695 1.0
346 232 1.0
346 329 1.0
346 449 1.0
346 574 1.0
346 707 1.0
346 832 1.0
346 990 1.0
347 145 1.0
347 417 1.0
347 567 1.0
347 796 1.0
347 910 1.0
348 615 1.0
348 847 1.0
348 859 1.0
349 354 1.0
349 504 1.0
349 717 1.0
349 816 1.0
349 892 1.0
350 296 1.0
350 430 1.0
350 587 1.0
350 596 1.0
350 713 1.0
350 725 1.0
350 813 1.0
350 844 1.0
350 874 1.0
350 902 1.0
351 168 1.0
351 170 1.0
351 373 1.0
351 431 1.0
351 628 1.0
351 644 1.0
351 691 1.0
351 698 1.0
352 187 1.0
352 236 1.0
352 367 1.0
352 373 1.0
352 480 1.0
352 502 1.0
352 514 1.0
352 736 1.0
352 858 1.0
353 104 1.0
353 293 1.0
353 352 1.0
353 371 1.0
353 501 1.0
353 543 1.0
353 583 1.0
353 587 1.0
353 650 1.0
353 690 1.0
354 55 1.0
354 121 1.0
354 131 1.0
354 342 1.0
354 390 1.0
354 580 1.0
354 649 1.0
354 788 1.0
354 836 1.0
355 232 1.0
355 280 1.0
355 494 1.0
355 643 1.0
355 741 1.0
356 7 1.0
356 61 1.0
356 116 1.0
356 137 1.0
356 204 1.0
356 416 1.0
356 746 1.0
356 768 1.0
356 817 1.0
357 84 1.0
357 295 1.0
357 383 1.0
357 410 1.0
357 784 1.0
358 8 1.0
358 41 1.0
358 118 1.0
358 154 1.0
358 163 1.0
358 166 1.0
358 247 1.0
358 249 1.0
358 872 1.0
359 27 1.0
359 103 1.0
359 105 1.0
359 254 1.0
359 385 1.0
359 494 1.0
359 545 1.0
359 696 1.0
359 719 1.0
359 744 1.0
359 756 1.0
359 833 1.0
360 154 1.0
360 440 1.0
360 581 1.0
360 763 1.0
361 34 1.0
361 110 1.0
361 366 1.0
361 528 1.0
361 659 1.0
361 697 1.0
362 72 1.0
362 178 1.0
362 377 1.0
362 510 1.0
363 140 1.0
363 236 1.0
363 266 1.0
363 451 1.0
363 496 1.0
363 552 1.0
363 719 1.0
363 741 1.0
364 75 1.0
364 184 1.0
364 338 1.0
364 413 1.0
364 805 1.0
364 809 1.0
364 912 1.0
364 942 1.0
365 44 1.0
365 280 1.0
365 431 1.0
365 689 1.0
365 797 1.0
365 811 1.0
366 93 1.0
366 208 1.0
366 310 1.0
366 630 1.0
366 796 1.0
366 826 1.0
367 86 1.0
367 131 1.0
367 301 1.0
367 307 1.0
367 321 1.0
367 336 1.0
367 772 1.0
367 817 1.0
367 868 1.0
367 928 1.0
368 8 1.0
368 68 1.0
368 123 1.0
368 183 1.0
368 325 1.0
368 402 1.0
368 573 1.0
368 751 1.0
368 933 1.0
369 145 1.0
369 276 1.0
369 287 1.0
369 356 1.0
369 428 1.0
369 523 1.0
369 597 1.0
369 859 1.0
369 949 1.0
370 3 1.0
370 55 1.0
370 144 1.0
370 184 1.0
370 353 1.0
370 443 1.0
371 58 1.0
371 90 1.0
371 144 1.0
371 168 1.0
371 209 1.0
371 708 1.0
371 966 1.0
372 2 1.0
372 112 1.0
372 176 1.0
372 315 1.0
372 469 1.0
372 499 1.0
372 630 1.0
372 632 1.0
372 718 1.0
372 821 1.0
372 939 1.0
373 405 1.0
373 427 1.0
373 700 1.0
373 763 1.0
373 885 1.0
374 171 1.0
374 342 1.0
374 357 1.0
374 395 1.0
374 573 1.0
374 774 1.0
375 287 1.0
375 348 1.0
375 415 1.0
375 432 1.0
375 925 1.0
376 360 1.0
376 938 1.0
377 29 1.0
377 230 1.0
377 674 1.0
378 8 1.0
378 102 1.0
378 173 1.0
378 272 1.0
378 416 1.0
378 428 1.0
378 499 1.0
378 722 1.0
378 734 1.0
378 984 1.0
379 109 1.0
379 234 1.0
379 284 1.0
379 352 1.0
379 368 1.0
379 530 1.0
379 730 1.0
379 789 1.0
379 872 1.0
380 193 1.0
380 209 1.0
380 349 1.0
380 383 1.0
380 394 1.0
380 498 1.0
381 135 1.0
381 443 1.0
381 495 1.0
381 626 1.0
381 665 1.0
382 61 1.0
382 110 1.0
382 192 1.0
382 397 1.0
382 792 1.0
383 1 1.0
383 93 1.0
383 199 1.0
383 337 1.0
383 345 1.0
383 520 1.0
383 524 1.0
383 679 1.0
383 734 1.0
384 118 1.0
384 127 1.0
384 341 1.0
384 518 1.0
384 675 1.0
384 834 1.0
385 123 1.0
385 235 1.0
385 246 1.0
385 282 1.0
385 337 1.0
385 552 1.0
385 696 1.0
385 830 1.0
385 889 1.0
385 968 1.0
386 17 1.0
386 43 1.0
386 134 1.0
386 255 1.0
386 687 1.0
386 721 1.0
386 750 1.0
386 752 1.0
387 224 1.0
387 248 1.0
387 274 1.0
387 430 1.0
387 610 1.0
387 767 1.0
387 907 1.0
387 932 1.0
388 3 1.0
388 69 1.0
388 325 1.0
388 364 1.0
388 432 1.0
388 465 1.0
388 485 1.0
388 745 1.0
388 769 1.0
388 837 1.0
389 48 1.0
389 56 1.0
389 399 1.0
389 524 1.0
389 795 1.0
389 801 1.0
389 891 1.0
390 175 1.0
390 359 1.0
390 818 1.0
391 16 1.0
391 62 1.0
391 64 1.0
391 182 1.0
391 441 1.0
391 488 1.0
391 521 1.0
391 762 1.0
391 778 1.0
391 869 1.0
391 878 1.0
392 184 1.0
392 237 1.0
392 260 1.0
392 520 1.0
392 631 1.0
392 692 1.0
392 730 1.0
392 955 1.0
393 7 1.0
393 113 1.0
393 126 1.0
393 163 1.0
393 195 1.0
393 373 1.0
393 491 1.0
393 613 1.0
393 678 1.0
393 902 1.0
394 30 1.0
394 94 1.0
394 467 1.0
394 548 1.0
394 675 1.0
394 867 1.0
395 238 1.0
395 504 1.0
395 723 1.0
395 836 1.0
395 873 1.0
396 374 1.0
396 514 1.0
396 553 1.0
396 803 1.0
396 823 1.0
397 303 1.0
397 421 1.0
397 424 1.0
397 480 1.0
397 653 1.0
397 893 1.0
397 949 1.0
398 239 1.0
398 275 1.0
398 496 1.0
398 652 1.0
398 764 1.0
398 984 1.0
399 71 1.0
399 91 1.0
399 190 1.0
399 274 1.0
399 332 1.0
399 500 1.0
399 604 1.0
399 767 1.0
400 48 1.0
400 141 1.0
400 492 1.0
400 598 1.0
400 610 1.0
400 762 1.0
401 124 1.0
401 645 1.0
401 724 1.0
401 797 1.0
401 807 1.0
402 38 1.0
402 210 1.0
402 293 1.0
402 409 1.0
402 557 1.0
402 668 1.0
402 783 1.0
402 884 1.0
403 27 1.0
403 102 1.0
403 123 1.0
403 150 1.0
403 655 1.0
403 807 1.0
404 15 1.0
404 28 1.0
404 226 1.0
404 423 1.0
404 464 1.0
404 790 1.0
404 795 1.0
405 21 1.0
405 86 1.0
405 101 1.0
405 194 1.0
405 246 1.0
405 357 1.0
405 370 1.0
405 451 1.0
405 530 1.0
405 560 1.0
405 632 1.0
405 783 1.0
405 822 1.0
405 902 1.0
406 21 1.0
406 248 1.0
406 351 1.0
406 603 1.0
406 831 1.0
406 882 1.0
407 133 1.0
407 142 1.0
407 303 1.0
407 476 1.0
407 547 1.0
407 609 1.0
407 642 1.0
407 654 1.0
407 774 1.0
407 977 1.0
408 1 1.0
408 4 1.0
408 226 1.0
408 390 1.0
408 583 1.0
408 658 1.0
408 670 1.0
408 715 1.0
408 845 1.0
408 894 1.0
409 44 1.0
409 208 1.0
409 491 1.0
409 669 1.0
410 139 1.0
410 202 1.0
410 206 1.0
410 289 1.0
410 437 1.0
410 505 1.0
410 852 1.0
411 12 1.0
411 62 1.0
411 152 1.0
412 77 1.0
412 428 1.0
412 720 1.0
412 878 1.0
412 947 1.0
413 159 1.0
413 637 1.0
413 698 1.0
413 783 1.0
413 805 1.0
413 967 1.0
413 978 1.0
414 32 1.0
414 154 1.0
414 181 1.0
414 765 1.0
414 988 1.0
415 169 1.0
415 179 1.0
415 193 1.0
415 260 1.0
415 267 1.0
415 519 1.0
415 527 1.0
415 569 1.0
415 886 1.0
416 79 1.0
416 423 1.0
416 534 1.0
416 568 1.0
416 682 1.0
416 687 1.0
416 746 1.0
416 776 1.0
416 934 1.0
417 267 1.0
417 276 1.0
417 288 1.0
417 373 1.0
417 531 1.0
417 566 1.0
417 607 1.0
417 689 1.0
417 743 1.0
417 816 1.0
417 866 1.0
417 916 1.0
418 48 1.0
418 85 1.0
418 235 1.0
418 370 1.0
418 440 1.0
418 528 1.0
418 545 1.0
418 803 1.0
419 102 1.0
419 327 1.0
419 467 1.0
419 547 1.0
419 728 1.0
419 927 1.0
420 1 1.0
420 12 1.0
420 426 1.0
420 478 1.0
420 511 1.0
420 834 1.0
420 844 1.0
420 900 1.0
421 318 1.0
421 323 1.0
421 363 1.0
421 401 1.0
421 408 1.0
421 461 1.0
421 569 1.0
421 644 1.0
421 725 1.0
421 788 1.0
422 231 1.0
422 287 1.0
422 681 1.0
422 714 1.0
422 777 1.0
423 133 1.0
423 347 1.0
423 416 1.0
423 454 1.0
423 617 1.0
423 619 1.0
423 692 1.0
423 843 1.0
423 867 1.0
423 940 1.0
424 175 1.0
424 258 1.0
424 334 1.0
424 647 1.0
424 687 1.0
424 947 1.0
425 216 1.0
425 265 1.0
425 519 1.0
425 554 1.0
425 746 1.0
425 792 1.0
425 824 1.0
426 461 1.0
426 672 1.0
426 864 1.0
427 56 1.0
427 200 1.0
427 317 1.0
427 556 1.0
427 606 1.0
427 615 1.0
427 696 1.0
427 800 1.0
427 860 1.0
428 166 1.0
428 167 1.0
428 576 1.0
428 663 1.0
428 841 1.0
428 966 1.0
429 114 1.0
429 140 1.0
429 215 1.0
429 943 1.0
430 17 1.0
430 19 1.0
430 33 1.0
430 162 1.0
430 211 1.0
430 285 1.0
430 365 1.0
430 490 1.0
430 583 1.0
431 74 1.0
431 136 1.0
431 241 1.0
431 249 1.0
431 291 1.0
431 309 1.0
431 442 1.0
431 516 1.0
431 615 1.0
431 741 1.0
431 827 1.0
432 48 1.0
432 123 1.0
432 240 1.0
432 312 1.0
432 491 1.0
432 548 1.0
432 676 1.0
432 825 1.0
433 20 1.0
433 76 1.0
433 225 1.0
433 252 1.0
433 351 1.0
433 466 1.0
433 494 1.0
433 840 1.0
433 879 1.0
434 211 1.0
434 235 1.0
434 292 1.0
434 308 1.0
434 339 1.0
434 627 1.0
434 762 1.0
434 804 1.0
434 830 1.0
435 209 1.0
435 260 1.0
435 372 1.0
435 466 1.0
435 505 1.0
435 515 1.0
435 651 1.0
435 826 1.0
436 9 1.0
436 189 1.0
436 344 1.0
436 678 1.0
436 720 1.0
436 783 1.0
436 802 1.0
437 61 1.0
437 147 1.0
437 382 1.0
437 422 1.0
437 510 1.0
437 667 1.0
437 717 1.0
437 828 1.0
437 929 1.0
437 964 1.0
438 49 1.0
438 129 1.0
438 333 1.0
438 344 1.0
438 511 1.0
438 566 1.0
438 673 1.0
438 694 1.0
438 756 1.0
438 761 1.0
439 31 1.0
439 39 1.0
439 226 1.0
439 459 1.0
439 974 1.0
440 449 1.0
440 469 1.0
440 599 1.0
440 704 1.0
440 785 1.0
440 903 1.0
441 238 1.0
441 269 1.0
441 372 1.0
441 598 1.0
441 614 1.0
441 625 1.0
441 679 1.0
441 783 1.0
441 876 1.0
442 82 1.0
442 333 1.0
442 346 1.0
442 474 1.0
442 507 1.0
442 511 1.0
442 567 1.0
442 875 1.0
443 58 1.0
443 92 1.0
443 190 1.0
443 379 1.0
443 594 1.0
443 622 1.0
443 709 1.0
443 792 1.0
444 161 1.0
444 184 1.0
444 346 1.0
444 457 1.0
444 491 1.0
444 619 1.0
445 204 1.0
445 305 1.0
445 358 1.0
445 811 1.0
446 66 1.0
446 69 1.0
446 133 1.0
446 221 1.0
446 331 1.0
446 415 1.0
446 809 1.0
447 59 1.0
447 139 1.0
447 290 1.0
447 315 1.0
447 443 1.0
447 498 1.0
447 875 1.0
448 195 1.0
448 284 1.0
448 308 1.0
448 347 1.0
448 391 1.0
448 575 1.0
448 951 1.0
449 335 1.0
449 540 1.0
449 559 1.0
449 576 1.0
449 975 1.0
450 16 1.0
450 617 1.0
450 647 1.0
450 794 1.0
450 843 1.0
450 952 1.0
451 94 1.0
451 131 1.0
451 521 1.0
451 562 1.0
451 696 1.0
451 713 1.0
451 756 1.0
451 766 1.0
451 820 1.0
451 872 1.0
451 938 1.0
451 949 1.0
452 46 1.0
452 104 1.0
452 145 1.0
452 151 1.0
452 179 1.0
452 203 1.0
452 210 1.0
452 315 1.0
452 691 1.0
452 706 1.0
453 20 1.0
453 31 1.0
453 201 1.0
453 335 1.0
453 429 1.0
453 616 1.0
453 645 1.0
453 857 1.0
454 10 1.0
454 100 1.0
454 211 1.0
454 435 1.0
454 494 1.0
454 611 1.0
454 697 1.0
454 809 1.0
454 825 1.0
454 857 1.0
454 911 1.0
455 84 1.0
455 114 1.0
455 164 1.0
455 177 1.0
455 186 1.0
455 268 1.0
455 452 1.0
455 460 1.0
455 522 1.0
455 759 1.0
455 788 1.0
455 806 1.0
456 99 1.0
456 239 1.0
456 656 1.0
457 178 1.0
457 261 1.0
457 441 1.0
457 596 1.0
457 677 1.0
457 714 1.0
457 807 1.0
457 880 1.0
458 249 1.0
458 417 1.0
458 451 1.0
458 542 1.0
458 874 1.0
459 43 1.0
459 147 1.0
459 214 1.0
459 229 1.0
459 359 1.0
459 397 1.0
459 448 1.0
459 575 1.0
459 740 1.0
459 818 1.0
459 863 1.0
459 895 1.0
460 211 1.0
460 475 1.0
460 600 1.0
460 715 1.0
460 727 1.0
460 775 1.0
460 808 1.0
460 990 1.0
461 421 1.0
461 434 1.0
461 629 1.0
461 679 1.0
462 32 1.0
462 36 1.0
462 320 1.0
462 510 1.0
462 551 1.0
462 616 1.0
462 812 1.0
462 954 1.0
463 92 1.0
463 238 1.0
463 333 1.0
463 344 1.0
463 349 1.0
463 372 1.0
463 387 1.0
463 458 1.0
464 266 1.0
464 576 1.0
464 682 1.0
464 704 1.0
464 961 1.0
465 164 1.0
465 225 1.0
465 307 1.0
465 408 1.0
465 445 1.0
465 658 1.0
465 883 1.0
465 904 1.0
466 63 1.0
466 482 1.0
466 532 1.0
466 875 1.0
467 18 1.0
467 435 1.0
467 540 1.0
467 587 1.0
467 624 1.0
468 479 1.0
468 595 1.0
468 604 1.0
468 624 1.0
468 742 1.0
469 69 1.0
469 122 1.0
469 231 1.0
469 372 1.0
469 429 1.0
469 647 1.0
469 682 1.0
469 855 1.0
470 66 1.0
470 261 1.0
470 463 1.0
470 615 1.0
470 787 1.0
470 823 1.0
470 913 1.0
470 923 1.0
471 33 1.0
471 104 1.0
471 117 1.0
471 154 1.0
471 175 1.0
471 268 1.0
471 397 1.0
471 498 1.0
471 526 1.0
471 539 1.0
471 625 1.0
471 702 1.0
472 8 1.0
472 51 1.0
472 182 1.0
472 220 1.0
472 238 1.0
472 296 1.0
472 304 1.0
472 529 1.0
472 574 1.0
472 710 1.0
472 870 1.0
472 890 1.0
473 75 1.0
473 227 1.0
473 472 1.0
473 633 1.0
473 807 1.0
473 834 1.0
474 62 1.0
474 217 1.0
474 271 1.0
474 382 1.0
474 569 1.0
474 596 1.0
474 598 1.0
474 764 1.0
475 3 1.0
475 111 1.0
475 280 1.0
475 625 1.0
476 110 1.0
476 442 1.0
476 542 1.0
476 674 1.0
476 759 1.0
477 188 1.0
477 223 1.0
477 275 1.0
477 498 1.0
477 612 1.0
477 635 1.0
477 651 1.0
477 843 1.0
478 364 1.0
478 384 1.0
478 537 1.0
478 890 1.0
479 60 1.0
479 327 1.0
479 414 1.0
479 440 1.0
479 722 1.0
479 831 1.0
480 89 1.0
480 207 1.0
480 218 1.0
480 346 1.0
480 629 1.0
481 259 1.0
481 373 1.0
481 414 1.0
481 415 1.0
481 546 1.0
481 552 1.0
481 765 1.0
481 832 1.0
481 892 1.0
482 43 1.0
482 415 1.0
482 562 1.0
482 607 1.0
482 640 1.0
482 737 1.0
482 791 1.0
482 858 1.0
483 28 1.0
483 156 1.0
483 219 1.0
483 294 1.0
483 355 1.0
483 410 1.0
483 533 1.0
483 545 1.0
483 734 1.0
483 770 1.0
483 806 1.0
484 110 1.0
484 217 1.0
484 432 1.0
484 576 1.0
485 115 1.0
485 177 1.0
485 237 1.0
485 607 1.0
485 859 1.0
485 970 1.0
486 78 1.0
486 279 1.0
486 691 1.0
486 734 1.0
487 59 1.0
487 192 1.0
487 215 1.0
487 343 1.0
487 578 1.0
488 4 1.0
488 19 1.0
488 160 1.0
488 182 1.0
488 391 1.0
488 553 1.0
488 625 1.0
488 774 1.0
488 852 1.0
489 0 1.0
489 157 1.0
489 775 1.0
489 822 1.0
490 135 1.0
490 228 1.0
490 253 1.0
490 551 1.0
490 584 1.0
490 729 1.0
490 935 1.0
491 11 1.0
491 49 1.0
491 208 1.0
491 215 1.0
491 234 1.0
491 291 1.0
491 397 1.0
491 522 1.0
491 573 1.0
491 597 1.0
491 606 1.0
491 624 1.0
491 747 1.0
491 878 1.0
492 124 1.0
492 158 1.0
492 583 1.0
492 785 1.0
492 856 1.0
492 891 1.0
492 937 1.0
493 79 1.0
493 216 1.0
493 258 1.0
493 300 1.0
493 458 1.0
493 586 1.0
493 620 1.0
493 691 1.0
493 778 1.0
493 855 1.0
494 22 1.0
494 35 1.0
494 36 1.0
494 286 1.0
494 399 1.0
494 458 1.0
494 491 1.0
494 586 1.0
494 661 1.0
494 720 1.0
495 92 1.0
495 237 1.0
495 350 1.0
495 363 1.0
495 502 1.0
495 544 1.0
495 756 1.0
496 284 1.0
496 293 1.0
496 483 1.0
496 687 1.0
497 17 1.0
497 18 1.0
497 267 1.0
497 465 1.0
497 492 1.0
497 571 1.0
497 643 1.0
497 796 1.0
497 800 1.0
497 827 1.0
497 847 1.0
498 30 1.0
498 56 1.0
498 560 1.0
498 615 1.0
498 905 1.0
499 99 1.0
499 156 1.0
499 268 1.0
499 278 1.0
499 510 1.0
499 830 1.0
499 838 1.0
499 907 1.0
499 922 1.0
500 0 1.0
500 52 1.0
500 147 1.0
500 297 1.0
500 319 1.0
500 548 1.0
500 593 1.0
500 681 1.0
500 898 1.0
501 2 1.0
501 102 1.0
501 720 1.0
502 67 1.0
502 130 1.0
502 183 1.0
502 231 1.0
502 365 1.0
502 421 1.0
502 610 1.0
502 630 1.0
502 864 1.0
502 874 1.0
502 926 1.0
503 270 1.0
503 309 1.0
503 340 1.0
503 498 1.0
503 661 1.0
504 203 1.0
504 325 1.0
504 398 1.0
504 458 1.0
504 687 1.0
504 718 1.0
505 88 1.0
505 96 1.0
505 124 1.0
505 332 1.0
505 366 1.0
505 418 1.0
505 480 1.0
505 559 1.0
505 646 1.0
505 746 1.0
506 5 1.0
506 126 1.0
506 260 1.0
506 302 1.0
506 397 1.0
506 411 1.0
506 427 1.0
506 748 1.0
506 964 1.0
507 213 1.0
507 230 1.0
507 260 1.0
507 278 1.0
507 298 1.0
507 388 1.0
508 35 1.0
508 181 1.0
508 429 1.0
508 470 1.0
508 583 1.0
508 680 1.0
509 88 1.0
509 169 1.0
509 356 1.0
509 464 1.0
509 498 1.0
509 651 1.0
509 806 1.0
509 961 1.0
510 183 1.0
510 259 1.0
510 417 1.0
510 423 1.0
510 434 1.0
510 614 1.0
510 769 1.0
510 773 1.0
510 864 1.0
511 5 1.0
511 252 1.0
511 487 1.0
511 527 1.0
511 556 1.0
511 692 1.0
511 696 1.0
511 706 1.0
511 732 1.0
511 733 1.0
512 53 1.0
512 134 1.0
512 460 1.0
512 600 1.0
512 646 1.0
512 685 1.0
512 966 1.0
512 976 1.0
513 187 1.0
513 192 1.0
513 197 1.0
513 276 1.0
513 305 1.0
513 389 1.0
513 454 1.0
513 783 1.0
513 833 1.0
514 31 1.0
514 112 1.0
514 294 1.0
514 633 1.0
514 887 1.0
514 958 1.0
514 994 1.0
515 49 1.0
515 210 1.0
515 552 1.0
515 603 1.0
515 627 1.0
515 635 1.0
515 695 1.0
515 979 1.0
516 89 1.0
516 131 1.0
516 257 1.0
516 287 1.0
516 331 1.0
516 411 1.0
516 416 1.0
516 460 1.0
516 683 1.0
516 741 1.0
516 875 1.0
517 70 1.0
517 136 1.0
517 221 1.0
517 479 1.0
517 654 1.0
517 757 1.0
518 100 1.0
518 291 1.0
518 293 1.0
518 295 1.0
518 335 1.0
518 363 1.0
518 689 1.0
518 695 1.0
518 714 1.0
518 736 1.0
518 819 1.0
518 834 1.0
519 317 1.0
519 384 1.0
519 433 1.0
519 485 1.0
519 490 1.0
519 878 1.0
520 72 1.0
520 107 1.0
520 158 1.0
520 292 1.0
520 581 1.0
520 848 1.0
520 896 1.0
520 965 1.0
521 421 1.0
521 498 1.0
521 626 1.0
521 641 1.0
521 869 1.0
521 914 1.0
521 948 1.0
522 186 1.0
522 280 1.0
522 431 1.0
522 462 1.0
522 554 1.0
522 571 1.0
522 786 1.0
523 5 1.0
523 152 1.0
523 586 1.0
523 674 1.0
523 824 1.0
523 901 1.0
524 122 1.0
524 160 1.0
524 280 1.0
524 373 1.0
524 391 1.0
524 405 1.0
524 411 1.0
524 461 1.0
524 518 1.0
524 601 1.0
524 621 1.0
524 661 1.0
524 837 1.0
525 63 1.0
525 69 1.0
525 81 1.0
525 96 1.0
525 134 1.0
525 712 1.0
525 839 1.0
526 338 1.0
526 448 1.0
526 557 1.0
526 720 1.0
526 838 1.0
526 908 1.0
527 246 1.0
527 307 1.0
527 318 1.0
527 461 1.0
527 573 1.0
527 605 1.0
527 762 1.0
528 511 1.0
529 44 1.0
529 136 1.0
529 251 1.0
529 565 1.0
529 722 1.0
529 857 1.0
529 944 1.0
529 975 1.0
530 75 1.0
530 202 1.0
530 374 1.0
530 553 1.0
530 580 1.0
530 769 1.0
530 988 1.0
531 362 1.0
531 596 1.0
531 730 1.0
531 939 1.0
532 76 1.0
532 357 1.0
532 483 1.0
532 493 1.0
532 646 1.0
532 782 1.0
532 972 1.0
533 6 1.0
533 55 1.0
533 312 1.0
533 345 1.0
533 526 1.0
533 573 1.0
533 657 1.0
533 736 1.0
533 750 1.0
533 788 1.0
533 836 1.0
534 158 1.0
534 323 1.0
534 429 1.0
534 480 1.0
534 870 1.0
534 896 1.0
535 27 1.0
535 128 1.0
535 178 1.0
535 253 1.0
535 416 1.0
535 662 1.0
535 666 1.0
535 803 1.0
536 134 1.0
536 318 1.0
536 414 1.0
536 687 1.0
536 765 1.0
536 881 1.0
537 99 1.0
537 119 1.0
537 176 1.0
538 531 1.0
538 592 1.0
538 858 1.0
539 53 1.0
539 398 1.0
539 411 1.0
539 642 1.0
539 883 1.0
540 371 1.0
540 527 1.0
540 642 1.0
541 97 1.0
541 214 1.0
541 510 1.0
541 571 1.0
541 612 1.0
541 877 1.0
542 29 1.0
542 57 1.0
542 300 1.0
542 362 1.0
542 414 1.0
542 533 1.0
542 691 1.0
542 797 1.0
542 843 1.0
543 255 1.0
543 256 1.0
543 328 1.0
543 548 1.0
543 831 1.0
543 917 1.0
543 934 1.0
544 112 1.0
544 302 1.0
544 342 1.0
544 481 1.0
544 524 1.0
544 672 1.0
544 711 1.0
544 947 1.0
545 185 1.0
545 621 1.0
545 677 1.0
545 714 1.0
545 728 1.0
545 758 1.0
545 950 1.0
546 4 1.0
546 176 1.0
546 253 1.0
546 788 1.0
546 832 1.0
546 982 1.0
547 23 1.0
547 55 1.0
547 222 1.0
547 243 1.0
547 259 1.0
547 425 1.0
547 505 1.0
547 515 1.0
547 767 1.0
547 866 1.0
547 942 1.0
547 985 1.0
548 65 1.0
548 149 1.0
548 278 1.0
548 411 1.0
548 633 1.0
548 706 1.0
549 352 1.0
549 409 1.0
549 463 1.0
549 479 1.0
549 537 1.0
549 609 1.0
549 940 1.0
550 683 1.0
550 711 1.0
550 799 1.0
550 914 1.0
551 159 1.0
551 337 1.0
551 491 1.0
551 692 1.0
551 733 1.0
552 269 1.0
552 346 1.0
552 363 1.0
552 495 1.0
552 637 1.0
552 913 1.0
553 3 1.0
553 19 1.0
553 55 1.0
553 356 1.0
553 385 1.0
553 680 1.0
553 726 1.0
553 790 1.0
553 911 1.0
554 10 1.0
554 142 1.0
554 294 1.0
554 522 1.0
554 538 1.0
554 756 1.0
554 793 1.0
554 968 1.0
555 120 1.0
555 206 1.0
555 345 1.0
555 631 1.0
555 672 1.0
555 714 1.0
556 334 1.0
556 401 1.0
556 456 1.0
556 847 1.0
556 874 1.0
556 880 1.0
556 901 1.0
556 958 1.0
557 12 1.0
557 33 1.0
557 231 1.0
557 239 1.0
557 526 1.0
557 546 1.0
557 585 1.0
557 687 1.0
557 713 1.0
557 992 1.0
558 62 1.0
558 71 1.0
558 126 1.0
558 475 1.0
558 536 1.0
558 803 1.0
558 918 1.0
559 137 1.0
559 157 1.0
559 320 1.0
559 360 1.0
559 419 1.0
559 583 1.0
559 604 1.0
559 956 1.0
560 3 1.0
560 200 1.0
560 310 1.0
560 333 1.0
560 418 1.0
560 534 1.0
561 55 1.0
561 330 1.0
561 388 1.0
561 706 1.0
561 775 1.0
561 789 1.0
561 842 1.0
562 66 1.0
562 221 1.0
562 412 1.0
562 429 1.0
562 490 1.0
562 617 1.0
562 627 1.0
562 633 1.0
562 810 1.0
562 852 1.0
562 912 1.0
563 210 1.0
563 244 1.0
563 328 1.0
563 508 1.0
563 531 1.0
563 581 1.0
563 634 1.0
563 677 1.0
563 712 1.0
563 757 1.0
563 767 1.0
564 107 1.0
564 114 1.0
564 117 1.0
564 155 1.0
564 188 1.0
564 291 1.0
564 556 1.0
565 149 1.0
565 278 1.0
565 406 1.0
565 552 1.0
565 658 1.0
565 816 1.0
566 124 1.0
566 402 1.0
566 722 1.0
566 745 1.0
566 781 1.0
566 865 1.0
567 198 1.0
567 340 1.0
567 627 1.0
567 634 1.0
568 187 1.0
568 195 1.0
568 204 1.0
568 299 1.0
568 303 1.0
568 337 1.0
568 354 1.0
568 380 1.0
568 524 1.0
568 632 1.0
569 83 1.0
569 133 1.0
569 205 1.0
569 346 1.0
569 379 1.0
569 539 1.0
569 582 1.0
569 609 1.0
569 619 1.0
569 858 1.0
570 591 1.0
570 601 1.0
570 867 1.0
571 54 1.0
571 66 1.0
571 373 1.0
571 383 1.0
571 459 1.0
571 466 1.0
571 486 1.0
571 817 1.0
571 858 1.0
572 126 1.0
572 196 1.0
572 297 1.0
573 52 1.0
573 107 1.0
573 131 1.0
573 181 1.0
573 286 1.0
573 316 1.0
573 345 1.0
573 369 1.0
573 402 1.0
573 932 1.0
574 88 1.0
574 129 1.0
574 138 1.0
574 267 1.0
574 297 1.0
574 717 1.0
574 724 1.0
574 850 1.0
574 930 1.0
575 57 1.0
575 75 1.0
575 374 1.0
575 811 1.0
575 818 1.0
576 164 1.0
576 242 1.0
576 376 1.0
576 512 1.0
576 607 1.0
576 671 1.0
576 761 1.0
576 941 1.0
577 103 1.0
577 168 1.0
577 232 1.0
577 301 1.0
577 302 1.0
577 346 1.0
577 449 1.0
577 458 1.0
577 703 1.0
577 727 1.0
577 776 1.0
577 911 1.0
577 951 1.0
578 270 1.0
578 403 1.0
578 438 1.0
578 807 1.0
578 843 1.0
578 977 1.0
579 78 1.0
579 611 1.0
579 644 1.0
579 816 1.0
579 870 1.0
579 952 1.0
579 955 1.0
580 140 1.0
580 297 1.0
580 436 1.0
580 457 1.0
580 503 1.0
580 573 1.0
580 626 1.0
580 675 1.0
580 751 1.0
580 764 1.0
580 803 1.0
580 860 1.0
581 335 1.0
581 399 1.0
581 579 1.0
581 615 1.0
582 36 1.0
582 70 1.0
582 78 1.0
582 106 1.0
582 136 1.0
582 355 1.0
582 519 1.0
582 711 1.0
582 743 1.0
582 783 1.0
582 785 1.0
582 786 1.0
582 983 1.0
583 20 1.0
583 43 1.0
583 165 1.0
583 302 1.0
583 865 1.0
584 25 1.0
584 90 1.0
584 129 1.0
584 343 1.0
584 440 1.0
584 589 1.0
584 715 1.0
584 884 1.0
585 31 1.0
585 251 1.0
585 265 1.0
585 445 1.0
585 526 1.0
585 534 1.0
585 729 1.0
585 799 1.0
586 69 1.0
586 85 1.0
586 132 1.0
586 204 1.0
586 328 1.0
586 400 1.0
586 434 1.0
586 523 1.0
586 526 1.0
586 588 1.0
587 27 1.0
587 89 1.0
587 124 1.0
587 448 1.0
587 523 1.0
587 560 1.0
587 596 1.0
587 619 1.0
587 849 1.0
588 141 1.0
588 156 1.0
588 168 1.0
588 416 1.0
588 666 1.0
588 681 1.0
588 857 1.0
588 865 1.0
589 48 1.0
589 577 1.0
589 738 1.0
589 878 1.0
590 168 1.0
590 228 1.0
590 237 1.0
590 263 1.0
590 594 1.0
590 845 1.0
590 884 1.0
591 160 1.0
591 369 1.0
591 429 1.0
591 586 1.0
591 679 1.0
591 900 1.0
592 320 1.0
592 328 1.0
592 462 1.0
592 544 1.0
592 571 1.0
592 644 1.0
592 656 1.0
592 774 1.0
592 994 1.0
593 247 1.0
593 342 1.0
593 536 1.0
593 582 1.0
594 3 1.0
594 80 1.0
594 644 1.0
594 763 1.0
595 94 1.0
595 218 1.0
595 240 1.0
595 268 1.0
595 474 1.0
595 686 1.0
595 867 1.0
596 182 1.0
596 218 1.0
596 336 1.0
596 477 1.0
596 647 1.0
596 706 1.0
596 797 1.0
596 870 1.0
597 63 1.0
597 126 1.0
597 256 1.0
597 516 1.0
597 601 1.0
597 708 1.0
598 70 1.0
598 82 1.0
598 497 1.0
598 713 1.0
598 754 1.0
598 822 1.0
598 986 1.0
599 198 1.0
599 256 1.0
599 320 1.0
599 326 1.0
599 327 1.0
599 399 1.0
599 476 1.0
599 554 1.0
599 766 1.0
599 866 1.0
599 878 1.0
599 918 1.0
600 13 1.0
600 95 1.0
600 132 1.0
600 658 1.0
600 736 1.0
600 864 1.0
600 901 1.0
601 262 1.0
601 450 1.0
602 43 1.0
602 127 1.0
602 310 1.0
602 647 1.0
602 672 1.0
602 725 1.0
602 801 1.0
602 820 1.0
602 861 1.0
603 76 1.0
603 106 1.0
603 212 1.0
603 305 1.0
603 504 1.0
603 554 1.0
603 723 1.0
603 772 1.0
603 784 1.0
603 814 1.0
603 957 1.0
604 41 1.0
604 141 1.0
604 232 1.0
604 287 1.0
604 303 1.0
604 350 1.0
604 460 1.0
604 507 1.0
604 557 1.0
604 583 1.0
604 641 1.0
604 690 1.0
604 749 1.0
604 842 1.0
604 914 1.0
605 113 1.0
605 266 1.0
605 309 1.0
605 789 1.0
605 806 1.0
605 855 1.0
606 65 1.0
606 297 1.0
606 330 1.0
606 384 1.0
606 460 1.0
606 666 1.0
606 842 1.0
606 843 1.0
607 84 1.0
607 525 1.0
607 567 1.0
607 751 1.0
607 807 1.0
608 42 1.0
608 74 1.0
608 201 1.0
608 423 1.0
608 504 1.0
608 508 1.0
608 564 1.0
608 592 1.0
608 622 1.0
609 7 1.0
609 197 1.0
609 209 1.0
609 233 1.0
609 447 1.0
609 828 1.0
609 974 1.0
610 49 1.0
610 239 1.0
610 380 1.0
610 483 1.0
610 505 1.0
610 727 1.0
610 752 1.0
610 847 1.0
611 87 1.0
611 120 1.0
611 277 1.0
611 599 1.0
611 660 1.0
611 670 1.0
611 736 1.0
611 897 1.0
612 188 1.0
612 261 1.0
612 298 1.0
612 408 1.0
612 643 1.0
612 691 1.0
612 840 1.0
612 929 1.0
612 963 1.0
613 72 1.0
613 334 1.0
613 374 1.0
613 525 1.0
613 762 1.0
613 778 1.0
613 780 1.0
613 802 1.0
613 819 1.0
613 832 1.0
613 841 1.0
614 74 1.0
614 150 1.0
614 314 1.0
614 584 1.0
614 599 1.0
614 659 1.0
614 688 1.0
614 717 1.0
614 945 1.0
615 17 1.0
615 132 1.0
615 421 1.0
615 517 1.0
615 621 1.0
615 766 1.0
615 800 1.0
616 47 1.0
616 449 1.0
616 516 1.0
617 16 1.0
617 140 1.0
617 311 1.0
617 425 1.0
617 434 1.0
617 440 1.0
617 531 1.0
617 682 1.0
617 779 1.0
618 122 1.0
618 150 1.0
618 215 1.0
618 225 1.0
618 309 1.0
618 581 1.0
618 671 1.0
618 831 1.0
619 48 1.0
619 72 1.0
619 106 1.0
619 152 1.0
619 385 1.0
619 472 1.0
619 624 1.0
619 627 1.0
619 671 1.0
619 677 1.0
620 185 1.0
621 163 1.0
621 183 1.0
621 459 1.0
621 501 1.0
621 524 1.0
621 560 1.0
621 651 1.0
621 912 1.0
621 963 1.0
622 172 1.0
622 689 1.0
622 746 1.0
622 781 1.0
622 806 1.0
622 941 1.0
623 127 1.0
623 179 1.0
623 395 1.0
623 486 1.0
623 496 1.0
623 518 1.0
623 576 1.0
623 725 1.0
623 733 1.0
624 42 1.0
624 78 1.0
624 110 1.0
624 128 1.0
624 202 1.0
624 463 1.0
624 671 1.0
624 760 1.0
624 805 1.0
624 876 1.0
625 287 1.0
625 311 1.0
625 503 1.0
625 548 1.0
625 584 1.0
625 822 1.0
625 869 1.0
626 17 1.0
626 114 1.0
626 183 1.0
626 267 1.0
626 598 1.0
626 639 1.0
626 745 1.0
627 74 1.0
627 90 1.0
627 120 1.0
627 321 1.0
628 54 1.0
628 147 1.0
628 338 1.0
628 343 1.0
628 408 1.0
628 481 1.0
628 514 1.0
628 623 1.0
628 694 1.0
629 30 1.0
629 131 1.0
629 139 1.0
629 174 1.0
629 213 1.0
629 646 1.0
630 142 1.0
630 185 1.0
630 494 1.0
630 584 1.0
630 869 1.0
631 68 1.0
631 186 1.0
631 303 1.0
631 359 1.0
631 563 1.0
631 663 1.0
631 733 1.0
632 79 1.0
632 82 1.0
632 101 1.0
632 220 1.0
632 232 1.0
632 292 1.0
632 846 1.0
632 910 1.0
633 1 1.0
633 37 1.0
633 159 1.0
633 348 1.0
633 457 1.0
634 260 1.0
634 402 1.0
634 445 1.0
634 516 1.0
634 648 1.0
634 824 1.0
634 957 1.0
635 20 1.0
635 214 1.0
635 266 1.0
635 419 1.0
635 443 1.0
636 78 1.0
636 198 1.0
636 351 1.0
636 446 1.0
636 605 1.0
636 610 1.0
636 719 1.0
636 840 1.0
637 62 1.0
637 63 1.0
637 64 1.0
637 131 1.0
637 282 1.0
637 498 1.0
637 730 1.0
637 816 1.0
638 11 1.0
638 185 1.0
638 528 1.0
638 874 1.0
638 926 1.0
639 31 1.0
639 147 1.0
639 176 1.0
639 195 1.0
639 232 1.0
639 295 1.0
639 381 1.0
639 529 1.0
639 596 1.0
639 655 1.0
640 387 1.0
640 580 1.0
640 714 1.0
640 905 1.0
640 994 1.0
641 82 1.0
641 250 1.0
641 310 1.0
641 565 1.0
641 588 1.0
641 704 1.0
641 776 1.0
642 52 1.0
642 125 1.0
642 174 1.0
642 318 1.0
642 493 1.0
642 522 1.0
643 55 1.0
643 111 1.0
643 345 1.0
643 369 1.0
644 80 1.0
644 205 1.0
644 229 1.0
644 298 1.0
644 307 1.0
644 553 1.0
645 64 1.0
645 363 1.0
645 375 1.0
645 606 1.0
645 629 1.0
645 904 1.0
646 294 1.0
646 416 1.0
646 435 1.0
647 28 1.0
647 272 1.0
647 427 1.0
647 602 1.0
647 630 1.0
647 677 1.0
647 697 1.0
647 787 1.0
648 8 1.0
648 64 1.0
648 85 1.0
648 110 1.0
648 500 1.0
648 611 1.0
648 970 1.0
649 54 1.0
649 309 1.0
649 369 1.0
649 457 1.0
649 462 1.0
649 535 1.0
649 563 1.0
649 593 1.0
649 776 1.0
649 868 1.0
650 68 1.0
650 138 1.0
650 173 1.0
650 262 1.0
650 568 1.0
650 789 1.0
650 794 1.0
650 856 1.0
650 929 1.0
651 430 1.0
651 822 1.0
652 33 1.0
652 37 1.0
652 60 1.0
652 126 1.0
652 184 1.0
652 242 1.0
652 284 1.0
652 427 1.0
652 645 1.0
652 777 1.0
653 9 1.0
653 61 1.0
653 117 1.0
653 127 1.0
653 216 1.0
653 260 1.0
653 287 1.0
653 576 1.0
653 786 1.0
653 874 1.0
654 143 1.0
654 323 1.0
654 364 1.0
654 411 1.0
654 733 1.0
654 818 1.0
654 875 1.0
655 366 1.0
655 466 1.0
655 531 1.0
656 73 1.0
656 155 1.0
656 309 1.0
656 428 1.0
656 522 1.0
656 692 1.0
656 844 1.0
657 17 1.0
657 20 1.0
657 145 1.0
657 147 1.0
657 253 1.0
657 332 1.0
657 367 1.0
657 435 1.0
657 495 1.0
657 699 1.0
657 837 1.0
658 13 1.0
658 114 1.0
658 277 1.0
658 331 1.0
658 369 1.0
658 418 1.0
658 671 1.0
658 691 1.0
659 55 1.0
659 230 1.0
659 503 1.0
659 577 1.0
659 699 1.0
659 885 1.0
659 904 1.0
659 988 1.0
660 215 1.0
660 261 1.0
660 394 1.0
660 437 1.0
660 650 1.0
660 840 1.0
660 906 1.0
661 115 1.0
661 157 1.0
661 220 1.0
661 266 1.0
661 314 1.0
661 606 1.0
661 737 1.0
661 746 1.0
661 783 1.0
661 957 1.0
662 18 1.0
662 177 1.0
662 184 1.0
662 303 1.0
662 446 1.0
662 625 1.0
662 640 1.0
662 800 1.0
662 849 1.0
663 281 1.0
663 425 1.0
663 727 1.0
663 732 1.0
663 804 1.0
664 120 1.0
664 381 1.0
664 425 1.0
664 521 1.0
664 658 1.0
664 705 1.0
664 871 1.0
665 16 1.0
665 159 1.0
665 255 1.0
665 745 1.0
665 808 1.0
665 879 1.0
665 918 1.0
665 931 1.0
665 944 1.0
666 191 1.0
666 373 1.0
666 512 1.0
666 694 1.0
666 782 1.0
667 95 1.0
667 268 1.0
667 482 1.0
667 588 1.0
667 637 1.0
667 960 1.0
668 207 1.0
668 510 1.0
668 535 1.0
668 574 1.0
668 748 1.0
668 753 1.0
668 898 1.0
668 905 1.0
669 26 1.0
669 71 1.0
669 114 1.0
669 278 1.0
669 345 1.0
669 903 1.0
670 33 1.0
670 161 1.0
670 205 1.0
670 217 1.0
670 353 1.0
670 399 1.0
670 635 1.0
670 755 1.0
670 833 1.0
670 965 1.0
671 74 1.0
671 353 1.0
671 385 1.0
671 472 1.0
671 649 1.0
671 926 1.0
672 122 1.0
672 790 1.0
672 929 1.0
673 297 1.0
673 309 1.0
673 331 1.0
673 391 1.0
673 398 1.0
673 542 1.0
673 732 1.0
673 836 1.0
673 912 1.0
674 41 1.0
674 222 1.0
674 290 1.0
674 424 1.0
674 626 1.0
674 651 1.0
674 806 1.0
674 807 1.0
674 932 1.0
675 618 1.0
676 112 1.0
676 118 1.0
676 292 1.0
676 399 1.0
676 448 1.0
676 507 1.0
676 573 1.0
676 893 1.0
677 133 1.0
677 222 1.0
677 301 1.0
677 452 1.0
677 565 1.0
677 676 1.0
677 704 1.0
677 736 1.0
677 757 1.0
677 768 1.0
677 795 1.0
677 866 1.0
677 873 1.0
678 308 1.0
678 390 1.0
679 2 1.0
679 458 1.0
679 604 1.0
679 626 1.0
679 916 1.0
680 634 1.0
680 703 1.0
681 461 1.0
681 476 1.0
681 639 1.0
681 805 1.0
682 462 1.0
682 524 1.0
682 716 1.0
682 774 1.0
683 474 1.0
683 559 1.0
683 819 1.0
683 852 1.0
684 240 1.0
684 402 1.0
684 421 1.0
684 464 1.0
684 492 1.0
684 989 1.0
685 51 1.0
685 118 1.0
685 307 1.0
685 400 1.0
685 506 1.0
685 507 1.0
685 591 1.0
685 594 1.0
685 613 1.0
685 845 1.0
686 189 1.0
686 191 1.0
686 199 1.0
686 666 1.0
686 906 1.0
687 83 1.0
687 144 1.0
687 229 1.0
687 298 1.0
687 364 1.0
687 411 1.0
687 466 1.0
687 492 1.0
687 511 1.0
687 736 1.0
688 53 1.0
688 308 1.0
688 640 1.0
688 718 1.0
688 809 1.0
688 836 1.0
689 153 1.0
689 673 1.0
689 698 1.0
689 722 1.0
689 726 1.0
689 931 1.0
690 63 1.0
690 349 1.0
690 568 1.0
690 761 1.0
690 845 1.0
690 915 1.0
691 221 1.0
691 540 1.0
691 565 1.0
691 845 1.0
691 846 1.0
692 235 1.0
692 440 1.0
692 984 1.0
693 28 1.0
693 201 1.0
693 217 1.0
693 300 1.0
693 452 1.0
693 466 1.0
693 651 1.0
693 848 1.0
693 980 1.0
694 20 1.0
694 265 1.0
694 322 1.0
694 357 1.0
694 364 1.0
694 438 1.0
694 774 1.0
694 838 1.0
694 917 1.0
695 159 1.0
695 233 1.0
695 358 1.0
695 480 1.0
695 535 1.0
696 133 1.0
696 298 1.0
696 730 1.0
696 818 1.0
697 360 1.0
697 693 1.0
697 833 1.0
697 867 1.0
697 913 1.0
698 178 1.0
698 277 1.0
698 449 1.0
698 540 1.0
698 570 1.0
698 754 1.0
698 794 1.0
699 28 1.0
699 70 1.0
699 278 1.0
699 360 1.0
699 496 1.0
699 520 1.0
699 578 1.0
699 585 1.0
699 831 1.0
699 949 1.0
700 58 1.0
700 91 1.0
700 218 1.0
700 226 1.0
700 613 1.0
700 617 1.0
700 706 1.0
700 731 1.0
701 24 1.0
701 98 1.0
701 263 1.0
701 466 1.0
701 695 1.0
702 57 1.0
702 82 1.0
702 118 1.0
702 148 1.0
702 177 1.0
702 388 1.0
702 539 1.0
702 813 1.0
703 53 1.0
703 70 1.0
703 167 1.0
703 196 1.0
703 309 1.0
703 542 1.0
703 551 1.0
703 840 1.0
703 879 1.0
704 148 1.0
704 153 1.0
704 214 1.0
704 287 1.0
704 381 1.0
704 434 1.0
704 545 1.0
704 673 1.0
704 708 1.0
704 756 1.0
704 760 1.0
704 835 1.0
704 839 1.0
704 875 1.0
704 921 1.0
704 975 1.0
705 32 1.0
705 359 1.0
705 583 1.0
705 659 1.0
705 738 1.0
706 32 1.0
706 46 1.0
706 231 1.0
706 328 1.0
706 472 1.0
706 663 1.0
706 777 1.0
706 795 1.0
706 883 1.0
707 33 1.0
707 121 1.0
707 229 1.0
707 482 1.0
707 750 1.0
707 862 1.0
707 994 1.0
708 14 1.0
708 44 1.0
708 47 1.0
708 206 1.0
708 447 1.0
708 560 1.0
708 578 1.0
708 816 1.0
709 52 1.0
709 107 1.0
709 121 1.0
709 311 1.0
709 355 1.0
709 396 1.0
709 398 1.0
709 405 1.0
709 428 1.0
709 595 1.0
709 836 1.0
709 977 1.0
709 987 1.0
710 0 1.0
710 18 1.0
710 239 1.0
710 557 1.0
710 561 1.0
710 630 1.0
710 644 1.0
710 795 1.0
710 818 1.0
710 974 1.0
711 43 1.0
711 182 1.0
711 281 1.0
711 295 1.0
711 336 1.0
711 536 1.0
711 628 1.0
711 795 1.0
711 874 1.0
711 878 1.0
711 920 1.0
712 44 1.0
712 298 1.0
712 354 1.0
712 361 1.0
712 430 1.0
712 446 1.0
712 538 1.0
712 628 1.0
712 739 1.0
712 765 1.0
712 866 1.0
712 880 1.0
712 976 1.0
713 115 1.0
713 172 1.0
713 238 1.0
713 283 1.0
713 410 1.0
713 439 1.0
713 487 1.0
713 521 1.0
713 797 1.0
713 952 1.0
714 210 1.0
714 283 1.0
714 300 1.0
714 352 1.0
714 527 1.0
714 593 1.0
714 683 1.0
714 684 1.0
714 805 1.0
714 872 1.0
714 884 1.0
714 957 1.0
714 972 1.0
715 189 1.0
715 653 1.0
715 680 1.0
715 843 1.0
716 96 1.0
716 195 1.0
716 217 1.0
716 231 1.0
716 238 1.0
716 576 1.0
716 620 1.0
716 650 1.0
716 655 1.0
716 668 1.0
716 832 1.0
716 835 1.0
717 113 1.0
717 168 1.0
717 433 1.0
717 588 1.0
717 602 1.0
717 627 1.0
717 750 1.0
717 799 1.0
717 823 1.0
717 848 1.0
717 987 1.0
718 114 1.0
718 560 1.0
718 562 1.0
718 707 1.0
719 15 1.0
719 31 1.0
719 66 1.0
719 534 1.0
719 872 1.0
720 105 1.0
720 199 1.0
720 201 1.0
720 606 1.0
720 744 1.0
720 877 1.0
721 74 1.0
721 568 1.0
721 595 1.0
721 744 1.0
721 807 1.0
722 129 1.0
722 260 1.0
722 268 1.0
722 283 1.0
722 322 1.0
722 468 1.0
722 650 1.0
722 672 1.0
722 855 1.0
722 887 1.0
722 931 1.0
723 241 1.0
723 251 1.0
723 374 1.0
723 391 1.0
723 671 1.0
723 802 1.0
723 870 1.0
723 946 1.0
724 131 1.0
724 168 1.0
724 183 1.0
724 331 1.0
724 506 1.0
724 509 1.0
724 545 1.0
724 766 1.0
725 28 1.0
725 119 1.0
725 269 1.0
725 381 1.0
725 506 1.0
725 542 1.0
725 607 1.0
725 948 1.0
726 235 1.0
726 511 1.0
727 249 1.0
727 286 1.0
727 541 1.0
727 648 1.0
727 704 1.0
727 740 1.0
727 983 1.0
728 123 1.0
728 304 1.0
728 526 1.0
728 871 1.0
728 954 1.0
728 991 1.0
729 140 1.0
729 195 1.0
729 459 1.0
729 479 1.0
729 542 1.0
729 572 1.0
729 614 1.0
729 799 1.0
729 912 1.0
729 958 1.0
730 87 1.0
730 301 1.0
730 515 1.0
730 731 1.0
731 162 1.0
731 579 1.0
731 734 1.0
732 214 1.0
732 507 1.0
732 684 1.0
732 704 1.0
733 197 1.0
733 510 1.0
733 567 1.0
733 600 1.0
733 712 1.0
733 812 1.0
733 878 1.0
733 911 1.0
734 155 1.0
734 161 1.0
734 175 1.0
734 674 1.0
734 760 1.0
734 842 1.0
734 944 1.0
735 6 1.0
735 79 1.0
735 204 1.0
735 532 1.0
735 847 1.0
735 848 1.0
736 19 1.0
736 91 1.0
736 117 1.0
736 199 1.0
736 339 1.0
736 404 1.0
736 496 1.0
736 531 1.0
736 647 1.0
736 750 1.0
736 774 1.0
736 828 1.0
736 890 1.0
737 115 1.0
737 116 1.0
737 292 1.0
737 321 1.0
737 344 1.0
737 478 1.0
737 837 1.0
737 890 1.0
738 40 1.0
738 292 1.0
738 444 1.0
738 482 1.0
738 498 1.0
738 517 1.0
738 636 1.0
738 671 1.0
738 676 1.0
738 692 1.0
738 695 1.0
738 721 1.0
738 732 1.0
739 83 1.0
739 303 1.0
739 616 1.0
740 46 1.0
740 249 1.0
740 264 1.0
740 292 1.0
740 342 1.0
740 569 1.0
740 628 1.0
740 641 1.0
741 22 1.0
741 105 1.0
741 182 1.0
741 337 1.0
741 454 1.0
741 504 1.0
741 595 1.0
741 682 1.0
741 718 1.0
741 786 1.0
742 127 1.0
742 133 1.0
742 383 1.0
742 419 1.0
742 491 1.0
742 606 1.0
742 616 1.0
742 754 1.0
742 764 1.0
742 834 1.0
743 168 1.0
743 198 1.0
743 254 1.0
743 451 1.0
743 494 1.0
743 707 1.0
743 893 1.0
744 56 1.0
744 159 1.0
744 246 1.0
744 303 1.0
744 477 1.0
744 509 1.0
744 548 1.0
744 819 1.0
744 907 1.0
744 982 1.0
745 74 1.0
745 245 1.0
745 291 1.0
745 361 1.0
745 557 1.0
745 622 1.0
745 841 1.0
745 872 1.0
745 930 1.0
746 35 1.0
746 238 1.0
746 339 1.0
746 838 1.0
746 986 1.0
747 6 1.0
747 211 1.0
747 329 1.0
747 482 1.0
747 536 1.0
747 624 1.0
747 770 1.0
748 59 1.0
748 397 1.0
748 539 1.0
748 735 1.0
748 757 1.0
748 850 1.0
748 878 1.0
748 943 1.0
749 116 1.0
749 200 1.0
749 218 1.0
749 285 1.0
749 377 1.0
749 385 1.0
749 452 1.0
749 769 1.0
750 152 1.0
750 162 1.0
750 413 1.0
750 434 1.0
750 473 1.0
750 508 1.0
750 627 1.0
750 711 1.0
751 329 1.0
751 358 1.0
751 362 1.0
751 383 1.0
751 566 1.0
751 570 1.0
751 597 1.0
752 118 1.0
752 221 1.0
752 224 1.0
752 234 1.0
752 287 1.0
752 328 1.0
752 391 1.0
752 410 1.0
752 498 1.0
752 769 1.0
752 879 1.0
753 56 1.0
753 165 1.0
753 302 1.0
753 387 1.0
753 445 1.0
753 463 1.0
753 536 1.0
753 571 1.0
753 880 1.0
754 316 1.0
754 367 1.0
754 369 1.0
754 567 1.0
754 628 1.0
754 899 1.0
755 102 1.0
755 107 1.0
755 112 1.0
755 148 1.0
755 216 1.0
755 378 1.0
755 440 1.0
755 687 1.0
755 793 1.0
756 307 1.0
756 455 1.0
756 468 1.0
756 510 1.0
756 653 1.0
756 781 1.0
756 798 1.0
756 899 1.0
756 908 1.0
757 99 1.0
757 195 1.0
757 196 1.0
757 430 1.0
757 602 1.0
757 716 1.0
758 154 1.0
758 183 1.0
758 216 1.0
758 226 1.0
758 336 1.0
758 486 1.0
758 500 1.0
758 631 1.0
758 643 1.0
758 644 1.0
758 704 1.0
759 136 1.0
759 174 1.0
759 204 1.0
759 645 1.0
760 187 1.0
760 208 1.0
760 483 1.0
760 583 1.0
760 733 1.0
761 30 1.0
761 52 1.0
761 305 1.0
761 329 1.0
761 433 1.0
761 462 1.0
761 730 1.0
761 786 1.0
761 967 1.0
762 273 1.0
762 399 1.0
762 579 1.0
762 611 1.0
762 715 1.0
762 958 1.0
763 89 1.0
763 120 1.0
763 266 1.0
763 550 1.0
763 723 1.0
763 785 1.0
764 81 1.0
764 148 1.0
764 186 1.0
764 213 1.0
764 304 1.0
764 505 1.0
764 712 1.0
765 101 1.0
765 179 1.0
765 416 1.0
765 470 1.0
765 482 1.0
765 565 1.0
765 792 1.0
766 58 1.0
766 200 1.0
766 626 1.0
766 663 1.0
766 728 1.0
766 839 1.0
767 146 1.0
767 329 1.0
767 371 1.0
767 387 1.0
767 851 1.0
768 147 1.0
768 192 1.0
768 208 1.0
768 231 1.0
768 280 1.0
768 528 1.0
768 774 1.0
769 39 1.0
769 52 1.0
769 167 1.0
769 265 1.0
769 437 1.0
769 471 1.0
769 517 1.0
769 831 1.0
769 939 1.0
770 330 1.0
770 522 1.0
770 548 1.0
770 609 1.0
770 872 1.0
770 878 1.0
771 9 1.0
771 285 1.0
771 373 1.0
771 434 1.0
771 522 1.0
771 584 1.0
771 726 1.0
771 743 1.0
771 785 1.0
771 790 1.0
771 894 1.0
771 926 1.0
772 25 1.0
772 143 1.0
772 466 1.0
772 626 1.0
772 632 1.0
772 747 1.0
772 863 1.0
773 383 1.0
773 439 1.0
773 554 1.0
773 877 1.0
773 904 1.0
774 73 1.0
774 178 1.0
774 192 1.0
774 236 1.0
774 239 1.0
774 250 1.0
774 579 1.0
774 596 1.0
774 629 1.0
774 709 1.0
774 967 1.0
775 108 1.0
775 171 1.0
775 176 1.0
775 180 1.0
775 323 1.0
775 415 1.0
775 685 1.0
775 859 1.0
775 953 1.0
775 989 1.0
776 286 1.0
776 686 1.0
776 913 1.0
777 90 1.0
777 311 1.0
777 472 1.0
777 484 1.0
777 540 1.0
777 605 1.0
777 611 1.0
778 5 1.0
778 67 1.0
778 142 1.0
778 689 1.0
778 776 1.0
778 819 1.0
778 856 1.0
779 36 1.0
779 254 1.0
779 282 1.0
779 383 1.0
779 699 1.0
780 68 1.0
780 161 1.0
780 214 1.0
780 306 1.0
780 315 1.0
780 739 1.0
780 829 1.0
780 897 1.0
781 304 1.0
781 348 1.0
781 471 1.0
781 700 1.0
782 41 1.0
782 75 1.0
782 111 1.0
782 217 1.0
782 262 1.0
782 265 1.0
782 324 1.0
782 392 1.0
782 521 1.0
782 572 1.0
782 678 1.0
782 818 1.0
783 290 1.0
783 299 1.0
783 427 1.0
783 535 1.0
783 630 1.0
783 716 1.0
783 737 1.0
784 42 1.0
784 132 1.0
784 142 1.0
784 243 1.0
784 438 1.0
784 530 1.0
784 624 1.0
784 652 1.0
784 719 1.0
784 906 1.0
784 965 1.0
785 30 1.0
785 155 1.0
785 244 1.0
785 304 1.0
785 306 1.0
785 540 1.0
785 667 1.0
786 53 1.0
786 112 1.0
786 114 1.0
786 173 1.0
786 444 1.0
786 490 1.0
786 605 1.0
786 851 1.0
786 905 1.0
787 552 1.0
787 650 1.0
787 753 1.0
788 290 1.0
788 544 1.0
788 605 1.0
788 656 1.0
788 714 1.0
788 759 1.0
788 961 1.0
788 962 1.0
789 323 1.0
789 519 1.0
789 673 1.0
789 777 1.0
789 945 1.0
790 94 1.0
790 311 1.0
790 439 1.0
790 636 1.0
790 743 1.0
791 319 1.0
791 332 1.0
791 395 1.0
791 481 1.0
791 526 1.0
791 529 1.0
791 588 1.0
791 668 1.0
791 680 1.0
791 681 1.0
791 722 1.0
791 743 1.0
791 763 1.0
791 777 1.0
791 796 1.0
791 923 1.0
792 168 1.0
792 347 1.0
792 349 1.0
792 428 1.0
792 536 1.0
792 609 1.0
792 690 1.0
793 49 1.0
793 51 1.0
793 251 1.0
793 311 1.0
793 378 1.0
793 780 1.0
793 794 1.0
793 852 1.0
794 298 1.0
794 984 1.0
795 442 1.0
795 512 1.0
795 513 1.0
795 686 1.0
795 737 1.0
795 784 1.0
795 889 1.0
796 402 1.0
796 443 1.0
796 451 1.0
796 463 1.0
796 789 1.0
796 981 1.0
797 53 1.0
797 110 1.0
797 401 1.0
798 21 1.0
798 24 1.0
798 101 1.0
798 174 1.0
798 343 1.0
798 630 1.0
798 711 1.0
798 748 1.0
798 904 1.0
799 105 1.0
799 311 1.0
799 320 1.0
799 487 1.0
799 568 1.0
800 104 1.0
800 199 1.0
800 570 1.0
800 589 1.0
800 792 1.0
800 948 1.0
801 59 1.0
801 83 1.0
801 118 1.0
801 139 1.0
801 325 1.0
801 326 1.0
801 516 1.0
801 542 1.0
801 753 1.0
801 800 1.0
801 903 1.0
801 980 1.0
802 92 1.0
802 103 1.0
802 142 1.0
802 148 1.0
802 189 1.0
802 339 1.0
802 856 1.0
803 144 1.0
803 293 1.0
803 717 1.0
803 868 1.0
804 34 1.0
804 322 1.0
804 407 1.0
804 632 1.0
804 667 1.0
804 703 1.0
805 50 1.0
805 130 1.0
805 206 1.0
805 401 1.0
805 825 1.0
805 918 1.0
806 143 1.0
806 278 1.0
806 304 1.0
806 314 1.0
806 569 1.0
806 644 1.0
806 749 1.0
807 180 1.0
807 284 1.0
807 373 1.0
807 415 1.0
807 537 1.0
807 710 1.0
808 197 1.0
808 370 1.0
808 590 1.0
808 641 1.0
808 692 1.0
808 802 1.0
808 928 1.0
809 20 1.0
809 109 1.0
809 424 1.0
809 446 1.0
809 696 1.0
809 724 1.0
809 795 1.0
809 893 1.0
810 57 1.0
810 163 1.0
810 229 1.0
810 378 1.0
810 458 1.0
810 693 1.0
810 741 1.0
810 836 1.0
811 273 1.0
811 377 1.0
811 723 1.0
811 740 1.0
811 774 1.0
811 960 1.0
812 3 1.0
812 330 1.0
812 586 1.0
812 685 1.0
812 738 1.0
812 771 1.0
812 839 1.0
813 45 1.0
813 169 1.0
813 189 1.0
813 234 1.0
813 271 1.0
813 356 1.0
813 389 1.0
813 442 1.0
814 119 1.0
814 162 1.0
814 538 1.0
814 635 1.0
814 639 1.0
814 806 1.0
814 962 1.0
814 980 1.0
815 224 1.0
815 396 1.0
815 409 1.0
815 450 1.0
815 713 1.0
816 46 1.0
816 170 1.0
816 412 1.0
816 513 1.0
816 720 1.0
816 881 1.0
816 891 1.0
817 68 1.0
817 287 1.0
817 429 1.0
817 490 1.0
817 562 1.0
817 591 1.0
817 735 1.0
817 780 1.0
817 808 1.0
818 119 1.0
818 209 1.0
818 231 1.0
818 331 1.0
818 417 1.0
818 566 1.0
819 72 1.0
819 503 1.0
819 581 1.0
819 717 1.0
819 743 1.0
819 786 1.0
819 831 1.0
819 975 1.0
820 138 1.0
820 153 1.0
820 247 1.0
820 559 1.0
820 567 1.0
820 990 1.0
821 247 1.0
821 372 1.0
821 382 1.0
821 420 1.0
821 586 1.0
821 809 1.0
821 865 1.0
822 283 1.0
822 910 1.0
822 924 1.0
822 937 1.0
823 41 1.0
823 50 1.0
823 330 1.0
823 387 1.0
823 769 1.0
823 793 1.0
824 432 1.0
824 456 1.0
824 608 1.0
824 736 1.0
824 868 1.0
824 871 1.0
824 882 1.0
825 12 1.0
825 304 1.0
825 489 1.0
825 571 1.0
825 686 1.0
826 262 1.0
826 365 1.0
826 519 1.0
826 770 1.0
826 867 1.0
827 319 1.0
827 711 1.0
827 909 1.0
827 936 1.0
828 31 1.0
828 203 1.0
828 257 1.0
828 262 1.0
828 277 1.0
828 281 1.0
828 566 1.0
828 890 1.0
829 25 1.0
829 29 1.0
829 127 1.0
829 296 1.0
829 317 1.0
829 626 1.0
829 753 1.0
830 36 1.0
830 113 1.0
830 160 1.0
830 450 1.0
830 558 1.0
830 561 1.0
830 654 1.0
831 223 1.0
831 318 1.0
831 680 1.0
831 748 1.0
832 6 1.0
832 46 1.0
832 478 1.0
832 536 1.0
832 600 1.0
832 631 1.0
832 919 1.0
833 167 1.0
833 385 1.0
833 632 1.0
833 812 1.0
834 266 1.0
834 521 1.0
834 611 1.0
834 776 1.0
835 9 1.0
835 106 1.0
835 108 1.0
835 172 1.0
835 334 1.0
835 355 1.0
835 646 1.0
835 853 1.0
835 909 1.0
836 270 1.0
836 366 1.0
836 392 1.0
836 564 1.0
836 614 1.0
836 701 1.0
836 923 1.0
837 72 1.0
837 454 1.0
837 493 1.0
837 504 1.0
837 506 1.0
837 524 1.0
837 628 1.0
837 693 1.0
837 948 1.0
838 90 1.0
838 153 1.0
838 453 1.0
838 475 1.0
838 650 1.0
839 240 1.0
839 327 1.0
839 415 1.0
839 557 1.0
839 574 1.0
839 677 1.0
839 711 1.0
839 827 1.0
840 3 1.0
841 200 1.0
841 242 1.0
841 257 1.0
841 649 1.0
841 706 1.0
841 789 1.0
841 791 1.0
841 857 1.0
842 25 1.0
842 325 1.0
842 368 1.0
842 432 1.0
842 444 1.0
842 464 1.0
842 584 1.0
842 698 1.0
842 755 1.0
842 846 1.0
842 901 1.0
843 37 1.0
843 272 1.0
844 220 1.0
844 250 1.0
844 262 1.0
844 341 1.0
844 362 1.0
844 640 1.0
844 651 1.0
844 706 1.0
845 108 1.0
845 157 1.0
845 226 1.0
845 270 1.0
845 371 1.0
845 580 1.0
846 61 1.0
846 156 1.0
846 206 1.0
846 341 1.0
846 352 1.0
846 552 1.0
846 586 1.0
846 589 1.0
846 767 1.0
846 771 1.0
846 820 1.0
846 946 1.0
847 338 1.0
847 373 1.0
847 497 1.0
847 651 1.0
847 724 1.0
847 759 1.0
847 830 1.0
847 880 1.0
847 937 1.0
847 951 1.0
848 10 1.0
848 310 1.0
848 363 1.0
848 601 1.0
848 790 1.0
848 845 1.0
848 990 1.0
848 993 1.0
849 191 1.0
849 323 1.0
849 473 1.0
849 476 1.0
849 542 1.0
849 693 1.0
849 794 1.0
849 837 1.0
850 114 1.0
850 151 1.0
850 171 1.0
850 212 1.0
850 284 1.0
850 502 1.0
850 647 1.0
850 776 1.0
851 45 1.0
851 71 1.0
851 206 1.0
851 257 1.0
851 315 1.0
851 337 1.0
851 579 1.0
851 747 1.0
852 19 1.0
852 26 1.0
852 156 1.0
852 475 1.0
852 732 1.0
852 909 1.0
853 47 1.0
853 355 1.0
853 510 1.0
853 513 1.0
853 558 1.0
853 573 1.0
853 626 1.0
853 751 1.0
853 833 1.0
853 849 1.0
853 891 1.0
854 67 1.0
854 182 1.0
854 211 1.0
854 524 1.0
854 687 1.0
854 828 1.0
855 71 1.0
855 100 1.0
855 362 1.0
855 707 1.0
855 729 1.0
856 281 1.0
856 324 1.0
856 398 1.0
856 406 1.0
856 492 1.0
856 503 1.0
856 514 1.0
856 611 1.0
857 62 1.0
857 131 1.0
857 235 1.0
857 628 1.0
857 643 1.0
857 706 1.0
857 829 1.0
858 140 1.0
858 219 1.0
858 843 1.0
859 223 1.0
859 482 1.0
859 528 1.0
859 971 1.0
860 23 1.0
860 193 1.0
860 213 1.0
860 288 1.0
860 391 1.0
860 520 1.0
860 649 1.0
860 979 1.0
861 86 1.0
861 169 1.0
861 185 1.0
861 242 1.0
861 330 1.0
861 428 1.0
861 445 1.0
861 451 1.0
861 578 1.0
861 649 1.0
861 678 1.0
862 94 1.0
862 122 1.0
862 169 1.0
862 224 1.0
862 391 1.0
862 421 1.0
862 532 1.0
862 628 1.0
862 696 1.0
862 778 1.0
863 84 1.0
863 99 1.0
863 235 1.0
863 401 1.0
863 520 1.0
863 592 1.0
863 757 1.0
863 794 1.0
863 800 1.0
864 118 1.0
864 400 1.0
864 741 1.0
864 842 1.0
865 8 1.0
865 99 1.0
865 314 1.0
865 379 1.0
865 441 1.0
865 456 1.0
865 490 1.0
865 609 1.0
865 687 1.0
865 769 1.0
865 839 1.0
865 856 1.0
865 921 1.0
866 40 1.0
866 98 1.0
866 147 1.0
866 190 1.0
866 257 1.0
866 303 1.0
866 390 1.0
866 635 1.0
867 54 1.0
867 319 1.0
867 324 1.0
867 429 1.0
867 812 1.0
867 854 1.0
868 370 1.0
868 501 1.0
868 734 1.0
868 821 1.0
869 221 1.0
869 232 1.0
869 476 1.0
869 711 1.0
869 748 1.0
870 14 1.0
870 61 1.0
870 484 1.0
870 600 1.0
870 717 1.0
870 780 1.0
870 842 1.0
871 96 1.0
871 110 1.0
871 146 1.0
871 151 1.0
871 196 1.0
871 207 1.0
871 295 1.0
871 331 1.0
871 573 1.0
871 629 1.0
871 768 1.0
871 784 1.0
872 240 1.0
872 302 1.0
872 434 1.0
872 605 1.0
873 48 1.0
873 89 1.0
873 337 1.0
873 361 1.0
873 403 1.0
873 437 1.0
873 650 1.0
873 754 1.0
873 839 1.0
873 851 1.0
873 886 1.0
874 48 1.0
874 466 1.0
874 632 1.0
874 728 1.0
874 758 1.0
874 774 1.0
874 864 1.0
875 193 1.0
875 214 1.0
875 401 1.0
875 431 1.0
875 672 1.0
875 687 1.0
875 782 1.0
876 27 1.0
876 142 1.0
876 169 1.0
876 367 1.0
876 415 1.0
876 530 1.0
876 599 1.0
877 121 1.0
877 556 1.0
877 785 1.0
877 808 1.0
877 830 1.0
878 195 1.0
878 211 1.0
878 399 1.0
878 686 1.0
878 820 1.0
879 13 1.0
879 191 1.0
879 318 1.0
879 332 1.0
879 587 1.0
879 732 1.0
880 457 1.0
880 556 1.0
880 712 1.0
880 753 1.0
880 847 1.0
881 38 1.0
881 106 1.0
881 166 1.0
881 195 1.0
881 282 1.0
881 536 1.0
881 816 1.0
881 888 1.0
881 909 1.0
882 124 1.0
882 282 1.0
882 406 1.0
882 824 1.0
882 962 1.0
883 176 1.0
883 465 1.0
883 539 1.0
883 706 1.0
884 97 1.0
884 402 1.0
884 584 1.0
884 590 1.0
884 714 1.0
885 35 1.0
885 373 1.0
885 659 1.0
886 99 1.0
886 415 1.0
886 873 1.0
887 168 1.0
887 327 1.0
887 514 1.0
887 722 1.0
888 6 1.0
888 319 1.0
888 881 1.0
889 247 1.0
889 385 1.0
889 795 1.0
890 324 1.0
890 472 1.0
890 478 1.0
890 736 1.0
890 737 1.0
890 828 1.0
890 906 1.0
891 39 1.0
891 274 1.0
891 321 1.0
891 389 1.0
891 492 1.0
891 816 1.0
891 853 1.0
891 982 1.0
892 50 1.0
892 136 1.0
892 295 1.0
892 342 1.0
892 349 1.0
892 481 1.0
892 936 1.0
893 188 1.0
893 256 1.0
893 321 1.0
893 397 1.0
893 676 1.0
893 743 1.0
893 809 1.0
893 902 1.0
893 948 1.0
894 305 1.0
894 408 1.0
894 771 1.0
894 959 1.0
895 26 1.0
895 100 1.0
895 459 1.0
896 194 1.0
896 337 1.0
896 520 1.0
896 534 1.0
897 177 1.0
897 285 1.0
897 341 1.0
897 611 1.0
897 780 1.0
898 245 1.0
898 500 1.0
898 668 1.0
899 330 1.0
899 754 1.0
899 756 1.0
900 75 1.0
900 150 1.0
900 321 1.0
900 420 1.0
900 591 1.0
901 48 1.0
901 523 1.0
901 556 1.0
901 600 1.0
901 842 1.0
902 126 1.0
902 213 1.0
902 271 1.0
902 289 1.0
902 350 1.0
902 393 1.0
902 405 1.0
902 893 1.0
903 136 1.0
903 440 1.0
903 669 1.0
903 801 1.0
903 932 1.0
903 993 1.0
904 68 1.0
904 465 1.0
904 645 1.0
904 659 1.0
904 773 1.0
904 798 1.0
905 79 1.0
905 109 1.0
905 295 1.0
905 498 1.0
905 640 1.0
905 668 1.0
905 786 1.0
906 263 1.0
906 660 1.0
906 686 1.0
906 784 1.0
906 890 1.0
907 165 1.0
907 387 1.0
907 499 1.0
907 744 1.0
907 917 1.0
908 266 1.0
908 285 1.0
908 526 1.0
908 756 1.0
908 972 1.0
909 110 1.0
909 248 1.0
909 827 1.0
909 835 1.0
909 852 1.0
909 881 1.0
909 909 1.0
910 155 1.0
910 216 1.0
910 220 1.0
910 347 1.0
910 632 1.0
910 822 1.0
911 131 1.0
911 454 1.0
911 553 1.0
911 577 1.0
911 733 1.0
912 179 1.0
912 273 1.0
912 343 1.0
912 364 1.0
912 562 1.0
912 621 1.0
912 673 1.0
912 729 1.0
913 26 1.0
913 273 1.0
913 470 1.0
913 552 1.0
913 697 1.0
913 776 1.0
914 296 1.0
914 521 1.0
914 550 1.0
914 604 1.0
915 38 1.0
915 165 1.0
915 690 1.0
916 17 1.0
916 218 1.0
916 417 1.0
916 679 1.0
917 543 1.0
917 694 1.0
917 907 1.0
918 24 1.0
918 100 1.0
918 147 1.0
918 169 1.0
918 177 1.0
918 305 1.0
918 558 1.0
918 599 1.0
918 665 1.0
918 805 1.0
919 33 1.0
919 169 1.0
919 194 1.0
919 326 1.0
919 832 1.0
920 0 1.0
920 62 1.0
920 169 1.0
920 711 1.0
921 136 1.0
921 273 1.0
921 704 1.0
921 865 1.0
922 103 1.0
922 151 1.0
922 185 1.0
922 227 1.0
922 499 1.0
923 110 1.0
923 203 1.0
923 470 1.0
923 791 1.0
923 836 1.0
924 20 1.0
924 251 1.0
924 273 1.0
924 822 1.0
925 3 1.0
925 293 1.0
925 318 1.0
925 375 1.0
926 174 1.0
926 502 1.0
926 638 1.0
926 671 1.0
926 771 1.0
927 66 1.0
927 86 1.0
927 269 1.0
927 419 1.0
928 292 1.0
928 367 1.0
928 808 1.0
929 32 1.0
929 437 1.0
929 612 1.0
929 650 1.0
929 672 1.0
929 970 1.0
930 15 1.0
930 335 1.0
930 574 1.0
930 745 1.0
931 293 1.0
931 665 1.0
931 689 1.0
931 722 1.0
932 1 1.0
932 143 1.0
932 229 1.0
932 387 1.0
932 573 1.0
932 674 1.0
932 903 1.0
932 948 1.0
933 102 1.0
933 312 1.0
933 368 1.0
934 156 1.0
934 416 1.0
934 543 1.0
935 108 1.0
935 121 1.0
935 262 1.0
935 305 1.0
935 490 1.0
936 176 1.0
936 827 1.0
936 892 1.0
936 953 1.0
937 68 1.0
937 244 1.0
937 492 1.0
937 822 1.0
937 847 1.0
938 246 1.0
938 376 1.0
938 451 1.0
939 219 1.0
939 272 1.0
939 372 1.0
939 531 1.0
939 769 1.0
939 979 1.0
940 36 1.0
940 180 1.0
940 423 1.0
940 549 1.0
940 960 1.0
941 143 1.0
941 269 1.0
941 280 1.0
941 337 1.0
941 576 1.0
941 622 1.0
941 958 1.0
942 105 1.0
942 285 1.0
942 364 1.0
942 547 1.0
943 48 1.0
943 58 1.0
943 143 1.0
943 283 1.0
943 344 1.0
943 429 1.0
943 748 1.0
944 68 1.0
944 97 1.0
944 99 1.0
944 128 1.0
944 279 1.0
944 287 1.0
944 529 1.0
944 665 1.0
944 734 1.0
945 198 1.0
945 614 1.0
945 789 1.0
946 26 1.0
946 74 1.0
946 75 1.0
946 191 1.0
946 241 1.0
946 723 1.0
946 846 1.0
947 100 1.0
947 412 1.0
947 424 1.0
947 544 1.0
947 963 1.0
948 72 1.0
948 242 1.0
948 279 1.0
948 521 1.0
948 725 1.0
948 800 1.0
948 837 1.0
948 893 1.0
948 932 1.0
949 142 1.0
949 369 1.0
949 397 1.0
949 451 1.0
949 699 1.0
950 27 1.0
950 96 1.0
950 108 1.0
950 274 1.0
950 545 1.0
950 950 1.0
951 207 1.0
951 260 1.0
951 448 1.0
951 577 1.0
951 847 1.0
952 77 1.0
952 138 1.0
952 450 1.0
952 579 1.0
952 713 1.0
953 134 1.0
953 775 1.0
953 936 1.0
954 112 1.0
954 201 1.0
954 324 1.0
954 462 1.0
954 728 1.0
955 228 1.0
955 392 1.0
955 579 1.0
956 161 1.0
956 204 1.0
956 559 1.0
956 974 1.0
957 207 1.0
957 210 1.0
957 603 1.0
957 634 1.0
957 661 1.0
957 714 1.0
958 1 1.0
958 68 1.0
958 134 1.0
958 514 1.0
958 556 1.0
958 729 1.0
958 762 1.0
958 941 1.0
959 209 1.0
959 220 1.0
959 894 1.0
960 105 1.0
960 667 1.0
960 811 1.0
960 940 1.0
961 18 1.0
961 72 1.0
961 145 1.0
961 264 1.0
961 275 1.0
961 464 1.0
961 509 1.0
961 788 1.0
961 985 1.0
962 202 1.0
962 788 1.0
962 814 1.0
962 882 1.0
963 612 1.0
963 621 1.0
963 947 1.0
963 973 1.0
964 144 1.0
964 260 1.0
964 437 1.0
964 506 1.0
965 45 1.0
965 46 1.0
965 235 1.0
965 520 1.0
965 670 1.0
965 784 1.0
966 85 1.0
966 107 1.0
966 228 1.0
966 285 1.0
966 371 1.0
966 428 1.0
966 512 1.0
967 413 1.0
967 761 1.0
967 774 1.0
968 132 1.0
968 266 1.0
968 385 1.0
968 554 1.0
969 13 1.0
969 76 1.0
969 208 1.0
969 229 1.0
970 485 1.0
970 648 1.0
970 929 1.0
971 39 1.0
971 72 1.0
971 342 1.0
971 859 1.0
972 276 1.0
972 532 1.0
972 714 1.0
972 908 1.0
973 48 1.0
973 154 1.0
973 303 1.0
973 963 1.0
974 100 1.0
974 439 1.0
974 609 1.0
974 710 1.0
974 956 1.0
975 449 1.0
975 529 1.0
975 704 1.0
975 819 1.0
976 4 1.0
976 289 1.0
976 512 1.0
976 712 1.0
976 991 1.0
977 193 1.0
977 225 1.0
977 407 1.0
977 578 1.0
977 709 1.0
978 226 1.0
978 335 1.0
978 413 1.0
979 147 1.0
979 515 1.0
979 860 1.0
979 939 1.0
980 693 1.0
980 801 1.0
980 814 1.0
981 178 1.0
981 268 1.0
981 333 1.0
981 796 1.0
982 99 1.0
982 335 1.0
982 546 1.0
982 744 1.0
982 891 1.0
983 48 1.0
983 582 1.0
983 727 1.0
984 206 1.0
984 378 1.0
984 398 1.0
984 692 1.0
984 794 1.0
985 126 1.0
985 547 1.0
985 961 1.0
986 22 1.0
986 59 1.0
986 598 1.0
986 746 1.0
987 58 1.0
987 709 1.0
987 717 1.0
988 10 1.0
988 414 1.0
988 530 1.0
988 659 1.0
989 150 1.0
989 684 1.0
989 775 1.0
989 993 1.0
990 131 1.0
990 346 1.0
990 460 1.0
990 820 1.0
990 848 1.0
991 79 1.0
991 89 1.0
991 186 1.0
991 257 1.0
991 728 1.0
991 976 1.0
992 233 1.0
992 302 1.0
992 557 1.0
993 848 1.0
993 903 1.0
993 989 1.0
994 239 1.0
994 273 1.0
994 514 1.0
994 592 1.0
994 640 1.0
994 707 1.0
