0 351
0 729
0 824
0 318
0 979
1 101
1 863
1 342
1 351
1 51
1 333
2 314
2 905
2 185
2 909
2 927
2 433
2 686
2 123
2 292
2 844
3 303
3 754
3 505
3 24
3 947
3 503
3 152
3 167
3 301
4 382
4 232
4 427
4 511
4 884
4 654
4 253
4 441
4 221
4 16
5 751
5 253
6 768
6 189
6 303
6 957
6 560
6 668
8 376
8 258
8 236
8 932
8 288
8 353
9 352
9 680
9 122
9 310
10 865
10 860
10 251
10 160
10 600
10 685
10 182
10 579
10 548
10 703
10 571
10 129
10 428
11 712
11 995
11 914
11 505
11 687
12 747
12 357
12 415
12 162
12 149
12 883
13 390
13 905
13 682
13 386
14 784
14 162
14 594
14 258
14 509
14 809
14 579
15 671
15 701
15 112
15 164
15 63
15 729
15 416
15 118
15 342
15 713
16 92
16 884
16 281
16 312
16 476
16 621
16 53
16 384
16 22
16 114
17 555
17 837
17 777
17 181
17 819
19 709
19 471
19 429
19 704
19 845
19 308
19 479
19 716
19 683
20 994
20 227
20 242
21 768
21 815
21 535
21 845
21 941
21 515
21 995
21 76
21 573
21 193
21 61
21 92
21 475
22 306
22 588
22 862
22 412
22 906
22 697
24 91
24 174
24 43
24 913
24 544
24 405
24 34
24 198
24 394
24 327
25 74
25 486
25 298
25 78
25 604
25 655
25 771
25 937
25 143
25 594
25 845
25 910
25 566
28 278
28 201
28 791
28 724
30 544
30 301
30 830
30 17
30 729
30 113
30 900
31 781
31 232
33 514
33 850
33 254
33 664
33 941
33 354
33 904
33 569
33 695
33 172
33 82
33 968
33 784
33 184
33 317
34 438
34 551
34 111
34 596
34 831
34 238
35 50
35 701
35 486
35 36
35 499
36 431
36 984
36 865
36 558
36 824
37 501
37 651
37 477
37 4
37 239
37 43
37 314
37 901
38 667
38 416
38 991
38 276
38 775
38 161
38 537
38 145
39 775
39 414
39 847
39 5
40 320
40 465
40 301
40 410
40 272
40 965
40 971
40 789
42 257
42 750
42 601
42 596
42 326
42 87
42 977
42 658
43 345
43 322
43 485
43 183
43 149
43 232
43 3
44 689
44 875
44 496
44 601
44 47
44 873
44 89
44 664
44 560
45 425
45 893
45 532
45 739
45 447
45 118
45 412
45 865
46 548
46 700
46 248
46 415
46 760
46 122
46 205
46 138
46 982
46 94
47 621
47 43
47 627
47 511
47 849
47 740
47 793
47 977
47 408
47 943
47 905
47 675
47 44
47 931
47 266
48 758
48 369
48 724
48 445
48 114
48 287
48 54
48 513
48 261
48 599
50 266
50 472
50 298
50 659
50 178
50 448
50 779
51 932
51 729
51 901
51 488
51 408
51 525
51 295
51 757
52 131
52 63
52 890
52 393
52 903
52 569
52 396
52 819
52 945
53 812
53 931
53 228
53 530
53 852
54 747
54 455
54 437
54 421
54 480
54 361
54 674
54 733
54 581
54 936
54 327
54 146
54 114
55 463
55 2
55 89
55 722
55 904
58 471
58 339
58 377
58 822
58 833
59 63
59 770
59 390
59 641
59 595
59 146
60 815
60 323
60 551
60 582
60 263
60 167
60 676
60 62
60 995
60 645
60 1
61 800
61 190
61 112
61 469
61 203
62 362
62 703
62 60
62 268
62 593
62 635
62 938
62 707
63 235
63 233
63 545
63 179
63 768
63 821
63 638
63 418
63 661
63 5
63 538
63 118
65 916
65 994
65 229
65 131
65 151
66 677
66 925
66 8
66 713
66 588
67 886
67 295
67 30
67 681
67 221
67 179
67 438
67 249
67 536
67 914
67 856
67 895
68 734
68 160
68 115
68 540
68 771
68 561
68 741
69 902
69 164
69 418
69 726
69 883
69 93
69 616
69 870
70 243
70 849
70 833
70 44
70 998
70 432
70 358
70 161
70 551
73 226
73 75
73 50
73 127
73 34
74 975
74 690
74 990
74 922
74 305
74 689
74 175
74 980
74 213
75 481
75 560
75 248
75 25
75 785
75 310
75 112
75 256
75 722
75 701
76 526
76 461
76 954
76 978
76 775
76 484
76 233
76 972
78 382
78 671
78 53
78 859
78 875
78 9
78 39
78 89
79 921
79 598
79 978
79 880
79 476
79 595
79 106
79 341
79 656
79 740
80 470
80 287
80 717
80 394
80 15
80 828
80 522
80 25
81 288
81 953
81 875
81 997
81 31
81 93
81 626
81 709
82 745
82 569
82 975
82 912
82 905
82 126
83 123
83 526
83 822
83 445
83 633
83 478
83 495
83 968
83 917
83 809
83 588
83 156
84 590
84 561
84 711
84 807
84 544
84 0
84 659
84 874
84 670
84 301
84 252
84 144
84 551
85 45
85 347
85 211
85 780
85 393
85 538
86 100
86 678
86 187
86 94
86 564
86 470
86 102
86 685
86 817
86 221
86 893
86 565
86 925
86 855
86 781
87 848
87 724
87 190
87 476
87 35
87 164
87 197
87 853
88 73
88 936
88 144
88 307
88 140
88 855
89 909
89 634
89 945
89 248
89 195
89 454
89 592
89 388
90 940
90 12
90 372
90 652
90 380
90 530
90 590
90 395
91 193
91 919
91 642
91 742
91 398
91 105
91 410
92 235
92 242
92 304
92 246
92 573
92 753
92 511
92 168
92 702
92 974
93 211
93 236
93 602
93 37
93 625
93 988
93 83
94 607
94 930
94 196
94 669
94 24
94 485
94 481
94 51
95 765
95 675
95 654
95 780
95 672
95 491
95 209
95 107
95 155
95 61
95 538
95 212
96 262
96 900
96 527
96 31
96 297
96 524
96 361
96 652
96 923
96 896
97 527
97 201
97 556
97 185
97 290
99 967
99 979
99 480
99 365
99 415
99 147
99 799
99 892
100 418
100 34
100 722
100 197
100 712
101 698
101 761
101 338
101 616
101 89
102 329
102 407
102 119
102 950
102 193
102 749
103 209
103 197
103 220
103 47
103 563
103 486
103 59
103 887
103 569
103 765
103 553
103 974
103 845
104 503
104 947
104 687
104 382
104 826
104 839
104 823
104 383
105 63
105 121
105 965
105 197
105 435
105 892
105 941
105 723
106 757
106 734
106 788
106 571
106 274
107 45
107 915
107 920
107 501
107 612
107 704
107 127
107 534
107 307
107 270
107 492
108 475
108 579
108 175
108 992
109 297
109 666
109 287
109 235
109 790
110 744
110 302
110 12
110 255
110 999
110 174
111 48
111 45
111 583
111 927
111 682
111 394
112 524
112 51
112 398
112 405
112 856
112 246
112 320
112 357
113 948
113 31
113 407
113 932
113 701
113 233
113 514
114 51
114 152
114 796
114 213
114 774
114 659
114 722
114 155
114 724
114 674
115 162
115 90
115 697
115 563
116 412
116 823
116 777
116 913
116 520
116 109
116 233
117 573
117 354
117 811
117 351
117 525
117 794
117 391
117 44
117 542
117 144
118 11
118 59
118 184
118 483
118 562
118 354
118 174
118 454
118 384
119 950
119 102
119 234
119 814
119 742
119 843
119 51
120 478
120 403
120 750
120 884
120 784
121 685
121 405
121 615
121 278
121 427
122 938
122 936
122 459
122 703
122 707
122 715
122 312
122 218
122 346
122 468
122 424
123 65
123 209
123 986
123 45
123 506
123 984
123 93
123 835
123 621
124 905
124 256
124 715
124 784
124 621
124 935
124 812
124 204
125 383
125 75
125 683
125 162
125 971
125 154
125 842
126 703
126 945
126 232
126 651
126 686
126 709
126 55
127 872
127 452
127 769
127 403
127 478
127 710
127 374
127 952
128 333
128 943
128 434
128 480
128 854
128 3
128 431
128 858
129 217
129 852
129 346
129 435
129 88
129 120
129 641
129 542
129 438
129 116
129 646
131 623
131 815
131 531
131 692
131 223
131 895
131 329
131 281
131 138
134 682
134 120
134 561
134 195
134 179
134 842
134 333
134 198
134 327
134 242
135 536
135 988
135 266
135 399
136 233
136 990
136 919
136 978
136 925
136 526
136 892
136 588
137 528
137 386
137 70
137 740
137 924
137 824
137 45
138 347
138 24
138 652
138 88
138 87
138 488
140 824
140 302
140 172
140 372
140 152
140 14
140 279
140 819
140 183
141 946
141 93
141 111
141 255
141 941
141 586
141 169
141 86
142 521
142 792
142 62
142 509
142 485
142 472
142 303
142 943
142 2
142 375
142 278
143 624
143 352
144 874
144 83
144 19
145 992
145 39
145 709
145 766
145 554
145 616
145 824
145 999
145 377
146 719
146 424
146 873
146 212
146 783
146 442
147 834
147 469
147 591
147 344
147 513
147 409
147 606
147 9
147 863
147 723
147 193
147 458
149 704
149 272
149 415
149 213
149 382
149 307
149 486
150 68
150 853
150 165
150 874
150 228
150 179
150 764
150 17
150 891
151 22
151 52
151 135
151 640
151 127
151 309
152 226
152 253
153 134
153 524
153 288
153 591
153 430
153 105
153 435
154 942
154 51
154 772
154 537
154 349
155 398
155 183
155 706
155 82
155 395
155 825
155 269
155 545
156 997
156 465
156 940
156 345
156 309
156 152
159 689
159 554
159 661
159 697
159 265
160 859
160 976
160 805
160 345
160 757
160 395
160 274
160 557
161 955
161 147
161 274
161 534
162 485
162 942
162 863
162 511
162 276
163 214
163 260
163 499
163 986
163 171
163 609
163 182
164 544
164 657
164 303
164 2
164 136
164 466
164 476
164 175
164 289
165 690
165 377
165 74
165 650
165 784
165 709
165 292
166 907
166 300
166 656
166 548
166 795
166 418
166 780
166 380
166 902
166 677
166 228
166 920
167 526
167 763
167 80
167 509
167 785
167 257
167 261
167 563
168 440
168 857
168 435
168 880
168 68
168 642
168 121
168 877
168 924
168 854
169 52
169 972
169 981
169 102
169 68
169 108
169 737
169 198
171 115
171 206
171 15
171 44
171 799
171 982
171 760
171 687
172 640
172 776
172 991
172 564
172 563
172 492
172 965
172 59
172 353
172 669
173 408
173 92
173 892
174 201
174 675
174 360
174 485
174 518
174 143
175 87
175 627
175 3
175 894
175 802
175 905
175 596
175 211
175 38
175 638
175 601
175 36
176 199
176 19
176 915
176 118
176 6
176 513
176 823
176 405
176 391
176 455
177 620
177 351
177 10
177 2
177 30
177 112
177 757
178 626
178 616
178 842
178 701
178 622
178 925
178 126
178 972
178 848
178 681
179 572
179 124
179 231
179 634
179 384
179 249
179 183
181 772
181 353
181 129
181 752
181 788
182 313
182 702
182 645
182 420
182 773
182 527
183 89
183 981
183 640
183 403
183 308
183 143
183 464
183 750
184 104
184 445
184 915
184 362
184 97
184 716
184 412
184 303
184 81
184 78
185 156
185 943
187 82
187 59
187 255
187 602
187 421
187 547
187 20
187 143
187 415
189 185
189 457
189 206
189 970
189 101
189 231
189 242
189 771
189 640
189 194
189 250
190 890
190 317
190 908
190 989
190 90
190 580
190 845
191 384
191 928
191 198
191 326
191 599
191 396
191 367
192 857
192 434
192 512
192 907
192 165
192 984
192 547
192 783
192 320
192 915
193 208
193 116
193 348
193 805
193 302
193 110
194 520
194 450
194 256
194 265
194 184
194 637
194 215
194 742
194 964
194 344
194 752
195 586
195 431
195 636
195 189
195 54
195 385
195 204
195 647
195 618
195 686
195 468
195 183
195 541
196 86
196 420
196 190
196 456
196 415
196 48
196 890
196 922
196 873
196 174
197 554
197 458
197 631
197 97
197 733
197 824
197 55
198 377
198 831
198 274
198 73
199 250
199 88
199 73
199 965
199 989
199 193
199 314
200 731
200 153
200 279
200 621
200 695
200 126
200 906
200 290
200 322
201 279
201 830
201 536
201 260
201 436
201 941
201 913
201 241
202 131
202 529
202 253
202 837
202 788
202 686
202 713
202 175
203 823
203 10
203 204
203 118
203 647
203 967
203 701
203 254
203 310
204 733
204 167
204 690
204 401
204 782
204 67
205 853
205 606
205 564
205 203
205 135
205 809
205 601
206 38
206 452
206 190
206 896
206 226
206 447
206 345
207 882
207 571
207 974
207 860
207 46
207 342
207 687
207 689
207 938
207 969
207 85
207 940
207 494
207 954
207 491
208 535
208 529
208 46
208 189
208 203
208 308
208 929
208 119
209 309
209 994
209 605
210 991
210 427
210 55
210 627
210 973
210 307
210 896
210 344
210 448
210 788
211 768
211 785
211 35
211 637
211 108
211 646
211 189
211 93
212 321
212 340
212 251
212 185
212 812
212 1
213 546
213 538
213 477
213 661
213 6
213 867
213 768
213 504
213 66
214 45
214 413
214 576
214 416
215 34
215 435
215 224
215 996
216 768
216 917
216 452
216 478
216 453
216 38
216 407
216 920
217 716
217 172
217 568
217 380
217 206
217 316
217 297
217 817
217 660
218 799
218 870
218 171
218 782
218 965
218 568
218 786
218 397
218 810
218 536
218 964
218 710
219 758
219 812
219 270
219 777
219 61
219 369
219 398
219 862
219 843
220 739
220 550
220 613
220 184
220 499
220 582
220 851
220 827
221 243
221 451
221 788
221 689
221 807
221 302
221 230
221 820
221 764
221 381
221 694
221 765
221 101
223 696
223 214
223 19
223 62
223 529
223 844
223 405
223 625
223 987
224 997
224 740
224 586
224 505
224 896
225 592
225 640
225 643
225 810
225 410
225 272
225 707
225 620
225 654
225 396
225 141
225 425
225 588
225 430
225 189
225 573
225 438
225 472
226 525
226 672
226 733
226 896
226 521
226 306
226 700
226 156
227 140
227 987
227 97
227 847
227 776
227 415
227 963
228 383
228 393
228 258
228 974
228 239
229 870
229 592
229 845
229 129
229 709
229 815
230 733
230 568
230 89
230 268
230 165
230 681
230 867
230 729
230 395
230 363
230 909
231 378
231 739
231 313
231 649
231 972
232 47
232 657
232 370
232 652
232 885
232 90
233 591
233 458
233 48
233 697
233 506
233 166
233 526
233 926
233 369
233 42
234 764
234 550
234 914
234 935
234 220
234 654
234 189
235 950
235 441
235 298
235 664
235 762
235 225
235 165
235 958
236 115
236 241
236 407
236 685
236 386
236 887
236 723
236 600
237 689
237 860
237 279
237 973
237 703
238 599
238 998
238 235
238 988
238 138
238 315
238 407
238 100
238 993
238 322
239 670
239 125
239 296
239 163
240 424
240 63
240 152
240 753
240 407
240 580
240 397
240 971
240 690
240 175
240 182
240 887
240 799
241 598
241 405
241 544
241 534
242 702
242 637
242 347
242 327
242 732
242 962
242 925
242 589
242 758
242 505
242 434
243 208
243 762
243 583
243 734
243 901
243 100
243 142
243 963
243 206
243 866
243 593
246 863
246 706
246 778
246 677
246 143
246 798
246 382
246 129
246 43
247 126
247 557
247 605
247 990
247 88
247 340
247 967
247 125
247 703
247 971
247 413
248 838
248 430
248 320
248 447
248 241
248 741
248 37
248 59
248 935
248 319
248 875
248 501
249 829
249 74
249 800
249 200
249 261
249 828
249 370
249 99
249 683
250 421
250 977
250 917
250 215
250 644
250 25
251 355
251 735
251 625
251 191
251 171
251 558
251 776
251 231
251 65
251 442
251 428
252 300
252 820
252 43
252 242
252 656
252 612
252 857
253 116
253 600
253 46
253 348
253 472
254 647
254 195
254 494
254 45
254 314
254 405
254 103
254 363
254 924
254 354
254 232
254 835
254 733
255 768
255 141
255 953
255 184
255 515
255 992
255 509
255 369
256 15
256 254
256 815
256 811
256 619
256 235
256 543
256 546
256 589
256 527
257 573
257 481
257 566
257 424
257 764
257 972
257 33
257 70
257 490
258 882
258 483
258 288
258 799
258 609
258 853
258 388
259 799
259 924
259 47
259 860
259 754
260 796
260 115
260 347
260 416
260 318
260 633
261 164
261 969
261 382
261 457
261 633
262 124
262 849
262 503
262 567
262 399
262 149
262 525
262 53
263 241
263 560
263 568
263 611
263 593
263 213
264 34
264 358
264 706
264 185
264 652
264 776
264 557
264 202
264 436
264 165
265 119
265 333
265 358
265 584
265 961
265 689
265 425
265 373
265 816
265 312
266 361
266 835
266 779
266 834
268 834
268 220
268 567
268 772
268 938
268 485
268 253
268 246
268 962
268 854
269 634
269 544
269 609
269 152
269 175
269 483
269 639
269 561
269 425
270 202
270 916
270 901
270 48
270 278
270 657
270 215
270 37
272 168
272 28
272 848
272 841
272 589
272 547
274 362
274 953
274 182
274 740
274 685
274 159
274 865
274 631
274 963
274 669
274 846
276 969
276 253
276 828
276 962
276 839
278 645
278 416
278 39
278 531
278 251
279 447
279 172
279 0
279 548
279 326
279 580
280 947
280 811
280 964
280 30
280 581
280 28
280 803
281 422
281 963
281 659
281 950
281 419
281 785
281 743
281 692
281 429
281 810
282 315
282 838
282 755
282 734
282 332
282 76
282 731
282 742
283 37
283 923
283 632
283 755
283 777
286 494
286 923
286 203
286 347
286 21
286 823
286 61
286 755
286 777
286 223
286 921
286 770
286 846
286 955
286 183
287 264
287 370
287 25
287 845
287 683
287 89
287 169
287 811
287 127
287 998
287 349
287 323
288 417
288 789
288 825
288 733
288 421
288 635
288 310
288 172
288 328
289 305
289 744
289 11
289 440
289 131
289 928
289 910
289 693
289 476
289 388
290 999
290 792
290 118
290 656
290 451
290 50
290 264
290 282
290 911
290 9
290 331
291 531
291 159
291 686
291 735
291 914
291 24
291 955
291 378
291 747
291 328
292 877
292 437
292 602
292 803
292 600
292 137
292 165
292 564
292 714
293 243
293 965
293 950
293 371
293 247
293 739
293 986
293 633
295 543
295 263
295 701
295 45
295 412
295 714
295 750
295 443
295 163
296 604
296 642
296 147
296 393
296 535
296 282
296 830
296 701
297 768
297 803
297 417
297 19
297 920
297 863
297 352
297 937
298 829
298 555
298 30
298 627
298 4
298 386
298 136
300 20
300 643
300 317
300 371
300 226
301 418
301 898
301 882
301 589
301 143
301 689
301 470
302 242
302 58
302 493
302 839
302 247
302 314
302 384
302 849
302 965
303 73
303 234
303 270
303 460
303 390
304 694
304 388
304 313
304 765
304 179
304 589
305 631
305 79
305 409
305 863
306 414
306 470
306 640
306 125
306 892
306 660
306 253
306 1
306 464
307 344
307 24
307 498
307 655
307 150
307 107
307 700
307 63
307 12
307 820
307 527
308 743
308 928
308 741
308 279
308 163
309 632
309 145
309 103
309 929
309 393
309 338
309 169
309 313
310 601
310 25
310 20
310 606
310 372
310 434
310 241
312 720
312 794
312 805
312 362
312 639
312 592
312 514
313 952
313 378
313 903
313 75
313 932
313 13
313 471
313 941
313 420
313 895
313 923
314 873
314 739
314 722
314 550
314 121
314 501
314 935
314 460
314 14
314 353
314 369
314 313
314 974
315 491
315 531
315 501
315 124
315 443
315 470
315 259
315 933
315 242
315 631
316 927
316 129
316 217
316 694
316 21
316 995
316 892
316 405
316 884
316 211
317 810
317 226
317 559
317 61
317 255
317 92
317 505
318 769
318 724
318 590
318 737
318 208
318 99
318 33
318 837
318 989
318 240
318 633
318 174
318 147
318 413
319 657
319 189
319 977
319 666
319 291
319 490
320 559
320 340
320 286
320 674
321 872
321 536
321 79
321 150
321 282
322 266
322 889
322 218
322 382
322 412
322 765
322 68
322 458
322 287
323 860
323 894
323 578
323 685
323 935
324 204
324 885
326 984
326 332
326 737
326 250
326 48
326 790
326 484
326 770
326 651
326 96
326 265
327 675
327 517
327 514
327 28
327 498
327 639
327 839
327 719
328 122
328 744
328 876
328 42
328 921
328 355
328 155
328 842
329 442
329 594
329 243
329 342
329 606
329 448
329 241
330 3
330 842
330 972
330 917
330 62
330 598
330 516
330 394
331 815
331 168
331 621
331 696
331 403
331 412
331 954
331 612
331 561
331 113
332 635
332 421
332 371
332 280
332 768
332 583
332 957
332 727
332 333
333 195
333 87
333 750
333 860
333 261
333 204
334 644
334 119
334 743
334 121
334 120
334 742
334 321
336 255
336 401
336 9
336 526
336 394
336 488
336 397
336 296
336 646
336 256
336 596
337 62
337 112
337 998
337 484
337 536
337 53
337 122
337 78
337 602
337 627
337 382
338 661
338 789
338 407
338 165
338 720
338 538
338 978
338 36
338 863
339 940
339 807
339 957
339 63
339 441
339 608
339 161
339 482
339 852
340 390
340 150
340 571
340 924
340 632
340 283
340 935
340 695
341 232
341 715
341 647
341 482
341 229
341 751
342 429
342 891
342 437
342 629
342 167
342 771
344 121
344 712
344 142
344 579
344 464
344 302
344 374
344 429
345 940
345 465
345 181
345 97
345 312
345 319
345 785
345 287
346 957
346 104
346 501
346 40
346 79
347 870
347 540
347 522
347 380
347 720
347 750
348 841
348 263
348 3
348 961
348 11
348 844
348 321
348 743
348 339
348 369
348 916
348 768
348 51
348 384
348 109
348 195
349 48
349 161
349 914
349 397
351 154
351 578
351 941
351 735
351 800
351 621
351 937
351 419
351 397
351 605
351 968
352 175
352 744
352 492
352 556
353 330
353 912
353 298
353 477
353 161
353 231
354 551
354 636
354 407
354 211
354 990
354 295
354 696
354 627
355 608
355 504
355 604
355 634
355 413
355 213
356 916
356 208
356 301
356 224
356 45
356 101
356 557
356 319
357 51
357 686
357 902
357 5
357 482
357 119
357 731
358 360
358 43
358 112
358 682
358 309
358 8
360 717
360 962
360 207
360 912
360 749
360 373
360 716
360 166
361 565
361 398
361 739
361 974
361 943
361 405
361 950
361 453
362 623
362 686
362 640
362 300
362 357
362 179
362 607
362 876
362 393
362 239
363 760
363 341
363 534
363 278
365 687
365 251
365 131
365 492
365 455
365 816
365 478
365 661
367 986
367 964
367 690
367 558
368 564
368 147
368 424
368 152
368 95
368 270
368 534
368 924
368 814
369 757
369 386
369 141
369 995
369 761
369 1
369 515
369 66
369 908
369 799
370 114
370 582
370 415
370 641
370 645
371 755
371 367
371 824
371 657
371 168
371 474
371 417
372 830
372 426
372 556
372 283
372 94
372 704
373 962
373 680
373 396
373 645
373 315
373 461
374 442
374 281
374 691
374 13
374 90
375 105
375 828
375 802
375 850
375 358
375 316
375 50
375 547
375 454
375 890
376 437
376 768
376 150
376 816
376 248
376 297
376 412
376 126
376 472
376 995
376 90
377 280
377 644
377 292
377 68
377 956
378 678
378 548
378 650
378 161
378 571
378 493
380 395
380 352
380 701
380 373
380 450
380 757
381 666
381 318
381 697
381 82
381 599
381 357
381 764
381 111
381 849
382 279
382 633
382 289
382 372
382 55
383 958
383 234
383 584
383 183
383 306
384 521
384 545
384 784
384 816
384 368
384 580
384 429
384 464
385 418
385 68
386 384
386 504
386 591
386 347
386 749
386 964
386 390
386 420
386 353
386 877
386 812
386 716
386 407
387 817
387 385
387 511
387 287
387 777
387 582
387 321
388 781
388 888
388 110
388 300
388 423
390 296
390 672
390 255
390 461
390 140
390 438
390 161
391 252
391 969
391 82
391 623
391 930
391 672
391 722
391 468
391 578
392 454
392 783
392 816
392 488
392 466
392 782
392 342
393 185
393 76
393 597
393 920
393 670
393 851
393 115
393 986
393 773
393 996
393 484
393 809
393 569
393 191
394 895
394 125
394 917
394 431
394 931
394 980
394 4
394 806
394 739
394 509
394 938
394 281
395 107
395 319
395 262
395 851
395 938
396 672
396 229
396 702
396 480
396 987
396 965
397 641
397 205
397 768
397 362
397 163
397 851
397 749
397 224
397 415
397 612
397 94
398 525
398 68
398 344
398 851
398 979
398 92
398 696
398 197
398 714
398 651
398 334
399 648
399 588
399 891
399 657
399 472
399 664
399 810
401 36
401 856
401 103
401 147
401 128
401 845
401 396
401 610
403 721
403 479
403 428
403 448
403 786
403 226
403 76
403 418
405 886
405 590
405 407
405 173
405 642
405 414
405 293
407 208
407 108
407 256
407 476
407 291
408 154
408 399
408 522
408 568
408 723
408 693
408 517
408 550
408 923
409 544
409 10
409 778
409 897
409 122
409 272
409 863
409 700
409 407
409 858
410 451
410 961
410 86
410 214
410 89
410 51
410 301
410 123
410 336
410 843
410 201
410 241
410 128
410 387
410 42
412 726
412 493
412 261
412 462
412 962
412 755
412 21
412 405
412 214
413 885
413 667
413 987
413 830
413 387
414 911
414 532
414 35
414 637
414 369
415 724
415 853
415 287
415 928
415 6
415 595
415 309
416 659
416 770
416 58
416 989
416 572
416 185
416 385
416 808
416 164
417 683
417 84
417 589
417 700
417 146
417 352
417 639
417 281
418 891
418 491
418 357
418 846
418 643
418 401
418 104
418 950
418 550
418 127
418 515
418 306
418 898
418 9
418 589
418 66
419 606
419 353
419 661
419 436
419 183
419 499
419 319
419 838
419 328
420 121
420 361
420 253
420 776
420 87
420 778
420 135
420 17
421 78
421 353
421 735
421 36
421 97
421 323
421 415
421 950
421 782
421 739
421 785
422 43
422 593
422 474
422 640
422 794
422 288
422 113
423 582
423 344
423 326
423 441
423 38
424 695
424 415
424 137
424 560
424 557
424 592
424 250
424 603
424 856
424 889
424 279
425 826
425 279
425 465
425 678
425 863
425 422
425 979
425 436
425 866
425 892
425 417
425 396
425 490
425 530
425 241
425 215
426 567
426 255
426 775
426 212
426 921
426 408
426 969
426 596
427 458
427 308
427 257
427 434
428 6
428 542
428 846
428 116
428 17
428 808
428 553
428 941
429 83
429 593
429 607
429 511
429 126
429 365
430 854
430 463
430 225
430 298
430 484
430 906
430 377
430 947
430 382
430 714
430 457
431 201
431 894
431 932
431 800
431 639
431 279
431 462
431 348
431 852
431 613
431 441
432 202
432 339
432 349
432 374
432 378
432 638
432 709
433 265
433 926
433 384
433 640
433 920
433 677
433 999
433 241
433 872
433 954
433 92
434 205
434 76
434 92
434 889
434 204
434 154
434 791
434 732
434 436
434 702
434 912
434 173
434 867
434 954
435 250
435 914
435 742
435 551
435 141
435 291
435 765
435 306
435 749
435 375
435 870
435 92
435 770
435 978
436 293
436 190
436 935
436 162
436 51
436 766
436 82
437 911
437 841
437 458
437 384
437 509
437 669
437 146
437 655
437 898
438 47
438 310
438 999
438 247
438 394
440 425
440 860
440 304
440 190
440 659
440 670
440 974
441 168
441 138
441 481
441 863
441 190
441 387
441 555
441 822
442 479
442 742
442 484
442 70
442 235
442 209
442 874
442 977
443 780
443 372
443 247
443 588
443 877
445 563
445 569
445 537
445 83
445 992
445 291
445 66
445 233
445 853
447 114
447 704
447 52
447 382
447 913
447 55
447 567
447 690
447 152
447 81
447 246
447 395
448 547
448 571
448 468
448 683
448 588
448 345
448 484
448 909
448 789
450 104
450 738
450 150
450 709
450 14
451 678
452 912
452 666
452 409
452 423
453 192
453 820
453 166
453 898
453 685
453 381
454 809
454 948
454 820
454 853
454 590
454 942
455 261
455 457
455 66
455 772
455 390
455 300
455 726
455 953
455 877
456 413
456 819
456 704
456 675
456 647
456 967
456 783
456 296
456 60
457 638
457 336
457 46
457 502
457 541
457 120
457 362
457 438
457 745
457 972
457 89
458 371
458 947
458 53
458 568
458 91
459 300
459 605
459 906
459 993
459 747
459 22
459 896
460 926
460 794
460 300
460 935
460 477
461 619
461 669
461 250
461 6
461 194
461 524
461 646
461 713
462 654
462 254
462 69
462 450
462 799
463 61
463 367
463 65
463 83
463 121
463 70
463 646
464 789
464 314
464 565
464 413
464 483
464 581
464 983
464 255
465 553
465 752
465 460
465 484
465 876
465 850
465 135
465 461
465 13
465 122
465 499
465 101
465 573
466 611
466 426
466 432
466 971
466 784
466 704
466 607
466 355
466 613
466 956
466 28
468 613
468 753
468 867
468 528
468 542
468 526
468 586
468 375
468 76
468 209
469 973
469 117
469 965
469 723
469 269
469 814
469 279
469 956
470 961
470 807
470 578
470 427
470 687
470 854
470 788
471 352
471 182
471 974
471 482
471 69
472 220
472 512
472 691
472 105
472 841
472 559
472 553
472 720
472 897
472 784
474 682
474 317
474 391
474 873
474 997
474 692
474 615
475 472
475 883
475 927
475 373
475 875
476 669
476 922
477 597
477 784
477 399
477 975
477 145
477 494
477 773
477 423
477 896
477 336
477 950
478 945
478 11
478 8
478 360
478 450
478 292
478 764
479 970
479 173
479 892
479 845
479 901
479 447
479 196
479 987
479 68
480 293
480 593
480 427
480 172
480 353
480 97
480 54
481 124
481 314
481 969
481 247
481 254
481 611
481 288
482 905
482 360
482 903
482 85
482 651
483 85
483 893
483 150
483 545
483 998
483 602
484 982
484 580
484 286
484 408
484 807
484 50
484 844
484 502
484 221
484 415
484 456
484 796
484 318
484 686
484 713
485 566
485 321
485 623
485 741
485 537
485 933
485 37
485 345
485 276
486 17
486 355
486 572
486 522
486 263
486 769
486 694
486 276
486 70
486 73
486 745
486 212
488 973
490 54
490 42
490 877
490 891
490 660
490 613
490 89
491 537
491 591
491 304
491 433
491 82
491 766
492 21
492 330
492 902
492 589
492 558
492 357
492 209
492 776
492 340
493 226
493 695
493 203
493 276
493 282
493 887
493 726
494 168
494 478
494 405
494 606
494 485
494 615
495 161
495 278
495 916
495 488
495 456
495 86
496 304
496 384
496 19
496 383
496 255
496 288
496 346
498 174
498 38
498 112
498 340
498 25
499 930
499 937
499 116
499 59
499 727
499 815
499 372
499 39
499 371
499 857
499 35
501 642
501 544
501 992
501 657
501 953
501 929
501 683
501 786
502 641
502 167
502 337
502 833
502 474
502 674
502 462
502 236
503 82
503 457
503 864
503 683
503 945
503 912
503 324
504 849
504 397
504 723
504 445
504 567
504 479
504 538
504 866
504 14
504 463
504 999
505 119
505 889
505 38
505 955
505 91
505 470
505 296
506 46
506 103
506 324
506 225
506 387
506 811
506 220
506 872
506 424
506 925
507 63
507 571
507 723
507 592
507 226
507 858
509 82
511 773
511 48
511 356
511 205
511 393
511 122
511 760
511 970
512 380
512 419
512 375
512 782
512 484
512 631
512 128
512 179
512 905
512 912
512 600
513 176
513 727
513 485
513 712
513 181
513 30
513 137
514 317
514 42
514 103
514 442
514 91
514 593
514 2
514 142
514 447
514 578
514 264
514 780
515 501
515 565
515 984
515 80
515 264
515 103
515 337
515 231
515 398
516 687
516 522
516 639
516 240
516 654
516 61
516 300
516 917
516 45
516 181
516 374
517 839
517 579
517 667
517 538
517 999
517 521
518 220
518 106
518 150
518 490
518 650
518 826
518 128
518 734
520 217
520 747
520 895
520 403
520 757
520 38
520 314
520 381
520 393
520 582
521 701
521 382
521 246
521 898
521 52
522 924
522 597
522 333
522 37
522 501
522 644
522 502
522 843
522 340
522 719
522 356
522 155
522 234
522 345
522 916
524 892
524 476
524 963
524 624
524 884
524 922
524 433
524 37
525 414
525 715
525 286
525 794
525 122
525 292
525 766
525 492
526 443
526 257
526 409
526 223
526 925
526 666
526 367
527 413
527 713
527 995
527 176
527 758
527 601
527 791
528 915
528 816
528 110
528 830
529 999
529 282
529 463
529 731
529 919
529 28
529 296
529 761
529 281
529 87
530 194
530 334
530 978
530 751
530 398
530 790
530 957
530 692
530 974
530 965
530 269
530 650
531 638
531 274
531 420
531 931
531 809
531 260
531 229
531 280
531 929
531 835
532 571
532 422
532 122
532 68
534 816
534 116
534 558
534 964
534 466
535 563
535 200
535 184
535 481
535 36
535 483
535 837
536 854
536 906
536 149
536 599
536 516
536 286
536 234
536 606
536 858
536 584
537 312
537 737
537 363
537 901
537 941
537 126
537 31
538 971
538 437
538 312
538 658
538 972
538 462
538 937
538 293
538 627
538 204
538 981
538 153
540 463
540 798
540 403
540 479
540 654
540 669
540 900
540 835
540 9
540 997
541 998
541 683
541 206
541 932
542 986
542 629
542 109
542 240
542 338
542 548
542 368
543 793
543 833
543 318
543 791
543 469
543 862
544 805
544 876
544 952
544 896
544 357
545 403
545 581
545 968
545 481
545 766
545 149
545 666
546 352
546 339
546 609
546 46
546 616
546 555
547 777
547 46
547 455
547 193
547 690
547 317
547 566
547 352
548 751
548 274
548 997
548 314
548 159
548 134
548 850
548 747
548 888
548 943
548 661
548 454
548 162
550 864
550 764
550 40
550 933
550 608
551 262
551 316
551 626
551 293
551 319
551 303
551 249
551 4
551 24
551 345
551 163
553 525
553 161
553 319
553 258
553 763
553 638
553 494
553 977
553 499
554 988
554 86
554 499
554 754
554 382
554 436
554 129
554 532
555 629
555 190
555 94
555 99
555 351
555 578
556 732
557 337
557 911
557 764
557 902
557 371
557 319
557 237
557 798
557 926
557 682
557 997
557 396
558 924
558 896
558 52
558 430
558 253
558 484
558 666
558 201
558 99
558 195
558 380
559 915
559 232
559 298
559 712
559 483
560 184
560 282
560 55
560 73
560 374
560 563
560 755
561 555
561 165
561 257
561 220
561 532
562 905
562 199
562 962
562 358
562 687
562 632
562 587
562 974
563 388
563 263
563 373
563 10
564 429
564 309
564 659
564 69
564 458
565 808
565 443
565 558
565 941
565 280
565 147
566 173
566 483
566 224
566 942
566 146
566 172
566 344
566 40
566 346
567 698
567 241
567 460
567 87
567 338
567 905
567 381
567 788
568 573
568 37
568 365
568 961
568 300
568 430
568 693
568 120
568 468
568 306
569 219
569 886
569 996
569 324
569 568
569 649
571 904
571 300
571 578
571 811
571 475
572 331
572 547
572 328
572 850
572 254
572 181
573 128
573 530
573 739
573 428
573 971
573 604
573 365
573 92
573 702
573 640
576 678
576 594
576 805
576 108
576 741
576 224
578 913
578 454
578 865
578 997
578 502
579 902
579 304
579 447
579 3
579 192
579 43
579 882
579 993
579 990
579 178
580 561
580 824
580 288
580 296
580 674
580 524
580 80
581 597
581 937
581 31
581 307
581 131
581 79
581 196
581 243
581 736
582 161
582 230
582 445
582 991
582 25
582 118
583 520
583 308
583 619
583 115
583 936
583 347
583 320
583 652
583 395
583 912
583 278
584 998
584 945
584 176
584 182
584 109
584 217
586 560
586 345
586 212
586 168
586 963
586 875
586 776
586 761
586 816
586 452
587 530
587 104
587 173
587 978
588 287
588 456
588 206
588 224
588 932
588 880
588 609
589 336
589 428
589 553
589 150
590 256
590 1
590 78
590 272
590 798
590 887
590 127
590 140
590 537
590 644
590 849
591 766
591 346
591 371
591 501
591 323
591 701
591 90
592 74
592 254
592 427
592 286
592 329
592 457
592 822
592 652
593 52
593 84
593 559
593 713
593 580
593 369
593 378
593 945
594 175
594 237
594 97
594 37
594 319
594 126
595 380
595 140
595 978
595 555
595 207
595 566
595 698
595 988
595 986
595 822
595 391
596 658
596 616
597 430
597 715
597 707
597 541
597 345
597 924
597 179
597 796
597 694
597 591
597 622
598 199
598 61
598 856
598 99
598 198
598 923
598 331
598 822
599 803
599 689
599 723
599 308
599 737
599 724
599 563
599 108
599 802
599 895
599 224
600 462
600 654
600 766
600 626
600 235
600 417
600 740
600 531
600 185
601 150
601 866
601 436
601 974
601 595
601 764
601 248
602 781
602 79
602 179
602 887
602 441
602 656
602 169
603 413
603 685
603 906
603 154
603 625
603 387
603 236
603 640
603 855
603 923
604 782
604 633
604 501
604 752
604 332
604 207
604 896
604 634
604 214
605 927
605 812
605 167
605 529
605 572
605 33
605 593
605 656
605 828
605 303
606 743
606 558
606 31
606 117
606 541
606 978
606 182
606 637
606 750
606 555
606 752
606 208
606 596
607 898
607 999
607 609
607 35
607 221
607 872
607 321
607 832
607 310
607 165
608 616
608 144
608 513
608 911
608 96
608 643
608 116
608 553
609 11
609 199
609 351
609 425
609 276
610 627
610 893
610 989
610 221
610 426
611 591
611 436
611 382
611 221
612 805
612 269
612 739
612 393
612 25
612 889
612 443
613 276
613 742
613 191
613 855
613 97
613 247
613 326
613 953
615 974
615 229
615 683
615 194
615 979
615 256
615 117
616 223
616 680
616 735
616 889
616 319
616 736
616 395
616 202
618 688
618 503
618 291
618 923
618 102
618 511
618 701
618 875
618 952
619 174
619 125
619 383
619 974
619 300
620 83
620 685
620 897
620 147
620 933
620 678
620 870
621 37
621 980
621 771
621 420
622 588
622 351
622 827
622 555
622 102
622 884
622 517
622 522
622 121
622 809
623 566
623 695
623 253
623 491
623 6
623 837
623 237
623 685
624 678
624 33
624 794
624 563
624 189
624 726
624 192
625 471
625 270
625 721
625 543
625 832
625 68
626 971
626 738
626 360
626 412
626 276
626 913
626 919
627 931
627 73
627 750
627 295
627 272
627 936
629 981
629 99
629 122
629 385
629 541
629 670
631 916
631 548
631 615
631 807
631 598
632 283
632 96
632 131
632 831
632 383
632 618
633 862
633 727
633 666
633 637
633 282
633 249
633 927
633 395
633 694
634 163
634 723
634 254
634 175
634 518
635 84
635 863
635 740
635 477
636 752
636 380
636 303
636 300
636 638
636 524
636 176
636 459
637 546
637 906
637 357
637 256
637 87
637 393
637 361
637 494
637 680
638 434
638 773
638 990
638 929
638 532
638 931
638 340
638 785
639 652
639 382
639 683
639 393
639 983
639 942
639 786
639 769
639 177
639 451
640 895
640 829
640 672
640 645
641 634
641 809
641 504
641 978
641 323
641 388
641 727
641 709
641 62
641 357
641 790
641 10
641 408
642 131
642 291
642 47
642 306
643 422
643 361
643 656
643 465
643 197
643 700
644 472
644 241
644 906
644 803
644 821
644 251
645 732
645 5
645 803
645 615
645 205
645 597
645 209
645 512
646 913
646 995
646 276
646 734
646 971
646 496
646 950
646 643
646 55
647 81
647 592
647 93
647 407
647 288
647 718
647 63
647 413
647 34
647 479
647 493
647 280
647 125
647 60
648 329
648 875
648 882
648 546
648 769
648 309
649 75
649 625
649 522
649 772
649 659
650 967
650 674
650 837
650 518
650 268
650 11
650 668
650 125
650 241
651 711
651 681
651 342
651 472
652 291
652 962
652 265
652 965
652 225
652 286
654 729
654 147
654 438
654 621
654 270
654 97
654 627
655 260
655 219
655 550
655 66
655 775
655 581
655 168
655 517
655 236
655 229
655 856
655 742
656 792
656 992
656 976
656 636
656 829
656 503
656 289
656 265
656 442
657 744
657 896
657 488
657 436
657 555
657 253
657 422
657 683
657 622
658 863
658 453
658 506
658 263
658 84
659 975
659 408
659 202
659 347
659 2
659 36
659 663
660 386
660 261
660 312
660 624
660 405
660 297
660 375
660 89
660 493
660 851
660 795
661 96
661 906
661 972
661 492
661 647
661 838
661 499
661 421
663 862
663 398
663 405
663 889
664 716
664 799
664 451
666 134
666 856
666 852
666 687
666 396
666 560
666 743
666 588
666 220
666 976
666 923
667 526
667 330
668 522
668 289
668 348
668 207
668 870
668 331
669 942
669 19
669 624
669 815
669 789
669 228
669 254
669 396
669 906
669 791
669 138
669 87
669 201
669 530
669 716
670 739
670 361
670 20
670 151
670 601
671 632
671 123
671 790
672 920
672 649
672 24
672 111
672 34
672 6
672 205
672 789
672 375
672 880
674 67
674 114
674 792
674 457
674 900
674 936
674 526
675 928
675 644
675 89
675 706
675 747
675 790
675 376
676 709
676 2
677 796
677 431
677 957
677 646
677 718
677 332
677 442
677 74
678 373
678 252
678 207
678 65
678 319
678 568
680 824
680 118
680 838
680 512
680 69
680 65
680 695
680 872
681 45
681 33
681 70
682 12
682 636
682 876
682 248
682 485
682 856
683 470
683 485
683 237
683 823
683 165
685 61
685 469
685 588
685 50
685 307
685 259
685 348
685 857
685 51
686 50
686 548
686 361
686 667
686 663
687 234
687 100
687 704
687 10
687 521
687 531
687 269
687 276
687 96
687 320
687 937
688 884
688 731
688 334
689 859
689 306
689 683
689 563
689 101
689 196
689 598
689 25
689 862
689 324
690 126
690 965
690 513
690 121
690 356
690 837
690 536
690 457
690 925
690 885
690 330
690 706
691 81
691 137
691 369
691 35
691 278
691 496
691 981
692 416
692 93
692 924
692 458
692 862
692 927
693 268
693 265
693 907
693 789
693 975
693 469
693 151
693 855
693 592
694 650
694 751
694 265
694 266
694 425
694 706
694 24
694 754
694 886
694 970
694 608
695 893
696 392
696 363
696 156
696 823
696 44
696 51
696 734
696 546
696 907
697 80
697 243
697 191
697 262
697 478
697 441
698 773
698 323
698 137
698 281
698 569
698 680
698 571
700 39
700 685
700 166
700 904
700 693
701 205
701 605
701 720
701 607
701 810
701 685
701 559
701 494
701 125
701 560
701 604
701 723
702 954
702 654
702 906
702 441
702 90
702 288
702 812
702 149
702 140
702 5
702 405
702 764
703 165
703 674
703 396
703 263
703 573
703 257
704 825
704 548
704 913
704 504
704 66
704 803
704 241
704 906
706 791
706 215
706 977
706 399
706 47
706 541
706 104
706 145
706 594
706 252
706 671
707 786
707 288
707 122
707 689
707 524
707 901
709 902
709 919
709 546
709 884
709 674
709 828
709 210
709 651
709 592
709 992
709 354
709 6
710 885
710 620
710 922
710 248
710 757
711 280
711 287
711 208
711 741
711 644
711 99
711 110
711 103
711 16
711 274
712 265
712 22
712 609
712 352
712 769
712 637
713 465
713 865
713 386
713 383
713 165
713 729
713 109
713 249
713 134
713 127
713 246
714 957
714 256
714 792
714 494
714 410
715 399
715 821
715 263
715 146
715 208
715 40
715 694
715 554
715 128
715 880
715 615
715 236
715 10
716 149
716 592
716 995
716 964
716 610
716 323
716 89
717 138
717 260
718 587
718 231
718 414
718 891
718 239
718 304
719 538
719 150
719 512
719 784
719 962
719 584
719 862
719 731
719 483
719 191
720 741
720 414
720 713
720 181
720 313
720 564
720 680
720 882
720 998
720 387
720 321
721 927
721 657
721 538
721 829
721 827
721 265
721 506
721 110
722 340
722 129
722 970
722 262
722 54
722 114
722 241
722 313
722 383
722 152
723 425
723 698
723 310
723 905
723 290
723 509
723 324
723 842
723 221
724 189
724 571
724 820
724 798
726 357
726 419
726 66
726 106
726 398
726 558
726 852
726 600
727 754
727 739
727 483
727 807
727 172
727 975
727 113
727 142
727 912
729 644
729 118
729 548
729 935
729 107
729 620
729 635
729 619
729 556
729 855
731 12
731 126
731 321
731 737
731 588
731 432
731 641
731 332
731 860
731 659
731 793
732 266
732 608
732 828
732 113
732 235
732 562
732 83
732 816
733 62
733 882
733 201
733 128
733 345
733 54
734 656
734 641
734 675
734 169
734 247
734 146
734 793
734 715
734 802
734 367
734 481
734 142
734 16
734 729
734 236
735 663
735 342
735 115
735 826
735 96
735 593
735 738
735 858
735 667
735 197
735 434
735 810
736 947
736 97
736 472
736 131
736 893
736 541
737 205
737 704
737 862
737 198
737 291
737 712
737 994
737 767
737 195
737 351
738 451
738 266
738 636
738 592
738 532
738 362
738 375
738 233
739 339
739 378
739 814
739 889
739 792
739 595
740 509
740 613
740 159
740 289
740 392
740 6
740 682
740 424
741 34
741 53
741 819
741 345
741 334
741 135
741 612
741 882
741 830
741 394
741 149
742 483
742 142
742 175
742 209
742 576
742 454
743 238
743 358
743 440
744 117
744 786
744 212
744 849
744 882
744 952
744 462
745 163
745 880
745 529
745 200
745 818
745 223
745 469
745 30
745 420
747 362
747 941
747 613
747 915
747 905
747 135
748 88
748 873
748 889
748 984
748 814
748 399
749 112
749 93
749 610
749 261
749 990
749 115
749 46
750 652
750 187
750 384
750 348
750 109
750 262
750 272
750 125
750 854
750 212
751 373
751 161
751 926
751 202
752 53
752 197
752 905
752 782
752 85
753 760
753 185
753 846
753 108
753 926
753 876
753 764
753 70
754 969
754 35
754 877
754 680
754 239
754 169
754 177
754 426
755 792
755 113
755 381
755 465
755 820
755 716
755 399
755 94
755 848
755 496
757 113
757 720
757 541
757 753
757 657
757 236
757 405
758 76
758 849
758 937
758 692
758 713
758 31
758 491
758 134
758 457
758 19
760 121
760 765
760 534
760 412
760 310
760 91
760 776
761 974
761 1
761 187
761 892
761 432
761 429
761 619
761 332
761 829
761 382
762 140
762 457
762 104
763 42
763 412
763 31
763 115
763 517
763 765
763 454
764 661
764 65
765 502
765 516
765 915
765 121
765 405
765 174
765 300
765 824
765 377
766 391
766 257
766 412
766 991
766 178
766 201
766 925
766 55
766 298
766 237
766 910
766 727
766 633
767 391
767 83
767 827
767 646
767 269
767 323
768 816
768 265
768 206
768 358
768 905
768 141
768 527
769 367
769 698
769 990
769 675
769 321
770 711
770 629
770 81
770 657
770 418
770 211
770 650
770 643
770 941
770 982
770 817
770 825
771 432
771 645
771 125
771 465
771 274
771 695
771 116
771 659
772 777
772 931
772 562
772 36
772 982
772 758
772 445
773 9
773 331
773 515
773 198
773 36
774 230
774 309
774 46
774 742
774 314
774 895
774 908
775 729
775 166
775 66
775 370
775 965
775 771
775 408
776 623
776 767
776 921
776 468
777 203
777 230
777 640
777 616
777 2
777 191
777 47
777 741
777 718
778 596
778 62
778 19
778 413
778 110
778 987
778 688
778 569
779 418
779 246
779 123
779 569
779 236
779 44
779 538
779 714
779 848
779 292
779 238
780 67
780 848
780 286
780 209
781 732
781 945
781 953
781 116
781 21
781 883
781 590
781 391
781 257
781 755
782 996
782 298
782 964
782 123
782 58
782 190
782 305
782 60
783 709
783 996
783 856
783 348
784 86
784 501
784 929
784 785
784 208
784 432
784 69
784 218
784 567
785 194
785 458
785 4
785 361
785 642
785 479
785 276
785 598
786 834
786 475
786 205
786 469
786 239
786 401
786 20
788 58
788 210
788 22
788 305
788 330
788 306
788 921
788 819
788 639
789 806
789 796
789 605
789 922
789 583
789 600
789 81
789 235
789 740
789 786
789 637
789 221
790 838
790 36
790 295
790 899
790 856
790 146
791 886
791 88
791 567
791 278
791 226
791 976
791 765
791 312
791 427
791 86
791 469
791 711
791 987
792 95
792 486
792 54
792 51
792 419
793 136
793 141
793 418
793 1
793 216
793 182
794 476
794 79
794 6
794 584
795 4
795 198
795 980
795 634
795 581
795 419
795 197
795 13
796 901
796 781
796 594
796 852
796 948
796 317
796 979
796 363
798 231
798 923
798 647
798 654
798 942
798 683
798 165
798 382
798 378
798 772
798 555
798 417
799 316
799 2
799 808
799 340
799 22
799 199
799 79
799 126
799 324
799 785
800 140
800 164
800 505
802 21
802 857
802 892
802 974
802 545
802 246
802 507
803 114
803 323
803 993
803 215
803 490
803 769
803 293
805 714
805 407
805 361
805 373
805 225
805 820
806 631
806 313
806 151
806 209
806 905
806 327
806 516
806 353
807 732
807 337
807 822
807 760
807 44
807 811
807 884
807 451
807 915
807 84
808 691
808 507
808 605
808 210
808 853
808 338
808 580
808 313
808 544
808 305
808 360
809 733
809 706
809 778
809 938
809 888
809 329
809 149
809 118
809 136
809 289
810 382
810 52
810 695
810 973
810 45
810 78
810 540
810 165
810 989
811 655
811 921
811 40
811 247
811 198
811 799
812 639
812 423
812 846
812 194
814 21
814 11
814 640
814 605
814 450
814 0
815 902
815 677
815 463
815 111
815 70
815 726
816 828
816 427
816 785
816 627
816 550
817 531
817 887
817 501
817 236
817 965
817 195
818 739
818 360
818 5
818 185
818 947
819 731
819 642
819 85
819 651
819 548
819 988
819 355
819 165
819 544
819 216
819 458
820 228
820 957
820 328
820 903
820 320
820 706
820 280
820 227
820 332
820 281
820 901
821 988
821 243
821 422
821 481
821 729
822 24
822 598
822 457
822 682
822 604
822 715
822 361
822 209
822 785
822 816
823 671
823 737
823 162
823 105
823 643
823 445
823 221
823 200
823 910
824 371
824 659
824 362
824 724
825 96
825 227
825 583
825 771
825 837
825 309
826 293
826 190
826 229
826 506
826 44
826 520
826 461
827 483
827 168
827 712
827 865
827 228
827 242
827 618
827 841
828 847
828 421
828 554
828 368
828 733
828 798
828 514
828 274
828 952
828 322
828 703
829 484
829 431
829 491
829 747
829 972
829 306
829 103
829 357
830 762
830 314
830 317
831 977
831 75
831 191
831 317
831 393
831 252
831 841
832 187
832 573
832 923
832 103
832 970
832 238
832 464
832 303
832 307
832 329
833 126
833 639
833 429
833 21
833 316
833 189
833 268
833 59
833 236
833 924
834 935
834 969
834 710
834 390
834 704
834 269
834 996
834 517
835 334
835 297
835 735
835 817
837 207
837 433
837 15
837 664
837 329
837 838
838 272
838 517
838 108
838 291
838 415
838 292
838 853
838 719
838 975
839 538
839 695
839 286
839 726
839 435
839 986
839 243
839 76
841 685
841 521
841 278
841 637
841 231
842 919
842 501
842 820
843 308
843 920
843 328
843 724
843 339
844 734
844 986
844 993
844 590
844 485
844 512
844 659
844 161
844 709
844 551
844 899
844 228
844 191
845 909
845 469
846 420
846 814
846 850
846 975
846 85
846 610
846 638
846 982
846 274
846 403
846 15
846 568
847 799
847 87
847 68
847 358
847 266
847 95
847 616
847 478
848 283
848 509
848 789
848 417
848 773
848 766
849 976
849 716
849 313
849 344
849 495
849 824
849 707
849 729
849 680
850 583
850 355
850 546
850 257
850 176
850 643
851 867
851 544
851 995
851 561
851 726
851 224
851 866
851 982
851 241
851 96
851 474
852 368
852 403
852 676
852 257
852 851
852 778
852 40
853 103
853 217
853 892
853 39
854 857
854 48
854 129
854 501
854 936
854 677
854 525
854 386
854 553
854 908
855 805
855 22
855 369
855 283
855 802
855 455
855 938
855 221
855 842
855 435
855 438
856 578
856 407
856 504
856 394
856 380
856 670
856 456
856 953
856 528
856 872
856 76
856 374
856 430
857 851
857 59
857 560
857 842
857 897
857 706
857 262
857 771
857 835
857 37
858 618
858 811
858 481
858 865
858 377
858 135
858 634
858 63
858 958
858 121
858 96
858 129
858 828
858 44
859 625
859 827
859 644
859 495
859 196
859 591
859 670
859 423
859 719
859 110
859 486
860 454
860 215
860 243
860 307
860 393
860 850
860 167
860 955
860 430
862 750
862 648
862 583
863 269
863 686
863 821
863 123
863 184
863 734
863 113
863 189
864 780
864 146
864 835
864 853
865 462
865 201
865 738
865 326
865 851
865 683
865 924
865 136
866 625
866 853
866 963
866 11
866 794
866 761
866 69
866 512
866 65
867 346
867 198
867 312
870 701
870 599
870 968
870 494
870 841
870 827
870 76
870 31
870 425
870 192
872 538
872 776
872 648
872 461
872 419
872 422
872 946
872 154
872 451
872 822
872 291
873 636
873 763
873 377
873 921
873 596
873 624
874 166
874 920
874 256
874 360
874 181
874 296
874 491
875 588
875 845
875 342
875 941
875 451
875 631
876 564
876 807
876 619
876 858
876 472
876 674
876 349
877 239
877 182
877 382
877 975
877 391
880 114
880 66
880 668
880 978
880 711
880 59
882 947
882 636
882 588
882 602
882 748
882 682
882 281
882 835
883 19
883 409
883 996
883 537
883 192
884 66
884 625
884 17
884 996
884 649
884 152
884 975
884 893
885 550
885 984
885 420
885 278
886 305
886 808
886 999
886 589
886 498
886 388
886 566
886 525
886 316
887 667
887 540
887 841
887 159
887 409
887 979
887 298
888 748
888 710
888 657
888 131
888 92
889 778
889 94
889 30
889 515
890 627
890 324
890 462
890 762
890 327
890 252
890 596
890 205
890 889
890 163
890 179
891 357
891 192
891 561
891 563
891 594
891 988
891 622
891 307
891 279
891 106
892 961
892 587
892 968
892 250
892 391
892 616
893 950
893 569
893 381
893 964
893 315
893 509
893 732
894 37
894 436
894 509
894 953
894 636
894 796
895 420
895 84
895 501
895 971
895 210
895 66
895 31
895 548
896 799
896 336
896 355
896 494
896 466
897 803
897 354
897 232
897 687
897 640
897 165
897 208
897 598
897 336
897 954
898 459
898 844
898 655
898 714
898 891
898 513
898 618
898 948
899 209
899 468
899 272
899 326
899 10
899 724
899 129
900 718
900 757
900 788
900 935
900 978
900 838
900 835
900 771
901 666
901 226
901 280
901 919
901 922
901 538
901 106
902 252
902 579
902 176
902 426
902 211
902 386
902 734
902 932
902 531
902 52
902 517
903 165
903 269
903 468
903 661
903 349
903 138
903 113
903 900
904 292
904 204
905 897
905 119
905 44
905 241
905 352
905 81
906 471
906 729
906 982
906 1
906 683
906 558
906 209
907 943
907 584
907 213
907 757
907 453
907 841
907 391
907 356
907 455
907 784
907 722
908 464
908 876
908 238
908 645
908 557
909 808
909 849
909 779
909 384
909 499
909 555
909 102
909 736
909 771
909 418
909 719
910 550
910 217
910 388
910 875
911 5
911 336
911 737
911 237
911 283
911 230
911 479
911 54
912 451
912 783
912 919
912 972
912 125
912 527
913 809
913 461
913 355
913 887
913 998
913 346
913 803
914 693
914 994
914 853
914 171
914 194
914 783
914 378
915 930
915 815
915 119
915 776
915 649
915 367
915 14
915 737
915 190
916 281
916 615
916 995
916 785
916 124
916 546
916 308
916 456
916 583
916 176
916 845
917 313
917 947
917 501
917 119
917 470
919 396
919 466
919 721
919 717
919 615
919 461
919 35
919 527
919 441
919 877
919 541
919 426
919 625
919 538
919 120
919 106
920 955
920 124
920 945
920 92
920 798
920 150
920 88
920 791
921 967
921 117
921 786
921 580
921 572
921 589
921 850
922 174
922 384
922 417
922 220
922 842
922 563
922 908
923 890
923 388
923 452
923 145
923 313
924 472
924 295
924 438
924 721
924 731
924 976
924 344
924 314
924 917
924 682
924 940
924 328
925 936
925 365
925 246
925 202
925 496
925 659
925 701
925 493
926 418
926 812
926 13
926 205
926 823
926 90
926 548
926 437
926 104
927 43
927 974
927 223
927 491
927 423
927 541
927 655
927 866
928 460
928 296
928 640
928 889
928 532
928 112
928 559
928 753
928 322
928 528
928 352
929 948
929 181
929 40
929 254
930 833
930 954
930 360
930 102
930 326
930 565
930 191
930 818
930 741
930 751
930 441
930 582
930 420
931 652
931 173
931 107
931 62
931 367
931 541
931 290
931 768
931 257
932 605
932 807
932 211
932 764
932 2
932 457
932 712
932 517
932 731
932 370
932 250
932 464
933 276
933 733
933 987
933 469
933 807
933 362
933 825
933 0
933 976
935 984
935 742
935 362
935 580
935 412
935 101
935 184
935 483
935 874
935 250
935 433
936 206
936 838
936 121
936 258
936 576
936 883
936 106
936 926
936 327
937 477
937 95
937 409
937 340
937 333
937 601
937 772
937 445
937 266
937 301
937 646
938 70
938 201
938 420
938 215
938 805
940 948
940 604
940 738
940 21
941 390
941 576
941 644
941 753
941 741
941 453
941 800
941 847
941 792
941 547
941 938
941 829
941 936
941 128
942 70
942 599
942 480
942 461
942 143
942 468
942 470
942 812
942 972
942 165
942 686
943 802
943 136
943 690
943 997
943 468
943 81
945 286
945 165
945 419
945 185
945 712
945 883
945 837
946 490
946 937
946 674
946 58
946 495
946 219
947 3
947 14
947 897
947 528
947 433
947 179
947 644
948 422
948 768
948 867
948 719
948 367
948 587
948 200
948 824
948 53
950 232
950 522
950 200
950 88
950 572
950 209
950 293
950 690
950 67
952 463
952 645
952 717
952 558
952 588
952 706
952 409
952 417
953 767
953 512
953 337
953 44
953 696
953 106
953 859
954 279
954 687
954 442
954 416
955 254
955 950
955 963
955 763
955 559
955 931
955 492
955 912
955 109
955 687
956 401
956 304
956 215
956 414
956 905
956 808
957 769
957 153
957 834
957 283
957 910
957 723
957 328
957 579
957 873
957 296
958 565
958 150
958 416
958 702
958 494
961 219
961 312
961 427
961 288
961 534
961 465
962 973
962 119
962 123
962 674
962 518
962 365
963 5
963 464
963 994
963 748
963 463
963 24
964 984
964 461
964 844
964 683
964 763
964 208
964 216
965 855
965 809
965 854
965 383
965 215
965 162
965 945
965 649
965 841
967 889
967 682
967 193
967 166
967 962
967 647
967 642
968 888
968 22
968 793
968 783
968 347
968 159
968 838
968 13
968 301
969 131
969 410
969 738
969 593
969 206
969 990
969 219
970 604
970 172
970 477
970 596
970 401
970 724
970 571
970 378
970 313
970 308
971 697
971 408
971 84
971 808
971 716
971 50
971 834
971 253
972 477
972 810
972 461
972 492
972 109
972 766
972 995
972 513
972 664
972 165
972 536
972 33
972 454
972 362
973 437
973 758
973 572
973 636
973 916
973 814
973 144
973 336
973 73
973 309
973 461
973 251
974 870
974 436
974 580
974 36
974 20
974 997
974 592
974 529
974 453
975 239
975 290
975 526
975 25
975 554
975 352
975 766
975 424
975 837
975 793
975 89
976 363
976 191
976 91
976 839
976 469
976 355
976 690
976 373
977 314
977 731
977 832
977 599
977 841
977 337
977 469
978 506
978 862
978 663
978 518
978 674
979 581
979 321
979 904
979 887
980 883
980 916
980 197
980 894
980 142
980 42
980 880
980 39
981 348
981 355
981 914
981 172
981 97
981 571
982 30
982 164
982 845
982 228
982 1
982 920
982 191
982 698
982 408
983 683
983 914
983 399
983 391
984 376
984 113
984 713
984 308
984 697
984 675
986 268
986 306
986 193
986 401
986 34
987 631
987 634
987 291
987 967
987 336
987 526
987 723
988 930
988 846
988 353
988 286
988 80
988 847
988 981
988 946
988 212
988 667
988 992
989 410
989 486
989 278
989 348
989 225
990 873
990 238
990 21
990 645
990 204
990 806
990 774
990 289
991 60
991 471
991 454
991 401
991 729
991 298
991 917
991 829
991 515
991 506
991 457
991 424
991 591
992 217
992 414
992 270
992 794
992 280
992 629
992 445
993 189
993 394
993 432
993 33
993 55
993 977
993 6
993 571
993 414
993 565
994 35
994 191
994 270
994 387
994 138
994 535
994 889
994 727
994 454
994 415
995 770
995 507
995 602
995 580
995 792
995 926
995 776
995 912
995 831
995 478
995 639
996 370
996 551
996 288
996 847
996 310
996 414
996 887
997 118
997 266
997 199
997 941
997 255
997 763
997 202
997 410
997 239
998 719
998 527
998 347
998 738
999 838
999 58
999 463
999 141
999 651
999 622
999 507
999 917
