0 46 1.0
0 287 1.0
0 315 1.0
0 345 1.0
0 741 1.0
0 781 1.0
0 865 1.0
1 32 1.0
1 158 1.0
1 229 1.0
1 299 1.0
1 301 1.0
1 497 1.0
1 535 1.0
1 650 1.0
1 800 1.0
2 82 1.0
2 148 1.0
2 438 1.0
2 496 1.0
2 561 1.0
2 634 1.0
2 784 1.0
2 890 1.0
3 89 1.0
3 250 1.0
3 275 1.0
3 614 1.0
3 693 1.0
3 699 1.0
3 755 1.0
4 19 1.0
4 23 1.0
4 38 1.0
4 208 1.0
4 375 1.0
4 528 1.0
4 555 1.0
4 643 1.0
4 675 1.0
4 719 1.0
4 780 1.0
4 815 1.0
4 823 1.0
4 866 1.0
4 946 1.0
5 43 1.0
5 70 1.0
5 143 1.0
5 494 1.0
5 570 1.0
5 619 1.0
5 630 1.0
5 760 1.0
6 35 1.0
6 687 1.0
6 754 1.0
7 292 1.0
7 404 1.0
7 424 1.0
7 592 1.0
7 913 1.0
8 102 1.0
8 119 1.0
8 163 1.0
8 279 1.0
8 501 1.0
8 526 1.0
8 632 1.0
8 669 1.0
8 716 1.0
8 728 1.0
9 254 1.0
9 520 1.0
9 619 1.0
9 688 1.0
9 708 1.0
9 796 1.0
9 821 1.0
9 932 1.0
10 635 1.0
10 732 1.0
10 832 1.0
10 835 1.0
10 848 1.0
11 117 1.0
11 454 1.0
11 669 1.0
11 971 1.0
12 328 1.0
12 474 1.0
12 491 1.0
12 701 1.0
12 715 1.0
12 812 1.0
12 868 1.0
13 689 1.0
14 84 1.0
14 134 1.0
14 428 1.0
14 594 1.0
14 648 1.0
14 666 1.0
14 724 1.0
14 771 1.0
14 812 1.0
15 137 1.0
15 315 1.0
15 413 1.0
15 418 1.0
15 425 1.0
15 533 1.0
15 536 1.0
15 683 1.0
15 716 1.0
15 781 1.0
16 46 1.0
16 367 1.0
16 390 1.0
16 486 1.0
16 660 1.0
16 700 1.0
16 798 1.0
17 98 1.0
17 124 1.0
17 343 1.0
17 439 1.0
17 449 1.0
17 462 1.0
17 639 1.0
18 461 1.0
18 463 1.0
18 473 1.0
18 639 1.0
18 874 1.0
18 946 1.0
19 28 1.0
19 189 1.0
19 332 1.0
19 524 1.0
19 576 1.0
19 604 1.0
19 808 1.0
19 850 1.0
20 124 1.0
20 318 1.0
20 348 1.0
20 399 1.0
20 462 1.0
21 119 1.0
21 190 1.0
21 260 1.0
21 325 1.0
21 660 1.0
21 957 1.0
22 111 1.0
22 116 1.0
22 135 1.0
22 208 1.0
22 275 1.0
22 366 1.0
22 817 1.0
23 12 1.0
23 272 1.0
23 279 1.0
23 304 1.0
23 682 1.0
23 732 1.0
23 781 1.0
23 897 1.0
23 978 1.0
24 49 1.0
24 230 1.0
24 253 1.0
24 676 1.0
25 93 1.0
25 105 1.0
25 207 1.0
25 482 1.0
25 543 1.0
25 566 1.0
25 849 1.0
26 198 1.0
26 334 1.0
26 539 1.0
26 558 1.0
26 631 1.0
26 653 1.0
26 818 1.0
26 849 1.0
26 877 1.0
27 82 1.0
27 519 1.0
27 757 1.0
27 859 1.0
28 269 1.0
28 403 1.0
28 878 1.0
28 989 1.0
29 142 1.0
29 147 1.0
29 243 1.0
29 425 1.0
29 447 1.0
29 448 1.0
29 745 1.0
29 760 1.0
29 902 1.0
30 24 1.0
30 144 1.0
30 749 1.0
30 751 1.0
30 842 1.0
30 876 1.0
31 197 1.0
31 547 1.0
31 674 1.0
32 396 1.0
32 486 1.0
32 819 1.0
32 869 1.0
33 13 1.0
33 558 1.0
33 754 1.0
33 899 1.0
34 81 1.0
34 180 1.0
34 268 1.0
34 310 1.0
34 395 1.0
34 396 1.0
34 501 1.0
34 622 1.0
34 650 1.0
34 683 1.0
34 765 1.0
34 802 1.0
34 823 1.0
35 80 1.0
35 212 1.0
35 475 1.0
35 488 1.0
35 936 1.0
36 127 1.0
36 197 1.0
36 314 1.0
36 377 1.0
36 499 1.0
36 876 1.0
37 263 1.0
37 295 1.0
37 516 1.0
37 605 1.0
37 661 1.0
38 271 1.0
38 601 1.0
38 607 1.0
38 899 1.0
39 107 1.0
39 266 1.0
39 449 1.0
39 534 1.0
39 548 1.0
39 633 1.0
39 698 1.0
39 987 1.0
40 39 1.0
40 47 1.0
40 68 1.0
40 372 1.0
40 398 1.0
40 575 1.0
40 604 1.0
40 616 1.0
40 720 1.0
40 829 1.0
41 23 1.0
41 72 1.0
41 165 1.0
41 321 1.0
41 622 1.0
41 648 1.0
41 862 1.0
41 904 1.0
42 54 1.0
42 75 1.0
42 295 1.0
42 302 1.0
42 410 1.0
42 686 1.0
43 54 1.0
43 211 1.0
43 248 1.0
43 251 1.0
43 361 1.0
43 383 1.0
43 458 1.0
43 477 1.0
43 655 1.0
43 931 1.0
44 18 1.0
44 66 1.0
44 69 1.0
44 123 1.0
44 161 1.0
44 750 1.0
44 892 1.0
45 141 1.0
45 738 1.0
45 744 1.0
45 773 1.0
45 872 1.0
46 6 1.0
46 54 1.0
46 146 1.0
46 766 1.0
47 45 1.0
47 251 1.0
47 416 1.0
47 510 1.0
47 518 1.0
47 558 1.0
47 792 1.0
47 832 1.0
47 887 1.0
48 79 1.0
48 127 1.0
48 176 1.0
48 212 1.0
48 292 1.0
48 307 1.0
48 394 1.0
48 761 1.0
49 45 1.0
49 268 1.0
49 598 1.0
49 606 1.0
49 624 1.0
49 812 1.0
50 100 1.0
50 175 1.0
50 281 1.0
50 442 1.0
50 614 1.0
50 636 1.0
50 798 1.0
51 21 1.0
51 336 1.0
51 480 1.0
51 535 1.0
51 865 1.0
52 261 1.0
52 283 1.0
52 299 1.0
52 404 1.0
52 438 1.0
52 611 1.0
52 801 1.0
52 854 1.0
52 883 1.0
53 107 1.0
53 146 1.0
53 200 1.0
53 365 1.0
53 405 1.0
53 441 1.0
53 499 1.0
53 945 1.0
53 952 1.0
54 71 1.0
54 116 1.0
54 716 1.0
55 58 1.0
55 151 1.0
55 155 1.0
55 161 1.0
55 351 1.0
55 467 1.0
55 731 1.0
55 807 1.0
55 906 1.0
56 202 1.0
56 508 1.0
56 512 1.0
56 806 1.0
57 68 1.0
57 73 1.0
57 125 1.0
57 186 1.0
57 304 1.0
57 333 1.0
57 593 1.0
57 599 1.0
57 628 1.0
57 817 1.0
57 878 1.0
57 894 1.0
58 222 1.0
58 269 1.0
58 438 1.0
58 475 1.0
58 633 1.0
58 837 1.0
59 66 1.0
59 91 1.0
59 319 1.0
59 621 1.0
59 838 1.0
60 47 1.0
60 182 1.0
60 244 1.0
60 269 1.0
60 518 1.0
60 592 1.0
60 681 1.0
60 790 1.0
61 40 1.0
61 55 1.0
61 593 1.0
61 617 1.0
61 821 1.0
61 842 1.0
62 171 1.0
62 214 1.0
62 243 1.0
62 742 1.0
62 797 1.0
62 824 1.0
62 826 1.0
62 980 1.0
63 553 1.0
63 782 1.0
63 984 1.0
64 325 1.0
64 466 1.0
64 471 1.0
64 898 1.0
65 117 1.0
65 227 1.0
65 308 1.0
65 447 1.0
65 722 1.0
65 739 1.0
65 827 1.0
65 873 1.0
66 157 1.0
66 160 1.0
66 856 1.0
67 31 1.0
67 149 1.0
67 150 1.0
67 568 1.0
67 578 1.0
67 624 1.0
67 854 1.0
68 383 1.0
68 652 1.0
68 697 1.0
68 756 1.0
69 2 1.0
69 83 1.0
69 177 1.0
69 326 1.0
69 598 1.0
69 803 1.0
69 854 1.0
70 219 1.0
70 360 1.0
70 512 1.0
70 855 1.0
70 856 1.0
71 256 1.0
71 313 1.0
71 379 1.0
71 381 1.0
71 395 1.0
71 600 1.0
71 694 1.0
71 833 1.0
71 910 1.0
72 1 1.0
72 96 1.0
72 137 1.0
72 174 1.0
72 199 1.0
72 336 1.0
72 357 1.0
72 434 1.0
72 565 1.0
72 863 1.0
72 916 1.0
73 109 1.0
73 368 1.0
73 533 1.0
73 849 1.0
74 352 1.0
74 449 1.0
74 454 1.0
74 501 1.0
74 896 1.0
74 976 1.0
75 50 1.0
75 63 1.0
75 100 1.0
75 149 1.0
75 577 1.0
75 889 1.0
75 921 1.0
76 309 1.0
76 456 1.0
76 526 1.0
76 629 1.0
76 641 1.0
77 129 1.0
77 374 1.0
77 394 1.0
77 561 1.0
77 586 1.0
77 733 1.0
77 745 1.0
77 778 1.0
77 833 1.0
78 112 1.0
78 119 1.0
78 413 1.0
78 465 1.0
78 533 1.0
78 611 1.0
78 691 1.0
78 695 1.0
78 703 1.0
79 269 1.0
79 277 1.0
79 288 1.0
79 558 1.0
79 631 1.0
79 744 1.0
79 850 1.0
80 288 1.0
80 396 1.0
80 419 1.0
80 770 1.0
80 822 1.0
80 944 1.0
81 165 1.0
81 414 1.0
81 427 1.0
81 660 1.0
81 944 1.0
82 34 1.0
82 569 1.0
82 678 1.0
83 42 1.0
83 62 1.0
83 540 1.0
83 864 1.0
83 962 1.0
84 122 1.0
84 135 1.0
84 201 1.0
84 232 1.0
84 312 1.0
84 576 1.0
84 620 1.0
84 757 1.0
84 758 1.0
84 789 1.0
84 830 1.0
85 26 1.0
85 38 1.0
85 68 1.0
85 281 1.0
85 337 1.0
85 338 1.0
85 619 1.0
85 782 1.0
85 806 1.0
85 835 1.0
85 856 1.0
85 944 1.0
86 80 1.0
86 82 1.0
86 159 1.0
86 367 1.0
86 523 1.0
86 550 1.0
86 660 1.0
86 760 1.0
86 772 1.0
86 778 1.0
87 291 1.0
87 360 1.0
87 513 1.0
87 555 1.0
87 612 1.0
87 645 1.0
87 710 1.0
88 376 1.0
88 394 1.0
88 485 1.0
88 618 1.0
88 650 1.0
89 317 1.0
89 457 1.0
89 474 1.0
89 690 1.0
89 842 1.0
90 32 1.0
90 110 1.0
90 348 1.0
90 478 1.0
90 615 1.0
90 690 1.0
91 153 1.0
91 232 1.0
91 761 1.0
91 883 1.0
91 949 1.0
92 90 1.0
92 251 1.0
92 562 1.0
92 757 1.0
92 853 1.0
92 903 1.0
93 43 1.0
93 277 1.0
93 319 1.0
93 719 1.0
93 887 1.0
93 941 1.0
94 77 1.0
94 194 1.0
94 296 1.0
94 322 1.0
94 639 1.0
94 753 1.0
95 139 1.0
95 577 1.0
95 620 1.0
95 703 1.0
95 796 1.0
96 209 1.0
96 516 1.0
96 711 1.0
96 734 1.0
96 785 1.0
97 0 1.0
97 369 1.0
97 470 1.0
97 569 1.0
97 868 1.0
98 259 1.0
98 670 1.0
98 698 1.0
98 769 1.0
98 977 1.0
99 362 1.0
99 578 1.0
99 591 1.0
99 655 1.0
99 859 1.0
100 25 1.0
100 75 1.0
101 107 1.0
101 388 1.0
101 525 1.0
101 936 1.0
102 14 1.0
102 55 1.0
102 70 1.0
102 196 1.0
102 418 1.0
102 736 1.0
102 760 1.0
102 767 1.0
103 89 1.0
103 441 1.0
103 447 1.0
103 557 1.0
103 586 1.0
103 981 1.0
104 399 1.0
104 558 1.0
104 602 1.0
104 957 1.0
105 72 1.0
105 203 1.0
105 240 1.0
105 406 1.0
105 420 1.0
105 638 1.0
105 640 1.0
105 716 1.0
105 720 1.0
105 780 1.0
105 972 1.0
105 983 1.0
106 61 1.0
106 211 1.0
106 291 1.0
107 43 1.0
107 133 1.0
107 288 1.0
107 451 1.0
107 501 1.0
107 733 1.0
108 11 1.0
108 44 1.0
108 160 1.0
108 293 1.0
108 315 1.0
108 404 1.0
108 423 1.0
108 468 1.0
108 502 1.0
108 694 1.0
108 789 1.0
109 195 1.0
109 337 1.0
109 529 1.0
109 864 1.0
110 81 1.0
110 120 1.0
110 565 1.0
110 822 1.0
110 877 1.0
110 930 1.0
111 58 1.0
111 132 1.0
111 149 1.0
111 246 1.0
111 264 1.0
111 426 1.0
111 763 1.0
111 812 1.0
111 846 1.0
111 940 1.0
112 275 1.0
112 480 1.0
112 568 1.0
112 788 1.0
112 898 1.0
113 129 1.0
113 141 1.0
113 147 1.0
113 195 1.0
113 586 1.0
113 786 1.0
113 898 1.0
114 235 1.0
114 252 1.0
114 511 1.0
114 744 1.0
115 16 1.0
115 266 1.0
115 320 1.0
115 344 1.0
115 355 1.0
115 438 1.0
115 535 1.0
115 731 1.0
115 800 1.0
116 282 1.0
116 678 1.0
116 774 1.0
117 300 1.0
117 310 1.0
117 526 1.0
117 581 1.0
117 661 1.0
117 742 1.0
117 953 1.0
118 16 1.0
118 433 1.0
118 520 1.0
118 770 1.0
118 863 1.0
119 44 1.0
119 79 1.0
119 563 1.0
119 591 1.0
119 728 1.0
119 736 1.0
119 745 1.0
119 757 1.0
119 832 1.0
120 129 1.0
120 157 1.0
120 188 1.0
120 214 1.0
120 481 1.0
120 856 1.0
120 917 1.0
121 12 1.0
121 134 1.0
121 180 1.0
121 644 1.0
122 0 1.0
122 324 1.0
122 518 1.0
122 612 1.0
122 614 1.0
122 745 1.0
123 194 1.0
123 223 1.0
123 283 1.0
123 537 1.0
123 663 1.0
123 782 1.0
123 832 1.0
124 33 1.0
124 142 1.0
124 640 1.0
124 882 1.0
125 58 1.0
125 409 1.0
125 493 1.0
125 684 1.0
125 761 1.0
125 784 1.0
126 124 1.0
126 128 1.0
126 143 1.0
126 394 1.0
126 633 1.0
126 733 1.0
126 912 1.0
126 947 1.0
127 816 1.0
127 881 1.0
128 724 1.0
128 804 1.0
129 29 1.0
129 74 1.0
129 93 1.0
129 583 1.0
129 683 1.0
129 850 1.0
129 895 1.0
130 23 1.0
130 364 1.0
130 373 1.0
130 493 1.0
130 573 1.0
130 782 1.0
130 895 1.0
131 403 1.0
131 414 1.0
131 520 1.0
131 610 1.0
131 740 1.0
131 743 1.0
131 944 1.0
131 970 1.0
132 145 1.0
132 211 1.0
132 270 1.0
132 326 1.0
132 347 1.0
132 423 1.0
132 686 1.0
132 775 1.0
132 957 1.0
133 250 1.0
133 301 1.0
133 358 1.0
134 73 1.0
134 348 1.0
134 537 1.0
134 538 1.0
134 817 1.0
135 67 1.0
135 115 1.0
135 154 1.0
135 209 1.0
135 515 1.0
135 564 1.0
135 818 1.0
135 859 1.0
136 10 1.0
136 173 1.0
136 230 1.0
136 683 1.0
136 797 1.0
136 962 1.0
136 973 1.0
137 51 1.0
137 173 1.0
137 342 1.0
137 494 1.0
137 645 1.0
138 428 1.0
138 606 1.0
138 771 1.0
138 817 1.0
138 880 1.0
138 909 1.0
139 76 1.0
139 434 1.0
139 514 1.0
139 872 1.0
139 921 1.0
140 44 1.0
140 177 1.0
140 320 1.0
140 586 1.0
140 812 1.0
140 972 1.0
141 188 1.0
141 194 1.0
141 265 1.0
141 293 1.0
141 340 1.0
141 344 1.0
141 433 1.0
141 498 1.0
141 631 1.0
141 769 1.0
141 814 1.0
141 895 1.0
142 217 1.0
142 268 1.0
142 541 1.0
142 616 1.0
142 712 1.0
142 765 1.0
143 11 1.0
143 238 1.0
143 435 1.0
143 537 1.0
143 548 1.0
143 648 1.0
143 917 1.0
144 41 1.0
144 87 1.0
144 107 1.0
144 268 1.0
144 446 1.0
144 478 1.0
144 556 1.0
144 818 1.0
144 826 1.0
145 100 1.0
145 191 1.0
145 398 1.0
145 679 1.0
145 750 1.0
145 784 1.0
146 42 1.0
146 83 1.0
146 152 1.0
146 174 1.0
146 388 1.0
146 487 1.0
146 592 1.0
146 924 1.0
147 33 1.0
147 269 1.0
147 272 1.0
147 286 1.0
147 498 1.0
147 852 1.0
148 48 1.0
148 124 1.0
148 224 1.0
148 494 1.0
148 498 1.0
148 744 1.0
148 860 1.0
149 64 1.0
149 80 1.0
149 166 1.0
149 298 1.0
149 308 1.0
149 484 1.0
149 494 1.0
149 540 1.0
149 776 1.0
149 955 1.0
150 56 1.0
150 200 1.0
150 326 1.0
150 609 1.0
150 821 1.0
151 174 1.0
152 596 1.0
152 680 1.0
152 687 1.0
152 707 1.0
152 794 1.0
152 907 1.0
152 916 1.0
153 99 1.0
153 148 1.0
153 206 1.0
153 247 1.0
153 301 1.0
153 332 1.0
153 370 1.0
153 504 1.0
153 535 1.0
153 537 1.0
153 790 1.0
153 894 1.0
153 903 1.0
153 981 1.0
154 153 1.0
154 332 1.0
154 385 1.0
154 446 1.0
154 532 1.0
154 707 1.0
154 830 1.0
154 923 1.0
155 46 1.0
155 89 1.0
155 345 1.0
155 420 1.0
155 493 1.0
155 545 1.0
155 658 1.0
155 836 1.0
155 958 1.0
156 31 1.0
156 117 1.0
156 146 1.0
156 279 1.0
156 354 1.0
156 501 1.0
156 607 1.0
156 650 1.0
157 133 1.0
157 368 1.0
157 524 1.0
157 670 1.0
158 106 1.0
158 111 1.0
158 310 1.0
158 436 1.0
159 181 1.0
159 233 1.0
159 349 1.0
159 371 1.0
159 381 1.0
159 393 1.0
159 541 1.0
159 563 1.0
159 752 1.0
160 5 1.0
160 133 1.0
160 278 1.0
160 293 1.0
160 400 1.0
160 456 1.0
160 486 1.0
160 629 1.0
160 658 1.0
160 871 1.0
160 975 1.0
161 32 1.0
161 189 1.0
161 273 1.0
161 315 1.0
161 326 1.0
161 409 1.0
161 410 1.0
161 705 1.0
161 725 1.0
161 841 1.0
161 942 1.0
162 1 1.0
162 565 1.0
162 632 1.0
162 709 1.0
162 890 1.0
163 116 1.0
163 293 1.0
163 454 1.0
163 559 1.0
163 655 1.0
163 789 1.0
164 111 1.0
164 319 1.0
164 417 1.0
164 499 1.0
164 818 1.0
165 82 1.0
165 325 1.0
165 506 1.0
165 679 1.0
165 772 1.0
165 867 1.0
166 236 1.0
166 291 1.0
166 306 1.0
166 363 1.0
166 546 1.0
166 626 1.0
166 742 1.0
166 954 1.0
167 80 1.0
167 102 1.0
167 108 1.0
167 185 1.0
167 410 1.0
167 597 1.0
167 845 1.0
167 882 1.0
168 120 1.0
168 203 1.0
168 472 1.0
168 763 1.0
168 770 1.0
169 37 1.0
169 50 1.0
169 92 1.0
169 126 1.0
169 197 1.0
169 415 1.0
169 694 1.0
169 723 1.0
169 909 1.0
170 266 1.0
170 385 1.0
170 433 1.0
170 639 1.0
170 835 1.0
170 837 1.0
170 864 1.0
171 11 1.0
171 139 1.0
171 308 1.0
171 353 1.0
171 678 1.0
171 803 1.0
172 10 1.0
172 270 1.0
172 514 1.0
172 583 1.0
172 730 1.0
172 841 1.0
172 972 1.0
173 202 1.0
173 214 1.0
173 370 1.0
173 540 1.0
174 34 1.0
174 541 1.0
174 587 1.0
174 710 1.0
174 729 1.0
174 840 1.0
174 846 1.0
175 20 1.0
175 74 1.0
175 158 1.0
175 211 1.0
175 338 1.0
175 410 1.0
175 581 1.0
175 881 1.0
176 56 1.0
176 154 1.0
176 464 1.0
176 685 1.0
176 800 1.0
176 875 1.0
177 61 1.0
177 102 1.0
177 199 1.0
177 554 1.0
177 771 1.0
177 799 1.0
177 837 1.0
178 34 1.0
178 775 1.0
179 5 1.0
179 181 1.0
179 261 1.0
179 309 1.0
179 373 1.0
179 527 1.0
179 695 1.0
179 804 1.0
180 127 1.0
180 415 1.0
180 417 1.0
180 560 1.0
180 852 1.0
180 903 1.0
181 29 1.0
181 162 1.0
181 203 1.0
181 426 1.0
181 810 1.0
181 877 1.0
181 985 1.0
182 174 1.0
182 191 1.0
182 310 1.0
182 399 1.0
182 443 1.0
182 453 1.0
182 512 1.0
182 654 1.0
182 736 1.0
182 903 1.0
182 926 1.0
183 0 1.0
183 153 1.0
183 226 1.0
183 321 1.0
183 525 1.0
183 605 1.0
183 706 1.0
184 89 1.0
184 149 1.0
184 219 1.0
184 258 1.0
184 521 1.0
184 574 1.0
184 584 1.0
185 14 1.0
185 85 1.0
185 187 1.0
185 380 1.0
185 467 1.0
185 617 1.0
185 690 1.0
185 709 1.0
185 865 1.0
186 319 1.0
186 496 1.0
186 558 1.0
186 624 1.0
186 663 1.0
186 740 1.0
186 765 1.0
186 883 1.0
187 32 1.0
187 375 1.0
187 642 1.0
187 646 1.0
187 766 1.0
187 863 1.0
187 865 1.0
188 161 1.0
188 191 1.0
188 287 1.0
188 301 1.0
188 374 1.0
188 481 1.0
188 547 1.0
188 783 1.0
189 396 1.0
190 167 1.0
190 446 1.0
190 462 1.0
190 512 1.0
190 711 1.0
190 739 1.0
191 88 1.0
191 105 1.0
191 227 1.0
191 538 1.0
191 697 1.0
191 698 1.0
192 316 1.0
192 756 1.0
193 246 1.0
193 354 1.0
193 363 1.0
193 444 1.0
194 124 1.0
194 186 1.0
194 235 1.0
194 241 1.0
194 406 1.0
194 534 1.0
194 684 1.0
194 716 1.0
195 33 1.0
195 233 1.0
195 605 1.0
195 684 1.0
195 687 1.0
195 841 1.0
195 875 1.0
196 252 1.0
196 381 1.0
196 406 1.0
197 55 1.0
197 168 1.0
197 300 1.0
197 349 1.0
197 691 1.0
198 278 1.0
198 452 1.0
198 537 1.0
198 693 1.0
198 880 1.0
198 968 1.0
199 146 1.0
199 548 1.0
199 830 1.0
199 831 1.0
200 37 1.0
200 332 1.0
200 491 1.0
200 582 1.0
200 609 1.0
200 610 1.0
200 696 1.0
201 25 1.0
201 58 1.0
201 284 1.0
201 310 1.0
201 452 1.0
201 453 1.0
201 559 1.0
201 586 1.0
201 834 1.0
202 29 1.0
202 30 1.0
202 322 1.0
202 701 1.0
203 457 1.0
203 602 1.0
204 63 1.0
204 461 1.0
204 472 1.0
204 523 1.0
204 611 1.0
204 764 1.0
204 851 1.0
205 358 1.0
205 400 1.0
205 448 1.0
205 501 1.0
205 702 1.0
205 812 1.0
205 833 1.0
205 841 1.0
206 53 1.0
206 109 1.0
206 626 1.0
206 701 1.0
206 709 1.0
206 808 1.0
206 842 1.0
206 929 1.0
207 59 1.0
207 394 1.0
207 477 1.0
207 484 1.0
207 538 1.0
207 630 1.0
207 782 1.0
207 949 1.0
208 78 1.0
208 79 1.0
208 664 1.0
208 771 1.0
208 886 1.0
209 222 1.0
209 231 1.0
209 261 1.0
209 289 1.0
209 418 1.0
209 738 1.0
209 780 1.0
209 938 1.0
210 97 1.0
210 241 1.0
210 910 1.0
211 164 1.0
211 272 1.0
211 278 1.0
211 356 1.0
211 460 1.0
211 799 1.0
212 84 1.0
212 213 1.0
212 417 1.0
212 555 1.0
212 641 1.0
212 745 1.0
212 761 1.0
212 802 1.0
212 826 1.0
213 179 1.0
213 288 1.0
213 301 1.0
213 326 1.0
213 376 1.0
213 640 1.0
213 827 1.0
214 22 1.0
214 99 1.0
214 174 1.0
214 478 1.0
214 636 1.0
214 681 1.0
214 770 1.0
214 933 1.0
215 309 1.0
215 526 1.0
215 637 1.0
215 649 1.0
215 846 1.0
215 887 1.0
216 262 1.0
216 308 1.0
216 390 1.0
216 716 1.0
216 854 1.0
216 935 1.0
217 132 1.0
217 489 1.0
217 757 1.0
217 845 1.0
217 899 1.0
217 910 1.0
218 490 1.0
218 676 1.0
218 831 1.0
219 63 1.0
219 109 1.0
219 199 1.0
219 288 1.0
219 335 1.0
219 466 1.0
219 582 1.0
219 638 1.0
219 704 1.0
219 720 1.0
219 765 1.0
219 860 1.0
219 945 1.0
220 227 1.0
220 513 1.0
220 572 1.0
220 767 1.0
221 54 1.0
221 59 1.0
221 86 1.0
221 112 1.0
221 179 1.0
221 392 1.0
221 531 1.0
221 795 1.0
221 810 1.0
221 846 1.0
222 179 1.0
222 224 1.0
222 346 1.0
222 372 1.0
222 397 1.0
222 405 1.0
222 594 1.0
222 727 1.0
222 844 1.0
222 970 1.0
223 173 1.0
223 216 1.0
223 231 1.0
223 271 1.0
223 321 1.0
223 622 1.0
223 700 1.0
223 707 1.0
224 281 1.0
224 603 1.0
224 959 1.0
225 9 1.0
225 73 1.0
225 82 1.0
225 86 1.0
225 231 1.0
225 512 1.0
225 618 1.0
225 658 1.0
225 666 1.0
225 753 1.0
225 780 1.0
226 211 1.0
226 280 1.0
226 282 1.0
226 287 1.0
226 745 1.0
227 57 1.0
227 107 1.0
227 135 1.0
227 351 1.0
227 651 1.0
228 756 1.0
228 780 1.0
229 218 1.0
229 265 1.0
229 410 1.0
229 581 1.0
229 607 1.0
229 636 1.0
229 812 1.0
230 100 1.0
230 103 1.0
230 198 1.0
230 215 1.0
230 596 1.0
230 676 1.0
230 691 1.0
230 759 1.0
230 786 1.0
231 35 1.0
231 85 1.0
231 129 1.0
231 293 1.0
231 363 1.0
231 726 1.0
231 755 1.0
231 799 1.0
231 851 1.0
231 870 1.0
231 893 1.0
232 9 1.0
232 96 1.0
232 223 1.0
232 513 1.0
232 760 1.0
232 863 1.0
233 105 1.0
233 106 1.0
233 261 1.0
233 401 1.0
233 552 1.0
233 632 1.0
233 852 1.0
234 55 1.0
234 153 1.0
234 182 1.0
234 497 1.0
234 508 1.0
234 574 1.0
234 814 1.0
234 952 1.0
235 757 1.0
236 17 1.0
236 92 1.0
236 211 1.0
236 280 1.0
236 376 1.0
236 799 1.0
236 847 1.0
237 138 1.0
237 365 1.0
237 469 1.0
237 498 1.0
237 657 1.0
237 777 1.0
237 808 1.0
237 892 1.0
238 17 1.0
238 59 1.0
238 454 1.0
238 707 1.0
238 806 1.0
239 173 1.0
239 185 1.0
239 573 1.0
239 649 1.0
239 760 1.0
239 823 1.0
239 893 1.0
240 177 1.0
240 209 1.0
240 427 1.0
240 501 1.0
240 870 1.0
240 960 1.0
240 973 1.0
241 394 1.0
241 450 1.0
241 649 1.0
241 740 1.0
242 83 1.0
242 111 1.0
242 192 1.0
242 441 1.0
242 793 1.0
242 825 1.0
242 973 1.0
243 425 1.0
243 485 1.0
243 727 1.0
243 861 1.0
244 273 1.0
244 350 1.0
244 389 1.0
244 632 1.0
244 816 1.0
244 957 1.0
245 321 1.0
245 621 1.0
245 749 1.0
245 810 1.0
245 960 1.0
246 23 1.0
246 80 1.0
246 96 1.0
246 140 1.0
246 163 1.0
246 169 1.0
246 262 1.0
246 264 1.0
246 353 1.0
246 523 1.0
246 628 1.0
246 703 1.0
247 79 1.0
247 366 1.0
247 471 1.0
247 578 1.0
247 606 1.0
247 679 1.0
247 694 1.0
248 0 1.0
248 191 1.0
248 382 1.0
248 400 1.0
248 447 1.0
248 524 1.0
248 752 1.0
248 856 1.0
248 857 1.0
249 102 1.0
249 339 1.0
249 643 1.0
250 23 1.0
250 173 1.0
250 317 1.0
250 413 1.0
250 671 1.0
250 755 1.0
251 95 1.0
251 155 1.0
251 273 1.0
251 288 1.0
251 378 1.0
251 580 1.0
251 615 1.0
251 715 1.0
252 115 1.0
252 416 1.0
252 475 1.0
252 545 1.0
253 8 1.0
253 397 1.0
253 553 1.0
253 740 1.0
253 825 1.0
253 906 1.0
253 913 1.0
254 102 1.0
254 493 1.0
254 622 1.0
254 701 1.0
255 81 1.0
255 383 1.0
255 688 1.0
255 774 1.0
255 820 1.0
255 843 1.0
256 263 1.0
256 292 1.0
256 388 1.0
256 460 1.0
256 735 1.0
256 783 1.0
256 804 1.0
256 884 1.0
257 18 1.0
257 187 1.0
257 354 1.0
258 456 1.0
258 630 1.0
258 637 1.0
258 869 1.0
259 14 1.0
259 26 1.0
259 313 1.0
259 395 1.0
259 547 1.0
259 556 1.0
259 756 1.0
259 853 1.0
259 925 1.0
260 143 1.0
260 348 1.0
260 363 1.0
260 381 1.0
260 405 1.0
260 459 1.0
260 595 1.0
261 219 1.0
261 290 1.0
261 314 1.0
261 471 1.0
261 516 1.0
261 535 1.0
261 852 1.0
261 918 1.0
262 95 1.0
262 112 1.0
262 229 1.0
262 444 1.0
262 631 1.0
262 820 1.0
263 506 1.0
263 572 1.0
263 590 1.0
263 663 1.0
263 673 1.0
263 867 1.0
264 350 1.0
264 394 1.0
264 416 1.0
264 433 1.0
264 864 1.0
265 80 1.0
265 92 1.0
265 197 1.0
265 416 1.0
265 637 1.0
265 656 1.0
265 677 1.0
265 854 1.0
266 12 1.0
266 315 1.0
266 453 1.0
266 540 1.0
266 665 1.0
266 812 1.0
267 25 1.0
267 29 1.0
267 531 1.0
267 787 1.0
268 23 1.0
268 67 1.0
268 109 1.0
268 152 1.0
268 683 1.0
268 709 1.0
268 729 1.0
268 791 1.0
269 41 1.0
269 67 1.0
269 299 1.0
269 303 1.0
269 375 1.0
269 444 1.0
269 651 1.0
269 660 1.0
269 757 1.0
269 775 1.0
269 978 1.0
270 74 1.0
270 162 1.0
270 169 1.0
270 177 1.0
270 408 1.0
270 557 1.0
270 658 1.0
270 941 1.0
271 46 1.0
271 83 1.0
271 393 1.0
272 93 1.0
272 156 1.0
272 605 1.0
272 739 1.0
272 964 1.0
273 163 1.0
273 268 1.0
273 331 1.0
273 353 1.0
273 663 1.0
274 287 1.0
274 603 1.0
274 718 1.0
274 863 1.0
274 867 1.0
275 303 1.0
275 388 1.0
275 500 1.0
275 615 1.0
275 690 1.0
276 14 1.0
276 387 1.0
276 517 1.0
276 582 1.0
277 16 1.0
277 64 1.0
277 163 1.0
277 174 1.0
277 246 1.0
277 354 1.0
277 386 1.0
277 551 1.0
277 553 1.0
277 900 1.0
278 57 1.0
278 66 1.0
278 240 1.0
279 324 1.0
279 434 1.0
279 600 1.0
279 645 1.0
279 827 1.0
279 899 1.0
280 82 1.0
280 348 1.0
280 387 1.0
280 567 1.0
280 907 1.0
281 47 1.0
281 266 1.0
281 313 1.0
281 579 1.0
281 688 1.0
282 124 1.0
282 313 1.0
282 890 1.0
283 27 1.0
283 201 1.0
283 701 1.0
283 812 1.0
284 174 1.0
284 357 1.0
284 369 1.0
284 414 1.0
284 416 1.0
284 461 1.0
284 498 1.0
284 689 1.0
285 401 1.0
285 436 1.0
285 477 1.0
285 799 1.0
285 929 1.0
286 114 1.0
286 285 1.0
286 293 1.0
286 301 1.0
286 470 1.0
287 55 1.0
287 56 1.0
287 281 1.0
287 319 1.0
287 451 1.0
287 539 1.0
287 573 1.0
287 628 1.0
288 205 1.0
288 275 1.0
288 685 1.0
288 717 1.0
288 738 1.0
288 910 1.0
288 954 1.0
289 423 1.0
289 585 1.0
289 626 1.0
289 902 1.0
290 137 1.0
290 236 1.0
290 238 1.0
290 635 1.0
290 813 1.0
290 825 1.0
290 869 1.0
291 228 1.0
291 280 1.0
291 328 1.0
291 622 1.0
291 625 1.0
291 720 1.0
291 786 1.0
291 853 1.0
291 922 1.0
291 930 1.0
292 91 1.0
292 567 1.0
292 723 1.0
292 869 1.0
293 39 1.0
293 101 1.0
293 204 1.0
293 248 1.0
293 364 1.0
293 440 1.0
293 508 1.0
293 616 1.0
293 736 1.0
293 865 1.0
293 919 1.0
294 249 1.0
294 401 1.0
294 494 1.0
294 504 1.0
294 715 1.0
295 366 1.0
295 399 1.0
295 413 1.0
295 423 1.0
295 520 1.0
295 599 1.0
295 627 1.0
295 674 1.0
295 739 1.0
295 922 1.0
296 13 1.0
296 262 1.0
296 696 1.0
296 814 1.0
296 925 1.0
297 112 1.0
297 382 1.0
297 745 1.0
297 760 1.0
297 793 1.0
298 388 1.0
298 809 1.0
298 916 1.0
298 939 1.0
299 43 1.0
299 179 1.0
299 194 1.0
299 219 1.0
299 466 1.0
299 544 1.0
299 619 1.0
299 631 1.0
299 912 1.0
300 29 1.0
300 102 1.0
300 103 1.0
300 506 1.0
300 679 1.0
300 850 1.0
300 890 1.0
301 406 1.0
301 472 1.0
301 490 1.0
301 559 1.0
301 679 1.0
301 703 1.0
302 2 1.0
302 12 1.0
302 32 1.0
302 611 1.0
302 622 1.0
302 650 1.0
302 744 1.0
303 185 1.0
303 215 1.0
303 375 1.0
303 708 1.0
303 810 1.0
303 981 1.0
304 278 1.0
304 465 1.0
304 482 1.0
304 545 1.0
304 576 1.0
304 839 1.0
305 251 1.0
305 326 1.0
305 502 1.0
305 602 1.0
305 639 1.0
305 839 1.0
305 975 1.0
306 250 1.0
306 717 1.0
306 801 1.0
306 979 1.0
307 105 1.0
307 196 1.0
307 246 1.0
307 609 1.0
307 636 1.0
307 728 1.0
307 733 1.0
307 830 1.0
308 234 1.0
308 247 1.0
308 265 1.0
308 269 1.0
308 676 1.0
308 838 1.0
309 11 1.0
309 102 1.0
309 111 1.0
309 275 1.0
309 403 1.0
309 716 1.0
310 147 1.0
310 571 1.0
310 942 1.0
311 63 1.0
311 71 1.0
311 158 1.0
311 176 1.0
311 470 1.0
311 582 1.0
311 856 1.0
312 8 1.0
312 371 1.0
313 134 1.0
313 246 1.0
313 440 1.0
313 558 1.0
313 888 1.0
314 138 1.0
314 368 1.0
314 419 1.0
314 443 1.0
314 525 1.0
314 732 1.0
315 27 1.0
315 81 1.0
315 176 1.0
315 191 1.0
315 364 1.0
315 792 1.0
316 234 1.0
316 385 1.0
316 511 1.0
316 534 1.0
316 563 1.0
316 590 1.0
316 811 1.0
317 29 1.0
317 92 1.0
317 123 1.0
317 208 1.0
317 732 1.0
318 58 1.0
318 274 1.0
318 403 1.0
318 404 1.0
318 421 1.0
318 508 1.0
318 666 1.0
319 34 1.0
319 105 1.0
319 787 1.0
319 929 1.0
320 26 1.0
320 338 1.0
320 461 1.0
320 576 1.0
320 581 1.0
320 655 1.0
320 674 1.0
320 821 1.0
320 913 1.0
320 951 1.0
321 45 1.0
321 232 1.0
321 295 1.0
321 653 1.0
321 976 1.0
322 8 1.0
322 37 1.0
322 222 1.0
322 374 1.0
322 404 1.0
322 460 1.0
322 595 1.0
322 743 1.0
322 781 1.0
322 835 1.0
322 842 1.0
322 905 1.0
323 100 1.0
323 653 1.0
323 668 1.0
324 48 1.0
324 183 1.0
324 290 1.0
324 388 1.0
324 443 1.0
324 522 1.0
324 561 1.0
324 654 1.0
324 815 1.0
324 908 1.0
325 39 1.0
325 133 1.0
325 348 1.0
325 460 1.0
325 550 1.0
325 595 1.0
325 660 1.0
325 818 1.0
325 866 1.0
325 912 1.0
325 935 1.0
326 79 1.0
326 125 1.0
326 129 1.0
326 205 1.0
326 484 1.0
326 784 1.0
326 851 1.0
327 141 1.0
327 342 1.0
327 761 1.0
327 816 1.0
328 36 1.0
328 117 1.0
328 168 1.0
328 300 1.0
328 605 1.0
328 683 1.0
328 852 1.0
328 947 1.0
329 91 1.0
329 153 1.0
329 290 1.0
329 342 1.0
329 488 1.0
329 494 1.0
329 501 1.0
329 523 1.0
329 774 1.0
329 826 1.0
329 881 1.0
330 156 1.0
330 338 1.0
330 588 1.0
330 785 1.0
330 916 1.0
331 72 1.0
331 93 1.0
331 541 1.0
331 559 1.0
331 607 1.0
331 686 1.0
331 855 1.0
332 77 1.0
332 200 1.0
332 213 1.0
332 610 1.0
332 636 1.0
332 934 1.0
332 955 1.0
333 82 1.0
333 207 1.0
333 324 1.0
333 391 1.0
333 668 1.0
333 970 1.0
334 36 1.0
334 237 1.0
334 500 1.0
334 513 1.0
334 642 1.0
334 787 1.0
334 848 1.0
334 958 1.0
335 70 1.0
335 178 1.0
335 255 1.0
335 549 1.0
335 693 1.0
335 849 1.0
335 879 1.0
335 931 1.0
335 965 1.0
336 35 1.0
336 56 1.0
336 485 1.0
336 575 1.0
336 700 1.0
336 714 1.0
336 970 1.0
337 76 1.0
337 102 1.0
337 255 1.0
337 277 1.0
337 949 1.0
338 19 1.0
338 302 1.0
338 477 1.0
338 516 1.0
338 632 1.0
338 742 1.0
338 751 1.0
339 0 1.0
339 1 1.0
339 114 1.0
339 291 1.0
339 336 1.0
339 380 1.0
339 432 1.0
339 654 1.0
339 834 1.0
339 896 1.0
339 923 1.0
340 453 1.0
340 573 1.0
340 591 1.0
340 647 1.0
340 696 1.0
340 701 1.0
340 819 1.0
340 841 1.0
340 872 1.0
341 89 1.0
341 121 1.0
341 232 1.0
341 675 1.0
341 838 1.0
342 811 1.0
342 926 1.0
343 2 1.0
343 23 1.0
343 240 1.0
343 312 1.0
344 81 1.0
344 107 1.0
344 164 1.0
344 465 1.0
344 570 1.0
344 731 1.0
344 735 1.0
344 738 1.0
344 963 1.0
345 59 1.0
345 169 1.0
345 197 1.0
345 359 1.0
345 631 1.0
345 688 1.0
345 698 1.0
345 785 1.0
345 814 1.0
345 827 1.0
345 857 1.0
346 49 1.0
346 55 1.0
346 58 1.0
346 589 1.0
346 759 1.0
346 831 1.0
347 5 1.0
347 317 1.0
347 342 1.0
347 474 1.0
347 655 1.0
347 682 1.0
347 846 1.0
348 37 1.0
348 165 1.0
348 212 1.0
348 295 1.0
348 408 1.0
348 453 1.0
348 581 1.0
348 899 1.0
348 969 1.0
348 986 1.0
349 179 1.0
349 243 1.0
349 256 1.0
349 498 1.0
349 650 1.0
349 971 1.0
350 88 1.0
350 334 1.0
350 423 1.0
350 487 1.0
350 673 1.0
351 5 1.0
351 213 1.0
351 409 1.0
351 532 1.0
351 579 1.0
351 684 1.0
352 260 1.0
352 276 1.0
352 699 1.0
352 837 1.0
352 923 1.0
353 178 1.0
353 345 1.0
353 394 1.0
353 452 1.0
353 542 1.0
353 718 1.0
353 917 1.0
353 957 1.0
354 15 1.0
354 260 1.0
354 363 1.0
354 509 1.0
354 529 1.0
354 661 1.0
354 680 1.0
354 835 1.0
355 41 1.0
355 84 1.0
355 908 1.0
355 924 1.0
355 946 1.0
356 30 1.0
356 210 1.0
356 296 1.0
356 339 1.0
356 626 1.0
356 854 1.0
357 240 1.0
357 269 1.0
357 568 1.0
357 569 1.0
357 711 1.0
357 897 1.0
358 58 1.0
358 291 1.0
358 471 1.0
358 566 1.0
358 673 1.0
358 724 1.0
358 834 1.0
358 860 1.0
359 240 1.0
359 409 1.0
359 469 1.0
359 619 1.0
359 667 1.0
359 682 1.0
359 866 1.0
359 982 1.0
360 19 1.0
360 138 1.0
360 173 1.0
360 467 1.0
360 577 1.0
361 194 1.0
361 275 1.0
361 300 1.0
361 758 1.0
362 245 1.0
362 272 1.0
362 535 1.0
362 758 1.0
362 990 1.0
363 55 1.0
363 587 1.0
363 776 1.0
364 115 1.0
364 281 1.0
364 283 1.0
364 335 1.0
364 457 1.0
364 616 1.0
364 748 1.0
364 990 1.0
365 398 1.0
365 672 1.0
365 728 1.0
365 732 1.0
366 214 1.0
366 279 1.0
366 299 1.0
366 421 1.0
366 437 1.0
366 448 1.0
366 616 1.0
366 739 1.0
366 848 1.0
366 871 1.0
367 71 1.0
367 323 1.0
367 371 1.0
367 451 1.0
367 647 1.0
368 61 1.0
368 135 1.0
368 190 1.0
368 196 1.0
368 421 1.0
368 477 1.0
368 491 1.0
368 499 1.0
368 540 1.0
368 875 1.0
369 111 1.0
369 374 1.0
369 596 1.0
369 639 1.0
369 742 1.0
370 127 1.0
370 311 1.0
370 324 1.0
370 458 1.0
370 495 1.0
370 515 1.0
370 618 1.0
370 702 1.0
370 950 1.0
371 113 1.0
371 277 1.0
371 560 1.0
371 738 1.0
372 58 1.0
372 95 1.0
372 110 1.0
372 137 1.0
372 232 1.0
372 250 1.0
372 970 1.0
373 205 1.0
373 408 1.0
373 602 1.0
373 683 1.0
373 695 1.0
373 802 1.0
373 863 1.0
374 206 1.0
374 527 1.0
374 614 1.0
374 624 1.0
374 701 1.0
374 717 1.0
374 793 1.0
375 152 1.0
375 174 1.0
375 363 1.0
375 451 1.0
375 473 1.0
375 516 1.0
375 834 1.0
376 15 1.0
376 32 1.0
376 227 1.0
376 801 1.0
376 872 1.0
377 124 1.0
377 457 1.0
377 653 1.0
377 710 1.0
378 82 1.0
378 126 1.0
378 154 1.0
378 413 1.0
378 455 1.0
378 502 1.0
378 532 1.0
378 546 1.0
378 762 1.0
379 228 1.0
379 395 1.0
379 496 1.0
379 550 1.0
379 790 1.0
379 877 1.0
380 11 1.0
380 427 1.0
380 518 1.0
380 637 1.0
380 659 1.0
380 706 1.0
380 940 1.0
381 54 1.0
381 56 1.0
381 442 1.0
381 463 1.0
381 470 1.0
381 598 1.0
382 99 1.0
382 354 1.0
382 413 1.0
382 466 1.0
382 543 1.0
382 654 1.0
382 656 1.0
382 657 1.0
382 979 1.0
383 250 1.0
383 475 1.0
383 493 1.0
383 731 1.0
384 78 1.0
384 416 1.0
384 566 1.0
384 574 1.0
384 619 1.0
384 711 1.0
384 751 1.0
384 821 1.0
384 895 1.0
384 897 1.0
384 928 1.0
385 296 1.0
385 467 1.0
385 493 1.0
385 506 1.0
385 579 1.0
385 902 1.0
385 940 1.0
386 92 1.0
386 113 1.0
386 577 1.0
386 583 1.0
386 695 1.0
386 962 1.0
387 106 1.0
387 142 1.0
387 145 1.0
387 308 1.0
387 316 1.0
387 708 1.0
387 890 1.0
387 986 1.0
388 0 1.0
388 109 1.0
388 395 1.0
388 412 1.0
388 443 1.0
388 453 1.0
388 717 1.0
388 922 1.0
389 34 1.0
389 149 1.0
389 250 1.0
389 254 1.0
389 640 1.0
389 758 1.0
389 971 1.0
390 129 1.0
390 181 1.0
390 222 1.0
390 256 1.0
390 293 1.0
390 359 1.0
390 689 1.0
390 752 1.0
390 801 1.0
391 387 1.0
391 504 1.0
392 80 1.0
392 94 1.0
392 282 1.0
392 300 1.0
392 301 1.0
392 655 1.0
392 668 1.0
392 790 1.0
392 871 1.0
392 937 1.0
393 58 1.0
393 94 1.0
393 283 1.0
393 295 1.0
393 315 1.0
393 406 1.0
393 569 1.0
394 193 1.0
394 410 1.0
394 561 1.0
394 564 1.0
394 729 1.0
394 750 1.0
395 336 1.0
395 449 1.0
395 516 1.0
395 675 1.0
395 911 1.0
396 90 1.0
396 234 1.0
396 366 1.0
396 468 1.0
396 512 1.0
396 673 1.0
396 758 1.0
396 905 1.0
397 4 1.0
397 32 1.0
397 427 1.0
397 611 1.0
397 623 1.0
397 670 1.0
397 682 1.0
397 724 1.0
398 645 1.0
398 691 1.0
398 772 1.0
399 26 1.0
399 110 1.0
399 167 1.0
399 223 1.0
399 232 1.0
399 305 1.0
399 392 1.0
399 687 1.0
399 907 1.0
400 79 1.0
400 101 1.0
400 177 1.0
400 267 1.0
400 278 1.0
400 349 1.0
400 364 1.0
400 373 1.0
400 504 1.0
400 636 1.0
400 644 1.0
400 877 1.0
401 64 1.0
401 277 1.0
401 335 1.0
401 756 1.0
401 921 1.0
401 971 1.0
402 104 1.0
402 445 1.0
402 486 1.0
402 662 1.0
402 729 1.0
402 766 1.0
402 942 1.0
403 11 1.0
403 59 1.0
403 295 1.0
403 533 1.0
403 771 1.0
404 80 1.0
404 210 1.0
404 330 1.0
404 572 1.0
404 844 1.0
404 869 1.0
404 908 1.0
405 56 1.0
405 284 1.0
405 397 1.0
405 638 1.0
405 704 1.0
405 707 1.0
406 565 1.0
406 592 1.0
406 613 1.0
406 654 1.0
406 657 1.0
406 750 1.0
406 848 1.0
406 988 1.0
407 102 1.0
407 123 1.0
407 346 1.0
407 436 1.0
407 481 1.0
407 737 1.0
407 873 1.0
407 923 1.0
408 52 1.0
408 201 1.0
408 751 1.0
409 91 1.0
409 104 1.0
409 110 1.0
409 301 1.0
409 403 1.0
409 507 1.0
409 655 1.0
409 670 1.0
409 677 1.0
409 678 1.0
409 842 1.0
410 310 1.0
410 382 1.0
410 415 1.0
410 728 1.0
410 897 1.0
410 973 1.0
411 232 1.0
411 376 1.0
411 449 1.0
411 592 1.0
411 648 1.0
411 674 1.0
411 776 1.0
412 113 1.0
412 123 1.0
412 155 1.0
412 213 1.0
412 236 1.0
412 318 1.0
412 476 1.0
412 494 1.0
412 512 1.0
412 888 1.0
412 896 1.0
413 73 1.0
413 480 1.0
414 75 1.0
414 110 1.0
414 152 1.0
414 188 1.0
414 218 1.0
414 254 1.0
414 501 1.0
414 653 1.0
414 718 1.0
414 723 1.0
414 759 1.0
414 798 1.0
414 934 1.0
415 91 1.0
415 491 1.0
415 541 1.0
415 622 1.0
415 736 1.0
416 15 1.0
416 57 1.0
416 108 1.0
416 204 1.0
416 246 1.0
416 409 1.0
416 418 1.0
416 433 1.0
416 464 1.0
416 485 1.0
416 815 1.0
416 867 1.0
416 987 1.0
417 33 1.0
417 156 1.0
417 308 1.0
417 323 1.0
417 357 1.0
417 547 1.0
417 630 1.0
417 869 1.0
417 932 1.0
418 30 1.0
418 123 1.0
418 510 1.0
418 938 1.0
419 98 1.0
419 324 1.0
419 432 1.0
419 666 1.0
419 767 1.0
420 491 1.0
420 626 1.0
420 642 1.0
420 654 1.0
420 690 1.0
420 707 1.0
421 87 1.0
421 96 1.0
421 162 1.0
421 183 1.0
421 290 1.0
421 544 1.0
421 578 1.0
421 599 1.0
421 634 1.0
421 804 1.0
421 901 1.0
422 201 1.0
422 299 1.0
422 315 1.0
422 579 1.0
422 810 1.0
422 843 1.0
422 870 1.0
423 52 1.0
423 116 1.0
423 170 1.0
423 302 1.0
423 382 1.0
423 456 1.0
423 537 1.0
423 566 1.0
423 591 1.0
423 618 1.0
423 765 1.0
424 504 1.0
424 779 1.0
425 150 1.0
425 182 1.0
425 457 1.0
425 483 1.0
425 547 1.0
425 713 1.0
426 138 1.0
426 171 1.0
426 412 1.0
426 681 1.0
427 100 1.0
427 241 1.0
427 282 1.0
427 325 1.0
427 584 1.0
427 611 1.0
427 878 1.0
427 940 1.0
428 20 1.0
428 784 1.0
429 300 1.0
429 305 1.0
429 464 1.0
429 465 1.0
429 595 1.0
430 77 1.0
430 99 1.0
430 179 1.0
430 324 1.0
430 359 1.0
430 406 1.0
430 459 1.0
430 490 1.0
430 491 1.0
430 975 1.0
431 105 1.0
431 328 1.0
431 343 1.0
431 523 1.0
431 636 1.0
431 948 1.0
432 26 1.0
432 89 1.0
432 180 1.0
432 207 1.0
432 579 1.0
432 621 1.0
432 634 1.0
432 648 1.0
432 745 1.0
432 747 1.0
433 61 1.0
433 77 1.0
433 131 1.0
433 230 1.0
433 333 1.0
434 321 1.0
434 449 1.0
434 757 1.0
435 277 1.0
435 505 1.0
435 743 1.0
435 811 1.0
435 875 1.0
436 183 1.0
436 202 1.0
436 249 1.0
436 432 1.0
436 685 1.0
436 969 1.0
437 62 1.0
437 260 1.0
437 512 1.0
437 732 1.0
437 807 1.0
437 809 1.0
437 822 1.0
438 4 1.0
438 36 1.0
438 107 1.0
438 199 1.0
438 294 1.0
438 527 1.0
438 936 1.0
439 36 1.0
439 81 1.0
439 132 1.0
439 160 1.0
439 174 1.0
439 241 1.0
439 308 1.0
439 312 1.0
439 569 1.0
439 752 1.0
440 8 1.0
440 74 1.0
440 90 1.0
440 110 1.0
440 497 1.0
440 534 1.0
440 569 1.0
440 943 1.0
441 22 1.0
441 172 1.0
441 257 1.0
441 264 1.0
441 518 1.0
441 581 1.0
441 688 1.0
442 86 1.0
442 261 1.0
442 392 1.0
442 539 1.0
442 545 1.0
442 606 1.0
442 668 1.0
442 678 1.0
442 797 1.0
442 872 1.0
442 920 1.0
442 933 1.0
443 104 1.0
443 297 1.0
443 656 1.0
444 133 1.0
444 359 1.0
444 369 1.0
444 409 1.0
444 432 1.0
444 507 1.0
444 523 1.0
444 767 1.0
444 855 1.0
444 976 1.0
445 322 1.0
446 96 1.0
446 166 1.0
446 169 1.0
446 424 1.0
446 629 1.0
446 686 1.0
446 716 1.0
447 116 1.0
447 355 1.0
447 463 1.0
447 541 1.0
447 710 1.0
447 756 1.0
447 963 1.0
448 723 1.0
448 755 1.0
448 803 1.0
448 844 1.0
448 869 1.0
449 109 1.0
449 131 1.0
449 167 1.0
449 171 1.0
449 255 1.0
449 394 1.0
449 532 1.0
449 651 1.0
449 685 1.0
449 777 1.0
449 801 1.0
449 857 1.0
450 453 1.0
450 835 1.0
451 350 1.0
451 384 1.0
451 392 1.0
451 457 1.0
451 650 1.0
451 746 1.0
451 819 1.0
452 3 1.0
452 144 1.0
452 239 1.0
452 310 1.0
452 352 1.0
452 360 1.0
452 550 1.0
452 560 1.0
452 718 1.0
452 887 1.0
453 7 1.0
453 56 1.0
453 60 1.0
453 90 1.0
453 113 1.0
453 175 1.0
453 542 1.0
453 589 1.0
454 103 1.0
454 407 1.0
454 479 1.0
454 538 1.0
454 745 1.0
454 748 1.0
454 761 1.0
454 825 1.0
454 895 1.0
455 45 1.0
455 55 1.0
455 105 1.0
455 357 1.0
455 840 1.0
456 19 1.0
456 81 1.0
456 134 1.0
456 350 1.0
456 383 1.0
456 448 1.0
456 603 1.0
456 874 1.0
457 2 1.0
457 31 1.0
457 69 1.0
457 75 1.0
457 506 1.0
457 681 1.0
458 202 1.0
458 361 1.0
458 390 1.0
458 421 1.0
458 463 1.0
458 477 1.0
458 520 1.0
458 659 1.0
458 676 1.0
458 679 1.0
459 58 1.0
459 334 1.0
459 475 1.0
459 863 1.0
459 902 1.0
460 157 1.0
460 342 1.0
460 484 1.0
460 525 1.0
460 568 1.0
460 779 1.0
460 808 1.0
460 931 1.0
461 593 1.0
461 697 1.0
461 767 1.0
461 824 1.0
461 873 1.0
462 3 1.0
462 40 1.0
462 54 1.0
462 136 1.0
462 148 1.0
462 372 1.0
462 414 1.0
462 466 1.0
462 530 1.0
462 534 1.0
462 772 1.0
462 805 1.0
462 811 1.0
462 815 1.0
463 243 1.0
463 472 1.0
463 758 1.0
464 66 1.0
464 216 1.0
464 407 1.0
464 594 1.0
464 598 1.0
464 750 1.0
464 761 1.0
465 30 1.0
465 39 1.0
465 53 1.0
465 314 1.0
465 385 1.0
465 538 1.0
466 10 1.0
466 37 1.0
466 407 1.0
466 471 1.0
466 519 1.0
467 293 1.0
467 408 1.0
467 600 1.0
467 674 1.0
467 805 1.0
468 119 1.0
468 248 1.0
468 265 1.0
468 915 1.0
469 296 1.0
469 385 1.0
469 581 1.0
469 663 1.0
469 696 1.0
469 823 1.0
469 831 1.0
469 901 1.0
470 155 1.0
470 163 1.0
470 166 1.0
470 421 1.0
470 430 1.0
470 642 1.0
470 657 1.0
471 32 1.0
471 40 1.0
471 133 1.0
471 147 1.0
471 261 1.0
471 489 1.0
471 499 1.0
471 556 1.0
471 657 1.0
471 763 1.0
471 837 1.0
472 87 1.0
472 451 1.0
472 814 1.0
472 844 1.0
473 57 1.0
473 99 1.0
473 457 1.0
473 592 1.0
473 614 1.0
474 156 1.0
474 208 1.0
474 214 1.0
474 304 1.0
474 438 1.0
474 965 1.0
475 137 1.0
475 246 1.0
475 335 1.0
475 700 1.0
475 912 1.0
476 32 1.0
476 132 1.0
476 302 1.0
476 523 1.0
476 572 1.0
476 650 1.0
476 789 1.0
476 849 1.0
477 76 1.0
477 88 1.0
477 199 1.0
477 475 1.0
478 578 1.0
478 733 1.0
478 736 1.0
479 46 1.0
479 203 1.0
479 299 1.0
479 691 1.0
479 835 1.0
480 188 1.0
480 287 1.0
480 350 1.0
480 439 1.0
480 492 1.0
480 969 1.0
481 774 1.0
481 944 1.0
482 134 1.0
482 135 1.0
482 391 1.0
482 568 1.0
482 708 1.0
482 779 1.0
483 29 1.0
483 256 1.0
483 339 1.0
483 359 1.0
483 400 1.0
483 406 1.0
483 657 1.0
484 326 1.0
484 330 1.0
484 344 1.0
484 384 1.0
484 401 1.0
484 481 1.0
484 624 1.0
484 635 1.0
484 681 1.0
484 786 1.0
485 162 1.0
485 207 1.0
485 290 1.0
485 784 1.0
485 867 1.0
486 336 1.0
487 781 1.0
487 908 1.0
488 20 1.0
488 42 1.0
488 790 1.0
488 869 1.0
489 178 1.0
489 220 1.0
489 285 1.0
489 388 1.0
489 399 1.0
489 432 1.0
490 77 1.0
490 98 1.0
490 127 1.0
490 484 1.0
490 543 1.0
490 639 1.0
490 784 1.0
490 955 1.0
490 983 1.0
491 236 1.0
491 382 1.0
491 453 1.0
491 481 1.0
491 523 1.0
491 679 1.0
491 688 1.0
491 706 1.0
491 831 1.0
491 867 1.0
491 885 1.0
491 969 1.0
492 133 1.0
492 197 1.0
492 211 1.0
492 368 1.0
492 589 1.0
492 644 1.0
493 18 1.0
493 96 1.0
493 462 1.0
493 635 1.0
493 799 1.0
494 63 1.0
494 251 1.0
494 349 1.0
494 548 1.0
494 677 1.0
495 120 1.0
495 653 1.0
495 909 1.0
496 54 1.0
496 614 1.0
496 663 1.0
496 701 1.0
496 841 1.0
496 861 1.0
497 50 1.0
497 63 1.0
497 431 1.0
497 515 1.0
497 894 1.0
498 116 1.0
498 141 1.0
498 164 1.0
498 294 1.0
498 313 1.0
498 370 1.0
498 522 1.0
498 571 1.0
498 678 1.0
498 771 1.0
498 940 1.0
499 40 1.0
499 93 1.0
499 97 1.0
499 170 1.0
499 224 1.0
499 654 1.0
499 709 1.0
499 754 1.0
499 833 1.0
499 876 1.0
500 159 1.0
500 220 1.0
500 262 1.0
500 358 1.0
500 376 1.0
500 483 1.0
500 758 1.0
501 15 1.0
501 64 1.0
501 572 1.0
501 584 1.0
501 894 1.0
502 201 1.0
502 236 1.0
502 614 1.0
502 640 1.0
502 656 1.0
502 743 1.0
502 755 1.0
503 2 1.0
503 270 1.0
503 410 1.0
503 477 1.0
503 481 1.0
503 549 1.0
503 570 1.0
504 45 1.0
504 229 1.0
504 423 1.0
504 799 1.0
505 106 1.0
505 140 1.0
505 318 1.0
505 508 1.0
505 596 1.0
505 629 1.0
505 960 1.0
506 201 1.0
506 338 1.0
506 663 1.0
506 685 1.0
507 42 1.0
507 260 1.0
507 646 1.0
507 871 1.0
507 981 1.0
508 441 1.0
508 567 1.0
508 690 1.0
508 711 1.0
508 824 1.0
508 933 1.0
508 958 1.0
509 135 1.0
509 196 1.0
509 198 1.0
509 306 1.0
509 407 1.0
509 410 1.0
509 661 1.0
509 872 1.0
510 75 1.0
510 247 1.0
510 806 1.0
510 813 1.0
510 919 1.0
511 13 1.0
511 40 1.0
511 195 1.0
511 490 1.0
511 745 1.0
511 802 1.0
512 14 1.0
512 478 1.0
512 655 1.0
512 657 1.0
512 758 1.0
512 983 1.0
513 190 1.0
513 228 1.0
513 298 1.0
513 358 1.0
513 497 1.0
513 838 1.0
513 897 1.0
513 920 1.0
514 109 1.0
514 179 1.0
514 280 1.0
514 386 1.0
514 573 1.0
514 900 1.0
515 748 1.0
516 128 1.0
516 150 1.0
516 215 1.0
516 216 1.0
516 356 1.0
516 697 1.0
516 710 1.0
516 821 1.0
517 254 1.0
517 480 1.0
517 502 1.0
517 565 1.0
517 750 1.0
517 871 1.0
518 107 1.0
518 250 1.0
518 544 1.0
518 589 1.0
518 617 1.0
518 983 1.0
519 84 1.0
519 200 1.0
519 446 1.0
519 510 1.0
519 609 1.0
520 7 1.0
520 194 1.0
520 314 1.0
520 552 1.0
520 643 1.0
520 727 1.0
520 786 1.0
520 849 1.0
521 82 1.0
521 118 1.0
521 187 1.0
521 195 1.0
521 208 1.0
521 264 1.0
521 265 1.0
521 314 1.0
521 525 1.0
521 587 1.0
521 917 1.0
522 0 1.0
522 354 1.0
522 421 1.0
522 470 1.0
523 274 1.0
523 338 1.0
523 624 1.0
523 894 1.0
524 183 1.0
524 408 1.0
524 462 1.0
524 692 1.0
524 809 1.0
524 857 1.0
525 16 1.0
525 371 1.0
525 472 1.0
525 656 1.0
525 760 1.0
525 834 1.0
526 123 1.0
526 131 1.0
526 228 1.0
526 435 1.0
526 498 1.0
526 666 1.0
527 56 1.0
527 556 1.0
527 806 1.0
528 146 1.0
528 170 1.0
528 245 1.0
528 470 1.0
528 727 1.0
528 894 1.0
529 133 1.0
529 329 1.0
529 455 1.0
529 750 1.0
530 95 1.0
530 160 1.0
530 498 1.0
530 640 1.0
531 52 1.0
531 183 1.0
531 258 1.0
531 367 1.0
531 596 1.0
531 607 1.0
531 619 1.0
531 670 1.0
531 771 1.0
532 5 1.0
532 64 1.0
532 73 1.0
532 666 1.0
532 676 1.0
533 7 1.0
533 180 1.0
533 250 1.0
533 255 1.0
533 428 1.0
533 483 1.0
533 611 1.0
533 685 1.0
533 698 1.0
533 736 1.0
533 747 1.0
533 800 1.0
533 802 1.0
534 51 1.0
534 91 1.0
534 499 1.0
534 876 1.0
535 133 1.0
535 327 1.0
535 381 1.0
535 467 1.0
535 523 1.0
535 569 1.0
535 831 1.0
536 68 1.0
536 106 1.0
536 232 1.0
536 297 1.0
536 576 1.0
536 714 1.0
536 799 1.0
536 812 1.0
536 898 1.0
537 126 1.0
537 169 1.0
537 171 1.0
537 287 1.0
537 301 1.0
537 406 1.0
537 528 1.0
538 41 1.0
538 68 1.0
538 92 1.0
538 199 1.0
538 232 1.0
538 352 1.0
538 398 1.0
538 421 1.0
538 745 1.0
538 982 1.0
539 290 1.0
539 426 1.0
539 438 1.0
539 453 1.0
539 482 1.0
539 632 1.0
539 707 1.0
539 727 1.0
540 388 1.0
540 473 1.0
540 652 1.0
540 907 1.0
541 45 1.0
541 246 1.0
541 372 1.0
541 557 1.0
541 726 1.0
541 858 1.0
542 26 1.0
542 239 1.0
542 349 1.0
542 623 1.0
542 776 1.0
542 807 1.0
543 57 1.0
543 246 1.0
543 342 1.0
543 370 1.0
543 490 1.0
543 562 1.0
543 863 1.0
544 113 1.0
544 121 1.0
544 218 1.0
544 300 1.0
544 373 1.0
544 670 1.0
544 675 1.0
544 740 1.0
545 72 1.0
545 81 1.0
545 305 1.0
545 357 1.0
545 468 1.0
545 622 1.0
545 623 1.0
545 688 1.0
545 691 1.0
545 916 1.0
546 511 1.0
546 533 1.0
546 615 1.0
546 833 1.0
546 844 1.0
546 878 1.0
546 902 1.0
546 905 1.0
546 959 1.0
547 82 1.0
547 600 1.0
547 736 1.0
548 83 1.0
548 167 1.0
548 245 1.0
548 453 1.0
548 740 1.0
549 243 1.0
549 509 1.0
549 721 1.0
549 831 1.0
549 861 1.0
549 885 1.0
549 962 1.0
549 967 1.0
550 293 1.0
550 297 1.0
550 387 1.0
550 522 1.0
550 525 1.0
550 558 1.0
550 684 1.0
550 845 1.0
550 915 1.0
551 46 1.0
551 85 1.0
551 351 1.0
551 386 1.0
551 630 1.0
551 772 1.0
552 104 1.0
552 367 1.0
552 427 1.0
552 483 1.0
552 526 1.0
552 712 1.0
552 747 1.0
552 977 1.0
553 402 1.0
553 599 1.0
553 601 1.0
553 607 1.0
553 647 1.0
553 765 1.0
554 109 1.0
554 167 1.0
554 170 1.0
554 178 1.0
554 299 1.0
554 444 1.0
554 609 1.0
554 773 1.0
555 79 1.0
555 152 1.0
555 383 1.0
556 201 1.0
556 296 1.0
556 406 1.0
556 710 1.0
557 58 1.0
557 155 1.0
557 473 1.0
557 693 1.0
557 845 1.0
557 914 1.0
558 135 1.0
558 282 1.0
558 332 1.0
558 337 1.0
558 468 1.0
558 606 1.0
558 749 1.0
558 817 1.0
559 82 1.0
559 87 1.0
559 222 1.0
559 272 1.0
559 726 1.0
559 729 1.0
559 806 1.0
560 313 1.0
560 374 1.0
560 387 1.0
560 412 1.0
560 413 1.0
560 538 1.0
560 703 1.0
560 782 1.0
560 832 1.0
560 868 1.0
560 969 1.0
561 99 1.0
561 229 1.0
561 254 1.0
561 302 1.0
561 457 1.0
561 559 1.0
561 726 1.0
561 745 1.0
561 790 1.0
561 802 1.0
561 868 1.0
562 82 1.0
562 96 1.0
562 217 1.0
562 310 1.0
562 323 1.0
562 329 1.0
562 568 1.0
562 891 1.0
563 234 1.0
563 235 1.0
563 447 1.0
563 448 1.0
563 470 1.0
563 612 1.0
563 719 1.0
564 73 1.0
564 164 1.0
564 192 1.0
564 657 1.0
564 746 1.0
564 793 1.0
564 815 1.0
564 910 1.0
564 913 1.0
565 40 1.0
565 134 1.0
565 148 1.0
565 581 1.0
565 950 1.0
566 401 1.0
566 413 1.0
566 450 1.0
566 495 1.0
566 586 1.0
566 613 1.0
566 638 1.0
566 762 1.0
566 925 1.0
566 986 1.0
567 201 1.0
567 694 1.0
567 705 1.0
567 901 1.0
568 68 1.0
568 124 1.0
568 526 1.0
568 560 1.0
568 567 1.0
569 123 1.0
569 251 1.0
569 304 1.0
569 388 1.0
569 447 1.0
569 740 1.0
569 867 1.0
569 873 1.0
570 49 1.0
570 77 1.0
570 461 1.0
570 480 1.0
570 752 1.0
571 58 1.0
571 75 1.0
571 116 1.0
571 135 1.0
571 333 1.0
571 589 1.0
571 628 1.0
571 629 1.0
571 748 1.0
572 317 1.0
572 681 1.0
572 728 1.0
573 28 1.0
573 55 1.0
573 108 1.0
573 230 1.0
573 491 1.0
573 610 1.0
573 842 1.0
573 876 1.0
574 146 1.0
574 158 1.0
574 329 1.0
574 684 1.0
574 709 1.0
574 731 1.0
574 761 1.0
574 910 1.0
575 140 1.0
575 660 1.0
575 705 1.0
575 793 1.0
576 32 1.0
576 178 1.0
576 179 1.0
576 218 1.0
576 309 1.0
576 340 1.0
576 350 1.0
576 392 1.0
576 648 1.0
576 676 1.0
577 224 1.0
577 358 1.0
577 453 1.0
577 635 1.0
577 873 1.0
578 1 1.0
578 144 1.0
578 171 1.0
578 204 1.0
578 261 1.0
578 330 1.0
578 474 1.0
578 521 1.0
579 27 1.0
579 127 1.0
579 169 1.0
579 332 1.0
579 379 1.0
579 502 1.0
579 744 1.0
579 834 1.0
579 971 1.0
579 982 1.0
580 203 1.0
580 578 1.0
580 587 1.0
580 690 1.0
580 707 1.0
580 788 1.0
581 27 1.0
581 202 1.0
581 307 1.0
581 495 1.0
581 593 1.0
581 655 1.0
581 854 1.0
581 938 1.0
582 181 1.0
582 226 1.0
582 283 1.0
582 355 1.0
582 356 1.0
582 541 1.0
582 619 1.0
582 769 1.0
582 832 1.0
582 917 1.0
583 107 1.0
583 175 1.0
583 338 1.0
583 435 1.0
583 492 1.0
583 504 1.0
584 374 1.0
584 568 1.0
585 97 1.0
585 292 1.0
586 68 1.0
586 342 1.0
586 503 1.0
586 528 1.0
586 567 1.0
586 575 1.0
586 626 1.0
586 631 1.0
586 803 1.0
586 919 1.0
587 440 1.0
587 477 1.0
587 489 1.0
587 622 1.0
587 652 1.0
587 865 1.0
587 869 1.0
587 878 1.0
587 908 1.0
587 923 1.0
588 26 1.0
588 29 1.0
588 148 1.0
588 432 1.0
588 497 1.0
588 920 1.0
589 160 1.0
589 177 1.0
589 440 1.0
589 595 1.0
589 600 1.0
589 697 1.0
589 799 1.0
589 936 1.0
590 19 1.0
590 104 1.0
590 178 1.0
590 554 1.0
590 830 1.0
591 104 1.0
591 149 1.0
591 301 1.0
591 320 1.0
591 491 1.0
591 530 1.0
591 582 1.0
591 733 1.0
592 44 1.0
592 57 1.0
592 292 1.0
592 307 1.0
592 405 1.0
592 435 1.0
592 531 1.0
592 710 1.0
592 772 1.0
593 211 1.0
593 279 1.0
593 369 1.0
593 419 1.0
593 420 1.0
593 458 1.0
593 690 1.0
594 115 1.0
594 119 1.0
594 585 1.0
594 624 1.0
594 647 1.0
594 821 1.0
594 894 1.0
594 985 1.0
595 53 1.0
595 179 1.0
595 469 1.0
595 531 1.0
595 590 1.0
596 5 1.0
596 361 1.0
596 432 1.0
596 467 1.0
596 505 1.0
596 521 1.0
596 760 1.0
596 773 1.0
596 816 1.0
596 921 1.0
597 85 1.0
597 386 1.0
597 483 1.0
597 631 1.0
597 647 1.0
597 699 1.0
598 191 1.0
598 839 1.0
598 882 1.0
598 945 1.0
599 39 1.0
599 41 1.0
599 100 1.0
599 154 1.0
599 299 1.0
599 467 1.0
599 538 1.0
599 564 1.0
599 598 1.0
599 770 1.0
599 884 1.0
600 39 1.0
600 52 1.0
600 113 1.0
600 335 1.0
600 757 1.0
600 974 1.0
601 140 1.0
601 340 1.0
601 444 1.0
601 494 1.0
601 580 1.0
601 610 1.0
601 673 1.0
601 736 1.0
601 839 1.0
601 969 1.0
602 217 1.0
602 234 1.0
602 246 1.0
602 286 1.0
602 476 1.0
602 525 1.0
602 754 1.0
603 73 1.0
603 117 1.0
603 171 1.0
603 277 1.0
603 507 1.0
603 592 1.0
603 602 1.0
603 710 1.0
603 811 1.0
603 849 1.0
604 67 1.0
604 134 1.0
604 319 1.0
604 377 1.0
604 378 1.0
604 463 1.0
604 529 1.0
604 552 1.0
604 613 1.0
604 709 1.0
605 712 1.0
605 785 1.0
605 907 1.0
606 161 1.0
606 284 1.0
606 320 1.0
606 452 1.0
606 478 1.0
606 631 1.0
606 653 1.0
606 690 1.0
607 178 1.0
607 365 1.0
607 628 1.0
607 954 1.0
608 60 1.0
608 119 1.0
608 153 1.0
608 462 1.0
608 685 1.0
608 795 1.0
608 858 1.0
608 924 1.0
609 204 1.0
609 259 1.0
609 432 1.0
609 681 1.0
609 695 1.0
609 719 1.0
609 785 1.0
609 974 1.0
610 62 1.0
610 85 1.0
610 127 1.0
610 155 1.0
610 322 1.0
610 350 1.0
610 453 1.0
610 475 1.0
610 519 1.0
610 660 1.0
610 749 1.0
610 751 1.0
610 886 1.0
611 20 1.0
611 251 1.0
611 356 1.0
611 553 1.0
612 59 1.0
612 238 1.0
612 652 1.0
612 663 1.0
613 49 1.0
613 294 1.0
613 348 1.0
613 428 1.0
613 536 1.0
613 836 1.0
614 65 1.0
614 178 1.0
614 430 1.0
614 492 1.0
614 571 1.0
614 706 1.0
614 744 1.0
614 758 1.0
615 813 1.0
616 235 1.0
616 290 1.0
616 431 1.0
616 724 1.0
616 827 1.0
616 951 1.0
617 198 1.0
617 698 1.0
617 960 1.0
618 114 1.0
618 416 1.0
618 556 1.0
618 652 1.0
618 748 1.0
618 968 1.0
619 197 1.0
619 289 1.0
619 385 1.0
619 418 1.0
619 586 1.0
619 663 1.0
619 683 1.0
619 803 1.0
619 946 1.0
620 242 1.0
620 561 1.0
620 637 1.0
621 209 1.0
621 259 1.0
621 276 1.0
621 289 1.0
621 362 1.0
621 492 1.0
621 496 1.0
621 637 1.0
621 961 1.0
622 55 1.0
622 62 1.0
622 192 1.0
622 427 1.0
622 725 1.0
622 872 1.0
623 103 1.0
623 217 1.0
623 236 1.0
623 540 1.0
623 564 1.0
623 780 1.0
623 896 1.0
623 940 1.0
624 153 1.0
624 458 1.0
624 695 1.0
624 879 1.0
624 984 1.0
625 60 1.0
625 77 1.0
625 120 1.0
625 196 1.0
625 275 1.0
625 407 1.0
625 452 1.0
625 486 1.0
625 862 1.0
626 214 1.0
626 296 1.0
626 548 1.0
626 552 1.0
626 568 1.0
626 611 1.0
626 644 1.0
626 680 1.0
626 763 1.0
626 817 1.0
627 85 1.0
627 188 1.0
627 275 1.0
627 460 1.0
627 857 1.0
627 987 1.0
628 97 1.0
628 603 1.0
628 700 1.0
628 701 1.0
629 157 1.0
629 292 1.0
629 301 1.0
629 516 1.0
629 587 1.0
629 705 1.0
629 718 1.0
629 768 1.0
629 850 1.0
629 859 1.0
630 103 1.0
630 174 1.0
630 199 1.0
630 807 1.0
630 852 1.0
631 14 1.0
631 275 1.0
631 409 1.0
631 456 1.0
631 592 1.0
631 758 1.0
631 961 1.0
632 341 1.0
632 536 1.0
632 703 1.0
632 763 1.0
632 770 1.0
632 964 1.0
633 35 1.0
633 37 1.0
633 103 1.0
633 165 1.0
633 243 1.0
633 391 1.0
633 466 1.0
633 551 1.0
634 61 1.0
634 102 1.0
634 823 1.0
635 83 1.0
635 101 1.0
635 292 1.0
635 549 1.0
635 693 1.0
635 772 1.0
635 819 1.0
636 16 1.0
636 191 1.0
636 275 1.0
636 322 1.0
636 369 1.0
636 616 1.0
636 726 1.0
637 30 1.0
637 285 1.0
637 768 1.0
638 73 1.0
638 85 1.0
638 94 1.0
638 259 1.0
638 271 1.0
638 291 1.0
638 444 1.0
638 508 1.0
638 603 1.0
638 859 1.0
639 71 1.0
639 85 1.0
639 620 1.0
639 674 1.0
639 750 1.0
639 755 1.0
639 758 1.0
640 37 1.0
640 82 1.0
640 252 1.0
640 327 1.0
640 480 1.0
640 759 1.0
640 789 1.0
640 848 1.0
641 171 1.0
641 231 1.0
641 342 1.0
641 530 1.0
641 547 1.0
642 12 1.0
642 265 1.0
642 271 1.0
642 619 1.0
643 198 1.0
643 341 1.0
643 395 1.0
643 456 1.0
643 473 1.0
643 843 1.0
643 863 1.0
644 21 1.0
644 85 1.0
644 179 1.0
644 205 1.0
644 499 1.0
644 507 1.0
644 669 1.0
644 710 1.0
644 734 1.0
644 748 1.0
644 914 1.0
644 952 1.0
645 0 1.0
645 307 1.0
645 403 1.0
646 77 1.0
646 181 1.0
646 345 1.0
646 535 1.0
646 627 1.0
646 838 1.0
647 56 1.0
647 246 1.0
647 592 1.0
647 734 1.0
647 772 1.0
648 170 1.0
648 288 1.0
648 593 1.0
648 780 1.0
648 783 1.0
648 928 1.0
648 977 1.0
649 172 1.0
649 226 1.0
649 253 1.0
649 435 1.0
649 454 1.0
649 519 1.0
649 874 1.0
649 951 1.0
650 517 1.0
650 663 1.0
650 680 1.0
650 733 1.0
650 737 1.0
651 474 1.0
651 593 1.0
651 620 1.0
652 45 1.0
652 148 1.0
652 200 1.0
652 680 1.0
652 724 1.0
653 152 1.0
653 232 1.0
653 385 1.0
653 588 1.0
653 617 1.0
654 518 1.0
654 547 1.0
654 634 1.0
654 805 1.0
655 111 1.0
655 115 1.0
655 300 1.0
655 321 1.0
655 823 1.0
655 926 1.0
656 102 1.0
656 400 1.0
656 405 1.0
656 596 1.0
656 731 1.0
656 988 1.0
657 132 1.0
657 284 1.0
657 516 1.0
657 757 1.0
657 769 1.0
657 845 1.0
658 421 1.0
658 449 1.0
658 454 1.0
658 798 1.0
659 518 1.0
659 744 1.0
659 786 1.0
660 44 1.0
660 56 1.0
660 60 1.0
660 486 1.0
660 718 1.0
660 960 1.0
661 68 1.0
661 232 1.0
661 542 1.0
661 557 1.0
661 748 1.0
661 956 1.0
661 989 1.0
662 139 1.0
662 309 1.0
662 354 1.0
663 26 1.0
663 161 1.0
663 393 1.0
663 483 1.0
663 629 1.0
663 710 1.0
663 735 1.0
663 778 1.0
663 809 1.0
664 61 1.0
664 119 1.0
664 380 1.0
664 525 1.0
664 636 1.0
664 640 1.0
664 673 1.0
664 715 1.0
665 105 1.0
665 375 1.0
665 450 1.0
665 616 1.0
665 688 1.0
665 701 1.0
665 780 1.0
666 486 1.0
666 566 1.0
666 939 1.0
667 552 1.0
667 676 1.0
667 784 1.0
667 942 1.0
667 967 1.0
668 15 1.0
668 70 1.0
668 210 1.0
668 476 1.0
668 493 1.0
668 519 1.0
668 765 1.0
669 34 1.0
669 331 1.0
669 570 1.0
669 699 1.0
669 712 1.0
669 724 1.0
670 55 1.0
670 202 1.0
670 302 1.0
670 428 1.0
670 494 1.0
670 662 1.0
670 852 1.0
671 0 1.0
671 41 1.0
671 81 1.0
671 122 1.0
671 392 1.0
671 903 1.0
672 17 1.0
672 173 1.0
672 268 1.0
672 352 1.0
672 367 1.0
672 510 1.0
672 586 1.0
672 661 1.0
672 718 1.0
672 749 1.0
673 18 1.0
673 207 1.0
673 250 1.0
673 274 1.0
673 284 1.0
673 296 1.0
673 422 1.0
673 467 1.0
673 507 1.0
673 609 1.0
673 652 1.0
673 668 1.0
674 87 1.0
674 125 1.0
674 142 1.0
674 254 1.0
674 286 1.0
674 373 1.0
674 459 1.0
674 560 1.0
674 758 1.0
674 898 1.0
674 953 1.0
675 79 1.0
675 139 1.0
675 346 1.0
675 441 1.0
675 598 1.0
675 620 1.0
675 692 1.0
675 707 1.0
675 761 1.0
676 12 1.0
676 51 1.0
676 206 1.0
676 476 1.0
676 530 1.0
676 618 1.0
677 84 1.0
677 101 1.0
677 319 1.0
677 440 1.0
677 646 1.0
677 796 1.0
677 844 1.0
678 70 1.0
678 130 1.0
678 138 1.0
678 223 1.0
678 228 1.0
678 606 1.0
679 45 1.0
679 84 1.0
679 115 1.0
679 289 1.0
679 405 1.0
679 410 1.0
679 462 1.0
679 472 1.0
679 933 1.0
680 117 1.0
680 297 1.0
680 347 1.0
680 455 1.0
680 567 1.0
680 652 1.0
680 702 1.0
680 859 1.0
680 889 1.0
680 985 1.0
681 34 1.0
681 46 1.0
681 139 1.0
681 180 1.0
681 731 1.0
682 200 1.0
682 204 1.0
682 250 1.0
682 410 1.0
682 494 1.0
682 874 1.0
683 69 1.0
683 82 1.0
683 192 1.0
683 324 1.0
683 490 1.0
683 598 1.0
683 666 1.0
683 902 1.0
684 205 1.0
684 423 1.0
684 437 1.0
684 559 1.0
684 653 1.0
684 920 1.0
685 23 1.0
685 177 1.0
685 349 1.0
685 535 1.0
685 600 1.0
685 619 1.0
686 46 1.0
686 201 1.0
686 217 1.0
686 270 1.0
686 483 1.0
686 624 1.0
686 641 1.0
687 95 1.0
687 105 1.0
687 142 1.0
687 218 1.0
687 303 1.0
687 514 1.0
687 602 1.0
687 790 1.0
688 142 1.0
688 405 1.0
688 421 1.0
688 424 1.0
688 631 1.0
688 724 1.0
688 844 1.0
689 424 1.0
689 987 1.0
690 386 1.0
690 400 1.0
690 453 1.0
690 507 1.0
690 553 1.0
690 569 1.0
690 676 1.0
690 679 1.0
690 884 1.0
690 922 1.0
691 36 1.0
691 39 1.0
691 124 1.0
691 136 1.0
691 288 1.0
691 344 1.0
691 431 1.0
691 663 1.0
692 115 1.0
692 264 1.0
692 279 1.0
692 359 1.0
692 489 1.0
692 560 1.0
692 624 1.0
693 184 1.0
693 188 1.0
693 227 1.0
693 397 1.0
693 573 1.0
693 598 1.0
693 622 1.0
693 814 1.0
693 908 1.0
694 64 1.0
694 88 1.0
694 219 1.0
694 398 1.0
694 627 1.0
694 864 1.0
695 80 1.0
695 101 1.0
695 284 1.0
695 303 1.0
695 526 1.0
695 578 1.0
695 740 1.0
695 968 1.0
696 76 1.0
696 218 1.0
696 456 1.0
696 729 1.0
697 96 1.0
697 159 1.0
697 345 1.0
697 452 1.0
697 869 1.0
698 24 1.0
698 128 1.0
698 351 1.0
698 584 1.0
698 612 1.0
698 846 1.0
699 127 1.0
699 144 1.0
699 547 1.0
699 582 1.0
700 57 1.0
700 124 1.0
700 779 1.0
700 943 1.0
700 981 1.0
701 11 1.0
701 108 1.0
701 178 1.0
701 213 1.0
701 242 1.0
701 270 1.0
701 309 1.0
701 340 1.0
701 767 1.0
701 790 1.0
701 878 1.0
701 925 1.0
702 39 1.0
702 447 1.0
702 646 1.0
702 821 1.0
703 394 1.0
703 487 1.0
703 597 1.0
703 747 1.0
703 904 1.0
704 47 1.0
704 188 1.0
704 203 1.0
704 437 1.0
704 470 1.0
704 495 1.0
704 528 1.0
704 560 1.0
704 586 1.0
704 675 1.0
704 724 1.0
704 866 1.0
704 904 1.0
704 935 1.0
704 944 1.0
705 377 1.0
705 381 1.0
705 547 1.0
705 752 1.0
705 894 1.0
706 177 1.0
706 213 1.0
706 375 1.0
706 503 1.0
706 581 1.0
706 622 1.0
706 694 1.0
706 785 1.0
707 45 1.0
707 762 1.0
708 9 1.0
708 181 1.0
708 216 1.0
708 368 1.0
708 395 1.0
708 448 1.0
708 479 1.0
708 858 1.0
708 900 1.0
708 922 1.0
709 71 1.0
709 161 1.0
709 263 1.0
709 274 1.0
709 489 1.0
709 491 1.0
709 522 1.0
709 653 1.0
710 206 1.0
710 234 1.0
710 263 1.0
710 338 1.0
710 948 1.0
711 148 1.0
711 241 1.0
711 269 1.0
711 279 1.0
711 339 1.0
711 448 1.0
711 501 1.0
711 583 1.0
711 696 1.0
711 846 1.0
712 370 1.0
712 389 1.0
712 456 1.0
712 485 1.0
712 663 1.0
712 728 1.0
712 814 1.0
712 879 1.0
713 51 1.0
713 87 1.0
713 104 1.0
713 139 1.0
713 169 1.0
713 571 1.0
713 575 1.0
713 590 1.0
713 620 1.0
713 679 1.0
713 732 1.0
713 770 1.0
714 66 1.0
714 106 1.0
714 171 1.0
714 500 1.0
714 505 1.0
714 694 1.0
714 815 1.0
715 35 1.0
715 107 1.0
715 165 1.0
715 708 1.0
715 720 1.0
715 761 1.0
715 843 1.0
716 58 1.0
716 328 1.0
716 666 1.0
717 81 1.0
717 126 1.0
718 99 1.0
718 664 1.0
718 901 1.0
719 15 1.0
719 105 1.0
719 203 1.0
719 310 1.0
719 315 1.0
719 346 1.0
719 380 1.0
719 570 1.0
719 682 1.0
719 701 1.0
720 56 1.0
720 705 1.0
720 960 1.0
721 161 1.0
721 273 1.0
721 407 1.0
721 486 1.0
721 692 1.0
721 923 1.0
722 33 1.0
722 121 1.0
722 472 1.0
722 600 1.0
722 612 1.0
722 734 1.0
722 847 1.0
723 105 1.0
723 691 1.0
723 796 1.0
723 951 1.0
724 145 1.0
724 197 1.0
724 560 1.0
724 567 1.0
724 611 1.0
724 697 1.0
724 750 1.0
724 874 1.0
724 876 1.0
725 39 1.0
725 488 1.0
725 529 1.0
725 605 1.0
725 652 1.0
725 776 1.0
725 984 1.0
726 27 1.0
726 57 1.0
726 63 1.0
726 261 1.0
726 281 1.0
726 594 1.0
726 615 1.0
727 44 1.0
727 247 1.0
727 307 1.0
727 482 1.0
727 496 1.0
727 713 1.0
727 867 1.0
728 47 1.0
728 51 1.0
728 132 1.0
728 151 1.0
728 425 1.0
728 466 1.0
728 486 1.0
728 734 1.0
728 748 1.0
728 835 1.0
729 107 1.0
729 108 1.0
729 134 1.0
729 263 1.0
729 276 1.0
729 478 1.0
729 698 1.0
730 172 1.0
730 260 1.0
730 263 1.0
730 267 1.0
730 390 1.0
730 458 1.0
730 678 1.0
730 781 1.0
731 42 1.0
731 135 1.0
731 405 1.0
731 471 1.0
731 702 1.0
731 766 1.0
731 785 1.0
731 847 1.0
732 79 1.0
732 137 1.0
732 235 1.0
732 439 1.0
732 508 1.0
732 552 1.0
732 763 1.0
732 904 1.0
733 271 1.0
733 312 1.0
733 341 1.0
733 591 1.0
733 687 1.0
733 862 1.0
734 15 1.0
734 179 1.0
734 181 1.0
734 210 1.0
734 285 1.0
734 295 1.0
734 425 1.0
734 427 1.0
734 444 1.0
734 477 1.0
734 615 1.0
734 755 1.0
735 10 1.0
735 98 1.0
735 237 1.0
735 382 1.0
735 642 1.0
735 652 1.0
736 29 1.0
736 208 1.0
736 506 1.0
736 712 1.0
736 782 1.0
736 961 1.0
737 90 1.0
737 138 1.0
737 169 1.0
737 177 1.0
737 182 1.0
737 229 1.0
737 246 1.0
737 377 1.0
737 416 1.0
737 554 1.0
737 713 1.0
737 748 1.0
737 796 1.0
738 202 1.0
738 434 1.0
738 451 1.0
738 482 1.0
738 669 1.0
738 704 1.0
738 834 1.0
738 944 1.0
739 160 1.0
739 445 1.0
739 466 1.0
739 625 1.0
739 633 1.0
739 711 1.0
740 133 1.0
740 179 1.0
740 421 1.0
741 2 1.0
741 56 1.0
741 166 1.0
741 497 1.0
741 561 1.0
741 770 1.0
741 870 1.0
742 133 1.0
742 346 1.0
743 53 1.0
743 88 1.0
743 220 1.0
743 297 1.0
743 407 1.0
743 463 1.0
743 690 1.0
743 771 1.0
743 842 1.0
744 64 1.0
744 352 1.0
744 843 1.0
745 356 1.0
745 483 1.0
745 902 1.0
746 41 1.0
746 42 1.0
746 63 1.0
746 561 1.0
747 24 1.0
747 337 1.0
747 503 1.0
747 715 1.0
747 782 1.0
747 889 1.0
748 54 1.0
748 55 1.0
748 152 1.0
748 203 1.0
748 448 1.0
748 742 1.0
749 133 1.0
749 277 1.0
749 343 1.0
749 502 1.0
749 611 1.0
750 34 1.0
750 39 1.0
750 129 1.0
750 164 1.0
750 182 1.0
750 226 1.0
750 359 1.0
750 467 1.0
750 515 1.0
750 527 1.0
750 723 1.0
750 781 1.0
750 862 1.0
751 122 1.0
751 280 1.0
751 301 1.0
751 399 1.0
751 507 1.0
751 689 1.0
751 817 1.0
751 858 1.0
752 114 1.0
752 139 1.0
752 359 1.0
752 567 1.0
752 683 1.0
752 742 1.0
752 795 1.0
752 835 1.0
752 870 1.0
752 893 1.0
752 937 1.0
752 940 1.0
753 16 1.0
753 160 1.0
753 411 1.0
753 530 1.0
753 583 1.0
753 959 1.0
754 0 1.0
754 84 1.0
754 123 1.0
754 649 1.0
754 879 1.0
755 106 1.0
755 214 1.0
755 405 1.0
755 427 1.0
755 574 1.0
755 678 1.0
756 605 1.0
756 836 1.0
757 18 1.0
757 371 1.0
757 463 1.0
757 577 1.0
757 587 1.0
757 594 1.0
757 600 1.0
757 817 1.0
758 347 1.0
758 552 1.0
758 598 1.0
759 20 1.0
759 45 1.0
759 66 1.0
759 147 1.0
759 297 1.0
759 550 1.0
759 654 1.0
759 723 1.0
760 143 1.0
760 152 1.0
760 272 1.0
760 334 1.0
760 394 1.0
760 407 1.0
760 503 1.0
760 792 1.0
761 354 1.0
761 363 1.0
761 702 1.0
762 235 1.0
762 331 1.0
762 444 1.0
762 540 1.0
762 590 1.0
762 663 1.0
762 858 1.0
763 117 1.0
763 473 1.0
763 730 1.0
764 46 1.0
764 123 1.0
764 950 1.0
765 13 1.0
765 55 1.0
765 198 1.0
765 278 1.0
765 331 1.0
765 352 1.0
765 543 1.0
765 649 1.0
765 836 1.0
765 851 1.0
765 880 1.0
766 27 1.0
766 84 1.0
766 144 1.0
766 196 1.0
766 357 1.0
766 452 1.0
766 581 1.0
766 737 1.0
766 864 1.0
767 91 1.0
767 206 1.0
767 334 1.0
767 379 1.0
767 546 1.0
767 555 1.0
767 710 1.0
768 64 1.0
768 241 1.0
768 315 1.0
768 379 1.0
768 473 1.0
768 489 1.0
768 738 1.0
768 928 1.0
769 59 1.0
769 610 1.0
769 630 1.0
770 248 1.0
770 259 1.0
770 407 1.0
770 533 1.0
770 660 1.0
770 725 1.0
770 886 1.0
770 958 1.0
771 266 1.0
771 347 1.0
771 634 1.0
771 746 1.0
771 774 1.0
771 899 1.0
772 178 1.0
772 633 1.0
772 913 1.0
773 165 1.0
773 175 1.0
773 681 1.0
773 832 1.0
773 922 1.0
774 92 1.0
774 116 1.0
774 207 1.0
774 248 1.0
774 338 1.0
774 447 1.0
774 552 1.0
774 690 1.0
774 722 1.0
775 50 1.0
775 96 1.0
775 243 1.0
775 705 1.0
775 730 1.0
776 183 1.0
776 440 1.0
776 490 1.0
776 509 1.0
776 683 1.0
776 730 1.0
776 876 1.0
777 27 1.0
777 145 1.0
777 224 1.0
777 406 1.0
777 692 1.0
777 704 1.0
777 714 1.0
777 756 1.0
777 841 1.0
777 954 1.0
778 16 1.0
778 28 1.0
778 44 1.0
778 170 1.0
778 221 1.0
778 320 1.0
778 453 1.0
778 820 1.0
778 838 1.0
779 120 1.0
779 292 1.0
779 390 1.0
779 618 1.0
779 835 1.0
780 46 1.0
780 76 1.0
780 155 1.0
780 429 1.0
780 677 1.0
780 847 1.0
780 962 1.0
780 977 1.0
781 114 1.0
781 124 1.0
781 299 1.0
781 311 1.0
781 313 1.0
781 400 1.0
781 944 1.0
782 109 1.0
782 170 1.0
782 196 1.0
782 285 1.0
782 353 1.0
782 484 1.0
782 571 1.0
782 579 1.0
782 837 1.0
782 911 1.0
783 266 1.0
783 287 1.0
783 293 1.0
783 467 1.0
783 599 1.0
783 719 1.0
784 310 1.0
784 429 1.0
784 442 1.0
784 714 1.0
784 911 1.0
784 975 1.0
785 84 1.0
785 243 1.0
785 413 1.0
785 551 1.0
785 788 1.0
786 53 1.0
786 484 1.0
786 548 1.0
786 738 1.0
786 795 1.0
786 814 1.0
786 816 1.0
787 83 1.0
787 156 1.0
787 268 1.0
787 850 1.0
787 939 1.0
788 49 1.0
788 82 1.0
788 769 1.0
789 106 1.0
789 162 1.0
789 360 1.0
789 475 1.0
789 559 1.0
790 27 1.0
790 277 1.0
790 280 1.0
790 376 1.0
790 424 1.0
790 521 1.0
790 900 1.0
791 25 1.0
791 107 1.0
791 135 1.0
791 188 1.0
791 402 1.0
791 514 1.0
791 517 1.0
791 520 1.0
791 959 1.0
792 78 1.0
792 317 1.0
792 389 1.0
792 468 1.0
792 496 1.0
792 517 1.0
792 839 1.0
793 30 1.0
793 234 1.0
793 297 1.0
793 355 1.0
793 830 1.0
793 877 1.0
793 904 1.0
794 66 1.0
794 439 1.0
794 536 1.0
794 553 1.0
794 589 1.0
794 590 1.0
794 617 1.0
794 629 1.0
794 679 1.0
794 692 1.0
794 763 1.0
794 781 1.0
795 209 1.0
795 266 1.0
795 282 1.0
795 338 1.0
795 379 1.0
795 398 1.0
795 601 1.0
795 697 1.0
796 408 1.0
796 819 1.0
797 62 1.0
797 71 1.0
797 549 1.0
797 594 1.0
797 682 1.0
798 10 1.0
798 97 1.0
798 162 1.0
798 227 1.0
798 240 1.0
798 258 1.0
798 459 1.0
798 703 1.0
798 824 1.0
799 25 1.0
799 212 1.0
799 312 1.0
799 397 1.0
799 551 1.0
799 739 1.0
799 818 1.0
799 849 1.0
799 940 1.0
800 181 1.0
800 244 1.0
800 312 1.0
800 432 1.0
801 79 1.0
801 130 1.0
801 470 1.0
801 501 1.0
801 515 1.0
801 664 1.0
801 770 1.0
801 785 1.0
801 928 1.0
802 15 1.0
802 168 1.0
802 174 1.0
802 230 1.0
802 241 1.0
802 673 1.0
802 759 1.0
802 800 1.0
803 117 1.0
803 126 1.0
803 162 1.0
803 168 1.0
803 356 1.0
803 615 1.0
803 692 1.0
803 830 1.0
804 190 1.0
804 241 1.0
804 324 1.0
804 334 1.0
804 359 1.0
804 476 1.0
804 549 1.0
804 590 1.0
804 681 1.0
804 727 1.0
804 801 1.0
804 926 1.0
805 20 1.0
805 159 1.0
805 211 1.0
805 324 1.0
805 344 1.0
805 365 1.0
805 418 1.0
805 647 1.0
805 714 1.0
806 128 1.0
806 218 1.0
806 388 1.0
806 904 1.0
807 15 1.0
807 139 1.0
807 381 1.0
807 457 1.0
807 646 1.0
807 649 1.0
807 743 1.0
807 908 1.0
808 57 1.0
808 152 1.0
808 428 1.0
808 684 1.0
808 693 1.0
808 879 1.0
809 4 1.0
809 10 1.0
809 205 1.0
809 599 1.0
809 725 1.0
809 792 1.0
810 487 1.0
810 639 1.0
810 653 1.0
810 686 1.0
811 108 1.0
811 303 1.0
811 498 1.0
811 974 1.0
812 305 1.0
812 317 1.0
812 345 1.0
812 432 1.0
812 851 1.0
813 158 1.0
813 451 1.0
813 964 1.0
814 87 1.0
814 503 1.0
814 728 1.0
814 756 1.0
814 844 1.0
814 924 1.0
815 612 1.0
815 777 1.0
816 30 1.0
816 210 1.0
816 927 1.0
817 243 1.0
817 487 1.0
817 522 1.0
817 737 1.0
817 929 1.0
817 956 1.0
817 960 1.0
818 74 1.0
818 271 1.0
818 510 1.0
818 527 1.0
818 658 1.0
819 799 1.0
819 824 1.0
819 934 1.0
820 9 1.0
820 38 1.0
820 173 1.0
820 418 1.0
820 542 1.0
821 100 1.0
821 391 1.0
821 410 1.0
821 928 1.0
822 2 1.0
822 23 1.0
822 115 1.0
822 273 1.0
822 283 1.0
822 549 1.0
822 623 1.0
822 780 1.0
822 800 1.0
823 75 1.0
823 191 1.0
823 263 1.0
823 388 1.0
823 399 1.0
823 526 1.0
823 629 1.0
823 641 1.0
823 699 1.0
823 705 1.0
823 741 1.0
823 759 1.0
823 846 1.0
824 3 1.0
824 79 1.0
824 142 1.0
824 280 1.0
824 574 1.0
824 655 1.0
824 795 1.0
824 932 1.0
825 14 1.0
825 178 1.0
825 213 1.0
825 372 1.0
825 571 1.0
825 749 1.0
825 920 1.0
826 101 1.0
826 467 1.0
826 648 1.0
826 661 1.0
826 716 1.0
826 777 1.0
826 959 1.0
827 20 1.0
827 209 1.0
827 374 1.0
827 691 1.0
827 791 1.0
828 100 1.0
828 285 1.0
828 334 1.0
828 403 1.0
828 519 1.0
828 634 1.0
828 706 1.0
828 721 1.0
828 797 1.0
828 929 1.0
828 930 1.0
829 28 1.0
829 60 1.0
829 62 1.0
829 149 1.0
829 403 1.0
829 449 1.0
829 489 1.0
829 510 1.0
829 781 1.0
829 906 1.0
830 38 1.0
830 185 1.0
830 209 1.0
830 351 1.0
830 405 1.0
830 659 1.0
830 870 1.0
831 288 1.0
831 383 1.0
831 449 1.0
831 666 1.0
831 674 1.0
831 693 1.0
831 869 1.0
832 79 1.0
832 142 1.0
832 167 1.0
832 233 1.0
832 302 1.0
832 464 1.0
832 506 1.0
832 529 1.0
832 664 1.0
832 780 1.0
832 836 1.0
833 13 1.0
833 128 1.0
833 146 1.0
833 198 1.0
833 248 1.0
833 394 1.0
833 731 1.0
833 812 1.0
833 936 1.0
834 98 1.0
834 316 1.0
834 327 1.0
834 516 1.0
834 739 1.0
835 50 1.0
835 224 1.0
835 313 1.0
835 329 1.0
835 340 1.0
835 402 1.0
835 577 1.0
835 649 1.0
835 698 1.0
835 856 1.0
835 915 1.0
836 249 1.0
836 260 1.0
836 385 1.0
836 657 1.0
836 689 1.0
836 935 1.0
837 20 1.0
837 65 1.0
837 134 1.0
837 311 1.0
837 595 1.0
837 626 1.0
838 331 1.0
838 448 1.0
838 563 1.0
838 615 1.0
838 741 1.0
838 902 1.0
839 26 1.0
839 112 1.0
839 321 1.0
839 346 1.0
839 427 1.0
839 628 1.0
839 721 1.0
840 169 1.0
840 237 1.0
840 245 1.0
840 271 1.0
840 379 1.0
840 412 1.0
840 491 1.0
840 580 1.0
840 682 1.0
840 695 1.0
840 767 1.0
840 880 1.0
841 141 1.0
841 189 1.0
841 335 1.0
841 636 1.0
841 656 1.0
841 661 1.0
841 712 1.0
841 795 1.0
841 874 1.0
842 240 1.0
842 415 1.0
842 533 1.0
842 575 1.0
842 664 1.0
842 666 1.0
843 101 1.0
843 153 1.0
843 376 1.0
843 509 1.0
843 513 1.0
843 653 1.0
843 902 1.0
844 150 1.0
844 590 1.0
844 591 1.0
845 206 1.0
845 223 1.0
845 423 1.0
845 582 1.0
845 630 1.0
845 723 1.0
845 768 1.0
846 184 1.0
846 273 1.0
846 326 1.0
846 389 1.0
846 398 1.0
846 451 1.0
846 508 1.0
846 730 1.0
846 966 1.0
847 352 1.0
847 401 1.0
847 481 1.0
847 572 1.0
847 583 1.0
847 691 1.0
847 695 1.0
847 770 1.0
847 849 1.0
848 382 1.0
848 422 1.0
848 607 1.0
849 201 1.0
849 305 1.0
849 358 1.0
849 422 1.0
849 549 1.0
849 771 1.0
850 8 1.0
850 172 1.0
850 431 1.0
850 630 1.0
850 776 1.0
850 917 1.0
851 105 1.0
851 200 1.0
851 206 1.0
851 304 1.0
851 619 1.0
851 754 1.0
851 867 1.0
852 250 1.0
852 388 1.0
852 475 1.0
852 814 1.0
852 914 1.0
853 148 1.0
853 162 1.0
853 165 1.0
853 238 1.0
853 275 1.0
853 281 1.0
853 287 1.0
853 331 1.0
853 363 1.0
853 376 1.0
853 383 1.0
853 442 1.0
853 495 1.0
853 662 1.0
853 687 1.0
853 705 1.0
853 737 1.0
853 856 1.0
854 29 1.0
854 38 1.0
854 48 1.0
854 162 1.0
854 167 1.0
854 168 1.0
854 193 1.0
854 531 1.0
854 710 1.0
855 196 1.0
855 214 1.0
855 390 1.0
855 423 1.0
855 596 1.0
855 618 1.0
855 687 1.0
856 13 1.0
856 137 1.0
856 752 1.0
856 754 1.0
856 862 1.0
857 68 1.0
857 100 1.0
857 343 1.0
857 354 1.0
857 427 1.0
857 898 1.0
858 227 1.0
858 323 1.0
858 393 1.0
859 153 1.0
859 460 1.0
859 582 1.0
859 590 1.0
859 927 1.0
859 944 1.0
860 144 1.0
860 267 1.0
860 381 1.0
860 465 1.0
860 466 1.0
860 638 1.0
861 34 1.0
861 106 1.0
861 234 1.0
861 422 1.0
861 640 1.0
861 799 1.0
861 841 1.0
862 29 1.0
862 179 1.0
862 188 1.0
862 213 1.0
862 359 1.0
862 585 1.0
862 677 1.0
863 83 1.0
863 424 1.0
863 775 1.0
864 58 1.0
864 193 1.0
864 370 1.0
864 888 1.0
864 908 1.0
865 209 1.0
865 213 1.0
865 641 1.0
866 4 1.0
866 208 1.0
866 212 1.0
866 600 1.0
866 673 1.0
866 736 1.0
866 833 1.0
867 9 1.0
867 163 1.0
867 247 1.0
867 270 1.0
867 436 1.0
867 527 1.0
867 623 1.0
867 768 1.0
867 807 1.0
867 814 1.0
867 879 1.0
868 271 1.0
868 348 1.0
868 606 1.0
868 746 1.0
868 768 1.0
868 880 1.0
869 34 1.0
869 52 1.0
869 446 1.0
869 683 1.0
869 854 1.0
869 874 1.0
869 937 1.0
870 36 1.0
870 316 1.0
870 467 1.0
870 541 1.0
870 737 1.0
870 925 1.0
870 948 1.0
871 103 1.0
871 397 1.0
871 419 1.0
871 672 1.0
872 128 1.0
872 187 1.0
872 260 1.0
872 362 1.0
872 619 1.0
872 656 1.0
872 794 1.0
873 1 1.0
873 41 1.0
873 214 1.0
873 587 1.0
873 658 1.0
873 952 1.0
874 198 1.0
874 246 1.0
874 729 1.0
874 766 1.0
874 837 1.0
874 862 1.0
874 990 1.0
875 129 1.0
875 333 1.0
875 335 1.0
875 368 1.0
875 564 1.0
875 571 1.0
875 635 1.0
875 677 1.0
875 686 1.0
875 727 1.0
876 195 1.0
876 214 1.0
876 375 1.0
876 380 1.0
876 409 1.0
876 525 1.0
877 72 1.0
877 187 1.0
877 325 1.0
877 722 1.0
877 830 1.0
877 930 1.0
878 275 1.0
878 311 1.0
878 395 1.0
878 419 1.0
879 209 1.0
879 362 1.0
879 420 1.0
879 537 1.0
879 538 1.0
880 138 1.0
880 198 1.0
880 765 1.0
880 840 1.0
880 868 1.0
881 127 1.0
881 175 1.0
881 329 1.0
881 925 1.0
882 124 1.0
882 167 1.0
882 598 1.0
883 52 1.0
883 91 1.0
883 186 1.0
883 905 1.0
884 256 1.0
884 599 1.0
884 690 1.0
884 920 1.0
885 491 1.0
885 549 1.0
885 960 1.0
886 208 1.0
886 610 1.0
886 770 1.0
887 47 1.0
887 93 1.0
887 215 1.0
887 452 1.0
887 977 1.0
888 313 1.0
888 412 1.0
888 864 1.0
889 75 1.0
889 680 1.0
889 747 1.0
889 891 1.0
889 943 1.0
890 2 1.0
890 162 1.0
890 282 1.0
890 300 1.0
890 387 1.0
890 966 1.0
891 562 1.0
891 889 1.0
891 966 1.0
892 44 1.0
892 237 1.0
892 893 1.0
893 231 1.0
893 239 1.0
893 752 1.0
893 892 1.0
893 938 1.0
893 975 1.0
894 57 1.0
894 153 1.0
894 497 1.0
894 501 1.0
894 523 1.0
894 528 1.0
894 594 1.0
894 705 1.0
894 914 1.0
895 129 1.0
895 130 1.0
895 141 1.0
895 384 1.0
895 454 1.0
895 944 1.0
895 950 1.0
895 981 1.0
896 74 1.0
896 339 1.0
896 412 1.0
896 623 1.0
896 898 1.0
896 970 1.0
897 23 1.0
897 357 1.0
897 384 1.0
897 410 1.0
897 513 1.0
898 64 1.0
898 112 1.0
898 113 1.0
898 536 1.0
898 674 1.0
898 857 1.0
898 896 1.0
899 33 1.0
899 38 1.0
899 217 1.0
899 279 1.0
899 348 1.0
899 771 1.0
899 978 1.0
900 277 1.0
900 514 1.0
900 708 1.0
900 790 1.0
901 421 1.0
901 469 1.0
901 567 1.0
901 718 1.0
902 29 1.0
902 289 1.0
902 385 1.0
902 459 1.0
902 546 1.0
902 683 1.0
902 745 1.0
902 838 1.0
902 843 1.0
902 943 1.0
903 92 1.0
903 153 1.0
903 180 1.0
903 182 1.0
903 671 1.0
904 41 1.0
904 703 1.0
904 704 1.0
904 732 1.0
904 793 1.0
904 806 1.0
905 322 1.0
905 396 1.0
905 546 1.0
905 883 1.0
906 55 1.0
906 253 1.0
906 829 1.0
906 965 1.0
907 152 1.0
907 280 1.0
907 399 1.0
907 540 1.0
907 605 1.0
907 918 1.0
907 927 1.0
907 989 1.0
908 324 1.0
908 355 1.0
908 404 1.0
908 487 1.0
908 587 1.0
908 693 1.0
908 807 1.0
908 864 1.0
908 988 1.0
909 138 1.0
909 169 1.0
909 495 1.0
909 972 1.0
910 71 1.0
910 210 1.0
910 217 1.0
910 288 1.0
910 564 1.0
910 574 1.0
910 958 1.0
911 395 1.0
911 782 1.0
911 784 1.0
912 126 1.0
912 299 1.0
912 325 1.0
912 475 1.0
913 7 1.0
913 253 1.0
913 320 1.0
913 564 1.0
913 772 1.0
914 557 1.0
914 644 1.0
914 852 1.0
914 894 1.0
915 468 1.0
915 550 1.0
915 835 1.0
916 72 1.0
916 152 1.0
916 298 1.0
916 330 1.0
916 545 1.0
916 980 1.0
917 120 1.0
917 143 1.0
917 353 1.0
917 521 1.0
917 582 1.0
917 850 1.0
918 261 1.0
918 907 1.0
918 957 1.0
919 293 1.0
919 510 1.0
919 586 1.0
920 442 1.0
920 513 1.0
920 588 1.0
920 684 1.0
920 825 1.0
920 884 1.0
921 75 1.0
921 139 1.0
921 401 1.0
921 596 1.0
921 945 1.0
922 291 1.0
922 295 1.0
922 388 1.0
922 690 1.0
922 708 1.0
922 773 1.0
922 956 1.0
923 154 1.0
923 339 1.0
923 352 1.0
923 407 1.0
923 587 1.0
923 721 1.0
923 951 1.0
924 146 1.0
924 355 1.0
924 608 1.0
924 814 1.0
924 963 1.0
925 259 1.0
925 296 1.0
925 566 1.0
925 701 1.0
925 870 1.0
925 881 1.0
926 182 1.0
926 342 1.0
926 655 1.0
926 804 1.0
927 816 1.0
927 859 1.0
927 907 1.0
928 384 1.0
928 648 1.0
928 768 1.0
928 801 1.0
928 821 1.0
929 206 1.0
929 285 1.0
929 319 1.0
929 817 1.0
929 828 1.0
930 110 1.0
930 291 1.0
930 828 1.0
930 877 1.0
931 43 1.0
931 335 1.0
931 460 1.0
932 9 1.0
932 417 1.0
932 824 1.0
932 950 1.0
932 979 1.0
933 214 1.0
933 442 1.0
933 508 1.0
933 679 1.0
934 332 1.0
934 414 1.0
934 819 1.0
935 216 1.0
935 325 1.0
935 704 1.0
935 836 1.0
936 35 1.0
936 101 1.0
936 438 1.0
936 589 1.0
936 833 1.0
936 972 1.0
937 392 1.0
937 752 1.0
937 869 1.0
938 209 1.0
938 418 1.0
938 581 1.0
938 893 1.0
939 298 1.0
939 666 1.0
939 787 1.0
940 111 1.0
940 380 1.0
940 385 1.0
940 427 1.0
940 498 1.0
940 623 1.0
940 752 1.0
940 799 1.0
941 93 1.0
941 270 1.0
941 963 1.0
942 161 1.0
942 310 1.0
942 402 1.0
942 667 1.0
943 440 1.0
943 700 1.0
943 889 1.0
943 902 1.0
944 80 1.0
944 81 1.0
944 85 1.0
944 131 1.0
944 481 1.0
944 704 1.0
944 738 1.0
944 781 1.0
944 859 1.0
944 895 1.0
945 53 1.0
945 219 1.0
945 598 1.0
945 921 1.0
946 4 1.0
946 18 1.0
946 355 1.0
946 619 1.0
946 964 1.0
946 972 1.0
947 126 1.0
947 328 1.0
947 954 1.0
948 431 1.0
948 710 1.0
948 870 1.0
949 91 1.0
949 207 1.0
949 337 1.0
950 370 1.0
950 565 1.0
950 764 1.0
950 895 1.0
950 932 1.0
950 953 1.0
951 320 1.0
951 616 1.0
951 649 1.0
951 723 1.0
951 923 1.0
952 53 1.0
952 234 1.0
952 644 1.0
952 873 1.0
953 117 1.0
953 674 1.0
953 950 1.0
954 166 1.0
954 288 1.0
954 607 1.0
954 777 1.0
954 947 1.0
955 149 1.0
955 332 1.0
955 490 1.0
955 989 1.0
956 661 1.0
956 817 1.0
956 922 1.0
957 21 1.0
957 104 1.0
957 132 1.0
957 244 1.0
957 353 1.0
957 918 1.0
957 968 1.0
957 971 1.0
957 977 1.0
958 155 1.0
958 334 1.0
958 508 1.0
958 770 1.0
958 910 1.0
959 224 1.0
959 546 1.0
959 753 1.0
959 791 1.0
959 826 1.0
960 240 1.0
960 245 1.0
960 505 1.0
960 617 1.0
960 660 1.0
960 720 1.0
960 817 1.0
960 885 1.0
960 980 1.0
961 621 1.0
961 631 1.0
961 736 1.0
962 83 1.0
962 136 1.0
962 386 1.0
962 549 1.0
962 780 1.0
963 344 1.0
963 447 1.0
963 924 1.0
963 941 1.0
964 272 1.0
964 632 1.0
964 813 1.0
964 946 1.0
965 335 1.0
965 474 1.0
965 906 1.0
966 846 1.0
966 890 1.0
966 891 1.0
967 549 1.0
967 667 1.0
968 198 1.0
968 618 1.0
968 695 1.0
968 957 1.0
969 348 1.0
969 436 1.0
969 480 1.0
969 491 1.0
969 560 1.0
969 601 1.0
970 131 1.0
970 222 1.0
970 333 1.0
970 336 1.0
970 372 1.0
970 896 1.0
971 11 1.0
971 349 1.0
971 389 1.0
971 401 1.0
971 579 1.0
971 957 1.0
972 105 1.0
972 140 1.0
972 172 1.0
972 909 1.0
972 936 1.0
972 946 1.0
973 136 1.0
973 240 1.0
973 242 1.0
973 410 1.0
974 600 1.0
974 609 1.0
974 811 1.0
975 160 1.0
975 305 1.0
975 430 1.0
975 784 1.0
975 893 1.0
975 977 1.0
976 74 1.0
976 321 1.0
976 444 1.0
977 98 1.0
977 552 1.0
977 648 1.0
977 780 1.0
977 887 1.0
977 957 1.0
977 975 1.0
978 23 1.0
978 269 1.0
978 899 1.0
979 306 1.0
979 382 1.0
979 932 1.0
980 62 1.0
980 916 1.0
980 960 1.0
981 103 1.0
981 153 1.0
981 303 1.0
981 507 1.0
981 700 1.0
981 895 1.0
982 359 1.0
982 538 1.0
982 579 1.0
983 105 1.0
983 490 1.0
983 512 1.0
983 518 1.0
984 63 1.0
984 624 1.0
984 725 1.0
985 181 1.0
985 594 1.0
985 680 1.0
986 348 1.0
986 387 1.0
986 566 1.0
987 39 1.0
987 416 1.0
987 627 1.0
987 689 1.0
988 406 1.0
988 656 1.0
988 908 1.0
989 28 1.0
989 661 1.0
989 907 1.0
989 955 1.0
990 362 1.0
990 364 1.0
990 874 1.0
