0 39
0 9
0 105
0 763
0 30
0 77
1 175
1 491
1 12
1 464
1 828
1 70
1 84
1 765
1 537
1 414
2 157
2 533
2 787
2 427
2 782
2 484
2 645
2 89
2 511
3 272
3 700
3 557
3 309
3 560
3 981
3 759
3 864
3 34
3 405
4 235
4 212
4 866
4 603
4 984
4 377
4 57
4 202
5 786
5 486
5 903
5 220
5 926
5 521
6 634
6 313
6 765
6 804
6 7
6 996
6 943
6 238
7 751
7 511
7 752
7 789
7 96
7 287
8 709
8 504
8 831
8 628
8 749
8 223
8 368
8 215
8 991
9 762
9 257
9 249
9 251
9 311
9 458
9 979
9 356
9 875
9 996
10 999
10 706
10 203
10 784
10 739
10 496
10 743
10 422
10 494
10 570
10 906
11 417
11 609
11 363
11 658
11 1
11 523
12 284
12 731
12 655
12 946
12 933
13 842
13 448
13 921
13 808
13 723
13 63
14 250
14 166
14 35
14 745
14 201
14 592
14 131
14 805
14 173
15 719
15 619
15 837
15 403
15 220
15 880
15 495
16 263
16 278
16 750
16 768
16 324
16 276
16 973
16 319
16 460
16 308
16 244
17 990
17 942
17 545
18 227
18 837
18 882
19 486
19 971
19 563
19 399
20 799
20 71
20 772
20 581
20 754
20 893
20 677
20 158
20 269
20 179
20 329
20 98
20 73
21 960
21 718
21 273
21 743
21 904
21 367
21 83
22 947
22 748
22 334
22 527
22 774
22 729
22 839
22 103
22 490
23 76
23 936
23 396
23 894
23 66
23 75
23 849
24 35
24 509
24 559
24 954
25 647
25 410
25 590
25 963
25 976
25 558
25 627
26 112
26 447
26 677
27 810
27 375
27 385
27 767
27 744
27 953
27 765
28 26
28 728
28 974
28 304
28 290
28 34
28 294
29 238
29 562
29 26
30 976
30 90
30 939
30 864
30 241
30 428
30 581
30 970
30 767
30 238
30 787
30 154
31 694
31 858
31 942
31 371
32 367
32 491
32 615
33 306
33 437
33 699
33 570
33 851
33 47
34 295
34 227
34 190
35 464
35 140
35 311
35 7
36 656
36 543
36 42
36 764
36 104
36 611
36 904
36 489
36 973
37 625
37 957
37 838
37 864
38 842
38 508
38 546
38 923
38 652
38 92
38 389
38 788
39 18
39 247
39 986
39 744
39 656
40 666
40 814
40 886
40 610
40 226
40 224
40 136
40 449
40 14
41 886
41 486
41 973
41 800
41 755
41 207
41 805
41 916
42 461
42 799
42 47
42 720
42 829
42 475
42 900
43 979
43 533
43 632
43 516
43 108
43 803
43 973
43 523
43 176
43 760
43 382
43 818
44 963
44 457
44 926
44 526
44 400
45 532
45 478
45 364
45 496
45 792
45 234
45 435
45 137
45 603
45 379
45 558
45 177
45 817
45 584
46 509
46 856
46 70
46 462
46 383
46 363
46 560
47 137
47 702
47 113
47 470
47 859
47 663
48 978
48 398
48 680
48 925
48 912
49 473
49 680
49 872
49 7
49 318
49 290
49 557
49 644
49 909
50 597
50 584
50 910
50 93
50 850
51 933
51 579
51 264
51 375
51 17
51 294
52 57
52 529
52 287
52 71
52 607
52 758
53 577
53 702
53 760
53 72
53 866
53 406
53 915
53 207
54 951
54 809
54 448
54 432
54 934
55 30
55 413
55 970
55 336
55 687
55 482
55 908
55 318
55 332
55 333
55 754
56 530
56 118
56 276
56 989
56 602
56 309
56 876
57 767
57 550
57 942
58 506
58 41
58 350
58 957
58 251
59 14
59 409
59 612
59 447
59 627
59 949
59 894
59 501
59 987
59 3
60 572
60 78
60 996
61 755
61 611
61 2
61 968
61 539
61 829
61 524
61 529
61 287
61 934
62 362
62 536
62 210
62 487
62 862
62 578
62 737
63 315
63 392
63 849
63 493
63 562
63 602
63 393
63 115
63 238
63 120
63 513
64 327
64 525
64 262
64 939
64 489
64 247
65 842
65 210
65 46
65 414
65 169
66 955
66 326
66 839
66 689
66 311
66 811
66 194
66 785
67 422
67 263
67 652
67 49
67 298
67 268
67 79
67 409
67 921
68 609
68 987
68 860
68 820
68 925
68 988
68 844
68 290
68 765
68 386
68 866
69 310
69 340
69 679
69 49
69 938
69 576
70 565
70 845
70 787
70 450
70 197
71 44
71 446
71 101
71 775
71 27
71 330
72 676
72 64
72 470
72 190
72 589
72 382
72 348
73 259
73 274
73 87
73 743
73 624
73 532
73 367
73 604
73 542
74 290
74 164
74 583
74 460
74 516
74 338
74 181
75 266
75 884
75 409
75 82
75 671
75 163
76 303
76 943
76 464
76 368
76 352
76 41
76 717
76 437
77 916
77 860
77 508
78 892
78 601
78 237
78 792
78 630
78 215
78 275
78 882
79 579
79 938
79 43
79 517
79 515
80 495
80 355
80 334
80 253
81 988
81 949
81 25
81 98
81 952
81 22
81 872
81 580
82 498
82 438
82 895
82 366
82 115
82 417
83 377
83 542
83 386
83 844
84 796
84 542
84 378
84 677
84 160
85 31
85 533
85 159
85 97
85 590
85 212
86 475
86 793
86 721
86 703
86 488
87 88
87 143
87 781
87 898
87 49
87 450
87 165
87 801
87 849
87 8
87 117
87 842
88 203
88 795
88 458
88 654
88 782
88 279
89 234
89 488
89 525
89 648
89 330
90 450
90 638
90 157
90 230
90 680
90 406
90 808
91 193
91 127
91 669
91 676
91 244
91 143
92 328
92 15
92 890
93 77
93 973
93 450
93 162
93 625
93 139
93 821
93 402
93 879
93 536
94 240
94 605
94 366
94 982
94 465
94 780
94 444
94 302
94 600
95 780
95 467
95 626
95 640
95 673
95 808
95 736
95 489
95 909
95 609
95 209
95 737
96 803
96 838
96 765
96 335
96 395
96 310
96 517
97 647
97 361
97 547
97 65
97 579
97 583
98 541
98 811
98 166
98 316
98 11
98 953
98 563
98 208
98 558
98 791
99 580
99 476
99 49
99 158
99 450
99 436
100 20
100 735
100 639
100 788
100 832
101 756
101 401
101 455
101 80
101 605
102 935
102 377
102 983
102 197
102 579
103 913
103 880
103 207
103 757
103 962
103 395
103 981
104 594
104 36
104 923
104 271
104 156
104 754
104 646
104 919
105 273
105 444
105 0
105 555
105 11
105 226
105 655
106 713
106 401
106 103
106 219
106 964
106 746
107 186
107 104
107 530
107 259
107 513
107 881
107 57
107 378
108 682
108 145
108 331
108 106
108 725
108 748
109 730
109 304
109 488
109 113
109 99
109 262
109 155
109 120
109 536
109 230
110 373
110 862
110 361
110 117
111 613
111 921
111 342
111 24
111 194
111 907
111 622
111 824
111 371
111 664
111 183
112 367
112 523
112 18
112 601
112 878
112 960
112 400
112 899
113 138
113 891
113 521
113 375
113 238
113 987
114 395
114 227
114 433
114 460
114 737
115 699
115 141
115 386
115 889
116 194
116 800
116 944
116 848
116 598
116 581
116 727
117 153
117 714
117 975
118 355
118 974
118 184
118 782
119 240
119 738
119 317
119 455
120 383
120 559
120 807
120 294
120 34
121 27
121 0
121 15
121 74
121 653
121 242
122 397
122 761
122 686
122 155
122 551
122 363
122 782
123 589
123 360
123 210
124 138
124 735
124 108
124 51
124 814
124 792
124 187
125 71
125 234
125 826
125 960
125 993
125 744
126 67
126 930
126 68
126 522
126 477
126 87
127 261
127 123
127 644
127 848
127 960
127 239
127 907
127 96
127 522
127 708
127 593
127 298
127 728
128 713
128 941
128 581
128 192
128 304
129 408
129 606
129 674
129 563
129 806
129 658
129 452
129 889
130 75
130 146
130 424
130 148
130 107
130 451
130 549
130 984
130 609
130 948
130 46
131 686
131 429
131 584
131 45
132 243
132 231
132 30
132 131
132 584
132 563
132 235
133 50
133 629
133 572
133 150
133 303
133 58
133 991
133 175
134 349
134 874
134 919
134 237
134 382
134 147
134 925
134 435
135 204
135 467
135 445
135 744
135 942
135 718
136 379
136 168
136 166
136 603
136 871
137 636
137 873
137 933
138 616
138 72
138 534
138 626
138 629
138 27
138 603
138 700
138 137
139 804
139 685
139 242
139 600
139 421
139 769
139 316
139 592
139 444
140 43
140 928
140 51
140 953
140 99
140 788
140 661
141 28
141 124
141 719
141 417
141 681
141 301
141 818
141 298
141 726
142 162
142 535
142 952
143 845
143 550
143 348
143 982
144 405
144 791
144 361
144 800
144 436
144 237
144 227
144 699
144 961
144 284
145 689
145 316
145 825
145 732
145 47
145 231
145 286
146 20
146 554
146 937
146 536
146 942
146 719
147 813
147 240
147 18
148 127
148 518
148 948
148 472
148 294
148 990
148 941
148 182
149 281
149 200
149 643
149 560
149 90
149 592
150 698
150 221
150 929
150 437
150 994
150 491
151 964
151 305
151 375
151 916
151 965
151 403
152 307
152 67
152 790
152 497
152 380
152 690
152 74
152 826
152 599
152 852
152 791
152 113
153 528
153 185
154 213
154 347
154 697
154 664
154 445
154 569
154 654
155 352
155 50
155 71
155 350
156 211
156 411
156 640
156 924
156 680
156 962
157 195
157 996
157 128
157 733
157 523
157 355
158 332
158 709
158 117
159 183
159 77
159 953
159 38
159 843
160 287
160 890
160 370
160 581
160 457
160 518
160 472
160 619
160 914
161 640
161 815
162 461
162 728
162 420
162 610
162 38
162 436
162 402
162 31
162 71
163 397
163 908
163 919
163 32
163 165
163 414
163 731
163 465
163 342
163 975
164 214
164 615
164 641
164 567
164 229
164 120
164 481
165 935
165 192
165 876
165 539
165 703
166 459
166 732
166 787
166 35
166 168
166 577
166 734
166 686
167 927
167 169
167 903
167 490
167 567
168 406
168 133
168 449
168 395
168 666
168 623
168 991
168 363
169 541
169 168
169 666
169 601
169 12
169 942
170 799
170 161
170 999
170 567
170 159
170 870
170 45
170 770
171 679
171 886
171 875
171 744
171 682
171 557
171 93
171 739
172 611
172 934
172 657
172 662
172 455
173 960
173 578
173 644
173 666
174 907
174 49
174 440
175 234
175 332
175 579
175 955
175 481
175 633
175 784
175 989
175 671
175 179
175 87
175 454
175 365
175 755
176 66
176 221
176 793
176 941
176 983
176 581
176 837
177 297
177 898
177 417
177 273
177 995
178 177
178 674
178 488
178 868
178 334
178 495
178 656
178 31
179 218
179 205
179 388
179 53
179 724
179 71
180 371
180 108
180 738
180 346
180 315
180 797
180 705
180 947
181 811
181 153
181 495
181 388
181 854
181 351
181 625
181 674
181 430
181 434
181 960
181 105
182 612
182 297
182 572
182 89
182 925
182 878
182 545
182 36
182 165
182 969
183 596
183 259
183 97
183 34
183 415
183 282
183 935
183 718
184 253
184 431
184 427
184 567
184 630
185 52
185 579
185 791
185 67
185 214
185 440
185 806
186 193
186 240
186 669
186 26
187 975
187 542
188 279
188 11
188 529
188 873
188 92
188 169
188 302
189 380
189 100
189 66
189 639
189 761
189 894
190 915
190 935
190 148
190 980
190 51
190 691
190 419
190 881
191 476
191 118
191 767
191 697
191 258
192 746
192 168
192 729
192 124
193 851
193 582
194 757
194 365
194 351
194 530
194 700
194 173
194 347
194 893
194 569
195 365
195 921
195 270
195 876
195 837
195 524
196 327
196 231
196 797
196 399
196 831
197 591
197 625
198 34
198 900
198 619
198 76
198 21
198 977
198 280
199 24
199 255
199 900
199 757
199 427
199 994
199 613
199 92
200 761
200 81
200 110
200 881
200 879
200 485
200 827
200 108
201 863
201 439
201 120
201 953
201 809
201 952
201 286
202 640
202 180
202 564
202 735
202 509
202 418
202 884
203 498
203 537
203 298
203 295
203 265
204 215
204 646
204 137
204 756
205 513
205 72
205 64
205 172
205 82
206 925
206 469
206 334
206 705
207 267
207 687
207 972
207 744
207 450
207 587
207 310
207 857
208 56
208 118
208 460
208 257
208 857
208 989
208 977
208 808
208 467
208 368
208 40
209 843
209 381
209 538
209 507
209 60
209 110
209 490
209 182
210 70
210 280
210 867
210 61
210 658
210 116
211 333
211 293
211 248
211 252
211 40
211 303
211 493
211 889
212 148
212 715
212 237
212 399
212 412
212 885
213 505
213 662
213 734
213 888
213 924
213 516
213 507
213 462
214 950
214 64
214 986
214 96
214 444
214 799
214 392
214 469
214 27
214 936
214 18
214 284
214 268
214 229
215 546
215 838
215 266
215 213
215 469
215 438
216 109
216 156
216 295
216 13
216 193
216 705
217 973
217 529
217 594
217 13
217 481
217 550
217 54
217 650
218 420
218 691
218 728
218 74
218 904
218 680
218 308
218 133
219 835
219 154
219 388
219 242
220 452
220 612
220 373
220 207
220 868
221 198
221 176
221 563
221 782
222 643
222 316
222 843
222 394
222 715
222 279
222 741
222 270
222 145
223 110
223 501
223 448
223 629
223 360
223 199
223 486
223 595
223 433
224 802
224 267
224 227
224 982
224 566
224 428
224 432
224 684
225 613
225 539
225 628
225 633
225 81
225 454
225 54
225 264
226 813
226 265
226 887
226 698
226 506
226 31
226 408
226 356
226 417
226 744
226 462
226 370
226 717
227 102
227 219
227 156
227 885
227 378
227 276
227 701
227 913
227 972
228 588
228 217
228 873
228 385
228 483
228 686
228 72
228 851
228 281
228 682
229 97
229 930
229 363
229 480
229 988
229 185
229 748
229 863
230 733
230 791
230 164
230 887
230 125
231 307
231 236
231 536
231 108
231 235
232 469
232 250
232 750
232 313
232 177
232 434
232 289
233 539
233 424
233 923
233 477
233 397
233 36
233 365
233 635
233 224
233 681
234 707
234 332
234 933
234 879
235 18
235 973
235 696
235 924
235 629
235 275
236 375
236 200
236 65
236 306
236 290
237 388
237 58
237 7
237 298
237 891
238 290
238 392
238 260
238 204
238 798
238 843
239 817
239 479
239 458
239 607
239 188
240 896
240 400
240 102
240 620
240 194
240 60
240 217
241 144
241 246
241 166
241 700
241 679
241 994
241 598
241 898
241 592
241 162
241 979
242 124
242 930
242 676
242 701
242 87
242 833
243 726
243 864
243 878
243 992
243 865
243 662
243 898
244 807
244 37
244 529
244 829
245 853
245 480
245 560
245 609
245 850
246 248
246 44
246 580
247 180
247 60
247 443
247 101
247 303
248 486
248 546
248 766
248 968
248 103
248 579
248 478
248 849
248 476
248 700
248 908
248 503
249 649
249 264
249 404
249 839
249 452
249 984
249 94
249 98
249 159
250 89
250 480
251 639
251 878
251 562
252 126
252 211
252 568
252 859
252 594
253 102
253 492
253 504
253 989
253 330
253 694
253 422
253 991
253 968
254 958
254 933
254 12
254 322
254 238
254 562
254 41
254 637
254 744
255 284
255 88
255 590
255 434
255 614
255 726
255 211
255 38
256 374
256 749
256 501
256 35
256 460
257 344
257 879
257 839
257 586
257 94
258 182
258 3
258 540
258 782
258 490
258 456
258 150
258 287
259 377
259 206
259 4
259 91
259 916
259 178
260 253
260 999
260 646
260 488
260 88
260 715
261 85
261 424
261 108
261 333
261 123
261 194
261 885
261 238
261 996
261 358
262 962
262 700
262 663
262 277
262 769
262 975
262 432
262 752
262 26
263 956
263 177
263 110
263 561
264 800
264 368
264 631
264 805
264 96
264 253
264 185
264 824
264 895
265 144
265 504
265 498
265 682
265 714
265 737
265 49
266 881
266 943
266 350
266 641
267 688
267 5
267 357
267 699
268 715
268 561
268 500
268 886
268 929
268 686
269 70
269 244
269 721
269 184
269 880
269 678
269 890
269 856
269 243
269 797
269 252
270 595
270 302
270 128
270 805
271 844
271 58
271 80
271 809
271 381
271 563
271 79
272 302
272 571
272 915
272 169
272 471
272 778
272 23
273 246
273 490
273 66
273 805
273 489
273 333
273 245
273 816
273 324
273 82
273 742
274 806
274 542
274 96
274 507
274 208
274 519
274 731
274 905
274 691
275 182
275 398
275 729
275 77
275 389
275 78
275 97
275 134
276 357
276 759
276 525
276 134
276 204
276 822
276 782
276 230
276 837
276 84
276 8
277 121
277 508
277 529
277 695
277 939
277 315
278 711
278 470
278 945
278 453
279 364
279 613
279 47
279 300
279 565
279 220
279 179
279 988
279 428
279 463
280 978
280 105
280 718
281 824
281 446
281 544
281 226
281 555
282 751
282 670
282 352
282 731
282 859
283 667
283 25
283 680
283 40
283 887
283 384
283 499
284 833
284 746
284 712
284 113
284 954
284 830
284 338
284 253
284 750
284 681
285 932
285 542
285 544
285 664
285 832
286 343
286 911
286 963
286 20
286 910
286 514
286 616
286 919
287 884
287 417
287 963
287 904
287 760
287 480
287 923
287 430
287 944
287 791
287 196
288 250
288 824
288 805
288 628
289 402
289 801
289 921
289 149
289 817
289 379
289 656
289 189
290 358
290 78
290 465
290 372
290 150
290 50
290 31
290 315
290 989
291 354
291 69
291 529
291 347
291 849
291 730
291 986
291 71
291 690
291 695
292 111
292 428
292 780
292 65
292 851
292 376
292 40
292 312
292 328
292 350
293 801
293 300
293 226
293 484
293 596
293 306
293 783
294 663
294 278
294 433
295 207
295 654
295 55
295 369
295 68
295 630
295 406
295 340
295 925
296 705
296 135
296 263
296 536
296 94
296 360
296 303
296 813
296 572
297 116
297 356
297 289
297 812
297 597
297 351
297 827
297 926
297 349
298 760
298 463
298 958
298 356
298 425
298 571
298 856
298 875
299 629
299 604
299 196
299 742
299 3
300 883
300 758
300 200
300 961
300 218
300 628
300 904
300 788
300 701
300 828
300 465
300 988
300 259
301 75
301 879
301 238
301 145
301 175
301 380
302 246
302 292
302 72
302 528
302 515
302 217
303 954
303 716
303 750
303 759
303 751
304 83
304 220
304 58
304 885
304 100
304 353
305 101
305 905
305 382
305 791
305 564
305 60
305 438
305 39
306 474
306 246
306 87
306 893
307 890
307 7
307 6
307 752
308 275
308 149
308 25
308 649
308 320
308 209
308 111
308 948
308 61
308 374
308 590
308 179
308 66
308 355
309 205
309 268
310 944
310 450
310 577
310 159
310 19
310 234
310 782
311 573
311 574
311 603
311 957
311 365
311 598
311 862
311 807
312 786
312 815
312 35
312 469
312 560
312 151
313 897
313 447
314 193
314 199
314 224
314 13
314 549
314 82
314 368
314 393
315 655
315 497
315 745
315 481
316 188
316 335
316 522
316 192
316 591
316 340
316 698
316 829
316 150
316 565
317 159
317 171
317 952
317 750
317 721
317 144
317 984
317 875
317 247
317 353
317 74
317 183
317 553
318 887
318 688
318 923
318 224
318 674
318 66
318 309
319 783
319 541
319 886
319 220
319 745
320 611
320 217
320 527
320 708
320 150
320 895
320 827
320 928
320 685
320 470
321 605
321 655
321 155
321 978
321 544
321 708
321 920
321 896
321 503
322 698
322 694
322 716
322 506
322 304
322 77
322 326
323 308
323 205
323 624
323 126
323 678
323 383
323 938
323 297
324 680
324 482
324 595
324 949
324 175
324 177
324 802
324 358
324 395
324 983
324 571
325 215
325 404
325 853
325 413
326 1
326 953
326 695
326 517
326 62
326 927
326 558
327 143
327 140
327 684
327 50
327 4
327 509
328 50
328 698
328 410
328 383
328 608
329 654
329 137
329 615
329 736
329 128
329 119
329 19
329 557
330 619
330 973
330 820
330 753
330 329
330 787
330 963
330 130
330 444
330 914
331 411
331 813
331 975
331 960
332 656
332 128
332 540
332 366
332 591
332 917
332 569
332 228
332 922
333 744
333 407
333 374
333 71
333 428
333 394
333 574
333 169
333 51
333 316
333 59
334 606
334 656
334 642
334 268
334 153
335 686
335 493
335 602
335 27
335 787
335 581
335 395
335 175
335 845
335 785
335 421
336 285
336 763
336 258
336 901
336 636
336 581
337 569
337 995
337 968
337 419
337 659
338 445
338 379
338 553
339 654
339 548
339 114
339 369
339 597
339 827
339 980
339 736
340 443
340 39
340 462
340 163
340 36
340 89
340 382
340 323
340 753
341 903
341 39
341 806
341 714
341 142
341 975
342 505
343 860
343 374
343 588
344 459
344 794
344 192
344 912
344 171
344 188
345 675
345 190
345 609
345 330
345 761
346 648
346 196
346 42
346 233
347 523
347 207
347 841
347 221
347 616
347 527
347 661
347 412
347 941
347 458
347 482
347 53
347 556
347 888
348 882
348 621
348 945
348 544
348 71
348 304
348 337
348 929
349 855
349 305
349 159
349 90
349 303
349 816
349 161
349 496
350 939
350 215
350 193
350 501
350 725
350 862
350 757
350 337
350 833
350 179
351 754
351 665
351 792
351 71
351 975
352 234
352 122
352 322
352 761
352 44
352 94
353 262
353 428
353 146
353 215
353 658
353 466
353 644
353 229
353 409
354 430
354 166
354 914
354 548
354 670
355 453
356 0
356 332
356 863
356 528
356 821
356 200
356 671
356 210
356 970
356 460
356 899
356 843
357 131
357 234
357 902
357 950
357 255
357 39
357 750
357 46
357 324
358 209
358 884
358 164
358 954
358 820
358 960
359 236
359 272
359 60
359 167
359 595
359 629
359 291
359 662
360 524
360 673
360 234
360 543
360 502
360 148
360 466
360 594
360 873
361 950
361 203
361 804
362 903
362 796
362 658
362 28
362 556
362 534
362 690
362 715
362 917
362 346
362 198
362 418
363 454
363 756
363 743
363 99
363 108
363 815
363 956
363 387
363 62
363 28
363 434
363 380
363 172
364 595
364 374
364 210
364 772
364 217
364 555
364 111
364 443
364 244
364 511
364 5
364 0
364 556
364 4
364 517
365 557
365 366
365 604
365 288
366 865
366 86
366 56
366 478
366 557
366 211
366 873
366 452
366 385
366 341
366 375
366 562
367 632
367 889
367 914
367 342
367 994
367 606
368 728
368 791
368 911
368 809
368 595
368 743
368 5
368 973
368 296
368 968
368 218
369 452
369 623
369 982
369 456
369 248
370 10
370 239
370 124
370 345
370 86
371 363
371 933
371 430
371 670
371 165
371 80
371 18
371 322
372 161
372 355
372 577
372 757
372 206
372 434
372 707
372 976
373 14
373 329
373 917
373 101
373 166
373 792
374 271
374 401
374 573
374 363
374 474
374 677
374 316
375 934
375 989
375 532
375 848
375 627
375 479
375 948
375 793
375 278
375 472
375 368
376 3
376 353
376 158
376 88
376 933
376 874
377 162
377 113
377 139
377 247
377 6
377 320
377 572
377 568
377 561
377 2
377 770
378 159
378 153
378 973
378 410
378 860
378 708
378 52
378 876
379 178
379 610
379 915
379 149
379 109
379 327
379 272
379 936
380 672
380 928
380 862
380 37
380 501
380 876
381 555
381 547
381 942
381 981
381 985
381 594
381 24
382 243
382 950
382 257
382 815
382 920
382 334
383 856
383 513
383 267
383 910
384 974
384 855
384 801
384 949
385 853
385 545
385 583
385 145
385 185
385 178
385 580
386 805
386 381
386 179
386 947
386 523
386 944
386 202
387 253
387 988
387 733
387 650
387 125
387 83
387 450
388 841
388 833
389 327
389 234
389 977
389 637
389 155
389 825
389 265
389 685
390 665
390 478
390 671
390 812
390 879
390 297
391 479
391 264
391 340
391 797
391 36
392 338
392 718
392 857
392 140
392 217
392 271
392 610
392 598
393 692
393 50
393 685
393 585
393 711
393 950
393 76
393 293
393 522
394 36
394 123
394 998
394 934
394 155
394 319
395 701
395 70
395 899
395 558
395 307
395 289
396 53
396 646
396 280
396 15
396 333
397 283
397 570
397 911
397 528
397 178
398 942
398 618
398 959
398 230
398 859
398 693
399 229
399 519
399 255
399 961
399 907
399 305
399 738
399 362
400 660
400 856
400 32
400 932
400 148
400 945
400 712
400 908
400 534
400 6
400 704
401 843
401 43
401 280
401 787
401 542
401 442
401 176
401 192
401 761
401 730
402 274
402 111
402 977
402 841
403 589
403 327
403 150
403 387
403 901
404 216
404 945
404 865
404 405
404 90
404 560
404 553
404 801
404 206
405 180
405 694
405 601
406 96
406 109
406 449
406 374
406 93
406 51
406 979
406 97
406 86
407 963
407 735
407 803
407 955
407 583
407 981
407 789
408 858
408 278
408 878
408 401
408 656
409 257
409 524
409 611
409 79
409 713
409 605
410 211
410 111
410 185
410 409
410 213
410 837
410 389
411 488
411 740
411 491
411 327
411 543
411 89
411 429
411 192
411 652
411 359
411 6
412 595
412 93
413 36
413 985
413 855
413 569
413 868
413 801
413 105
414 222
414 605
414 166
414 561
414 996
414 360
414 84
414 366
415 987
415 141
415 441
415 824
415 755
416 151
416 866
416 421
416 48
416 148
417 395
417 155
417 23
417 291
418 81
418 720
418 750
418 639
418 668
418 870
418 682
418 46
418 248
419 104
419 302
419 687
419 312
419 676
419 278
419 880
419 903
419 59
419 237
419 552
420 720
420 782
420 539
420 787
420 234
420 802
420 748
420 307
420 115
420 364
420 887
421 176
421 37
421 424
421 837
421 740
421 586
422 319
422 339
422 433
422 813
422 32
422 563
422 276
422 125
422 137
423 396
423 348
423 555
423 430
423 475
423 630
424 102
424 960
424 367
424 444
424 588
424 316
424 949
424 562
424 589
425 795
425 921
425 544
425 725
425 400
425 51
425 592
426 15
426 230
426 115
426 295
426 800
426 246
426 170
426 361
426 997
427 416
427 305
427 448
428 179
428 232
428 739
428 570
428 86
429 177
429 569
429 278
429 598
429 337
429 267
430 799
430 317
430 334
430 631
431 667
431 557
431 468
431 125
431 257
431 553
432 132
432 705
433 490
433 507
433 512
433 868
433 358
433 549
433 808
433 827
433 112
433 498
433 153
433 573
433 32
433 877
434 954
434 665
434 832
434 823
434 244
434 100
434 943
434 44
435 673
435 646
435 154
435 423
435 800
435 581
436 133
436 598
436 128
436 384
436 1
436 391
436 613
437 321
437 668
437 546
437 554
438 722
438 187
438 481
438 285
438 472
439 381
439 685
439 273
439 594
439 116
439 997
439 884
440 365
440 391
440 593
440 548
440 34
440 260
440 753
440 444
441 632
441 168
441 720
441 6
441 63
441 72
441 312
441 978
441 5
441 64
441 686
441 729
441 457
442 287
442 866
442 244
442 211
442 423
442 496
443 418
443 259
443 545
443 698
443 647
444 629
444 215
444 590
444 746
444 35
444 106
444 613
445 875
445 944
445 324
445 387
445 308
445 983
445 329
445 319
446 862
446 69
446 971
446 23
446 763
446 141
446 516
447 921
447 591
447 407
447 657
447 932
447 354
447 253
448 621
448 398
448 73
448 723
448 952
448 800
449 595
449 812
449 246
449 442
450 570
450 959
450 496
450 121
450 487
450 687
450 357
450 578
451 989
451 127
451 114
451 794
451 464
451 91
451 64
451 522
452 835
452 805
452 371
452 188
452 335
452 538
452 610
452 885
452 503
452 723
452 37
453 543
453 599
453 908
453 422
454 148
454 604
454 918
454 304
454 2
454 786
454 38
454 142
455 19
455 694
455 894
455 677
455 665
455 125
455 427
455 864
455 559
455 58
456 337
456 544
456 720
456 633
456 34
456 929
456 421
456 791
456 283
456 309
456 688
457 820
457 400
457 731
457 594
457 821
457 214
457 12
457 485
457 797
457 301
457 589
457 317
458 991
458 717
458 518
458 748
458 588
458 300
458 749
458 406
458 92
459 826
459 795
459 3
460 537
460 561
460 733
460 573
460 211
461 541
461 540
461 379
461 314
461 202
461 133
461 981
461 795
461 134
461 690
461 603
461 994
461 775
461 55
462 600
462 968
462 826
462 549
462 973
462 853
462 753
462 133
462 706
463 874
463 149
463 119
463 236
463 593
463 264
464 604
464 187
464 931
464 477
464 474
464 933
464 953
465 522
465 64
465 687
465 800
465 690
465 392
465 828
465 168
465 19
465 660
465 677
465 525
465 716
465 279
466 790
466 514
466 838
466 192
466 891
467 538
467 404
467 960
467 710
467 535
467 883
468 842
468 158
468 210
468 962
468 726
468 757
468 955
469 549
469 342
469 631
469 295
470 285
470 968
470 107
470 147
470 466
470 482
470 780
471 47
471 216
471 269
471 516
471 295
471 459
471 132
472 783
472 552
472 399
472 435
472 268
472 278
472 733
472 784
473 516
473 946
473 532
473 291
473 422
473 511
473 21
474 702
474 552
474 348
474 718
474 694
474 471
474 192
474 422
475 54
475 932
475 238
475 212
475 288
475 197
475 893
475 117
475 565
476 57
476 819
476 604
476 615
476 311
476 494
476 974
476 549
476 638
476 646
476 589
476 860
477 399
477 974
477 204
477 742
477 37
477 645
478 573
478 566
478 630
478 136
478 636
478 219
478 639
478 803
478 152
479 816
479 287
480 87
480 889
480 892
480 884
480 754
480 432
480 516
481 186
481 381
481 630
481 575
481 528
481 649
481 544
481 20
481 216
482 403
482 575
482 557
482 925
482 164
482 660
482 681
483 895
483 428
483 136
483 169
483 739
483 744
483 694
483 585
483 909
483 444
483 474
484 70
484 359
484 856
484 285
484 111
484 165
485 142
485 814
485 275
485 818
485 604
486 303
486 7
486 312
486 674
486 706
486 649
486 364
486 702
486 376
486 952
486 543
487 646
487 195
487 549
487 723
487 714
487 554
487 710
487 137
487 190
487 890
488 839
488 985
488 891
488 510
488 866
488 157
488 494
489 447
489 954
489 23
490 987
490 676
490 234
490 862
490 969
490 141
490 742
491 181
491 824
491 588
491 691
491 40
491 990
491 566
491 211
491 927
491 841
491 641
492 374
492 176
492 225
492 38
492 341
492 372
493 534
493 17
493 144
494 875
494 163
494 389
494 278
494 931
494 483
494 381
494 21
495 734
495 665
495 204
495 194
495 644
495 778
495 798
495 26
495 115
496 137
496 914
496 797
496 63
496 396
496 890
496 978
496 333
497 9
497 77
497 335
497 930
497 314
497 82
497 357
497 585
497 736
498 187
498 761
498 120
498 931
498 40
499 751
499 988
499 760
499 513
499 252
499 1
499 665
499 87
499 422
499 524
499 486
499 776
499 777
500 907
500 413
500 6
500 344
501 332
501 371
501 230
501 936
501 643
501 358
502 702
502 286
502 766
502 747
502 135
502 823
502 983
503 457
503 139
503 481
503 207
503 183
503 795
504 137
504 508
504 468
504 974
504 53
505 720
505 579
505 159
505 534
505 521
505 560
505 754
505 625
505 666
506 705
506 564
506 103
507 415
507 269
507 348
507 154
507 828
507 992
507 532
508 752
508 179
508 937
508 739
508 639
508 281
508 716
508 966
508 901
509 202
509 670
509 511
510 425
510 986
510 380
510 858
510 487
510 598
510 930
510 397
510 907
511 67
511 610
511 907
511 234
511 966
511 827
511 574
511 942
511 265
511 632
511 1
511 972
512 255
512 216
512 221
512 477
512 209
512 570
513 99
513 883
513 371
513 473
513 645
513 919
513 308
514 435
514 505
514 897
514 939
514 199
514 332
514 395
514 999
514 469
515 139
515 421
515 44
515 236
515 828
516 608
516 859
516 314
516 818
516 330
516 124
516 59
517 641
517 493
517 717
517 855
517 845
517 533
517 190
517 108
518 116
518 208
518 502
519 159
519 129
519 459
519 47
520 361
520 164
520 549
520 437
520 103
520 116
520 262
521 574
521 336
521 945
521 429
521 858
521 980
522 734
522 721
522 231
522 951
522 652
522 458
522 702
522 171
522 929
522 837
523 844
523 533
523 55
523 855
524 54
524 480
524 678
524 358
524 490
524 374
525 47
525 129
525 221
525 48
525 330
525 227
525 709
525 577
525 500
525 612
525 126
526 650
526 492
526 985
526 840
527 167
527 493
527 40
527 874
527 909
528 459
528 714
528 443
528 685
528 116
528 772
529 786
529 698
529 923
529 130
529 801
529 101
529 472
529 945
530 399
530 17
530 217
530 351
530 696
530 565
530 661
530 569
530 857
530 328
530 927
530 883
530 577
531 954
531 846
531 893
531 989
531 849
531 529
531 752
532 220
532 999
532 496
532 996
533 497
533 885
533 312
533 287
533 47
533 46
533 743
533 399
533 727
533 87
534 64
534 935
534 965
534 175
534 771
534 551
534 387
534 827
534 823
535 328
535 899
535 709
535 415
535 797
535 510
535 214
535 623
535 207
535 698
536 689
536 475
536 220
536 109
536 402
537 126
537 895
537 642
537 224
537 291
538 83
538 827
538 347
538 996
538 931
538 591
538 662
538 181
538 60
539 962
539 903
539 332
540 346
540 73
540 543
540 788
540 695
540 691
540 74
540 982
540 440
540 201
540 224
540 910
541 963
541 892
541 695
541 37
542 391
542 831
542 581
542 877
542 370
542 258
542 30
542 540
542 879
543 80
543 291
543 912
543 770
543 786
543 497
543 680
543 383
544 832
544 198
544 156
544 610
544 307
544 945
544 456
545 703
545 743
545 715
545 242
545 443
545 115
545 295
545 149
545 27
545 238
546 976
546 219
546 360
546 736
546 700
546 250
546 552
547 332
547 930
547 450
548 570
548 445
548 330
548 233
548 580
548 65
548 104
548 130
548 344
548 481
548 129
549 796
549 409
549 54
549 686
549 450
549 240
550 210
551 31
551 212
551 716
551 318
551 604
551 113
551 880
552 378
552 357
552 93
552 822
552 636
552 514
552 695
552 94
552 146
553 173
553 849
553 29
553 152
553 888
553 225
553 291
554 485
554 469
554 637
554 57
554 560
554 322
554 700
554 862
555 608
555 646
555 462
555 645
555 611
555 35
555 567
555 782
556 184
556 847
556 113
556 948
556 634
557 303
557 920
557 452
557 616
557 652
557 830
557 203
557 798
557 395
558 797
558 290
558 931
558 933
558 566
558 10
558 593
558 222
558 988
558 446
558 839
559 599
559 213
559 804
559 645
559 518
559 0
559 840
560 384
560 161
560 88
560 306
560 421
560 394
560 867
560 367
560 490
560 366
561 875
561 756
561 80
561 512
561 246
561 299
561 928
561 513
561 643
561 67
562 744
562 442
562 468
562 253
562 368
562 275
562 692
562 330
563 549
563 15
563 300
563 60
563 182
564 798
564 81
564 649
564 833
564 383
564 418
564 945
565 376
565 975
565 596
565 969
565 31
565 897
565 422
565 299
565 456
566 302
566 234
566 888
566 39
566 191
566 784
566 353
566 558
567 624
567 743
567 551
567 511
567 477
568 73
568 574
568 848
568 612
568 594
568 751
568 491
569 382
569 275
569 355
569 194
569 912
569 17
569 396
570 497
570 839
570 394
571 377
571 177
571 750
571 564
571 62
571 86
571 297
571 300
571 174
572 425
572 757
572 662
572 489
572 663
572 561
573 848
573 557
573 335
573 825
573 12
573 452
573 719
573 666
573 642
573 407
573 246
574 347
574 638
574 164
574 237
574 486
574 63
574 253
575 596
575 851
576 980
576 529
577 664
577 7
577 926
577 612
577 624
577 592
577 598
577 734
577 933
578 94
579 392
579 913
579 419
579 488
579 745
579 56
579 200
579 663
579 966
579 246
579 263
580 202
580 178
580 309
580 696
580 545
580 193
580 587
580 134
580 648
580 627
581 705
581 159
581 298
581 9
581 95
581 73
582 502
582 916
582 795
582 615
583 151
583 936
583 293
583 963
583 142
583 270
584 873
584 72
584 614
584 762
584 964
584 468
585 71
585 166
585 87
585 64
585 501
585 517
586 694
586 766
586 497
586 648
586 949
586 974
586 122
586 990
586 686
587 175
587 855
587 996
588 460
588 266
588 737
588 885
588 649
589 31
589 609
589 300
589 24
589 743
589 507
589 830
589 161
590 999
590 792
590 516
590 256
590 865
590 708
591 488
591 63
591 931
591 393
591 119
591 708
591 60
592 875
592 388
592 676
592 837
592 822
592 896
592 565
593 76
593 551
593 827
593 865
593 493
593 629
594 433
594 252
594 945
594 703
594 864
594 9
595 475
595 87
595 19
595 896
595 198
595 751
595 319
595 480
595 809
595 831
596 429
596 947
596 126
596 186
596 183
596 283
596 997
597 551
597 129
597 890
597 339
597 489
597 202
598 876
598 809
598 620
598 426
598 550
598 925
598 223
599 609
599 289
599 622
599 203
599 37
599 708
599 613
599 114
600 216
600 628
600 261
600 220
600 299
600 424
601 89
601 92
601 434
602 319
602 520
602 599
602 749
602 143
602 927
603 301
603 130
603 592
603 528
603 7
604 267
604 353
604 953
604 123
604 958
604 424
604 381
604 780
604 719
604 386
604 687
605 172
605 230
605 436
605 989
605 418
605 555
605 95
605 221
605 361
605 958
606 83
606 290
606 195
606 126
606 963
607 544
607 152
607 114
607 698
607 799
608 195
608 653
608 946
608 832
608 381
608 89
608 827
609 915
609 714
609 416
610 455
610 547
610 301
610 230
610 435
610 261
611 942
611 978
611 874
611 446
611 277
612 178
612 993
612 664
612 36
612 506
612 381
612 616
612 25
612 551
613 504
613 353
613 195
613 934
613 229
613 18
613 643
613 138
613 787
613 155
613 663
614 670
614 263
614 831
614 418
615 74
615 104
615 531
615 477
616 792
616 445
616 341
616 506
616 475
616 412
616 96
616 819
617 111
617 136
617 983
617 539
617 843
617 66
617 799
617 520
617 468
617 946
617 290
618 319
618 102
618 55
618 709
618 739
618 872
618 185
619 557
619 914
619 954
619 339
619 720
619 584
620 731
620 673
620 747
620 598
620 793
620 123
620 102
620 317
620 706
621 645
621 742
621 920
621 50
621 534
621 418
621 597
621 537
621 474
621 883
621 922
621 348
622 653
622 683
622 230
622 115
623 586
623 833
623 145
623 898
624 58
624 503
624 163
624 776
624 326
625 537
625 709
625 425
625 889
625 685
625 736
626 865
626 247
626 685
626 361
626 374
626 689
627 465
627 774
627 529
627 920
627 657
627 228
628 101
628 919
628 94
628 933
628 395
629 446
629 308
629 537
629 507
629 742
629 20
629 204
629 824
629 329
629 565
629 81
629 217
629 261
630 605
630 714
630 248
630 255
630 250
630 47
630 192
630 97
631 870
631 667
631 546
632 761
632 424
632 161
632 290
632 485
632 91
633 176
633 259
633 995
633 218
633 899
633 240
634 506
634 633
634 951
634 850
634 232
634 619
634 476
634 658
634 116
634 407
634 844
635 361
635 589
635 909
635 988
636 775
636 638
636 893
636 352
636 881
636 369
636 831
636 601
636 550
636 562
637 141
637 293
637 604
637 571
637 887
637 220
638 774
638 978
638 455
638 624
638 121
638 798
638 971
639 9
639 228
639 687
639 424
639 804
639 493
639 769
639 118
640 423
640 543
640 403
641 717
641 792
641 92
641 370
641 436
641 493
641 463
641 374
641 637
641 964
641 185
642 611
642 315
642 318
642 365
642 744
642 321
642 396
642 965
642 38
642 16
643 972
643 777
643 541
643 26
643 832
643 554
643 833
643 159
643 738
643 445
643 705
644 905
644 325
644 277
644 147
644 126
644 841
644 767
644 545
645 149
645 311
645 123
645 284
645 92
645 479
646 161
646 415
646 703
646 926
647 557
647 966
647 689
647 263
647 385
647 703
648 614
648 170
648 618
648 177
648 425
648 606
648 877
648 56
648 371
648 260
649 184
649 4
649 692
649 736
649 63
649 386
649 20
650 559
650 231
650 301
650 561
650 518
650 862
651 110
651 614
651 948
651 466
652 711
652 415
652 98
652 160
652 861
652 605
652 560
653 79
653 254
653 836
653 901
653 265
653 641
654 262
654 299
654 951
654 396
654 260
654 321
654 375
654 807
654 872
655 295
655 615
655 508
655 241
655 457
655 322
655 468
655 194
655 112
655 543
656 193
656 462
656 471
656 378
656 320
656 804
657 267
657 526
657 599
657 95
657 626
657 237
657 886
657 580
657 545
657 283
658 336
658 44
658 809
658 824
658 758
658 130
658 148
658 865
659 341
659 254
659 635
659 932
659 930
659 319
659 822
660 209
660 383
660 395
660 672
660 348
660 229
660 663
660 198
660 237
660 618
661 384
661 370
661 98
661 401
661 129
661 287
662 254
662 44
662 91
662 774
663 608
663 573
663 86
663 381
663 737
663 333
664 958
664 249
664 20
664 19
664 243
664 518
665 26
665 492
665 958
665 540
665 618
665 172
666 762
666 409
666 420
666 885
666 826
666 120
666 321
667 332
667 124
667 582
667 669
667 414
667 415
667 89
667 491
668 71
668 286
668 737
668 603
668 152
668 45
668 201
668 839
668 854
668 440
669 432
669 590
669 885
669 799
669 152
669 835
669 336
669 149
669 846
669 650
669 341
669 825
669 852
669 28
670 121
670 25
670 306
670 480
671 39
671 521
671 73
671 92
671 987
671 67
671 598
672 918
672 130
672 230
672 100
672 666
672 871
672 476
672 545
673 811
673 394
674 634
674 709
674 24
674 74
674 136
674 749
674 7
675 558
675 45
675 215
675 110
676 628
676 699
676 563
676 481
676 522
676 785
676 935
676 775
677 899
677 969
677 22
677 973
677 136
677 519
677 198
677 206
677 882
677 593
677 668
678 176
678 954
678 294
678 80
678 785
678 825
679 334
679 707
679 15
679 22
679 255
679 659
679 583
679 300
679 200
679 793
679 234
680 79
680 674
680 610
680 735
680 575
680 903
680 824
680 941
680 693
681 672
681 633
681 124
681 785
681 271
681 665
681 762
681 709
681 931
682 531
682 671
682 701
682 774
682 844
682 321
682 792
682 337
682 739
682 473
682 575
683 92
683 76
683 291
683 525
683 721
683 648
684 762
684 544
684 549
684 816
684 180
684 270
684 320
684 82
685 96
685 870
685 241
685 101
685 272
686 556
686 227
686 705
686 817
686 272
686 18
687 601
687 969
687 944
687 409
687 437
687 822
687 587
687 136
688 671
688 525
688 529
688 614
688 270
688 55
688 676
688 226
688 40
688 229
688 905
689 783
689 130
689 718
689 399
689 938
689 201
689 704
689 245
690 815
690 162
690 588
690 373
690 951
690 442
690 136
690 705
690 998
691 267
691 72
691 784
691 854
691 482
691 849
691 788
692 318
692 561
693 592
693 868
694 88
694 339
694 313
694 669
694 367
694 13
694 594
695 200
695 410
695 806
695 847
695 382
695 844
695 586
695 50
695 64
696 693
696 674
696 232
696 882
696 294
696 641
696 729
697 111
697 36
697 505
697 208
697 874
697 763
697 550
698 833
698 453
698 463
698 701
698 683
698 399
698 535
698 681
698 27
699 441
699 883
699 904
699 928
699 808
699 333
699 153
700 438
700 534
700 640
700 916
700 72
700 446
701 426
701 994
701 163
701 989
701 420
701 379
701 320
701 563
702 15
702 359
702 788
702 579
702 756
703 986
703 164
703 387
703 956
703 277
703 450
703 451
703 975
703 560
703 907
703 157
704 611
704 949
704 470
704 718
705 577
705 496
705 574
705 170
705 787
706 127
706 462
706 345
706 890
706 550
706 441
706 379
706 770
706 667
706 7
707 569
707 624
707 474
707 568
707 906
707 852
707 794
707 804
708 831
708 237
708 294
708 107
708 638
708 842
709 662
709 344
709 539
709 0
709 674
709 122
710 278
710 227
710 306
710 190
710 107
710 966
710 580
710 586
711 460
711 797
712 462
712 329
712 411
712 880
712 100
713 898
713 440
713 610
713 793
713 450
713 542
713 208
713 562
714 170
714 244
714 34
714 120
714 690
714 327
714 558
714 659
714 15
715 426
715 364
715 145
715 744
715 927
715 592
715 764
716 686
716 865
716 227
716 370
716 419
716 875
716 86
717 907
717 552
717 50
717 871
717 23
717 603
717 335
717 946
717 141
718 610
718 822
718 366
718 335
718 440
718 377
719 511
719 625
719 677
719 311
720 127
720 773
720 606
720 102
720 412
720 831
720 921
720 407
720 390
720 355
720 374
720 705
721 332
721 411
721 123
721 501
721 570
721 638
721 617
722 53
722 685
722 501
722 816
722 940
722 594
723 706
723 337
723 488
723 508
723 35
723 471
724 873
724 492
724 680
724 43
724 369
724 242
724 979
724 606
724 333
725 934
725 278
725 88
725 852
725 568
726 159
726 397
726 867
726 62
726 907
726 146
726 506
727 424
727 271
727 649
727 48
727 206
727 52
727 811
728 444
728 433
728 829
729 565
729 796
729 543
729 284
730 95
730 174
730 861
730 433
730 213
731 593
731 994
731 947
731 608
731 950
731 712
731 311
732 211
732 142
732 898
732 571
732 245
732 643
732 150
732 17
732 592
732 96
733 135
733 446
733 669
733 605
733 20
733 714
733 404
733 184
734 375
734 121
734 748
734 692
734 946
734 18
734 540
734 353
734 66
735 12
735 828
736 266
736 486
736 599
736 711
736 555
736 167
737 436
737 707
737 211
737 889
737 508
737 155
737 443
737 606
737 627
737 396
737 393
738 948
738 861
738 30
738 357
738 706
738 907
738 352
738 180
738 71
739 592
739 882
739 776
739 922
739 943
739 365
739 703
740 156
740 364
740 756
740 24
740 463
740 149
740 136
741 4
741 242
741 899
741 471
741 208
741 413
741 422
741 546
741 566
741 255
742 412
742 199
742 467
742 930
742 20
742 59
742 598
742 424
742 733
743 929
743 83
743 355
743 207
743 814
743 438
743 912
743 980
744 480
744 914
744 349
744 277
744 58
744 569
744 553
744 211
744 392
744 313
744 468
744 725
744 557
745 651
745 377
745 964
745 287
745 107
745 568
745 559
745 732
745 966
746 58
746 781
746 393
746 853
746 807
746 611
746 355
747 892
747 790
747 271
747 367
747 80
747 792
748 624
748 459
748 127
748 53
749 938
749 25
749 973
749 29
749 45
749 560
750 200
750 67
750 275
750 972
750 586
750 779
751 518
751 160
751 696
751 413
751 64
751 267
751 304
751 478
751 896
751 119
752 451
752 60
752 693
752 447
752 787
752 108
752 823
752 145
753 5
753 56
753 880
753 547
753 652
754 729
754 622
754 844
754 44
754 168
755 445
755 669
755 174
755 735
755 613
756 310
756 547
756 27
756 978
756 295
756 162
756 928
756 55
757 413
757 302
757 932
757 215
758 615
758 299
758 889
758 455
758 483
758 766
758 515
758 123
759 642
759 595
759 542
759 202
759 179
759 167
759 694
760 218
760 289
760 314
760 910
760 630
760 370
761 599
761 625
761 336
761 793
761 396
762 171
762 643
762 468
762 729
762 836
763 670
763 551
763 709
763 801
763 785
763 796
763 361
763 250
763 267
763 690
764 937
764 203
764 703
764 547
764 417
764 637
765 886
765 655
765 944
765 60
766 685
766 619
766 200
766 989
766 573
767 218
767 868
767 642
767 628
767 745
767 654
767 50
767 689
768 482
768 557
768 794
768 310
769 367
769 593
769 108
769 206
769 930
769 635
769 871
769 514
769 630
769 88
769 845
770 886
770 310
770 482
770 398
770 676
770 969
770 330
770 399
771 754
771 295
771 714
771 96
771 641
771 124
771 237
771 448
771 976
771 523
772 745
772 261
772 339
772 415
773 239
773 519
773 414
773 176
773 951
773 84
773 269
773 894
774 970
774 803
774 869
774 734
774 915
774 82
774 947
774 139
774 306
774 848
775 586
775 452
775 755
775 928
775 368
775 955
775 625
775 936
775 143
776 697
776 800
776 875
776 628
776 341
776 249
776 853
776 678
776 198
777 899
777 648
777 839
777 775
777 605
777 382
777 526
777 669
778 465
778 679
778 75
778 36
778 7
778 274
778 534
778 447
778 442
778 348
779 26
779 290
779 691
779 585
779 781
779 445
779 697
779 114
780 516
780 491
780 55
780 681
780 995
780 651
780 29
781 232
781 714
781 200
781 220
782 397
782 54
782 512
783 498
783 893
783 164
783 738
783 244
783 651
783 631
783 270
783 907
783 981
783 411
783 414
784 944
784 344
784 976
784 547
784 24
784 108
784 852
784 222
785 762
785 235
785 505
785 350
785 798
786 508
786 264
786 239
786 66
786 257
786 289
786 111
786 170
786 766
786 127
787 525
787 459
787 280
787 671
787 487
787 351
787 122
787 776
788 170
788 133
788 604
788 367
788 608
788 945
788 609
788 274
788 29
789 227
789 411
789 550
789 153
789 360
789 44
789 790
789 727
790 948
790 259
790 341
790 61
790 914
790 351
791 121
791 334
792 223
792 897
792 913
792 79
792 47
792 184
792 400
793 361
793 806
793 529
793 211
794 101
794 437
794 429
794 268
794 33
794 999
794 517
794 401
794 419
794 916
795 512
795 976
795 319
795 696
795 492
795 652
795 574
795 76
795 870
796 565
796 160
796 830
796 855
796 737
796 744
797 621
797 604
798 230
798 76
798 551
799 899
799 35
799 210
799 363
799 858
799 55
799 172
799 974
799 215
799 334
799 454
800 297
800 239
800 272
801 571
801 636
801 620
801 503
801 265
801 891
801 353
801 3
801 20
802 770
802 38
802 862
802 329
802 682
802 459
802 964
803 193
803 878
803 252
803 218
803 846
803 36
803 351
803 61
803 516
803 420
803 284
804 770
804 476
804 953
804 640
804 425
804 332
804 882
805 810
805 338
805 237
805 655
805 3
805 745
805 273
805 754
805 154
805 531
806 415
806 206
806 387
806 506
806 282
806 452
807 692
807 980
807 534
807 236
807 446
807 190
808 141
808 232
808 150
808 914
808 815
808 90
808 317
808 233
808 299
808 842
809 205
809 652
809 108
809 233
810 860
810 915
810 184
810 541
810 736
810 98
810 96
810 338
811 766
811 778
811 218
811 305
811 371
811 845
811 562
811 511
812 330
812 71
812 199
812 805
812 400
812 9
812 473
812 320
813 421
813 22
813 247
813 749
814 935
814 14
814 778
814 421
814 768
814 371
814 982
814 735
814 637
815 492
815 533
815 952
815 918
815 195
815 255
815 974
815 391
815 572
816 396
816 370
816 330
816 890
816 608
816 375
816 273
817 484
817 169
817 553
817 236
817 295
818 48
818 800
818 851
818 764
818 995
818 716
819 237
819 175
819 563
819 318
819 353
819 368
819 435
820 646
820 687
820 900
820 106
820 418
820 386
820 57
820 751
820 312
821 584
821 997
821 999
821 928
821 38
821 563
821 475
822 18
822 304
822 821
822 832
822 286
823 465
823 743
823 341
823 196
823 907
823 225
824 17
824 682
824 369
824 969
824 225
824 998
825 273
825 413
825 754
825 301
825 595
825 346
825 735
826 580
826 755
826 76
826 740
826 527
826 696
827 160
827 768
827 460
827 67
827 756
827 522
827 857
828 836
828 989
828 940
828 95
828 477
828 833
829 23
829 604
829 772
829 443
829 537
829 961
829 720
830 365
830 232
830 438
830 609
830 190
830 725
830 503
830 748
830 179
830 510
831 560
831 241
831 827
831 400
832 596
832 261
832 967
832 796
832 657
832 791
832 579
832 678
832 846
832 575
832 911
832 799
832 535
833 425
833 23
833 284
833 17
833 131
833 974
833 955
833 509
833 616
833 540
833 787
833 730
834 475
834 933
834 315
834 716
834 16
834 263
834 323
834 868
834 907
834 584
835 267
835 601
835 273
835 551
835 183
836 425
836 35
836 392
836 595
836 57
836 284
836 547
836 262
836 343
836 110
836 250
836 203
836 935
836 707
836 109
836 308
836 86
836 539
837 323
837 58
837 228
837 381
837 220
837 889
837 641
837 828
837 154
837 383
837 446
838 837
838 367
838 816
838 391
838 629
838 544
838 60
838 405
838 341
838 226
839 230
839 896
839 135
839 945
839 805
839 519
840 909
840 709
840 452
840 112
840 57
840 494
841 877
841 674
841 885
842 532
842 694
842 436
842 505
842 343
842 843
842 665
842 488
842 276
842 702
843 974
843 761
843 855
843 2
843 15
843 53
843 283
843 854
844 434
844 874
844 917
844 608
844 400
844 804
844 830
844 135
845 734
845 627
845 262
845 452
845 553
845 28
845 739
846 908
846 379
846 218
846 110
846 188
847 237
847 999
847 300
847 767
848 756
848 260
848 224
848 935
848 48
848 238
848 347
848 507
848 510
848 73
848 487
848 516
849 386
849 942
849 196
849 104
849 892
849 515
849 634
849 949
849 739
849 984
850 818
850 505
851 622
851 635
851 348
851 33
852 796
852 135
852 756
852 320
852 660
853 719
853 465
853 785
853 420
853 590
853 265
853 544
853 359
853 48
853 953
853 470
853 539
854 354
854 336
854 619
854 101
854 840
854 810
854 844
854 224
854 862
855 905
855 567
855 844
855 830
856 499
856 594
856 549
856 78
856 58
856 243
856 729
856 881
856 266
856 631
856 970
856 221
857 774
857 301
857 24
857 563
857 112
857 707
858 157
858 331
858 642
858 710
858 744
858 116
858 612
859 94
859 315
859 919
859 650
859 243
859 898
859 37
860 862
860 553
860 589
860 221
860 337
860 805
860 533
860 892
861 494
861 275
861 14
861 419
861 565
861 745
861 49
862 270
862 357
862 296
862 201
862 275
862 515
862 182
862 279
862 744
862 306
862 299
863 170
863 105
863 689
863 269
863 763
863 828
863 657
863 887
864 0
864 247
864 272
864 515
865 726
865 111
865 381
865 559
865 611
865 946
865 820
865 878
865 631
865 816
865 717
866 948
866 38
866 925
866 109
866 453
866 428
866 943
866 705
867 49
867 673
867 180
867 777
867 311
867 643
867 751
868 512
868 821
868 527
868 742
868 393
868 656
868 505
868 283
869 116
869 829
869 607
869 549
869 703
869 461
869 432
869 21
870 434
870 71
870 632
870 377
870 425
870 749
870 432
870 962
870 496
871 301
871 579
871 837
871 589
871 697
871 830
871 9
872 551
872 949
872 556
872 881
872 288
872 233
872 74
872 678
873 956
873 202
873 176
873 522
874 299
874 630
874 581
875 591
875 72
875 623
875 112
875 410
875 589
875 666
875 457
875 413
875 518
875 945
875 862
876 527
876 491
876 709
876 66
876 479
876 330
876 430
876 563
877 278
877 265
877 656
877 995
878 610
878 819
878 724
878 607
878 393
878 889
878 427
879 979
879 929
879 269
879 709
879 690
879 167
880 749
880 367
880 692
880 738
880 622
880 532
881 942
881 397
881 738
881 200
881 615
881 857
881 457
881 787
881 197
882 771
882 296
882 382
882 974
882 277
882 317
882 756
882 648
882 720
882 980
882 930
882 584
883 176
883 178
883 254
883 650
883 859
884 346
884 12
884 9
884 202
884 283
884 527
884 396
885 124
885 583
885 135
885 655
885 622
885 283
885 624
885 49
885 886
885 391
885 169
885 358
885 522
885 978
885 3
886 553
886 203
886 574
886 731
887 521
887 219
887 854
887 28
887 328
887 300
887 481
887 263
887 279
887 121
887 45
888 539
888 412
888 769
888 369
888 849
888 860
888 14
888 484
888 678
888 96
888 323
889 893
889 909
889 805
889 881
889 525
889 634
889 475
889 903
889 224
889 567
890 279
890 988
890 641
890 272
890 31
890 463
891 878
891 836
891 533
891 79
892 172
892 281
892 530
892 99
893 700
893 154
893 351
893 766
893 804
893 815
894 851
894 142
894 775
895 174
895 423
895 210
895 122
895 467
895 185
895 543
895 238
895 812
895 823
895 408
896 365
896 8
896 452
896 897
896 922
896 604
896 821
897 962
897 676
897 330
897 76
897 847
897 684
898 1
898 423
898 323
898 139
898 106
898 378
898 67
899 927
899 8
900 300
900 219
900 361
900 450
900 957
900 598
900 764
900 208
900 379
901 566
901 918
901 606
901 676
901 623
901 474
901 621
901 559
902 893
902 428
902 213
902 525
902 533
902 627
902 546
902 731
902 72
903 310
903 609
903 692
903 585
903 363
903 871
903 982
903 581
903 141
904 342
904 322
904 663
904 537
904 661
904 176
904 179
905 402
905 439
905 930
905 337
906 344
906 697
906 342
906 787
906 931
906 861
906 326
906 670
907 420
907 61
907 753
907 606
907 915
907 440
907 405
908 948
908 775
908 759
908 761
908 892
908 870
908 885
909 888
909 247
909 758
909 308
909 444
909 490
909 379
909 724
909 148
909 81
910 927
910 261
910 697
910 463
910 47
910 337
910 547
910 808
910 440
911 783
911 741
911 728
911 855
911 642
912 376
912 515
912 58
912 106
912 851
912 229
912 609
912 337
913 684
913 822
913 505
913 481
913 592
913 967
913 74
913 231
914 845
914 945
914 65
914 61
914 999
914 567
914 92
914 504
914 870
914 110
915 494
915 27
915 499
915 5
915 314
915 174
915 703
915 674
915 201
916 423
916 41
916 986
916 573
916 564
916 814
916 720
916 472
916 347
917 705
917 257
917 980
917 10
917 533
917 753
917 59
917 78
917 641
917 760
917 572
917 397
917 3
918 114
918 128
918 659
918 711
918 213
918 75
918 322
919 934
919 380
919 809
919 333
919 169
919 961
919 947
919 773
920 966
920 159
920 812
920 321
921 669
921 396
921 445
922 407
922 761
922 203
922 484
922 591
922 849
922 290
923 180
923 491
923 701
923 449
924 532
924 760
924 999
924 569
924 755
924 391
924 231
924 895
924 62
925 575
925 979
925 992
925 473
926 706
926 597
926 608
926 566
926 847
926 155
926 835
927 633
927 605
927 902
927 793
927 707
927 431
927 415
927 265
927 108
927 552
927 299
927 397
927 368
927 154
928 969
928 89
928 883
928 563
928 577
928 437
928 744
928 919
928 720
929 237
929 229
929 910
929 515
929 683
929 834
929 535
930 984
930 695
930 601
930 175
930 461
931 896
931 604
931 303
931 65
931 648
931 351
931 107
931 655
931 39
931 29
931 937
931 227
931 803
931 794
931 815
931 783
932 968
932 562
932 745
933 754
933 499
933 166
933 282
933 606
933 687
933 57
933 84
934 339
934 404
934 821
934 149
934 367
934 757
935 356
935 925
935 850
935 108
935 619
935 268
935 322
935 899
935 343
935 360
936 147
936 200
936 702
936 765
936 381
936 653
937 439
937 587
937 899
937 76
937 187
937 194
938 48
938 310
938 758
938 90
938 453
938 688
938 294
938 160
938 215
938 36
938 809
938 535
939 390
939 337
939 209
939 556
939 100
940 175
940 79
940 272
940 506
940 320
940 168
940 219
940 725
941 238
941 597
941 860
941 233
941 38
941 789
941 908
941 806
942 969
942 433
942 765
942 789
942 806
942 314
942 462
942 651
942 980
942 943
943 393
943 526
943 558
943 604
943 491
943 591
943 396
944 213
944 400
944 9
944 77
944 783
944 806
944 61
944 557
944 168
944 531
944 10
944 569
945 424
945 718
945 258
945 995
946 943
946 55
946 313
946 432
946 257
946 485
947 863
947 390
947 378
947 560
947 632
947 706
947 996
947 801
947 82
948 195
948 211
948 288
949 208
949 812
949 112
949 552
950 112
950 421
950 150
950 145
950 429
951 618
951 45
951 869
951 732
951 421
951 565
952 138
952 838
952 75
952 608
952 483
952 877
952 841
952 561
952 577
952 485
952 972
953 517
953 203
953 86
953 628
953 716
953 865
953 246
953 594
954 673
954 716
954 264
954 939
954 824
954 618
955 46
955 773
955 775
955 273
955 644
955 389
956 108
956 387
956 916
956 220
956 385
956 962
956 175
956 3
956 966
956 262
956 377
956 885
956 977
956 596
956 317
957 146
957 451
957 516
957 532
957 969
958 552
958 529
958 537
958 660
958 84
959 970
959 872
959 603
959 911
959 670
959 704
959 49
959 700
959 43
959 903
960 931
960 620
960 554
960 913
960 458
960 542
960 290
960 670
961 32
961 129
961 5
961 621
961 974
961 460
961 333
962 231
962 966
962 722
962 179
962 264
962 954
963 686
963 514
963 41
963 415
964 710
964 365
964 263
964 113
964 506
964 699
964 789
965 364
965 604
965 967
965 214
965 927
966 121
966 580
966 306
966 266
966 303
966 570
966 24
966 735
967 78
967 439
967 800
967 272
967 988
967 503
968 33
968 396
968 997
968 378
968 447
968 372
969 501
969 728
969 145
969 549
969 651
969 734
970 674
970 510
970 822
970 922
970 866
970 513
970 794
970 474
971 556
971 649
971 721
971 989
971 24
971 895
971 55
972 10
972 432
972 504
972 371
972 534
972 438
973 646
973 750
973 218
973 166
974 957
974 727
974 96
974 179
974 338
974 826
974 668
975 757
975 566
975 616
975 176
975 682
975 799
975 945
975 528
975 649
975 969
975 210
975 507
975 308
976 478
976 93
976 639
976 954
976 234
976 555
976 435
976 425
976 476
976 757
977 671
977 821
977 690
978 303
979 416
979 106
979 151
979 991
979 641
979 977
980 773
980 236
980 241
980 359
981 356
981 475
981 989
981 345
981 548
981 642
982 903
982 270
982 71
982 570
982 969
982 279
982 44
982 357
983 434
983 975
983 938
983 133
983 807
983 1
983 705
983 698
984 249
984 471
984 885
985 306
985 598
985 503
985 657
985 238
986 790
986 865
986 886
986 994
986 111
986 856
986 240
987 467
987 452
987 939
987 889
987 994
987 603
987 299
987 333
988 333
988 439
988 454
988 3
988 971
989 668
989 322
989 996
989 995
989 659
989 303
990 801
990 298
990 887
991 20
991 898
991 695
991 746
991 748
991 681
991 422
991 608
991 563
992 405
992 389
992 296
992 979
992 249
993 61
993 411
993 840
993 522
993 949
993 775
993 730
993 214
993 542
993 440
993 774
994 238
994 820
994 788
994 769
994 980
994 585
994 106
994 898
994 774
994 235
994 211
995 406
995 647
995 816
995 979
995 363
995 23
995 220
996 36
996 189
996 368
996 370
996 468
996 877
996 260
996 105
997 460
997 536
997 505
997 144
997 616
997 49
997 243
997 824
998 551
998 527
998 425
998 391
998 279
998 717
998 713
999 350
999 156
999 906
999 835
999 566
999 668
999 450
999 144
999 56
999 286
999 630
999 905
999 379
999 80
