0 972
0 413
0 48
0 1
0 197
0 161
0 878
1 914
1 584
1 559
1 370
1 653
1 327
2 913
2 255
2 453
2 428
2 603
2 951
2 496
2 69
2 697
2 690
3 750
3 773
3 959
3 935
3 133
3 248
3 15
3 611
3 933
4 207
4 442
4 877
4 922
4 950
4 292
4 829
4 202
4 560
4 205
5 1
5 507
5 564
5 154
5 941
5 277
5 505
5 484
5 749
6 124
6 685
6 415
6 723
6 819
6 834
6 845
6 81
6 345
7 540
7 653
7 422
7 58
7 908
7 882
7 173
7 650
7 335
8 786
8 315
8 544
8 894
8 129
9 576
9 603
9 966
9 612
9 476
9 901
9 60
9 727
9 957
9 107
9 172
9 941
9 627
9 451
9 392
10 932
10 519
10 979
10 975
10 398
11 865
11 230
11 856
11 840
11 789
11 427
12 133
12 55
12 314
12 367
12 407
12 82
12 440
13 324
13 214
13 615
13 659
13 125
13 383
13 656
14 544
14 935
14 736
14 387
14 939
14 457
14 589
14 362
14 931
14 401
14 375
15 200
15 506
15 762
15 596
16 271
16 794
16 598
16 994
16 922
16 221
16 911
16 213
17 481
17 832
17 444
17 636
17 281
17 240
17 568
17 79
17 995
17 84
17 399
18 503
18 92
18 675
18 471
19 441
19 126
19 650
19 836
20 389
20 654
20 940
20 942
20 240
20 797
20 286
20 402
20 539
22 916
22 800
22 107
22 75
22 979
23 268
23 158
23 255
23 621
23 742
23 376
23 616
23 408
23 975
23 587
24 0
24 236
24 457
24 477
24 113
24 714
25 459
25 621
25 478
25 186
25 625
25 512
25 140
26 490
26 945
26 276
26 134
26 268
26 277
26 812
26 764
26 956
27 891
27 462
27 728
27 271
27 422
27 606
27 359
27 988
27 648
27 634
28 589
28 715
28 980
28 530
28 585
28 448
28 98
28 990
29 944
29 649
29 66
31 265
31 444
31 484
31 82
31 540
31 785
31 228
32 993
32 37
32 966
32 306
32 238
32 977
32 83
32 983
32 992
33 207
33 625
33 806
33 754
33 635
33 403
33 570
33 947
33 640
33 178
35 315
35 133
35 123
35 926
35 346
35 877
35 866
35 742
35 544
35 790
36 312
36 315
36 956
36 270
36 891
36 200
36 601
36 944
36 836
37 211
37 593
37 905
37 955
37 381
38 441
38 886
38 994
38 986
38 511
38 715
38 155
38 107
38 543
38 401
39 744
39 12
39 841
39 429
39 45
39 780
39 918
39 682
39 680
39 84
39 532
39 568
39 273
39 311
40 701
40 668
40 177
40 48
40 364
40 708
41 530
41 480
41 587
41 667
41 255
41 911
41 195
41 882
41 437
42 129
42 789
42 764
42 222
42 661
42 767
42 537
42 139
42 154
42 749
42 442
43 559
43 777
43 260
43 993
43 772
43 724
43 734
43 233
45 607
45 618
45 161
45 818
45 961
45 601
45 437
45 510
45 700
46 859
46 227
46 285
46 623
46 255
46 123
46 371
46 319
46 16
46 682
46 223
48 981
48 653
48 200
48 22
48 956
48 809
48 66
50 554
50 469
50 895
50 67
50 506
50 248
50 918
50 643
50 408
50 70
51 823
51 0
51 854
51 906
51 582
53 885
53 838
53 751
53 15
53 48
53 699
54 936
54 175
54 168
54 698
54 216
54 788
54 225
54 365
54 276
55 469
55 216
55 755
56 818
56 39
56 820
56 586
56 150
56 779
58 660
58 626
58 138
58 438
58 783
58 200
58 418
58 915
58 50
58 972
60 710
60 874
60 435
60 392
60 614
60 618
60 918
60 873
60 962
60 911
61 255
61 762
61 708
61 751
61 453
61 636
62 959
62 556
62 364
62 232
62 120
62 691
63 960
63 276
63 724
63 759
63 440
63 832
64 558
64 27
64 338
64 843
64 527
64 690
64 685
64 86
64 137
66 939
66 665
66 550
66 442
66 752
67 628
67 210
67 87
67 692
67 993
67 506
67 790
67 15
67 997
67 739
68 480
68 680
68 63
68 774
68 823
68 862
68 406
68 115
68 952
68 29
68 127
68 791
69 284
69 199
69 209
69 459
69 413
69 719
69 317
69 750
69 132
69 737
70 566
70 387
70 835
70 89
70 421
70 3
70 278
71 440
71 629
71 630
71 135
71 337
71 539
71 253
71 491
71 127
72 227
72 393
73 690
73 666
73 267
73 225
73 176
73 81
74 168
74 638
74 462
74 876
74 125
74 93
75 698
75 877
75 576
75 521
75 885
75 393
75 331
75 216
75 151
77 180
77 638
77 725
77 993
77 89
77 751
77 731
77 289
78 313
78 626
78 700
78 361
78 465
78 616
79 369
79 640
79 891
79 866
79 235
79 210
79 25
79 774
79 837
79 402
79 851
79 791
81 71
81 340
81 659
81 590
81 768
81 495
81 98
82 537
82 119
82 515
82 654
82 624
82 468
83 9
83 457
83 847
83 54
83 984
83 550
83 269
84 766
84 96
84 501
85 328
85 503
85 694
85 422
85 667
85 465
86 87
86 217
86 350
86 559
87 535
87 911
87 312
87 155
87 647
88 626
88 187
88 489
88 154
88 132
88 795
88 596
88 684
88 394
88 279
88 906
88 247
88 332
88 413
88 660
89 246
89 968
89 719
89 687
89 684
89 132
89 145
89 390
89 608
89 715
90 244
90 674
90 274
90 350
90 910
90 942
90 187
90 594
91 915
91 342
91 652
91 337
91 638
91 934
91 707
91 859
91 273
91 153
91 816
92 810
92 352
92 495
92 13
92 660
92 837
93 680
93 968
93 542
93 924
94 438
94 482
94 407
94 173
94 375
95 89
95 174
95 941
95 344
95 878
96 468
96 962
96 708
96 685
96 306
96 83
96 779
98 178
98 226
98 733
98 930
98 216
98 247
98 187
98 780
99 515
99 767
99 814
99 818
99 892
99 698
99 33
99 429
99 265
99 958
99 226
101 35
101 463
101 248
101 623
101 113
101 743
102 168
102 193
102 196
102 939
102 945
102 732
102 444
102 460
102 246
103 94
103 375
103 329
103 752
103 347
103 859
103 116
103 643
103 431
103 216
104 668
104 958
104 136
104 790
104 925
104 158
104 661
104 105
104 184
104 568
104 957
105 297
105 760
105 316
105 93
105 417
105 720
105 582
105 325
105 497
105 543
106 340
106 568
106 240
106 589
106 457
106 715
107 506
107 357
107 744
107 813
107 878
109 13
109 950
109 776
109 504
109 948
110 331
110 603
110 600
110 920
110 150
113 699
113 63
113 893
113 560
113 702
114 501
114 889
114 632
114 902
114 186
114 601
114 997
114 652
114 265
115 695
115 256
115 946
115 331
115 877
115 506
115 520
116 977
116 790
116 700
116 508
117 423
117 512
117 580
117 876
117 851
118 905
118 75
118 420
118 948
118 593
118 356
118 481
119 62
119 154
119 530
119 965
119 471
120 945
120 650
120 832
120 317
120 428
120 335
121 572
121 997
121 357
121 607
121 589
121 245
121 15
121 753
121 53
122 701
122 454
122 223
122 671
122 323
122 901
122 848
122 53
122 369
122 303
122 216
123 169
123 460
123 873
123 896
123 541
123 18
123 66
124 422
124 763
124 813
124 573
125 898
125 25
125 795
125 22
125 144
126 847
126 150
126 53
126 1
126 89
126 812
126 885
127 438
127 157
127 631
127 751
128 339
128 957
128 860
128 753
128 795
128 734
128 503
128 602
128 936
128 163
128 331
128 193
129 268
129 2
129 408
129 796
129 199
129 502
129 463
129 85
129 800
129 653
129 325
129 373
129 201
129 439
130 333
130 867
130 301
130 523
130 486
131 664
131 161
131 762
131 60
131 556
131 999
131 946
131 403
132 762
132 191
133 224
133 909
133 340
133 39
133 737
133 294
133 918
133 211
133 404
133 544
134 422
134 689
134 356
134 95
134 36
134 972
135 975
135 549
135 801
135 320
135 826
135 818
135 408
136 926
136 557
136 448
136 965
136 429
136 105
136 36
136 610
136 230
136 196
136 457
136 63
137 51
137 0
137 693
137 329
137 565
138 825
138 782
138 553
138 629
138 753
139 797
139 525
139 408
139 394
139 237
139 412
139 9
139 728
140 269
140 925
140 740
140 246
140 863
140 374
140 353
140 381
141 905
141 973
141 743
141 424
141 831
141 910
144 311
144 703
144 417
144 762
144 35
144 690
144 383
144 603
145 141
145 411
145 724
145 365
145 83
145 665
145 4
145 983
145 889
145 61
145 595
148 843
148 782
148 346
148 305
148 639
148 10
148 997
148 468
150 578
150 887
150 868
150 615
150 380
150 957
150 839
151 805
151 962
151 182
151 189
151 756
151 679
151 899
151 424
152 313
152 264
152 699
152 99
152 591
152 434
152 838
152 136
152 245
152 948
153 795
153 549
153 671
153 991
153 814
153 576
153 46
153 685
153 338
153 349
153 958
153 852
154 436
154 660
154 469
154 434
154 249
154 377
154 51
154 743
154 542
155 104
155 165
155 91
155 459
155 726
155 390
155 106
155 266
155 41
155 24
155 793
156 163
156 510
156 46
156 577
156 315
156 169
157 395
157 148
157 12
157 986
157 233
157 288
158 439
158 996
158 114
158 697
158 162
158 598
161 957
161 901
161 322
161 225
161 543
161 148
161 708
162 269
162 369
162 833
162 611
162 117
162 886
162 463
162 419
162 844
162 655
162 43
162 553
162 91
163 139
163 939
163 957
163 578
163 956
163 561
163 665
163 511
163 27
163 997
163 119
163 949
164 991
164 2
164 952
164 513
164 660
164 529
164 137
164 235
164 374
165 780
165 106
165 897
165 577
165 329
165 906
165 490
166 836
166 776
166 879
166 168
167 435
167 296
167 546
167 480
167 26
167 163
167 422
167 636
167 895
167 522
167 93
167 897
167 362
168 384
168 470
168 11
168 407
168 637
168 778
168 998
168 886
168 619
168 389
168 381
168 222
168 786
169 484
169 497
169 299
169 653
169 317
169 247
169 421
169 494
170 923
170 124
170 607
170 343
170 660
170 984
170 364
170 693
170 962
170 105
171 365
171 818
171 696
171 448
171 582
171 856
171 347
171 245
171 298
171 170
171 494
172 913
172 915
172 948
172 17
172 721
172 346
172 237
172 937
172 747
172 352
173 293
173 907
173 977
173 829
173 179
173 810
173 773
174 504
174 42
174 72
174 79
174 994
175 636
175 830
175 126
175 914
175 246
175 470
176 945
176 242
176 241
176 778
176 802
176 287
176 867
176 819
176 848
177 739
177 235
177 588
177 939
177 117
178 868
178 179
178 998
178 913
178 879
178 901
178 253
178 878
178 933
178 699
178 54
178 3
179 975
179 986
179 845
179 843
179 61
179 66
179 746
179 678
180 208
180 28
180 317
180 444
180 6
180 390
180 923
182 704
182 523
182 107
182 737
182 169
182 941
184 947
184 863
184 69
184 835
184 256
185 333
185 558
185 749
185 15
185 128
185 933
186 281
186 975
186 755
186 665
186 370
186 257
186 565
186 40
186 441
186 343
187 431
187 444
187 3
187 39
187 544
187 905
187 656
187 666
187 358
187 851
187 412
189 163
189 418
189 518
189 69
189 767
189 623
189 817
190 77
190 227
190 659
190 925
190 278
190 75
190 5
191 989
191 792
191 627
191 917
191 818
191 405
192 565
192 73
193 809
193 591
193 444
193 887
193 954
193 16
193 951
193 278
193 995
193 495
193 506
193 235
194 332
194 640
194 521
194 935
194 707
194 119
194 217
195 851
195 281
195 886
195 834
195 455
195 12
195 927
196 704
196 752
196 557
196 642
197 697
197 73
197 150
197 813
197 959
197 95
197 435
197 113
197 439
197 567
197 931
197 500
199 809
199 66
199 354
199 979
199 885
199 308
199 786
199 88
199 427
199 333
199 346
199 324
199 536
199 765
200 170
200 968
200 797
200 749
201 596
201 575
201 89
201 90
201 474
201 860
201 994
201 175
202 413
202 645
202 655
202 635
202 504
202 307
202 72
202 240
202 654
204 753
204 876
204 135
204 136
204 269
204 747
204 458
204 839
204 444
204 128
205 67
205 4
205 938
205 454
205 284
205 698
205 799
207 967
207 440
207 216
207 500
207 737
207 837
207 703
208 561
208 177
208 767
208 392
208 169
208 127
208 565
208 754
208 56
208 403
208 153
208 622
209 20
209 793
209 477
209 233
210 898
210 876
210 281
210 247
210 221
210 886
210 224
210 328
210 501
210 801
210 881
210 707
211 375
211 478
211 430
211 418
211 858
211 268
211 984
213 116
213 678
213 166
213 218
213 424
213 445
214 167
214 999
214 557
214 96
214 758
214 652
214 517
214 773
214 835
214 776
214 509
214 344
214 688
215 369
215 396
215 95
215 566
215 542
215 224
216 866
216 355
216 400
216 153
216 660
217 939
217 662
217 690
217 302
217 145
218 145
218 507
218 215
218 676
218 454
218 664
219 619
219 422
219 974
219 244
219 403
219 691
219 821
221 881
221 814
221 110
221 73
221 947
221 754
221 36
221 692
221 441
222 687
222 362
222 920
222 129
222 565
222 10
222 748
222 33
222 697
222 369
222 286
222 327
222 153
223 884
223 85
223 468
223 848
223 442
223 441
223 333
223 721
224 141
224 834
224 493
224 335
224 51
224 247
224 499
224 103
225 331
225 73
225 584
225 655
225 347
225 554
225 720
225 788
226 255
226 648
226 959
226 942
227 4
227 640
227 254
227 383
227 200
227 683
228 325
228 302
228 113
228 168
229 262
229 560
229 694
229 55
229 53
229 272
229 5
229 507
229 548
229 517
229 469
229 395
229 445
230 504
230 14
230 60
230 440
230 63
230 942
230 852
232 589
232 916
232 810
232 803
232 248
232 907
232 626
233 347
233 837
233 829
233 95
233 96
233 73
235 74
235 467
235 124
235 545
235 471
235 72
235 797
235 747
235 158
235 552
235 697
236 72
236 124
236 45
236 185
236 887
236 704
237 779
237 817
237 939
237 316
237 885
237 854
237 490
237 215
237 201
238 785
238 681
238 853
238 313
238 578
238 704
238 921
238 417
238 161
238 439
238 638
238 301
240 440
240 313
240 48
240 189
240 317
240 504
240 943
240 653
241 60
241 9
241 16
241 837
241 442
242 885
242 518
242 500
242 733
242 2
242 889
242 296
242 784
242 148
243 495
243 83
243 26
243 486
243 559
243 275
243 29
243 151
243 358
243 853
244 583
244 942
244 507
245 407
245 650
245 572
245 729
245 157
245 403
245 606
245 887
246 936
246 441
246 300
246 423
246 733
246 523
246 102
247 721
247 970
247 999
247 271
247 558
247 540
247 313
247 362
248 970
248 193
248 741
248 781
248 733
248 689
249 916
249 358
249 374
249 45
249 771
249 224
250 776
250 299
250 180
250 72
250 402
250 136
251 441
251 881
251 754
251 768
251 69
253 298
253 339
253 344
253 347
253 424
253 10
253 322
253 921
254 173
254 302
254 999
254 311
254 925
254 238
255 703
255 588
255 756
255 817
255 836
255 891
256 36
256 616
256 101
256 859
256 15
256 625
256 172
256 895
256 486
257 551
257 630
257 499
257 56
257 40
257 84
258 733
258 154
258 122
258 673
258 480
258 558
258 335
258 22
258 510
259 300
259 760
259 53
259 367
259 199
259 596
259 913
259 444
259 387
260 286
260 766
260 294
260 163
260 546
260 525
260 682
260 179
260 504
261 461
261 95
261 134
261 747
261 157
261 899
262 355
262 240
262 162
262 403
262 950
262 115
262 769
263 148
263 826
263 895
263 4
264 679
264 578
264 568
264 770
264 213
264 853
264 753
264 137
264 180
264 484
265 17
265 242
265 697
265 807
265 14
265 60
265 104
265 99
266 982
266 316
266 77
266 957
266 103
266 504
266 563
266 882
267 384
267 628
267 685
267 8
267 943
267 738
267 501
267 673
267 326
267 260
267 103
267 907
267 540
268 164
268 786
268 116
268 603
268 172
268 823
269 655
269 556
269 777
269 425
269 22
269 115
269 994
269 293
270 941
270 228
270 981
270 730
270 644
270 279
270 163
270 729
270 766
270 253
271 957
271 291
271 607
271 315
271 56
271 359
271 537
271 866
271 891
272 958
272 162
272 704
272 222
272 391
273 415
273 888
273 5
273 819
273 211
273 680
273 46
273 676
274 194
274 553
274 189
274 677
274 109
274 688
274 197
274 55
274 673
275 121
275 948
276 672
276 122
276 74
276 659
276 202
276 608
277 568
277 699
277 821
277 892
277 226
277 474
278 692
278 834
278 652
278 113
278 885
278 428
278 816
278 557
279 216
279 990
279 374
279 522
279 873
279 734
281 715
281 681
281 700
281 445
281 900
281 641
284 85
284 201
284 886
284 764
284 782
284 921
284 517
285 437
285 303
285 184
285 898
285 764
285 531
285 510
285 246
285 566
285 73
286 760
286 772
286 359
286 45
286 335
286 779
286 134
286 82
286 764
287 443
287 570
287 73
287 225
287 825
287 597
287 812
287 974
287 500
287 68
287 367
288 240
288 271
288 852
288 73
288 454
288 535
288 219
288 23
289 924
289 129
289 972
289 915
289 836
289 964
289 913
290 244
290 665
290 326
291 973
291 137
291 249
291 162
291 415
291 755
291 342
291 529
291 406
291 866
291 241
291 537
291 68
292 98
292 467
292 333
292 746
292 663
292 404
292 91
292 923
292 307
292 259
293 190
293 908
293 875
293 348
293 619
293 458
293 872
293 120
293 896
294 889
294 291
294 105
294 865
294 277
294 734
294 593
294 612
294 444
294 145
296 513
296 182
296 886
296 545
296 477
296 178
296 850
296 680
296 116
296 540
297 201
297 531
297 818
297 782
297 419
297 213
297 51
298 996
298 208
298 403
298 476
298 663
298 380
298 523
299 640
299 207
299 502
299 863
299 345
299 840
300 442
300 104
300 3
300 32
300 952
300 950
300 548
300 478
301 172
301 393
301 715
301 930
302 868
302 492
302 948
303 635
303 898
303 784
304 901
304 524
304 625
304 313
304 514
304 362
305 749
305 335
305 952
305 82
305 607
305 539
305 622
306 347
306 370
306 606
306 119
306 445
306 12
306 265
306 885
306 398
306 102
307 639
307 741
307 571
307 515
307 267
307 301
307 157
307 663
307 418
308 401
308 70
308 502
308 888
308 262
308 752
308 982
308 14
308 647
308 483
308 438
308 667
311 697
311 242
311 395
311 261
311 607
311 644
311 117
311 862
311 668
312 286
312 337
312 346
312 0
312 406
312 483
312 396
312 665
312 156
313 196
313 888
313 695
313 267
314 8
314 965
314 615
314 683
314 226
314 552
314 145
314 829
314 629
315 429
315 214
315 911
315 715
315 2
315 42
315 499
316 240
316 201
316 703
316 356
316 70
316 932
317 780
317 601
317 698
317 769
317 809
317 484
318 241
318 131
318 899
318 614
318 428
318 754
319 553
319 782
319 916
319 120
319 155
319 478
320 20
320 367
320 465
320 754
320 896
320 354
320 412
320 744
322 602
322 326
322 444
322 167
322 24
322 248
322 223
322 793
322 380
322 236
322 434
322 42
323 857
323 617
323 208
323 666
323 589
323 747
323 429
324 949
324 730
324 537
324 756
325 799
325 172
325 630
325 77
326 639
326 470
326 843
326 4
326 83
326 967
326 13
326 638
326 986
327 439
327 468
327 271
327 571
327 233
327 478
327 904
327 688
328 482
328 730
328 583
328 320
328 843
328 948
328 200
328 397
328 656
328 395
328 641
328 947
329 261
329 237
329 87
329 74
329 591
329 164
329 904
331 585
331 854
331 717
331 352
331 982
331 696
331 320
331 996
331 701
331 575
331 195
331 356
332 728
332 989
332 173
332 977
333 989
333 621
333 863
333 191
333 876
333 361
333 499
333 800
333 465
333 539
335 297
335 832
335 25
335 943
335 494
335 275
337 668
337 158
337 114
337 207
337 460
337 378
337 814
337 289
337 23
337 873
337 962
338 756
338 650
338 617
338 691
338 740
338 462
338 96
339 597
339 397
339 998
339 85
339 723
339 329
340 577
340 305
340 316
340 359
340 785
340 950
340 40
340 824
340 355
340 64
341 671
341 601
341 248
341 629
341 365
341 93
341 137
341 455
341 172
341 420
342 369
342 700
342 844
342 811
342 171
342 959
342 27
342 348
343 381
343 438
343 405
343 130
343 701
343 836
343 289
343 571
343 264
344 538
344 311
344 509
344 800
344 679
344 251
344 105
344 375
344 367
344 759
344 211
344 384
344 916
344 996
344 652
344 218
345 413
345 261
345 975
345 73
345 358
345 422
345 35
345 253
346 805
346 353
347 674
347 643
347 393
348 23
348 120
348 109
348 339
349 158
349 278
349 699
349 496
349 805
350 942
350 413
350 78
350 284
350 492
350 25
350 792
350 463
350 461
352 991
352 949
352 665
352 458
352 447
352 770
352 58
352 346
353 115
353 814
353 877
353 277
353 979
353 46
353 394
353 444
354 536
354 226
354 286
354 766
354 135
354 968
354 338
354 737
354 807
354 326
355 137
355 258
355 486
355 241
355 64
355 304
355 441
355 116
355 415
356 562
356 67
356 254
356 944
356 896
356 767
356 2
356 793
356 932
357 268
357 126
357 372
357 71
358 954
358 948
358 214
359 591
361 337
361 3
361 24
362 324
362 773
362 370
362 85
364 483
364 952
364 362
365 675
365 154
365 873
367 344
367 899
367 807
367 343
367 18
367 923
367 448
367 808
367 959
369 213
369 307
369 936
369 478
369 77
369 173
369 983
369 245
369 139
370 227
370 708
370 178
370 380
370 340
370 402
370 650
370 587
370 38
370 726
370 281
371 150
371 153
371 779
371 571
371 927
371 294
371 288
371 915
371 561
372 297
372 246
372 697
372 284
372 387
373 893
373 504
373 566
373 496
373 960
373 287
373 924
374 778
374 431
374 106
374 590
374 0
374 288
374 5
374 758
374 36
374 229
375 829
375 43
375 140
375 630
375 286
375 303
375 110
375 469
375 459
375 781
375 666
376 233
376 14
376 256
376 553
376 320
377 236
377 493
377 277
377 86
377 977
377 35
377 210
377 254
377 853
377 223
377 814
378 63
378 364
378 370
378 495
378 447
378 618
378 119
380 457
380 557
380 340
380 957
380 375
380 118
380 245
380 48
381 911
381 396
381 551
381 941
381 85
381 930
381 484
381 944
383 201
383 247
383 418
383 11
383 535
383 550
383 468
383 325
384 749
384 593
384 754
384 78
387 392
387 794
387 384
388 369
388 137
388 455
388 8
388 786
389 762
389 510
389 974
389 732
389 24
389 719
389 545
389 568
389 819
390 652
390 185
390 520
390 11
390 278
390 83
390 199
390 259
390 921
390 455
390 668
390 331
391 603
391 405
391 320
391 978
392 276
392 777
392 703
392 921
393 818
393 9
393 651
393 91
393 691
393 953
394 41
394 549
394 651
394 530
395 770
395 125
395 789
395 993
395 315
395 89
395 446
395 332
395 826
395 384
396 391
396 878
396 762
396 524
396 130
396 399
397 113
397 162
397 453
397 279
397 797
398 988
398 167
398 222
398 551
398 380
398 958
398 783
398 211
398 388
399 614
399 5
399 768
399 575
399 500
399 275
399 899
400 298
400 446
400 63
400 811
400 668
400 12
400 311
401 274
401 641
401 151
401 121
401 683
401 655
401 732
401 876
401 73
401 765
402 134
402 772
402 482
402 621
403 687
403 61
403 845
403 893
403 571
404 189
404 532
404 182
404 958
404 244
404 288
404 383
404 947
404 412
404 719
405 376
405 683
405 229
405 521
405 413
405 653
405 783
406 531
406 842
406 362
406 19
407 945
407 905
407 607
407 902
408 961
408 355
408 523
408 11
408 764
408 259
408 960
408 246
408 741
408 750
409 634
409 194
409 329
409 29
409 274
409 337
409 204
409 710
409 913
409 860
409 83
409 287
410 187
410 19
410 74
410 659
410 792
410 501
410 491
410 977
410 737
410 644
411 210
412 207
412 565
412 975
412 784
412 528
412 154
413 762
413 54
413 62
413 439
413 632
413 984
413 697
413 985
413 682
413 162
413 313
415 19
415 349
415 739
415 110
415 519
415 226
415 538
416 755
416 173
416 728
416 740
416 130
416 616
417 123
417 759
417 439
417 358
417 311
417 958
417 955
417 889
418 251
418 455
418 446
418 970
418 361
418 845
418 807
418 813
418 298
419 932
419 784
419 68
419 3
419 858
419 223
419 296
419 741
419 109
420 810
420 803
420 762
420 931
420 887
420 114
420 357
421 438
421 266
421 752
421 202
421 377
421 691
421 171
421 573
421 911
421 953
421 933
421 320
422 10
422 139
422 748
422 910
422 22
422 677
422 728
422 63
422 982
422 374
422 31
422 836
422 32
423 169
423 272
423 474
423 77
423 431
423 36
423 576
424 169
424 141
424 293
424 776
424 367
424 557
424 380
424 191
425 957
425 507
425 968
425 402
425 552
425 314
425 714
425 477
427 322
427 585
427 286
427 736
427 482
427 348
427 128
427 645
427 992
427 436
428 870
428 834
428 110
428 319
428 616
428 679
428 576
428 300
428 801
429 388
429 731
429 825
429 20
430 255
430 578
430 956
430 528
430 676
430 24
431 155
431 830
431 312
431 316
431 796
431 16
431 756
431 468
431 22
431 307
431 961
431 492
431 907
434 563
434 824
434 996
434 86
434 914
434 124
434 226
434 225
434 51
434 756
435 200
435 66
435 779
435 703
435 153
436 993
436 63
436 801
436 516
436 304
436 184
436 816
436 962
436 659
436 28
437 169
437 116
437 372
437 13
437 659
437 222
438 673
438 120
438 694
438 458
438 435
438 478
438 343
438 679
439 511
439 896
439 721
439 391
439 703
439 304
440 827
440 938
440 877
440 465
440 652
440 418
440 443
441 868
441 766
441 717
441 818
441 228
441 375
441 478
441 947
441 854
441 90
442 834
442 130
442 768
442 865
443 819
443 458
443 989
443 43
443 863
443 313
443 910
443 462
443 139
443 995
444 678
444 411
444 856
444 347
444 927
444 468
445 844
445 42
445 155
445 404
445 303
445 985
445 828
445 797
445 60
445 937
445 178
445 102
445 89
446 643
446 640
446 504
446 155
447 710
447 1
447 541
447 672
447 675
447 816
447 781
447 317
447 233
447 380
448 907
448 573
448 576
448 980
448 263
448 83
448 767
448 417
448 895
448 853
448 541
448 626
451 728
451 741
451 577
451 383
451 900
451 441
451 688
452 561
452 939
452 202
452 267
452 562
452 885
452 370
452 588
452 315
452 612
452 803
452 656
452 191
453 459
453 652
453 141
453 537
453 874
453 615
453 603
454 672
454 733
454 817
454 886
454 935
454 515
454 223
454 137
454 960
455 709
455 485
455 16
455 292
455 413
455 675
455 151
457 130
457 906
457 99
457 27
457 700
457 525
457 785
458 645
458 675
458 95
458 221
458 972
458 667
459 213
459 126
459 974
459 400
459 630
459 356
459 526
460 175
460 709
460 819
460 601
460 254
460 132
460 895
460 502
460 803
461 652
461 254
461 447
461 353
461 807
461 521
461 477
462 580
462 451
462 534
462 752
463 376
463 53
463 42
463 909
463 956
463 238
464 875
464 179
464 552
464 532
464 437
464 897
464 129
464 809
464 94
464 14
465 647
465 521
465 973
465 427
465 151
465 265
465 199
465 453
465 393
467 854
467 837
467 434
467 644
467 384
467 540
468 447
468 664
468 575
468 986
468 852
469 618
469 767
469 678
469 251
469 151
469 403
469 914
469 289
469 486
469 621
469 598
470 977
470 952
470 889
470 356
470 451
471 266
471 94
471 696
471 655
471 435
471 825
471 534
471 114
471 778
471 962
473 124
473 118
473 873
473 55
473 199
473 66
473 513
473 320
473 329
473 803
473 626
473 196
474 830
474 548
474 331
474 895
474 399
476 243
476 278
476 135
477 265
477 171
477 275
477 304
477 228
477 661
478 781
478 981
478 764
478 258
478 46
478 128
480 651
480 665
480 261
480 103
480 539
480 208
481 249
481 339
481 900
481 588
481 78
481 548
481 782
482 941
482 689
482 500
482 79
482 430
483 199
483 35
483 843
483 94
483 14
483 11
483 493
483 713
483 266
483 333
484 153
484 909
484 926
484 222
484 960
484 285
484 243
485 645
485 656
485 509
485 930
485 345
485 438
485 462
486 333
486 783
486 222
486 977
486 595
486 517
486 357
486 858
489 194
489 7
489 588
489 917
489 519
489 452
489 43
489 68
490 125
490 179
490 764
490 552
490 338
490 221
490 626
490 746
490 684
491 967
491 726
491 751
491 719
491 404
491 941
491 263
491 779
492 862
492 767
492 739
492 776
492 789
492 751
493 977
493 196
493 708
493 982
493 778
493 931
493 672
493 79
493 927
493 250
493 13
493 435
494 408
494 698
494 810
494 897
494 153
494 590
494 263
494 850
494 674
494 126
494 396
494 841
495 152
495 354
495 23
495 538
495 545
495 419
496 534
496 806
496 365
496 105
496 525
496 416
496 51
496 440
496 542
496 770
497 411
497 543
497 800
497 137
497 398
497 526
497 340
497 905
497 982
497 417
499 204
499 653
499 202
499 180
499 458
499 264
499 719
499 132
500 301
500 723
500 644
500 579
500 290
500 176
501 493
501 595
501 774
501 966
501 544
501 83
501 906
501 94
502 417
502 106
502 687
502 27
502 171
502 981
502 538
502 947
502 650
503 661
503 927
503 727
503 272
503 72
504 418
504 992
504 196
504 415
504 387
504 250
504 384
504 588
505 873
505 162
505 7
505 965
505 476
505 262
506 187
506 211
506 189
506 941
506 561
506 546
507 791
507 902
507 133
507 12
507 796
507 830
507 671
507 492
507 42
507 422
508 430
508 364
509 862
509 482
509 824
509 579
509 390
509 278
509 55
509 114
509 618
509 985
509 331
510 395
510 818
510 699
510 736
511 538
511 403
511 969
511 983
511 905
511 308
511 105
511 204
511 590
512 277
512 376
512 807
512 977
512 813
512 58
512 451
512 957
512 653
512 196
513 0
513 124
513 894
513 123
513 270
514 729
514 623
514 674
514 986
514 175
514 174
514 923
514 951
514 219
514 205
514 235
514 254
515 626
515 583
515 490
515 542
515 407
515 28
515 525
516 557
516 333
516 863
516 236
516 766
517 559
517 425
517 987
517 380
517 857
517 674
518 107
518 516
518 813
519 324
519 627
519 43
519 262
519 241
519 664
519 980
519 38
519 39
519 874
519 516
520 770
520 35
521 187
521 395
521 531
521 524
521 749
521 190
522 572
522 829
522 749
522 915
522 343
522 452
522 624
523 534
523 144
523 655
523 632
523 275
523 619
523 335
523 355
523 934
523 708
524 478
524 607
524 258
524 276
524 191
524 365
524 300
525 353
525 199
525 700
525 641
525 61
525 810
525 945
525 913
526 322
526 898
526 715
526 682
526 607
526 964
526 810
526 627
526 361
527 2
527 977
527 812
527 634
527 736
527 337
527 767
528 799
528 470
528 769
528 258
528 984
528 458
528 768
529 806
529 560
529 191
529 90
529 446
529 510
529 175
530 741
530 848
530 209
530 478
530 250
530 463
531 99
531 978
531 358
531 54
532 703
532 275
532 970
532 577
532 155
532 166
532 961
532 122
534 157
534 898
534 901
534 353
534 911
534 674
535 816
535 25
535 999
535 193
535 802
535 103
535 617
536 774
536 262
536 778
536 832
536 933
536 862
536 960
536 194
536 708
537 62
537 95
537 354
537 137
537 421
537 767
537 983
537 249
537 950
537 256
537 502
537 460
537 624
537 214
537 236
537 155
538 10
538 696
538 371
538 960
538 652
538 184
539 680
539 158
539 739
539 416
539 50
539 940
539 749
539 166
539 732
539 408
539 15
539 872
539 452
539 905
539 616
540 245
540 464
540 550
540 978
540 683
540 589
540 916
540 984
540 748
540 125
541 640
541 164
541 921
541 567
541 55
541 708
541 99
541 668
541 569
541 117
541 86
541 402
542 71
542 986
542 589
542 346
542 329
543 746
543 583
543 557
543 202
543 793
543 482
543 688
543 50
544 387
544 510
544 750
544 350
545 303
545 560
545 179
545 786
545 299
545 167
545 425
545 910
545 421
546 943
546 913
546 665
546 567
546 325
548 241
548 962
548 500
548 598
548 120
548 973
548 966
548 641
549 389
549 425
549 22
549 313
549 578
549 698
550 826
550 409
550 138
550 600
550 720
550 779
550 275
550 546
550 807
550 507
551 662
551 23
551 527
551 859
551 467
551 247
551 770
551 461
551 778
552 273
552 915
552 429
553 569
553 762
553 155
553 56
553 593
553 974
553 373
553 934
553 347
553 244
553 677
554 795
554 102
554 980
554 553
554 848
554 72
554 85
554 303
556 997
556 341
556 145
556 437
556 287
556 729
556 370
557 751
557 474
557 667
557 956
557 947
557 948
558 71
558 694
558 557
558 31
559 19
559 15
559 139
559 659
559 446
559 373
559 803
559 508
559 617
560 806
560 292
560 615
560 892
560 5
560 836
560 961
560 17
561 769
561 915
561 829
561 962
561 454
561 71
561 824
561 39
562 794
562 508
562 28
563 894
563 110
563 24
563 191
563 42
563 560
564 691
564 748
564 214
564 174
564 312
565 651
565 603
565 109
565 675
565 803
565 114
565 950
565 983
565 398
565 221
565 946
565 973
566 749
566 384
566 170
566 754
566 637
567 759
567 729
567 588
567 992
567 361
567 989
567 661
567 569
567 854
568 113
568 25
568 468
568 578
568 857
568 278
568 882
568 393
568 675
569 23
569 761
569 361
569 486
569 915
569 294
569 339
569 170
569 19
569 660
570 190
570 999
570 468
570 786
570 715
570 364
570 602
571 128
571 18
571 495
571 662
571 237
571 474
571 442
571 539
571 958
572 863
572 754
572 297
572 698
572 829
572 302
572 139
572 549
573 362
573 125
573 797
573 848
573 997
573 268
573 671
573 79
575 951
575 284
575 189
575 611
575 235
576 296
576 281
576 678
576 682
577 175
577 326
577 69
577 516
577 679
577 201
578 187
578 170
578 78
578 848
578 765
578 538
578 105
578 462
578 484
579 180
579 942
579 949
579 615
579 19
579 5
579 631
580 962
580 431
580 104
582 893
582 528
582 81
582 709
582 823
582 412
583 674
583 408
583 370
583 232
583 827
583 259
583 567
583 178
583 739
584 446
584 619
584 850
584 737
584 103
584 542
584 717
584 429
584 724
584 464
584 135
585 964
585 690
585 298
585 624
585 943
585 612
585 913
586 473
586 616
586 953
586 524
586 253
586 105
586 400
587 691
587 399
587 318
587 991
587 125
587 17
588 166
588 314
588 950
588 90
588 105
588 594
588 158
589 109
589 306
589 376
589 27
589 401
589 543
589 953
590 527
590 607
590 84
590 387
590 990
590 202
590 610
590 308
590 537
591 626
591 913
591 161
591 911
591 150
591 169
591 785
591 104
591 851
591 612
591 527
593 421
593 768
593 653
593 438
593 955
593 441
593 125
594 200
594 678
594 31
594 520
594 222
595 779
595 642
595 320
595 690
595 411
595 980
595 173
596 749
596 650
596 165
596 242
596 439
596 158
597 169
597 699
597 335
597 296
597 213
598 651
598 15
598 690
598 927
598 31
598 425
598 988
600 228
600 501
600 934
600 402
600 987
600 266
600 22
601 903
601 476
601 8
601 544
601 840
601 623
601 739
602 951
602 347
602 877
603 243
603 752
603 715
603 758
603 199
603 733
603 580
603 956
603 534
606 99
606 12
606 335
606 90
606 537
606 179
606 881
606 439
607 36
607 506
607 947
607 300
607 835
607 792
607 628
607 808
607 927
608 523
608 152
608 932
608 981
608 679
608 105
608 497
608 275
608 626
608 151
609 18
609 515
609 552
610 563
610 236
610 494
610 338
610 695
610 656
610 854
610 970
611 765
611 244
611 358
611 347
611 507
611 75
612 494
612 499
612 806
612 602
612 301
612 425
612 38
612 819
612 315
612 211
614 335
614 741
614 38
614 567
614 474
614 256
614 988
615 490
615 996
615 314
615 29
615 117
615 594
615 570
615 636
615 348
616 393
616 492
616 94
616 93
616 707
616 619
616 218
616 10
616 751
616 107
616 799
617 911
617 975
617 944
617 748
617 948
617 580
617 839
617 185
617 443
618 523
618 229
618 165
618 54
619 719
619 422
619 970
619 721
619 95
621 311
621 202
621 31
621 63
621 666
621 926
621 519
621 674
621 156
622 445
622 122
623 22
623 470
623 684
623 515
623 579
623 14
623 423
623 824
623 18
623 994
624 63
624 985
624 140
624 82
624 131
624 911
624 946
624 933
624 327
624 687
625 91
625 241
625 549
625 209
625 892
625 155
625 157
625 443
625 457
625 687
626 137
626 764
627 737
627 887
627 171
627 974
627 169
627 682
627 482
627 675
628 402
628 561
628 674
628 777
628 600
629 42
629 383
629 923
629 986
629 48
629 96
629 237
629 243
630 27
630 72
630 674
630 412
631 125
631 648
631 955
631 253
632 554
632 27
632 749
632 611
632 233
632 5
632 879
632 835
634 341
634 506
634 2
634 92
634 26
634 120
634 398
634 119
634 117
634 297
634 748
634 731
635 211
635 120
635 429
635 601
635 513
635 401
635 341
635 277
636 868
636 226
636 632
636 674
636 687
636 250
636 259
636 337
637 292
637 982
637 494
637 962
637 840
637 242
637 618
638 337
638 17
638 75
638 269
638 733
638 794
638 771
638 850
638 714
638 629
639 563
639 647
639 418
639 958
639 71
640 989
640 638
640 650
640 767
640 164
640 900
640 788
640 773
640 195
641 739
641 56
641 661
641 259
641 306
642 845
642 268
642 649
642 598
642 10
642 312
642 167
642 467
643 823
643 681
643 879
643 819
643 744
644 367
644 893
644 279
644 721
644 20
644 109
644 31
645 152
645 755
645 586
645 141
645 95
645 545
645 635
645 322
647 332
647 568
647 172
647 708
647 156
647 941
647 771
647 199
648 327
648 856
648 997
648 676
648 671
648 945
648 673
648 259
648 495
648 932
648 419
649 931
649 974
649 180
649 22
649 200
649 783
649 264
649 194
649 847
649 229
649 610
650 164
650 401
650 685
650 921
650 48
650 144
650 384
650 331
651 177
651 420
651 937
651 784
651 187
651 179
651 617
651 249
651 930
652 839
652 278
652 429
652 865
652 318
652 193
652 726
652 496
652 419
652 294
653 436
653 545
653 944
653 214
653 516
653 607
653 767
653 782
653 318
653 914
654 614
654 566
654 564
654 764
654 622
654 51
654 593
654 565
654 73
654 857
655 185
655 0
655 117
655 339
655 577
655 540
655 98
656 750
656 221
656 571
656 312
656 702
656 511
656 332
659 857
659 496
659 978
659 431
659 418
659 501
659 481
660 653
660 238
660 153
661 501
661 358
661 400
661 78
661 610
661 299
661 45
661 513
661 62
662 179
662 724
662 261
662 39
662 37
663 71
663 157
663 792
663 173
663 575
663 270
664 884
664 674
664 661
664 51
664 626
664 559
664 501
664 622
664 23
664 253
664 361
665 26
665 236
665 758
665 721
665 821
665 854
665 303
665 406
666 232
666 992
666 208
667 409
667 96
667 237
667 307
667 840
667 128
667 582
667 151
667 292
667 66
668 284
668 659
668 288
668 328
668 837
668 29
668 358
668 754
668 790
671 513
671 434
671 232
671 653
672 193
672 412
672 169
672 688
672 913
672 199
672 779
673 602
673 443
673 32
673 441
673 94
673 582
673 553
673 687
673 327
673 362
673 827
674 889
674 166
674 727
674 461
674 202
674 392
674 199
674 119
674 504
674 664
675 431
675 916
675 593
675 535
675 554
675 747
675 723
675 251
675 952
676 624
676 27
676 626
676 538
676 5
676 627
676 462
676 922
676 987
676 84
676 102
677 595
677 609
677 529
678 959
678 175
678 935
678 544
678 113
678 340
678 327
679 865
679 141
679 458
679 394
679 925
679 92
679 195
679 601
679 651
680 256
680 317
680 151
680 713
680 353
680 983
680 222
680 727
680 865
680 714
680 554
681 354
681 314
681 566
681 510
681 803
682 247
682 907
682 989
682 753
682 322
682 572
682 943
682 803
682 600
683 829
683 311
683 75
683 809
683 694
684 671
684 9
684 324
684 857
684 43
684 367
684 373
684 989
684 118
685 139
685 339
685 923
685 878
687 668
687 916
687 755
687 661
687 87
687 510
687 105
687 898
687 90
687 247
687 102
687 395
687 699
688 507
688 786
688 980
688 700
688 329
688 913
688 192
688 3
689 68
689 10
689 858
689 273
689 906
689 743
689 948
689 137
689 74
690 660
690 650
690 552
690 586
691 702
691 870
691 64
691 594
691 589
691 209
691 13
692 364
692 597
692 341
692 451
692 610
692 118
692 583
692 326
692 445
693 420
693 224
693 458
693 504
693 612
693 113
693 272
693 770
694 747
694 238
694 401
694 416
694 141
694 659
694 936
694 560
694 134
694 752
694 565
694 460
694 785
694 407
695 814
695 692
695 874
695 558
695 736
695 560
696 956
696 788
696 884
696 981
696 69
696 140
696 742
696 521
696 958
697 502
697 176
697 66
697 953
698 824
698 784
698 177
698 538
698 778
699 492
699 692
699 952
699 860
699 393
699 474
700 637
700 944
700 876
700 138
700 940
700 596
701 562
701 770
701 155
701 29
701 635
701 210
701 939
701 166
702 213
702 758
702 549
702 536
703 630
703 136
703 545
703 23
703 740
703 617
703 601
704 211
704 480
704 956
704 164
707 559
707 222
707 170
707 814
707 120
707 819
707 731
708 167
708 504
708 985
708 26
708 25
708 447
708 772
708 563
708 457
709 434
709 766
709 696
709 514
709 521
709 662
709 993
709 98
709 402
709 899
710 837
710 344
710 341
710 983
713 204
713 900
713 305
713 28
713 586
713 500
713 425
713 156
713 3
714 372
714 786
714 56
714 4
714 322
714 233
714 818
714 803
714 957
714 569
715 837
715 11
715 761
715 257
715 274
715 99
715 14
717 833
717 493
717 810
717 326
717 517
717 445
719 326
719 99
719 784
719 651
719 115
720 347
720 545
720 790
720 194
720 709
720 964
720 742
720 99
721 463
721 176
721 400
723 77
723 673
723 625
723 326
723 902
724 177
724 259
724 411
724 759
724 502
724 594
724 568
724 744
724 153
725 942
725 743
725 508
725 753
725 889
725 267
725 710
725 318
725 515
725 2
726 561
726 445
726 501
726 151
726 766
726 572
726 345
726 515
726 914
726 697
726 317
726 357
727 172
727 56
727 265
727 852
727 744
728 631
728 809
728 549
728 941
728 754
729 218
729 897
730 812
730 483
730 397
730 259
730 102
731 438
731 33
731 668
731 600
732 570
732 629
732 614
732 724
732 298
732 150
732 679
733 792
733 820
733 28
733 10
733 26
733 506
733 61
734 699
734 600
734 467
734 138
734 541
734 29
734 130
734 394
736 122
736 491
736 981
736 645
736 932
736 790
736 958
736 95
737 965
737 836
737 796
737 459
737 793
737 497
738 331
738 593
738 697
738 113
738 233
738 554
738 956
738 663
738 241
738 914
739 506
739 961
739 782
739 920
739 595
739 445
739 29
739 81
740 782
740 753
740 941
740 177
740 668
740 78
740 273
740 284
741 284
741 610
741 490
741 618
741 491
741 184
741 527
741 42
741 9
741 538
741 998
742 383
742 416
742 902
742 958
742 593
742 569
742 892
742 158
743 461
743 192
743 992
743 289
743 680
743 666
743 204
743 878
743 644
744 755
744 245
744 546
744 502
744 250
744 561
744 786
744 570
744 684
744 179
746 649
746 500
746 795
746 431
746 299
746 457
746 563
747 180
747 129
747 15
747 391
747 126
748 16
748 913
748 964
748 22
748 643
748 158
748 508
748 274
748 759
748 350
749 831
749 246
749 829
749 137
749 233
749 974
750 453
750 407
750 392
750 189
750 866
750 314
750 473
750 627
750 317
751 573
751 325
751 440
751 274
751 46
751 696
751 156
751 826
751 665
751 357
752 104
752 935
752 71
752 936
752 393
752 816
753 708
753 946
753 345
753 308
753 447
753 687
753 937
753 240
754 313
754 528
754 717
754 643
754 702
754 805
754 404
754 104
754 966
755 584
755 707
755 87
755 304
755 399
755 60
755 761
755 986
755 624
755 918
755 947
756 699
756 595
756 754
756 236
756 478
758 993
758 216
758 335
758 494
758 279
758 575
759 8
759 616
759 13
759 420
759 898
759 696
759 608
759 323
759 618
759 808
759 388
759 14
759 811
760 294
760 403
760 459
760 813
760 789
760 306
760 577
760 73
761 20
761 881
761 739
761 196
761 953
761 825
762 441
762 572
762 831
762 232
762 177
763 66
763 261
763 448
763 695
763 528
763 761
763 233
763 473
763 182
764 587
764 46
764 3
764 978
764 118
764 660
764 14
764 102
764 747
764 261
765 743
765 195
765 221
765 586
765 126
765 46
765 673
765 693
765 359
766 70
766 818
766 554
766 41
766 539
766 39
767 91
767 246
767 194
767 527
767 524
767 672
767 955
767 897
767 609
767 461
767 89
768 714
768 697
768 19
768 281
768 429
768 797
768 358
769 771
769 199
769 73
769 115
769 594
769 427
770 235
770 404
770 275
770 317
770 194
770 430
770 842
770 520
771 664
771 18
771 999
771 0
771 353
772 549
772 953
772 964
772 588
772 569
772 654
773 463
773 627
773 121
773 856
773 437
773 914
773 117
773 237
773 802
774 359
774 535
774 895
774 866
774 261
774 436
774 13
774 888
774 375
776 802
776 841
776 221
776 715
776 121
776 417
776 409
777 37
777 661
777 276
777 651
777 289
777 939
778 909
778 580
778 395
778 444
778 853
778 4
778 250
778 333
779 962
779 852
779 12
779 866
779 33
779 853
779 463
779 245
779 249
779 494
779 350
779 954
779 587
779 347
779 754
779 476
779 902
780 797
780 529
780 703
780 102
780 826
780 665
780 743
781 628
781 697
781 847
781 214
781 742
781 258
781 513
781 647
781 170
781 42
781 7
781 514
782 761
782 418
782 262
782 820
782 107
782 257
783 970
783 754
783 427
783 926
783 90
783 126
784 202
784 573
784 130
785 559
785 302
785 548
785 988
785 732
785 348
785 837
785 32
786 625
786 123
786 696
786 126
786 596
786 491
788 791
788 4
788 654
788 534
788 412
788 428
788 10
788 128
788 165
788 737
788 954
788 662
789 606
789 204
789 930
789 384
789 243
789 75
789 413
789 636
789 772
789 116
789 229
789 661
789 227
790 978
790 424
790 921
790 389
790 459
790 972
790 895
791 247
791 504
791 115
791 790
791 741
791 242
791 644
792 935
792 978
792 951
792 201
792 754
792 786
793 853
793 404
793 886
793 459
793 647
794 813
794 225
794 619
794 819
794 464
795 726
795 1
795 28
795 778
795 277
796 258
796 364
796 219
796 493
796 205
796 129
797 316
797 431
797 756
797 675
799 418
799 187
799 246
799 400
799 983
799 583
799 358
799 756
800 954
800 941
800 629
800 271
800 130
800 371
800 139
800 532
801 714
801 53
801 964
801 837
801 899
801 665
801 941
802 2
802 694
802 266
802 428
802 938
803 748
803 186
803 381
803 490
803 575
803 361
805 606
805 176
805 26
805 151
805 137
805 838
805 562
806 536
806 133
806 561
806 45
806 595
806 425
806 571
806 395
806 101
806 56
806 246
806 700
807 878
807 175
807 769
807 51
807 305
807 903
807 177
808 256
808 698
808 211
808 652
808 760
808 223
808 962
809 853
809 387
809 241
809 590
809 63
809 797
809 134
809 263
809 225
809 857
809 389
810 256
810 964
810 640
810 921
810 813
810 317
810 726
810 888
810 884
810 150
810 129
811 635
811 526
811 595
811 538
811 408
811 383
811 491
811 539
812 728
812 297
812 66
812 677
812 655
812 407
812 897
812 596
813 984
813 51
813 156
813 11
814 446
814 767
814 830
814 434
814 938
814 809
814 796
814 328
816 964
816 947
816 458
816 616
816 444
817 301
817 894
817 305
817 688
817 833
818 66
818 68
818 347
818 556
818 213
818 623
818 996
818 565
819 805
819 551
819 227
819 480
819 927
819 732
819 959
819 609
819 55
819 678
819 983
820 260
820 917
820 721
820 904
820 801
820 702
821 874
821 812
821 744
823 896
823 10
823 837
824 185
824 594
824 519
824 172
824 632
824 980
824 109
824 26
824 961
825 315
825 107
825 403
825 688
825 653
825 374
825 236
826 431
826 552
826 357
826 3
826 845
826 966
826 358
826 134
826 75
827 17
827 10
827 242
827 755
827 329
827 746
827 666
828 809
828 570
828 678
828 124
828 913
828 838
828 594
829 288
829 749
829 916
829 120
829 202
829 637
829 141
829 174
830 265
830 393
830 623
830 264
830 407
830 894
830 692
831 294
831 161
831 535
831 795
831 434
831 369
831 235
831 214
831 951
832 502
832 128
832 178
832 294
832 443
832 550
832 7
833 939
833 288
833 223
833 710
833 809
833 677
833 268
833 64
833 438
833 739
834 501
834 244
834 460
835 573
835 631
835 593
835 689
835 51
835 800
835 410
835 609
835 306
835 429
836 537
836 683
836 376
836 318
836 760
836 484
837 177
837 898
837 284
837 792
837 209
838 298
838 399
838 70
838 699
838 13
838 569
838 820
838 546
838 622
838 732
838 587
839 4
839 566
839 750
839 115
839 132
839 505
839 440
839 924
839 970
839 830
839 902
839 600
839 662
840 640
840 442
840 292
840 666
840 995
841 418
841 365
841 552
841 978
841 961
841 625
841 54
841 376
841 785
841 395
842 83
842 344
842 175
842 721
842 865
842 154
842 537
842 991
842 200
843 447
843 725
843 103
843 3
843 398
843 210
843 975
843 161
843 81
844 780
844 628
844 879
844 412
844 403
845 380
845 726
845 69
845 263
845 659
847 520
847 907
847 962
847 693
847 840
847 338
847 538
847 0
848 263
848 564
848 967
848 896
848 829
850 145
850 595
850 286
850 973
850 173
851 980
851 453
851 240
851 829
852 501
852 144
852 120
852 139
852 844
852 84
853 783
853 881
853 511
853 792
853 403
853 778
853 455
853 951
853 434
854 760
854 793
854 653
854 12
854 248
854 278
854 939
856 729
856 168
856 8
856 913
856 333
857 624
857 219
857 370
857 904
857 29
858 443
858 962
858 308
858 918
858 302
859 308
859 392
859 197
859 264
859 784
859 518
859 676
859 235
859 660
860 91
860 565
860 845
860 491
860 434
860 459
860 415
862 139
862 425
862 341
862 832
862 536
862 732
862 568
863 761
863 733
863 840
863 932
863 827
863 381
863 151
863 587
863 782
863 772
863 652
863 811
863 672
865 645
865 194
865 930
865 789
865 481
865 145
865 272
865 43
865 38
866 375
866 648
866 156
866 809
866 692
866 443
866 480
866 940
866 226
867 82
867 532
867 53
867 699
867 20
868 534
868 68
868 894
868 397
868 841
868 513
868 573
868 675
868 184
868 18
870 838
870 348
870 345
870 854
870 893
870 618
872 461
872 463
872 842
872 124
872 885
872 879
872 512
872 378
872 755
873 860
873 454
873 942
873 8
873 74
873 651
873 630
873 789
873 856
873 314
873 792
874 458
874 894
874 346
874 477
874 863
874 842
874 528
874 272
875 467
875 548
875 710
875 24
875 753
875 167
875 607
876 387
876 184
876 157
876 793
876 904
876 222
876 632
877 373
877 911
877 820
877 126
877 685
877 675
877 28
878 184
878 857
878 728
878 891
878 23
878 415
878 830
879 700
879 384
879 346
879 922
879 88
879 517
879 836
879 402
879 975
879 33
879 130
879 371
879 563
881 56
881 429
881 241
881 543
881 301
881 373
881 570
881 40
881 857
881 934
881 477
882 136
882 692
882 116
882 355
882 401
882 750
882 773
882 567
882 75
882 440
884 75
884 507
884 501
884 951
884 319
884 184
884 534
884 31
885 83
885 326
885 680
885 140
885 556
885 340
885 88
886 86
886 606
886 828
886 999
886 46
887 645
887 218
887 894
887 138
887 167
887 896
887 165
887 124
887 16
888 135
888 776
888 748
888 167
888 249
888 854
889 249
889 818
889 2
889 603
889 430
889 412
891 332
891 272
891 13
891 403
891 75
891 579
891 920
891 455
892 835
892 779
892 799
892 421
892 342
892 247
892 944
892 500
893 903
893 766
893 977
893 878
893 642
893 666
893 84
893 416
894 292
894 736
894 248
894 451
894 493
894 413
894 66
894 579
894 273
895 799
895 796
895 617
895 77
896 955
896 835
896 302
896 606
896 728
896 70
897 331
897 474
897 477
898 611
898 535
898 401
898 900
898 841
898 337
898 750
898 404
898 63
899 278
899 226
899 244
899 674
899 854
899 238
899 956
900 958
900 221
900 86
900 709
900 483
900 223
901 124
901 675
901 602
901 228
901 860
901 844
901 746
901 773
901 72
901 907
902 946
902 182
902 241
902 563
902 292
903 177
903 602
903 246
903 893
903 298
903 875
904 719
904 497
904 397
904 824
905 655
905 365
905 468
905 32
905 72
905 973
905 485
905 781
905 654
905 915
905 888
905 902
906 877
906 55
906 892
906 88
906 429
906 290
906 504
906 703
906 875
906 794
906 462
906 370
906 885
907 338
907 251
907 69
907 612
907 856
907 614
907 73
907 922
907 915
908 156
908 444
908 170
908 758
909 818
909 578
909 778
909 951
909 990
909 810
909 933
909 666
909 843
909 416
909 527
910 106
910 651
910 837
910 691
910 240
910 217
910 242
911 12
911 214
911 371
911 569
911 563
911 182
911 476
911 297
911 959
911 876
911 618
911 510
911 830
913 911
913 346
913 137
913 549
914 315
914 831
914 145
914 885
914 840
914 412
914 927
914 959
914 845
914 674
915 38
915 122
915 947
915 667
915 660
915 805
916 965
916 315
916 242
916 166
916 876
917 999
917 627
917 437
917 588
917 223
917 571
918 191
918 941
918 567
918 42
918 302
918 826
918 910
920 723
920 153
920 514
920 473
920 217
920 817
920 424
920 302
921 177
921 903
921 584
921 511
922 434
922 819
922 90
922 530
922 132
922 884
922 500
922 629
922 46
923 586
923 38
923 392
923 594
923 11
923 73
923 291
923 688
924 774
924 643
924 810
924 840
924 661
924 585
924 795
924 490
924 151
924 792
924 529
924 171
925 936
925 642
925 476
925 623
925 359
926 717
926 916
926 219
926 134
926 651
926 517
926 506
926 995
926 232
926 236
926 285
927 535
927 765
927 126
927 944
927 892
930 552
930 243
930 939
930 369
930 758
930 389
931 854
931 152
931 578
931 807
931 672
931 967
931 388
931 748
932 741
932 8
932 591
932 445
932 244
932 650
932 43
932 357
932 403
932 750
933 650
933 656
933 636
933 598
933 622
933 284
933 93
933 820
933 644
933 885
933 443
933 305
934 834
934 393
934 580
934 698
934 736
934 623
934 397
935 437
935 236
935 296
935 137
935 906
935 526
935 292
935 905
935 583
935 40
936 441
936 211
936 920
936 645
936 899
936 419
937 480
937 710
937 71
937 770
937 391
938 619
938 189
938 468
938 739
938 720
938 211
938 438
938 623
938 320
939 417
939 136
939 477
939 558
939 113
939 261
939 434
939 585
940 513
940 190
940 0
940 333
940 884
940 682
940 637
940 695
940 813
940 772
940 389
941 734
941 300
941 393
941 865
941 346
941 571
941 227
941 453
942 485
942 377
942 175
942 296
942 702
942 26
942 695
942 178
942 113
943 751
943 169
943 689
943 808
943 867
943 566
944 405
944 289
944 469
944 84
944 743
944 898
944 43
945 483
945 297
945 370
945 343
945 678
946 278
946 471
946 180
946 109
946 552
947 304
947 274
947 238
947 906
947 471
947 158
947 749
947 306
947 232
947 264
947 307
947 201
947 615
948 947
948 561
948 753
948 81
948 733
948 320
948 304
949 516
949 935
949 10
949 552
949 501
949 253
949 139
949 459
949 48
950 144
950 260
950 704
951 949
951 443
951 410
951 747
951 20
951 205
952 166
952 593
952 689
952 549
952 987
953 767
953 260
953 256
953 205
953 951
953 185
953 859
953 819
953 376
954 200
954 917
954 11
954 354
954 530
954 197
955 439
955 978
955 548
955 964
955 751
955 544
956 54
956 251
956 570
956 477
956 526
956 947
956 801
956 19
956 440
956 641
956 207
957 42
957 572
957 225
957 120
957 649
957 624
957 439
957 661
957 736
957 741
957 335
957 396
958 388
958 783
958 63
958 986
958 164
958 69
958 764
958 205
958 888
958 278
959 197
959 588
959 741
959 166
960 826
960 94
960 974
960 422
960 746
960 3
960 287
960 978
960 157
960 500
960 135
960 526
960 877
961 245
961 90
961 949
961 246
961 485
961 106
962 621
962 688
962 702
962 54
962 588
962 265
962 455
962 45
962 998
964 468
964 152
964 123
964 539
965 728
965 767
965 296
965 948
965 292
965 281
965 53
965 178
965 621
965 209
966 768
966 986
966 518
966 132
966 595
966 526
966 984
966 748
966 287
966 299
966 168
967 856
967 439
967 897
967 505
967 459
967 765
967 953
967 489
967 62
967 571
968 343
968 216
968 372
968 779
968 675
969 255
969 780
969 242
969 960
969 580
969 744
969 895
969 18
970 546
970 327
970 10
970 409
970 567
970 230
970 694
972 969
972 674
972 462
972 908
972 209
972 155
972 326
972 311
972 348
972 708
972 26
972 848
973 440
973 781
973 145
973 289
973 376
973 162
974 406
974 515
974 22
974 585
975 1
975 673
975 662
975 987
975 431
975 98
975 428
977 197
977 119
977 244
977 783
977 260
977 431
978 380
978 399
978 931
978 730
978 133
978 161
978 868
978 243
978 193
978 180
978 331
978 115
979 719
979 881
979 746
979 756
980 708
980 137
980 564
980 572
980 286
980 138
980 655
980 110
980 786
980 540
981 942
981 627
981 421
981 542
981 286
981 768
982 666
982 677
982 36
982 73
982 281
982 994
982 403
982 769
982 795
982 287
982 904
982 471
983 387
983 789
983 120
983 634
983 938
983 372
983 642
983 40
983 445
983 56
983 374
983 638
983 618
983 377
983 79
984 972
984 895
984 596
984 727
984 306
984 783
985 762
985 326
985 908
985 139
985 166
985 346
985 964
985 460
986 582
986 329
986 603
986 61
986 892
986 721
986 814
986 263
986 38
987 993
987 291
987 40
987 567
988 140
988 250
988 888
988 697
988 305
989 489
989 448
989 760
989 940
989 95
990 806
990 453
990 305
990 952
991 501
991 727
991 695
991 35
991 590
991 968
992 133
992 274
993 388
993 575
993 539
993 5
993 381
993 934
993 400
993 395
993 442
994 973
994 866
994 838
994 37
995 970
995 410
995 905
995 653
995 585
995 299
995 980
995 277
995 589
996 759
996 661
996 791
996 375
996 91
997 270
997 647
997 221
997 261
997 531
997 886
997 784
998 843
998 922
998 713
998 54
998 506
998 9
998 632
998 606
998 315
998 436
998 300
998 6
999 79
999 9
999 421
999 361
999 968
999 878
