0 225
0 382
0 432
0 219
0 214
0 923
0 961
0 899
0 475
0 424
0 619
1 859
1 827
1 354
1 786
1 487
1 370
1 312
1 260
1 103
1 704
2 591
2 210
2 142
2 770
2 197
3 45
3 532
3 934
3 698
3 200
3 499
3 575
3 451
4 972
4 255
4 47
4 605
4 243
4 218
4 838
4 806
4 181
5 679
5 12
5 954
5 930
5 502
5 653
5 304
5 338
5 624
5 752
6 98
6 365
6 354
6 454
6 216
6 57
7 875
7 231
7 10
7 357
7 323
7 664
7 101
7 503
7 846
7 178
7 682
7 565
7 38
8 353
8 746
8 529
8 663
8 857
9 123
9 710
9 582
10 260
10 767
10 847
10 635
10 856
11 948
11 518
11 546
11 274
11 177
11 786
11 83
11 91
11 30
11 305
11 534
12 714
12 504
12 178
12 675
12 447
12 620
12 565
12 743
12 545
13 185
13 323
13 984
13 62
13 251
13 492
14 145
14 778
14 768
14 614
14 979
14 37
14 477
14 294
15 550
15 330
15 853
15 820
15 678
15 913
15 670
16 56
16 684
16 210
16 327
16 91
16 119
17 899
17 689
17 222
17 894
17 69
17 706
17 700
18 38
18 616
18 280
18 493
18 581
18 391
18 860
18 643
18 227
18 967
18 95
18 692
19 764
19 192
19 859
19 44
19 387
19 586
19 973
19 756
19 308
19 9
19 807
20 145
20 513
20 586
20 361
20 231
20 863
20 672
20 956
20 2
20 823
20 134
20 98
20 813
20 267
21 965
21 765
21 789
21 796
21 413
21 97
21 310
21 504
21 692
21 72
21 335
21 58
21 364
22 512
22 329
22 728
22 130
22 694
22 311
22 659
22 232
22 30
23 274
23 595
23 128
23 308
23 844
23 561
23 745
23 656
23 243
24 43
24 131
24 683
24 789
24 948
24 806
24 829
24 762
24 469
24 886
24 23
24 352
24 963
24 957
25 102
25 576
25 588
25 330
25 863
25 875
25 616
25 845
25 90
26 140
26 506
26 865
26 906
26 944
26 701
26 379
26 121
26 854
27 471
27 442
27 183
27 378
27 115
27 651
27 604
27 929
28 902
28 471
28 828
28 210
28 450
28 460
28 669
28 363
29 877
29 189
29 316
29 747
29 705
29 978
29 952
29 263
30 207
30 256
30 436
30 519
30 622
30 311
30 614
30 497
31 752
31 360
31 91
31 804
31 137
31 82
32 585
32 104
32 449
32 884
32 376
32 971
32 659
32 512
32 835
32 646
33 404
33 374
33 308
33 649
33 455
33 987
33 426
33 675
33 670
33 398
33 344
33 607
33 483
34 761
34 438
34 180
34 453
34 269
34 685
34 560
34 854
35 375
35 246
35 284
35 392
35 239
35 276
35 621
35 896
35 553
36 934
36 580
36 614
36 907
36 120
36 881
37 254
37 248
37 25
37 226
37 902
37 182
37 642
37 332
38 282
38 245
38 872
38 940
38 120
38 537
38 801
38 338
38 983
38 861
38 725
38 71
39 777
39 27
39 461
39 348
39 518
39 279
39 732
39 289
40 577
40 650
40 52
40 303
40 562
40 195
40 246
40 885
40 676
40 740
40 830
40 27
41 140
41 638
41 559
41 964
41 806
41 587
41 209
41 565
42 208
42 345
42 592
42 51
42 240
42 787
42 878
42 706
43 384
43 593
43 977
43 180
43 463
43 751
44 866
44 176
44 112
44 265
44 235
44 640
44 579
44 268
44 69
44 664
45 781
45 170
45 889
45 699
45 357
45 430
46 727
46 387
46 45
46 404
46 272
46 319
46 41
46 43
46 805
46 782
47 889
47 451
47 116
47 990
47 820
47 563
47 287
47 859
47 971
47 56
48 561
48 986
48 509
48 700
48 131
48 899
48 922
48 773
49 680
49 611
49 603
49 423
49 662
49 207
49 980
49 83
49 267
49 397
50 65
50 997
50 575
50 768
50 611
50 674
50 800
50 392
50 119
50 126
51 612
51 334
51 945
51 238
51 498
51 504
51 86
51 610
51 175
51 258
51 535
52 782
52 764
52 33
52 99
52 902
52 491
52 222
52 915
52 93
52 766
52 122
52 836
53 247
53 136
53 843
53 782
53 566
53 953
53 316
53 284
53 663
53 339
53 662
54 945
54 460
54 986
54 574
54 913
54 570
54 867
54 700
54 363
54 126
54 206
54 55
54 611
55 275
55 828
55 595
55 756
55 767
55 869
55 948
55 976
55 342
55 513
55 501
55 680
56 690
56 643
56 256
56 811
56 739
56 792
56 872
56 199
57 218
57 16
57 363
57 894
57 584
57 461
57 332
57 995
58 367
58 493
58 955
58 718
58 796
58 597
58 733
58 212
58 767
58 867
59 101
59 618
59 335
59 689
59 458
60 44
60 296
60 215
60 870
60 747
60 246
60 857
61 246
61 297
61 769
61 293
61 397
61 873
61 837
62 993
62 63
62 635
62 392
62 878
62 990
62 391
63 217
63 494
63 534
63 642
63 747
63 61
63 381
63 194
63 952
64 337
64 692
64 132
64 560
64 36
64 77
64 485
64 860
64 344
65 824
65 995
65 66
65 601
65 752
65 313
65 745
65 305
65 425
65 461
65 295
65 376
65 991
66 816
66 154
66 214
66 409
66 5
66 466
66 98
66 654
67 677
67 432
67 637
67 53
67 876
67 852
67 414
67 862
67 550
68 977
68 9
68 39
68 250
68 320
68 262
68 388
68 931
68 124
68 890
68 797
68 902
69 374
69 955
69 502
69 197
69 681
69 112
70 81
70 977
70 853
70 650
70 364
70 405
70 971
70 101
70 63
70 603
70 711
71 993
71 986
71 648
71 649
71 91
71 218
71 239
71 874
71 938
72 524
72 251
72 69
72 418
72 875
72 335
72 468
72 309
72 796
73 831
73 195
73 671
73 370
73 178
73 325
73 283
73 199
73 486
73 87
73 117
73 674
74 32
74 592
74 626
74 31
74 209
74 923
74 842
74 673
74 595
74 358
75 807
75 249
75 427
75 272
75 907
75 216
76 929
76 233
76 296
76 991
76 501
76 953
76 156
76 469
77 774
77 475
77 10
77 137
77 765
77 307
77 550
77 900
77 817
77 41
77 663
77 16
77 105
78 77
78 279
78 583
78 287
79 985
79 780
79 784
79 725
79 684
79 963
79 474
79 110
79 771
79 275
80 354
80 398
80 559
80 645
80 920
80 578
81 260
81 791
81 568
81 617
81 896
81 37
81 409
81 478
81 948
81 732
81 527
81 861
81 813
81 258
82 606
82 698
82 344
82 658
82 628
83 871
83 220
83 984
83 528
83 888
83 455
83 665
83 301
83 704
83 770
83 883
84 471
84 490
84 321
84 253
85 724
85 638
85 129
85 686
85 257
85 473
85 565
86 201
86 937
86 274
86 774
86 243
86 470
86 123
86 188
86 288
86 480
86 507
86 82
86 586
87 956
87 959
87 293
87 54
87 408
87 239
87 177
87 519
87 656
87 45
87 787
88 432
88 577
88 59
88 441
88 463
88 633
88 44
88 375
88 53
88 829
88 885
89 883
89 513
89 707
89 367
89 680
89 546
89 650
90 412
90 539
90 427
90 622
90 278
90 232
90 779
90 515
90 487
90 828
90 47
90 399
91 744
91 328
91 641
91 566
91 421
91 662
92 130
92 621
92 748
92 145
92 317
93 206
93 144
93 267
93 430
93 887
93 884
94 370
94 26
94 551
94 810
94 52
94 491
94 324
94 952
94 50
94 98
94 143
94 404
94 781
95 320
95 46
95 242
95 367
95 78
96 261
96 875
96 626
96 18
96 19
96 308
96 249
96 164
96 998
96 759
96 942
96 501
97 532
97 110
97 603
97 508
97 341
97 699
97 504
98 257
98 846
98 993
98 572
98 611
98 719
98 824
98 971
99 470
99 636
99 81
99 487
99 600
99 201
99 558
99 250
99 341
99 394
100 312
100 198
100 563
100 73
100 745
100 277
100 292
101 987
101 909
101 88
101 321
101 749
101 910
101 726
101 157
102 472
102 520
102 239
102 149
102 615
102 628
102 343
102 876
102 822
103 79
103 522
103 443
103 879
103 878
103 386
103 263
104 653
104 44
104 945
104 254
104 54
104 441
104 772
105 353
105 841
105 135
105 599
105 395
105 236
105 723
105 454
105 678
105 318
105 901
106 872
106 153
106 726
106 131
106 327
106 951
106 992
106 563
106 346
106 519
107 211
107 646
107 47
107 838
107 713
107 293
107 316
107 702
107 564
107 108
108 799
108 589
108 37
108 810
109 231
109 999
109 289
110 105
110 239
110 512
110 611
110 530
110 160
110 934
110 596
111 965
111 594
111 683
111 918
111 895
111 536
111 185
111 609
111 977
111 270
112 747
112 102
112 867
112 426
112 788
112 772
112 930
112 994
112 668
113 68
113 442
113 218
113 761
113 983
113 222
113 362
113 543
113 808
113 440
113 409
114 900
114 769
114 607
114 889
115 367
115 977
115 217
115 928
115 170
115 826
116 358
116 365
116 516
116 218
116 500
116 690
117 39
117 249
117 454
117 137
117 668
117 453
117 825
117 97
118 796
118 275
118 223
118 475
118 548
118 993
118 807
119 222
119 495
119 39
119 269
120 189
120 503
120 468
120 54
120 140
120 730
120 796
120 84
120 545
121 740
121 697
121 936
121 442
121 365
121 375
122 534
122 646
122 275
122 31
122 946
122 880
122 565
122 861
122 504
122 264
123 464
123 465
123 73
123 405
123 153
123 451
123 915
123 591
123 508
123 585
124 861
124 50
124 25
124 34
124 903
124 913
124 17
124 182
125 307
125 695
125 104
125 849
125 543
125 642
125 145
126 62
126 934
126 319
126 296
126 917
126 521
127 923
127 273
127 219
127 945
127 892
127 475
127 755
127 670
127 89
127 160
127 576
128 555
128 14
128 51
128 124
128 574
128 372
128 352
128 638
129 189
129 181
129 733
129 940
129 876
129 620
129 762
129 582
130 891
130 416
130 72
130 783
130 20
130 814
130 594
130 700
130 538
130 645
130 460
130 812
131 54
131 640
131 445
131 543
131 564
131 915
131 394
131 810
131 834
131 295
132 794
132 271
132 115
132 104
132 555
132 16
132 844
132 0
132 205
132 425
132 714
132 990
133 522
133 965
133 576
133 215
133 973
133 707
133 513
133 53
133 41
133 782
133 253
134 923
134 488
134 507
134 715
134 415
135 387
135 676
135 423
135 667
135 625
135 245
135 901
136 301
136 379
136 746
136 521
136 170
136 545
136 218
136 511
136 534
136 23
136 497
136 244
136 226
137 475
137 0
137 672
137 425
137 207
137 209
137 466
137 839
137 634
137 301
138 907
138 535
138 866
138 273
138 618
138 791
138 662
138 773
138 484
138 560
138 169
139 39
139 176
139 45
139 338
139 10
139 838
139 405
139 395
139 942
139 928
140 361
140 532
140 783
140 470
140 752
140 320
140 932
140 660
140 246
140 875
140 152
141 541
141 233
141 623
141 218
141 103
141 49
141 54
142 831
142 683
142 333
142 970
142 249
142 50
142 752
142 170
142 285
142 707
142 160
143 38
143 75
143 28
143 824
143 55
143 39
143 30
143 507
143 866
143 65
144 103
144 318
144 957
144 72
144 801
144 33
144 472
145 583
145 237
145 323
145 485
145 201
145 310
145 457
146 392
146 470
146 173
146 900
146 591
146 286
146 933
146 855
146 930
146 902
146 705
146 789
147 929
147 67
147 883
147 480
147 969
147 58
148 576
148 857
148 11
148 600
148 182
148 331
148 770
148 740
148 978
149 832
149 924
149 763
149 826
149 734
149 249
149 299
149 166
149 585
149 887
150 375
150 867
150 327
150 358
150 696
150 974
150 599
150 658
150 719
150 303
150 505
150 451
151 88
151 54
151 263
151 460
151 570
151 601
151 420
151 422
151 837
151 854
151 887
151 152
151 535
152 636
152 129
152 492
152 474
152 187
152 825
152 952
152 97
153 679
153 584
153 697
153 828
153 271
153 859
153 918
153 564
154 884
154 834
154 308
154 225
154 934
154 428
154 958
154 243
154 862
154 242
155 788
155 573
155 766
155 34
155 484
155 611
155 584
155 740
156 836
156 698
156 48
156 176
156 977
156 692
156 88
156 624
157 335
157 325
157 895
157 575
157 529
157 618
157 945
157 864
157 782
157 350
157 735
158 766
158 209
158 279
158 359
158 81
158 754
158 433
158 642
158 601
158 26
158 933
158 608
158 813
158 271
159 751
159 572
159 145
159 672
159 881
159 421
159 296
159 106
159 928
159 471
159 84
159 260
160 898
160 973
160 606
160 927
160 31
160 987
160 259
160 824
160 798
160 415
160 841
160 409
161 125
161 159
161 171
162 897
162 161
162 174
162 656
162 709
162 703
162 239
162 514
162 336
162 21
162 625
162 520
163 820
163 289
163 490
163 894
163 883
163 128
163 588
163 312
163 16
163 836
163 329
163 877
163 131
164 617
164 957
164 89
164 268
164 54
164 172
165 973
165 588
165 841
165 405
165 298
165 457
165 576
165 256
165 118
165 526
166 517
166 655
166 124
166 86
166 489
166 216
166 98
167 435
167 73
167 357
167 51
168 617
168 459
168 899
168 725
168 486
168 250
169 16
169 188
169 541
169 521
169 666
169 140
170 78
170 98
170 797
170 711
170 957
171 507
171 922
171 129
171 720
171 583
171 101
172 876
172 375
172 408
172 891
172 506
172 165
172 244
172 418
172 958
172 669
172 155
172 935
172 757
172 48
173 987
173 324
173 887
173 960
173 589
173 218
173 603
174 513
174 767
174 11
174 223
174 630
174 328
174 612
174 271
175 130
175 763
175 831
175 657
175 861
175 578
175 626
175 443
175 85
175 950
175 109
175 328
175 167
175 692
176 462
176 402
176 424
176 905
176 742
176 567
176 618
176 765
176 555
176 367
176 732
177 113
177 26
177 51
177 144
177 854
177 50
177 261
177 344
178 402
178 718
178 560
178 857
178 787
178 273
178 92
178 232
178 506
179 468
179 785
179 81
179 137
179 800
179 623
179 644
179 517
180 758
180 541
180 89
180 119
180 258
180 244
180 884
180 714
180 850
180 950
180 261
180 175
181 294
181 183
181 320
181 819
181 708
181 152
181 137
181 377
181 815
181 301
181 700
181 929
181 101
182 317
182 246
182 588
182 407
182 686
183 655
183 429
183 883
183 990
183 627
183 228
183 744
183 819
184 392
184 997
184 386
184 867
184 140
184 595
184 192
185 602
185 508
185 320
185 308
185 517
186 984
186 878
186 420
186 253
186 202
186 404
187 402
187 343
187 241
187 464
187 564
187 441
187 535
187 462
187 962
188 817
188 435
188 963
188 540
188 960
188 452
188 73
188 76
189 790
189 660
189 744
189 670
189 404
189 949
189 796
189 34
189 234
190 193
190 670
190 130
190 183
190 918
190 184
190 639
190 260
190 324
190 861
191 371
191 885
191 619
191 468
192 219
192 464
192 312
192 899
192 798
192 783
193 491
193 400
193 436
193 884
194 721
194 330
194 746
194 797
194 170
194 639
194 507
194 417
194 13
194 665
194 259
194 562
194 660
194 436
194 431
194 547
194 129
195 348
195 990
195 695
195 648
195 718
195 839
195 600
195 346
196 255
196 675
196 647
196 399
196 732
196 832
196 527
197 302
197 957
197 327
197 823
197 240
197 281
197 917
197 251
198 81
198 906
198 652
198 227
198 714
199 689
199 233
199 75
199 7
199 827
199 184
199 914
199 237
199 466
199 958
199 534
199 675
200 641
200 880
200 333
200 51
200 552
200 544
200 546
200 851
200 564
200 113
200 115
201 406
201 230
201 743
201 664
201 281
201 374
201 358
201 162
201 604
202 566
202 535
202 666
202 143
202 424
202 427
202 184
202 882
202 644
202 242
202 237
203 999
203 981
203 717
203 985
203 982
203 806
204 796
204 515
204 487
204 91
204 958
204 572
204 959
204 256
204 971
204 619
204 918
205 680
205 688
205 713
205 223
206 140
206 566
206 218
206 715
206 317
207 870
207 470
207 511
207 626
207 393
207 811
207 907
208 139
208 722
208 563
208 269
208 383
208 403
208 305
208 199
209 53
209 836
209 400
209 452
209 245
209 953
209 914
209 3
209 27
209 793
209 290
209 521
210 717
210 480
210 315
210 326
210 549
210 363
210 911
210 642
210 290
210 306
210 804
211 860
211 966
211 160
211 670
211 590
211 947
211 486
211 326
211 0
212 944
212 491
212 540
212 156
212 697
212 517
212 832
212 591
212 952
212 393
212 182
212 867
212 780
212 233
212 804
212 209
213 501
213 200
213 174
213 885
214 811
214 482
214 657
214 837
214 901
214 384
214 656
214 617
214 473
214 563
214 227
214 975
214 147
214 769
215 790
215 202
215 322
215 77
215 965
215 938
215 477
215 101
216 751
216 130
216 84
216 738
216 32
216 672
216 39
216 992
216 426
216 171
217 748
217 952
217 134
217 226
217 758
217 943
217 97
217 263
217 28
218 110
218 848
218 462
218 840
218 451
218 786
218 564
219 630
219 522
219 311
219 18
219 830
219 803
219 511
219 199
219 203
220 685
220 226
220 47
220 2
220 474
220 801
221 72
221 244
221 39
221 238
221 98
221 998
221 716
221 620
221 220
221 92
221 883
222 501
222 344
222 356
222 747
222 639
222 572
222 359
222 533
222 773
222 562
222 698
222 338
222 185
222 826
222 912
222 487
222 882
223 788
223 599
223 398
223 841
223 897
223 971
224 780
224 169
224 19
224 381
224 733
224 187
224 962
224 951
224 103
224 493
224 526
224 591
225 290
225 243
225 80
225 3
225 431
225 116
225 584
225 620
225 912
225 914
226 211
226 948
226 334
226 706
227 35
227 342
227 581
227 401
227 867
227 973
227 455
227 189
228 884
228 294
228 378
228 637
228 176
228 874
228 231
228 497
228 402
228 865
228 860
228 829
229 46
229 950
229 436
229 199
229 848
229 375
229 423
229 931
229 967
229 166
229 413
229 447
229 522
229 747
230 601
230 771
230 670
230 387
230 785
231 2
231 622
231 596
231 803
231 5
231 698
232 31
232 918
232 610
232 866
232 774
233 383
233 266
233 252
233 762
233 170
233 742
233 31
233 89
233 764
234 55
234 189
234 56
234 968
234 368
234 445
235 352
235 998
235 661
235 515
235 12
235 148
235 571
236 662
236 149
236 120
236 361
236 684
237 645
237 204
237 835
237 40
237 253
237 912
237 802
237 597
237 298
237 622
237 911
238 928
238 163
238 50
238 320
238 213
238 107
238 964
238 748
238 38
238 209
238 875
238 982
239 230
239 761
239 515
239 312
239 271
239 101
239 465
239 114
239 773
240 976
240 14
240 628
240 523
241 162
241 323
241 635
241 275
241 547
242 668
242 993
242 396
242 964
242 845
242 690
242 812
242 446
242 415
242 310
242 938
242 300
242 463
242 715
243 461
243 105
243 937
243 816
243 550
243 471
243 52
243 723
243 463
243 888
244 827
244 726
244 2
244 440
244 386
244 311
244 794
244 252
245 915
245 909
245 240
245 945
245 455
246 517
246 963
246 710
246 162
246 728
246 931
246 788
246 493
246 254
246 897
246 700
246 930
246 54
247 841
247 40
247 630
247 227
247 262
247 396
247 798
248 10
248 542
248 820
248 244
248 175
249 732
249 692
249 98
249 61
250 204
250 288
250 609
250 104
250 467
250 20
250 199
250 72
250 283
250 659
250 940
251 822
251 549
251 962
251 104
251 611
251 829
251 676
251 142
251 286
252 536
252 649
252 235
252 736
252 16
252 761
252 319
252 170
253 204
253 825
253 495
253 257
253 525
253 263
253 11
253 646
253 809
254 943
254 983
254 935
254 317
254 196
254 917
254 330
254 715
254 9
255 854
255 17
255 662
255 841
255 277
255 423
255 763
255 749
255 411
256 34
256 325
256 83
256 210
256 471
256 804
256 596
256 551
256 556
256 411
256 494
256 122
256 155
257 172
257 329
257 601
257 114
257 396
257 154
257 886
257 637
257 880
258 626
258 788
258 678
258 65
258 558
259 14
259 112
260 383
260 526
260 507
260 646
260 794
260 11
260 953
260 265
260 45
260 728
260 65
261 135
261 557
261 550
261 772
261 712
261 721
261 200
261 393
261 145
261 416
262 841
262 436
262 866
262 341
262 426
262 10
262 266
262 961
262 531
262 776
263 492
263 786
263 240
263 620
263 423
263 34
264 700
264 125
264 596
264 910
264 303
264 397
264 648
264 478
265 691
265 720
265 820
265 534
265 112
265 562
265 355
265 120
265 789
265 509
265 30
265 786
266 777
266 928
266 34
266 574
267 653
267 531
267 427
267 53
267 993
267 764
267 287
267 561
268 508
268 363
268 473
268 930
268 103
268 795
269 321
269 315
269 209
269 862
269 411
270 105
270 947
270 445
270 172
270 837
270 206
270 247
270 934
270 322
270 662
270 839
271 33
271 353
271 112
271 682
271 767
271 654
271 582
271 202
271 911
271 82
271 744
271 487
271 755
271 97
272 201
272 717
272 158
272 422
272 870
272 265
272 927
272 545
272 109
272 446
272 961
272 183
273 592
273 526
273 515
273 859
273 297
273 440
273 903
273 21
273 67
274 156
274 478
274 320
274 306
274 520
274 600
274 633
274 398
274 905
275 28
275 678
275 608
275 352
275 706
275 65
276 629
276 403
276 112
276 100
276 324
276 515
276 930
276 488
276 507
276 311
276 401
276 814
277 843
277 379
277 166
277 931
277 183
277 240
277 344
277 579
277 165
277 675
277 581
277 861
277 325
277 451
277 751
277 576
278 260
278 598
278 780
278 830
279 84
279 326
279 681
279 96
279 992
279 229
279 936
279 251
279 600
279 678
279 880
279 333
280 773
280 515
280 632
280 137
280 218
280 421
280 783
280 349
281 389
281 614
281 151
281 293
281 101
281 538
281 551
281 499
281 268
281 120
281 835
282 254
282 845
282 767
282 340
282 561
282 798
282 563
282 191
282 944
282 929
282 308
283 574
283 692
283 336
283 709
283 175
283 863
283 803
283 828
284 748
284 980
284 274
284 8
284 593
284 202
284 629
284 622
285 386
285 130
285 160
285 782
285 241
285 235
285 533
285 808
285 641
286 704
286 469
286 179
286 893
286 940
286 343
286 487
286 396
286 683
286 877
286 239
286 752
286 764
287 843
287 937
287 788
287 571
287 255
287 796
287 965
287 17
287 532
287 478
287 683
287 346
287 379
288 523
288 698
288 46
288 231
288 358
288 635
288 616
288 697
288 674
288 471
289 534
289 259
289 411
289 751
289 798
289 529
289 394
289 91
289 404
289 476
290 397
290 206
290 552
290 657
290 602
290 103
291 856
291 718
291 527
291 339
291 271
291 533
291 545
291 238
291 743
292 490
292 487
292 262
292 856
292 968
292 599
292 406
292 560
292 59
293 318
293 312
293 869
293 377
293 598
293 569
293 29
293 406
293 281
293 266
293 71
294 274
294 1
294 267
294 612
294 801
294 23
294 479
295 148
295 297
295 195
295 284
295 129
295 321
295 443
295 819
295 985
295 623
295 133
296 20
296 658
296 592
296 337
296 232
296 129
296 178
296 952
296 42
296 698
296 428
296 275
296 741
296 174
296 291
297 623
297 681
297 184
297 28
297 73
297 726
297 819
298 18
298 373
298 562
298 341
298 187
298 248
298 529
298 736
298 291
298 951
298 226
298 216
299 459
299 719
299 592
299 383
299 197
299 840
299 30
300 19
300 781
300 491
300 855
300 98
300 675
301 589
301 776
301 635
301 240
301 768
301 148
301 286
301 520
301 402
302 427
302 233
302 471
302 733
303 948
303 612
303 578
303 584
303 867
303 681
303 97
303 272
303 302
304 943
304 174
304 844
304 168
304 752
304 789
304 250
304 521
304 670
304 636
304 643
304 894
304 407
304 865
305 589
305 557
305 433
305 684
305 279
305 715
305 507
305 772
305 488
305 49
305 864
305 802
306 279
306 870
306 524
306 507
306 894
306 597
306 414
306 193
306 344
306 480
306 833
306 500
307 380
307 564
307 255
307 771
307 852
307 832
307 720
307 171
307 803
307 621
308 69
308 759
308 33
308 356
308 405
309 448
309 294
309 934
309 858
309 245
309 935
309 416
309 876
309 951
309 968
309 610
309 955
309 682
309 725
309 306
310 373
310 366
310 965
310 854
310 701
310 590
311 805
311 565
311 273
311 199
311 48
311 297
311 8
311 259
311 341
312 768
312 230
312 771
312 445
312 138
312 992
312 14
313 341
313 506
313 311
313 540
313 140
313 825
313 41
313 118
313 975
313 727
314 205
314 504
314 890
314 113
314 646
314 363
314 873
314 221
315 908
315 878
315 390
315 984
315 759
315 609
315 727
315 198
315 27
316 255
316 577
316 843
316 184
316 435
316 352
316 618
316 357
316 650
316 706
316 41
316 269
316 325
317 535
317 750
317 751
317 31
317 393
318 432
318 364
319 404
319 136
319 407
319 666
319 78
319 638
319 223
320 353
320 624
320 712
320 790
320 999
320 807
320 890
320 661
320 785
320 849
320 639
321 67
321 390
321 738
321 102
321 96
321 180
321 741
321 553
321 213
322 169
322 684
322 360
322 945
322 902
322 900
322 623
322 981
323 776
323 394
323 551
323 689
323 839
323 153
323 200
323 822
323 491
323 656
323 36
324 300
324 329
324 719
324 50
324 725
324 518
324 122
324 870
325 695
325 923
325 49
325 547
325 670
326 204
326 21
326 532
326 334
326 820
326 631
326 965
326 851
326 258
327 145
327 356
327 0
327 308
327 759
327 904
328 88
328 312
328 345
328 16
328 759
328 242
328 986
329 819
329 740
329 734
329 232
329 27
329 501
329 202
329 13
329 143
329 782
330 285
330 494
330 514
330 292
330 981
330 488
330 870
330 332
330 213
330 469
330 799
330 293
330 540
331 18
331 419
331 421
331 360
331 549
331 254
331 748
331 892
331 298
331 452
331 798
331 628
331 440
331 745
331 819
332 872
332 80
332 336
332 631
332 397
332 645
332 743
333 243
333 5
333 163
333 779
333 561
333 909
334 884
334 30
334 989
334 614
334 601
334 23
334 509
335 226
335 358
335 199
335 360
335 551
335 282
335 719
336 233
336 124
336 5
336 465
336 834
336 962
337 935
337 974
337 947
337 559
338 161
338 132
338 684
338 400
338 974
338 272
338 19
338 379
338 683
338 895
339 803
339 809
339 875
339 74
340 109
340 860
340 647
340 553
340 766
340 885
340 189
340 840
340 810
340 832
341 688
341 549
341 388
341 433
341 162
341 578
341 323
341 404
341 157
341 465
341 452
342 219
342 234
342 428
342 49
342 551
342 237
342 746
342 908
343 55
343 721
343 752
343 611
343 359
343 220
343 592
344 776
344 621
344 634
344 145
344 870
344 554
344 492
344 263
344 866
345 565
345 442
345 663
345 433
345 127
345 50
345 135
345 615
346 604
346 169
346 571
346 45
346 722
346 473
346 650
346 755
346 638
347 410
347 703
347 495
347 303
347 828
347 761
347 827
347 535
347 567
348 212
348 455
348 946
348 235
348 20
348 830
348 434
348 547
348 126
348 323
348 739
348 453
349 46
349 969
349 784
349 44
349 163
349 49
349 980
349 56
349 114
349 653
349 775
349 678
350 478
350 401
350 592
350 18
350 377
350 386
350 907
350 717
351 751
351 84
351 129
351 790
351 50
351 364
351 223
351 510
351 564
351 360
352 482
352 727
352 264
352 633
352 106
352 252
352 230
352 312
352 448
352 911
352 438
352 277
352 812
352 708
352 38
352 426
352 276
352 659
352 355
353 269
353 636
353 450
353 165
353 409
353 789
353 717
353 657
353 482
353 109
353 614
354 355
354 653
354 206
354 109
354 461
354 657
354 542
354 529
354 180
354 725
355 253
355 701
355 918
355 572
355 155
355 102
355 96
355 743
355 147
355 428
355 8
355 115
356 127
356 421
356 642
356 797
356 511
356 681
356 281
357 589
357 387
357 201
357 739
357 528
357 722
357 121
357 918
358 133
358 728
358 957
358 836
358 848
359 53
359 509
359 31
359 348
359 280
359 478
359 582
359 135
359 896
359 990
359 762
359 922
360 467
360 181
360 567
360 892
360 270
360 659
360 101
360 295
360 502
360 656
360 267
360 938
360 617
361 557
361 582
361 725
361 472
361 231
361 364
361 842
361 821
361 667
361 849
362 345
362 749
362 281
362 235
362 92
362 957
363 673
363 1
363 764
363 768
364 568
364 116
364 797
364 584
364 140
364 274
364 291
365 371
365 934
365 145
365 138
365 153
365 383
365 865
366 14
366 100
366 795
366 160
366 379
366 208
366 48
366 113
366 427
366 226
366 727
366 110
367 787
367 634
367 103
367 940
367 432
367 762
367 939
367 266
367 219
368 66
368 245
368 462
368 181
368 323
368 425
368 736
368 241
369 156
369 610
369 605
369 141
369 342
369 98
369 457
369 985
369 823
369 898
369 183
370 772
370 707
370 260
370 304
370 217
370 606
370 271
370 611
370 660
370 601
370 968
370 35
370 535
371 479
371 600
371 585
371 234
371 800
371 742
371 536
371 407
371 868
372 322
372 78
372 787
372 51
372 482
372 653
372 772
372 95
372 125
372 319
372 922
372 796
373 323
373 925
373 307
373 88
373 573
373 548
373 621
373 615
373 947
373 424
373 648
373 840
373 908
373 455
373 678
373 914
373 794
374 837
374 461
374 585
374 808
374 237
374 630
374 479
374 773
375 985
375 394
375 324
375 572
375 455
375 758
375 26
375 225
375 235
376 409
376 167
376 681
376 450
376 80
376 868
376 747
376 90
377 890
377 651
377 162
377 216
377 0
377 994
377 895
377 611
377 440
377 740
377 912
378 303
378 393
378 54
378 486
378 82
378 88
378 684
378 465
379 633
379 970
379 331
379 543
380 867
380 775
380 691
380 825
380 617
380 441
380 760
380 956
380 29
380 448
381 994
381 986
381 131
381 411
382 660
382 456
382 51
382 865
382 358
382 888
382 817
383 976
383 278
383 951
383 327
383 413
383 68
383 588
384 24
384 888
384 365
384 569
384 50
384 341
385 538
385 683
385 968
385 396
385 499
385 749
386 896
386 3
386 925
386 185
386 639
386 299
386 947
387 170
387 226
387 992
387 31
387 277
387 949
387 971
388 163
388 533
388 349
388 255
388 712
388 971
389 317
389 112
389 525
389 483
389 967
389 943
389 22
389 576
389 11
389 834
389 853
389 459
390 412
390 991
390 308
390 338
390 271
390 955
390 658
391 634
391 495
391 953
391 952
391 247
391 401
391 123
391 628
391 409
391 11
392 860
392 198
392 478
392 15
392 580
392 952
392 54
392 417
392 664
392 243
393 77
393 579
393 879
393 178
393 422
393 685
393 453
393 974
393 780
394 918
394 557
394 976
394 398
394 979
394 272
394 208
394 396
394 93
394 782
394 24
394 807
394 734
394 646
395 382
395 552
395 354
395 494
395 573
395 680
396 274
396 247
396 966
396 751
396 227
396 286
396 472
396 536
396 317
396 344
397 398
397 472
397 350
397 516
397 872
397 272
397 65
397 528
398 866
398 237
398 282
398 582
398 330
398 268
398 613
398 952
398 687
398 220
399 698
399 308
399 96
399 706
399 32
399 874
399 641
399 847
400 572
400 676
400 495
400 600
400 147
400 803
400 83
400 138
401 203
401 766
401 164
401 445
401 21
401 524
401 147
402 454
402 394
402 375
402 526
402 548
403 585
403 736
403 570
403 575
403 715
403 538
403 637
404 498
404 856
404 838
404 907
404 644
404 367
405 687
405 487
405 710
405 315
405 454
406 105
406 260
406 498
406 78
406 13
406 963
406 316
407 205
407 363
407 817
407 744
407 637
407 0
407 679
407 411
407 967
407 725
408 167
408 135
408 136
408 56
408 287
408 922
408 181
408 567
408 936
408 292
408 961
409 771
409 508
409 723
409 190
409 301
410 495
410 622
410 637
410 113
410 911
410 399
410 116
411 533
411 709
411 656
411 812
411 946
412 733
412 656
412 663
412 730
412 766
412 976
412 587
412 726
412 358
413 397
413 555
413 678
413 365
413 854
413 891
414 580
414 682
414 849
414 197
414 919
414 371
414 637
414 803
414 887
414 473
414 469
414 385
414 552
414 794
414 76
414 860
414 551
414 64
414 594
415 224
415 215
415 162
415 849
415 567
415 562
415 937
415 343
416 511
416 958
416 74
416 566
417 799
417 111
417 613
417 256
417 130
417 282
417 565
417 275
417 823
417 457
417 885
417 230
418 459
418 154
418 904
418 350
418 529
418 914
418 48
418 216
418 525
418 721
418 81
418 769
418 712
419 857
419 143
419 245
419 849
419 313
420 211
420 24
420 786
420 669
420 351
420 628
421 34
421 496
421 123
421 174
421 990
422 2
422 954
422 630
422 963
422 235
422 591
422 852
422 41
423 990
423 583
423 400
423 728
423 41
424 733
424 340
424 928
424 671
424 386
424 441
424 315
424 128
424 141
425 119
425 84
425 58
425 431
425 984
425 951
425 537
425 885
425 350
425 620
426 246
426 452
426 776
426 968
427 434
427 565
427 340
427 291
427 75
427 628
427 714
427 319
427 934
427 629
427 808
428 68
428 532
428 242
428 823
428 548
428 196
428 513
428 25
428 960
428 571
429 374
429 237
429 600
429 848
429 401
429 526
430 831
430 916
430 458
430 186
430 888
430 614
430 46
430 631
430 310
430 189
431 867
431 30
431 510
431 847
431 797
431 801
431 114
431 272
431 767
431 472
431 17
431 966
431 822
431 838
432 695
432 992
432 941
432 405
432 203
432 578
432 383
432 680
432 656
433 616
433 321
433 884
433 305
433 547
433 215
433 460
433 90
433 423
433 564
434 924
434 688
434 827
434 429
434 601
434 25
434 3
434 158
435 310
435 356
435 79
436 753
436 310
436 701
436 91
436 55
436 499
436 223
436 883
436 46
436 358
436 936
436 242
436 382
437 945
437 70
437 712
437 800
437 399
437 640
437 53
437 424
437 352
437 809
438 151
438 163
438 839
438 227
438 85
438 375
438 802
438 334
439 596
439 806
439 878
439 165
439 162
440 341
440 793
440 650
440 316
440 560
441 380
441 119
441 628
441 63
442 563
442 741
442 416
442 110
442 38
442 695
442 952
442 577
442 989
442 231
442 916
442 569
442 312
442 636
443 887
443 664
443 509
443 117
443 184
443 950
443 120
443 965
443 695
444 132
444 284
444 223
444 855
444 154
444 343
445 761
445 873
445 239
446 478
446 960
446 782
446 327
446 825
446 94
446 258
446 55
447 161
447 290
447 583
447 869
447 95
447 854
447 978
447 302
447 309
447 272
447 202
448 935
448 866
448 334
448 425
448 986
448 765
448 899
448 689
449 251
449 733
449 952
449 356
449 139
449 388
449 658
449 48
449 983
449 699
449 498
450 393
450 596
450 912
450 966
450 787
450 699
450 483
450 513
450 165
450 882
451 990
451 331
451 327
451 623
451 680
451 256
451 851
452 532
452 923
452 627
452 936
452 885
452 775
452 105
452 149
452 625
452 205
452 212
452 958
452 131
452 237
453 645
453 721
453 711
453 124
453 536
453 747
453 909
453 798
453 475
453 286
453 184
453 764
453 977
453 625
454 833
454 298
454 256
454 764
454 901
454 475
454 734
454 730
454 758
455 401
455 679
455 15
455 210
455 393
455 673
455 885
455 104
455 916
455 286
456 107
456 216
456 227
456 801
456 686
457 775
457 107
457 287
457 887
457 400
457 300
457 164
457 964
457 890
458 102
458 161
458 759
458 187
458 683
458 93
458 557
458 248
458 657
458 336
459 732
459 215
459 133
459 782
459 102
460 48
460 225
460 614
460 270
460 294
460 966
460 8
460 931
460 771
460 63
461 23
461 810
461 315
461 191
461 175
461 897
461 633
461 108
461 716
461 75
461 786
461 940
461 585
461 561
461 70
461 289
461 93
462 365
462 731
463 415
463 2
463 305
463 827
463 238
463 990
463 815
463 152
463 792
463 845
464 953
464 68
464 763
464 277
464 727
464 754
464 718
464 625
465 439
465 723
465 204
465 421
465 669
465 761
465 811
465 688
465 281
465 752
466 87
466 367
466 605
466 302
466 834
466 515
466 152
466 243
466 971
466 430
466 810
467 579
467 135
467 92
467 810
467 292
467 748
467 663
468 416
468 460
468 686
468 19
468 433
468 903
468 980
468 996
469 266
469 802
469 558
469 375
469 946
469 256
469 143
469 99
469 239
470 631
470 948
470 438
470 906
470 127
470 979
470 163
470 952
470 340
471 64
471 611
471 104
471 928
471 152
471 208
471 692
471 977
471 199
471 833
472 498
472 523
472 200
472 169
472 607
472 14
472 259
472 618
472 46
472 96
473 262
473 399
473 802
473 190
473 335
474 769
474 48
474 931
474 417
474 426
474 419
474 999
474 876
475 607
475 226
475 637
475 224
476 14
476 404
476 247
476 585
476 902
476 193
476 478
476 510
476 524
476 348
476 575
477 725
477 801
477 321
477 167
477 787
477 312
477 355
477 427
477 287
478 383
478 100
478 47
478 408
478 22
478 654
478 170
478 946
478 528
478 555
478 666
478 237
478 137
478 675
478 910
479 833
479 280
479 11
479 424
479 769
479 847
479 60
479 37
479 83
480 218
480 428
480 925
480 246
480 221
480 403
481 785
481 679
481 958
481 736
481 103
481 977
481 996
481 370
481 33
481 946
481 56
481 720
481 727
481 224
482 548
482 728
482 661
482 680
482 744
482 736
482 815
482 822
482 591
483 530
483 837
483 675
483 556
483 430
483 995
483 91
483 658
483 998
484 839
484 766
484 378
484 38
484 905
484 705
484 42
485 391
485 22
485 515
485 334
485 671
485 830
485 883
485 372
485 571
486 216
486 848
486 332
486 297
486 693
486 441
486 538
486 300
486 379
486 695
486 340
486 418
486 170
486 564
487 90
487 228
487 340
487 783
487 245
487 794
487 484
488 797
488 590
488 230
488 562
488 299
488 337
489 919
489 262
489 134
489 424
489 693
489 938
489 298
489 249
489 619
489 817
489 468
490 114
490 806
490 125
490 348
490 864
490 507
490 653
490 577
490 898
490 316
491 930
491 877
491 188
491 951
491 458
491 508
491 350
491 602
492 530
492 342
492 148
492 345
492 127
492 218
492 693
492 1
492 371
493 461
493 293
493 694
493 620
493 850
493 77
493 783
493 263
493 288
493 635
493 367
493 643
494 574
494 984
494 327
494 181
494 11
494 334
495 117
495 949
495 862
495 342
495 593
495 332
495 319
495 56
495 447
496 677
496 749
496 324
496 626
496 874
496 140
496 129
497 761
497 178
497 853
497 560
497 696
498 38
498 154
498 634
498 984
498 255
499 102
499 497
499 92
499 706
499 330
499 770
499 378
499 926
500 164
500 106
500 779
500 72
500 960
500 478
500 39
501 481
501 121
501 399
501 459
501 660
501 332
501 48
501 706
501 716
502 23
502 601
502 536
502 811
502 243
502 894
502 568
502 531
502 511
502 613
502 924
502 296
502 433
502 774
502 161
503 196
503 648
503 126
503 339
503 922
503 255
503 852
503 381
503 707
503 406
503 79
504 542
504 361
504 319
504 916
504 137
504 539
504 704
504 702
504 596
504 450
505 559
505 489
505 544
505 311
505 64
505 579
505 562
505 32
506 184
506 108
506 875
506 235
506 826
506 695
506 761
507 590
507 931
507 204
507 846
507 749
507 610
507 620
507 809
507 353
507 552
507 171
508 476
508 523
508 75
508 175
508 51
508 602
508 751
508 772
508 951
508 288
508 66
508 27
508 764
509 681
509 61
509 556
509 296
509 970
509 375
510 100
510 366
510 513
510 196
510 577
510 70
511 902
511 377
511 658
511 873
511 916
511 660
511 304
511 127
512 785
512 259
512 752
512 902
512 778
512 82
512 290
512 367
512 372
512 233
512 406
512 23
513 549
513 25
513 494
513 500
513 130
513 862
514 812
514 724
514 195
514 433
514 722
514 267
514 930
514 909
514 757
514 838
514 308
514 694
514 113
514 980
515 310
515 308
515 969
515 366
515 65
515 856
515 715
515 809
516 790
516 20
516 593
516 778
516 531
516 406
516 470
516 369
516 667
516 545
516 573
516 833
516 507
516 246
516 401
516 957
517 621
517 289
517 759
517 65
517 384
517 248
517 286
517 195
518 82
518 416
518 714
518 510
518 981
518 989
518 185
518 519
518 377
518 567
519 621
519 847
519 992
519 955
519 168
519 58
520 272
520 612
520 483
520 512
520 71
520 321
520 331
520 285
520 828
520 205
520 625
520 868
520 308
520 505
521 261
521 338
521 814
521 100
521 399
521 963
521 851
521 68
521 396
521 951
521 316
521 139
521 370
521 5
521 628
522 425
522 626
522 216
522 677
522 349
522 238
522 189
522 824
522 260
522 733
522 673
522 895
522 362
523 483
523 742
523 596
523 43
523 58
523 115
523 665
523 763
523 695
523 247
523 542
523 350
523 26
523 680
523 772
523 766
523 94
523 710
524 379
524 188
524 274
524 789
524 244
524 500
524 602
524 169
524 687
524 762
524 53
524 448
524 989
525 708
525 135
525 241
525 115
525 320
525 140
525 827
525 102
525 208
526 14
526 102
526 742
526 525
526 180
526 18
526 131
526 863
527 749
527 166
527 103
527 803
527 915
527 923
527 254
527 821
527 960
528 243
528 382
528 311
528 455
528 730
528 210
529 197
529 944
529 445
529 850
529 881
529 843
529 125
530 308
530 296
530 816
530 491
530 189
530 797
530 961
530 843
530 35
530 971
531 388
531 188
531 163
531 249
531 556
531 515
531 47
531 134
531 16
532 840
532 102
532 56
532 325
532 90
533 314
533 891
533 933
533 403
533 712
533 499
533 16
533 616
533 64
533 464
534 743
534 697
534 843
534 438
534 622
534 118
534 154
534 921
535 430
535 212
535 755
535 192
535 861
535 715
535 500
535 43
535 706
535 562
536 916
536 618
536 178
536 366
536 252
536 364
536 463
536 21
536 516
536 372
536 658
536 343
537 672
537 958
537 679
537 489
537 473
537 985
537 630
537 441
538 196
538 518
538 985
538 664
538 720
538 706
538 863
538 549
538 866
539 209
539 327
539 832
540 375
540 732
540 844
540 379
540 829
540 107
540 772
540 77
540 5
540 940
541 943
541 207
541 402
541 440
541 7
541 945
541 777
541 270
541 773
541 549
541 599
542 103
542 672
542 697
542 793
542 206
542 731
542 17
542 367
543 445
543 958
543 520
543 987
543 865
543 378
544 817
544 746
544 406
544 535
544 337
544 806
544 507
544 965
544 226
544 791
544 523
544 494
545 980
545 242
545 624
545 86
545 828
545 338
545 514
545 549
545 141
545 39
545 941
546 530
546 663
546 556
546 175
546 251
546 650
546 120
546 550
546 190
546 134
546 145
546 933
546 324
546 600
546 847
547 152
547 427
547 311
547 699
547 694
547 272
547 680
547 866
547 942
548 133
548 452
548 105
548 794
548 188
548 180
548 643
548 282
548 815
548 507
548 939
549 17
549 993
549 15
549 51
549 747
549 698
549 975
549 629
550 58
550 354
550 286
550 237
550 324
550 520
550 90
550 700
550 86
550 968
551 961
551 757
551 526
551 155
551 428
551 987
552 42
552 977
552 510
552 306
552 427
552 281
552 964
552 711
552 407
552 479
552 916
552 197
552 245
552 640
553 365
553 442
553 683
553 873
553 551
553 770
553 35
553 862
553 81
553 501
554 192
554 456
554 975
554 113
554 696
554 443
554 991
554 631
554 923
554 582
554 638
554 664
554 357
554 239
555 725
555 24
555 31
555 718
555 323
555 911
555 73
556 602
556 108
556 102
556 417
556 711
556 144
556 21
556 145
557 767
557 850
557 971
557 345
557 195
557 727
557 486
557 725
558 750
558 431
558 91
558 740
558 979
558 852
558 97
558 600
558 823
558 469
558 537
558 58
558 873
558 43
558 428
559 152
559 626
559 860
559 122
559 161
559 646
559 299
559 930
559 719
559 443
559 623
560 493
560 856
560 195
560 346
560 197
560 598
560 96
560 402
560 172
560 474
561 291
561 614
561 526
561 874
561 447
561 414
561 846
561 763
562 275
562 444
562 110
562 933
562 997
562 264
562 812
562 400
562 515
562 267
563 78
563 181
563 702
563 540
563 347
563 189
563 646
563 962
563 339
563 218
564 955
564 447
564 805
564 632
564 341
564 772
564 240
564 646
565 504
565 945
565 170
565 600
565 772
565 962
565 976
565 92
565 367
565 221
565 321
565 538
565 30
565 352
566 3
566 236
566 66
566 725
566 994
566 106
566 926
566 560
566 978
567 599
567 407
567 991
567 987
567 34
567 78
567 641
567 224
567 191
567 610
567 476
568 603
568 980
568 881
568 744
568 273
568 180
568 602
568 627
568 139
569 614
569 123
569 765
569 840
569 263
569 881
569 126
569 86
569 67
569 234
569 744
570 361
570 344
570 42
570 640
570 900
570 919
570 89
570 637
571 982
571 196
571 433
571 331
571 361
571 404
571 962
571 52
572 891
572 984
572 168
572 102
572 51
572 568
572 471
572 611
572 458
572 115
573 53
573 859
573 443
573 297
573 886
573 671
573 885
573 787
573 409
573 982
573 315
573 457
573 618
573 230
574 517
574 688
574 324
574 36
574 545
574 769
574 221
574 158
574 210
574 978
574 708
575 917
575 849
575 828
575 152
575 110
575 452
575 924
575 78
575 79
575 74
575 245
575 958
575 942
575 497
576 769
576 737
576 345
576 146
576 445
576 285
576 73
576 15
576 924
576 760
576 712
576 435
576 786
576 778
576 54
576 150
577 649
577 308
577 664
577 629
577 594
577 482
577 534
577 606
577 987
577 760
577 728
577 523
577 121
577 160
578 145
578 650
578 640
578 111
578 385
578 451
578 719
578 345
578 557
578 708
578 553
579 456
579 9
579 711
580 821
580 778
580 720
580 745
580 605
580 675
581 499
581 900
581 868
581 790
581 440
581 224
581 944
581 430
582 280
582 698
582 440
582 886
582 599
582 334
582 990
582 770
583 737
583 708
583 258
583 784
583 41
583 655
583 306
583 16
583 805
583 87
584 900
584 802
584 397
584 50
584 600
584 836
584 795
585 480
585 871
585 876
585 956
585 756
585 160
585 764
586 125
586 837
586 782
586 197
586 164
586 193
586 357
586 789
586 461
587 905
587 806
587 312
587 223
587 828
587 181
587 891
588 554
588 642
588 4
588 118
588 604
588 262
588 525
588 130
588 739
588 249
588 438
588 731
588 191
588 2
588 675
588 946
588 815
589 157
589 524
589 15
589 283
589 469
589 96
589 389
589 929
589 990
589 988
590 833
590 562
590 889
591 382
591 624
591 127
591 571
591 833
591 968
592 333
592 410
592 706
592 927
592 2
592 175
592 276
592 722
592 36
592 664
593 22
593 747
593 96
593 228
593 595
593 810
593 519
593 882
593 161
593 692
593 521
594 49
594 726
594 44
594 16
594 238
594 328
595 72
595 948
595 265
595 636
595 70
595 586
595 584
595 31
595 894
595 11
596 455
596 264
596 254
596 515
596 506
596 785
596 531
596 324
596 401
596 127
596 486
596 615
597 876
597 813
597 525
597 53
597 410
597 630
597 96
597 321
598 374
598 783
598 545
598 838
598 780
598 409
598 397
599 534
599 355
599 12
599 381
599 484
599 292
599 920
599 228
599 775
600 666
600 381
600 340
600 411
600 173
600 765
600 253
600 943
600 770
601 803
601 320
601 355
601 249
601 99
601 620
601 69
601 273
601 41
602 280
602 686
602 157
602 255
602 979
603 961
603 735
603 820
603 755
603 965
603 395
603 182
603 311
603 849
603 617
604 563
604 526
604 654
604 291
604 68
604 691
604 852
604 474
604 923
604 794
604 749
604 660
605 438
605 719
605 419
605 625
605 690
605 268
605 387
605 568
605 987
605 725
605 400
605 926
605 887
606 977
606 468
606 436
606 323
606 576
606 799
606 129
606 600
607 645
607 843
607 665
607 293
607 651
607 557
607 333
607 980
607 256
608 246
608 798
608 517
608 109
608 583
608 22
608 749
608 232
608 378
608 128
608 369
608 211
608 800
608 577
608 459
609 801
609 599
609 740
609 832
609 856
609 110
609 275
609 897
609 35
609 958
610 238
610 594
610 199
610 634
610 677
610 744
610 236
610 455
610 590
610 773
611 349
611 753
611 9
611 286
611 42
611 754
611 376
611 55
611 469
611 394
611 407
612 451
612 938
612 555
612 197
612 3
612 788
612 160
613 270
613 180
613 569
613 185
613 474
613 518
613 322
613 285
613 538
613 670
613 718
613 883
614 298
614 871
614 512
614 157
614 295
614 366
614 746
615 819
615 352
615 414
615 700
615 79
615 43
615 772
615 836
615 161
615 89
615 954
615 823
616 506
616 387
616 956
616 913
616 174
616 321
616 949
616 555
616 120
616 463
616 581
616 37
616 353
617 873
617 454
617 705
617 926
617 694
617 473
617 237
617 988
617 732
617 234
617 844
617 198
618 286
618 57
618 692
618 480
618 606
618 813
618 119
618 634
618 368
619 285
619 680
619 490
619 797
619 634
619 568
619 961
619 420
620 777
620 989
620 564
620 707
620 935
620 214
620 422
620 238
620 6
620 496
620 34
620 607
621 915
621 106
621 538
621 704
621 470
622 683
622 859
622 984
622 197
622 677
622 327
622 692
622 448
623 52
623 235
623 730
623 104
623 275
624 669
624 724
625 687
625 644
625 716
625 262
625 97
625 423
625 822
626 907
626 668
626 155
626 799
626 734
626 273
626 725
627 280
627 797
627 997
627 263
627 947
627 532
627 809
627 452
627 81
628 414
628 152
628 703
628 578
628 333
628 215
628 256
628 970
628 656
628 597
629 935
629 891
629 949
630 333
630 340
630 186
630 784
630 416
630 209
630 862
630 859
630 803
630 24
631 397
631 547
631 755
631 427
631 522
631 916
631 62
631 387
631 644
632 217
632 520
632 825
632 187
632 398
632 950
632 251
632 263
632 732
632 943
633 26
633 268
633 140
633 52
633 280
633 386
633 324
633 743
633 381
633 444
633 667
634 37
634 231
634 621
634 864
634 553
634 285
634 941
634 613
634 90
634 663
634 272
634 837
635 891
635 397
635 656
635 504
635 292
635 37
635 231
635 970
635 554
635 608
636 958
636 735
636 855
636 902
636 764
637 625
637 717
637 991
637 775
637 780
637 473
637 363
637 867
638 32
638 75
638 705
638 266
638 688
639 378
639 728
639 430
639 870
639 627
639 774
639 373
639 288
639 80
639 302
639 336
640 668
640 591
640 295
640 863
640 163
640 995
640 138
640 474
640 885
641 130
641 397
641 653
641 624
641 799
641 755
641 33
641 184
642 282
642 456
642 963
642 202
642 749
642 436
642 184
642 249
642 808
642 903
642 610
643 18
643 944
643 906
643 481
643 91
644 908
644 720
644 20
644 994
644 979
644 712
644 534
644 160
644 752
645 557
645 847
645 983
645 786
645 662
645 4
645 600
646 702
646 895
646 190
646 365
646 89
646 366
646 703
646 524
646 936
646 206
646 168
646 759
646 107
647 871
647 279
647 836
647 146
647 426
647 959
647 997
647 50
647 815
648 102
648 106
648 745
648 975
648 58
648 817
648 780
649 603
649 127
649 567
649 130
649 925
649 501
650 639
650 135
650 623
650 905
650 540
650 444
650 361
650 642
650 254
650 379
650 355
651 468
651 402
651 237
651 915
651 85
651 903
651 423
651 372
651 392
651 314
651 931
651 990
651 774
651 124
651 75
651 483
652 896
652 131
652 602
652 478
652 261
652 851
652 582
653 107
653 514
653 588
653 953
653 569
653 355
653 636
654 191
654 95
654 1
654 844
654 233
654 726
654 353
654 206
655 749
655 911
655 460
655 805
655 339
655 671
655 589
655 133
655 316
655 239
655 208
655 934
655 322
656 715
656 9
656 459
656 148
656 375
656 678
656 22
656 192
656 688
656 374
656 75
656 492
656 233
656 149
656 909
656 654
656 364
656 81
656 422
657 184
657 589
657 40
657 586
657 317
657 408
657 327
657 58
658 374
658 754
658 391
658 582
658 912
658 37
658 363
658 91
659 190
659 915
659 195
659 65
659 455
659 147
659 505
660 212
660 113
660 174
660 998
660 315
660 48
660 925
660 195
660 954
660 227
660 18
660 23
660 508
661 830
661 60
661 874
661 914
661 768
661 343
661 73
661 759
661 819
661 4
661 292
661 806
662 110
662 909
662 232
662 321
662 651
662 344
662 708
662 988
662 335
662 92
662 891
662 547
663 861
663 14
663 91
663 673
663 170
663 930
663 471
664 774
664 596
664 515
664 907
664 308
664 968
664 437
665 504
665 468
665 527
665 728
665 331
665 425
665 534
665 293
665 536
665 142
665 340
665 869
665 54
665 347
665 618
665 596
666 91
666 923
666 25
666 32
666 721
666 521
666 302
666 310
667 80
667 44
667 726
667 2
667 699
667 232
667 464
667 13
667 361
667 961
667 53
667 890
668 608
668 821
668 343
668 532
668 807
668 567
668 162
668 60
668 598
669 909
669 694
669 187
669 361
669 745
669 397
669 107
670 600
670 195
670 354
670 87
670 352
670 901
670 748
670 580
670 249
671 534
671 307
671 42
671 889
671 495
672 615
672 26
672 5
672 619
672 81
672 496
672 201
672 181
672 225
672 641
672 299
672 419
673 723
673 611
673 206
673 993
673 775
673 510
673 348
673 619
673 280
674 584
674 559
674 561
674 40
674 819
674 392
674 412
674 387
675 442
675 805
675 786
675 917
675 12
675 83
675 848
675 178
675 544
675 523
675 338
675 230
676 953
676 121
676 805
676 958
676 939
676 315
676 89
676 812
676 67
676 963
677 387
677 213
677 236
677 180
678 518
678 958
678 819
678 671
678 537
678 162
678 381
678 810
678 262
678 801
679 246
679 318
679 126
679 747
679 730
679 184
679 636
679 239
679 982
679 844
679 606
680 730
680 831
680 274
680 826
680 359
680 337
680 901
680 818
680 665
680 312
680 175
681 133
681 991
681 524
681 511
681 348
681 680
681 944
681 967
682 677
682 836
682 710
682 868
682 330
683 796
683 778
683 381
683 658
683 321
683 345
683 790
683 347
683 522
683 204
683 13
684 430
684 167
684 506
684 21
684 888
684 693
684 359
684 13
684 331
684 545
685 930
685 823
685 521
685 331
685 948
685 958
685 961
685 308
685 7
685 990
685 721
686 152
686 53
686 691
686 556
686 617
686 24
686 222
686 934
686 118
686 856
687 815
687 929
687 671
687 129
687 864
687 952
687 893
687 870
687 718
688 637
688 451
688 248
688 118
688 876
688 840
689 591
689 288
690 149
690 16
690 419
690 114
690 387
690 607
690 330
690 344
690 441
690 770
690 176
691 41
691 693
691 964
691 438
692 970
692 297
692 822
692 106
692 444
692 503
692 643
693 449
693 11
693 963
693 813
693 982
693 795
693 537
693 730
694 376
694 715
694 422
694 509
694 274
694 17
694 149
695 463
695 823
695 575
695 717
695 352
695 320
695 645
695 584
695 430
695 370
696 488
696 925
696 970
696 342
696 756
696 381
696 597
697 590
697 923
697 391
697 584
697 659
697 7
697 689
697 423
698 985
698 591
698 214
698 172
698 343
699 798
699 723
699 894
699 446
699 485
699 913
700 403
700 57
700 41
700 91
700 121
701 512
701 526
701 537
701 258
701 806
701 234
701 643
702 323
702 609
702 992
702 526
702 47
702 779
702 854
702 901
702 362
702 387
702 136
703 72
703 492
703 290
703 497
703 231
703 485
703 368
703 193
703 234
703 429
703 571
704 611
704 425
704 901
704 752
704 622
704 850
704 924
704 913
704 825
704 472
704 790
704 833
705 627
705 257
705 332
705 11
705 688
705 821
705 900
705 671
705 245
705 250
705 885
705 861
705 539
705 987
705 52
705 2
705 382
706 686
706 864
706 141
706 736
706 901
707 199
707 797
707 710
707 657
707 709
707 249
707 476
707 354
707 994
707 502
708 805
708 396
708 869
708 963
708 792
708 21
708 651
709 957
709 524
709 180
709 119
709 881
709 221
709 11
709 430
709 116
710 806
710 335
710 780
710 275
710 71
710 325
710 433
710 96
710 392
710 593
710 258
710 791
710 359
710 578
710 276
711 729
711 292
711 580
711 332
711 87
711 794
712 885
712 850
712 586
712 202
712 995
712 594
712 139
713 94
713 878
713 738
713 203
713 871
713 588
713 726
713 999
713 778
713 27
713 941
713 951
713 190
713 947
714 590
714 160
714 753
714 82
714 719
714 601
714 658
714 745
714 324
714 985
714 17
714 402
714 182
714 389
715 432
715 241
715 223
715 509
715 288
715 120
715 694
715 102
716 24
716 750
716 698
716 433
716 586
716 926
716 939
717 26
717 3
717 326
717 155
717 523
717 696
717 321
717 470
718 191
718 668
718 500
718 216
718 756
718 222
718 905
718 464
719 969
719 847
719 392
719 909
719 358
719 734
720 539
720 431
720 283
720 783
720 980
721 885
721 157
721 624
721 434
721 219
721 520
721 257
721 139
721 216
721 274
721 975
721 32
722 548
722 610
722 725
722 797
722 975
722 364
722 436
722 174
722 987
722 690
723 160
723 372
723 467
723 317
723 190
724 681
724 908
724 719
724 481
724 621
724 217
725 423
725 24
725 508
725 281
725 885
725 587
725 400
725 549
725 375
725 680
725 847
725 950
725 25
725 762
725 931
725 328
725 675
726 152
726 199
726 106
726 217
726 884
726 927
726 24
726 546
726 4
726 556
726 844
727 21
727 751
727 953
727 461
727 576
727 410
728 630
728 256
728 453
728 476
728 698
728 687
728 281
728 546
728 248
728 125
728 944
729 619
729 95
729 390
729 61
729 425
729 299
729 923
730 46
730 879
730 375
730 16
730 898
730 93
730 471
731 200
731 213
731 833
731 602
731 46
731 94
731 599
731 296
731 861
731 880
731 36
731 155
732 924
732 640
732 629
732 132
732 667
732 608
733 796
733 876
733 600
733 788
733 266
734 470
734 851
734 605
734 190
734 22
734 107
734 643
734 135
734 332
734 118
734 524
734 500
734 110
734 703
735 262
735 225
735 907
735 667
735 391
735 303
735 365
735 291
735 367
736 713
736 610
736 111
736 596
736 214
736 947
736 924
736 158
737 137
737 705
737 713
737 958
737 44
737 316
737 796
737 375
737 635
738 188
738 435
738 34
738 783
738 541
738 216
738 665
738 133
738 169
738 310
739 364
739 244
739 246
739 612
739 712
739 933
739 522
739 308
740 738
740 996
740 591
740 635
740 271
740 220
740 771
740 987
740 248
740 71
740 265
740 442
740 434
740 844
740 980
741 781
741 939
741 975
741 795
741 445
741 472
741 802
741 725
741 531
742 748
742 341
742 483
742 188
742 453
742 566
742 164
743 153
743 187
743 372
743 617
743 644
744 354
744 499
744 177
744 722
744 649
744 822
744 340
744 361
744 587
745 634
745 425
745 250
745 496
745 885
745 912
745 449
746 256
746 440
746 878
746 739
746 385
746 892
747 704
747 566
747 651
747 573
747 620
747 561
748 215
748 443
748 733
748 92
748 633
748 841
748 576
748 739
748 343
749 52
749 337
749 274
749 154
749 586
749 464
749 750
749 700
749 792
750 37
750 802
750 74
750 111
750 89
750 109
750 432
750 36
750 970
750 322
751 475
751 236
751 713
751 446
751 401
751 92
751 398
752 921
752 557
752 770
752 262
752 764
752 487
752 377
752 509
753 624
753 110
753 209
753 92
753 645
753 152
753 397
753 437
754 67
754 38
754 91
754 31
754 20
754 484
754 104
754 939
754 690
754 709
755 967
755 885
755 407
755 468
755 575
755 291
755 158
755 908
755 465
755 682
755 822
755 14
756 107
756 420
756 131
756 960
756 223
756 292
756 125
756 519
757 687
757 965
757 661
757 56
757 847
757 903
757 333
757 35
758 116
758 387
758 23
758 634
758 325
758 174
758 42
758 115
758 674
759 111
759 931
759 686
759 651
759 485
759 348
759 648
760 267
760 276
760 416
760 278
760 661
760 623
760 988
760 711
760 991
760 851
761 785
761 167
761 69
761 262
761 940
761 804
761 876
762 200
762 927
762 6
762 518
762 33
762 22
763 979
763 393
763 323
763 242
763 597
763 992
763 163
763 338
763 793
764 866
764 125
764 146
764 189
764 13
764 537
765 458
765 432
765 668
765 239
766 235
766 100
766 524
766 238
766 208
766 257
766 776
766 141
766 89
767 51
767 801
767 827
767 148
767 986
767 302
767 61
767 336
768 733
768 157
768 483
768 963
768 578
768 133
768 286
768 179
768 761
768 370
768 859
769 926
769 522
769 563
769 302
769 334
769 667
769 819
769 456
769 404
769 981
769 911
769 562
770 872
770 44
770 189
770 900
770 524
770 333
770 649
770 242
770 419
770 87
770 399
770 42
770 14
771 961
771 870
771 631
771 538
771 343
772 737
772 779
772 804
772 815
772 452
773 396
773 71
773 222
773 610
773 657
773 432
773 63
773 660
773 373
773 249
774 461
774 124
774 761
774 911
774 410
774 502
774 109
774 869
774 279
774 82
774 341
774 928
774 76
774 491
774 882
774 558
775 405
775 866
775 261
775 420
775 943
775 968
775 108
775 305
776 726
776 654
776 806
776 390
776 98
776 895
776 612
776 401
776 139
777 982
777 280
777 235
777 512
777 561
777 640
777 89
778 60
778 620
778 312
778 287
778 627
778 30
778 130
778 35
778 645
778 352
778 577
778 238
779 625
779 414
779 706
779 415
779 591
779 425
779 166
779 809
779 30
780 620
780 872
780 481
780 798
780 694
780 449
781 297
781 438
781 604
781 517
781 216
781 729
781 989
782 829
782 514
782 67
782 140
782 990
782 373
782 641
782 530
782 584
782 325
783 722
783 961
783 542
783 545
783 773
783 622
783 789
783 516
783 318
783 146
783 927
783 752
783 74
783 191
784 491
784 259
784 268
784 586
784 435
784 797
784 579
784 639
784 517
784 845
784 170
784 753
785 504
785 7
785 459
785 730
785 803
785 372
785 895
785 968
785 187
785 838
785 733
786 412
786 336
786 14
786 395
786 755
786 881
786 794
786 262
786 148
786 842
787 519
787 882
787 627
787 161
787 664
787 557
787 626
787 297
787 972
787 756
787 676
787 51
787 135
787 196
787 401
788 879
788 251
788 370
788 604
788 772
788 798
788 142
788 841
788 914
788 877
789 844
789 134
789 809
789 650
789 388
789 566
789 487
789 664
789 176
789 386
789 959
789 157
789 645
789 453
790 231
790 24
790 279
790 486
790 541
790 531
791 671
791 406
791 399
791 865
791 588
791 502
791 583
791 530
791 361
792 831
792 836
792 305
792 383
792 952
792 510
792 506
792 835
792 322
792 142
792 604
792 368
793 823
793 271
793 39
793 241
793 206
793 88
794 754
794 736
794 990
794 915
794 610
794 665
794 189
794 105
794 484
794 582
795 572
795 219
795 227
795 885
795 940
795 505
796 592
796 64
796 925
796 791
796 316
796 561
796 608
796 876
796 941
796 589
796 252
796 249
797 752
797 81
797 244
797 895
797 194
797 802
797 654
797 874
797 587
797 475
797 224
797 30
798 772
798 980
798 497
798 478
798 836
798 83
798 173
798 809
798 625
798 301
799 636
799 747
799 850
799 568
799 793
800 201
800 819
800 239
800 480
800 502
800 235
800 151
800 122
801 421
801 619
801 264
801 978
801 770
801 610
801 135
801 296
801 18
801 295
802 677
802 411
802 583
802 971
802 356
802 653
802 134
802 282
803 306
803 319
803 119
803 495
804 972
804 48
804 911
804 10
804 921
804 944
804 685
804 401
804 644
804 315
805 514
805 275
805 916
805 928
805 925
805 566
805 715
805 638
805 512
805 938
806 878
806 151
806 498
806 874
806 46
806 866
806 386
806 457
806 57
806 901
806 696
807 618
807 171
807 681
807 620
807 148
807 886
807 455
807 242
807 912
808 560
808 264
808 765
808 289
808 37
808 272
808 67
808 152
809 582
809 472
809 222
809 632
809 308
809 750
809 203
809 758
809 998
809 678
809 35
809 0
809 591
809 830
810 299
810 71
810 156
810 697
810 688
811 271
811 994
811 842
811 412
811 202
811 54
811 857
811 330
811 560
812 623
812 50
812 388
812 182
812 653
813 221
813 104
813 784
813 163
813 891
813 877
813 373
813 182
813 861
814 333
814 951
814 492
814 905
814 788
814 575
814 734
814 582
814 127
814 164
815 693
815 394
815 741
815 209
815 357
815 879
815 743
816 350
816 837
816 859
816 372
816 771
816 366
816 527
816 200
816 50
816 449
816 104
816 448
816 743
816 662
817 981
817 753
817 215
817 395
817 503
817 989
817 383
817 647
817 665
818 202
818 964
818 596
818 688
818 868
818 359
818 337
818 248
819 676
819 642
819 7
819 303
819 668
819 131
819 823
819 188
819 437
820 983
820 606
820 866
820 526
820 310
821 210
821 76
821 184
821 250
821 26
821 754
821 755
821 432
821 838
821 174
822 672
822 814
822 989
822 831
822 43
822 443
822 450
822 684
822 925
822 931
823 767
823 270
823 929
823 502
823 798
823 179
823 50
823 715
823 698
823 227
823 676
823 46
823 655
823 619
823 933
824 200
824 317
824 246
824 872
824 803
824 902
824 91
824 409
824 191
824 790
824 183
824 767
824 729
824 947
824 676
824 37
825 637
825 134
825 961
825 229
825 414
825 285
825 12
825 826
825 28
826 196
826 414
826 377
826 981
826 623
826 693
826 429
826 862
826 83
826 108
826 125
827 162
827 51
827 732
827 671
827 243
827 340
827 481
827 324
827 809
827 297
828 134
828 68
828 688
828 19
828 144
828 70
828 478
828 210
828 454
828 732
829 380
829 712
829 197
829 861
829 111
829 143
829 109
829 696
829 482
829 410
829 264
829 534
829 490
830 793
830 604
830 46
830 571
830 760
830 193
830 39
830 500
831 39
831 684
831 625
831 19
831 15
831 376
832 584
832 325
832 990
832 372
832 256
832 399
832 999
832 158
832 480
832 112
833 225
833 581
833 111
833 210
833 421
833 802
833 687
833 547
833 970
833 203
833 276
833 936
833 375
834 437
834 709
834 875
834 932
834 424
834 890
834 873
835 789
835 602
835 853
835 120
835 687
836 864
836 869
836 564
836 689
836 808
836 286
836 615
836 141
836 697
836 788
836 189
837 717
837 326
837 127
837 366
837 380
837 624
837 831
838 946
838 770
838 349
838 532
838 850
838 706
838 730
838 200
838 400
839 4
839 895
839 309
839 494
839 305
839 671
839 516
839 210
840 92
840 649
840 244
840 119
840 774
840 394
840 322
841 969
841 449
841 844
841 767
841 180
842 834
842 610
842 288
842 606
842 680
843 847
843 779
843 567
843 243
843 983
843 422
843 495
843 634
844 881
844 779
844 159
844 985
844 992
844 639
844 894
844 854
844 460
845 537
845 745
845 559
845 842
845 181
845 874
845 283
846 147
846 514
846 965
846 395
846 270
846 986
846 989
846 949
847 810
847 35
847 786
847 13
847 558
847 295
848 357
848 122
848 998
848 819
848 471
848 736
848 127
848 785
848 869
848 519
848 692
848 723
848 115
848 490
849 368
849 966
849 957
849 573
849 230
849 615
849 138
849 24
849 136
849 406
850 560
850 703
850 608
850 253
850 928
850 182
850 168
850 286
850 476
850 826
851 771
851 952
851 826
851 901
851 697
851 97
851 777
851 7
852 822
852 251
852 269
852 108
853 581
853 1
853 742
853 64
853 736
853 357
853 104
853 185
853 213
853 21
853 55
854 105
854 956
854 39
854 827
854 21
854 879
854 270
854 461
855 799
855 794
855 180
855 394
855 207
856 705
856 700
856 868
856 202
856 537
856 485
856 207
856 794
856 81
856 204
857 376
857 233
857 999
857 19
857 705
857 675
857 903
857 590
857 800
857 125
857 947
858 71
858 45
858 379
858 865
858 599
858 4
858 866
858 811
858 507
858 654
858 187
858 548
859 622
859 364
859 835
859 981
859 921
859 215
859 155
859 80
860 206
860 368
860 896
860 157
860 581
860 897
860 731
860 339
860 405
860 750
860 564
861 902
861 115
861 907
861 410
861 422
861 881
861 976
861 474
862 782
862 717
862 709
862 2
862 154
862 767
862 737
862 920
862 401
863 864
863 149
863 139
863 612
863 807
863 759
863 776
864 688
864 170
864 935
864 753
864 956
864 168
864 83
864 312
864 25
864 236
864 151
864 586
865 727
865 447
865 22
865 653
865 558
865 756
865 411
865 559
865 993
866 620
866 235
866 68
867 835
867 423
867 195
867 54
867 922
867 153
867 512
867 657
867 156
868 514
868 541
868 667
868 865
868 675
868 329
868 6
868 461
869 643
869 511
869 646
869 240
869 48
869 741
869 436
869 368
869 732
869 781
869 410
869 275
869 403
870 603
870 858
870 972
870 239
870 592
870 202
870 406
870 101
870 550
870 436
870 759
871 427
871 531
871 877
871 190
871 309
871 51
871 781
871 996
871 708
871 415
871 905
871 419
872 420
872 900
872 129
872 640
872 16
872 935
872 558
872 905
872 654
873 48
873 391
873 139
873 21
874 722
874 335
874 346
874 45
874 792
874 196
874 14
874 166
874 995
874 993
874 653
874 953
874 242
874 924
874 91
874 169
874 691
874 122
875 664
875 268
875 771
875 963
875 112
875 914
875 644
875 119
876 966
876 129
876 579
876 552
876 196
877 95
877 903
877 802
878 883
878 525
878 884
878 272
878 110
878 134
878 247
878 631
878 848
878 318
878 620
878 531
879 265
879 378
879 989
879 769
880 743
880 200
880 463
880 152
880 778
880 291
880 722
881 863
881 190
881 202
881 147
881 599
881 418
881 187
881 467
882 353
882 440
882 539
882 771
882 624
882 591
882 250
882 470
882 644
882 778
882 648
883 978
883 771
883 56
883 175
883 375
883 418
883 755
883 458
883 650
884 408
884 654
884 912
884 720
884 377
884 61
884 844
884 452
884 881
885 306
885 583
885 474
885 389
885 302
885 279
885 432
885 447
885 582
885 740
885 553
885 814
886 823
886 493
886 271
886 19
886 920
886 945
886 993
886 560
886 875
886 675
887 707
887 528
887 308
887 930
887 585
887 665
887 84
887 745
887 137
887 377
888 701
888 165
888 77
888 940
888 855
888 333
888 120
888 753
888 386
888 842
888 309
888 21
888 746
888 255
888 921
888 19
888 764
889 10
889 839
889 966
889 863
890 197
890 224
890 486
890 149
891 25
891 664
891 273
891 951
892 207
892 449
892 507
892 216
892 318
893 366
893 982
893 642
893 31
893 940
893 56
893 631
893 870
893 647
893 991
893 917
894 865
894 751
894 944
894 405
894 445
894 580
894 167
894 340
894 805
894 754
895 173
895 199
895 440
895 205
895 758
895 564
895 869
895 307
896 637
896 976
896 175
897 798
897 285
897 567
897 859
897 561
897 359
897 775
898 913
898 675
898 436
898 489
899 778
899 206
899 243
899 120
899 62
899 670
899 859
899 250
899 732
899 595
899 694
899 303
900 701
900 384
900 578
900 527
900 641
900 910
901 804
901 672
901 134
901 687
901 794
901 981
902 267
902 413
902 316
902 245
902 107
902 554
902 558
902 392
902 523
902 257
903 647
903 877
903 207
903 555
903 871
903 873
903 758
903 940
904 810
904 104
904 454
904 471
904 267
904 609
904 421
904 971
905 420
905 872
905 656
905 214
905 10
905 119
905 32
905 69
905 283
906 985
906 134
906 267
906 698
906 852
906 442
906 379
906 111
906 931
906 257
906 224
906 415
907 735
907 581
907 346
907 512
907 211
907 86
907 535
907 67
907 492
907 606
907 401
907 506
907 738
907 36
908 70
908 433
908 870
908 64
908 251
908 400
908 598
908 174
908 101
909 376
909 176
909 285
909 986
909 864
909 458
909 773
909 826
909 5
910 132
910 38
910 669
910 254
910 299
910 595
910 503
910 929
911 560
911 385
911 840
911 217
911 762
911 658
912 387
912 140
912 219
912 661
912 902
913 398
913 154
913 362
913 243
913 966
913 220
913 963
914 268
914 228
914 202
914 500
914 46
914 62
914 902
914 774
914 57
914 581
914 333
914 324
914 110
915 260
915 542
915 155
915 501
915 975
915 701
915 12
915 738
916 811
916 686
916 883
916 414
916 570
916 157
916 712
917 225
917 814
917 521
917 47
917 261
917 803
917 886
917 572
918 34
918 371
918 367
918 601
918 557
918 568
918 778
918 304
918 797
918 132
918 540
919 168
920 220
920 366
920 458
920 613
920 672
920 21
920 833
920 750
920 765
920 694
920 364
920 100
920 852
921 752
921 497
921 531
921 192
921 639
921 856
921 91
921 633
921 681
921 924
921 145
921 630
921 221
922 25
922 680
922 18
922 413
922 623
922 649
922 878
922 979
922 118
922 232
922 388
923 34
923 466
923 963
923 900
923 998
923 17
923 829
923 714
923 961
923 247
923 937
923 88
923 702
923 53
923 609
924 788
924 448
924 451
924 442
924 14
924 323
924 702
925 391
925 727
925 700
925 185
925 817
925 986
925 677
925 746
925 264
926 958
926 731
926 650
926 381
926 799
926 234
926 287
926 575
926 411
927 586
927 16
927 365
927 67
927 859
927 626
927 215
927 514
927 574
927 500
927 52
927 73
927 746
928 747
928 557
928 888
928 255
928 622
929 21
929 659
929 845
929 826
929 725
929 200
929 629
929 577
929 546
929 868
930 369
930 475
930 655
930 107
930 39
930 218
930 381
930 184
930 609
930 768
930 63
930 154
930 713
930 75
931 518
931 865
931 719
931 144
931 489
931 575
931 710
931 495
931 468
932 58
932 623
932 394
932 241
932 865
932 352
933 607
933 402
933 629
933 995
933 920
933 157
933 270
934 203
934 422
934 763
934 277
934 261
934 551
934 462
934 822
934 865
935 704
935 588
935 882
935 356
935 284
935 846
935 287
935 402
935 607
935 597
935 809
936 525
936 959
936 208
936 101
936 95
936 354
936 33
936 229
936 775
936 766
936 193
937 735
937 113
937 153
937 267
937 345
937 574
937 818
937 420
937 162
937 534
937 370
937 709
938 624
938 503
938 96
938 609
938 520
938 82
938 522
938 87
938 496
938 435
938 769
938 227
938 854
939 611
939 573
939 243
939 649
939 757
939 54
939 69
939 171
939 519
939 127
939 216
939 183
940 53
940 113
940 270
940 490
940 486
940 672
940 26
940 299
940 317
941 880
941 761
941 918
941 977
942 869
942 677
942 639
942 2
942 61
942 5
942 193
942 868
942 129
942 174
943 812
943 111
943 235
943 8
943 201
943 816
943 629
943 386
944 857
944 419
944 41
944 527
944 84
944 822
944 316
945 748
945 174
945 949
945 719
945 700
945 190
945 263
945 578
945 326
945 713
946 978
946 958
946 36
946 71
946 761
946 926
946 168
946 132
946 776
946 371
946 58
946 122
946 668
946 760
946 358
947 880
947 276
947 206
947 722
947 724
947 960
947 814
947 343
947 582
947 363
947 514
947 405
948 615
948 418
948 355
948 973
948 968
948 614
948 151
948 453
948 780
948 692
949 694
949 951
949 248
949 344
949 606
949 306
949 996
950 168
950 622
950 343
950 371
950 977
950 544
950 608
950 311
951 490
951 334
951 881
951 65
951 772
951 199
951 605
951 921
951 316
951 113
952 289
952 417
952 402
952 130
952 319
952 837
952 835
952 818
952 968
952 23
953 898
953 915
953 305
953 333
953 445
953 969
953 412
953 144
953 924
954 135
954 514
954 880
954 639
954 813
954 127
954 255
955 468
955 745
955 540
955 289
955 94
955 61
955 952
955 840
955 746
955 211
956 668
956 737
956 158
956 121
956 853
956 314
956 89
956 470
956 572
957 802
957 807
957 380
957 228
957 934
957 12
957 489
957 519
957 831
957 822
958 913
958 767
958 55
958 353
958 351
958 406
958 201
958 825
958 173
958 176
958 862
958 827
958 577
959 803
959 56
959 281
959 45
959 426
959 232
959 407
959 412
959 701
960 203
960 464
960 293
960 994
960 301
960 618
961 119
961 41
961 554
961 594
961 181
962 442
962 179
962 725
962 178
962 218
962 502
962 593
962 701
962 391
962 337
963 119
963 762
963 814
963 781
963 411
963 313
963 389
964 600
964 631
964 276
964 952
964 899
964 556
964 792
964 639
964 575
965 132
965 995
965 710
965 183
965 137
965 244
965 641
965 454
965 576
965 167
965 165
965 192
965 806
965 489
965 264
966 926
966 220
966 385
966 118
966 562
966 892
966 133
966 155
966 645
966 707
966 788
966 545
966 463
967 92
967 849
967 898
967 244
967 678
967 358
967 959
967 427
968 16
968 920
968 577
968 267
968 399
968 23
968 613
968 317
968 258
968 449
968 969
968 792
969 362
969 98
969 346
969 618
969 908
969 352
969 564
969 57
969 283
970 951
970 222
970 297
970 131
970 459
970 409
971 465
971 914
971 262
971 112
971 700
971 684
971 625
971 999
971 55
972 724
972 908
972 334
972 117
972 361
972 861
972 586
972 571
973 528
973 672
973 848
973 177
973 203
973 346
973 793
973 378
973 897
973 945
973 832
973 723
974 999
974 328
974 433
974 243
974 223
974 160
975 110
975 188
975 45
975 740
975 843
976 955
976 712
976 350
976 292
976 446
976 829
976 555
976 274
976 545
976 655
976 531
976 725
977 353
977 120
977 854
977 720
977 378
977 909
977 942
977 691
978 596
978 4
978 725
978 201
978 493
979 970
979 331
979 42
979 388
979 592
979 47
979 726
979 365
980 884
980 400
980 151
980 834
980 634
980 564
980 797
980 133
980 784
980 109
980 120
980 301
981 421
981 873
981 391
981 628
981 841
981 164
981 139
981 268
981 533
981 103
981 350
981 706
981 197
981 949
981 958
981 467
982 709
982 724
982 851
982 993
982 151
982 411
983 833
983 315
983 703
983 323
983 13
983 158
983 107
983 662
983 388
983 211
983 590
983 397
984 461
984 283
984 892
984 152
984 393
984 466
984 101
984 116
985 533
985 76
985 683
985 630
985 950
985 321
985 832
985 794
985 993
985 867
985 551
985 618
986 219
986 73
986 801
986 970
986 739
986 643
987 642
987 345
987 866
987 994
987 743
987 909
987 78
987 197
987 200
987 773
988 360
988 154
988 13
988 7
988 350
989 465
989 193
989 984
989 900
989 883
989 414
989 840
989 272
989 204
989 988
990 366
990 812
990 662
990 302
990 65
990 254
990 320
990 213
990 590
990 432
991 603
991 748
991 681
991 539
991 214
991 847
991 869
991 396
991 778
992 751
992 684
992 629
992 180
992 625
992 564
992 277
992 392
992 151
992 55
992 208
992 728
993 462
993 647
993 512
993 665
993 861
993 696
994 645
994 460
994 473
994 547
994 939
994 493
994 523
994 280
994 762
994 416
994 424
994 612
995 230
995 163
995 47
995 203
995 872
995 238
995 665
995 220
995 768
995 339
995 496
995 181
995 158
996 251
996 346
996 60
996 122
996 951
996 590
996 64
996 966
996 868
996 879
996 797
996 220
996 521
996 166
997 450
997 149
997 380
997 267
997 782
997 584
997 900
998 632
998 141
998 81
998 895
998 455
998 197
998 290
999 272
999 965
999 137
999 993
999 567
999 455
999 239
999 730
999 33
999 897
999 816
