0 214 1.0
0 323 1.0
0 355 1.0
0 379 1.0
0 431 1.0
0 458 1.0
0 669 1.0
0 830 1.0
0 951 1.0
0 959 1.0
0 968 1.0
0 978 1.0
0 982 1.0
1 182 1.0
1 266 1.0
1 435 1.0
1 522 1.0
1 562 1.0
1 664 1.0
1 718 1.0
1 734 1.0
1 824 1.0
1 960 1.0
1 974 1.0
2 61 1.0
2 381 1.0
2 488 1.0
2 577 1.0
2 618 1.0
2 749 1.0
2 824 1.0
2 847 1.0
2 895 1.0
2 916 1.0
2 939 1.0
2 963 1.0
2 985 1.0
3 60 1.0
3 65 1.0
3 73 1.0
3 132 1.0
3 311 1.0
3 396 1.0
3 400 1.0
3 796 1.0
3 958 1.0
4 6 1.0
4 92 1.0
4 248 1.0
4 484 1.0
4 538 1.0
4 607 1.0
4 804 1.0
4 950 1.0
4 982 1.0
4 983 1.0
5 313 1.0
5 424 1.0
5 897 1.0
5 915 1.0
5 956 1.0
6 182 1.0
6 469 1.0
6 654 1.0
6 898 1.0
6 901 1.0
7 54 1.0
7 190 1.0
7 227 1.0
7 264 1.0
7 265 1.0
7 715 1.0
7 771 1.0
7 871 1.0
7 989 1.0
8 101 1.0
8 278 1.0
8 477 1.0
8 526 1.0
8 648 1.0
8 951 1.0
8 990 1.0
8 997 1.0
9 177 1.0
9 404 1.0
9 465 1.0
9 479 1.0
9 528 1.0
9 590 1.0
9 597 1.0
9 696 1.0
9 698 1.0
9 809 1.0
9 975 1.0
10 11 1.0
10 408 1.0
10 506 1.0
11 77 1.0
11 108 1.0
11 212 1.0
11 218 1.0
11 258 1.0
11 302 1.0
11 353 1.0
11 363 1.0
11 805 1.0
11 929 1.0
11 961 1.0
11 995 1.0
12 86 1.0
12 155 1.0
12 330 1.0
12 571 1.0
12 722 1.0
12 875 1.0
13 57 1.0
13 280 1.0
13 398 1.0
13 782 1.0
13 869 1.0
13 973 1.0
13 995 1.0
14 203 1.0
14 334 1.0
14 454 1.0
14 469 1.0
14 511 1.0
14 707 1.0
14 754 1.0
14 839 1.0
14 877 1.0
14 961 1.0
14 983 1.0
15 143 1.0
15 160 1.0
15 330 1.0
15 492 1.0
15 501 1.0
15 557 1.0
15 616 1.0
15 632 1.0
15 980 1.0
15 981 1.0
16 11 1.0
16 76 1.0
16 114 1.0
16 145 1.0
16 193 1.0
16 202 1.0
16 307 1.0
16 369 1.0
16 477 1.0
16 553 1.0
16 601 1.0
16 653 1.0
16 728 1.0
16 961 1.0
17 106 1.0
17 199 1.0
17 211 1.0
17 217 1.0
17 330 1.0
17 394 1.0
17 455 1.0
17 509 1.0
17 806 1.0
17 862 1.0
18 119 1.0
18 130 1.0
18 181 1.0
18 266 1.0
18 304 1.0
18 524 1.0
18 532 1.0
18 547 1.0
18 753 1.0
18 887 1.0
18 907 1.0
18 982 1.0
19 200 1.0
19 307 1.0
19 328 1.0
19 503 1.0
19 554 1.0
19 934 1.0
19 962 1.0
19 979 1.0
20 1 1.0
20 65 1.0
20 121 1.0
20 170 1.0
20 219 1.0
20 306 1.0
20 342 1.0
20 404 1.0
20 499 1.0
20 529 1.0
20 540 1.0
20 588 1.0
20 619 1.0
20 683 1.0
20 706 1.0
20 848 1.0
20 853 1.0
20 988 1.0
21 179 1.0
21 239 1.0
21 375 1.0
21 513 1.0
21 753 1.0
21 873 1.0
21 877 1.0
21 913 1.0
21 971 1.0
22 25 1.0
22 166 1.0
22 207 1.0
22 217 1.0
22 261 1.0
22 449 1.0
22 458 1.0
22 502 1.0
22 524 1.0
22 525 1.0
22 529 1.0
22 648 1.0
22 656 1.0
22 674 1.0
22 792 1.0
22 908 1.0
22 986 1.0
23 36 1.0
23 420 1.0
23 465 1.0
23 472 1.0
23 565 1.0
23 587 1.0
23 838 1.0
23 894 1.0
24 552 1.0
24 556 1.0
24 780 1.0
24 793 1.0
24 999 1.0
25 340 1.0
25 417 1.0
25 493 1.0
25 644 1.0
25 670 1.0
25 764 1.0
25 903 1.0
25 923 1.0
26 100 1.0
26 251 1.0
26 645 1.0
26 839 1.0
27 170 1.0
27 322 1.0
27 477 1.0
27 658 1.0
27 673 1.0
27 685 1.0
27 832 1.0
28 72 1.0
28 215 1.0
28 235 1.0
28 275 1.0
28 302 1.0
28 334 1.0
28 344 1.0
28 617 1.0
28 793 1.0
28 818 1.0
28 819 1.0
28 949 1.0
28 992 1.0
29 112 1.0
29 211 1.0
29 375 1.0
29 447 1.0
29 513 1.0
29 658 1.0
29 843 1.0
29 858 1.0
29 859 1.0
29 928 1.0
30 93 1.0
30 104 1.0
30 142 1.0
30 206 1.0
30 317 1.0
30 451 1.0
30 529 1.0
30 595 1.0
30 656 1.0
30 658 1.0
30 740 1.0
30 761 1.0
30 940 1.0
30 985 1.0
31 57 1.0
31 67 1.0
31 100 1.0
31 421 1.0
31 440 1.0
31 444 1.0
31 586 1.0
31 679 1.0
31 700 1.0
31 734 1.0
31 946 1.0
32 19 1.0
32 85 1.0
32 185 1.0
32 416 1.0
32 457 1.0
32 723 1.0
32 974 1.0
33 19 1.0
33 252 1.0
33 404 1.0
33 802 1.0
33 963 1.0
33 994 1.0
34 245 1.0
34 325 1.0
34 471 1.0
34 723 1.0
34 875 1.0
34 933 1.0
34 973 1.0
34 979 1.0
35 9 1.0
35 45 1.0
35 307 1.0
35 308 1.0
35 364 1.0
35 405 1.0
35 445 1.0
35 606 1.0
35 660 1.0
35 720 1.0
35 857 1.0
35 948 1.0
36 257 1.0
36 402 1.0
36 589 1.0
36 635 1.0
36 663 1.0
36 805 1.0
36 828 1.0
36 920 1.0
37 29 1.0
37 94 1.0
37 259 1.0
37 269 1.0
37 676 1.0
37 798 1.0
37 932 1.0
37 975 1.0
37 978 1.0
37 999 1.0
38 15 1.0
38 64 1.0
38 114 1.0
38 146 1.0
38 363 1.0
38 405 1.0
38 540 1.0
38 704 1.0
38 935 1.0
39 119 1.0
39 334 1.0
39 396 1.0
39 415 1.0
39 492 1.0
39 622 1.0
39 636 1.0
39 728 1.0
39 762 1.0
40 77 1.0
40 177 1.0
40 211 1.0
40 576 1.0
40 758 1.0
40 862 1.0
40 900 1.0
40 995 1.0
41 39 1.0
41 56 1.0
41 543 1.0
41 608 1.0
41 715 1.0
41 839 1.0
41 973 1.0
42 146 1.0
42 225 1.0
42 525 1.0
42 590 1.0
42 981 1.0
43 51 1.0
43 68 1.0
43 287 1.0
43 388 1.0
43 482 1.0
43 579 1.0
43 762 1.0
43 807 1.0
43 840 1.0
44 6 1.0
44 171 1.0
44 244 1.0
44 316 1.0
44 434 1.0
44 633 1.0
44 650 1.0
44 739 1.0
44 867 1.0
44 944 1.0
44 960 1.0
44 982 1.0
45 89 1.0
45 366 1.0
45 388 1.0
45 557 1.0
45 582 1.0
45 625 1.0
45 757 1.0
45 858 1.0
46 227 1.0
46 232 1.0
46 248 1.0
46 313 1.0
46 342 1.0
46 365 1.0
46 388 1.0
46 544 1.0
46 601 1.0
46 714 1.0
46 716 1.0
46 905 1.0
46 946 1.0
46 962 1.0
47 46 1.0
47 208 1.0
47 281 1.0
47 346 1.0
47 412 1.0
47 418 1.0
47 430 1.0
47 468 1.0
47 657 1.0
47 661 1.0
47 785 1.0
47 873 1.0
48 30 1.0
48 63 1.0
48 107 1.0
48 146 1.0
48 183 1.0
48 242 1.0
48 295 1.0
48 336 1.0
48 396 1.0
48 432 1.0
48 440 1.0
48 446 1.0
48 481 1.0
48 524 1.0
48 781 1.0
48 969 1.0
49 205 1.0
49 354 1.0
49 565 1.0
49 629 1.0
49 635 1.0
49 692 1.0
49 694 1.0
50 25 1.0
50 279 1.0
50 336 1.0
50 386 1.0
50 443 1.0
50 665 1.0
51 14 1.0
51 245 1.0
51 272 1.0
51 307 1.0
51 590 1.0
51 599 1.0
51 614 1.0
51 661 1.0
51 845 1.0
51 906 1.0
51 964 1.0
52 128 1.0
52 255 1.0
52 335 1.0
52 360 1.0
52 431 1.0
52 759 1.0
52 798 1.0
52 824 1.0
52 891 1.0
52 988 1.0
53 23 1.0
53 367 1.0
53 493 1.0
53 494 1.0
53 610 1.0
53 678 1.0
53 857 1.0
53 976 1.0
53 988 1.0
54 344 1.0
54 362 1.0
54 526 1.0
54 573 1.0
54 618 1.0
54 799 1.0
54 834 1.0
55 251 1.0
55 383 1.0
55 648 1.0
55 651 1.0
55 888 1.0
56 25 1.0
56 61 1.0
56 176 1.0
56 579 1.0
56 602 1.0
56 699 1.0
56 714 1.0
57 247 1.0
57 284 1.0
57 360 1.0
57 427 1.0
57 607 1.0
57 748 1.0
57 769 1.0
57 835 1.0
57 942 1.0
58 76 1.0
58 135 1.0
58 194 1.0
58 603 1.0
58 846 1.0
58 856 1.0
58 943 1.0
58 961 1.0
58 987 1.0
59 17 1.0
59 162 1.0
59 201 1.0
59 351 1.0
59 446 1.0
59 535 1.0
59 580 1.0
59 592 1.0
59 970 1.0
60 67 1.0
60 104 1.0
60 117 1.0
60 174 1.0
60 187 1.0
60 329 1.0
60 348 1.0
60 378 1.0
60 550 1.0
60 734 1.0
60 803 1.0
60 942 1.0
60 974 1.0
61 78 1.0
61 658 1.0
61 784 1.0
61 797 1.0
61 836 1.0
62 346 1.0
62 437 1.0
62 574 1.0
62 657 1.0
62 716 1.0
62 726 1.0
62 781 1.0
62 933 1.0
62 960 1.0
63 94 1.0
63 206 1.0
63 435 1.0
63 602 1.0
63 743 1.0
63 876 1.0
63 968 1.0
63 980 1.0
64 104 1.0
64 256 1.0
64 294 1.0
64 506 1.0
64 649 1.0
64 786 1.0
64 864 1.0
64 999 1.0
65 13 1.0
65 153 1.0
65 493 1.0
65 789 1.0
65 947 1.0
65 979 1.0
66 12 1.0
66 24 1.0
66 36 1.0
66 52 1.0
66 582 1.0
66 852 1.0
66 875 1.0
66 953 1.0
67 8 1.0
67 63 1.0
67 142 1.0
67 157 1.0
67 444 1.0
67 510 1.0
68 38 1.0
68 123 1.0
68 758 1.0
68 792 1.0
68 911 1.0
68 912 1.0
68 995 1.0
68 996 1.0
69 79 1.0
69 111 1.0
69 148 1.0
69 539 1.0
69 619 1.0
69 998 1.0
70 155 1.0
70 205 1.0
70 466 1.0
70 580 1.0
70 591 1.0
70 637 1.0
70 681 1.0
70 995 1.0
71 60 1.0
71 178 1.0
71 357 1.0
71 473 1.0
71 559 1.0
71 650 1.0
71 814 1.0
71 961 1.0
72 44 1.0
72 293 1.0
72 468 1.0
72 497 1.0
72 698 1.0
72 822 1.0
73 29 1.0
73 51 1.0
73 171 1.0
73 236 1.0
73 340 1.0
73 484 1.0
73 629 1.0
73 970 1.0
74 112 1.0
74 133 1.0
74 211 1.0
74 255 1.0
74 261 1.0
74 298 1.0
74 358 1.0
74 377 1.0
74 492 1.0
74 515 1.0
74 580 1.0
74 748 1.0
74 797 1.0
74 810 1.0
75 55 1.0
75 210 1.0
75 551 1.0
75 611 1.0
75 747 1.0
75 822 1.0
75 956 1.0
75 994 1.0
76 173 1.0
76 228 1.0
76 449 1.0
76 604 1.0
76 671 1.0
76 751 1.0
76 819 1.0
77 46 1.0
77 50 1.0
77 179 1.0
77 395 1.0
77 450 1.0
77 583 1.0
77 668 1.0
78 28 1.0
78 566 1.0
78 588 1.0
78 595 1.0
78 662 1.0
78 758 1.0
79 74 1.0
79 86 1.0
79 186 1.0
79 284 1.0
79 348 1.0
79 411 1.0
79 426 1.0
79 428 1.0
79 656 1.0
79 829 1.0
79 851 1.0
79 866 1.0
79 870 1.0
79 917 1.0
80 56 1.0
80 70 1.0
80 327 1.0
80 395 1.0
80 396 1.0
80 497 1.0
80 505 1.0
80 591 1.0
80 957 1.0
81 63 1.0
81 76 1.0
81 99 1.0
81 206 1.0
81 364 1.0
81 376 1.0
81 419 1.0
81 603 1.0
81 631 1.0
81 647 1.0
81 811 1.0
81 979 1.0
82 5 1.0
82 113 1.0
82 222 1.0
82 300 1.0
82 369 1.0
82 511 1.0
82 596 1.0
82 794 1.0
82 915 1.0
82 964 1.0
83 196 1.0
83 290 1.0
83 552 1.0
83 616 1.0
83 830 1.0
83 871 1.0
83 924 1.0
83 969 1.0
84 329 1.0
84 445 1.0
84 492 1.0
84 783 1.0
84 838 1.0
84 894 1.0
84 905 1.0
85 105 1.0
85 454 1.0
85 480 1.0
85 575 1.0
85 649 1.0
85 723 1.0
85 730 1.0
86 186 1.0
86 347 1.0
86 490 1.0
86 498 1.0
86 600 1.0
87 272 1.0
87 530 1.0
87 657 1.0
87 731 1.0
87 806 1.0
87 858 1.0
88 7 1.0
88 156 1.0
88 178 1.0
88 377 1.0
88 387 1.0
88 835 1.0
88 939 1.0
88 998 1.0
89 41 1.0
89 51 1.0
89 155 1.0
89 337 1.0
89 424 1.0
89 469 1.0
89 477 1.0
89 591 1.0
89 767 1.0
89 816 1.0
89 879 1.0
89 965 1.0
89 968 1.0
90 41 1.0
90 69 1.0
90 337 1.0
90 651 1.0
90 765 1.0
90 784 1.0
90 983 1.0
91 139 1.0
91 262 1.0
91 320 1.0
91 390 1.0
91 593 1.0
91 688 1.0
92 349 1.0
92 717 1.0
92 768 1.0
92 784 1.0
92 832 1.0
93 210 1.0
93 298 1.0
93 750 1.0
93 928 1.0
94 31 1.0
94 169 1.0
94 189 1.0
94 239 1.0
94 242 1.0
94 398 1.0
94 653 1.0
94 691 1.0
94 808 1.0
94 815 1.0
94 852 1.0
94 884 1.0
94 901 1.0
94 942 1.0
94 990 1.0
95 54 1.0
95 98 1.0
95 104 1.0
95 126 1.0
95 235 1.0
95 252 1.0
95 525 1.0
95 628 1.0
95 661 1.0
95 662 1.0
95 712 1.0
95 958 1.0
96 15 1.0
96 38 1.0
96 69 1.0
96 409 1.0
96 451 1.0
96 526 1.0
96 534 1.0
96 540 1.0
96 571 1.0
96 741 1.0
96 758 1.0
96 825 1.0
97 91 1.0
97 151 1.0
97 180 1.0
97 316 1.0
97 524 1.0
97 667 1.0
97 690 1.0
97 967 1.0
98 10 1.0
98 37 1.0
98 147 1.0
98 161 1.0
98 538 1.0
98 714 1.0
99 418 1.0
99 469 1.0
99 606 1.0
99 755 1.0
99 858 1.0
99 862 1.0
99 869 1.0
99 892 1.0
100 3 1.0
100 35 1.0
100 41 1.0
100 46 1.0
100 70 1.0
100 348 1.0
100 403 1.0
100 494 1.0
100 533 1.0
100 588 1.0
100 626 1.0
100 633 1.0
100 700 1.0
100 709 1.0
100 803 1.0
100 856 1.0
100 955 1.0
101 33 1.0
101 190 1.0
101 212 1.0
101 252 1.0
101 361 1.0
101 417 1.0
101 600 1.0
101 726 1.0
101 852 1.0
101 865 1.0
101 906 1.0
101 923 1.0
101 954 1.0
102 205 1.0
102 327 1.0
102 395 1.0
102 408 1.0
102 767 1.0
103 242 1.0
103 348 1.0
103 522 1.0
103 701 1.0
103 777 1.0
103 821 1.0
104 78 1.0
104 278 1.0
104 510 1.0
104 861 1.0
104 903 1.0
104 957 1.0
105 236 1.0
105 271 1.0
105 326 1.0
105 395 1.0
105 477 1.0
105 650 1.0
105 961 1.0
106 87 1.0
106 148 1.0
106 348 1.0
106 392 1.0
106 426 1.0
106 431 1.0
106 714 1.0
106 827 1.0
106 940 1.0
107 185 1.0
107 249 1.0
107 378 1.0
107 480 1.0
107 522 1.0
107 789 1.0
108 352 1.0
108 558 1.0
108 817 1.0
109 300 1.0
109 310 1.0
109 430 1.0
109 459 1.0
109 465 1.0
109 544 1.0
109 571 1.0
109 631 1.0
109 699 1.0
109 810 1.0
109 856 1.0
109 945 1.0
109 948 1.0
110 280 1.0
110 288 1.0
110 342 1.0
110 457 1.0
110 670 1.0
110 776 1.0
110 998 1.0
111 15 1.0
111 146 1.0
111 170 1.0
111 186 1.0
111 339 1.0
111 660 1.0
111 716 1.0
111 844 1.0
112 50 1.0
112 320 1.0
112 563 1.0
112 579 1.0
112 693 1.0
112 736 1.0
112 980 1.0
112 999 1.0
113 158 1.0
113 275 1.0
113 297 1.0
113 320 1.0
113 336 1.0
113 339 1.0
113 378 1.0
113 449 1.0
113 522 1.0
113 884 1.0
113 901 1.0
114 3 1.0
114 32 1.0
114 54 1.0
114 152 1.0
114 331 1.0
114 344 1.0
114 570 1.0
114 697 1.0
114 966 1.0
115 62 1.0
115 170 1.0
115 269 1.0
115 297 1.0
115 809 1.0
115 877 1.0
115 980 1.0
116 40 1.0
116 383 1.0
116 439 1.0
116 467 1.0
116 622 1.0
116 776 1.0
116 909 1.0
116 960 1.0
117 208 1.0
117 242 1.0
117 437 1.0
117 606 1.0
117 679 1.0
117 800 1.0
117 819 1.0
117 849 1.0
118 63 1.0
118 271 1.0
118 363 1.0
118 379 1.0
118 436 1.0
118 490 1.0
118 728 1.0
118 882 1.0
118 936 1.0
118 963 1.0
119 29 1.0
119 72 1.0
119 160 1.0
119 199 1.0
119 210 1.0
119 286 1.0
119 368 1.0
119 453 1.0
119 488 1.0
119 498 1.0
119 815 1.0
119 831 1.0
120 60 1.0
120 192 1.0
120 615 1.0
120 779 1.0
120 795 1.0
120 887 1.0
120 914 1.0
120 953 1.0
120 960 1.0
121 206 1.0
121 260 1.0
121 265 1.0
121 429 1.0
121 524 1.0
121 542 1.0
122 46 1.0
122 108 1.0
122 173 1.0
122 195 1.0
122 218 1.0
122 303 1.0
122 321 1.0
122 351 1.0
122 502 1.0
122 803 1.0
122 861 1.0
123 116 1.0
123 156 1.0
123 323 1.0
123 344 1.0
123 356 1.0
123 418 1.0
123 524 1.0
123 746 1.0
123 898 1.0
124 46 1.0
124 91 1.0
124 304 1.0
124 703 1.0
124 706 1.0
124 773 1.0
124 865 1.0
124 895 1.0
124 916 1.0
125 250 1.0
125 300 1.0
125 360 1.0
125 459 1.0
125 753 1.0
125 808 1.0
125 888 1.0
126 117 1.0
126 456 1.0
126 597 1.0
126 855 1.0
127 75 1.0
127 283 1.0
127 349 1.0
127 683 1.0
128 12 1.0
128 111 1.0
128 171 1.0
128 573 1.0
128 752 1.0
129 55 1.0
129 121 1.0
129 165 1.0
129 208 1.0
129 600 1.0
129 823 1.0
129 886 1.0
129 892 1.0
129 893 1.0
129 956 1.0
130 369 1.0
130 473 1.0
130 520 1.0
130 590 1.0
130 608 1.0
130 610 1.0
131 12 1.0
131 73 1.0
131 124 1.0
131 127 1.0
131 177 1.0
131 185 1.0
131 377 1.0
131 468 1.0
131 495 1.0
132 223 1.0
132 265 1.0
132 375 1.0
132 394 1.0
132 445 1.0
132 637 1.0
132 653 1.0
133 12 1.0
133 17 1.0
133 250 1.0
133 462 1.0
133 516 1.0
133 746 1.0
133 978 1.0
134 14 1.0
134 49 1.0
134 54 1.0
134 56 1.0
134 296 1.0
134 359 1.0
134 393 1.0
134 395 1.0
134 397 1.0
134 419 1.0
134 514 1.0
134 564 1.0
134 926 1.0
135 77 1.0
135 129 1.0
135 337 1.0
135 689 1.0
136 0 1.0
136 64 1.0
136 154 1.0
136 386 1.0
136 689 1.0
136 716 1.0
136 795 1.0
136 836 1.0
136 990 1.0
137 213 1.0
137 307 1.0
137 366 1.0
137 559 1.0
137 634 1.0
137 677 1.0
137 729 1.0
137 746 1.0
137 957 1.0
137 995 1.0
138 94 1.0
138 206 1.0
138 294 1.0
138 325 1.0
138 409 1.0
138 612 1.0
138 910 1.0
139 154 1.0
139 161 1.0
139 304 1.0
139 411 1.0
139 427 1.0
140 135 1.0
140 167 1.0
140 184 1.0
140 260 1.0
140 336 1.0
140 443 1.0
140 567 1.0
140 597 1.0
140 653 1.0
140 886 1.0
140 898 1.0
140 937 1.0
141 77 1.0
141 288 1.0
141 437 1.0
141 471 1.0
141 832 1.0
141 917 1.0
141 936 1.0
142 471 1.0
142 525 1.0
142 530 1.0
142 689 1.0
142 739 1.0
142 822 1.0
142 949 1.0
142 975 1.0
143 6 1.0
143 25 1.0
143 185 1.0
143 225 1.0
143 227 1.0
143 244 1.0
143 281 1.0
143 294 1.0
143 411 1.0
143 650 1.0
143 671 1.0
143 761 1.0
143 919 1.0
144 117 1.0
144 234 1.0
144 258 1.0
144 420 1.0
144 458 1.0
144 679 1.0
144 707 1.0
144 721 1.0
144 724 1.0
144 814 1.0
144 844 1.0
144 939 1.0
145 10 1.0
145 548 1.0
145 697 1.0
146 27 1.0
146 63 1.0
146 117 1.0
146 120 1.0
146 181 1.0
146 190 1.0
146 236 1.0
146 240 1.0
146 536 1.0
146 552 1.0
146 571 1.0
146 691 1.0
147 332 1.0
147 340 1.0
147 486 1.0
147 725 1.0
147 754 1.0
147 781 1.0
147 812 1.0
147 957 1.0
148 25 1.0
148 69 1.0
148 322 1.0
148 330 1.0
148 371 1.0
148 375 1.0
148 414 1.0
148 542 1.0
148 559 1.0
148 821 1.0
148 834 1.0
148 887 1.0
148 963 1.0
149 38 1.0
149 196 1.0
149 210 1.0
149 689 1.0
149 842 1.0
150 14 1.0
150 711 1.0
150 857 1.0
150 863 1.0
151 204 1.0
151 349 1.0
151 466 1.0
151 537 1.0
151 580 1.0
151 731 1.0
152 504 1.0
152 576 1.0
152 587 1.0
152 654 1.0
152 726 1.0
152 935 1.0
153 94 1.0
153 426 1.0
153 455 1.0
153 520 1.0
153 537 1.0
153 826 1.0
153 965 1.0
154 375 1.0
154 447 1.0
154 457 1.0
154 616 1.0
154 663 1.0
154 865 1.0
154 985 1.0
155 59 1.0
155 95 1.0
155 119 1.0
155 124 1.0
155 217 1.0
155 383 1.0
155 623 1.0
155 864 1.0
155 963 1.0
155 992 1.0
156 41 1.0
156 442 1.0
156 543 1.0
156 595 1.0
156 705 1.0
156 791 1.0
156 891 1.0
157 75 1.0
157 332 1.0
157 759 1.0
157 846 1.0
157 873 1.0
158 3 1.0
158 271 1.0
158 308 1.0
158 466 1.0
158 637 1.0
158 872 1.0
159 173 1.0
159 574 1.0
159 682 1.0
159 753 1.0
159 781 1.0
159 911 1.0
160 155 1.0
160 448 1.0
160 666 1.0
160 823 1.0
160 842 1.0
160 937 1.0
161 74 1.0
161 429 1.0
161 569 1.0
161 971 1.0
162 372 1.0
162 597 1.0
162 651 1.0
162 654 1.0
162 760 1.0
162 887 1.0
162 967 1.0
163 61 1.0
163 97 1.0
163 185 1.0
163 191 1.0
163 218 1.0
164 404 1.0
164 484 1.0
164 512 1.0
164 613 1.0
164 641 1.0
164 904 1.0
164 933 1.0
165 221 1.0
165 321 1.0
165 938 1.0
166 7 1.0
166 222 1.0
166 251 1.0
166 656 1.0
166 924 1.0
167 277 1.0
167 328 1.0
167 438 1.0
167 447 1.0
167 457 1.0
167 515 1.0
167 730 1.0
167 892 1.0
167 906 1.0
167 941 1.0
168 173 1.0
168 250 1.0
168 376 1.0
168 452 1.0
168 474 1.0
168 577 1.0
168 681 1.0
168 754 1.0
168 876 1.0
169 19 1.0
169 258 1.0
169 278 1.0
169 418 1.0
169 444 1.0
169 484 1.0
169 560 1.0
169 785 1.0
169 805 1.0
169 970 1.0
170 108 1.0
170 506 1.0
170 617 1.0
170 664 1.0
170 685 1.0
170 736 1.0
170 764 1.0
170 784 1.0
170 815 1.0
170 917 1.0
171 108 1.0
171 120 1.0
171 218 1.0
171 257 1.0
171 271 1.0
171 396 1.0
171 687 1.0
171 689 1.0
171 704 1.0
171 757 1.0
171 986 1.0
172 19 1.0
172 42 1.0
172 182 1.0
172 266 1.0
172 474 1.0
172 621 1.0
172 769 1.0
172 944 1.0
173 232 1.0
173 285 1.0
173 318 1.0
173 383 1.0
173 454 1.0
173 469 1.0
173 629 1.0
173 673 1.0
173 750 1.0
173 847 1.0
174 101 1.0
174 116 1.0
174 166 1.0
174 183 1.0
174 269 1.0
174 292 1.0
174 353 1.0
174 417 1.0
174 657 1.0
174 734 1.0
174 849 1.0
174 881 1.0
174 916 1.0
174 920 1.0
175 56 1.0
175 204 1.0
175 272 1.0
175 435 1.0
175 520 1.0
175 560 1.0
175 616 1.0
176 47 1.0
176 88 1.0
176 98 1.0
176 153 1.0
176 395 1.0
176 428 1.0
176 454 1.0
176 778 1.0
176 854 1.0
176 955 1.0
176 960 1.0
176 978 1.0
177 114 1.0
177 155 1.0
177 236 1.0
177 320 1.0
177 586 1.0
177 618 1.0
177 713 1.0
177 715 1.0
177 727 1.0
177 929 1.0
178 117 1.0
178 135 1.0
178 333 1.0
178 340 1.0
178 593 1.0
178 925 1.0
179 97 1.0
179 204 1.0
179 210 1.0
179 293 1.0
179 342 1.0
179 474 1.0
179 805 1.0
179 812 1.0
179 837 1.0
179 928 1.0
179 946 1.0
179 963 1.0
180 21 1.0
180 54 1.0
180 84 1.0
180 120 1.0
180 354 1.0
180 469 1.0
180 493 1.0
180 496 1.0
180 545 1.0
180 977 1.0
181 74 1.0
181 75 1.0
181 110 1.0
181 195 1.0
181 253 1.0
181 510 1.0
181 615 1.0
181 664 1.0
182 12 1.0
182 45 1.0
182 77 1.0
182 204 1.0
182 302 1.0
182 315 1.0
182 841 1.0
183 60 1.0
183 95 1.0
183 702 1.0
183 741 1.0
183 873 1.0
183 898 1.0
184 68 1.0
184 100 1.0
184 378 1.0
184 472 1.0
184 491 1.0
184 514 1.0
184 926 1.0
184 997 1.0
185 189 1.0
185 238 1.0
185 274 1.0
185 403 1.0
185 859 1.0
186 7 1.0
186 138 1.0
186 140 1.0
186 292 1.0
186 316 1.0
186 338 1.0
186 343 1.0
186 688 1.0
186 815 1.0
186 849 1.0
186 909 1.0
186 976 1.0
187 112 1.0
187 237 1.0
187 242 1.0
187 278 1.0
187 617 1.0
188 6 1.0
188 225 1.0
188 261 1.0
188 299 1.0
188 385 1.0
188 393 1.0
188 557 1.0
188 617 1.0
188 635 1.0
188 729 1.0
189 342 1.0
189 509 1.0
189 546 1.0
189 968 1.0
190 166 1.0
190 261 1.0
190 416 1.0
190 430 1.0
190 441 1.0
190 482 1.0
190 527 1.0
190 607 1.0
190 621 1.0
190 657 1.0
190 671 1.0
190 811 1.0
190 958 1.0
191 296 1.0
191 318 1.0
191 323 1.0
191 359 1.0
191 496 1.0
191 540 1.0
191 732 1.0
191 886 1.0
192 29 1.0
192 123 1.0
192 207 1.0
192 242 1.0
192 444 1.0
192 584 1.0
192 672 1.0
192 677 1.0
192 715 1.0
192 971 1.0
193 323 1.0
193 427 1.0
193 720 1.0
194 63 1.0
194 186 1.0
194 412 1.0
194 429 1.0
194 766 1.0
194 859 1.0
194 869 1.0
195 1 1.0
195 348 1.0
195 453 1.0
195 551 1.0
195 613 1.0
195 656 1.0
195 857 1.0
195 864 1.0
195 884 1.0
195 934 1.0
196 46 1.0
196 130 1.0
196 383 1.0
196 458 1.0
196 502 1.0
196 680 1.0
196 874 1.0
196 886 1.0
197 194 1.0
197 222 1.0
197 248 1.0
197 341 1.0
197 346 1.0
197 487 1.0
197 612 1.0
197 848 1.0
198 39 1.0
198 210 1.0
198 359 1.0
198 517 1.0
198 560 1.0
198 854 1.0
198 861 1.0
198 969 1.0
198 971 1.0
199 260 1.0
199 345 1.0
199 395 1.0
199 433 1.0
199 532 1.0
199 618 1.0
199 759 1.0
199 889 1.0
200 30 1.0
200 121 1.0
200 207 1.0
200 252 1.0
200 714 1.0
200 817 1.0
200 839 1.0
200 858 1.0
200 890 1.0
201 32 1.0
201 101 1.0
201 203 1.0
201 357 1.0
201 398 1.0
201 431 1.0
201 595 1.0
201 725 1.0
201 894 1.0
202 20 1.0
202 96 1.0
202 280 1.0
202 281 1.0
202 468 1.0
202 746 1.0
202 811 1.0
202 951 1.0
203 111 1.0
203 403 1.0
203 492 1.0
203 495 1.0
204 11 1.0
204 12 1.0
204 312 1.0
204 402 1.0
204 533 1.0
204 598 1.0
204 648 1.0
204 733 1.0
204 854 1.0
204 941 1.0
205 73 1.0
205 118 1.0
205 134 1.0
205 211 1.0
205 233 1.0
205 248 1.0
205 367 1.0
205 553 1.0
205 741 1.0
205 757 1.0
206 7 1.0
206 39 1.0
206 428 1.0
206 437 1.0
206 439 1.0
206 456 1.0
206 526 1.0
206 668 1.0
206 724 1.0
206 779 1.0
206 982 1.0
207 178 1.0
207 222 1.0
207 425 1.0
207 462 1.0
207 868 1.0
208 79 1.0
208 127 1.0
208 209 1.0
208 249 1.0
208 309 1.0
208 318 1.0
208 493 1.0
208 642 1.0
208 802 1.0
208 830 1.0
208 982 1.0
209 60 1.0
209 141 1.0
209 144 1.0
209 234 1.0
209 343 1.0
209 351 1.0
209 402 1.0
209 719 1.0
210 58 1.0
210 75 1.0
210 432 1.0
210 569 1.0
210 587 1.0
210 741 1.0
210 891 1.0
211 679 1.0
211 844 1.0
211 994 1.0
212 262 1.0
212 427 1.0
212 429 1.0
212 470 1.0
212 774 1.0
213 88 1.0
213 90 1.0
213 130 1.0
213 418 1.0
213 419 1.0
213 467 1.0
213 665 1.0
213 859 1.0
214 64 1.0
214 98 1.0
214 141 1.0
214 203 1.0
214 292 1.0
214 497 1.0
214 548 1.0
214 562 1.0
214 616 1.0
214 765 1.0
215 92 1.0
215 168 1.0
215 195 1.0
215 359 1.0
215 612 1.0
215 649 1.0
215 741 1.0
215 766 1.0
215 909 1.0
216 209 1.0
216 617 1.0
216 716 1.0
216 753 1.0
216 765 1.0
216 796 1.0
216 842 1.0
216 882 1.0
216 887 1.0
217 337 1.0
217 494 1.0
217 506 1.0
217 566 1.0
217 758 1.0
217 783 1.0
217 879 1.0
217 950 1.0
218 32 1.0
218 227 1.0
218 433 1.0
218 484 1.0
218 882 1.0
218 935 1.0
218 975 1.0
219 19 1.0
219 135 1.0
219 166 1.0
219 262 1.0
219 269 1.0
219 402 1.0
219 433 1.0
219 489 1.0
219 645 1.0
219 744 1.0
219 772 1.0
219 787 1.0
219 817 1.0
219 957 1.0
220 21 1.0
220 318 1.0
220 362 1.0
220 557 1.0
220 846 1.0
221 81 1.0
221 235 1.0
221 236 1.0
221 493 1.0
221 581 1.0
221 732 1.0
221 743 1.0
221 878 1.0
221 885 1.0
221 896 1.0
222 39 1.0
222 101 1.0
222 191 1.0
222 220 1.0
222 223 1.0
222 253 1.0
222 281 1.0
222 577 1.0
222 640 1.0
222 868 1.0
223 472 1.0
223 564 1.0
223 700 1.0
223 769 1.0
223 911 1.0
224 291 1.0
224 351 1.0
224 461 1.0
224 545 1.0
224 658 1.0
224 725 1.0
224 726 1.0
224 744 1.0
224 906 1.0
224 925 1.0
225 256 1.0
225 436 1.0
225 606 1.0
225 839 1.0
225 883 1.0
225 996 1.0
226 228 1.0
226 264 1.0
226 687 1.0
226 698 1.0
226 732 1.0
226 770 1.0
226 807 1.0
226 881 1.0
227 7 1.0
227 158 1.0
227 696 1.0
227 706 1.0
227 837 1.0
227 840 1.0
227 971 1.0
228 135 1.0
228 173 1.0
228 319 1.0
228 425 1.0
228 460 1.0
228 510 1.0
228 650 1.0
228 684 1.0
228 773 1.0
228 788 1.0
228 814 1.0
228 825 1.0
228 895 1.0
229 89 1.0
229 185 1.0
229 252 1.0
229 287 1.0
229 754 1.0
229 779 1.0
229 846 1.0
229 880 1.0
229 969 1.0
230 69 1.0
230 211 1.0
230 216 1.0
230 219 1.0
230 234 1.0
230 302 1.0
230 358 1.0
230 470 1.0
231 59 1.0
231 98 1.0
231 372 1.0
231 608 1.0
232 41 1.0
232 124 1.0
232 258 1.0
232 309 1.0
232 353 1.0
232 419 1.0
232 714 1.0
232 854 1.0
233 135 1.0
233 581 1.0
233 920 1.0
233 954 1.0
234 83 1.0
234 230 1.0
234 444 1.0
234 447 1.0
234 449 1.0
234 534 1.0
234 595 1.0
234 806 1.0
234 941 1.0
235 90 1.0
235 422 1.0
235 724 1.0
235 846 1.0
235 917 1.0
236 48 1.0
236 71 1.0
236 208 1.0
236 245 1.0
236 500 1.0
236 519 1.0
236 524 1.0
236 612 1.0
236 732 1.0
237 591 1.0
237 592 1.0
237 603 1.0
237 946 1.0
238 80 1.0
238 480 1.0
238 783 1.0
239 41 1.0
239 52 1.0
239 128 1.0
239 378 1.0
239 591 1.0
239 656 1.0
239 748 1.0
239 858 1.0
239 859 1.0
240 145 1.0
240 558 1.0
240 605 1.0
240 683 1.0
240 711 1.0
240 717 1.0
240 740 1.0
240 763 1.0
240 807 1.0
241 5 1.0
241 76 1.0
241 99 1.0
241 138 1.0
241 140 1.0
241 342 1.0
241 634 1.0
241 637 1.0
241 642 1.0
241 727 1.0
241 961 1.0
242 239 1.0
242 671 1.0
242 848 1.0
243 295 1.0
243 466 1.0
243 519 1.0
243 565 1.0
243 590 1.0
243 746 1.0
243 785 1.0
243 834 1.0
244 58 1.0
244 335 1.0
244 548 1.0
244 606 1.0
244 799 1.0
245 191 1.0
245 376 1.0
245 558 1.0
245 610 1.0
245 665 1.0
245 698 1.0
245 774 1.0
245 941 1.0
246 55 1.0
246 177 1.0
246 228 1.0
246 333 1.0
246 407 1.0
246 598 1.0
246 628 1.0
246 717 1.0
247 4 1.0
247 42 1.0
247 200 1.0
247 212 1.0
247 306 1.0
247 431 1.0
247 500 1.0
247 671 1.0
247 751 1.0
248 41 1.0
248 232 1.0
248 361 1.0
248 487 1.0
248 555 1.0
248 972 1.0
249 144 1.0
249 197 1.0
249 211 1.0
249 272 1.0
249 343 1.0
249 384 1.0
249 395 1.0
249 546 1.0
249 735 1.0
249 775 1.0
250 2 1.0
250 4 1.0
250 431 1.0
250 447 1.0
250 563 1.0
250 607 1.0
250 924 1.0
250 943 1.0
250 967 1.0
251 167 1.0
251 207 1.0
251 208 1.0
251 227 1.0
251 344 1.0
251 489 1.0
251 555 1.0
251 558 1.0
251 569 1.0
251 918 1.0
252 21 1.0
252 37 1.0
252 167 1.0
252 238 1.0
252 301 1.0
252 658 1.0
252 813 1.0
252 853 1.0
253 141 1.0
253 614 1.0
253 692 1.0
253 722 1.0
253 727 1.0
253 823 1.0
253 878 1.0
254 0 1.0
254 403 1.0
254 447 1.0
254 981 1.0
255 9 1.0
255 21 1.0
255 23 1.0
255 128 1.0
255 200 1.0
255 462 1.0
255 617 1.0
255 632 1.0
255 668 1.0
255 798 1.0
255 874 1.0
255 955 1.0
256 85 1.0
256 124 1.0
256 140 1.0
256 311 1.0
256 387 1.0
256 850 1.0
256 860 1.0
256 931 1.0
257 51 1.0
257 113 1.0
257 128 1.0
257 158 1.0
257 176 1.0
257 194 1.0
257 347 1.0
257 499 1.0
257 794 1.0
257 888 1.0
258 31 1.0
258 36 1.0
258 112 1.0
258 116 1.0
258 129 1.0
258 355 1.0
258 420 1.0
258 501 1.0
258 674 1.0
259 129 1.0
259 172 1.0
259 356 1.0
259 696 1.0
259 698 1.0
259 846 1.0
259 963 1.0
259 979 1.0
259 987 1.0
260 1 1.0
260 179 1.0
260 207 1.0
260 236 1.0
260 385 1.0
260 387 1.0
260 411 1.0
260 487 1.0
260 598 1.0
260 661 1.0
260 827 1.0
260 912 1.0
261 101 1.0
261 158 1.0
261 303 1.0
261 589 1.0
261 706 1.0
261 844 1.0
262 27 1.0
262 395 1.0
262 787 1.0
262 871 1.0
262 890 1.0
262 897 1.0
263 533 1.0
263 574 1.0
263 891 1.0
263 963 1.0
263 996 1.0
264 58 1.0
264 504 1.0
264 508 1.0
264 517 1.0
264 525 1.0
264 740 1.0
264 751 1.0
264 856 1.0
265 112 1.0
265 243 1.0
265 354 1.0
265 401 1.0
265 503 1.0
265 776 1.0
265 910 1.0
265 915 1.0
265 990 1.0
265 993 1.0
266 105 1.0
266 124 1.0
266 253 1.0
266 608 1.0
266 918 1.0
267 39 1.0
267 465 1.0
267 733 1.0
267 808 1.0
267 945 1.0
268 185 1.0
268 192 1.0
268 258 1.0
268 352 1.0
268 433 1.0
268 683 1.0
268 745 1.0
268 750 1.0
268 775 1.0
268 812 1.0
268 997 1.0
269 231 1.0
269 519 1.0
269 528 1.0
269 555 1.0
269 577 1.0
269 580 1.0
269 745 1.0
269 760 1.0
269 789 1.0
269 832 1.0
269 982 1.0
269 992 1.0
270 129 1.0
270 298 1.0
270 316 1.0
270 392 1.0
270 680 1.0
270 681 1.0
270 750 1.0
270 867 1.0
271 4 1.0
271 20 1.0
271 78 1.0
271 100 1.0
271 184 1.0
271 277 1.0
271 378 1.0
271 701 1.0
271 771 1.0
271 841 1.0
271 907 1.0
271 918 1.0
271 961 1.0
272 455 1.0
272 860 1.0
272 893 1.0
272 924 1.0
272 958 1.0
272 988 1.0
272 993 1.0
273 169 1.0
273 280 1.0
273 691 1.0
273 694 1.0
274 15 1.0
274 291 1.0
274 299 1.0
274 493 1.0
274 563 1.0
274 651 1.0
274 682 1.0
274 808 1.0
274 880 1.0
275 98 1.0
275 260 1.0
275 433 1.0
275 471 1.0
275 477 1.0
275 764 1.0
276 1 1.0
276 38 1.0
276 72 1.0
276 99 1.0
276 101 1.0
276 208 1.0
276 260 1.0
276 352 1.0
276 415 1.0
276 720 1.0
276 832 1.0
276 979 1.0
276 988 1.0
277 318 1.0
277 430 1.0
277 658 1.0
277 875 1.0
277 919 1.0
277 989 1.0
278 148 1.0
278 244 1.0
278 410 1.0
278 411 1.0
278 977 1.0
279 209 1.0
279 238 1.0
279 300 1.0
279 303 1.0
279 490 1.0
279 505 1.0
279 538 1.0
279 666 1.0
279 689 1.0
279 895 1.0
279 998 1.0
280 16 1.0
280 51 1.0
280 57 1.0
280 106 1.0
280 284 1.0
280 506 1.0
280 552 1.0
280 709 1.0
280 783 1.0
280 900 1.0
280 962 1.0
280 983 1.0
281 21 1.0
281 118 1.0
281 125 1.0
281 297 1.0
281 337 1.0
281 354 1.0
281 381 1.0
281 424 1.0
281 546 1.0
281 678 1.0
281 716 1.0
281 813 1.0
281 841 1.0
281 868 1.0
281 960 1.0
282 12 1.0
282 153 1.0
282 292 1.0
282 657 1.0
282 672 1.0
282 847 1.0
282 855 1.0
282 857 1.0
283 36 1.0
283 188 1.0
283 731 1.0
283 773 1.0
283 925 1.0
283 928 1.0
284 47 1.0
284 245 1.0
284 276 1.0
284 303 1.0
284 423 1.0
284 564 1.0
284 900 1.0
284 997 1.0
285 9 1.0
285 29 1.0
285 454 1.0
285 458 1.0
285 676 1.0
285 736 1.0
285 863 1.0
285 987 1.0
286 107 1.0
286 407 1.0
286 418 1.0
286 440 1.0
286 472 1.0
286 504 1.0
286 671 1.0
286 723 1.0
286 781 1.0
286 826 1.0
286 832 1.0
286 873 1.0
286 893 1.0
286 911 1.0
287 273 1.0
287 316 1.0
287 378 1.0
287 639 1.0
287 656 1.0
288 270 1.0
289 56 1.0
289 180 1.0
289 293 1.0
289 340 1.0
289 485 1.0
289 542 1.0
289 653 1.0
289 733 1.0
289 895 1.0
290 154 1.0
290 252 1.0
290 278 1.0
290 355 1.0
290 763 1.0
290 828 1.0
290 864 1.0
290 976 1.0
290 979 1.0
291 25 1.0
291 37 1.0
291 167 1.0
291 255 1.0
291 346 1.0
291 547 1.0
291 975 1.0
292 123 1.0
292 240 1.0
292 328 1.0
292 383 1.0
292 437 1.0
292 633 1.0
292 853 1.0
293 65 1.0
293 505 1.0
293 534 1.0
293 578 1.0
293 696 1.0
293 731 1.0
294 149 1.0
294 312 1.0
294 360 1.0
294 452 1.0
294 602 1.0
294 627 1.0
295 14 1.0
295 118 1.0
295 171 1.0
295 357 1.0
295 475 1.0
295 515 1.0
295 525 1.0
295 656 1.0
295 692 1.0
295 736 1.0
295 794 1.0
295 823 1.0
295 905 1.0
296 4 1.0
296 272 1.0
296 329 1.0
296 431 1.0
296 589 1.0
296 635 1.0
296 717 1.0
296 742 1.0
296 804 1.0
296 984 1.0
297 170 1.0
297 480 1.0
297 530 1.0
297 627 1.0
297 684 1.0
297 862 1.0
297 987 1.0
297 996 1.0
298 43 1.0
298 203 1.0
298 255 1.0
298 272 1.0
298 482 1.0
298 506 1.0
298 521 1.0
298 661 1.0
298 739 1.0
298 860 1.0
298 872 1.0
298 876 1.0
298 917 1.0
299 169 1.0
299 268 1.0
299 319 1.0
299 363 1.0
299 522 1.0
299 546 1.0
299 658 1.0
299 991 1.0
300 63 1.0
300 107 1.0
300 325 1.0
300 349 1.0
300 358 1.0
300 371 1.0
300 380 1.0
300 407 1.0
300 659 1.0
300 816 1.0
300 974 1.0
301 13 1.0
301 34 1.0
301 362 1.0
301 368 1.0
301 498 1.0
301 544 1.0
301 748 1.0
301 882 1.0
302 98 1.0
302 211 1.0
302 639 1.0
302 921 1.0
303 10 1.0
303 131 1.0
303 172 1.0
303 225 1.0
303 271 1.0
303 360 1.0
303 400 1.0
303 451 1.0
303 512 1.0
303 826 1.0
303 858 1.0
303 941 1.0
303 993 1.0
304 85 1.0
304 165 1.0
304 227 1.0
304 231 1.0
304 442 1.0
304 449 1.0
304 486 1.0
305 78 1.0
305 152 1.0
305 267 1.0
305 327 1.0
305 519 1.0
305 583 1.0
305 669 1.0
305 701 1.0
305 826 1.0
305 831 1.0
305 850 1.0
306 28 1.0
306 229 1.0
306 525 1.0
306 538 1.0
307 15 1.0
307 39 1.0
307 159 1.0
307 211 1.0
307 290 1.0
307 485 1.0
307 542 1.0
307 881 1.0
307 966 1.0
308 109 1.0
308 278 1.0
308 328 1.0
308 644 1.0
308 927 1.0
308 948 1.0
309 22 1.0
309 28 1.0
309 129 1.0
309 194 1.0
309 257 1.0
309 319 1.0
309 823 1.0
309 898 1.0
309 947 1.0
309 954 1.0
309 973 1.0
310 163 1.0
310 174 1.0
310 451 1.0
310 466 1.0
310 534 1.0
310 617 1.0
310 821 1.0
310 888 1.0
311 99 1.0
311 122 1.0
311 266 1.0
311 276 1.0
311 541 1.0
311 551 1.0
311 564 1.0
311 888 1.0
311 894 1.0
311 964 1.0
312 368 1.0
312 534 1.0
312 616 1.0
312 747 1.0
313 26 1.0
313 62 1.0
313 287 1.0
313 327 1.0
313 589 1.0
313 665 1.0
313 791 1.0
313 870 1.0
313 959 1.0
314 139 1.0
314 175 1.0
314 373 1.0
314 654 1.0
314 677 1.0
314 854 1.0
314 899 1.0
315 38 1.0
315 149 1.0
315 217 1.0
315 416 1.0
315 475 1.0
315 548 1.0
315 648 1.0
315 778 1.0
315 884 1.0
316 206 1.0
316 374 1.0
316 455 1.0
316 473 1.0
316 495 1.0
316 514 1.0
316 560 1.0
316 781 1.0
316 804 1.0
317 5 1.0
317 54 1.0
317 111 1.0
317 173 1.0
317 219 1.0
317 254 1.0
317 330 1.0
317 550 1.0
317 582 1.0
317 607 1.0
318 46 1.0
318 93 1.0
318 239 1.0
318 303 1.0
318 524 1.0
318 577 1.0
318 583 1.0
319 52 1.0
319 90 1.0
319 336 1.0
319 341 1.0
319 363 1.0
319 375 1.0
319 457 1.0
319 491 1.0
319 521 1.0
319 629 1.0
319 906 1.0
320 3 1.0
320 214 1.0
320 282 1.0
320 345 1.0
320 461 1.0
320 708 1.0
320 753 1.0
321 166 1.0
321 206 1.0
321 803 1.0
321 898 1.0
322 114 1.0
322 255 1.0
322 280 1.0
322 765 1.0
322 934 1.0
323 74 1.0
323 498 1.0
323 505 1.0
323 529 1.0
323 579 1.0
323 620 1.0
323 876 1.0
324 65 1.0
324 102 1.0
324 343 1.0
324 344 1.0
324 913 1.0
325 59 1.0
325 259 1.0
325 331 1.0
325 385 1.0
325 508 1.0
325 691 1.0
325 902 1.0
326 55 1.0
326 319 1.0
326 430 1.0
326 488 1.0
326 547 1.0
326 845 1.0
326 910 1.0
327 62 1.0
327 398 1.0
327 474 1.0
327 834 1.0
328 8 1.0
328 117 1.0
328 195 1.0
328 214 1.0
328 250 1.0
328 362 1.0
328 463 1.0
328 702 1.0
329 390 1.0
329 490 1.0
329 502 1.0
329 598 1.0
329 657 1.0
329 929 1.0
330 67 1.0
330 277 1.0
330 585 1.0
330 717 1.0
330 847 1.0
331 202 1.0
331 311 1.0
331 466 1.0
331 586 1.0
331 721 1.0
331 822 1.0
331 823 1.0
331 827 1.0
331 916 1.0
332 6 1.0
332 24 1.0
332 36 1.0
332 476 1.0
332 581 1.0
332 698 1.0
332 812 1.0
332 919 1.0
332 969 1.0
333 31 1.0
333 270 1.0
333 344 1.0
333 539 1.0
333 956 1.0
334 101 1.0
334 155 1.0
334 355 1.0
334 364 1.0
334 477 1.0
334 604 1.0
334 623 1.0
334 876 1.0
335 51 1.0
335 205 1.0
335 281 1.0
335 414 1.0
335 566 1.0
335 886 1.0
335 959 1.0
335 974 1.0
336 60 1.0
336 223 1.0
336 250 1.0
336 260 1.0
336 280 1.0
336 306 1.0
336 351 1.0
336 714 1.0
336 769 1.0
336 775 1.0
336 870 1.0
337 204 1.0
337 331 1.0
337 456 1.0
337 491 1.0
337 609 1.0
337 915 1.0
338 61 1.0
338 411 1.0
338 562 1.0
338 611 1.0
338 847 1.0
338 895 1.0
338 929 1.0
338 963 1.0
339 358 1.0
339 818 1.0
339 823 1.0
340 360 1.0
340 376 1.0
340 444 1.0
340 553 1.0
340 721 1.0
340 750 1.0
340 811 1.0
341 165 1.0
341 180 1.0
341 482 1.0
341 608 1.0
341 748 1.0
341 847 1.0
341 870 1.0
341 882 1.0
342 4 1.0
342 291 1.0
342 496 1.0
342 513 1.0
342 804 1.0
342 872 1.0
343 74 1.0
343 472 1.0
343 523 1.0
343 632 1.0
343 643 1.0
343 653 1.0
343 791 1.0
343 792 1.0
343 947 1.0
343 952 1.0
344 7 1.0
344 145 1.0
344 350 1.0
344 393 1.0
344 474 1.0
344 482 1.0
344 657 1.0
344 918 1.0
345 52 1.0
345 62 1.0
345 226 1.0
345 561 1.0
345 719 1.0
345 790 1.0
346 132 1.0
346 189 1.0
346 246 1.0
346 269 1.0
346 336 1.0
346 464 1.0
346 475 1.0
346 524 1.0
346 632 1.0
346 831 1.0
346 932 1.0
347 613 1.0
347 746 1.0
347 893 1.0
347 958 1.0
348 78 1.0
348 83 1.0
348 145 1.0
348 181 1.0
348 203 1.0
348 249 1.0
348 262 1.0
348 541 1.0
348 637 1.0
348 955 1.0
349 213 1.0
349 214 1.0
349 240 1.0
349 282 1.0
349 337 1.0
349 382 1.0
349 418 1.0
349 687 1.0
349 732 1.0
349 762 1.0
349 764 1.0
349 853 1.0
350 32 1.0
350 42 1.0
350 88 1.0
350 325 1.0
350 397 1.0
350 416 1.0
350 464 1.0
350 572 1.0
350 717 1.0
350 903 1.0
351 274 1.0
351 505 1.0
351 527 1.0
351 597 1.0
351 765 1.0
352 39 1.0
352 297 1.0
352 342 1.0
352 399 1.0
352 429 1.0
352 492 1.0
352 576 1.0
352 595 1.0
352 663 1.0
352 681 1.0
352 747 1.0
352 749 1.0
352 776 1.0
352 777 1.0
352 848 1.0
352 877 1.0
353 92 1.0
353 132 1.0
353 354 1.0
353 408 1.0
353 669 1.0
353 739 1.0
354 3 1.0
354 44 1.0
354 341 1.0
354 379 1.0
354 576 1.0
354 669 1.0
354 975 1.0
355 202 1.0
355 369 1.0
355 375 1.0
355 520 1.0
355 660 1.0
355 692 1.0
355 875 1.0
355 881 1.0
356 52 1.0
356 71 1.0
356 288 1.0
356 482 1.0
356 501 1.0
356 700 1.0
356 759 1.0
356 884 1.0
356 988 1.0
357 103 1.0
357 310 1.0
357 415 1.0
357 529 1.0
357 838 1.0
357 876 1.0
358 166 1.0
358 181 1.0
358 339 1.0
358 376 1.0
358 387 1.0
358 389 1.0
358 549 1.0
358 576 1.0
358 645 1.0
358 843 1.0
358 870 1.0
358 947 1.0
359 20 1.0
359 316 1.0
359 519 1.0
359 697 1.0
360 80 1.0
360 176 1.0
360 190 1.0
360 260 1.0
360 450 1.0
360 781 1.0
361 77 1.0
361 311 1.0
361 399 1.0
361 466 1.0
361 604 1.0
362 34 1.0
362 106 1.0
362 259 1.0
362 458 1.0
362 468 1.0
362 507 1.0
362 875 1.0
363 26 1.0
363 154 1.0
363 185 1.0
363 202 1.0
363 309 1.0
363 313 1.0
363 429 1.0
363 515 1.0
363 672 1.0
363 711 1.0
363 735 1.0
363 748 1.0
364 32 1.0
364 107 1.0
364 320 1.0
364 399 1.0
364 424 1.0
364 540 1.0
364 631 1.0
364 712 1.0
364 849 1.0
365 56 1.0
365 177 1.0
365 406 1.0
365 514 1.0
365 612 1.0
365 735 1.0
365 820 1.0
365 832 1.0
365 840 1.0
365 909 1.0
365 972 1.0
366 37 1.0
366 181 1.0
366 302 1.0
366 764 1.0
366 792 1.0
366 926 1.0
366 982 1.0
367 65 1.0
367 448 1.0
367 672 1.0
367 726 1.0
367 928 1.0
367 968 1.0
367 977 1.0
368 41 1.0
368 48 1.0
368 173 1.0
368 254 1.0
368 268 1.0
368 305 1.0
368 625 1.0
368 950 1.0
369 180 1.0
369 371 1.0
369 391 1.0
369 724 1.0
369 770 1.0
369 951 1.0
370 74 1.0
370 201 1.0
370 210 1.0
370 378 1.0
370 490 1.0
370 764 1.0
371 64 1.0
371 90 1.0
371 166 1.0
371 398 1.0
371 419 1.0
371 482 1.0
371 796 1.0
371 900 1.0
371 994 1.0
372 54 1.0
372 165 1.0
372 305 1.0
372 389 1.0
372 665 1.0
372 723 1.0
372 966 1.0
372 968 1.0
373 269 1.0
373 309 1.0
373 684 1.0
373 745 1.0
373 916 1.0
373 986 1.0
373 998 1.0
374 84 1.0
374 309 1.0
374 365 1.0
374 425 1.0
374 432 1.0
374 627 1.0
374 723 1.0
374 791 1.0
375 6 1.0
375 46 1.0
375 137 1.0
375 145 1.0
375 172 1.0
375 256 1.0
375 288 1.0
375 323 1.0
375 728 1.0
375 732 1.0
375 768 1.0
375 803 1.0
376 110 1.0
376 194 1.0
376 262 1.0
376 457 1.0
376 586 1.0
376 589 1.0
376 604 1.0
376 615 1.0
376 800 1.0
377 78 1.0
377 134 1.0
377 244 1.0
377 247 1.0
377 257 1.0
377 359 1.0
377 538 1.0
377 866 1.0
378 118 1.0
378 270 1.0
378 519 1.0
378 563 1.0
378 667 1.0
378 960 1.0
379 11 1.0
379 17 1.0
379 146 1.0
379 249 1.0
379 430 1.0
379 553 1.0
379 580 1.0
379 593 1.0
379 621 1.0
379 804 1.0
379 930 1.0
380 5 1.0
380 29 1.0
380 64 1.0
380 128 1.0
380 138 1.0
380 147 1.0
380 190 1.0
380 260 1.0
380 392 1.0
380 394 1.0
380 420 1.0
380 453 1.0
380 463 1.0
380 753 1.0
380 765 1.0
381 2 1.0
381 315 1.0
381 321 1.0
381 322 1.0
381 471 1.0
381 513 1.0
381 848 1.0
381 964 1.0
382 20 1.0
382 52 1.0
382 98 1.0
382 277 1.0
382 758 1.0
382 774 1.0
383 80 1.0
383 257 1.0
383 285 1.0
383 339 1.0
383 402 1.0
383 417 1.0
383 435 1.0
383 444 1.0
383 889 1.0
384 67 1.0
384 497 1.0
384 510 1.0
384 781 1.0
385 74 1.0
385 88 1.0
385 152 1.0
385 481 1.0
385 669 1.0
385 730 1.0
385 763 1.0
385 789 1.0
385 834 1.0
386 27 1.0
386 464 1.0
386 537 1.0
386 653 1.0
386 698 1.0
386 701 1.0
386 759 1.0
386 813 1.0
387 152 1.0
387 169 1.0
387 369 1.0
387 510 1.0
388 52 1.0
388 210 1.0
388 540 1.0
388 600 1.0
388 604 1.0
388 636 1.0
388 835 1.0
388 887 1.0
388 953 1.0
389 7 1.0
389 136 1.0
389 160 1.0
389 224 1.0
389 291 1.0
389 331 1.0
389 380 1.0
389 386 1.0
389 537 1.0
389 566 1.0
389 599 1.0
389 845 1.0
389 942 1.0
389 947 1.0
390 101 1.0
390 193 1.0
390 201 1.0
390 214 1.0
390 273 1.0
390 437 1.0
390 630 1.0
390 872 1.0
390 943 1.0
391 19 1.0
391 83 1.0
391 258 1.0
391 403 1.0
391 406 1.0
391 441 1.0
391 526 1.0
391 544 1.0
391 653 1.0
391 680 1.0
391 788 1.0
392 7 1.0
392 307 1.0
392 485 1.0
392 567 1.0
392 901 1.0
393 261 1.0
393 309 1.0
393 384 1.0
393 577 1.0
393 588 1.0
393 796 1.0
394 354 1.0
394 474 1.0
394 497 1.0
394 502 1.0
394 768 1.0
394 864 1.0
395 102 1.0
395 243 1.0
395 266 1.0
395 619 1.0
395 651 1.0
395 681 1.0
395 837 1.0
395 934 1.0
396 171 1.0
396 197 1.0
396 398 1.0
396 624 1.0
396 905 1.0
396 933 1.0
397 81 1.0
397 156 1.0
397 216 1.0
397 262 1.0
397 377 1.0
397 618 1.0
397 697 1.0
397 798 1.0
397 906 1.0
397 995 1.0
398 191 1.0
398 319 1.0
398 411 1.0
398 428 1.0
398 492 1.0
398 558 1.0
398 596 1.0
398 721 1.0
398 726 1.0
399 2 1.0
399 55 1.0
399 57 1.0
399 375 1.0
399 567 1.0
399 726 1.0
399 783 1.0
399 907 1.0
399 943 1.0
399 948 1.0
400 500 1.0
400 514 1.0
400 605 1.0
400 764 1.0
400 906 1.0
400 943 1.0
400 972 1.0
401 15 1.0
401 63 1.0
401 102 1.0
401 109 1.0
401 149 1.0
401 280 1.0
401 441 1.0
401 453 1.0
401 560 1.0
401 603 1.0
401 627 1.0
401 895 1.0
402 129 1.0
402 148 1.0
402 157 1.0
402 278 1.0
402 386 1.0
402 440 1.0
402 534 1.0
402 622 1.0
402 700 1.0
402 945 1.0
402 962 1.0
403 316 1.0
403 329 1.0
403 337 1.0
403 372 1.0
403 382 1.0
403 391 1.0
403 424 1.0
403 441 1.0
403 517 1.0
403 837 1.0
404 3 1.0
404 442 1.0
404 730 1.0
404 772 1.0
404 899 1.0
405 52 1.0
405 130 1.0
405 157 1.0
405 299 1.0
405 559 1.0
405 580 1.0
405 687 1.0
406 362 1.0
406 393 1.0
406 616 1.0
406 687 1.0
406 879 1.0
406 890 1.0
407 120 1.0
407 440 1.0
407 581 1.0
407 716 1.0
407 796 1.0
407 830 1.0
407 931 1.0
407 986 1.0
408 105 1.0
408 128 1.0
408 159 1.0
408 180 1.0
408 386 1.0
408 454 1.0
408 658 1.0
408 787 1.0
409 170 1.0
409 472 1.0
409 486 1.0
409 657 1.0
410 109 1.0
410 475 1.0
410 545 1.0
410 667 1.0
410 820 1.0
410 825 1.0
410 846 1.0
410 985 1.0
410 991 1.0
411 14 1.0
411 426 1.0
411 455 1.0
411 463 1.0
411 535 1.0
411 668 1.0
411 678 1.0
411 822 1.0
411 867 1.0
411 873 1.0
412 8 1.0
412 17 1.0
412 50 1.0
412 86 1.0
412 217 1.0
412 270 1.0
412 294 1.0
412 325 1.0
412 455 1.0
412 467 1.0
412 481 1.0
412 531 1.0
412 630 1.0
412 661 1.0
412 839 1.0
412 969 1.0
413 28 1.0
413 232 1.0
413 264 1.0
413 367 1.0
413 623 1.0
413 733 1.0
413 981 1.0
414 190 1.0
414 197 1.0
414 254 1.0
414 304 1.0
414 380 1.0
414 423 1.0
414 835 1.0
414 855 1.0
414 873 1.0
415 136 1.0
415 170 1.0
415 215 1.0
415 466 1.0
415 534 1.0
415 586 1.0
415 691 1.0
415 779 1.0
415 973 1.0
416 123 1.0
416 301 1.0
416 428 1.0
416 505 1.0
416 550 1.0
416 613 1.0
416 948 1.0
417 41 1.0
417 45 1.0
417 46 1.0
417 61 1.0
417 103 1.0
417 363 1.0
417 433 1.0
417 492 1.0
417 612 1.0
417 688 1.0
417 701 1.0
417 949 1.0
418 115 1.0
418 148 1.0
418 161 1.0
418 211 1.0
418 227 1.0
418 313 1.0
418 557 1.0
418 746 1.0
418 756 1.0
418 842 1.0
418 958 1.0
418 968 1.0
419 225 1.0
419 618 1.0
419 751 1.0
419 851 1.0
419 906 1.0
420 104 1.0
420 180 1.0
420 209 1.0
420 403 1.0
420 530 1.0
420 637 1.0
420 751 1.0
420 834 1.0
420 864 1.0
421 371 1.0
421 524 1.0
421 533 1.0
421 541 1.0
421 738 1.0
421 863 1.0
421 922 1.0
421 999 1.0
422 236 1.0
422 266 1.0
422 647 1.0
422 694 1.0
422 695 1.0
422 737 1.0
422 759 1.0
422 812 1.0
422 919 1.0
423 241 1.0
423 250 1.0
423 359 1.0
423 630 1.0
423 655 1.0
423 903 1.0
423 906 1.0
424 26 1.0
424 82 1.0
424 93 1.0
424 374 1.0
424 729 1.0
424 917 1.0
425 235 1.0
425 274 1.0
425 407 1.0
425 557 1.0
425 607 1.0
425 696 1.0
425 701 1.0
425 726 1.0
425 821 1.0
425 895 1.0
425 916 1.0
426 30 1.0
426 625 1.0
426 641 1.0
426 855 1.0
426 932 1.0
427 32 1.0
427 746 1.0
427 768 1.0
428 139 1.0
428 410 1.0
428 439 1.0
428 740 1.0
428 903 1.0
428 970 1.0
429 213 1.0
429 373 1.0
429 491 1.0
429 554 1.0
429 608 1.0
429 893 1.0
430 173 1.0
430 180 1.0
430 198 1.0
430 263 1.0
430 334 1.0
430 502 1.0
430 626 1.0
430 884 1.0
430 890 1.0
430 963 1.0
431 61 1.0
431 90 1.0
431 346 1.0
431 471 1.0
431 629 1.0
431 683 1.0
431 691 1.0
431 749 1.0
431 807 1.0
431 851 1.0
431 909 1.0
431 919 1.0
431 941 1.0
432 28 1.0
432 71 1.0
432 131 1.0
432 144 1.0
432 175 1.0
432 232 1.0
432 282 1.0
432 332 1.0
432 466 1.0
432 899 1.0
433 14 1.0
433 231 1.0
433 275 1.0
433 307 1.0
433 398 1.0
433 430 1.0
433 459 1.0
433 704 1.0
433 832 1.0
433 947 1.0
434 9 1.0
434 107 1.0
434 142 1.0
434 235 1.0
434 255 1.0
434 279 1.0
434 569 1.0
434 745 1.0
435 220 1.0
435 365 1.0
435 382 1.0
435 925 1.0
436 74 1.0
436 226 1.0
436 281 1.0
436 340 1.0
436 557 1.0
436 560 1.0
436 573 1.0
436 808 1.0
436 987 1.0
437 213 1.0
437 242 1.0
437 453 1.0
437 475 1.0
437 566 1.0
437 787 1.0
437 819 1.0
437 889 1.0
437 914 1.0
437 963 1.0
438 6 1.0
438 48 1.0
438 188 1.0
438 351 1.0
438 404 1.0
438 661 1.0
438 688 1.0
438 771 1.0
438 776 1.0
439 105 1.0
439 234 1.0
439 285 1.0
439 403 1.0
439 538 1.0
439 554 1.0
439 817 1.0
439 838 1.0
439 858 1.0
440 41 1.0
440 84 1.0
440 176 1.0
440 359 1.0
440 453 1.0
440 544 1.0
440 650 1.0
440 737 1.0
440 857 1.0
440 997 1.0
441 31 1.0
441 54 1.0
441 59 1.0
441 416 1.0
441 852 1.0
441 884 1.0
441 886 1.0
442 158 1.0
442 164 1.0
442 316 1.0
442 538 1.0
442 789 1.0
443 12 1.0
443 76 1.0
443 139 1.0
443 166 1.0
443 371 1.0
443 498 1.0
443 713 1.0
443 922 1.0
444 58 1.0
444 350 1.0
444 413 1.0
444 499 1.0
444 541 1.0
444 581 1.0
444 855 1.0
445 265 1.0
445 379 1.0
445 598 1.0
445 728 1.0
445 793 1.0
445 993 1.0
446 400 1.0
446 513 1.0
446 562 1.0
446 697 1.0
446 796 1.0
446 883 1.0
447 127 1.0
447 299 1.0
447 427 1.0
448 118 1.0
448 197 1.0
448 241 1.0
448 249 1.0
448 267 1.0
448 428 1.0
448 595 1.0
448 673 1.0
448 807 1.0
448 823 1.0
448 831 1.0
449 256 1.0
449 279 1.0
449 614 1.0
449 760 1.0
450 0 1.0
450 183 1.0
450 340 1.0
450 341 1.0
450 463 1.0
451 121 1.0
451 501 1.0
451 535 1.0
451 537 1.0
451 709 1.0
451 729 1.0
451 926 1.0
452 271 1.0
452 305 1.0
452 340 1.0
452 528 1.0
452 735 1.0
452 800 1.0
452 880 1.0
452 887 1.0
452 916 1.0
452 930 1.0
453 106 1.0
453 223 1.0
453 673 1.0
453 711 1.0
453 874 1.0
453 876 1.0
453 956 1.0
454 29 1.0
454 70 1.0
454 79 1.0
454 117 1.0
454 150 1.0
454 470 1.0
454 478 1.0
454 509 1.0
454 561 1.0
454 655 1.0
454 675 1.0
454 798 1.0
454 868 1.0
454 996 1.0
455 33 1.0
455 194 1.0
455 212 1.0
455 526 1.0
455 722 1.0
455 779 1.0
455 813 1.0
455 854 1.0
456 325 1.0
456 633 1.0
456 696 1.0
456 742 1.0
457 221 1.0
457 239 1.0
457 262 1.0
457 298 1.0
457 382 1.0
457 509 1.0
457 522 1.0
457 534 1.0
457 582 1.0
457 594 1.0
457 687 1.0
457 700 1.0
457 743 1.0
458 176 1.0
458 183 1.0
458 456 1.0
458 473 1.0
458 543 1.0
458 593 1.0
458 854 1.0
459 158 1.0
459 283 1.0
459 770 1.0
460 61 1.0
460 82 1.0
460 119 1.0
460 161 1.0
460 211 1.0
460 268 1.0
460 274 1.0
460 445 1.0
460 582 1.0
460 812 1.0
460 841 1.0
460 858 1.0
460 865 1.0
461 22 1.0
461 33 1.0
461 49 1.0
461 64 1.0
461 315 1.0
461 351 1.0
461 689 1.0
461 774 1.0
461 784 1.0
462 44 1.0
462 298 1.0
462 424 1.0
462 508 1.0
462 570 1.0
462 830 1.0
462 843 1.0
462 942 1.0
463 110 1.0
463 290 1.0
463 464 1.0
463 583 1.0
463 588 1.0
463 653 1.0
464 165 1.0
464 183 1.0
464 229 1.0
464 469 1.0
464 744 1.0
465 58 1.0
465 293 1.0
465 339 1.0
465 400 1.0
465 421 1.0
465 509 1.0
465 654 1.0
465 767 1.0
465 815 1.0
465 821 1.0
465 945 1.0
466 10 1.0
466 142 1.0
466 274 1.0
466 315 1.0
466 531 1.0
466 793 1.0
466 930 1.0
467 106 1.0
467 358 1.0
467 462 1.0
467 474 1.0
467 599 1.0
467 738 1.0
467 778 1.0
467 841 1.0
467 952 1.0
468 19 1.0
468 196 1.0
468 229 1.0
468 391 1.0
468 574 1.0
468 601 1.0
468 699 1.0
468 712 1.0
468 792 1.0
469 112 1.0
469 228 1.0
469 595 1.0
469 668 1.0
469 695 1.0
469 729 1.0
469 816 1.0
469 870 1.0
469 924 1.0
470 112 1.0
470 649 1.0
470 700 1.0
470 797 1.0
470 847 1.0
471 8 1.0
471 195 1.0
471 294 1.0
471 423 1.0
471 655 1.0
471 840 1.0
472 463 1.0
472 542 1.0
472 732 1.0
472 898 1.0
473 26 1.0
473 60 1.0
473 131 1.0
473 191 1.0
473 414 1.0
473 848 1.0
473 913 1.0
473 939 1.0
474 138 1.0
474 178 1.0
474 296 1.0
474 351 1.0
474 596 1.0
474 785 1.0
474 854 1.0
474 901 1.0
474 905 1.0
475 73 1.0
475 119 1.0
475 218 1.0
475 229 1.0
475 388 1.0
475 559 1.0
475 671 1.0
476 86 1.0
476 192 1.0
476 204 1.0
476 225 1.0
476 229 1.0
476 393 1.0
476 433 1.0
476 490 1.0
476 548 1.0
476 852 1.0
477 91 1.0
477 282 1.0
477 292 1.0
477 432 1.0
477 494 1.0
477 495 1.0
478 30 1.0
478 116 1.0
478 202 1.0
478 219 1.0
478 443 1.0
478 476 1.0
478 545 1.0
478 570 1.0
478 622 1.0
478 634 1.0
478 650 1.0
478 746 1.0
478 855 1.0
478 873 1.0
478 890 1.0
479 41 1.0
479 140 1.0
479 179 1.0
479 184 1.0
479 266 1.0
479 375 1.0
479 461 1.0
479 694 1.0
479 769 1.0
479 838 1.0
480 56 1.0
480 272 1.0
480 530 1.0
480 609 1.0
480 759 1.0
480 773 1.0
481 78 1.0
481 154 1.0
481 286 1.0
481 327 1.0
481 520 1.0
481 522 1.0
481 524 1.0
481 580 1.0
481 601 1.0
481 654 1.0
481 948 1.0
482 40 1.0
482 198 1.0
482 244 1.0
482 579 1.0
482 602 1.0
483 25 1.0
483 26 1.0
483 141 1.0
483 167 1.0
483 455 1.0
483 592 1.0
483 844 1.0
483 989 1.0
484 189 1.0
484 262 1.0
484 468 1.0
484 567 1.0
484 605 1.0
484 775 1.0
485 72 1.0
485 211 1.0
485 443 1.0
485 737 1.0
485 773 1.0
485 785 1.0
486 143 1.0
486 375 1.0
486 396 1.0
486 422 1.0
486 615 1.0
486 811 1.0
486 862 1.0
486 897 1.0
486 926 1.0
486 929 1.0
487 494 1.0
487 566 1.0
487 646 1.0
487 667 1.0
487 934 1.0
488 466 1.0
488 569 1.0
488 642 1.0
488 681 1.0
488 780 1.0
488 842 1.0
489 44 1.0
489 256 1.0
489 275 1.0
489 396 1.0
489 421 1.0
489 571 1.0
489 678 1.0
489 693 1.0
489 823 1.0
489 922 1.0
490 84 1.0
490 334 1.0
490 457 1.0
490 549 1.0
490 872 1.0
491 121 1.0
491 260 1.0
491 284 1.0
491 788 1.0
491 871 1.0
491 930 1.0
492 295 1.0
492 588 1.0
492 606 1.0
492 668 1.0
492 721 1.0
492 883 1.0
493 61 1.0
493 160 1.0
493 296 1.0
493 568 1.0
493 574 1.0
493 629 1.0
493 832 1.0
494 115 1.0
494 128 1.0
494 133 1.0
494 161 1.0
494 352 1.0
494 437 1.0
494 481 1.0
494 530 1.0
494 733 1.0
494 765 1.0
494 852 1.0
494 870 1.0
494 961 1.0
495 105 1.0
495 155 1.0
495 280 1.0
495 555 1.0
495 615 1.0
495 689 1.0
495 803 1.0
495 930 1.0
496 57 1.0
496 131 1.0
496 268 1.0
496 289 1.0
496 522 1.0
496 680 1.0
496 718 1.0
496 744 1.0
496 889 1.0
497 60 1.0
497 72 1.0
497 105 1.0
497 362 1.0
497 365 1.0
497 436 1.0
497 456 1.0
497 467 1.0
497 531 1.0
498 89 1.0
498 360 1.0
498 396 1.0
498 459 1.0
498 707 1.0
498 718 1.0
498 819 1.0
499 143 1.0
499 203 1.0
499 576 1.0
499 699 1.0
500 8 1.0
500 39 1.0
500 46 1.0
500 348 1.0
500 476 1.0
500 517 1.0
500 578 1.0
500 596 1.0
500 621 1.0
500 647 1.0
500 683 1.0
500 807 1.0
500 909 1.0
501 25 1.0
501 177 1.0
501 214 1.0
501 381 1.0
501 553 1.0
501 607 1.0
501 901 1.0
502 109 1.0
502 139 1.0
502 201 1.0
502 230 1.0
502 254 1.0
502 303 1.0
502 443 1.0
502 616 1.0
502 656 1.0
502 881 1.0
502 930 1.0
503 167 1.0
503 410 1.0
504 192 1.0
504 213 1.0
504 586 1.0
504 930 1.0
505 92 1.0
505 151 1.0
505 158 1.0
505 561 1.0
505 711 1.0
505 774 1.0
505 840 1.0
506 10 1.0
506 38 1.0
506 310 1.0
506 392 1.0
506 469 1.0
506 559 1.0
506 591 1.0
506 615 1.0
506 826 1.0
506 914 1.0
507 186 1.0
507 592 1.0
507 681 1.0
507 804 1.0
507 875 1.0
508 90 1.0
508 250 1.0
508 434 1.0
508 671 1.0
508 706 1.0
508 894 1.0
508 942 1.0
509 4 1.0
509 193 1.0
509 213 1.0
509 222 1.0
509 338 1.0
509 377 1.0
509 766 1.0
509 970 1.0
510 239 1.0
510 242 1.0
510 288 1.0
510 436 1.0
510 546 1.0
510 606 1.0
510 712 1.0
510 813 1.0
510 828 1.0
510 865 1.0
510 928 1.0
511 123 1.0
511 128 1.0
511 509 1.0
511 706 1.0
511 712 1.0
512 34 1.0
512 76 1.0
512 226 1.0
512 306 1.0
512 378 1.0
512 444 1.0
512 456 1.0
512 598 1.0
512 610 1.0
512 619 1.0
512 952 1.0
512 970 1.0
512 981 1.0
513 295 1.0
513 330 1.0
513 459 1.0
513 515 1.0
513 551 1.0
513 821 1.0
513 954 1.0
513 989 1.0
513 991 1.0
514 23 1.0
514 257 1.0
514 399 1.0
514 501 1.0
514 517 1.0
514 541 1.0
514 596 1.0
514 816 1.0
514 918 1.0
515 76 1.0
515 251 1.0
515 301 1.0
515 311 1.0
515 453 1.0
515 474 1.0
515 483 1.0
515 486 1.0
515 602 1.0
516 24 1.0
516 126 1.0
516 184 1.0
516 238 1.0
516 467 1.0
516 755 1.0
516 815 1.0
516 863 1.0
516 922 1.0
516 941 1.0
517 132 1.0
517 170 1.0
517 215 1.0
517 230 1.0
517 269 1.0
517 379 1.0
517 510 1.0
517 555 1.0
517 785 1.0
518 192 1.0
518 219 1.0
518 331 1.0
518 340 1.0
518 428 1.0
518 635 1.0
518 650 1.0
518 754 1.0
518 935 1.0
518 997 1.0
519 103 1.0
519 250 1.0
519 285 1.0
519 310 1.0
519 548 1.0
519 770 1.0
519 979 1.0
520 216 1.0
520 263 1.0
520 662 1.0
520 815 1.0
521 162 1.0
521 195 1.0
521 343 1.0
521 426 1.0
521 701 1.0
521 759 1.0
522 36 1.0
522 60 1.0
522 138 1.0
522 321 1.0
522 369 1.0
522 616 1.0
523 347 1.0
523 401 1.0
523 464 1.0
523 557 1.0
523 982 1.0
523 984 1.0
523 990 1.0
524 62 1.0
524 69 1.0
524 192 1.0
524 291 1.0
524 312 1.0
524 471 1.0
524 496 1.0
524 698 1.0
524 702 1.0
524 718 1.0
524 768 1.0
525 46 1.0
525 119 1.0
525 282 1.0
525 330 1.0
525 410 1.0
525 419 1.0
525 545 1.0
525 644 1.0
525 777 1.0
525 949 1.0
525 992 1.0
526 64 1.0
526 125 1.0
526 272 1.0
526 319 1.0
526 374 1.0
526 470 1.0
526 564 1.0
526 578 1.0
526 691 1.0
526 845 1.0
526 920 1.0
526 925 1.0
526 936 1.0
526 972 1.0
527 112 1.0
527 247 1.0
527 309 1.0
527 392 1.0
527 484 1.0
527 538 1.0
527 717 1.0
527 731 1.0
527 761 1.0
527 920 1.0
528 512 1.0
528 525 1.0
528 579 1.0
528 714 1.0
528 786 1.0
529 17 1.0
529 165 1.0
529 240 1.0
529 284 1.0
529 978 1.0
530 455 1.0
530 669 1.0
530 725 1.0
530 727 1.0
530 773 1.0
530 824 1.0
530 826 1.0
530 914 1.0
531 7 1.0
531 99 1.0
531 204 1.0
531 326 1.0
531 348 1.0
531 642 1.0
531 948 1.0
532 123 1.0
532 250 1.0
532 369 1.0
532 475 1.0
532 715 1.0
532 838 1.0
532 988 1.0
533 25 1.0
533 118 1.0
533 250 1.0
533 278 1.0
533 538 1.0
533 547 1.0
533 618 1.0
533 929 1.0
534 333 1.0
534 430 1.0
534 452 1.0
534 613 1.0
534 615 1.0
534 629 1.0
534 745 1.0
534 819 1.0
534 899 1.0
535 57 1.0
535 117 1.0
535 270 1.0
535 424 1.0
535 549 1.0
535 571 1.0
535 640 1.0
535 791 1.0
535 899 1.0
536 10 1.0
536 138 1.0
536 232 1.0
536 408 1.0
536 448 1.0
536 506 1.0
536 540 1.0
536 832 1.0
536 855 1.0
536 863 1.0
536 917 1.0
536 956 1.0
536 999 1.0
537 15 1.0
537 182 1.0
537 228 1.0
537 247 1.0
537 479 1.0
537 604 1.0
537 674 1.0
538 30 1.0
538 58 1.0
538 191 1.0
538 269 1.0
538 372 1.0
538 453 1.0
538 475 1.0
538 732 1.0
538 916 1.0
539 129 1.0
539 171 1.0
539 338 1.0
539 382 1.0
539 393 1.0
539 432 1.0
539 465 1.0
539 510 1.0
539 586 1.0
539 652 1.0
539 734 1.0
539 764 1.0
539 884 1.0
540 114 1.0
540 132 1.0
540 328 1.0
540 671 1.0
540 799 1.0
540 819 1.0
540 871 1.0
541 193 1.0
541 406 1.0
541 407 1.0
541 563 1.0
541 623 1.0
541 754 1.0
541 945 1.0
542 78 1.0
542 112 1.0
542 239 1.0
542 295 1.0
542 354 1.0
542 455 1.0
542 825 1.0
542 837 1.0
543 46 1.0
543 359 1.0
543 452 1.0
543 514 1.0
543 555 1.0
543 647 1.0
543 652 1.0
543 680 1.0
543 757 1.0
543 868 1.0
543 892 1.0
543 947 1.0
544 12 1.0
544 259 1.0
544 260 1.0
544 375 1.0
544 633 1.0
544 971 1.0
545 382 1.0
545 451 1.0
545 578 1.0
545 873 1.0
546 74 1.0
546 234 1.0
546 282 1.0
546 536 1.0
546 597 1.0
546 600 1.0
546 640 1.0
546 893 1.0
547 265 1.0
547 878 1.0
548 1 1.0
548 134 1.0
548 391 1.0
548 420 1.0
548 564 1.0
548 649 1.0
548 832 1.0
548 840 1.0
548 949 1.0
549 102 1.0
549 506 1.0
549 542 1.0
549 610 1.0
549 669 1.0
549 765 1.0
549 818 1.0
549 979 1.0
550 83 1.0
550 229 1.0
550 297 1.0
550 444 1.0
550 570 1.0
550 674 1.0
550 686 1.0
550 769 1.0
550 775 1.0
550 976 1.0
550 978 1.0
551 101 1.0
551 349 1.0
551 642 1.0
551 676 1.0
551 773 1.0
551 992 1.0
552 68 1.0
552 72 1.0
552 105 1.0
552 128 1.0
552 135 1.0
552 850 1.0
552 915 1.0
553 92 1.0
553 167 1.0
553 313 1.0
553 349 1.0
553 396 1.0
553 665 1.0
553 827 1.0
554 74 1.0
554 149 1.0
554 209 1.0
554 230 1.0
554 233 1.0
554 574 1.0
554 729 1.0
554 862 1.0
554 878 1.0
555 120 1.0
555 172 1.0
555 260 1.0
555 652 1.0
555 967 1.0
556 353 1.0
556 385 1.0
556 782 1.0
556 806 1.0
557 23 1.0
557 154 1.0
557 229 1.0
557 244 1.0
557 441 1.0
557 520 1.0
557 678 1.0
557 729 1.0
557 850 1.0
558 22 1.0
558 154 1.0
558 263 1.0
558 355 1.0
558 443 1.0
558 461 1.0
558 462 1.0
558 694 1.0
559 224 1.0
559 258 1.0
559 278 1.0
559 668 1.0
559 732 1.0
559 812 1.0
559 872 1.0
560 17 1.0
560 274 1.0
560 368 1.0
560 371 1.0
560 383 1.0
560 391 1.0
560 421 1.0
560 422 1.0
560 548 1.0
560 645 1.0
560 721 1.0
560 961 1.0
561 241 1.0
561 276 1.0
561 450 1.0
561 536 1.0
561 587 1.0
561 733 1.0
561 735 1.0
561 820 1.0
561 846 1.0
561 853 1.0
561 931 1.0
562 57 1.0
562 345 1.0
562 394 1.0
562 407 1.0
562 536 1.0
562 626 1.0
562 797 1.0
562 961 1.0
562 962 1.0
562 980 1.0
563 181 1.0
563 182 1.0
563 374 1.0
563 519 1.0
563 589 1.0
563 609 1.0
563 631 1.0
563 726 1.0
563 883 1.0
563 944 1.0
564 99 1.0
564 845 1.0
564 921 1.0
565 13 1.0
565 202 1.0
565 430 1.0
565 484 1.0
565 508 1.0
565 550 1.0
565 633 1.0
565 638 1.0
565 668 1.0
565 882 1.0
566 3 1.0
566 85 1.0
566 126 1.0
566 147 1.0
566 217 1.0
566 253 1.0
566 545 1.0
566 581 1.0
566 725 1.0
566 776 1.0
567 36 1.0
567 66 1.0
567 239 1.0
567 280 1.0
567 472 1.0
568 171 1.0
568 361 1.0
568 383 1.0
568 452 1.0
568 462 1.0
568 546 1.0
568 660 1.0
568 807 1.0
568 848 1.0
568 970 1.0
568 984 1.0
569 89 1.0
569 102 1.0
569 244 1.0
569 248 1.0
569 457 1.0
569 461 1.0
569 625 1.0
569 943 1.0
570 233 1.0
570 375 1.0
570 560 1.0
570 605 1.0
570 756 1.0
570 860 1.0
570 980 1.0
571 40 1.0
571 222 1.0
571 305 1.0
571 958 1.0
572 109 1.0
572 213 1.0
572 526 1.0
572 771 1.0
572 916 1.0
572 942 1.0
573 36 1.0
573 159 1.0
573 167 1.0
573 350 1.0
573 491 1.0
573 729 1.0
573 743 1.0
573 745 1.0
573 785 1.0
574 77 1.0
574 79 1.0
574 387 1.0
574 535 1.0
574 580 1.0
574 737 1.0
574 980 1.0
575 45 1.0
575 192 1.0
575 246 1.0
575 442 1.0
575 450 1.0
575 537 1.0
575 648 1.0
575 810 1.0
576 131 1.0
576 133 1.0
576 334 1.0
576 378 1.0
576 572 1.0
576 586 1.0
576 706 1.0
576 816 1.0
576 873 1.0
576 880 1.0
576 904 1.0
577 10 1.0
577 61 1.0
577 94 1.0
577 161 1.0
577 176 1.0
577 362 1.0
577 371 1.0
577 570 1.0
577 675 1.0
577 715 1.0
577 723 1.0
577 735 1.0
578 106 1.0
578 271 1.0
578 339 1.0
578 428 1.0
578 920 1.0
579 65 1.0
579 128 1.0
579 183 1.0
579 457 1.0
579 544 1.0
579 790 1.0
579 799 1.0
579 837 1.0
579 853 1.0
579 855 1.0
580 123 1.0
580 296 1.0
580 536 1.0
580 600 1.0
580 676 1.0
580 818 1.0
580 846 1.0
580 978 1.0
580 991 1.0
581 160 1.0
581 191 1.0
581 418 1.0
581 799 1.0
582 31 1.0
582 40 1.0
582 44 1.0
582 93 1.0
582 500 1.0
582 561 1.0
582 597 1.0
582 601 1.0
582 651 1.0
582 778 1.0
582 875 1.0
582 945 1.0
583 9 1.0
583 78 1.0
583 386 1.0
583 553 1.0
583 685 1.0
583 868 1.0
583 869 1.0
583 955 1.0
583 982 1.0
583 990 1.0
584 15 1.0
584 236 1.0
584 410 1.0
584 644 1.0
584 757 1.0
584 848 1.0
584 983 1.0
585 48 1.0
585 151 1.0
585 229 1.0
585 292 1.0
585 601 1.0
585 612 1.0
585 613 1.0
585 726 1.0
585 777 1.0
585 842 1.0
585 934 1.0
586 355 1.0
586 469 1.0
587 78 1.0
587 108 1.0
587 184 1.0
587 226 1.0
587 227 1.0
587 235 1.0
587 319 1.0
587 337 1.0
587 450 1.0
587 508 1.0
587 517 1.0
587 532 1.0
587 600 1.0
587 826 1.0
588 151 1.0
588 278 1.0
588 306 1.0
588 367 1.0
588 435 1.0
588 479 1.0
588 819 1.0
588 828 1.0
588 850 1.0
588 900 1.0
588 958 1.0
589 42 1.0
589 172 1.0
589 175 1.0
589 254 1.0
589 413 1.0
589 446 1.0
589 479 1.0
589 547 1.0
589 596 1.0
589 663 1.0
589 675 1.0
589 990 1.0
590 36 1.0
590 194 1.0
590 221 1.0
590 256 1.0
590 272 1.0
590 626 1.0
590 680 1.0
590 696 1.0
590 710 1.0
590 711 1.0
590 984 1.0
591 74 1.0
591 113 1.0
591 204 1.0
591 306 1.0
591 318 1.0
591 374 1.0
591 410 1.0
591 421 1.0
591 468 1.0
591 513 1.0
591 518 1.0
591 542 1.0
591 548 1.0
591 561 1.0
591 620 1.0
591 861 1.0
591 989 1.0
592 143 1.0
592 164 1.0
592 239 1.0
592 383 1.0
592 533 1.0
592 636 1.0
592 950 1.0
593 243 1.0
593 287 1.0
593 371 1.0
593 464 1.0
593 767 1.0
593 841 1.0
593 886 1.0
593 948 1.0
594 101 1.0
594 169 1.0
594 213 1.0
594 235 1.0
594 400 1.0
594 624 1.0
594 702 1.0
594 762 1.0
594 776 1.0
595 104 1.0
595 105 1.0
595 128 1.0
595 162 1.0
595 277 1.0
595 313 1.0
595 537 1.0
595 564 1.0
595 695 1.0
595 990 1.0
596 4 1.0
596 16 1.0
596 61 1.0
596 112 1.0
596 268 1.0
596 491 1.0
596 532 1.0
596 537 1.0
596 625 1.0
596 845 1.0
596 898 1.0
597 92 1.0
597 915 1.0
597 923 1.0
598 22 1.0
598 91 1.0
598 325 1.0
598 346 1.0
598 446 1.0
598 503 1.0
598 624 1.0
598 768 1.0
599 104 1.0
599 130 1.0
599 348 1.0
599 453 1.0
599 708 1.0
599 767 1.0
599 916 1.0
599 917 1.0
600 14 1.0
600 36 1.0
600 267 1.0
600 422 1.0
600 451 1.0
600 584 1.0
600 648 1.0
600 741 1.0
600 879 1.0
600 903 1.0
600 943 1.0
601 7 1.0
601 230 1.0
601 348 1.0
601 404 1.0
601 427 1.0
601 449 1.0
601 795 1.0
601 929 1.0
601 973 1.0
602 349 1.0
602 462 1.0
602 568 1.0
602 580 1.0
602 588 1.0
602 623 1.0
602 778 1.0
602 845 1.0
603 142 1.0
603 155 1.0
603 296 1.0
603 338 1.0
603 395 1.0
603 442 1.0
603 512 1.0
603 583 1.0
603 611 1.0
603 635 1.0
603 697 1.0
603 892 1.0
603 949 1.0
603 990 1.0
604 190 1.0
604 380 1.0
604 410 1.0
604 471 1.0
604 494 1.0
604 602 1.0
604 776 1.0
604 785 1.0
604 814 1.0
604 827 1.0
604 864 1.0
604 914 1.0
604 961 1.0
605 160 1.0
605 185 1.0
605 311 1.0
605 535 1.0
605 561 1.0
605 583 1.0
605 686 1.0
605 803 1.0
605 847 1.0
606 342 1.0
606 352 1.0
606 358 1.0
606 501 1.0
606 701 1.0
606 912 1.0
607 5 1.0
607 21 1.0
607 87 1.0
607 396 1.0
607 475 1.0
607 487 1.0
607 625 1.0
607 926 1.0
608 158 1.0
608 285 1.0
608 441 1.0
608 513 1.0
608 517 1.0
608 538 1.0
608 693 1.0
608 698 1.0
608 735 1.0
609 421 1.0
609 815 1.0
609 890 1.0
609 980 1.0
610 349 1.0
610 644 1.0
610 661 1.0
610 851 1.0
610 904 1.0
610 931 1.0
611 111 1.0
611 153 1.0
611 171 1.0
611 202 1.0
611 761 1.0
612 107 1.0
612 381 1.0
612 402 1.0
612 563 1.0
612 600 1.0
612 607 1.0
612 641 1.0
612 776 1.0
613 87 1.0
613 385 1.0
613 418 1.0
613 447 1.0
613 545 1.0
613 669 1.0
613 722 1.0
613 755 1.0
613 900 1.0
614 269 1.0
614 553 1.0
614 757 1.0
615 44 1.0
615 121 1.0
615 198 1.0
615 691 1.0
615 782 1.0
615 861 1.0
616 161 1.0
616 185 1.0
616 190 1.0
616 216 1.0
616 290 1.0
616 539 1.0
616 581 1.0
616 601 1.0
616 653 1.0
616 788 1.0
616 891 1.0
616 897 1.0
617 32 1.0
617 514 1.0
617 547 1.0
617 750 1.0
617 753 1.0
617 771 1.0
617 968 1.0
618 45 1.0
618 131 1.0
618 174 1.0
618 359 1.0
618 444 1.0
618 549 1.0
618 588 1.0
618 631 1.0
618 802 1.0
618 821 1.0
619 21 1.0
619 38 1.0
619 64 1.0
619 258 1.0
619 348 1.0
619 368 1.0
619 464 1.0
619 556 1.0
619 667 1.0
619 787 1.0
620 19 1.0
620 91 1.0
620 154 1.0
620 218 1.0
620 685 1.0
620 765 1.0
620 784 1.0
620 807 1.0
621 197 1.0
621 352 1.0
621 404 1.0
621 485 1.0
622 48 1.0
622 193 1.0
622 252 1.0
622 314 1.0
622 359 1.0
622 377 1.0
622 452 1.0
622 635 1.0
622 696 1.0
623 142 1.0
623 519 1.0
623 593 1.0
623 624 1.0
623 830 1.0
623 898 1.0
624 7 1.0
624 9 1.0
624 193 1.0
624 260 1.0
624 435 1.0
624 510 1.0
624 638 1.0
624 765 1.0
624 854 1.0
625 260 1.0
625 332 1.0
625 346 1.0
625 370 1.0
625 408 1.0
625 543 1.0
625 580 1.0
625 816 1.0
625 841 1.0
625 847 1.0
625 955 1.0
626 14 1.0
626 72 1.0
626 78 1.0
626 209 1.0
626 449 1.0
626 484 1.0
626 507 1.0
626 547 1.0
626 639 1.0
626 838 1.0
627 318 1.0
627 528 1.0
627 810 1.0
627 948 1.0
627 959 1.0
628 477 1.0
628 637 1.0
628 932 1.0
629 186 1.0
629 202 1.0
629 218 1.0
629 276 1.0
629 455 1.0
629 480 1.0
629 485 1.0
629 665 1.0
629 687 1.0
629 851 1.0
630 128 1.0
630 437 1.0
630 748 1.0
630 807 1.0
630 824 1.0
630 829 1.0
630 857 1.0
631 39 1.0
631 86 1.0
631 109 1.0
631 135 1.0
631 143 1.0
631 213 1.0
631 233 1.0
631 367 1.0
631 561 1.0
631 563 1.0
631 611 1.0
631 903 1.0
632 180 1.0
632 213 1.0
632 413 1.0
632 491 1.0
632 654 1.0
632 764 1.0
632 802 1.0
632 877 1.0
633 153 1.0
633 178 1.0
633 406 1.0
633 644 1.0
633 652 1.0
633 659 1.0
633 946 1.0
634 144 1.0
634 148 1.0
634 242 1.0
634 254 1.0
634 312 1.0
634 516 1.0
634 749 1.0
634 923 1.0
635 72 1.0
635 191 1.0
635 192 1.0
635 453 1.0
635 580 1.0
635 616 1.0
635 837 1.0
635 930 1.0
636 97 1.0
636 210 1.0
636 847 1.0
636 897 1.0
636 960 1.0
636 977 1.0
637 3 1.0
637 196 1.0
637 248 1.0
637 260 1.0
637 459 1.0
637 716 1.0
637 757 1.0
637 825 1.0
638 262 1.0
638 348 1.0
638 395 1.0
638 425 1.0
638 828 1.0
638 882 1.0
638 896 1.0
638 918 1.0
639 50 1.0
639 75 1.0
639 113 1.0
639 116 1.0
639 131 1.0
639 218 1.0
640 32 1.0
640 363 1.0
640 390 1.0
640 519 1.0
640 806 1.0
640 941 1.0
641 7 1.0
641 166 1.0
641 172 1.0
641 252 1.0
641 332 1.0
641 353 1.0
641 371 1.0
641 602 1.0
641 627 1.0
641 819 1.0
641 925 1.0
641 929 1.0
641 994 1.0
642 232 1.0
642 273 1.0
642 295 1.0
642 410 1.0
642 623 1.0
642 846 1.0
642 918 1.0
642 920 1.0
642 945 1.0
643 25 1.0
643 107 1.0
643 291 1.0
643 319 1.0
643 348 1.0
643 351 1.0
643 361 1.0
643 394 1.0
643 478 1.0
643 964 1.0
644 123 1.0
644 200 1.0
644 256 1.0
644 367 1.0
644 371 1.0
644 458 1.0
644 716 1.0
644 894 1.0
644 895 1.0
644 916 1.0
645 12 1.0
645 566 1.0
645 569 1.0
645 591 1.0
646 88 1.0
646 140 1.0
646 182 1.0
646 308 1.0
646 314 1.0
646 320 1.0
646 358 1.0
646 433 1.0
646 511 1.0
646 614 1.0
646 745 1.0
646 859 1.0
646 993 1.0
647 33 1.0
647 139 1.0
647 160 1.0
647 297 1.0
647 622 1.0
647 644 1.0
647 721 1.0
647 729 1.0
647 807 1.0
647 901 1.0
647 916 1.0
648 24 1.0
648 51 1.0
648 204 1.0
648 528 1.0
649 101 1.0
649 103 1.0
649 478 1.0
649 523 1.0
649 529 1.0
649 833 1.0
649 934 1.0
650 48 1.0
650 271 1.0
650 332 1.0
650 376 1.0
650 384 1.0
650 638 1.0
650 669 1.0
651 471 1.0
651 493 1.0
651 592 1.0
651 618 1.0
651 733 1.0
651 977 1.0
652 37 1.0
652 725 1.0
652 831 1.0
652 988 1.0
653 266 1.0
653 293 1.0
653 294 1.0
653 358 1.0
653 478 1.0
653 927 1.0
653 938 1.0
654 290 1.0
654 335 1.0
654 370 1.0
654 382 1.0
654 436 1.0
654 464 1.0
654 537 1.0
654 621 1.0
654 647 1.0
654 676 1.0
654 767 1.0
654 804 1.0
654 950 1.0
655 111 1.0
655 243 1.0
655 285 1.0
655 341 1.0
655 363 1.0
655 541 1.0
655 581 1.0
655 585 1.0
655 676 1.0
655 798 1.0
655 839 1.0
655 905 1.0
655 917 1.0
655 948 1.0
656 738 1.0
656 808 1.0
656 925 1.0
657 75 1.0
657 234 1.0
657 304 1.0
657 319 1.0
658 417 1.0
658 422 1.0
658 468 1.0
658 524 1.0
658 536 1.0
658 584 1.0
658 693 1.0
658 936 1.0
658 942 1.0
659 594 1.0
659 622 1.0
659 674 1.0
659 702 1.0
659 734 1.0
659 747 1.0
659 819 1.0
660 230 1.0
660 249 1.0
660 264 1.0
660 295 1.0
660 603 1.0
660 643 1.0
660 653 1.0
660 692 1.0
660 694 1.0
660 725 1.0
660 879 1.0
661 193 1.0
661 234 1.0
661 240 1.0
661 293 1.0
661 544 1.0
661 791 1.0
662 79 1.0
662 107 1.0
662 155 1.0
662 200 1.0
662 735 1.0
662 933 1.0
663 315 1.0
663 340 1.0
663 361 1.0
663 600 1.0
663 810 1.0
663 868 1.0
663 879 1.0
663 911 1.0
663 946 1.0
664 57 1.0
664 79 1.0
664 108 1.0
664 112 1.0
664 285 1.0
664 562 1.0
664 632 1.0
664 633 1.0
664 670 1.0
664 831 1.0
664 840 1.0
665 23 1.0
665 233 1.0
665 274 1.0
665 334 1.0
665 394 1.0
665 395 1.0
665 647 1.0
665 705 1.0
665 862 1.0
666 107 1.0
666 126 1.0
666 216 1.0
666 237 1.0
666 480 1.0
666 539 1.0
666 566 1.0
666 588 1.0
666 736 1.0
666 847 1.0
666 912 1.0
667 33 1.0
667 345 1.0
667 482 1.0
667 624 1.0
667 802 1.0
667 831 1.0
667 872 1.0
668 48 1.0
668 136 1.0
668 328 1.0
668 333 1.0
668 362 1.0
668 482 1.0
668 578 1.0
668 765 1.0
668 771 1.0
669 44 1.0
669 184 1.0
669 390 1.0
669 430 1.0
669 529 1.0
669 601 1.0
669 779 1.0
669 789 1.0
669 874 1.0
670 70 1.0
670 399 1.0
670 407 1.0
670 695 1.0
670 730 1.0
670 794 1.0
670 828 1.0
670 909 1.0
671 1 1.0
671 120 1.0
671 224 1.0
671 230 1.0
671 265 1.0
671 645 1.0
671 718 1.0
671 802 1.0
671 847 1.0
671 891 1.0
671 934 1.0
671 984 1.0
671 997 1.0
672 233 1.0
672 479 1.0
672 776 1.0
672 871 1.0
672 876 1.0
673 290 1.0
673 428 1.0
673 786 1.0
673 840 1.0
673 920 1.0
674 56 1.0
674 82 1.0
674 176 1.0
674 223 1.0
674 408 1.0
674 618 1.0
674 643 1.0
674 661 1.0
674 820 1.0
674 946 1.0
674 953 1.0
675 26 1.0
675 35 1.0
675 299 1.0
675 454 1.0
675 552 1.0
675 622 1.0
676 45 1.0
676 105 1.0
676 172 1.0
676 198 1.0
676 374 1.0
676 510 1.0
676 550 1.0
676 662 1.0
676 864 1.0
676 887 1.0
677 75 1.0
677 301 1.0
677 418 1.0
677 478 1.0
677 550 1.0
677 604 1.0
677 698 1.0
677 728 1.0
677 872 1.0
677 899 1.0
678 15 1.0
678 86 1.0
678 111 1.0
678 114 1.0
678 485 1.0
678 517 1.0
678 564 1.0
678 630 1.0
678 814 1.0
678 867 1.0
679 79 1.0
679 91 1.0
679 159 1.0
679 463 1.0
679 598 1.0
679 929 1.0
680 168 1.0
680 174 1.0
680 211 1.0
680 282 1.0
680 506 1.0
680 710 1.0
680 964 1.0
681 116 1.0
681 123 1.0
681 244 1.0
681 268 1.0
681 314 1.0
681 345 1.0
681 363 1.0
681 366 1.0
681 392 1.0
681 420 1.0
681 441 1.0
681 473 1.0
681 563 1.0
681 768 1.0
681 858 1.0
681 863 1.0
682 124 1.0
682 192 1.0
682 348 1.0
682 512 1.0
682 708 1.0
682 740 1.0
682 760 1.0
682 884 1.0
682 905 1.0
683 51 1.0
683 53 1.0
683 430 1.0
683 719 1.0
683 863 1.0
683 885 1.0
683 942 1.0
684 28 1.0
684 42 1.0
684 112 1.0
684 130 1.0
684 249 1.0
684 520 1.0
684 641 1.0
684 939 1.0
685 63 1.0
685 65 1.0
685 169 1.0
685 264 1.0
685 268 1.0
685 373 1.0
685 420 1.0
685 610 1.0
685 716 1.0
685 742 1.0
685 993 1.0
686 41 1.0
686 47 1.0
686 120 1.0
686 145 1.0
686 413 1.0
686 440 1.0
686 568 1.0
686 648 1.0
686 656 1.0
686 891 1.0
686 984 1.0
687 1 1.0
687 20 1.0
687 31 1.0
687 63 1.0
687 90 1.0
687 115 1.0
687 166 1.0
687 272 1.0
687 275 1.0
687 407 1.0
687 818 1.0
687 920 1.0
688 127 1.0
688 202 1.0
688 287 1.0
688 322 1.0
688 390 1.0
688 555 1.0
688 627 1.0
688 710 1.0
688 774 1.0
688 905 1.0
689 127 1.0
689 216 1.0
689 273 1.0
689 276 1.0
689 491 1.0
689 695 1.0
689 705 1.0
689 890 1.0
690 97 1.0
690 175 1.0
690 340 1.0
690 496 1.0
690 641 1.0
690 963 1.0
690 966 1.0
691 298 1.0
691 324 1.0
691 330 1.0
691 436 1.0
691 448 1.0
691 601 1.0
691 657 1.0
691 750 1.0
691 894 1.0
692 76 1.0
692 249 1.0
692 285 1.0
692 348 1.0
692 388 1.0
692 464 1.0
692 582 1.0
692 945 1.0
692 972 1.0
693 54 1.0
693 236 1.0
693 393 1.0
693 493 1.0
693 597 1.0
693 733 1.0
693 774 1.0
693 784 1.0
693 789 1.0
694 211 1.0
694 678 1.0
694 970 1.0
695 393 1.0
695 493 1.0
695 709 1.0
695 733 1.0
695 773 1.0
695 817 1.0
695 854 1.0
696 38 1.0
696 79 1.0
696 285 1.0
696 614 1.0
696 645 1.0
696 689 1.0
696 793 1.0
696 974 1.0
697 0 1.0
697 121 1.0
697 135 1.0
697 154 1.0
697 340 1.0
697 430 1.0
698 21 1.0
698 35 1.0
698 106 1.0
698 156 1.0
698 180 1.0
698 273 1.0
698 296 1.0
698 646 1.0
698 661 1.0
698 705 1.0
698 920 1.0
698 985 1.0
699 473 1.0
699 540 1.0
699 576 1.0
699 627 1.0
699 635 1.0
699 717 1.0
699 729 1.0
699 799 1.0
700 29 1.0
700 150 1.0
700 172 1.0
700 203 1.0
700 222 1.0
700 578 1.0
700 714 1.0
700 850 1.0
701 23 1.0
701 40 1.0
701 205 1.0
701 606 1.0
701 727 1.0
701 912 1.0
701 966 1.0
702 472 1.0
702 549 1.0
702 811 1.0
702 868 1.0
703 255 1.0
703 473 1.0
703 501 1.0
703 653 1.0
703 961 1.0
704 42 1.0
704 190 1.0
704 348 1.0
704 639 1.0
704 773 1.0
704 947 1.0
705 2 1.0
705 62 1.0
705 262 1.0
705 326 1.0
705 446 1.0
705 468 1.0
705 565 1.0
705 615 1.0
705 647 1.0
705 824 1.0
705 845 1.0
705 854 1.0
705 960 1.0
706 40 1.0
706 138 1.0
706 213 1.0
706 226 1.0
706 265 1.0
706 471 1.0
706 524 1.0
706 568 1.0
706 749 1.0
707 61 1.0
707 76 1.0
707 92 1.0
707 288 1.0
707 509 1.0
707 615 1.0
707 638 1.0
707 818 1.0
708 49 1.0
708 137 1.0
708 323 1.0
708 326 1.0
708 447 1.0
708 533 1.0
708 784 1.0
708 948 1.0
709 28 1.0
709 163 1.0
709 168 1.0
709 493 1.0
709 516 1.0
709 771 1.0
709 801 1.0
709 830 1.0
709 954 1.0
710 151 1.0
710 160 1.0
710 404 1.0
710 458 1.0
710 494 1.0
710 560 1.0
710 630 1.0
710 771 1.0
710 777 1.0
710 816 1.0
710 913 1.0
711 116 1.0
711 178 1.0
711 447 1.0
711 494 1.0
711 666 1.0
711 900 1.0
712 4 1.0
712 134 1.0
712 168 1.0
712 235 1.0
712 378 1.0
712 448 1.0
712 452 1.0
712 503 1.0
712 601 1.0
712 637 1.0
712 643 1.0
712 923 1.0
713 53 1.0
713 147 1.0
713 360 1.0
713 372 1.0
713 424 1.0
713 431 1.0
713 560 1.0
713 673 1.0
713 849 1.0
713 950 1.0
714 56 1.0
714 107 1.0
714 149 1.0
714 176 1.0
714 253 1.0
714 495 1.0
714 643 1.0
715 16 1.0
715 218 1.0
715 261 1.0
715 443 1.0
715 656 1.0
715 750 1.0
716 229 1.0
716 441 1.0
716 834 1.0
717 30 1.0
717 46 1.0
717 207 1.0
717 272 1.0
717 394 1.0
717 402 1.0
717 464 1.0
717 690 1.0
717 764 1.0
717 822 1.0
717 869 1.0
718 15 1.0
718 123 1.0
718 219 1.0
718 236 1.0
718 358 1.0
718 444 1.0
718 477 1.0
718 613 1.0
718 632 1.0
718 665 1.0
718 749 1.0
718 758 1.0
718 760 1.0
718 939 1.0
719 200 1.0
719 365 1.0
719 567 1.0
720 5 1.0
720 103 1.0
720 190 1.0
720 308 1.0
720 319 1.0
720 333 1.0
720 342 1.0
720 421 1.0
720 444 1.0
720 450 1.0
720 464 1.0
720 480 1.0
720 803 1.0
720 952 1.0
721 75 1.0
721 602 1.0
722 8 1.0
722 134 1.0
722 135 1.0
722 158 1.0
722 167 1.0
722 276 1.0
722 350 1.0
722 436 1.0
723 409 1.0
723 487 1.0
723 568 1.0
723 633 1.0
723 800 1.0
723 883 1.0
723 916 1.0
724 61 1.0
724 186 1.0
724 602 1.0
724 722 1.0
724 816 1.0
724 827 1.0
724 828 1.0
725 11 1.0
725 258 1.0
725 367 1.0
725 411 1.0
725 427 1.0
725 473 1.0
725 667 1.0
725 677 1.0
725 775 1.0
725 809 1.0
725 814 1.0
725 957 1.0
726 13 1.0
726 163 1.0
726 261 1.0
726 288 1.0
726 531 1.0
726 640 1.0
726 863 1.0
726 882 1.0
727 223 1.0
727 246 1.0
727 313 1.0
727 460 1.0
727 606 1.0
727 615 1.0
727 693 1.0
727 742 1.0
727 862 1.0
727 986 1.0
728 6 1.0
728 118 1.0
728 245 1.0
728 430 1.0
728 608 1.0
728 709 1.0
728 795 1.0
728 801 1.0
728 852 1.0
728 877 1.0
729 86 1.0
729 693 1.0
729 700 1.0
729 859 1.0
729 940 1.0
730 58 1.0
730 160 1.0
730 236 1.0
730 264 1.0
730 416 1.0
730 499 1.0
731 175 1.0
731 206 1.0
731 230 1.0
731 236 1.0
731 370 1.0
731 539 1.0
731 826 1.0
732 161 1.0
732 183 1.0
732 326 1.0
732 700 1.0
732 705 1.0
732 830 1.0
733 128 1.0
733 315 1.0
733 369 1.0
733 377 1.0
733 398 1.0
733 430 1.0
733 481 1.0
733 489 1.0
733 680 1.0
733 744 1.0
733 819 1.0
733 843 1.0
733 894 1.0
734 30 1.0
734 58 1.0
734 62 1.0
734 116 1.0
734 141 1.0
734 346 1.0
734 371 1.0
734 437 1.0
734 493 1.0
734 766 1.0
734 969 1.0
735 61 1.0
735 211 1.0
735 232 1.0
735 484 1.0
735 530 1.0
735 683 1.0
735 775 1.0
736 8 1.0
736 363 1.0
736 371 1.0
736 387 1.0
736 544 1.0
736 661 1.0
736 788 1.0
736 816 1.0
737 72 1.0
737 202 1.0
737 219 1.0
737 526 1.0
737 834 1.0
737 929 1.0
738 80 1.0
738 189 1.0
738 293 1.0
738 295 1.0
738 487 1.0
738 858 1.0
739 162 1.0
739 223 1.0
739 683 1.0
740 102 1.0
740 135 1.0
740 147 1.0
740 150 1.0
740 327 1.0
740 380 1.0
740 617 1.0
740 710 1.0
740 725 1.0
740 784 1.0
740 858 1.0
741 512 1.0
741 641 1.0
741 732 1.0
741 750 1.0
741 919 1.0
742 345 1.0
742 405 1.0
742 500 1.0
742 584 1.0
742 724 1.0
743 90 1.0
743 140 1.0
743 186 1.0
743 324 1.0
743 329 1.0
743 608 1.0
743 707 1.0
743 774 1.0
743 781 1.0
744 45 1.0
744 168 1.0
744 206 1.0
744 226 1.0
744 647 1.0
744 732 1.0
744 752 1.0
744 887 1.0
745 15 1.0
745 73 1.0
745 97 1.0
745 425 1.0
745 663 1.0
745 861 1.0
746 205 1.0
746 325 1.0
746 680 1.0
746 727 1.0
746 923 1.0
747 76 1.0
747 135 1.0
747 404 1.0
747 463 1.0
747 598 1.0
747 812 1.0
747 847 1.0
748 83 1.0
748 252 1.0
748 381 1.0
748 546 1.0
748 642 1.0
748 808 1.0
748 817 1.0
748 911 1.0
749 405 1.0
749 444 1.0
749 573 1.0
749 595 1.0
749 812 1.0
750 4 1.0
750 56 1.0
750 244 1.0
750 369 1.0
750 608 1.0
750 612 1.0
750 727 1.0
751 146 1.0
751 208 1.0
751 292 1.0
751 423 1.0
751 438 1.0
751 448 1.0
751 494 1.0
751 515 1.0
751 535 1.0
751 679 1.0
751 696 1.0
751 804 1.0
751 861 1.0
752 3 1.0
752 265 1.0
752 370 1.0
752 473 1.0
752 558 1.0
752 619 1.0
752 650 1.0
752 661 1.0
752 944 1.0
752 968 1.0
753 179 1.0
753 343 1.0
753 398 1.0
753 424 1.0
753 543 1.0
753 649 1.0
753 862 1.0
754 95 1.0
754 97 1.0
754 242 1.0
754 341 1.0
754 396 1.0
754 431 1.0
754 537 1.0
754 820 1.0
754 923 1.0
754 927 1.0
755 63 1.0
755 100 1.0
755 143 1.0
755 368 1.0
755 437 1.0
755 441 1.0
755 910 1.0
756 153 1.0
756 186 1.0
756 376 1.0
756 496 1.0
756 852 1.0
757 69 1.0
757 147 1.0
757 192 1.0
757 414 1.0
757 433 1.0
757 492 1.0
757 606 1.0
757 608 1.0
757 609 1.0
757 667 1.0
757 742 1.0
758 196 1.0
758 386 1.0
758 471 1.0
758 778 1.0
758 792 1.0
759 139 1.0
759 293 1.0
759 312 1.0
759 398 1.0
759 518 1.0
759 536 1.0
759 808 1.0
759 818 1.0
760 277 1.0
760 367 1.0
760 379 1.0
760 538 1.0
760 563 1.0
760 700 1.0
761 116 1.0
761 130 1.0
761 819 1.0
761 822 1.0
761 849 1.0
761 871 1.0
761 925 1.0
762 41 1.0
762 84 1.0
762 138 1.0
762 158 1.0
762 198 1.0
762 222 1.0
762 444 1.0
762 462 1.0
762 825 1.0
763 190 1.0
763 200 1.0
763 254 1.0
763 371 1.0
763 401 1.0
763 585 1.0
764 842 1.0
764 885 1.0
765 82 1.0
765 330 1.0
765 360 1.0
765 609 1.0
765 614 1.0
765 691 1.0
765 733 1.0
765 806 1.0
765 860 1.0
765 880 1.0
765 965 1.0
766 99 1.0
766 112 1.0
766 480 1.0
766 484 1.0
766 660 1.0
766 833 1.0
766 859 1.0
766 862 1.0
767 4 1.0
767 211 1.0
767 294 1.0
767 474 1.0
767 485 1.0
767 649 1.0
767 692 1.0
767 811 1.0
767 898 1.0
767 917 1.0
768 9 1.0
768 181 1.0
768 228 1.0
768 258 1.0
768 391 1.0
768 395 1.0
768 421 1.0
768 430 1.0
768 593 1.0
768 729 1.0
768 850 1.0
768 855 1.0
768 896 1.0
768 940 1.0
769 86 1.0
769 93 1.0
769 193 1.0
769 344 1.0
769 346 1.0
769 768 1.0
769 978 1.0
770 120 1.0
770 128 1.0
770 511 1.0
770 572 1.0
770 925 1.0
770 933 1.0
771 36 1.0
771 46 1.0
771 103 1.0
771 403 1.0
771 452 1.0
771 657 1.0
771 685 1.0
771 767 1.0
771 777 1.0
771 802 1.0
771 839 1.0
771 907 1.0
772 206 1.0
772 241 1.0
772 315 1.0
772 336 1.0
772 349 1.0
772 687 1.0
772 766 1.0
772 955 1.0
772 965 1.0
773 168 1.0
773 419 1.0
773 630 1.0
773 633 1.0
774 112 1.0
774 123 1.0
774 225 1.0
774 350 1.0
774 696 1.0
774 741 1.0
774 786 1.0
775 37 1.0
775 92 1.0
775 172 1.0
775 312 1.0
775 423 1.0
775 432 1.0
775 445 1.0
775 446 1.0
775 948 1.0
776 146 1.0
776 241 1.0
776 318 1.0
776 465 1.0
776 632 1.0
776 750 1.0
776 865 1.0
776 908 1.0
777 80 1.0
777 225 1.0
777 324 1.0
777 326 1.0
777 715 1.0
777 778 1.0
777 783 1.0
777 816 1.0
778 21 1.0
778 271 1.0
778 280 1.0
778 322 1.0
778 525 1.0
778 609 1.0
778 694 1.0
778 715 1.0
778 753 1.0
779 313 1.0
779 896 1.0
780 46 1.0
780 199 1.0
780 397 1.0
780 623 1.0
780 627 1.0
780 652 1.0
780 819 1.0
781 32 1.0
781 270 1.0
781 492 1.0
781 515 1.0
781 575 1.0
781 701 1.0
781 718 1.0
782 16 1.0
782 359 1.0
782 429 1.0
782 464 1.0
782 480 1.0
782 511 1.0
782 539 1.0
782 689 1.0
782 759 1.0
782 823 1.0
783 87 1.0
783 102 1.0
783 133 1.0
783 288 1.0
783 345 1.0
783 445 1.0
783 482 1.0
783 613 1.0
783 654 1.0
783 724 1.0
783 880 1.0
783 991 1.0
784 75 1.0
784 176 1.0
784 207 1.0
784 342 1.0
784 563 1.0
784 704 1.0
785 197 1.0
785 591 1.0
785 594 1.0
785 688 1.0
785 720 1.0
786 355 1.0
786 378 1.0
786 436 1.0
786 539 1.0
786 547 1.0
786 710 1.0
786 937 1.0
786 942 1.0
787 83 1.0
787 124 1.0
787 290 1.0
787 306 1.0
787 638 1.0
787 694 1.0
787 900 1.0
788 124 1.0
788 148 1.0
788 434 1.0
788 462 1.0
788 518 1.0
788 615 1.0
788 725 1.0
788 733 1.0
789 98 1.0
789 191 1.0
789 496 1.0
789 503 1.0
789 531 1.0
789 532 1.0
789 538 1.0
789 668 1.0
789 730 1.0
789 752 1.0
789 779 1.0
789 794 1.0
789 895 1.0
790 97 1.0
790 178 1.0
790 221 1.0
790 339 1.0
790 632 1.0
790 806 1.0
791 222 1.0
791 309 1.0
791 498 1.0
791 538 1.0
791 549 1.0
791 574 1.0
791 581 1.0
791 626 1.0
791 790 1.0
791 792 1.0
791 856 1.0
791 874 1.0
792 179 1.0
792 236 1.0
792 264 1.0
792 355 1.0
792 403 1.0
792 535 1.0
792 569 1.0
792 579 1.0
792 615 1.0
792 733 1.0
792 871 1.0
792 993 1.0
793 4 1.0
793 67 1.0
793 263 1.0
793 322 1.0
793 331 1.0
793 413 1.0
793 513 1.0
793 525 1.0
793 658 1.0
793 795 1.0
793 886 1.0
794 54 1.0
794 154 1.0
794 207 1.0
794 218 1.0
794 302 1.0
794 484 1.0
794 581 1.0
794 712 1.0
795 74 1.0
795 128 1.0
795 260 1.0
795 377 1.0
795 589 1.0
795 595 1.0
795 697 1.0
795 704 1.0
795 714 1.0
796 31 1.0
796 143 1.0
796 190 1.0
796 247 1.0
796 384 1.0
796 511 1.0
796 541 1.0
796 618 1.0
796 650 1.0
796 747 1.0
796 809 1.0
796 997 1.0
797 452 1.0
797 525 1.0
797 559 1.0
797 778 1.0
797 790 1.0
798 101 1.0
798 286 1.0
798 371 1.0
798 935 1.0
799 6 1.0
799 140 1.0
799 190 1.0
799 197 1.0
799 448 1.0
799 715 1.0
799 829 1.0
799 930 1.0
800 28 1.0
800 139 1.0
800 156 1.0
800 171 1.0
800 220 1.0
800 242 1.0
800 279 1.0
800 549 1.0
800 604 1.0
800 967 1.0
801 307 1.0
801 419 1.0
801 440 1.0
801 559 1.0
801 584 1.0
801 812 1.0
801 903 1.0
801 910 1.0
801 950 1.0
802 43 1.0
802 317 1.0
802 388 1.0
802 501 1.0
802 643 1.0
802 693 1.0
802 882 1.0
802 885 1.0
802 993 1.0
803 47 1.0
803 196 1.0
803 408 1.0
803 471 1.0
803 577 1.0
803 672 1.0
803 926 1.0
804 24 1.0
804 40 1.0
804 376 1.0
804 611 1.0
804 616 1.0
804 673 1.0
804 728 1.0
805 24 1.0
805 93 1.0
805 271 1.0
805 294 1.0
805 301 1.0
805 303 1.0
805 307 1.0
805 350 1.0
805 586 1.0
805 594 1.0
805 630 1.0
805 642 1.0
806 16 1.0
806 60 1.0
806 79 1.0
806 96 1.0
806 126 1.0
806 443 1.0
806 603 1.0
806 690 1.0
806 718 1.0
807 421 1.0
807 727 1.0
807 949 1.0
808 342 1.0
808 386 1.0
808 427 1.0
808 481 1.0
808 647 1.0
808 741 1.0
808 904 1.0
809 311 1.0
809 512 1.0
809 594 1.0
809 698 1.0
809 762 1.0
809 932 1.0
810 90 1.0
810 117 1.0
810 240 1.0
810 268 1.0
810 339 1.0
810 544 1.0
810 664 1.0
810 725 1.0
810 887 1.0
811 48 1.0
811 200 1.0
811 205 1.0
811 236 1.0
811 312 1.0
811 375 1.0
811 434 1.0
811 553 1.0
811 592 1.0
812 19 1.0
812 197 1.0
812 332 1.0
812 358 1.0
812 369 1.0
812 375 1.0
812 381 1.0
812 597 1.0
812 685 1.0
813 38 1.0
813 45 1.0
813 164 1.0
813 206 1.0
813 244 1.0
813 326 1.0
813 629 1.0
813 669 1.0
813 740 1.0
813 772 1.0
813 915 1.0
813 950 1.0
814 129 1.0
814 224 1.0
814 496 1.0
814 520 1.0
814 523 1.0
814 572 1.0
814 720 1.0
814 867 1.0
814 875 1.0
815 8 1.0
815 105 1.0
815 116 1.0
815 210 1.0
815 311 1.0
815 730 1.0
815 733 1.0
815 734 1.0
815 772 1.0
815 935 1.0
815 953 1.0
815 972 1.0
816 332 1.0
816 357 1.0
817 13 1.0
817 99 1.0
817 113 1.0
817 237 1.0
817 387 1.0
817 397 1.0
817 471 1.0
817 474 1.0
817 578 1.0
817 646 1.0
817 729 1.0
817 886 1.0
817 938 1.0
818 59 1.0
818 230 1.0
818 248 1.0
818 403 1.0
818 434 1.0
818 464 1.0
818 737 1.0
818 926 1.0
818 933 1.0
818 962 1.0
819 12 1.0
819 61 1.0
819 134 1.0
819 141 1.0
819 161 1.0
819 186 1.0
819 226 1.0
819 253 1.0
819 267 1.0
819 393 1.0
819 455 1.0
819 702 1.0
819 749 1.0
819 804 1.0
820 39 1.0
820 221 1.0
820 255 1.0
820 303 1.0
820 545 1.0
820 964 1.0
821 130 1.0
821 147 1.0
821 171 1.0
821 395 1.0
821 589 1.0
821 622 1.0
821 744 1.0
822 377 1.0
822 445 1.0
822 605 1.0
822 732 1.0
822 747 1.0
822 962 1.0
822 966 1.0
823 83 1.0
823 95 1.0
823 184 1.0
823 203 1.0
823 238 1.0
823 328 1.0
823 356 1.0
824 19 1.0
824 169 1.0
824 244 1.0
824 302 1.0
824 313 1.0
824 336 1.0
824 574 1.0
824 721 1.0
824 775 1.0
824 900 1.0
825 166 1.0
825 202 1.0
825 213 1.0
825 294 1.0
825 362 1.0
825 397 1.0
825 465 1.0
825 814 1.0
825 916 1.0
825 966 1.0
826 83 1.0
826 153 1.0
826 194 1.0
826 231 1.0
826 308 1.0
826 343 1.0
826 562 1.0
826 603 1.0
826 764 1.0
826 794 1.0
826 806 1.0
827 93 1.0
827 96 1.0
827 118 1.0
827 210 1.0
827 379 1.0
827 587 1.0
827 664 1.0
827 749 1.0
827 818 1.0
827 943 1.0
828 10 1.0
828 49 1.0
828 225 1.0
828 475 1.0
828 567 1.0
828 570 1.0
828 654 1.0
828 733 1.0
828 816 1.0
829 69 1.0
829 350 1.0
829 808 1.0
829 890 1.0
829 958 1.0
830 43 1.0
830 146 1.0
830 220 1.0
830 233 1.0
830 251 1.0
830 469 1.0
831 28 1.0
831 178 1.0
831 215 1.0
831 314 1.0
831 424 1.0
831 512 1.0
831 573 1.0
831 771 1.0
831 777 1.0
831 885 1.0
831 911 1.0
832 30 1.0
832 145 1.0
832 175 1.0
832 240 1.0
832 298 1.0
832 570 1.0
832 663 1.0
832 739 1.0
832 751 1.0
832 859 1.0
832 872 1.0
832 920 1.0
833 40 1.0
833 182 1.0
833 220 1.0
833 267 1.0
833 409 1.0
833 451 1.0
833 462 1.0
833 529 1.0
833 787 1.0
833 897 1.0
834 80 1.0
834 212 1.0
834 413 1.0
834 491 1.0
834 596 1.0
834 947 1.0
835 473 1.0
835 483 1.0
835 535 1.0
836 94 1.0
836 314 1.0
836 386 1.0
836 475 1.0
836 570 1.0
836 814 1.0
836 861 1.0
836 882 1.0
836 900 1.0
837 32 1.0
837 278 1.0
837 300 1.0
837 995 1.0
838 107 1.0
838 417 1.0
838 585 1.0
838 799 1.0
838 877 1.0
839 449 1.0
839 461 1.0
839 541 1.0
839 876 1.0
840 10 1.0
840 115 1.0
840 138 1.0
840 194 1.0
840 326 1.0
840 434 1.0
840 560 1.0
840 832 1.0
840 896 1.0
840 901 1.0
841 312 1.0
841 315 1.0
841 413 1.0
841 540 1.0
841 548 1.0
841 761 1.0
841 803 1.0
841 828 1.0
841 882 1.0
842 83 1.0
842 113 1.0
842 120 1.0
842 148 1.0
842 331 1.0
842 453 1.0
842 520 1.0
842 552 1.0
842 677 1.0
842 681 1.0
843 67 1.0
843 159 1.0
843 187 1.0
843 407 1.0
843 591 1.0
843 812 1.0
843 950 1.0
844 102 1.0
844 115 1.0
844 160 1.0
844 185 1.0
844 368 1.0
844 392 1.0
845 53 1.0
845 134 1.0
845 154 1.0
845 255 1.0
845 689 1.0
845 769 1.0
845 960 1.0
845 992 1.0
846 240 1.0
846 553 1.0
846 648 1.0
846 685 1.0
846 698 1.0
846 830 1.0
847 128 1.0
847 230 1.0
847 259 1.0
847 260 1.0
847 270 1.0
847 309 1.0
847 318 1.0
847 388 1.0
847 486 1.0
847 489 1.0
847 491 1.0
847 658 1.0
847 659 1.0
847 758 1.0
847 800 1.0
847 924 1.0
848 149 1.0
848 157 1.0
848 192 1.0
848 225 1.0
848 239 1.0
848 258 1.0
848 555 1.0
848 608 1.0
848 787 1.0
848 956 1.0
849 75 1.0
849 148 1.0
849 320 1.0
849 381 1.0
849 442 1.0
849 569 1.0
849 643 1.0
849 716 1.0
849 857 1.0
849 948 1.0
850 59 1.0
850 114 1.0
850 391 1.0
850 412 1.0
850 474 1.0
850 550 1.0
850 560 1.0
850 611 1.0
850 630 1.0
850 885 1.0
850 893 1.0
850 935 1.0
850 972 1.0
851 311 1.0
851 320 1.0
851 375 1.0
851 539 1.0
851 699 1.0
851 767 1.0
851 785 1.0
852 94 1.0
852 100 1.0
852 203 1.0
852 236 1.0
852 329 1.0
852 390 1.0
852 562 1.0
852 642 1.0
852 882 1.0
852 959 1.0
853 92 1.0
853 136 1.0
853 242 1.0
853 269 1.0
853 272 1.0
853 286 1.0
853 297 1.0
853 648 1.0
854 36 1.0
854 159 1.0
854 275 1.0
854 289 1.0
854 309 1.0
854 594 1.0
854 697 1.0
854 811 1.0
855 381 1.0
855 699 1.0
855 780 1.0
856 129 1.0
856 392 1.0
856 394 1.0
856 679 1.0
856 693 1.0
856 714 1.0
856 742 1.0
856 811 1.0
857 8 1.0
857 162 1.0
857 191 1.0
857 231 1.0
857 313 1.0
857 329 1.0
857 351 1.0
857 422 1.0
857 562 1.0
857 646 1.0
857 763 1.0
857 782 1.0
857 797 1.0
857 847 1.0
858 233 1.0
858 287 1.0
858 582 1.0
858 652 1.0
858 790 1.0
858 908 1.0
859 299 1.0
859 367 1.0
859 377 1.0
859 390 1.0
859 560 1.0
859 786 1.0
860 25 1.0
860 50 1.0
860 71 1.0
860 151 1.0
860 551 1.0
860 763 1.0
860 858 1.0
860 916 1.0
861 56 1.0
861 162 1.0
861 305 1.0
861 320 1.0
861 364 1.0
861 455 1.0
861 536 1.0
861 651 1.0
862 3 1.0
862 26 1.0
862 81 1.0
862 353 1.0
862 477 1.0
862 511 1.0
862 531 1.0
862 605 1.0
862 650 1.0
863 11 1.0
863 183 1.0
863 198 1.0
863 627 1.0
863 691 1.0
863 724 1.0
863 922 1.0
864 441 1.0
864 442 1.0
864 454 1.0
864 577 1.0
864 673 1.0
864 698 1.0
864 794 1.0
864 847 1.0
864 921 1.0
865 30 1.0
865 630 1.0
866 33 1.0
866 53 1.0
866 105 1.0
866 231 1.0
866 467 1.0
866 531 1.0
866 621 1.0
866 623 1.0
866 716 1.0
866 760 1.0
866 810 1.0
867 13 1.0
867 117 1.0
867 311 1.0
867 343 1.0
867 583 1.0
867 588 1.0
867 648 1.0
867 806 1.0
867 829 1.0
868 220 1.0
868 313 1.0
868 389 1.0
868 479 1.0
868 482 1.0
868 612 1.0
868 676 1.0
868 839 1.0
869 692 1.0
869 826 1.0
869 855 1.0
869 893 1.0
869 898 1.0
869 902 1.0
870 95 1.0
870 415 1.0
870 486 1.0
870 530 1.0
870 891 1.0
871 18 1.0
871 79 1.0
871 83 1.0
871 129 1.0
871 189 1.0
871 194 1.0
871 255 1.0
871 258 1.0
871 401 1.0
871 561 1.0
871 570 1.0
871 724 1.0
871 727 1.0
871 739 1.0
871 889 1.0
871 910 1.0
872 26 1.0
872 192 1.0
872 253 1.0
872 497 1.0
872 622 1.0
872 634 1.0
872 705 1.0
872 905 1.0
873 133 1.0
873 166 1.0
873 401 1.0
873 425 1.0
873 625 1.0
873 738 1.0
874 73 1.0
874 161 1.0
874 292 1.0
874 463 1.0
874 518 1.0
874 658 1.0
874 677 1.0
874 789 1.0
874 845 1.0
874 913 1.0
875 190 1.0
875 272 1.0
875 276 1.0
875 308 1.0
875 425 1.0
875 529 1.0
875 848 1.0
876 116 1.0
876 205 1.0
876 329 1.0
876 696 1.0
876 796 1.0
876 851 1.0
877 19 1.0
877 313 1.0
877 448 1.0
877 493 1.0
877 572 1.0
877 578 1.0
877 720 1.0
877 770 1.0
877 835 1.0
877 934 1.0
878 40 1.0
878 157 1.0
878 262 1.0
878 347 1.0
878 421 1.0
878 460 1.0
878 527 1.0
878 580 1.0
878 643 1.0
878 703 1.0
879 156 1.0
879 162 1.0
879 449 1.0
879 849 1.0
880 25 1.0
880 200 1.0
880 213 1.0
880 272 1.0
880 279 1.0
880 430 1.0
880 529 1.0
880 803 1.0
880 852 1.0
880 913 1.0
880 999 1.0
881 75 1.0
881 127 1.0
881 276 1.0
881 338 1.0
881 379 1.0
881 528 1.0
881 531 1.0
881 641 1.0
882 481 1.0
882 512 1.0
882 570 1.0
882 679 1.0
882 810 1.0
882 920 1.0
883 132 1.0
883 366 1.0
883 596 1.0
883 760 1.0
884 94 1.0
884 180 1.0
884 278 1.0
884 472 1.0
884 576 1.0
884 672 1.0
884 770 1.0
884 795 1.0
884 859 1.0
885 100 1.0
885 236 1.0
885 522 1.0
885 560 1.0
885 657 1.0
885 661 1.0
885 848 1.0
885 878 1.0
886 132 1.0
886 431 1.0
886 451 1.0
886 502 1.0
886 512 1.0
886 849 1.0
886 863 1.0
887 14 1.0
887 97 1.0
887 173 1.0
887 259 1.0
887 275 1.0
887 344 1.0
887 489 1.0
887 621 1.0
887 735 1.0
887 804 1.0
887 808 1.0
887 860 1.0
888 48 1.0
888 65 1.0
888 267 1.0
888 268 1.0
888 275 1.0
888 318 1.0
888 405 1.0
888 434 1.0
888 653 1.0
888 756 1.0
888 777 1.0
888 905 1.0
888 918 1.0
889 123 1.0
889 128 1.0
889 359 1.0
889 721 1.0
889 805 1.0
889 943 1.0
890 1 1.0
890 33 1.0
890 46 1.0
890 613 1.0
890 663 1.0
890 831 1.0
890 844 1.0
891 258 1.0
891 271 1.0
891 550 1.0
891 591 1.0
891 592 1.0
891 611 1.0
891 648 1.0
891 657 1.0
891 690 1.0
891 748 1.0
891 755 1.0
892 19 1.0
892 21 1.0
892 66 1.0
892 100 1.0
892 163 1.0
892 210 1.0
892 408 1.0
892 448 1.0
892 862 1.0
892 991 1.0
893 240 1.0
893 494 1.0
894 77 1.0
894 109 1.0
894 123 1.0
894 276 1.0
894 476 1.0
894 565 1.0
894 690 1.0
894 701 1.0
894 722 1.0
894 835 1.0
894 837 1.0
894 976 1.0
895 276 1.0
895 611 1.0
895 849 1.0
896 42 1.0
896 137 1.0
896 459 1.0
896 480 1.0
896 548 1.0
896 611 1.0
896 822 1.0
896 947 1.0
896 968 1.0
896 988 1.0
897 84 1.0
897 232 1.0
897 241 1.0
897 411 1.0
897 454 1.0
897 495 1.0
897 573 1.0
897 600 1.0
897 747 1.0
897 774 1.0
897 888 1.0
898 68 1.0
898 70 1.0
898 281 1.0
898 352 1.0
898 468 1.0
898 503 1.0
898 703 1.0
898 847 1.0
898 857 1.0
898 952 1.0
899 125 1.0
899 173 1.0
899 229 1.0
899 451 1.0
899 672 1.0
899 709 1.0
899 922 1.0
899 971 1.0
900 54 1.0
900 317 1.0
900 420 1.0
900 489 1.0
900 496 1.0
900 505 1.0
900 512 1.0
900 526 1.0
900 528 1.0
900 584 1.0
900 684 1.0
900 801 1.0
901 107 1.0
901 205 1.0
901 373 1.0
901 451 1.0
901 525 1.0
901 595 1.0
901 838 1.0
901 872 1.0
901 906 1.0
902 231 1.0
902 544 1.0
902 571 1.0
902 648 1.0
902 813 1.0
903 93 1.0
903 327 1.0
903 358 1.0
903 372 1.0
903 430 1.0
903 615 1.0
903 730 1.0
904 415 1.0
904 813 1.0
905 65 1.0
905 347 1.0
905 629 1.0
905 676 1.0
905 885 1.0
906 134 1.0
906 258 1.0
906 426 1.0
906 511 1.0
906 918 1.0
906 919 1.0
906 947 1.0
906 968 1.0
907 32 1.0
907 131 1.0
907 299 1.0
907 463 1.0
907 540 1.0
907 600 1.0
907 671 1.0
907 688 1.0
908 177 1.0
908 182 1.0
908 316 1.0
908 400 1.0
909 411 1.0
909 432 1.0
909 442 1.0
909 763 1.0
909 912 1.0
910 68 1.0
910 296 1.0
910 311 1.0
910 395 1.0
910 605 1.0
910 666 1.0
910 756 1.0
910 860 1.0
911 14 1.0
911 70 1.0
911 75 1.0
911 101 1.0
911 199 1.0
911 241 1.0
911 311 1.0
911 422 1.0
911 463 1.0
911 791 1.0
911 839 1.0
912 34 1.0
912 45 1.0
912 199 1.0
912 314 1.0
912 332 1.0
912 599 1.0
912 659 1.0
912 673 1.0
912 685 1.0
912 775 1.0
912 881 1.0
912 894 1.0
912 916 1.0
913 44 1.0
913 179 1.0
913 334 1.0
913 360 1.0
913 680 1.0
913 731 1.0
913 872 1.0
914 169 1.0
914 432 1.0
914 461 1.0
914 588 1.0
915 268 1.0
915 293 1.0
915 389 1.0
915 461 1.0
915 473 1.0
915 577 1.0
915 694 1.0
915 714 1.0
915 860 1.0
916 13 1.0
916 399 1.0
916 834 1.0
916 837 1.0
917 11 1.0
917 58 1.0
917 66 1.0
917 94 1.0
917 232 1.0
917 264 1.0
917 272 1.0
917 373 1.0
917 414 1.0
917 424 1.0
917 586 1.0
917 615 1.0
917 622 1.0
917 647 1.0
917 768 1.0
917 943 1.0
918 1 1.0
918 57 1.0
918 365 1.0
918 963 1.0
919 86 1.0
919 182 1.0
919 301 1.0
919 385 1.0
919 639 1.0
920 47 1.0
920 56 1.0
920 257 1.0
920 450 1.0
920 605 1.0
920 709 1.0
920 810 1.0
920 818 1.0
920 884 1.0
920 943 1.0
920 961 1.0
921 94 1.0
921 260 1.0
921 291 1.0
921 314 1.0
922 124 1.0
922 365 1.0
922 503 1.0
922 511 1.0
922 537 1.0
922 584 1.0
922 606 1.0
922 722 1.0
922 763 1.0
922 874 1.0
923 159 1.0
923 262 1.0
923 416 1.0
923 426 1.0
923 427 1.0
923 576 1.0
923 632 1.0
923 696 1.0
923 807 1.0
923 811 1.0
923 920 1.0
924 35 1.0
924 67 1.0
924 346 1.0
924 360 1.0
924 445 1.0
924 448 1.0
924 452 1.0
924 459 1.0
924 573 1.0
924 584 1.0
924 629 1.0
924 787 1.0
924 835 1.0
925 65 1.0
925 256 1.0
925 440 1.0
926 0 1.0
926 122 1.0
926 138 1.0
926 192 1.0
926 249 1.0
926 327 1.0
926 340 1.0
926 360 1.0
926 402 1.0
926 488 1.0
926 505 1.0
926 599 1.0
926 622 1.0
926 664 1.0
927 14 1.0
927 282 1.0
927 399 1.0
927 409 1.0
927 681 1.0
927 853 1.0
928 3 1.0
928 21 1.0
928 44 1.0
928 219 1.0
928 392 1.0
928 566 1.0
928 626 1.0
928 643 1.0
928 663 1.0
928 708 1.0
928 771 1.0
928 862 1.0
928 873 1.0
928 878 1.0
929 19 1.0
929 196 1.0
929 252 1.0
929 652 1.0
930 8 1.0
930 29 1.0
930 107 1.0
930 147 1.0
930 394 1.0
930 427 1.0
930 445 1.0
930 824 1.0
930 967 1.0
931 15 1.0
931 161 1.0
931 195 1.0
931 285 1.0
931 569 1.0
931 820 1.0
931 856 1.0
932 95 1.0
932 166 1.0
932 170 1.0
932 531 1.0
932 548 1.0
932 600 1.0
932 691 1.0
932 719 1.0
932 776 1.0
932 864 1.0
932 866 1.0
933 69 1.0
933 120 1.0
933 210 1.0
933 226 1.0
933 251 1.0
933 500 1.0
933 663 1.0
933 713 1.0
934 46 1.0
934 258 1.0
934 298 1.0
934 308 1.0
934 433 1.0
934 538 1.0
934 551 1.0
934 683 1.0
934 754 1.0
934 886 1.0
934 937 1.0
934 983 1.0
935 315 1.0
935 355 1.0
935 437 1.0
935 500 1.0
935 505 1.0
935 671 1.0
935 721 1.0
936 291 1.0
936 343 1.0
936 415 1.0
936 762 1.0
936 874 1.0
937 189 1.0
937 212 1.0
937 231 1.0
937 571 1.0
937 599 1.0
937 701 1.0
937 761 1.0
937 808 1.0
937 834 1.0
937 837 1.0
937 909 1.0
937 999 1.0
938 238 1.0
938 241 1.0
938 326 1.0
938 383 1.0
938 426 1.0
938 636 1.0
938 755 1.0
939 20 1.0
939 501 1.0
939 521 1.0
939 711 1.0
939 742 1.0
939 933 1.0
940 76 1.0
940 88 1.0
940 279 1.0
940 542 1.0
940 585 1.0
940 773 1.0
940 871 1.0
941 104 1.0
941 235 1.0
941 372 1.0
941 486 1.0
941 570 1.0
941 679 1.0
941 718 1.0
941 792 1.0
941 965 1.0
942 112 1.0
942 169 1.0
942 525 1.0
942 546 1.0
942 658 1.0
942 905 1.0
943 199 1.0
943 241 1.0
943 314 1.0
943 324 1.0
943 657 1.0
944 71 1.0
944 75 1.0
944 113 1.0
944 293 1.0
944 525 1.0
944 593 1.0
944 616 1.0
944 633 1.0
944 818 1.0
945 322 1.0
945 418 1.0
945 454 1.0
945 458 1.0
945 505 1.0
945 606 1.0
945 661 1.0
945 844 1.0
946 38 1.0
946 315 1.0
946 317 1.0
946 321 1.0
946 465 1.0
946 522 1.0
946 929 1.0
946 944 1.0
947 120 1.0
947 216 1.0
947 306 1.0
947 332 1.0
947 417 1.0
947 518 1.0
947 542 1.0
947 548 1.0
947 765 1.0
947 871 1.0
947 908 1.0
947 910 1.0
947 921 1.0
947 926 1.0
948 236 1.0
948 262 1.0
948 265 1.0
948 401 1.0
948 580 1.0
948 605 1.0
948 641 1.0
948 848 1.0
949 84 1.0
949 117 1.0
949 130 1.0
949 243 1.0
949 602 1.0
949 715 1.0
949 762 1.0
949 792 1.0
949 794 1.0
949 904 1.0
949 933 1.0
950 4 1.0
950 217 1.0
950 368 1.0
950 592 1.0
950 654 1.0
950 713 1.0
950 801 1.0
950 813 1.0
950 843 1.0
951 0 1.0
951 8 1.0
951 202 1.0
951 369 1.0
952 343 1.0
952 467 1.0
952 512 1.0
952 720 1.0
952 898 1.0
953 66 1.0
953 120 1.0
953 388 1.0
953 674 1.0
953 815 1.0
954 101 1.0
954 233 1.0
954 309 1.0
954 513 1.0
954 709 1.0
955 100 1.0
955 176 1.0
955 255 1.0
955 348 1.0
955 583 1.0
955 625 1.0
955 772 1.0
956 5 1.0
956 75 1.0
956 129 1.0
956 333 1.0
956 453 1.0
956 536 1.0
956 848 1.0
956 965 1.0
957 80 1.0
957 104 1.0
957 137 1.0
957 147 1.0
957 219 1.0
957 725 1.0
958 3 1.0
958 95 1.0
958 190 1.0
958 272 1.0
958 347 1.0
958 418 1.0
958 571 1.0
958 588 1.0
958 829 1.0
959 0 1.0
959 313 1.0
959 335 1.0
959 627 1.0
959 852 1.0
960 1 1.0
960 44 1.0
960 62 1.0
960 116 1.0
960 120 1.0
960 176 1.0
960 281 1.0
960 378 1.0
960 636 1.0
960 705 1.0
960 845 1.0
961 11 1.0
961 14 1.0
961 16 1.0
961 58 1.0
961 71 1.0
961 105 1.0
961 241 1.0
961 271 1.0
961 494 1.0
961 560 1.0
961 562 1.0
961 604 1.0
961 703 1.0
961 920 1.0
962 19 1.0
962 46 1.0
962 280 1.0
962 402 1.0
962 562 1.0
962 818 1.0
962 822 1.0
963 2 1.0
963 33 1.0
963 118 1.0
963 148 1.0
963 155 1.0
963 179 1.0
963 259 1.0
963 263 1.0
963 338 1.0
963 430 1.0
963 437 1.0
963 690 1.0
963 918 1.0
964 51 1.0
964 82 1.0
964 311 1.0
964 381 1.0
964 643 1.0
964 680 1.0
964 820 1.0
965 89 1.0
965 153 1.0
965 765 1.0
965 772 1.0
965 941 1.0
965 956 1.0
966 114 1.0
966 307 1.0
966 372 1.0
966 690 1.0
966 701 1.0
966 822 1.0
966 825 1.0
967 97 1.0
967 162 1.0
967 250 1.0
967 555 1.0
967 800 1.0
967 930 1.0
968 0 1.0
968 63 1.0
968 89 1.0
968 189 1.0
968 367 1.0
968 372 1.0
968 418 1.0
968 617 1.0
968 752 1.0
968 896 1.0
968 906 1.0
969 48 1.0
969 83 1.0
969 198 1.0
969 229 1.0
969 332 1.0
969 412 1.0
969 734 1.0
970 59 1.0
970 73 1.0
970 169 1.0
970 428 1.0
970 509 1.0
970 512 1.0
970 568 1.0
970 694 1.0
971 21 1.0
971 161 1.0
971 192 1.0
971 198 1.0
971 227 1.0
971 544 1.0
971 899 1.0
972 248 1.0
972 365 1.0
972 400 1.0
972 526 1.0
972 692 1.0
972 815 1.0
972 850 1.0
973 13 1.0
973 34 1.0
973 41 1.0
973 309 1.0
973 415 1.0
973 601 1.0
974 1 1.0
974 32 1.0
974 60 1.0
974 300 1.0
974 335 1.0
974 696 1.0
975 9 1.0
975 37 1.0
975 142 1.0
975 218 1.0
975 291 1.0
975 354 1.0
976 53 1.0
976 186 1.0
976 290 1.0
976 550 1.0
976 894 1.0
977 180 1.0
977 278 1.0
977 367 1.0
977 636 1.0
977 651 1.0
978 0 1.0
978 37 1.0
978 133 1.0
978 176 1.0
978 529 1.0
978 550 1.0
978 580 1.0
978 769 1.0
979 19 1.0
979 34 1.0
979 65 1.0
979 81 1.0
979 259 1.0
979 276 1.0
979 290 1.0
979 519 1.0
979 549 1.0
980 15 1.0
980 63 1.0
980 112 1.0
980 115 1.0
980 562 1.0
980 570 1.0
980 574 1.0
980 609 1.0
981 15 1.0
981 42 1.0
981 254 1.0
981 413 1.0
981 512 1.0
982 0 1.0
982 4 1.0
982 18 1.0
982 44 1.0
982 206 1.0
982 208 1.0
982 269 1.0
982 366 1.0
982 523 1.0
982 583 1.0
982 984 1.0
983 4 1.0
983 14 1.0
983 90 1.0
983 280 1.0
983 584 1.0
983 934 1.0
984 296 1.0
984 523 1.0
984 568 1.0
984 590 1.0
984 671 1.0
984 686 1.0
984 982 1.0
985 2 1.0
985 30 1.0
985 154 1.0
985 410 1.0
985 698 1.0
986 22 1.0
986 171 1.0
986 373 1.0
986 407 1.0
986 727 1.0
986 996 1.0
987 58 1.0
987 259 1.0
987 285 1.0
987 297 1.0
987 436 1.0
988 20 1.0
988 52 1.0
988 53 1.0
988 272 1.0
988 276 1.0
988 356 1.0
988 532 1.0
988 652 1.0
988 896 1.0
989 7 1.0
989 277 1.0
989 483 1.0
989 513 1.0
989 591 1.0
990 8 1.0
990 94 1.0
990 136 1.0
990 265 1.0
990 523 1.0
990 583 1.0
990 589 1.0
990 595 1.0
990 603 1.0
991 299 1.0
991 410 1.0
991 513 1.0
991 580 1.0
991 783 1.0
991 892 1.0
992 28 1.0
992 155 1.0
992 269 1.0
992 525 1.0
992 551 1.0
992 845 1.0
993 265 1.0
993 272 1.0
993 303 1.0
993 445 1.0
993 646 1.0
993 685 1.0
993 792 1.0
993 802 1.0
994 33 1.0
994 75 1.0
994 211 1.0
994 371 1.0
994 641 1.0
995 11 1.0
995 13 1.0
995 40 1.0
995 68 1.0
995 70 1.0
995 137 1.0
995 397 1.0
995 837 1.0
996 68 1.0
996 225 1.0
996 263 1.0
996 297 1.0
996 454 1.0
996 986 1.0
997 8 1.0
997 184 1.0
997 268 1.0
997 284 1.0
997 440 1.0
997 518 1.0
997 671 1.0
997 796 1.0
998 69 1.0
998 88 1.0
998 110 1.0
998 279 1.0
998 373 1.0
999 24 1.0
999 37 1.0
999 64 1.0
999 112 1.0
999 421 1.0
999 536 1.0
999 880 1.0
999 937 1.0
