0 265 1.0
0 763 1.0
0 810 1.0
0 949 1.0
1 388 1.0
1 749 1.0
1 906 1.0
1 922 1.0
1 954 1.0
2 611 1.0
2 918 1.0
2 929 1.0
2 948 1.0
3 415 1.0
3 438 1.0
3 463 1.0
3 548 1.0
3 954 1.0
4 33 1.0
4 146 1.0
4 499 1.0
4 676 1.0
4 888 1.0
4 951 1.0
5 178 1.0
5 301 1.0
5 575 1.0
5 638 1.0
5 676 1.0
5 720 1.0
5 732 1.0
5 778 1.0
5 796 1.0
5 956 1.0
5 963 1.0
5 964 1.0
6 5 1.0
6 9 1.0
6 22 1.0
6 223 1.0
6 261 1.0
6 304 1.0
6 480 1.0
6 700 1.0
6 787 1.0
7 263 1.0
7 357 1.0
7 561 1.0
7 703 1.0
7 819 1.0
7 882 1.0
8 18 1.0
8 48 1.0
8 70 1.0
8 190 1.0
8 847 1.0
8 885 1.0
9 197 1.0
9 225 1.0
9 399 1.0
9 450 1.0
9 724 1.0
9 911 1.0
10 8 1.0
10 249 1.0
10 377 1.0
10 490 1.0
10 512 1.0
10 565 1.0
10 708 1.0
10 893 1.0
11 110 1.0
11 170 1.0
11 179 1.0
11 356 1.0
11 760 1.0
11 864 1.0
12 330 1.0
12 580 1.0
12 665 1.0
12 918 1.0
12 928 1.0
13 590 1.0
13 648 1.0
13 663 1.0
13 792 1.0
13 818 1.0
13 943 1.0
14 235 1.0
14 247 1.0
14 332 1.0
14 363 1.0
14 580 1.0
15 216 1.0
15 343 1.0
15 403 1.0
15 522 1.0
15 558 1.0
15 624 1.0
16 170 1.0
16 255 1.0
16 374 1.0
16 517 1.0
16 590 1.0
16 591 1.0
16 925 1.0
17 14 1.0
17 261 1.0
17 870 1.0
18 86 1.0
18 290 1.0
18 305 1.0
18 314 1.0
18 348 1.0
18 699 1.0
18 929 1.0
19 670 1.0
19 901 1.0
20 129 1.0
20 301 1.0
20 342 1.0
20 492 1.0
20 500 1.0
20 648 1.0
20 774 1.0
20 840 1.0
20 895 1.0
20 911 1.0
21 1 1.0
21 134 1.0
21 335 1.0
21 371 1.0
21 406 1.0
21 493 1.0
21 910 1.0
22 75 1.0
22 339 1.0
22 504 1.0
22 576 1.0
22 602 1.0
22 691 1.0
22 798 1.0
22 808 1.0
23 67 1.0
23 110 1.0
23 185 1.0
23 439 1.0
23 596 1.0
23 806 1.0
24 57 1.0
24 74 1.0
24 151 1.0
24 192 1.0
24 288 1.0
24 436 1.0
24 478 1.0
24 504 1.0
24 539 1.0
24 679 1.0
24 792 1.0
24 937 1.0
24 941 1.0
24 959 1.0
25 727 1.0
25 797 1.0
25 915 1.0
25 930 1.0
25 933 1.0
25 954 1.0
26 94 1.0
26 552 1.0
26 638 1.0
26 804 1.0
27 43 1.0
27 53 1.0
27 118 1.0
27 384 1.0
27 690 1.0
28 605 1.0
28 654 1.0
28 657 1.0
28 663 1.0
28 694 1.0
28 733 1.0
28 765 1.0
28 781 1.0
28 895 1.0
28 907 1.0
29 42 1.0
29 200 1.0
29 495 1.0
29 542 1.0
29 547 1.0
29 578 1.0
29 649 1.0
29 703 1.0
29 844 1.0
30 193 1.0
30 252 1.0
30 355 1.0
30 547 1.0
30 570 1.0
30 965 1.0
31 10 1.0
31 340 1.0
31 642 1.0
31 670 1.0
31 712 1.0
31 725 1.0
31 814 1.0
31 822 1.0
31 894 1.0
32 161 1.0
32 597 1.0
32 669 1.0
32 738 1.0
32 759 1.0
32 837 1.0
32 943 1.0
33 61 1.0
33 90 1.0
33 603 1.0
33 940 1.0
33 962 1.0
34 41 1.0
34 272 1.0
34 953 1.0
35 214 1.0
35 301 1.0
35 344 1.0
35 697 1.0
35 723 1.0
35 769 1.0
35 785 1.0
35 866 1.0
35 929 1.0
35 932 1.0
35 951 1.0
36 46 1.0
36 104 1.0
36 273 1.0
36 287 1.0
36 291 1.0
36 302 1.0
36 432 1.0
36 475 1.0
36 568 1.0
36 602 1.0
36 616 1.0
36 833 1.0
36 861 1.0
36 866 1.0
36 906 1.0
37 84 1.0
37 574 1.0
37 762 1.0
37 925 1.0
38 101 1.0
38 186 1.0
38 268 1.0
38 434 1.0
38 537 1.0
38 707 1.0
39 270 1.0
39 325 1.0
39 372 1.0
39 952 1.0
40 251 1.0
40 306 1.0
40 440 1.0
40 583 1.0
40 670 1.0
40 700 1.0
40 724 1.0
40 829 1.0
40 880 1.0
40 907 1.0
40 949 1.0
40 964 1.0
41 5 1.0
41 79 1.0
41 178 1.0
42 83 1.0
42 329 1.0
42 666 1.0
42 668 1.0
42 803 1.0
42 869 1.0
42 880 1.0
42 902 1.0
42 921 1.0
43 16 1.0
43 185 1.0
43 196 1.0
43 462 1.0
43 475 1.0
43 633 1.0
43 686 1.0
43 745 1.0
44 6 1.0
44 92 1.0
44 158 1.0
44 176 1.0
44 417 1.0
44 674 1.0
44 707 1.0
44 726 1.0
44 793 1.0
44 948 1.0
45 317 1.0
45 491 1.0
45 644 1.0
45 692 1.0
45 786 1.0
45 897 1.0
45 963 1.0
46 434 1.0
46 568 1.0
46 672 1.0
46 904 1.0
47 133 1.0
47 511 1.0
47 752 1.0
48 120 1.0
48 140 1.0
48 151 1.0
48 410 1.0
48 523 1.0
48 539 1.0
48 547 1.0
48 626 1.0
48 817 1.0
49 123 1.0
49 170 1.0
49 198 1.0
49 325 1.0
49 335 1.0
49 410 1.0
49 642 1.0
49 766 1.0
49 791 1.0
49 907 1.0
50 179 1.0
50 222 1.0
50 300 1.0
50 329 1.0
50 641 1.0
50 887 1.0
50 908 1.0
50 914 1.0
51 30 1.0
51 146 1.0
51 390 1.0
51 411 1.0
51 509 1.0
51 612 1.0
51 704 1.0
52 48 1.0
52 221 1.0
52 229 1.0
52 277 1.0
52 752 1.0
53 196 1.0
53 485 1.0
53 577 1.0
53 602 1.0
53 673 1.0
53 712 1.0
53 856 1.0
53 961 1.0
54 294 1.0
54 307 1.0
54 346 1.0
54 381 1.0
54 409 1.0
54 593 1.0
54 616 1.0
54 667 1.0
54 752 1.0
54 775 1.0
54 869 1.0
54 925 1.0
55 90 1.0
55 115 1.0
55 477 1.0
56 74 1.0
56 243 1.0
56 342 1.0
56 656 1.0
56 701 1.0
56 822 1.0
56 829 1.0
56 895 1.0
57 272 1.0
57 277 1.0
57 287 1.0
57 315 1.0
57 967 1.0
58 188 1.0
58 239 1.0
58 415 1.0
58 619 1.0
59 115 1.0
59 441 1.0
59 520 1.0
59 840 1.0
59 854 1.0
59 917 1.0
60 86 1.0
60 349 1.0
60 506 1.0
60 585 1.0
60 853 1.0
60 858 1.0
61 11 1.0
61 26 1.0
61 36 1.0
61 136 1.0
61 185 1.0
61 474 1.0
61 832 1.0
62 95 1.0
62 286 1.0
62 313 1.0
62 687 1.0
62 778 1.0
63 38 1.0
63 177 1.0
63 226 1.0
63 387 1.0
63 430 1.0
63 576 1.0
63 834 1.0
63 856 1.0
64 31 1.0
64 172 1.0
64 274 1.0
64 400 1.0
64 549 1.0
64 873 1.0
65 97 1.0
65 494 1.0
65 509 1.0
65 615 1.0
65 915 1.0
65 933 1.0
66 43 1.0
66 522 1.0
66 765 1.0
66 845 1.0
66 850 1.0
66 861 1.0
67 113 1.0
67 187 1.0
67 196 1.0
67 248 1.0
67 263 1.0
67 266 1.0
67 407 1.0
67 485 1.0
67 558 1.0
67 618 1.0
67 640 1.0
67 674 1.0
67 880 1.0
67 920 1.0
68 82 1.0
68 238 1.0
68 250 1.0
68 301 1.0
68 570 1.0
68 830 1.0
69 309 1.0
69 612 1.0
69 625 1.0
69 681 1.0
69 868 1.0
70 84 1.0
70 128 1.0
70 131 1.0
70 267 1.0
70 629 1.0
70 766 1.0
70 856 1.0
70 920 1.0
70 969 1.0
71 45 1.0
71 49 1.0
71 372 1.0
71 464 1.0
71 514 1.0
71 687 1.0
71 695 1.0
71 745 1.0
71 789 1.0
72 587 1.0
72 688 1.0
73 19 1.0
73 440 1.0
73 453 1.0
73 711 1.0
73 866 1.0
74 126 1.0
74 476 1.0
74 493 1.0
74 763 1.0
74 783 1.0
74 906 1.0
75 597 1.0
75 693 1.0
75 744 1.0
75 796 1.0
75 874 1.0
75 897 1.0
75 907 1.0
76 38 1.0
76 42 1.0
76 382 1.0
76 451 1.0
76 524 1.0
76 636 1.0
76 893 1.0
76 904 1.0
76 965 1.0
77 338 1.0
77 595 1.0
77 632 1.0
78 81 1.0
78 87 1.0
78 107 1.0
78 452 1.0
78 509 1.0
78 591 1.0
78 607 1.0
78 777 1.0
78 871 1.0
79 117 1.0
79 171 1.0
79 300 1.0
79 575 1.0
79 637 1.0
79 707 1.0
79 857 1.0
79 866 1.0
80 157 1.0
80 229 1.0
80 476 1.0
80 510 1.0
80 565 1.0
80 566 1.0
80 748 1.0
81 299 1.0
81 538 1.0
81 772 1.0
81 836 1.0
82 99 1.0
82 468 1.0
82 500 1.0
82 594 1.0
82 701 1.0
82 728 1.0
82 755 1.0
82 919 1.0
83 35 1.0
83 61 1.0
83 287 1.0
83 684 1.0
83 782 1.0
83 922 1.0
84 18 1.0
84 79 1.0
84 251 1.0
84 266 1.0
84 408 1.0
84 504 1.0
84 863 1.0
85 87 1.0
85 245 1.0
85 400 1.0
85 659 1.0
85 749 1.0
85 767 1.0
86 343 1.0
86 370 1.0
86 377 1.0
86 660 1.0
86 781 1.0
86 933 1.0
87 182 1.0
87 251 1.0
87 291 1.0
87 383 1.0
87 735 1.0
88 180 1.0
88 795 1.0
89 282 1.0
89 399 1.0
89 768 1.0
89 780 1.0
90 6 1.0
90 45 1.0
90 161 1.0
90 236 1.0
90 281 1.0
90 308 1.0
90 794 1.0
90 811 1.0
91 185 1.0
91 376 1.0
91 562 1.0
91 688 1.0
92 58 1.0
92 222 1.0
92 897 1.0
93 66 1.0
93 69 1.0
93 407 1.0
93 506 1.0
93 727 1.0
93 795 1.0
93 967 1.0
94 164 1.0
94 555 1.0
94 657 1.0
94 917 1.0
94 955 1.0
95 74 1.0
95 233 1.0
96 2 1.0
96 117 1.0
96 151 1.0
96 331 1.0
96 549 1.0
96 597 1.0
96 790 1.0
96 792 1.0
96 936 1.0
97 27 1.0
97 174 1.0
97 407 1.0
97 547 1.0
97 614 1.0
97 778 1.0
97 848 1.0
97 900 1.0
97 915 1.0
98 236 1.0
98 261 1.0
98 282 1.0
98 380 1.0
98 659 1.0
98 667 1.0
98 912 1.0
98 929 1.0
99 112 1.0
99 128 1.0
99 135 1.0
99 334 1.0
99 471 1.0
99 570 1.0
99 655 1.0
100 12 1.0
100 102 1.0
100 184 1.0
100 191 1.0
100 247 1.0
100 659 1.0
100 683 1.0
100 696 1.0
100 792 1.0
100 806 1.0
100 901 1.0
101 187 1.0
101 253 1.0
101 267 1.0
101 352 1.0
102 293 1.0
102 449 1.0
102 622 1.0
102 900 1.0
102 941 1.0
102 964 1.0
103 438 1.0
103 485 1.0
103 561 1.0
103 693 1.0
103 717 1.0
104 308 1.0
104 435 1.0
104 436 1.0
104 514 1.0
104 872 1.0
104 960 1.0
105 93 1.0
105 258 1.0
105 457 1.0
105 709 1.0
105 795 1.0
106 151 1.0
106 170 1.0
106 728 1.0
106 844 1.0
106 868 1.0
107 77 1.0
107 246 1.0
107 462 1.0
107 800 1.0
108 159 1.0
108 411 1.0
108 433 1.0
108 467 1.0
108 603 1.0
108 612 1.0
108 640 1.0
108 698 1.0
108 708 1.0
108 756 1.0
109 723 1.0
109 894 1.0
109 958 1.0
110 204 1.0
110 345 1.0
110 820 1.0
110 851 1.0
110 894 1.0
110 903 1.0
111 292 1.0
111 439 1.0
111 570 1.0
111 805 1.0
111 954 1.0
112 395 1.0
112 505 1.0
112 591 1.0
112 670 1.0
112 684 1.0
112 803 1.0
113 21 1.0
113 35 1.0
113 149 1.0
113 286 1.0
113 290 1.0
113 449 1.0
113 469 1.0
113 586 1.0
113 611 1.0
113 748 1.0
113 843 1.0
114 144 1.0
114 319 1.0
114 436 1.0
114 504 1.0
114 528 1.0
114 630 1.0
114 838 1.0
114 943 1.0
115 476 1.0
115 522 1.0
115 835 1.0
115 940 1.0
116 6 1.0
116 15 1.0
116 147 1.0
116 220 1.0
116 419 1.0
116 702 1.0
116 815 1.0
116 943 1.0
117 32 1.0
117 42 1.0
117 106 1.0
117 264 1.0
117 319 1.0
117 431 1.0
117 566 1.0
117 709 1.0
117 772 1.0
117 786 1.0
117 788 1.0
118 133 1.0
118 380 1.0
118 447 1.0
118 677 1.0
118 732 1.0
118 930 1.0
119 107 1.0
119 135 1.0
119 154 1.0
119 455 1.0
119 471 1.0
119 491 1.0
119 556 1.0
119 698 1.0
119 770 1.0
119 776 1.0
119 788 1.0
120 2 1.0
120 5 1.0
120 229 1.0
120 302 1.0
120 334 1.0
120 696 1.0
120 783 1.0
120 945 1.0
121 234 1.0
121 283 1.0
121 292 1.0
121 295 1.0
121 406 1.0
122 170 1.0
122 527 1.0
122 749 1.0
122 911 1.0
123 3 1.0
123 194 1.0
123 233 1.0
123 895 1.0
123 921 1.0
124 346 1.0
124 411 1.0
124 438 1.0
124 760 1.0
124 857 1.0
124 885 1.0
124 894 1.0
125 420 1.0
125 439 1.0
125 559 1.0
125 777 1.0
125 845 1.0
125 864 1.0
126 112 1.0
126 169 1.0
126 191 1.0
126 217 1.0
126 301 1.0
126 430 1.0
126 660 1.0
126 799 1.0
126 895 1.0
127 135 1.0
127 200 1.0
128 477 1.0
128 502 1.0
128 688 1.0
128 764 1.0
128 825 1.0
128 841 1.0
129 41 1.0
129 104 1.0
129 181 1.0
129 222 1.0
129 261 1.0
129 604 1.0
129 816 1.0
130 125 1.0
130 223 1.0
130 250 1.0
130 271 1.0
130 460 1.0
130 600 1.0
130 694 1.0
130 718 1.0
130 966 1.0
131 224 1.0
131 625 1.0
131 734 1.0
131 920 1.0
132 143 1.0
132 360 1.0
132 379 1.0
132 472 1.0
132 515 1.0
132 533 1.0
132 785 1.0
132 793 1.0
132 836 1.0
133 101 1.0
133 131 1.0
133 596 1.0
133 634 1.0
133 829 1.0
134 128 1.0
134 176 1.0
134 333 1.0
134 501 1.0
134 880 1.0
134 882 1.0
135 55 1.0
135 175 1.0
135 208 1.0
135 228 1.0
135 248 1.0
135 346 1.0
135 416 1.0
135 503 1.0
135 635 1.0
135 762 1.0
135 777 1.0
135 792 1.0
135 846 1.0
135 876 1.0
136 262 1.0
136 455 1.0
136 501 1.0
136 775 1.0
136 781 1.0
136 815 1.0
136 887 1.0
137 649 1.0
137 855 1.0
138 139 1.0
138 207 1.0
138 270 1.0
138 505 1.0
138 795 1.0
138 916 1.0
139 77 1.0
139 403 1.0
139 517 1.0
139 681 1.0
139 947 1.0
140 110 1.0
140 244 1.0
140 281 1.0
140 295 1.0
140 323 1.0
140 372 1.0
140 824 1.0
141 21 1.0
141 252 1.0
141 270 1.0
141 543 1.0
141 565 1.0
141 746 1.0
141 780 1.0
141 870 1.0
141 881 1.0
142 140 1.0
142 375 1.0
143 318 1.0
143 422 1.0
143 443 1.0
143 770 1.0
143 852 1.0
144 142 1.0
144 158 1.0
144 440 1.0
144 457 1.0
144 476 1.0
144 589 1.0
144 747 1.0
144 755 1.0
145 234 1.0
145 377 1.0
145 421 1.0
145 613 1.0
146 264 1.0
146 624 1.0
146 656 1.0
147 129 1.0
147 139 1.0
147 149 1.0
147 352 1.0
147 468 1.0
147 750 1.0
148 33 1.0
148 100 1.0
148 222 1.0
148 481 1.0
149 247 1.0
149 511 1.0
149 529 1.0
149 615 1.0
150 11 1.0
150 250 1.0
150 543 1.0
150 662 1.0
150 732 1.0
150 746 1.0
150 873 1.0
150 935 1.0
151 10 1.0
151 138 1.0
151 287 1.0
151 359 1.0
151 370 1.0
151 538 1.0
151 568 1.0
151 738 1.0
151 812 1.0
152 284 1.0
152 324 1.0
152 333 1.0
152 435 1.0
152 586 1.0
152 610 1.0
152 749 1.0
152 771 1.0
152 808 1.0
152 816 1.0
152 928 1.0
153 15 1.0
153 200 1.0
153 287 1.0
153 517 1.0
153 536 1.0
153 553 1.0
153 571 1.0
153 649 1.0
153 790 1.0
154 65 1.0
154 369 1.0
154 545 1.0
154 578 1.0
154 733 1.0
154 833 1.0
155 124 1.0
155 733 1.0
155 757 1.0
156 80 1.0
156 249 1.0
156 253 1.0
156 332 1.0
156 411 1.0
156 567 1.0
156 851 1.0
157 33 1.0
157 37 1.0
157 271 1.0
157 392 1.0
157 463 1.0
157 529 1.0
157 571 1.0
157 703 1.0
157 735 1.0
158 209 1.0
158 513 1.0
158 595 1.0
158 748 1.0
159 20 1.0
159 35 1.0
159 131 1.0
159 207 1.0
159 380 1.0
159 424 1.0
159 434 1.0
159 480 1.0
159 501 1.0
159 889 1.0
160 476 1.0
160 502 1.0
160 631 1.0
160 652 1.0
160 828 1.0
161 293 1.0
161 319 1.0
161 567 1.0
161 753 1.0
162 206 1.0
162 413 1.0
162 841 1.0
162 875 1.0
163 208 1.0
163 272 1.0
163 301 1.0
163 696 1.0
163 864 1.0
164 260 1.0
164 317 1.0
164 771 1.0
164 896 1.0
165 58 1.0
165 146 1.0
165 235 1.0
165 444 1.0
165 946 1.0
166 86 1.0
166 104 1.0
166 223 1.0
166 685 1.0
167 166 1.0
167 256 1.0
167 389 1.0
167 538 1.0
167 615 1.0
167 693 1.0
167 817 1.0
168 43 1.0
168 396 1.0
168 514 1.0
168 630 1.0
168 649 1.0
168 689 1.0
168 728 1.0
168 874 1.0
168 941 1.0
168 961 1.0
168 966 1.0
169 373 1.0
169 525 1.0
169 661 1.0
169 693 1.0
169 776 1.0
170 43 1.0
170 77 1.0
170 235 1.0
170 585 1.0
171 103 1.0
171 370 1.0
171 439 1.0
171 582 1.0
171 898 1.0
172 132 1.0
172 890 1.0
173 93 1.0
173 94 1.0
173 693 1.0
173 709 1.0
173 901 1.0
174 94 1.0
174 122 1.0
174 303 1.0
174 346 1.0
174 443 1.0
174 596 1.0
174 938 1.0
174 952 1.0
175 6 1.0
175 351 1.0
175 472 1.0
175 541 1.0
176 63 1.0
176 265 1.0
176 304 1.0
176 306 1.0
176 319 1.0
176 510 1.0
176 658 1.0
176 753 1.0
177 81 1.0
177 186 1.0
177 425 1.0
177 558 1.0
177 559 1.0
177 579 1.0
177 608 1.0
177 801 1.0
178 70 1.0
178 192 1.0
178 454 1.0
178 475 1.0
178 521 1.0
178 566 1.0
178 638 1.0
178 707 1.0
178 859 1.0
179 21 1.0
179 161 1.0
179 226 1.0
179 266 1.0
179 547 1.0
179 805 1.0
179 886 1.0
179 947 1.0
180 190 1.0
180 292 1.0
180 310 1.0
180 632 1.0
180 895 1.0
181 128 1.0
181 378 1.0
181 638 1.0
181 923 1.0
182 16 1.0
182 28 1.0
182 189 1.0
182 342 1.0
182 892 1.0
182 898 1.0
183 579 1.0
183 720 1.0
183 725 1.0
183 771 1.0
183 774 1.0
183 790 1.0
183 930 1.0
184 291 1.0
184 628 1.0
184 683 1.0
184 758 1.0
185 183 1.0
185 257 1.0
185 339 1.0
185 470 1.0
185 948 1.0
186 424 1.0
186 834 1.0
187 124 1.0
187 159 1.0
187 392 1.0
187 667 1.0
187 733 1.0
187 769 1.0
187 771 1.0
187 869 1.0
188 227 1.0
188 386 1.0
188 390 1.0
188 515 1.0
188 545 1.0
188 599 1.0
188 807 1.0
188 824 1.0
189 40 1.0
189 389 1.0
189 468 1.0
189 895 1.0
190 49 1.0
190 589 1.0
190 602 1.0
190 713 1.0
190 761 1.0
191 37 1.0
191 222 1.0
191 271 1.0
191 340 1.0
191 537 1.0
191 597 1.0
191 664 1.0
191 722 1.0
191 732 1.0
191 877 1.0
191 946 1.0
192 128 1.0
192 425 1.0
192 856 1.0
193 87 1.0
193 243 1.0
193 449 1.0
193 454 1.0
193 632 1.0
193 927 1.0
194 11 1.0
194 113 1.0
194 157 1.0
194 507 1.0
194 735 1.0
195 87 1.0
195 272 1.0
195 397 1.0
195 549 1.0
195 965 1.0
196 117 1.0
196 656 1.0
196 883 1.0
197 46 1.0
197 67 1.0
197 159 1.0
197 434 1.0
197 567 1.0
197 576 1.0
197 599 1.0
197 834 1.0
198 23 1.0
198 206 1.0
198 322 1.0
198 346 1.0
198 476 1.0
198 535 1.0
198 592 1.0
198 726 1.0
198 801 1.0
198 836 1.0
198 910 1.0
199 3 1.0
199 212 1.0
199 255 1.0
199 281 1.0
199 531 1.0
199 730 1.0
199 961 1.0
200 148 1.0
200 217 1.0
200 232 1.0
200 256 1.0
200 494 1.0
200 559 1.0
200 715 1.0
200 764 1.0
200 945 1.0
201 128 1.0
201 157 1.0
201 280 1.0
201 297 1.0
201 529 1.0
201 629 1.0
201 638 1.0
202 113 1.0
202 460 1.0
202 715 1.0
202 734 1.0
202 841 1.0
202 921 1.0
203 167 1.0
203 210 1.0
203 294 1.0
203 443 1.0
203 529 1.0
203 535 1.0
203 913 1.0
204 237 1.0
204 389 1.0
204 597 1.0
204 659 1.0
205 118 1.0
205 453 1.0
205 752 1.0
206 111 1.0
206 689 1.0
207 300 1.0
207 661 1.0
207 882 1.0
208 117 1.0
208 523 1.0
208 723 1.0
208 798 1.0
208 834 1.0
208 864 1.0
209 20 1.0
209 243 1.0
209 332 1.0
209 391 1.0
209 460 1.0
209 578 1.0
209 611 1.0
209 687 1.0
209 927 1.0
210 26 1.0
210 36 1.0
210 73 1.0
210 402 1.0
210 476 1.0
211 456 1.0
211 469 1.0
211 745 1.0
212 14 1.0
212 20 1.0
212 310 1.0
212 440 1.0
212 476 1.0
212 713 1.0
212 789 1.0
212 846 1.0
213 59 1.0
213 164 1.0
213 204 1.0
213 310 1.0
213 422 1.0
213 481 1.0
213 685 1.0
213 756 1.0
213 857 1.0
213 886 1.0
213 901 1.0
214 199 1.0
214 364 1.0
214 491 1.0
214 503 1.0
214 537 1.0
214 635 1.0
215 63 1.0
215 826 1.0
215 912 1.0
215 962 1.0
216 482 1.0
216 495 1.0
216 554 1.0
216 798 1.0
217 487 1.0
217 718 1.0
217 731 1.0
218 2 1.0
218 46 1.0
218 501 1.0
218 603 1.0
218 617 1.0
218 682 1.0
219 535 1.0
219 715 1.0
220 83 1.0
220 85 1.0
220 248 1.0
220 306 1.0
220 716 1.0
220 817 1.0
221 34 1.0
221 924 1.0
222 139 1.0
222 141 1.0
222 461 1.0
222 721 1.0
222 748 1.0
223 1 1.0
223 53 1.0
223 160 1.0
223 284 1.0
223 413 1.0
223 777 1.0
223 964 1.0
224 290 1.0
224 592 1.0
224 645 1.0
224 702 1.0
224 867 1.0
224 902 1.0
225 160 1.0
225 197 1.0
225 213 1.0
225 220 1.0
225 593 1.0
225 654 1.0
225 807 1.0
225 823 1.0
226 108 1.0
226 205 1.0
226 573 1.0
226 621 1.0
226 683 1.0
226 907 1.0
227 95 1.0
227 179 1.0
227 553 1.0
227 560 1.0
227 648 1.0
227 671 1.0
228 55 1.0
228 314 1.0
228 608 1.0
228 668 1.0
228 755 1.0
228 848 1.0
228 898 1.0
229 26 1.0
229 45 1.0
229 124 1.0
229 912 1.0
230 180 1.0
230 336 1.0
230 464 1.0
230 517 1.0
230 748 1.0
230 770 1.0
231 222 1.0
231 424 1.0
231 481 1.0
231 580 1.0
231 735 1.0
231 828 1.0
231 863 1.0
231 899 1.0
232 9 1.0
232 44 1.0
232 206 1.0
232 426 1.0
232 562 1.0
232 673 1.0
232 829 1.0
233 90 1.0
233 187 1.0
233 326 1.0
233 372 1.0
233 385 1.0
233 432 1.0
233 439 1.0
233 495 1.0
233 500 1.0
233 551 1.0
233 569 1.0
233 914 1.0
234 170 1.0
234 191 1.0
234 407 1.0
234 586 1.0
234 676 1.0
235 48 1.0
235 131 1.0
235 629 1.0
235 746 1.0
235 777 1.0
236 392 1.0
236 451 1.0
236 602 1.0
236 861 1.0
236 866 1.0
237 106 1.0
237 300 1.0
237 511 1.0
237 572 1.0
237 575 1.0
237 839 1.0
237 927 1.0
238 268 1.0
238 858 1.0
239 62 1.0
239 121 1.0
239 321 1.0
239 781 1.0
239 814 1.0
240 105 1.0
240 272 1.0
240 394 1.0
240 569 1.0
240 741 1.0
241 11 1.0
241 93 1.0
241 463 1.0
241 844 1.0
242 146 1.0
242 149 1.0
242 700 1.0
242 879 1.0
243 218 1.0
243 228 1.0
243 375 1.0
243 682 1.0
244 168 1.0
244 201 1.0
244 267 1.0
244 274 1.0
244 484 1.0
244 893 1.0
244 949 1.0
245 29 1.0
245 141 1.0
245 206 1.0
245 703 1.0
245 731 1.0
246 3 1.0
246 160 1.0
246 175 1.0
246 460 1.0
246 901 1.0
247 54 1.0
247 127 1.0
247 381 1.0
247 485 1.0
247 584 1.0
247 643 1.0
247 857 1.0
247 950 1.0
248 81 1.0
248 352 1.0
248 374 1.0
248 386 1.0
248 666 1.0
248 707 1.0
248 737 1.0
249 117 1.0
249 291 1.0
249 450 1.0
249 559 1.0
249 669 1.0
250 173 1.0
250 546 1.0
250 552 1.0
250 707 1.0
250 708 1.0
250 865 1.0
251 180 1.0
251 222 1.0
251 331 1.0
251 478 1.0
251 534 1.0
251 568 1.0
252 76 1.0
252 309 1.0
252 468 1.0
252 553 1.0
252 663 1.0
253 42 1.0
253 151 1.0
253 153 1.0
253 259 1.0
253 352 1.0
253 463 1.0
253 589 1.0
253 625 1.0
253 638 1.0
254 23 1.0
254 109 1.0
254 177 1.0
254 274 1.0
254 412 1.0
254 598 1.0
254 668 1.0
254 737 1.0
255 388 1.0
255 556 1.0
255 568 1.0
256 218 1.0
256 270 1.0
256 301 1.0
256 310 1.0
256 386 1.0
256 428 1.0
256 495 1.0
256 788 1.0
256 809 1.0
256 927 1.0
257 1 1.0
257 137 1.0
257 226 1.0
257 323 1.0
257 741 1.0
258 27 1.0
258 120 1.0
258 459 1.0
258 506 1.0
258 680 1.0
258 856 1.0
258 881 1.0
259 144 1.0
259 298 1.0
259 839 1.0
260 126 1.0
260 448 1.0
260 688 1.0
260 698 1.0
260 745 1.0
260 899 1.0
261 4 1.0
261 53 1.0
261 280 1.0
261 351 1.0
261 439 1.0
261 557 1.0
261 744 1.0
261 766 1.0
261 846 1.0
262 15 1.0
262 144 1.0
262 257 1.0
262 379 1.0
262 451 1.0
262 467 1.0
262 566 1.0
262 940 1.0
263 138 1.0
263 224 1.0
263 251 1.0
263 335 1.0
263 558 1.0
263 663 1.0
264 137 1.0
264 275 1.0
264 361 1.0
264 721 1.0
264 800 1.0
264 932 1.0
265 120 1.0
265 339 1.0
265 560 1.0
265 720 1.0
265 770 1.0
265 829 1.0
265 888 1.0
266 152 1.0
266 240 1.0
266 335 1.0
266 341 1.0
266 361 1.0
266 430 1.0
266 578 1.0
266 743 1.0
266 868 1.0
267 1 1.0
267 443 1.0
267 452 1.0
267 496 1.0
267 532 1.0
267 854 1.0
268 6 1.0
268 69 1.0
268 154 1.0
268 436 1.0
268 549 1.0
268 687 1.0
268 767 1.0
268 768 1.0
269 347 1.0
269 672 1.0
269 760 1.0
270 0 1.0
270 145 1.0
270 177 1.0
270 192 1.0
270 503 1.0
270 585 1.0
270 717 1.0
270 740 1.0
271 93 1.0
271 124 1.0
271 134 1.0
271 250 1.0
271 475 1.0
271 703 1.0
271 775 1.0
272 320 1.0
272 324 1.0
272 360 1.0
272 453 1.0
272 719 1.0
272 816 1.0
272 964 1.0
273 4 1.0
273 418 1.0
273 585 1.0
273 590 1.0
273 620 1.0
273 625 1.0
273 769 1.0
273 820 1.0
273 873 1.0
274 20 1.0
274 253 1.0
274 325 1.0
274 848 1.0
275 8 1.0
275 68 1.0
275 251 1.0
275 716 1.0
275 967 1.0
276 168 1.0
276 189 1.0
276 192 1.0
276 210 1.0
276 334 1.0
276 442 1.0
276 568 1.0
276 747 1.0
276 817 1.0
277 17 1.0
277 358 1.0
277 565 1.0
277 709 1.0
277 937 1.0
278 90 1.0
278 660 1.0
278 736 1.0
278 961 1.0
279 17 1.0
279 29 1.0
279 100 1.0
279 119 1.0
279 377 1.0
279 590 1.0
279 633 1.0
279 661 1.0
280 15 1.0
280 306 1.0
280 339 1.0
280 947 1.0
281 215 1.0
281 291 1.0
281 292 1.0
281 323 1.0
281 539 1.0
281 689 1.0
281 773 1.0
282 100 1.0
282 213 1.0
282 339 1.0
282 346 1.0
282 580 1.0
283 99 1.0
283 117 1.0
283 411 1.0
283 494 1.0
283 552 1.0
283 559 1.0
283 580 1.0
283 582 1.0
283 584 1.0
283 619 1.0
283 757 1.0
283 798 1.0
283 807 1.0
283 830 1.0
283 955 1.0
284 129 1.0
284 141 1.0
284 194 1.0
284 341 1.0
284 373 1.0
284 454 1.0
284 630 1.0
284 668 1.0
284 955 1.0
284 957 1.0
285 134 1.0
285 623 1.0
285 715 1.0
285 734 1.0
285 867 1.0
285 871 1.0
286 209 1.0
287 182 1.0
287 328 1.0
287 407 1.0
287 517 1.0
287 521 1.0
287 724 1.0
287 764 1.0
287 813 1.0
288 34 1.0
288 45 1.0
288 130 1.0
288 379 1.0
288 583 1.0
288 790 1.0
289 377 1.0
289 383 1.0
289 780 1.0
289 793 1.0
289 828 1.0
290 1 1.0
290 129 1.0
290 219 1.0
290 298 1.0
290 329 1.0
290 452 1.0
290 469 1.0
290 702 1.0
291 48 1.0
291 106 1.0
291 151 1.0
291 183 1.0
291 276 1.0
291 396 1.0
291 500 1.0
291 604 1.0
291 865 1.0
291 932 1.0
291 938 1.0
292 102 1.0
292 720 1.0
292 818 1.0
293 307 1.0
293 374 1.0
293 580 1.0
293 592 1.0
293 788 1.0
294 365 1.0
294 582 1.0
295 5 1.0
295 150 1.0
295 239 1.0
295 487 1.0
295 571 1.0
295 653 1.0
295 750 1.0
295 797 1.0
295 842 1.0
296 101 1.0
296 585 1.0
296 605 1.0
296 918 1.0
297 23 1.0
297 138 1.0
297 458 1.0
297 481 1.0
297 778 1.0
298 343 1.0
298 380 1.0
298 387 1.0
298 548 1.0
298 562 1.0
298 584 1.0
298 617 1.0
298 891 1.0
299 21 1.0
299 130 1.0
299 295 1.0
299 369 1.0
299 408 1.0
299 436 1.0
299 459 1.0
299 518 1.0
299 753 1.0
299 758 1.0
299 809 1.0
299 839 1.0
300 71 1.0
300 106 1.0
300 285 1.0
300 746 1.0
301 274 1.0
301 282 1.0
301 918 1.0
302 21 1.0
302 316 1.0
302 408 1.0
302 613 1.0
302 638 1.0
302 799 1.0
303 152 1.0
303 183 1.0
303 397 1.0
303 608 1.0
304 88 1.0
304 373 1.0
304 484 1.0
304 641 1.0
305 362 1.0
305 400 1.0
305 634 1.0
305 722 1.0
305 729 1.0
305 838 1.0
306 86 1.0
306 161 1.0
306 696 1.0
306 799 1.0
306 811 1.0
307 129 1.0
307 482 1.0
307 518 1.0
307 667 1.0
307 714 1.0
307 722 1.0
307 959 1.0
308 135 1.0
308 320 1.0
308 356 1.0
308 704 1.0
308 729 1.0
308 890 1.0
309 400 1.0
309 497 1.0
309 583 1.0
309 616 1.0
309 717 1.0
309 954 1.0
310 23 1.0
310 42 1.0
310 91 1.0
310 202 1.0
310 287 1.0
310 370 1.0
310 491 1.0
310 602 1.0
310 706 1.0
310 736 1.0
311 101 1.0
311 541 1.0
311 783 1.0
312 28 1.0
312 153 1.0
312 211 1.0
312 306 1.0
312 447 1.0
312 549 1.0
312 684 1.0
313 347 1.0
313 493 1.0
313 720 1.0
314 17 1.0
314 29 1.0
314 577 1.0
314 578 1.0
315 18 1.0
315 435 1.0
315 576 1.0
315 790 1.0
315 939 1.0
316 60 1.0
316 140 1.0
316 251 1.0
316 302 1.0
316 333 1.0
316 660 1.0
316 673 1.0
316 883 1.0
317 118 1.0
317 299 1.0
317 669 1.0
318 11 1.0
318 267 1.0
318 572 1.0
319 265 1.0
319 464 1.0
319 764 1.0
319 866 1.0
320 39 1.0
320 136 1.0
320 221 1.0
320 290 1.0
320 323 1.0
320 915 1.0
321 152 1.0
321 225 1.0
321 295 1.0
321 788 1.0
321 939 1.0
322 456 1.0
322 846 1.0
323 402 1.0
323 426 1.0
323 479 1.0
323 485 1.0
323 497 1.0
323 532 1.0
323 643 1.0
323 790 1.0
323 919 1.0
324 331 1.0
324 815 1.0
324 861 1.0
325 38 1.0
325 52 1.0
325 61 1.0
325 76 1.0
325 106 1.0
325 124 1.0
325 165 1.0
325 265 1.0
325 763 1.0
326 231 1.0
326 440 1.0
326 626 1.0
326 901 1.0
326 943 1.0
327 7 1.0
327 188 1.0
327 484 1.0
327 711 1.0
328 29 1.0
328 95 1.0
328 314 1.0
328 338 1.0
328 588 1.0
328 812 1.0
328 877 1.0
328 950 1.0
329 122 1.0
329 197 1.0
329 425 1.0
329 734 1.0
329 827 1.0
329 840 1.0
330 172 1.0
330 173 1.0
330 271 1.0
330 335 1.0
330 576 1.0
330 640 1.0
330 794 1.0
331 95 1.0
331 538 1.0
331 777 1.0
332 35 1.0
332 573 1.0
332 646 1.0
332 941 1.0
333 21 1.0
333 279 1.0
333 408 1.0
333 526 1.0
333 905 1.0
334 136 1.0
334 341 1.0
334 574 1.0
334 593 1.0
334 630 1.0
334 652 1.0
334 806 1.0
334 931 1.0
334 957 1.0
334 962 1.0
335 134 1.0
335 463 1.0
335 499 1.0
335 629 1.0
335 722 1.0
335 809 1.0
336 25 1.0
336 316 1.0
336 418 1.0
336 432 1.0
336 654 1.0
336 675 1.0
336 809 1.0
336 959 1.0
337 182 1.0
337 207 1.0
337 213 1.0
337 692 1.0
337 745 1.0
337 762 1.0
337 810 1.0
338 122 1.0
338 179 1.0
338 557 1.0
338 619 1.0
338 811 1.0
338 866 1.0
338 967 1.0
339 76 1.0
339 294 1.0
339 476 1.0
339 528 1.0
340 211 1.0
340 374 1.0
340 464 1.0
340 486 1.0
340 529 1.0
340 670 1.0
340 942 1.0
341 52 1.0
341 193 1.0
341 220 1.0
341 500 1.0
341 531 1.0
341 902 1.0
341 903 1.0
341 942 1.0
342 10 1.0
342 228 1.0
342 439 1.0
342 576 1.0
342 664 1.0
342 689 1.0
342 701 1.0
342 919 1.0
343 415 1.0
344 124 1.0
344 295 1.0
344 303 1.0
344 333 1.0
344 612 1.0
344 832 1.0
344 898 1.0
344 916 1.0
344 943 1.0
345 374 1.0
345 461 1.0
346 22 1.0
346 303 1.0
346 380 1.0
346 390 1.0
346 550 1.0
346 602 1.0
346 711 1.0
346 830 1.0
346 920 1.0
347 6 1.0
347 311 1.0
347 352 1.0
347 514 1.0
347 582 1.0
347 607 1.0
347 647 1.0
348 97 1.0
348 106 1.0
348 219 1.0
348 486 1.0
348 510 1.0
348 543 1.0
348 552 1.0
348 568 1.0
348 679 1.0
348 696 1.0
348 796 1.0
348 841 1.0
349 40 1.0
349 122 1.0
349 163 1.0
349 185 1.0
349 253 1.0
349 384 1.0
349 423 1.0
349 445 1.0
349 535 1.0
349 560 1.0
349 621 1.0
349 718 1.0
349 744 1.0
349 796 1.0
349 800 1.0
349 901 1.0
349 930 1.0
350 141 1.0
350 655 1.0
350 792 1.0
351 42 1.0
351 613 1.0
351 614 1.0
351 835 1.0
351 865 1.0
351 868 1.0
351 870 1.0
351 875 1.0
352 330 1.0
352 480 1.0
352 594 1.0
352 707 1.0
352 730 1.0
352 811 1.0
352 903 1.0
353 160 1.0
353 211 1.0
353 239 1.0
353 442 1.0
353 571 1.0
353 655 1.0
353 708 1.0
353 831 1.0
354 77 1.0
354 243 1.0
354 370 1.0
354 459 1.0
355 219 1.0
355 442 1.0
355 537 1.0
355 629 1.0
355 683 1.0
356 433 1.0
356 549 1.0
356 829 1.0
356 839 1.0
356 876 1.0
357 269 1.0
357 329 1.0
357 643 1.0
357 801 1.0
358 227 1.0
358 323 1.0
358 608 1.0
358 923 1.0
359 93 1.0
359 357 1.0
359 546 1.0
359 768 1.0
359 770 1.0
359 896 1.0
360 155 1.0
360 440 1.0
360 571 1.0
360 837 1.0
361 5 1.0
361 97 1.0
361 139 1.0
361 371 1.0
361 415 1.0
361 464 1.0
361 791 1.0
362 229 1.0
362 346 1.0
362 447 1.0
362 586 1.0
362 619 1.0
363 250 1.0
363 253 1.0
363 495 1.0
363 525 1.0
363 557 1.0
363 666 1.0
363 696 1.0
364 44 1.0
364 167 1.0
364 213 1.0
364 288 1.0
364 330 1.0
364 545 1.0
365 34 1.0
365 364 1.0
365 520 1.0
366 89 1.0
366 95 1.0
366 357 1.0
366 367 1.0
366 531 1.0
367 182 1.0
367 266 1.0
367 585 1.0
367 605 1.0
367 637 1.0
367 913 1.0
368 150 1.0
368 287 1.0
368 291 1.0
368 444 1.0
368 492 1.0
368 722 1.0
368 944 1.0
369 13 1.0
369 72 1.0
369 214 1.0
369 279 1.0
369 435 1.0
369 728 1.0
369 775 1.0
369 922 1.0
370 58 1.0
370 139 1.0
370 267 1.0
370 283 1.0
370 337 1.0
370 730 1.0
370 750 1.0
370 773 1.0
370 872 1.0
371 291 1.0
371 342 1.0
371 382 1.0
371 484 1.0
371 582 1.0
371 769 1.0
371 859 1.0
371 918 1.0
371 942 1.0
372 200 1.0
372 421 1.0
372 600 1.0
372 642 1.0
372 834 1.0
373 307 1.0
373 323 1.0
373 363 1.0
374 4 1.0
374 90 1.0
374 145 1.0
374 166 1.0
374 579 1.0
374 690 1.0
374 830 1.0
375 275 1.0
375 566 1.0
375 726 1.0
375 771 1.0
375 809 1.0
375 829 1.0
376 85 1.0
376 87 1.0
376 160 1.0
376 256 1.0
376 296 1.0
376 399 1.0
376 421 1.0
376 441 1.0
376 474 1.0
376 714 1.0
376 737 1.0
376 847 1.0
377 38 1.0
377 256 1.0
377 273 1.0
377 292 1.0
377 440 1.0
377 927 1.0
377 944 1.0
378 24 1.0
378 486 1.0
378 564 1.0
378 704 1.0
378 808 1.0
379 20 1.0
379 63 1.0
379 170 1.0
379 220 1.0
379 293 1.0
379 369 1.0
379 371 1.0
379 564 1.0
379 620 1.0
379 833 1.0
380 30 1.0
380 42 1.0
380 113 1.0
380 349 1.0
380 353 1.0
380 527 1.0
380 765 1.0
380 810 1.0
380 836 1.0
380 955 1.0
381 71 1.0
381 141 1.0
381 205 1.0
381 315 1.0
381 793 1.0
381 794 1.0
382 45 1.0
382 215 1.0
382 557 1.0
382 606 1.0
382 782 1.0
382 860 1.0
383 2 1.0
383 70 1.0
383 300 1.0
383 853 1.0
384 154 1.0
384 168 1.0
384 509 1.0
384 606 1.0
384 701 1.0
385 313 1.0
385 808 1.0
385 839 1.0
386 30 1.0
386 224 1.0
386 349 1.0
386 489 1.0
386 814 1.0
386 891 1.0
387 126 1.0
387 298 1.0
387 307 1.0
387 715 1.0
387 722 1.0
387 870 1.0
387 879 1.0
387 889 1.0
388 192 1.0
388 304 1.0
388 702 1.0
388 773 1.0
388 894 1.0
389 245 1.0
389 360 1.0
389 661 1.0
390 630 1.0
390 720 1.0
391 97 1.0
391 368 1.0
391 379 1.0
391 623 1.0
391 783 1.0
392 168 1.0
392 307 1.0
392 343 1.0
392 369 1.0
392 478 1.0
392 504 1.0
393 344 1.0
393 572 1.0
393 905 1.0
394 57 1.0
394 61 1.0
394 95 1.0
394 240 1.0
394 269 1.0
395 41 1.0
395 217 1.0
395 532 1.0
395 539 1.0
395 565 1.0
395 823 1.0
395 908 1.0
396 36 1.0
396 100 1.0
396 131 1.0
396 149 1.0
396 219 1.0
396 292 1.0
396 301 1.0
396 583 1.0
396 720 1.0
396 744 1.0
397 24 1.0
397 94 1.0
397 177 1.0
397 208 1.0
397 285 1.0
397 454 1.0
397 480 1.0
397 601 1.0
397 678 1.0
397 858 1.0
398 195 1.0
398 519 1.0
398 540 1.0
398 546 1.0
398 707 1.0
398 753 1.0
399 295 1.0
399 354 1.0
399 472 1.0
399 836 1.0
400 430 1.0
400 470 1.0
400 499 1.0
400 552 1.0
400 675 1.0
400 700 1.0
400 737 1.0
400 894 1.0
400 897 1.0
401 43 1.0
401 170 1.0
401 271 1.0
401 290 1.0
401 643 1.0
401 856 1.0
401 912 1.0
402 21 1.0
402 683 1.0
402 797 1.0
403 436 1.0
403 555 1.0
403 561 1.0
403 644 1.0
403 688 1.0
403 786 1.0
403 789 1.0
403 933 1.0
404 211 1.0
404 237 1.0
404 477 1.0
404 688 1.0
404 695 1.0
405 43 1.0
405 485 1.0
405 502 1.0
405 568 1.0
406 198 1.0
406 612 1.0
406 838 1.0
407 203 1.0
407 230 1.0
407 258 1.0
407 545 1.0
407 709 1.0
407 813 1.0
407 962 1.0
408 34 1.0
408 81 1.0
408 154 1.0
408 207 1.0
408 349 1.0
408 422 1.0
408 431 1.0
408 835 1.0
409 37 1.0
409 118 1.0
409 136 1.0
409 198 1.0
409 306 1.0
409 408 1.0
409 423 1.0
409 545 1.0
410 49 1.0
410 67 1.0
410 143 1.0
410 259 1.0
410 307 1.0
410 458 1.0
410 530 1.0
410 659 1.0
410 868 1.0
410 870 1.0
410 892 1.0
410 910 1.0
411 117 1.0
411 403 1.0
411 404 1.0
411 446 1.0
411 495 1.0
411 544 1.0
412 101 1.0
412 651 1.0
412 825 1.0
412 855 1.0
413 132 1.0
413 175 1.0
413 538 1.0
413 677 1.0
413 819 1.0
414 24 1.0
414 496 1.0
414 768 1.0
415 315 1.0
415 389 1.0
415 772 1.0
416 726 1.0
416 827 1.0
417 253 1.0
417 289 1.0
417 790 1.0
417 811 1.0
417 855 1.0
417 880 1.0
417 912 1.0
417 968 1.0
418 296 1.0
418 383 1.0
418 520 1.0
418 617 1.0
418 680 1.0
418 811 1.0
419 93 1.0
419 153 1.0
419 254 1.0
419 437 1.0
419 630 1.0
419 699 1.0
419 968 1.0
420 24 1.0
420 51 1.0
420 88 1.0
420 218 1.0
420 303 1.0
420 348 1.0
420 415 1.0
420 481 1.0
420 525 1.0
420 566 1.0
420 695 1.0
420 794 1.0
420 934 1.0
421 39 1.0
421 56 1.0
421 100 1.0
421 156 1.0
421 319 1.0
421 681 1.0
421 843 1.0
422 89 1.0
422 108 1.0
422 178 1.0
422 266 1.0
422 311 1.0
422 443 1.0
422 510 1.0
422 566 1.0
422 638 1.0
422 650 1.0
422 724 1.0
422 820 1.0
422 859 1.0
423 56 1.0
423 484 1.0
423 729 1.0
424 17 1.0
424 410 1.0
424 610 1.0
425 150 1.0
425 326 1.0
425 402 1.0
425 571 1.0
425 722 1.0
425 768 1.0
425 904 1.0
425 940 1.0
426 190 1.0
426 490 1.0
426 517 1.0
426 593 1.0
426 675 1.0
426 688 1.0
426 725 1.0
426 869 1.0
427 10 1.0
427 18 1.0
427 139 1.0
427 218 1.0
427 336 1.0
427 666 1.0
427 696 1.0
428 57 1.0
428 173 1.0
428 260 1.0
428 286 1.0
428 632 1.0
428 672 1.0
428 768 1.0
428 948 1.0
429 37 1.0
429 68 1.0
429 331 1.0
429 438 1.0
429 656 1.0
430 81 1.0
430 127 1.0
430 297 1.0
430 606 1.0
430 771 1.0
431 55 1.0
431 113 1.0
431 411 1.0
431 489 1.0
431 533 1.0
431 636 1.0
431 733 1.0
431 886 1.0
432 13 1.0
432 166 1.0
432 189 1.0
432 293 1.0
432 573 1.0
432 956 1.0
433 594 1.0
433 613 1.0
433 623 1.0
433 682 1.0
433 793 1.0
433 820 1.0
433 838 1.0
434 55 1.0
434 200 1.0
434 412 1.0
434 419 1.0
434 481 1.0
434 743 1.0
434 827 1.0
435 42 1.0
435 118 1.0
435 171 1.0
435 188 1.0
435 272 1.0
435 487 1.0
436 548 1.0
437 31 1.0
437 213 1.0
437 354 1.0
437 458 1.0
437 524 1.0
437 559 1.0
437 739 1.0
437 805 1.0
438 65 1.0
438 645 1.0
439 239 1.0
439 269 1.0
439 302 1.0
439 436 1.0
439 443 1.0
439 702 1.0
439 745 1.0
440 115 1.0
440 261 1.0
440 271 1.0
440 457 1.0
440 676 1.0
441 125 1.0
441 288 1.0
441 735 1.0
441 943 1.0
442 49 1.0
442 284 1.0
443 158 1.0
443 295 1.0
443 747 1.0
444 70 1.0
444 310 1.0
444 895 1.0
445 187 1.0
445 830 1.0
446 122 1.0
446 334 1.0
446 662 1.0
446 700 1.0
447 43 1.0
447 64 1.0
447 185 1.0
447 223 1.0
447 351 1.0
447 491 1.0
447 629 1.0
447 662 1.0
447 716 1.0
447 732 1.0
448 46 1.0
448 438 1.0
448 509 1.0
448 644 1.0
448 675 1.0
448 676 1.0
448 725 1.0
448 807 1.0
448 853 1.0
448 955 1.0
449 65 1.0
449 267 1.0
449 421 1.0
449 422 1.0
449 471 1.0
449 493 1.0
450 265 1.0
450 374 1.0
450 640 1.0
450 793 1.0
450 892 1.0
451 101 1.0
451 393 1.0
451 448 1.0
451 612 1.0
452 72 1.0
452 112 1.0
452 234 1.0
452 469 1.0
452 681 1.0
453 7 1.0
453 58 1.0
453 417 1.0
453 460 1.0
454 525 1.0
454 834 1.0
454 850 1.0
455 268 1.0
455 301 1.0
455 385 1.0
455 811 1.0
455 912 1.0
456 288 1.0
456 745 1.0
456 750 1.0
456 779 1.0
457 60 1.0
457 162 1.0
457 199 1.0
457 371 1.0
457 433 1.0
457 465 1.0
457 466 1.0
457 576 1.0
457 747 1.0
457 802 1.0
458 12 1.0
458 15 1.0
458 78 1.0
458 107 1.0
458 525 1.0
458 618 1.0
458 690 1.0
458 836 1.0
459 24 1.0
459 88 1.0
459 271 1.0
460 123 1.0
460 436 1.0
460 514 1.0
460 591 1.0
460 659 1.0
460 779 1.0
460 786 1.0
460 802 1.0
460 945 1.0
461 83 1.0
461 212 1.0
461 402 1.0
461 550 1.0
461 662 1.0
462 116 1.0
462 427 1.0
462 488 1.0
462 533 1.0
462 800 1.0
462 913 1.0
463 57 1.0
463 346 1.0
463 641 1.0
464 501 1.0
464 584 1.0
464 655 1.0
464 672 1.0
465 226 1.0
465 254 1.0
465 307 1.0
465 389 1.0
465 452 1.0
465 770 1.0
465 859 1.0
465 887 1.0
465 900 1.0
466 759 1.0
466 841 1.0
466 851 1.0
467 86 1.0
467 148 1.0
467 364 1.0
467 745 1.0
467 875 1.0
468 113 1.0
468 155 1.0
468 400 1.0
468 671 1.0
468 869 1.0
469 66 1.0
469 140 1.0
469 209 1.0
469 289 1.0
469 412 1.0
469 485 1.0
469 537 1.0
469 546 1.0
469 611 1.0
470 62 1.0
470 296 1.0
470 516 1.0
470 536 1.0
470 621 1.0
471 760 1.0
472 109 1.0
472 125 1.0
472 193 1.0
472 313 1.0
472 579 1.0
472 593 1.0
472 641 1.0
472 803 1.0
473 177 1.0
473 235 1.0
473 286 1.0
473 327 1.0
473 453 1.0
473 484 1.0
473 870 1.0
474 125 1.0
474 198 1.0
474 274 1.0
474 292 1.0
474 469 1.0
474 591 1.0
474 838 1.0
475 350 1.0
475 750 1.0
475 767 1.0
476 160 1.0
476 261 1.0
476 464 1.0
476 555 1.0
476 702 1.0
477 93 1.0
477 107 1.0
477 290 1.0
477 504 1.0
477 549 1.0
478 414 1.0
478 569 1.0
478 778 1.0
478 782 1.0
479 92 1.0
479 372 1.0
479 576 1.0
479 707 1.0
479 798 1.0
480 153 1.0
480 217 1.0
480 466 1.0
480 512 1.0
480 548 1.0
480 595 1.0
480 658 1.0
480 880 1.0
482 154 1.0
482 755 1.0
482 913 1.0
483 65 1.0
483 66 1.0
483 75 1.0
483 87 1.0
483 683 1.0
484 6 1.0
484 430 1.0
484 599 1.0
484 953 1.0
485 26 1.0
485 231 1.0
485 266 1.0
485 515 1.0
485 582 1.0
485 731 1.0
486 117 1.0
486 304 1.0
486 353 1.0
486 469 1.0
486 714 1.0
486 742 1.0
486 868 1.0
487 79 1.0
487 99 1.0
487 479 1.0
487 584 1.0
487 885 1.0
488 90 1.0
488 103 1.0
488 135 1.0
488 411 1.0
488 647 1.0
488 654 1.0
488 743 1.0
489 19 1.0
489 260 1.0
489 421 1.0
489 504 1.0
489 535 1.0
490 154 1.0
490 255 1.0
490 362 1.0
490 666 1.0
491 154 1.0
491 227 1.0
491 249 1.0
491 405 1.0
491 701 1.0
491 835 1.0
491 885 1.0
492 351 1.0
492 699 1.0
492 739 1.0
492 790 1.0
493 194 1.0
493 201 1.0
493 206 1.0
493 469 1.0
493 551 1.0
493 686 1.0
493 721 1.0
494 747 1.0
494 773 1.0
495 118 1.0
495 265 1.0
495 468 1.0
495 641 1.0
495 730 1.0
495 767 1.0
496 56 1.0
496 87 1.0
496 182 1.0
496 440 1.0
496 444 1.0
496 808 1.0
496 826 1.0
496 901 1.0
497 65 1.0
497 181 1.0
497 324 1.0
497 504 1.0
497 522 1.0
497 659 1.0
497 748 1.0
497 781 1.0
497 886 1.0
498 318 1.0
498 319 1.0
498 566 1.0
498 578 1.0
498 816 1.0
499 33 1.0
499 203 1.0
499 226 1.0
499 375 1.0
499 525 1.0
499 551 1.0
499 632 1.0
499 658 1.0
499 818 1.0
500 226 1.0
500 331 1.0
500 468 1.0
500 611 1.0
500 759 1.0
501 54 1.0
501 124 1.0
501 672 1.0
501 760 1.0
501 774 1.0
501 875 1.0
502 110 1.0
502 380 1.0
502 625 1.0
502 639 1.0
502 771 1.0
502 828 1.0
503 329 1.0
503 365 1.0
503 388 1.0
503 866 1.0
503 877 1.0
504 106 1.0
504 245 1.0
504 664 1.0
504 760 1.0
504 780 1.0
505 33 1.0
505 169 1.0
505 386 1.0
505 725 1.0
506 108 1.0
506 216 1.0
506 349 1.0
506 651 1.0
506 654 1.0
506 661 1.0
506 663 1.0
506 828 1.0
507 33 1.0
507 147 1.0
507 485 1.0
508 201 1.0
508 254 1.0
508 286 1.0
508 522 1.0
508 864 1.0
509 212 1.0
509 294 1.0
509 307 1.0
509 308 1.0
509 312 1.0
509 475 1.0
510 36 1.0
510 466 1.0
510 509 1.0
510 599 1.0
511 133 1.0
511 221 1.0
511 375 1.0
512 151 1.0
512 449 1.0
512 582 1.0
512 585 1.0
512 663 1.0
512 865 1.0
513 57 1.0
513 97 1.0
513 148 1.0
513 156 1.0
513 257 1.0
513 436 1.0
513 533 1.0
513 623 1.0
513 918 1.0
514 40 1.0
514 396 1.0
514 627 1.0
514 906 1.0
515 65 1.0
515 185 1.0
515 370 1.0
515 637 1.0
515 958 1.0
516 527 1.0
516 783 1.0
516 805 1.0
517 216 1.0
517 440 1.0
517 723 1.0
517 778 1.0
517 797 1.0
517 811 1.0
518 10 1.0
518 242 1.0
519 10 1.0
519 671 1.0
520 136 1.0
520 359 1.0
520 433 1.0
520 650 1.0
520 728 1.0
520 770 1.0
520 966 1.0
521 167 1.0
521 189 1.0
521 610 1.0
521 695 1.0
521 848 1.0
521 857 1.0
522 44 1.0
522 350 1.0
522 428 1.0
522 446 1.0
522 457 1.0
522 588 1.0
522 691 1.0
522 769 1.0
522 908 1.0
523 407 1.0
523 450 1.0
523 551 1.0
523 557 1.0
523 671 1.0
523 869 1.0
523 907 1.0
523 912 1.0
523 948 1.0
524 13 1.0
524 60 1.0
524 88 1.0
524 121 1.0
524 385 1.0
524 424 1.0
524 676 1.0
524 714 1.0
524 858 1.0
524 955 1.0
525 138 1.0
525 455 1.0
525 563 1.0
525 603 1.0
525 870 1.0
526 118 1.0
526 128 1.0
526 676 1.0
526 730 1.0
526 903 1.0
527 149 1.0
527 415 1.0
527 472 1.0
528 5 1.0
528 228 1.0
528 386 1.0
528 440 1.0
528 488 1.0
528 743 1.0
528 957 1.0
529 134 1.0
529 419 1.0
529 485 1.0
529 585 1.0
529 783 1.0
530 270 1.0
530 670 1.0
531 62 1.0
531 230 1.0
531 294 1.0
531 420 1.0
531 595 1.0
531 747 1.0
531 943 1.0
532 103 1.0
532 139 1.0
532 159 1.0
532 204 1.0
532 219 1.0
532 630 1.0
532 646 1.0
532 773 1.0
532 960 1.0
533 62 1.0
533 221 1.0
533 385 1.0
533 853 1.0
533 900 1.0
533 935 1.0
534 288 1.0
534 371 1.0
534 491 1.0
534 661 1.0
534 673 1.0
534 920 1.0
535 180 1.0
535 545 1.0
535 574 1.0
535 718 1.0
535 743 1.0
535 823 1.0
536 77 1.0
536 186 1.0
536 378 1.0
536 500 1.0
536 612 1.0
536 769 1.0
536 790 1.0
536 820 1.0
537 35 1.0
537 176 1.0
537 492 1.0
537 520 1.0
537 566 1.0
537 612 1.0
537 761 1.0
538 43 1.0
538 114 1.0
538 173 1.0
538 195 1.0
538 678 1.0
539 19 1.0
539 385 1.0
539 513 1.0
539 573 1.0
539 639 1.0
539 850 1.0
539 872 1.0
540 30 1.0
540 159 1.0
540 232 1.0
540 351 1.0
540 488 1.0
540 521 1.0
540 852 1.0
540 888 1.0
540 916 1.0
540 938 1.0
541 258 1.0
541 288 1.0
541 300 1.0
541 467 1.0
541 811 1.0
541 954 1.0
542 146 1.0
542 193 1.0
542 284 1.0
542 304 1.0
542 666 1.0
542 722 1.0
542 742 1.0
543 269 1.0
543 295 1.0
543 418 1.0
543 579 1.0
543 658 1.0
544 14 1.0
544 50 1.0
544 224 1.0
544 428 1.0
544 483 1.0
544 529 1.0
544 568 1.0
544 772 1.0
544 849 1.0
544 914 1.0
545 18 1.0
545 266 1.0
545 331 1.0
545 396 1.0
545 472 1.0
545 505 1.0
545 608 1.0
545 829 1.0
546 173 1.0
546 411 1.0
546 412 1.0
546 527 1.0
546 860 1.0
547 13 1.0
547 589 1.0
547 609 1.0
547 780 1.0
547 804 1.0
548 877 1.0
549 343 1.0
549 469 1.0
549 510 1.0
549 646 1.0
549 855 1.0
549 903 1.0
550 21 1.0
550 101 1.0
550 155 1.0
550 174 1.0
550 215 1.0
550 285 1.0
550 378 1.0
550 420 1.0
550 440 1.0
550 526 1.0
550 656 1.0
550 714 1.0
550 732 1.0
550 736 1.0
550 893 1.0
551 106 1.0
551 143 1.0
551 316 1.0
551 589 1.0
551 936 1.0
552 549 1.0
552 590 1.0
552 755 1.0
552 867 1.0
552 887 1.0
553 210 1.0
553 216 1.0
553 401 1.0
554 265 1.0
554 296 1.0
554 635 1.0
555 55 1.0
555 136 1.0
555 259 1.0
555 376 1.0
555 596 1.0
555 612 1.0
555 923 1.0
556 28 1.0
556 68 1.0
556 213 1.0
556 413 1.0
556 466 1.0
557 249 1.0
557 257 1.0
557 340 1.0
557 400 1.0
557 537 1.0
557 551 1.0
557 555 1.0
557 570 1.0
557 695 1.0
558 216 1.0
558 302 1.0
558 659 1.0
558 772 1.0
558 951 1.0
559 272 1.0
559 342 1.0
559 708 1.0
559 864 1.0
560 50 1.0
560 426 1.0
560 565 1.0
560 633 1.0
560 679 1.0
560 692 1.0
561 31 1.0
561 51 1.0
561 619 1.0
561 653 1.0
561 725 1.0
561 785 1.0
561 963 1.0
562 139 1.0
562 325 1.0
562 532 1.0
562 676 1.0
562 715 1.0
563 20 1.0
563 54 1.0
563 313 1.0
563 744 1.0
564 0 1.0
564 76 1.0
564 280 1.0
564 388 1.0
564 512 1.0
564 674 1.0
564 777 1.0
564 830 1.0
565 324 1.0
565 493 1.0
565 538 1.0
566 31 1.0
566 90 1.0
566 147 1.0
566 333 1.0
566 841 1.0
566 924 1.0
567 41 1.0
567 171 1.0
567 185 1.0
567 524 1.0
567 595 1.0
567 812 1.0
568 86 1.0
568 135 1.0
568 285 1.0
568 293 1.0
568 334 1.0
568 696 1.0
568 868 1.0
569 7 1.0
569 42 1.0
569 67 1.0
569 244 1.0
569 640 1.0
569 680 1.0
569 784 1.0
569 805 1.0
570 142 1.0
570 242 1.0
570 414 1.0
570 542 1.0
570 601 1.0
570 738 1.0
570 831 1.0
571 670 1.0
571 840 1.0
572 74 1.0
572 406 1.0
572 478 1.0
572 541 1.0
572 632 1.0
572 869 1.0
573 84 1.0
573 194 1.0
573 238 1.0
573 367 1.0
573 828 1.0
574 309 1.0
574 742 1.0
574 823 1.0
574 890 1.0
575 295 1.0
575 362 1.0
575 607 1.0
575 937 1.0
576 134 1.0
576 459 1.0
576 901 1.0
576 929 1.0
576 960 1.0
577 60 1.0
577 537 1.0
577 602 1.0
577 662 1.0
577 733 1.0
577 956 1.0
578 98 1.0
578 193 1.0
578 290 1.0
578 313 1.0
578 605 1.0
578 839 1.0
579 50 1.0
579 186 1.0
579 369 1.0
579 614 1.0
580 97 1.0
580 337 1.0
580 792 1.0
581 85 1.0
581 265 1.0
581 425 1.0
581 487 1.0
581 572 1.0
581 575 1.0
581 576 1.0
581 616 1.0
581 823 1.0
581 842 1.0
582 236 1.0
582 296 1.0
582 594 1.0
582 612 1.0
582 696 1.0
582 739 1.0
582 740 1.0
582 787 1.0
582 791 1.0
583 6 1.0
583 280 1.0
583 317 1.0
583 359 1.0
583 797 1.0
584 101 1.0
584 128 1.0
584 187 1.0
584 272 1.0
584 364 1.0
584 539 1.0
584 557 1.0
584 575 1.0
584 686 1.0
584 709 1.0
584 730 1.0
585 145 1.0
585 242 1.0
585 555 1.0
585 779 1.0
585 782 1.0
586 269 1.0
586 273 1.0
586 315 1.0
586 511 1.0
586 738 1.0
586 817 1.0
587 71 1.0
587 254 1.0
587 349 1.0
587 367 1.0
587 407 1.0
587 467 1.0
587 573 1.0
587 575 1.0
587 733 1.0
587 799 1.0
587 800 1.0
587 926 1.0
587 932 1.0
588 74 1.0
588 138 1.0
588 201 1.0
588 564 1.0
588 709 1.0
588 801 1.0
589 57 1.0
589 238 1.0
589 270 1.0
589 646 1.0
589 726 1.0
589 929 1.0
590 43 1.0
590 302 1.0
590 797 1.0
590 799 1.0
590 821 1.0
590 881 1.0
590 904 1.0
590 931 1.0
591 223 1.0
591 270 1.0
591 348 1.0
591 349 1.0
591 464 1.0
591 483 1.0
591 517 1.0
591 563 1.0
591 666 1.0
591 852 1.0
591 924 1.0
592 152 1.0
592 232 1.0
592 315 1.0
592 378 1.0
592 404 1.0
592 496 1.0
593 27 1.0
593 145 1.0
593 476 1.0
593 631 1.0
593 669 1.0
593 728 1.0
593 817 1.0
594 242 1.0
594 292 1.0
594 590 1.0
594 645 1.0
594 816 1.0
595 185 1.0
595 411 1.0
595 708 1.0
595 736 1.0
595 757 1.0
595 789 1.0
596 227 1.0
596 438 1.0
596 466 1.0
596 722 1.0
596 957 1.0
597 348 1.0
597 427 1.0
597 611 1.0
597 734 1.0
597 805 1.0
597 906 1.0
598 32 1.0
598 559 1.0
598 603 1.0
598 624 1.0
598 815 1.0
599 19 1.0
599 61 1.0
599 106 1.0
599 480 1.0
599 698 1.0
599 863 1.0
600 159 1.0
600 272 1.0
600 349 1.0
600 403 1.0
600 516 1.0
600 701 1.0
601 344 1.0
601 394 1.0
601 406 1.0
601 552 1.0
601 780 1.0
602 51 1.0
602 94 1.0
602 356 1.0
602 430 1.0
602 532 1.0
602 731 1.0
603 172 1.0
603 196 1.0
603 425 1.0
603 589 1.0
603 779 1.0
604 91 1.0
604 178 1.0
604 589 1.0
604 633 1.0
604 652 1.0
604 711 1.0
604 857 1.0
605 249 1.0
605 261 1.0
605 303 1.0
605 534 1.0
605 711 1.0
605 764 1.0
606 91 1.0
606 161 1.0
606 181 1.0
606 206 1.0
606 222 1.0
606 701 1.0
606 779 1.0
607 44 1.0
607 402 1.0
608 9 1.0
608 120 1.0
608 173 1.0
608 290 1.0
608 364 1.0
608 446 1.0
608 537 1.0
608 576 1.0
608 715 1.0
609 165 1.0
609 205 1.0
609 299 1.0
609 454 1.0
609 552 1.0
609 884 1.0
609 906 1.0
610 129 1.0
610 299 1.0
610 356 1.0
610 445 1.0
610 607 1.0
610 731 1.0
610 756 1.0
611 186 1.0
611 310 1.0
611 558 1.0
611 721 1.0
611 749 1.0
612 103 1.0
612 404 1.0
612 501 1.0
612 622 1.0
613 18 1.0
613 200 1.0
613 341 1.0
613 391 1.0
613 445 1.0
613 508 1.0
613 670 1.0
613 739 1.0
613 797 1.0
614 14 1.0
614 178 1.0
614 238 1.0
614 343 1.0
614 499 1.0
614 640 1.0
614 717 1.0
614 772 1.0
614 775 1.0
615 873 1.0
616 102 1.0
616 182 1.0
616 315 1.0
616 333 1.0
616 341 1.0
616 484 1.0
617 39 1.0
617 202 1.0
617 334 1.0
617 364 1.0
617 429 1.0
617 567 1.0
617 642 1.0
617 728 1.0
617 754 1.0
617 897 1.0
618 104 1.0
618 305 1.0
618 325 1.0
618 534 1.0
618 585 1.0
618 620 1.0
618 743 1.0
618 840 1.0
618 920 1.0
619 125 1.0
619 218 1.0
619 228 1.0
619 361 1.0
619 529 1.0
619 789 1.0
620 160 1.0
620 279 1.0
620 712 1.0
620 795 1.0
621 109 1.0
621 227 1.0
621 243 1.0
621 296 1.0
621 380 1.0
621 491 1.0
621 739 1.0
621 872 1.0
622 137 1.0
622 155 1.0
622 335 1.0
622 347 1.0
622 507 1.0
623 24 1.0
623 105 1.0
623 263 1.0
623 779 1.0
624 5 1.0
624 49 1.0
624 60 1.0
624 74 1.0
624 196 1.0
624 266 1.0
624 275 1.0
624 321 1.0
624 450 1.0
624 718 1.0
625 439 1.0
625 677 1.0
626 41 1.0
626 46 1.0
626 80 1.0
626 95 1.0
626 131 1.0
626 245 1.0
626 429 1.0
626 511 1.0
626 530 1.0
626 639 1.0
626 710 1.0
626 751 1.0
626 885 1.0
627 80 1.0
627 190 1.0
627 232 1.0
627 357 1.0
627 385 1.0
627 628 1.0
627 634 1.0
627 736 1.0
628 444 1.0
628 512 1.0
628 683 1.0
628 842 1.0
629 1 1.0
629 196 1.0
629 353 1.0
629 839 1.0
630 17 1.0
630 144 1.0
630 247 1.0
630 545 1.0
630 806 1.0
630 888 1.0
631 60 1.0
631 88 1.0
631 282 1.0
631 462 1.0
631 549 1.0
631 606 1.0
631 678 1.0
631 701 1.0
631 741 1.0
631 820 1.0
631 874 1.0
632 98 1.0
632 288 1.0
632 311 1.0
632 459 1.0
633 44 1.0
633 119 1.0
633 275 1.0
633 479 1.0
633 794 1.0
633 852 1.0
633 862 1.0
634 389 1.0
634 743 1.0
634 937 1.0
635 324 1.0
635 408 1.0
635 810 1.0
636 334 1.0
636 380 1.0
636 509 1.0
636 612 1.0
636 680 1.0
636 763 1.0
636 844 1.0
637 0 1.0
637 77 1.0
637 332 1.0
637 392 1.0
637 507 1.0
637 779 1.0
638 153 1.0
638 240 1.0
638 300 1.0
638 342 1.0
638 577 1.0
638 594 1.0
639 147 1.0
639 166 1.0
639 626 1.0
639 692 1.0
639 811 1.0
640 818 1.0
641 278 1.0
641 466 1.0
641 476 1.0
641 487 1.0
641 754 1.0
642 71 1.0
642 332 1.0
642 515 1.0
642 597 1.0
643 49 1.0
643 119 1.0
643 444 1.0
643 565 1.0
643 631 1.0
643 799 1.0
644 264 1.0
644 612 1.0
644 764 1.0
644 799 1.0
645 65 1.0
645 204 1.0
645 218 1.0
645 373 1.0
645 458 1.0
645 488 1.0
645 511 1.0
645 721 1.0
645 842 1.0
646 19 1.0
646 24 1.0
646 72 1.0
646 238 1.0
646 259 1.0
646 496 1.0
646 523 1.0
646 556 1.0
646 697 1.0
647 236 1.0
647 411 1.0
647 495 1.0
647 712 1.0
647 734 1.0
648 95 1.0
648 298 1.0
648 308 1.0
648 309 1.0
648 797 1.0
649 223 1.0
649 238 1.0
649 485 1.0
649 680 1.0
650 87 1.0
650 175 1.0
650 665 1.0
651 17 1.0
651 535 1.0
651 565 1.0
652 255 1.0
652 297 1.0
652 434 1.0
652 801 1.0
652 820 1.0
653 78 1.0
653 108 1.0
653 112 1.0
653 138 1.0
653 291 1.0
653 304 1.0
653 323 1.0
653 339 1.0
653 378 1.0
653 441 1.0
653 506 1.0
653 669 1.0
653 672 1.0
653 685 1.0
653 890 1.0
654 106 1.0
654 153 1.0
654 163 1.0
654 366 1.0
654 643 1.0
655 62 1.0
655 203 1.0
655 629 1.0
655 672 1.0
655 734 1.0
655 736 1.0
655 778 1.0
656 92 1.0
656 483 1.0
656 758 1.0
656 839 1.0
657 26 1.0
657 279 1.0
657 299 1.0
657 500 1.0
657 560 1.0
657 776 1.0
658 349 1.0
658 780 1.0
658 847 1.0
659 538 1.0
659 827 1.0
660 8 1.0
660 97 1.0
660 297 1.0
660 512 1.0
660 712 1.0
660 747 1.0
660 805 1.0
661 85 1.0
661 240 1.0
661 242 1.0
661 299 1.0
661 962 1.0
662 243 1.0
662 487 1.0
662 488 1.0
662 666 1.0
662 799 1.0
663 332 1.0
663 442 1.0
663 844 1.0
663 853 1.0
664 171 1.0
664 222 1.0
664 235 1.0
664 666 1.0
664 673 1.0
664 719 1.0
664 832 1.0
665 154 1.0
665 332 1.0
665 344 1.0
665 865 1.0
666 172 1.0
666 278 1.0
666 412 1.0
666 629 1.0
666 853 1.0
667 55 1.0
667 223 1.0
667 503 1.0
667 606 1.0
668 197 1.0
668 501 1.0
668 743 1.0
668 922 1.0
669 44 1.0
669 186 1.0
669 195 1.0
669 221 1.0
669 302 1.0
669 371 1.0
669 701 1.0
670 48 1.0
670 256 1.0
670 333 1.0
670 419 1.0
670 442 1.0
670 497 1.0
670 638 1.0
670 695 1.0
671 205 1.0
671 349 1.0
671 586 1.0
671 648 1.0
671 656 1.0
672 139 1.0
672 299 1.0
672 349 1.0
672 372 1.0
672 484 1.0
672 833 1.0
672 850 1.0
673 211 1.0
673 234 1.0
673 967 1.0
674 120 1.0
674 237 1.0
674 813 1.0
674 856 1.0
674 923 1.0
674 931 1.0
675 19 1.0
675 108 1.0
675 153 1.0
675 171 1.0
675 499 1.0
675 609 1.0
675 768 1.0
676 244 1.0
676 377 1.0
676 472 1.0
676 513 1.0
676 547 1.0
676 593 1.0
676 749 1.0
676 946 1.0
677 242 1.0
677 290 1.0
677 305 1.0
677 699 1.0
677 702 1.0
677 741 1.0
677 766 1.0
678 263 1.0
678 859 1.0
678 874 1.0
679 280 1.0
679 391 1.0
679 535 1.0
680 108 1.0
680 193 1.0
680 249 1.0
680 579 1.0
680 640 1.0
680 728 1.0
680 776 1.0
680 817 1.0
681 460 1.0
681 738 1.0
681 936 1.0
682 105 1.0
682 245 1.0
682 325 1.0
682 404 1.0
682 443 1.0
682 574 1.0
682 666 1.0
682 829 1.0
683 147 1.0
683 214 1.0
683 228 1.0
683 423 1.0
683 611 1.0
683 878 1.0
683 897 1.0
684 4 1.0
684 35 1.0
684 293 1.0
684 352 1.0
684 866 1.0
684 918 1.0
685 209 1.0
685 446 1.0
685 579 1.0
685 705 1.0
685 946 1.0
686 49 1.0
686 358 1.0
686 411 1.0
686 458 1.0
686 464 1.0
686 580 1.0
686 676 1.0
686 820 1.0
687 96 1.0
687 372 1.0
687 414 1.0
687 448 1.0
687 590 1.0
687 681 1.0
687 776 1.0
687 818 1.0
687 832 1.0
688 33 1.0
688 117 1.0
688 142 1.0
688 331 1.0
688 504 1.0
689 196 1.0
689 238 1.0
689 282 1.0
689 283 1.0
689 699 1.0
689 815 1.0
689 883 1.0
690 367 1.0
690 521 1.0
690 636 1.0
690 840 1.0
690 848 1.0
691 94 1.0
691 251 1.0
691 256 1.0
691 349 1.0
691 405 1.0
691 483 1.0
691 878 1.0
692 311 1.0
692 487 1.0
692 525 1.0
692 667 1.0
693 404 1.0
693 515 1.0
693 539 1.0
694 214 1.0
694 395 1.0
694 416 1.0
694 452 1.0
694 583 1.0
694 600 1.0
694 689 1.0
694 703 1.0
694 721 1.0
694 760 1.0
695 16 1.0
695 31 1.0
695 201 1.0
695 301 1.0
695 537 1.0
695 686 1.0
696 102 1.0
696 332 1.0
696 459 1.0
697 436 1.0
697 510 1.0
697 783 1.0
698 32 1.0
698 72 1.0
698 385 1.0
698 436 1.0
698 574 1.0
698 882 1.0
699 224 1.0
699 588 1.0
699 598 1.0
699 722 1.0
699 789 1.0
699 844 1.0
699 905 1.0
700 333 1.0
700 472 1.0
700 844 1.0
701 134 1.0
701 216 1.0
701 232 1.0
701 289 1.0
701 422 1.0
701 432 1.0
701 524 1.0
701 863 1.0
702 172 1.0
702 233 1.0
702 825 1.0
702 829 1.0
703 9 1.0
703 403 1.0
703 785 1.0
704 322 1.0
704 341 1.0
705 31 1.0
705 321 1.0
705 480 1.0
705 521 1.0
705 549 1.0
705 661 1.0
705 711 1.0
705 767 1.0
705 771 1.0
705 782 1.0
705 848 1.0
705 854 1.0
705 884 1.0
706 648 1.0
706 756 1.0
707 225 1.0
707 273 1.0
707 424 1.0
707 548 1.0
707 784 1.0
708 99 1.0
708 279 1.0
708 361 1.0
708 464 1.0
708 527 1.0
708 649 1.0
708 724 1.0
708 801 1.0
708 885 1.0
709 37 1.0
709 385 1.0
709 459 1.0
709 490 1.0
709 494 1.0
709 519 1.0
709 596 1.0
709 628 1.0
709 683 1.0
709 717 1.0
709 726 1.0
709 842 1.0
710 128 1.0
710 129 1.0
710 158 1.0
710 208 1.0
710 538 1.0
710 665 1.0
710 825 1.0
710 867 1.0
711 307 1.0
711 564 1.0
711 742 1.0
711 791 1.0
712 206 1.0
712 462 1.0
712 629 1.0
713 27 1.0
713 246 1.0
713 321 1.0
713 495 1.0
713 856 1.0
713 861 1.0
714 40 1.0
714 84 1.0
714 525 1.0
714 536 1.0
714 583 1.0
714 632 1.0
714 699 1.0
714 769 1.0
715 483 1.0
716 372 1.0
716 550 1.0
716 557 1.0
716 587 1.0
716 655 1.0
716 874 1.0
717 133 1.0
717 134 1.0
717 142 1.0
717 226 1.0
717 277 1.0
717 305 1.0
717 444 1.0
717 776 1.0
717 791 1.0
718 307 1.0
718 628 1.0
719 640 1.0
719 732 1.0
720 123 1.0
720 278 1.0
720 306 1.0
720 334 1.0
720 561 1.0
720 613 1.0
720 716 1.0
721 377 1.0
721 651 1.0
721 809 1.0
722 56 1.0
722 173 1.0
722 272 1.0
722 513 1.0
722 527 1.0
722 720 1.0
722 852 1.0
723 141 1.0
723 157 1.0
723 607 1.0
723 702 1.0
723 745 1.0
724 23 1.0
724 428 1.0
724 469 1.0
724 528 1.0
724 610 1.0
724 693 1.0
724 801 1.0
724 824 1.0
724 926 1.0
725 104 1.0
725 214 1.0
725 353 1.0
725 362 1.0
725 498 1.0
725 578 1.0
726 191 1.0
726 265 1.0
726 333 1.0
726 336 1.0
726 431 1.0
726 450 1.0
726 526 1.0
726 542 1.0
726 700 1.0
726 921 1.0
727 246 1.0
727 513 1.0
727 571 1.0
727 653 1.0
727 666 1.0
727 753 1.0
727 819 1.0
728 50 1.0
728 324 1.0
728 340 1.0
728 378 1.0
728 487 1.0
728 496 1.0
728 843 1.0
729 531 1.0
729 579 1.0
729 631 1.0
729 699 1.0
730 248 1.0
730 530 1.0
731 50 1.0
731 343 1.0
731 775 1.0
732 112 1.0
732 166 1.0
732 200 1.0
732 220 1.0
732 371 1.0
732 568 1.0
732 710 1.0
732 827 1.0
733 36 1.0
733 408 1.0
733 704 1.0
733 854 1.0
734 33 1.0
734 42 1.0
734 63 1.0
734 259 1.0
734 955 1.0
735 149 1.0
735 552 1.0
735 593 1.0
735 601 1.0
735 817 1.0
736 144 1.0
736 401 1.0
736 813 1.0
736 909 1.0
737 116 1.0
737 162 1.0
737 219 1.0
737 363 1.0
737 724 1.0
737 788 1.0
738 170 1.0
738 287 1.0
738 374 1.0
738 465 1.0
738 528 1.0
738 839 1.0
739 56 1.0
739 90 1.0
739 519 1.0
739 639 1.0
739 677 1.0
740 52 1.0
740 131 1.0
740 390 1.0
740 407 1.0
740 415 1.0
740 545 1.0
740 673 1.0
740 713 1.0
740 819 1.0
741 184 1.0
741 222 1.0
741 360 1.0
741 479 1.0
741 611 1.0
741 858 1.0
742 113 1.0
742 140 1.0
742 271 1.0
742 295 1.0
742 341 1.0
742 781 1.0
742 791 1.0
742 801 1.0
742 813 1.0
743 61 1.0
743 334 1.0
743 466 1.0
744 158 1.0
744 271 1.0
744 351 1.0
744 568 1.0
744 673 1.0
744 851 1.0
745 636 1.0
745 674 1.0
745 738 1.0
745 797 1.0
745 804 1.0
745 833 1.0
746 10 1.0
746 225 1.0
746 232 1.0
746 319 1.0
746 934 1.0
747 15 1.0
747 96 1.0
747 131 1.0
747 186 1.0
747 454 1.0
747 683 1.0
747 811 1.0
748 122 1.0
748 169 1.0
748 202 1.0
748 227 1.0
748 365 1.0
748 447 1.0
748 463 1.0
748 814 1.0
749 61 1.0
749 134 1.0
749 188 1.0
749 194 1.0
749 230 1.0
749 321 1.0
749 598 1.0
749 706 1.0
749 816 1.0
750 61 1.0
750 97 1.0
750 100 1.0
750 455 1.0
750 517 1.0
750 625 1.0
750 674 1.0
750 676 1.0
750 764 1.0
750 772 1.0
751 16 1.0
751 198 1.0
751 292 1.0
751 383 1.0
751 486 1.0
751 539 1.0
751 643 1.0
751 666 1.0
751 757 1.0
751 774 1.0
751 810 1.0
751 893 1.0
752 274 1.0
752 320 1.0
752 439 1.0
752 466 1.0
752 704 1.0
752 712 1.0
752 762 1.0
752 816 1.0
753 74 1.0
753 81 1.0
753 408 1.0
753 410 1.0
753 538 1.0
753 677 1.0
753 706 1.0
753 746 1.0
753 823 1.0
753 872 1.0
754 2 1.0
754 215 1.0
754 256 1.0
754 353 1.0
754 444 1.0
754 491 1.0
754 558 1.0
754 815 1.0
754 835 1.0
755 225 1.0
755 415 1.0
755 471 1.0
755 725 1.0
755 777 1.0
756 279 1.0
756 312 1.0
756 370 1.0
756 401 1.0
756 416 1.0
756 883 1.0
757 13 1.0
757 50 1.0
757 136 1.0
757 182 1.0
757 251 1.0
757 321 1.0
757 324 1.0
757 547 1.0
757 845 1.0
757 869 1.0
758 408 1.0
758 738 1.0
758 746 1.0
758 865 1.0
759 109 1.0
759 190 1.0
759 198 1.0
759 351 1.0
759 411 1.0
759 480 1.0
759 588 1.0
759 671 1.0
759 677 1.0
759 836 1.0
760 255 1.0
760 322 1.0
760 327 1.0
760 648 1.0
760 668 1.0
760 695 1.0
760 831 1.0
761 46 1.0
761 419 1.0
761 465 1.0
761 778 1.0
762 428 1.0
762 704 1.0
762 795 1.0
762 909 1.0
763 115 1.0
763 166 1.0
763 574 1.0
764 88 1.0
764 91 1.0
764 177 1.0
764 279 1.0
764 394 1.0
764 413 1.0
764 583 1.0
764 750 1.0
764 757 1.0
765 12 1.0
765 81 1.0
765 304 1.0
765 367 1.0
765 374 1.0
765 529 1.0
765 780 1.0
765 802 1.0
766 45 1.0
766 61 1.0
766 107 1.0
766 449 1.0
766 532 1.0
766 539 1.0
766 562 1.0
766 614 1.0
767 180 1.0
767 440 1.0
767 519 1.0
767 917 1.0
768 91 1.0
768 121 1.0
768 565 1.0
768 717 1.0
768 745 1.0
768 825 1.0
768 934 1.0
769 17 1.0
769 89 1.0
769 188 1.0
769 276 1.0
769 323 1.0
769 406 1.0
769 677 1.0
769 679 1.0
770 61 1.0
770 81 1.0
770 99 1.0
770 105 1.0
770 139 1.0
770 220 1.0
770 281 1.0
770 645 1.0
770 814 1.0
771 54 1.0
771 240 1.0
771 609 1.0
771 614 1.0
771 644 1.0
771 731 1.0
771 894 1.0
772 50 1.0
772 115 1.0
772 181 1.0
772 463 1.0
772 602 1.0
772 632 1.0
772 707 1.0
772 708 1.0
773 137 1.0
773 210 1.0
773 511 1.0
773 538 1.0
774 26 1.0
774 340 1.0
774 598 1.0
774 655 1.0
774 831 1.0
775 84 1.0
775 158 1.0
775 280 1.0
775 422 1.0
775 507 1.0
775 646 1.0
775 787 1.0
775 839 1.0
776 155 1.0
776 291 1.0
776 421 1.0
776 478 1.0
776 491 1.0
776 538 1.0
777 62 1.0
777 253 1.0
777 691 1.0
777 803 1.0
777 900 1.0
778 410 1.0
778 473 1.0
778 551 1.0
778 817 1.0
778 826 1.0
778 847 1.0
779 197 1.0
779 249 1.0
779 276 1.0
779 680 1.0
779 684 1.0
780 126 1.0
780 202 1.0
780 340 1.0
780 675 1.0
781 230 1.0
781 312 1.0
781 558 1.0
781 578 1.0
781 654 1.0
781 676 1.0
781 694 1.0
781 719 1.0
782 92 1.0
782 429 1.0
782 533 1.0
782 602 1.0
782 750 1.0
783 79 1.0
783 317 1.0
783 610 1.0
783 780 1.0
784 52 1.0
784 255 1.0
784 332 1.0
784 344 1.0
784 433 1.0
784 544 1.0
784 574 1.0
784 785 1.0
785 75 1.0
785 189 1.0
785 311 1.0
785 446 1.0
785 499 1.0
785 649 1.0
785 753 1.0
786 119 1.0
786 897 1.0
786 905 1.0
787 102 1.0
787 112 1.0
787 291 1.0
787 330 1.0
787 389 1.0
787 491 1.0
787 519 1.0
787 566 1.0
788 252 1.0
788 470 1.0
788 661 1.0
789 68 1.0
789 82 1.0
789 111 1.0
789 165 1.0
789 259 1.0
789 365 1.0
790 30 1.0
790 729 1.0
790 849 1.0
790 881 1.0
791 31 1.0
791 38 1.0
791 297 1.0
791 568 1.0
791 645 1.0
791 772 1.0
791 835 1.0
791 871 1.0
792 56 1.0
792 117 1.0
792 266 1.0
792 334 1.0
792 498 1.0
792 514 1.0
792 783 1.0
792 795 1.0
792 968 1.0
793 122 1.0
793 198 1.0
793 272 1.0
794 19 1.0
794 286 1.0
794 379 1.0
794 421 1.0
794 461 1.0
794 499 1.0
794 599 1.0
794 762 1.0
794 858 1.0
795 43 1.0
795 76 1.0
795 433 1.0
795 529 1.0
795 535 1.0
795 570 1.0
795 573 1.0
795 677 1.0
795 751 1.0
796 14 1.0
796 79 1.0
796 146 1.0
796 346 1.0
796 449 1.0
796 495 1.0
796 617 1.0
796 688 1.0
796 732 1.0
796 774 1.0
796 869 1.0
797 4 1.0
797 66 1.0
797 70 1.0
797 197 1.0
797 214 1.0
797 293 1.0
797 731 1.0
797 793 1.0
797 820 1.0
797 850 1.0
797 854 1.0
798 12 1.0
798 294 1.0
798 340 1.0
798 352 1.0
798 405 1.0
798 571 1.0
798 698 1.0
798 876 1.0
799 124 1.0
799 171 1.0
799 239 1.0
799 291 1.0
799 425 1.0
799 534 1.0
799 536 1.0
799 735 1.0
799 751 1.0
799 866 1.0
799 867 1.0
800 338 1.0
800 403 1.0
800 513 1.0
800 564 1.0
801 211 1.0
801 301 1.0
801 571 1.0
801 764 1.0
801 907 1.0
801 935 1.0
802 76 1.0
802 153 1.0
802 297 1.0
802 435 1.0
802 546 1.0
802 630 1.0
802 963 1.0
803 66 1.0
803 110 1.0
803 337 1.0
803 426 1.0
803 566 1.0
803 698 1.0
804 74 1.0
804 75 1.0
804 128 1.0
804 196 1.0
804 329 1.0
804 438 1.0
804 470 1.0
804 550 1.0
804 707 1.0
804 905 1.0
804 909 1.0
805 372 1.0
805 398 1.0
805 424 1.0
805 586 1.0
805 753 1.0
806 8 1.0
806 69 1.0
806 76 1.0
806 205 1.0
806 210 1.0
806 212 1.0
806 388 1.0
806 392 1.0
806 530 1.0
806 581 1.0
806 747 1.0
807 58 1.0
807 565 1.0
807 900 1.0
808 117 1.0
808 609 1.0
808 796 1.0
808 798 1.0
808 928 1.0
809 69 1.0
809 398 1.0
809 468 1.0
809 716 1.0
809 888 1.0
810 170 1.0
810 444 1.0
810 714 1.0
811 689 1.0
811 737 1.0
811 749 1.0
812 150 1.0
812 368 1.0
812 476 1.0
812 512 1.0
812 933 1.0
813 6 1.0
813 159 1.0
813 200 1.0
813 224 1.0
813 282 1.0
813 348 1.0
813 406 1.0
813 425 1.0
813 441 1.0
813 605 1.0
813 606 1.0
813 705 1.0
813 732 1.0
814 19 1.0
814 221 1.0
814 241 1.0
814 317 1.0
814 685 1.0
814 870 1.0
815 255 1.0
815 276 1.0
815 577 1.0
815 642 1.0
815 945 1.0
816 93 1.0
816 256 1.0
816 617 1.0
816 632 1.0
816 777 1.0
817 388 1.0
818 12 1.0
818 144 1.0
818 335 1.0
818 475 1.0
818 614 1.0
818 619 1.0
818 696 1.0
818 788 1.0
819 1 1.0
819 11 1.0
819 156 1.0
819 487 1.0
819 706 1.0
819 745 1.0
819 843 1.0
820 823 1.0
820 915 1.0
821 496 1.0
821 504 1.0
821 575 1.0
821 656 1.0
821 767 1.0
822 12 1.0
822 22 1.0
822 154 1.0
822 324 1.0
822 409 1.0
822 789 1.0
822 805 1.0
822 873 1.0
823 164 1.0
823 204 1.0
823 514 1.0
823 543 1.0
823 704 1.0
823 724 1.0
824 469 1.0
824 523 1.0
824 813 1.0
825 15 1.0
825 97 1.0
825 115 1.0
825 507 1.0
825 707 1.0
825 824 1.0
826 34 1.0
826 94 1.0
826 392 1.0
826 627 1.0
826 629 1.0
826 692 1.0
826 764 1.0
827 104 1.0
827 137 1.0
827 159 1.0
827 271 1.0
827 395 1.0
827 400 1.0
827 408 1.0
827 426 1.0
827 562 1.0
827 894 1.0
828 99 1.0
828 333 1.0
828 334 1.0
828 507 1.0
828 509 1.0
829 178 1.0
829 288 1.0
829 538 1.0
829 606 1.0
829 738 1.0
829 867 1.0
830 337 1.0
830 408 1.0
830 503 1.0
830 613 1.0
830 660 1.0
830 828 1.0
831 55 1.0
831 397 1.0
831 665 1.0
831 683 1.0
831 738 1.0
831 775 1.0
831 954 1.0
832 622 1.0
832 784 1.0
833 515 1.0
833 614 1.0
833 710 1.0
834 32 1.0
834 177 1.0
834 311 1.0
834 804 1.0
834 810 1.0
834 913 1.0
835 35 1.0
835 52 1.0
835 194 1.0
835 348 1.0
835 933 1.0
836 148 1.0
837 3 1.0
837 6 1.0
837 44 1.0
837 73 1.0
837 404 1.0
837 414 1.0
837 474 1.0
837 530 1.0
837 728 1.0
837 932 1.0
838 411 1.0
838 594 1.0
838 601 1.0
838 793 1.0
838 813 1.0
839 274 1.0
839 554 1.0
839 590 1.0
839 637 1.0
840 37 1.0
840 74 1.0
840 720 1.0
840 969 1.0
841 48 1.0
841 64 1.0
841 452 1.0
841 487 1.0
841 673 1.0
841 740 1.0
842 31 1.0
842 356 1.0
842 447 1.0
842 873 1.0
843 252 1.0
843 498 1.0
844 78 1.0
844 99 1.0
844 729 1.0
844 746 1.0
844 871 1.0
845 152 1.0
845 172 1.0
845 608 1.0
845 614 1.0
845 719 1.0
845 750 1.0
846 127 1.0
846 163 1.0
846 231 1.0
847 185 1.0
847 413 1.0
847 431 1.0
847 452 1.0
847 659 1.0
847 960 1.0
848 39 1.0
848 67 1.0
848 86 1.0
848 202 1.0
848 303 1.0
848 544 1.0
849 108 1.0
849 122 1.0
849 239 1.0
849 367 1.0
849 578 1.0
849 619 1.0
849 665 1.0
850 195 1.0
850 355 1.0
850 502 1.0
850 865 1.0
851 130 1.0
851 256 1.0
851 556 1.0
851 950 1.0
852 194 1.0
852 323 1.0
852 453 1.0
852 473 1.0
852 513 1.0
852 582 1.0
852 600 1.0
852 863 1.0
853 139 1.0
853 233 1.0
853 251 1.0
853 257 1.0
853 822 1.0
854 61 1.0
854 519 1.0
854 549 1.0
855 47 1.0
855 100 1.0
855 129 1.0
855 243 1.0
855 472 1.0
855 474 1.0
855 522 1.0
855 714 1.0
855 790 1.0
855 922 1.0
856 204 1.0
856 226 1.0
856 280 1.0
856 560 1.0
856 660 1.0
856 675 1.0
856 679 1.0
856 831 1.0
857 758 1.0
858 69 1.0
858 240 1.0
858 361 1.0
858 385 1.0
858 577 1.0
859 37 1.0
859 323 1.0
859 401 1.0
859 418 1.0
859 704 1.0
859 829 1.0
860 21 1.0
860 175 1.0
860 227 1.0
860 400 1.0
860 450 1.0
860 453 1.0
860 550 1.0
860 922 1.0
861 189 1.0
861 775 1.0
861 821 1.0
862 301 1.0
862 396 1.0
862 473 1.0
863 148 1.0
863 152 1.0
863 191 1.0
863 288 1.0
863 354 1.0
863 603 1.0
864 168 1.0
864 296 1.0
864 632 1.0
864 640 1.0
864 720 1.0
864 792 1.0
864 939 1.0
865 39 1.0
865 108 1.0
865 152 1.0
865 356 1.0
865 380 1.0
865 508 1.0
865 532 1.0
865 610 1.0
865 924 1.0
866 172 1.0
866 195 1.0
866 405 1.0
866 424 1.0
866 559 1.0
866 584 1.0
866 661 1.0
867 109 1.0
867 140 1.0
867 322 1.0
867 351 1.0
867 565 1.0
867 653 1.0
867 678 1.0
867 782 1.0
867 817 1.0
867 835 1.0
868 65 1.0
868 96 1.0
868 288 1.0
868 412 1.0
868 447 1.0
868 467 1.0
868 613 1.0
868 821 1.0
868 870 1.0
869 386 1.0
870 206 1.0
870 217 1.0
870 245 1.0
870 539 1.0
870 730 1.0
870 772 1.0
871 17 1.0
871 133 1.0
871 752 1.0
871 893 1.0
872 53 1.0
872 234 1.0
872 282 1.0
872 590 1.0
873 84 1.0
873 96 1.0
873 134 1.0
873 201 1.0
873 266 1.0
873 516 1.0
873 734 1.0
874 305 1.0
874 460 1.0
874 566 1.0
874 609 1.0
875 6 1.0
875 68 1.0
875 242 1.0
875 341 1.0
875 590 1.0
875 748 1.0
875 788 1.0
875 804 1.0
875 873 1.0
876 193 1.0
876 221 1.0
876 283 1.0
876 583 1.0
877 140 1.0
877 409 1.0
877 664 1.0
878 403 1.0
878 556 1.0
878 638 1.0
878 680 1.0
879 122 1.0
879 265 1.0
879 283 1.0
879 382 1.0
879 440 1.0
879 609 1.0
879 645 1.0
880 40 1.0
880 42 1.0
880 67 1.0
880 134 1.0
880 417 1.0
880 480 1.0
880 957 1.0
881 141 1.0
881 258 1.0
881 590 1.0
881 790 1.0
881 956 1.0
882 7 1.0
882 134 1.0
882 207 1.0
882 698 1.0
883 196 1.0
883 316 1.0
883 689 1.0
883 756 1.0
884 609 1.0
884 705 1.0
884 944 1.0
885 8 1.0
885 124 1.0
885 487 1.0
885 491 1.0
885 626 1.0
885 708 1.0
886 179 1.0
886 213 1.0
886 431 1.0
886 497 1.0
887 50 1.0
887 136 1.0
887 465 1.0
887 552 1.0
888 4 1.0
888 265 1.0
888 540 1.0
888 630 1.0
888 809 1.0
889 159 1.0
889 387 1.0
889 969 1.0
890 172 1.0
890 308 1.0
890 574 1.0
890 653 1.0
891 298 1.0
891 386 1.0
891 893 1.0
892 182 1.0
892 410 1.0
892 450 1.0
893 10 1.0
893 76 1.0
893 244 1.0
893 550 1.0
893 751 1.0
893 871 1.0
893 891 1.0
894 31 1.0
894 109 1.0
894 110 1.0
894 124 1.0
894 388 1.0
894 400 1.0
894 771 1.0
894 827 1.0
895 20 1.0
895 28 1.0
895 56 1.0
895 123 1.0
895 126 1.0
895 180 1.0
895 189 1.0
895 444 1.0
896 164 1.0
896 359 1.0
896 896 1.0
896 948 1.0
897 45 1.0
897 75 1.0
897 92 1.0
897 400 1.0
897 617 1.0
897 683 1.0
897 786 1.0
898 171 1.0
898 182 1.0
898 228 1.0
898 344 1.0
899 231 1.0
899 260 1.0
899 940 1.0
900 97 1.0
900 102 1.0
900 465 1.0
900 533 1.0
900 777 1.0
900 807 1.0
901 19 1.0
901 100 1.0
901 173 1.0
901 213 1.0
901 246 1.0
901 326 1.0
901 349 1.0
901 496 1.0
901 576 1.0
902 42 1.0
902 224 1.0
902 341 1.0
903 110 1.0
903 341 1.0
903 352 1.0
903 526 1.0
903 549 1.0
904 46 1.0
904 76 1.0
904 425 1.0
904 590 1.0
905 333 1.0
905 393 1.0
905 699 1.0
905 786 1.0
905 804 1.0
906 1 1.0
906 36 1.0
906 74 1.0
906 514 1.0
906 597 1.0
906 609 1.0
907 28 1.0
907 40 1.0
907 49 1.0
907 75 1.0
907 226 1.0
907 523 1.0
907 801 1.0
908 50 1.0
908 395 1.0
908 522 1.0
909 736 1.0
909 762 1.0
909 804 1.0
909 929 1.0
910 21 1.0
910 198 1.0
910 410 1.0
911 9 1.0
911 20 1.0
911 122 1.0
912 98 1.0
912 215 1.0
912 229 1.0
912 401 1.0
912 417 1.0
912 455 1.0
912 523 1.0
913 203 1.0
913 367 1.0
913 462 1.0
913 482 1.0
913 834 1.0
914 50 1.0
914 233 1.0
914 544 1.0
915 25 1.0
915 65 1.0
915 97 1.0
915 320 1.0
915 820 1.0
916 138 1.0
916 344 1.0
916 540 1.0
917 59 1.0
917 94 1.0
917 767 1.0
918 2 1.0
918 12 1.0
918 296 1.0
918 301 1.0
918 371 1.0
918 513 1.0
918 684 1.0
919 82 1.0
919 323 1.0
919 342 1.0
920 67 1.0
920 70 1.0
920 131 1.0
920 346 1.0
920 534 1.0
920 618 1.0
921 42 1.0
921 123 1.0
921 202 1.0
921 726 1.0
922 1 1.0
922 83 1.0
922 369 1.0
922 668 1.0
922 855 1.0
922 860 1.0
923 181 1.0
923 358 1.0
923 555 1.0
923 674 1.0
923 966 1.0
924 221 1.0
924 566 1.0
924 591 1.0
924 865 1.0
925 16 1.0
925 37 1.0
925 54 1.0
926 587 1.0
926 724 1.0
927 193 1.0
927 209 1.0
927 237 1.0
927 256 1.0
927 377 1.0
928 12 1.0
928 152 1.0
928 808 1.0
928 952 1.0
929 2 1.0
929 18 1.0
929 35 1.0
929 98 1.0
929 576 1.0
929 589 1.0
929 909 1.0
929 953 1.0
930 25 1.0
930 118 1.0
930 183 1.0
930 349 1.0
931 334 1.0
931 590 1.0
931 674 1.0
932 35 1.0
932 264 1.0
932 291 1.0
932 587 1.0
932 837 1.0
933 25 1.0
933 65 1.0
933 86 1.0
933 403 1.0
933 812 1.0
933 835 1.0
934 420 1.0
934 746 1.0
934 768 1.0
934 958 1.0
935 150 1.0
935 533 1.0
935 801 1.0
936 96 1.0
936 551 1.0
936 681 1.0
937 24 1.0
937 277 1.0
937 575 1.0
937 634 1.0
938 174 1.0
938 291 1.0
938 540 1.0
939 315 1.0
939 321 1.0
939 864 1.0
940 33 1.0
940 115 1.0
940 262 1.0
940 425 1.0
940 899 1.0
941 24 1.0
941 102 1.0
941 168 1.0
941 332 1.0
942 340 1.0
942 341 1.0
942 371 1.0
943 13 1.0
943 32 1.0
943 114 1.0
943 116 1.0
943 326 1.0
943 344 1.0
943 441 1.0
943 531 1.0
944 368 1.0
944 377 1.0
944 884 1.0
945 120 1.0
945 200 1.0
945 460 1.0
945 815 1.0
946 165 1.0
946 191 1.0
946 676 1.0
946 685 1.0
947 139 1.0
947 179 1.0
947 280 1.0
948 2 1.0
948 44 1.0
948 185 1.0
948 428 1.0
948 523 1.0
948 896 1.0
949 0 1.0
949 40 1.0
949 244 1.0
950 247 1.0
950 328 1.0
950 851 1.0
951 4 1.0
951 35 1.0
951 558 1.0
952 39 1.0
952 174 1.0
952 928 1.0
953 34 1.0
953 484 1.0
953 929 1.0
954 1 1.0
954 3 1.0
954 25 1.0
954 111 1.0
954 309 1.0
954 541 1.0
954 831 1.0
955 94 1.0
955 283 1.0
955 284 1.0
955 380 1.0
955 448 1.0
955 524 1.0
955 734 1.0
956 5 1.0
956 432 1.0
956 577 1.0
956 881 1.0
957 284 1.0
957 334 1.0
957 528 1.0
957 596 1.0
957 880 1.0
958 109 1.0
958 515 1.0
958 934 1.0
959 24 1.0
959 307 1.0
959 336 1.0
960 104 1.0
960 532 1.0
960 576 1.0
960 847 1.0
961 53 1.0
961 168 1.0
961 199 1.0
961 278 1.0
962 33 1.0
962 215 1.0
962 334 1.0
962 407 1.0
962 661 1.0
963 5 1.0
963 45 1.0
963 561 1.0
963 802 1.0
964 5 1.0
964 40 1.0
964 102 1.0
964 223 1.0
964 272 1.0
965 30 1.0
965 76 1.0
965 195 1.0
966 130 1.0
966 168 1.0
966 520 1.0
966 923 1.0
967 57 1.0
967 93 1.0
967 275 1.0
967 338 1.0
967 673 1.0
968 417 1.0
968 419 1.0
968 792 1.0
969 70 1.0
969 840 1.0
969 889 1.0
