0 702
0 337
0 997
0 70
0 425
0 303
0 541
0 604
0 599
0 29
0 913
1 413
1 212
1 421
1 319
1 339
1 554
1 526
2 597
2 686
2 673
2 629
2 335
2 124
2 34
2 28
2 111
2 139
2 755
3 615
3 976
3 104
3 5
3 415
3 732
3 653
4 910
4 120
4 429
4 544
4 590
4 861
4 263
4 985
4 744
5 66
5 864
5 331
5 362
5 804
5 562
5 564
5 315
6 69
6 43
6 790
6 303
6 109
6 73
6 342
6 358
6 224
7 417
7 747
7 770
7 904
7 140
7 493
8 371
8 931
8 904
8 526
8 629
9 716
9 872
9 26
9 342
9 214
10 357
10 668
10 785
10 691
10 592
11 134
11 143
11 780
11 270
11 190
11 957
11 203
11 537
11 155
12 522
12 46
12 951
12 828
12 114
12 26
13 34
13 682
13 424
13 21
13 950
13 969
13 109
13 440
14 897
14 514
14 436
14 178
14 520
14 333
14 527
14 676
15 138
15 141
16 584
16 774
16 195
16 945
16 395
16 258
16 863
16 332
16 796
17 543
17 16
17 176
17 190
17 661
17 674
17 817
17 435
17 575
17 453
17 108
18 999
18 671
18 811
18 610
18 598
18 55
18 750
18 194
18 411
19 93
19 715
19 507
20 912
20 232
20 690
20 770
20 567
20 425
21 542
21 388
21 469
21 442
21 492
21 590
21 743
21 110
21 976
21 5
21 255
22 190
22 465
22 111
22 612
22 390
22 867
22 461
22 849
23 533
23 737
23 280
23 155
23 420
23 359
23 839
23 339
23 427
24 985
24 405
24 581
24 934
24 163
24 801
25 920
25 197
25 864
25 598
25 742
25 414
25 40
25 57
26 298
26 720
26 935
26 695
27 548
27 200
27 172
27 413
27 829
27 731
27 652
27 870
28 949
28 569
28 904
28 512
28 237
28 55
29 448
29 466
29 815
30 221
30 819
30 524
30 624
31 186
31 580
31 430
31 738
31 348
31 468
31 955
32 909
32 773
32 822
32 705
32 326
33 247
33 327
33 276
33 978
33 448
33 16
33 283
33 130
33 108
33 758
33 965
34 233
34 701
34 941
34 999
34 766
34 658
34 888
34 57
34 380
34 610
34 690
35 201
35 548
35 151
35 567
35 25
36 110
36 78
36 616
36 475
36 427
36 0
36 579
36 18
36 192
37 22
37 857
37 267
37 637
37 840
37 59
38 980
38 446
38 536
38 393
38 226
38 569
38 184
38 422
38 796
38 792
38 250
39 761
39 279
39 926
39 549
39 794
40 36
40 543
40 919
40 297
40 248
40 952
40 452
40 500
41 479
41 204
41 883
41 135
41 855
42 955
42 882
42 621
42 130
42 723
42 254
43 867
43 245
43 464
43 722
43 292
43 436
43 610
43 561
43 132
43 493
43 282
43 456
44 811
44 429
44 243
44 441
44 577
44 926
45 420
45 761
45 345
45 565
45 10
45 9
45 994
45 572
46 732
46 765
46 527
46 714
46 134
46 302
46 87
46 351
47 995
47 658
47 637
47 69
47 883
48 316
48 155
48 839
48 158
49 929
49 591
50 67
50 43
50 481
50 123
50 406
50 504
51 884
51 687
51 743
51 845
51 651
51 657
52 757
52 682
52 803
52 874
52 165
52 90
52 499
53 583
53 994
53 429
53 138
54 174
54 110
54 344
54 418
54 4
54 526
54 582
54 492
54 774
54 617
54 244
54 447
54 687
55 912
55 816
55 601
55 190
55 557
55 304
55 438
56 129
56 883
56 616
56 24
56 204
57 492
57 553
57 513
58 743
58 866
58 66
58 265
58 27
59 169
59 186
59 428
59 951
59 90
59 238
59 734
59 251
59 179
60 823
60 787
60 893
60 839
60 472
60 264
60 309
60 386
61 270
61 682
61 874
61 581
61 907
61 525
61 985
62 401
62 442
62 506
62 477
62 806
62 352
62 262
62 549
62 850
62 13
62 582
63 623
63 967
63 73
63 153
63 639
64 740
64 783
64 23
64 977
64 558
64 885
64 393
64 61
64 469
65 780
65 687
65 900
65 611
65 53
65 100
65 313
65 901
65 633
65 846
66 228
66 233
66 384
66 659
66 375
66 556
66 748
66 770
67 58
67 753
67 361
67 466
67 641
67 270
67 84
67 714
68 958
68 637
68 287
68 944
68 447
68 682
68 504
69 614
69 756
69 498
69 833
69 735
69 232
69 900
69 151
69 916
69 745
69 875
70 891
70 658
70 381
70 707
70 642
70 839
70 278
70 396
70 373
70 845
70 557
70 969
70 677
71 85
71 301
71 127
71 571
71 196
71 410
71 710
72 954
72 866
72 934
72 579
72 373
73 104
73 898
73 459
73 67
73 837
73 615
73 855
73 14
73 873
73 997
73 331
73 664
74 657
74 576
74 27
74 574
74 468
74 107
74 0
74 272
74 231
74 953
75 510
75 285
75 529
75 607
75 374
75 421
75 13
75 743
75 143
76 364
76 166
76 258
76 599
76 126
76 361
76 584
77 843
77 414
77 45
77 740
77 628
78 206
78 598
78 676
78 118
78 683
78 368
78 997
78 924
78 22
78 816
78 288
78 769
78 946
78 289
78 823
78 699
78 359
79 943
79 309
79 969
79 30
79 805
79 683
79 278
79 939
79 41
79 283
79 846
79 734
80 433
80 83
80 557
80 349
81 541
81 54
81 588
81 1
81 831
81 217
82 411
82 68
82 272
82 326
82 529
82 389
82 375
82 294
82 679
82 361
82 20
82 47
82 538
83 734
83 584
83 859
83 256
83 551
83 582
83 853
83 399
83 821
84 448
84 437
84 190
84 500
84 795
84 727
84 95
84 112
84 495
84 137
84 994
85 946
85 243
85 902
85 78
85 284
85 137
85 306
86 31
86 291
86 769
86 659
86 214
86 831
86 555
86 524
86 826
87 908
87 140
87 831
87 440
87 754
87 899
87 511
87 631
87 789
88 483
88 786
88 830
88 875
88 508
88 913
88 823
89 55
89 631
89 47
89 50
89 24
89 784
89 886
89 962
90 394
90 567
90 871
90 338
90 591
90 1
90 820
90 852
90 856
91 217
91 571
91 485
91 970
92 386
92 406
92 912
92 686
92 401
92 626
92 87
92 777
92 424
93 159
93 784
93 465
93 893
93 631
93 174
94 961
94 210
94 913
94 245
94 237
94 410
94 907
95 48
95 41
95 171
95 394
95 129
95 955
95 11
96 650
96 60
96 388
96 921
96 977
96 419
96 70
96 607
97 547
97 185
97 89
97 98
97 995
97 422
97 426
97 516
98 372
98 18
98 226
98 856
99 386
99 458
99 848
99 296
100 934
100 228
100 971
100 894
100 187
100 995
100 353
100 555
100 186
100 685
101 57
101 239
101 308
101 538
101 874
101 623
102 53
102 137
102 78
102 182
102 425
102 792
102 868
102 727
103 64
103 460
104 605
104 49
104 909
104 6
104 542
105 386
105 911
105 144
105 931
105 691
105 523
105 29
105 176
105 512
105 535
105 299
106 334
106 931
106 498
106 47
106 767
106 235
106 39
106 806
106 604
106 107
106 690
107 376
107 33
107 126
107 847
107 902
107 523
107 73
107 541
108 97
108 164
108 559
108 505
108 501
109 546
109 521
109 16
109 756
109 35
110 245
110 846
110 435
110 198
110 671
110 931
110 187
110 427
111 314
111 691
111 156
111 918
111 161
111 972
111 967
111 647
111 289
111 434
111 493
112 615
112 268
112 196
112 669
112 222
112 662
112 988
112 151
113 596
113 564
114 688
114 65
114 7
114 637
114 88
114 447
114 855
114 654
114 517
114 98
114 245
114 511
115 378
115 813
115 622
115 516
115 191
115 793
115 811
115 656
116 578
116 435
116 998
116 961
116 989
116 4
116 492
117 673
117 0
117 713
117 764
117 368
117 581
117 784
117 228
118 188
118 965
118 136
118 797
118 469
118 4
118 950
119 793
119 277
119 693
119 668
119 833
120 807
120 134
120 322
120 851
120 519
120 797
120 674
120 185
121 703
121 573
121 376
121 21
121 148
121 322
121 919
122 137
122 824
122 723
122 151
122 781
122 747
122 303
122 141
122 167
122 463
123 888
123 921
123 341
123 671
123 972
123 495
123 822
123 835
123 405
123 533
123 259
124 928
124 246
124 116
124 519
124 208
124 350
124 551
125 275
125 633
125 479
125 812
125 912
125 339
125 113
125 204
125 118
126 847
126 236
126 74
126 508
126 630
127 586
127 564
127 982
127 474
127 640
128 198
128 114
128 93
128 630
128 631
128 554
128 966
128 450
128 350
128 209
128 27
128 600
129 283
129 846
129 28
129 33
129 981
129 284
130 41
130 485
130 667
130 301
130 973
130 664
130 40
131 549
131 165
131 337
131 96
131 463
132 872
132 845
132 972
132 523
132 229
132 180
132 209
133 596
133 97
133 590
133 925
133 225
133 228
133 543
133 249
133 380
134 13
134 60
134 818
134 226
134 772
134 153
135 800
135 139
135 327
135 297
135 174
135 584
135 356
135 950
136 749
136 81
136 451
136 98
137 538
137 611
137 881
137 453
137 279
137 946
137 769
137 255
138 799
138 761
138 825
138 334
138 171
138 517
138 637
139 898
139 619
139 395
139 550
139 481
139 285
140 738
140 123
140 462
140 250
140 431
141 655
141 927
141 226
141 375
141 229
141 637
141 762
141 801
141 388
141 814
142 155
142 998
142 658
142 342
142 61
142 208
142 754
143 764
143 29
143 300
143 306
143 652
143 348
143 207
143 724
143 435
143 736
144 736
144 380
144 804
144 728
144 767
144 932
144 879
144 305
145 891
145 783
146 399
146 571
146 674
146 461
146 219
146 443
146 713
147 36
147 769
147 535
147 586
147 74
147 441
147 150
148 824
148 342
148 415
148 445
148 19
148 272
149 210
149 624
149 670
149 130
149 880
149 703
149 366
150 473
150 891
150 158
150 568
150 981
150 586
150 406
150 758
150 154
150 361
150 247
151 614
151 546
151 452
151 842
151 673
152 907
152 207
152 467
152 668
152 473
152 149
153 827
153 401
153 981
153 19
153 508
153 398
153 196
153 220
153 506
153 781
154 285
154 103
154 870
154 158
154 134
154 298
154 587
155 794
155 910
155 646
155 227
155 416
155 845
155 471
155 136
156 399
156 386
156 577
156 18
156 293
156 969
156 488
156 363
157 714
157 858
157 120
157 790
157 370
158 855
158 131
158 746
158 45
159 500
159 239
159 456
159 164
159 758
159 944
159 759
160 959
160 71
160 244
160 321
160 698
160 500
160 182
161 446
161 796
162 46
162 929
162 52
162 485
162 71
162 323
162 347
162 916
162 702
163 417
163 884
163 777
163 178
163 73
163 912
163 435
164 491
164 678
164 71
164 292
164 609
164 734
164 232
165 898
165 484
165 902
165 22
165 826
165 8
165 462
166 787
166 666
166 486
167 450
167 719
167 295
167 433
167 637
167 11
167 476
167 683
167 502
167 400
167 549
167 735
167 609
167 220
168 991
168 484
168 241
168 292
168 291
168 345
168 809
169 772
169 331
169 24
169 164
169 887
169 402
169 53
169 646
169 878
169 993
170 677
170 866
170 587
170 192
170 696
170 11
171 653
171 710
171 763
171 880
171 733
171 915
172 661
172 570
172 745
172 561
172 627
172 67
172 354
172 192
172 16
172 538
172 337
173 207
173 992
173 56
173 609
173 918
174 94
174 956
174 880
174 949
174 153
174 783
174 137
175 129
175 996
175 745
175 978
175 730
175 592
176 708
176 757
176 865
177 670
177 60
177 676
177 238
177 16
177 360
177 671
177 300
177 327
178 95
178 484
178 866
178 472
178 198
178 570
178 471
178 967
179 105
179 42
179 189
179 904
179 950
180 834
180 235
180 845
180 192
180 318
180 965
181 671
181 176
181 232
181 166
182 496
182 690
182 925
182 124
182 780
182 943
182 122
183 17
183 136
183 529
183 438
183 398
183 425
184 41
184 910
184 538
184 844
184 585
184 901
184 230
185 437
185 967
185 177
185 622
185 822
185 500
185 958
185 155
185 29
185 261
185 973
186 496
186 520
186 758
186 428
186 115
186 561
186 905
186 22
186 480
186 839
187 223
187 116
187 807
187 93
187 379
187 875
188 126
188 193
188 838
188 900
188 133
188 90
188 186
189 685
189 976
189 988
189 784
189 87
189 708
189 802
189 761
190 171
190 529
190 810
190 30
190 133
190 689
190 10
190 453
190 369
190 361
190 499
190 520
191 872
191 733
191 73
191 774
191 390
191 347
192 225
192 715
192 654
192 878
192 37
192 316
192 596
192 706
192 490
193 481
193 195
193 300
193 405
193 587
193 642
193 975
194 831
194 152
194 790
194 982
194 584
194 610
194 70
195 197
195 916
195 676
195 23
195 407
195 66
195 373
195 353
195 716
195 8
195 7
196 976
196 683
196 470
196 388
196 819
196 818
196 100
196 93
197 767
197 682
197 700
197 417
197 4
197 313
198 244
198 546
198 406
198 522
198 247
198 838
199 596
199 84
199 386
199 331
199 80
199 495
199 127
200 465
200 983
200 666
200 950
200 230
200 883
201 786
201 4
201 162
201 306
202 246
202 983
202 19
202 351
202 613
202 952
202 336
202 98
203 571
203 963
203 209
203 896
204 746
204 462
204 856
204 151
204 456
204 859
204 269
204 797
205 385
205 222
205 623
205 446
205 87
205 9
205 629
206 102
206 701
206 868
206 196
206 243
206 846
206 696
206 79
207 100
207 579
207 66
207 106
207 351
207 326
207 321
208 763
208 304
208 675
208 602
208 813
208 117
208 80
209 918
209 218
209 958
209 323
209 789
209 760
210 17
210 349
210 865
210 782
210 305
211 21
211 137
211 743
211 792
211 706
211 904
211 320
211 400
211 130
212 675
212 950
212 542
212 791
212 904
212 462
213 366
213 558
213 563
213 301
213 357
213 689
213 812
213 130
214 120
214 604
214 653
214 641
214 489
214 260
214 909
214 618
214 756
214 335
214 332
214 137
214 741
214 56
215 928
215 267
215 966
215 252
216 132
216 162
216 877
216 765
216 572
216 852
216 1
216 27
216 748
216 265
216 691
217 414
217 253
217 997
217 420
217 655
218 801
218 536
218 477
218 389
218 505
218 67
218 943
218 653
219 803
219 295
219 687
219 243
219 326
219 991
219 261
219 793
219 8
219 91
220 609
220 42
220 263
220 856
220 618
220 447
220 648
221 788
221 910
221 459
221 903
221 359
221 525
222 342
222 731
222 616
222 592
222 393
222 180
222 905
222 954
222 622
222 437
222 345
222 363
222 218
223 684
223 220
223 360
223 766
223 947
223 941
223 347
223 363
223 865
223 35
224 646
224 913
224 269
224 775
224 976
225 863
225 336
225 733
225 283
225 747
225 164
225 809
225 270
226 219
226 569
226 868
226 306
226 803
226 755
226 273
226 976
226 710
227 254
227 10
227 364
227 315
227 307
227 176
227 949
227 292
227 821
228 588
228 75
228 167
228 78
228 701
228 939
228 719
228 888
229 302
229 995
229 771
229 313
229 816
230 843
230 487
230 414
230 533
230 427
230 901
230 631
231 16
231 507
231 374
231 902
231 451
231 190
231 585
231 356
231 337
232 579
232 933
232 279
232 590
232 471
232 238
232 315
233 225
233 748
233 71
233 523
233 742
233 307
233 14
233 336
233 789
233 929
234 84
234 296
234 886
234 369
234 733
234 966
234 380
235 485
235 463
235 356
235 341
235 555
236 223
236 138
236 880
236 461
236 408
236 351
236 921
236 350
236 387
236 412
237 932
237 475
237 228
237 865
237 297
237 956
238 801
238 706
238 477
238 588
238 47
238 35
238 207
238 834
238 990
238 574
238 660
238 760
238 474
239 296
239 142
239 28
239 613
239 390
239 793
240 260
240 523
240 703
240 196
240 674
240 892
240 501
240 338
240 167
240 530
240 671
241 126
241 496
241 350
241 299
242 557
242 761
242 301
242 767
242 665
243 657
243 596
243 970
243 42
243 867
243 287
243 34
243 973
243 291
243 426
243 0
243 586
243 355
243 667
244 562
244 571
244 248
244 805
244 753
244 706
245 361
245 3
245 933
245 483
245 84
246 775
246 321
246 37
246 226
246 921
246 839
246 531
246 804
247 562
247 850
247 853
247 151
247 637
247 190
247 258
248 78
248 879
248 761
248 582
248 731
249 17
249 434
249 631
249 546
249 548
249 384
249 824
249 35
249 922
249 439
249 51
249 879
250 208
250 274
250 645
250 751
250 300
250 491
250 667
250 488
251 389
251 394
251 777
251 995
251 829
251 183
251 78
251 479
252 437
252 925
252 425
252 421
252 974
252 502
252 601
252 830
253 155
253 910
253 92
253 492
253 707
253 246
253 180
253 250
253 997
253 708
254 281
254 942
254 84
254 531
254 577
255 664
255 187
255 830
255 629
255 690
255 196
256 758
256 78
256 371
256 379
256 432
256 219
256 636
256 61
256 334
256 954
257 133
257 35
257 735
257 789
257 884
257 973
258 250
258 387
258 307
258 402
258 693
259 654
259 481
259 309
259 879
260 310
260 87
260 751
260 377
260 937
261 315
261 10
261 17
261 922
261 266
261 154
261 250
262 803
262 469
262 152
262 641
262 785
262 746
262 513
263 621
263 741
263 255
263 190
263 900
263 835
263 764
264 955
264 453
264 759
264 344
264 850
264 820
264 775
265 553
265 773
266 230
266 116
266 818
266 919
266 583
266 201
266 193
266 431
267 886
267 112
267 922
268 602
268 654
268 157
268 655
268 883
269 378
269 874
269 771
269 806
269 353
269 174
269 19
270 59
270 494
270 552
270 348
270 296
270 127
270 645
271 610
271 530
271 652
271 782
271 846
272 237
272 26
272 161
272 772
272 916
272 188
272 41
272 930
272 131
273 952
273 455
273 71
273 712
273 125
274 780
274 525
274 617
274 2
274 851
274 379
274 160
274 786
274 426
275 934
275 891
275 65
275 494
275 758
275 202
276 338
276 407
276 845
276 790
276 930
276 802
276 734
276 44
276 760
276 40
276 667
277 228
277 836
277 524
277 747
277 82
277 844
277 238
277 914
278 43
278 594
278 416
278 572
278 249
278 582
278 684
278 508
278 451
278 662
278 621
278 334
279 458
279 4
279 678
279 427
279 249
279 635
280 679
280 820
280 370
280 778
280 268
281 269
281 206
281 212
281 743
281 569
281 936
281 98
281 262
282 149
282 110
282 43
282 307
282 931
282 101
283 986
283 179
283 275
283 499
283 721
283 979
283 523
283 365
284 352
284 346
284 769
284 601
284 214
284 148
284 434
285 154
285 768
285 745
285 759
285 715
285 596
285 328
286 662
286 5
286 723
286 758
286 724
286 671
287 184
287 225
287 192
287 962
287 19
287 281
287 900
288 525
288 63
288 139
288 774
288 561
288 780
288 608
288 53
288 703
288 656
288 834
288 339
289 950
289 556
289 412
289 912
289 916
289 712
289 817
289 973
289 77
289 8
290 809
290 307
290 531
290 153
290 965
290 447
290 22
291 711
291 756
291 727
292 135
292 126
292 788
293 667
293 989
293 931
293 895
293 779
293 539
293 727
294 126
294 419
294 836
294 244
294 355
294 220
294 190
294 389
294 205
294 474
294 433
295 664
295 809
295 711
295 285
295 572
295 506
296 599
296 59
296 256
296 736
296 83
296 644
296 464
296 220
297 428
297 77
297 523
297 275
297 827
297 342
297 645
297 730
297 25
298 58
298 746
298 524
298 545
298 53
298 949
299 109
299 277
299 310
299 136
299 774
299 387
300 130
300 351
300 754
300 976
300 554
300 246
300 872
301 193
301 596
301 504
301 321
301 138
301 309
301 249
301 411
302 30
302 437
302 27
302 156
302 12
302 555
302 103
302 757
302 139
302 418
303 936
303 34
303 273
303 515
303 959
303 107
303 15
303 707
304 207
304 143
304 941
304 312
304 419
304 652
305 747
305 74
305 10
305 629
305 203
305 103
305 2
305 503
305 524
305 121
305 703
306 109
306 756
306 147
306 507
306 558
306 181
306 281
306 773
306 884
306 300
306 323
306 405
306 959
306 554
307 733
307 750
307 897
307 903
307 892
308 64
308 515
308 590
308 627
308 550
309 980
309 965
309 854
309 155
309 300
309 582
309 198
309 255
309 519
310 122
310 67
310 347
310 173
310 549
310 96
310 214
310 939
310 402
311 672
311 110
311 396
311 114
311 778
311 524
311 3
311 616
311 845
311 474
312 321
312 821
312 55
312 242
313 4
313 25
313 291
313 560
313 431
313 194
313 578
313 364
313 500
314 705
314 209
314 938
314 702
314 48
314 112
314 863
314 120
314 792
315 946
315 431
315 278
315 337
315 270
315 464
315 526
315 615
315 949
315 881
316 411
316 683
316 102
316 345
317 183
317 392
317 134
317 791
317 227
318 265
318 156
318 818
318 33
318 769
318 415
318 413
318 796
318 204
318 810
318 60
318 920
318 268
318 610
319 411
319 403
319 953
319 854
319 993
320 463
320 508
320 494
320 452
320 569
321 436
321 148
321 17
321 937
321 666
321 462
322 830
322 157
322 132
322 659
322 605
322 318
322 1
322 336
322 610
323 222
323 661
323 825
323 241
323 242
324 985
324 220
324 996
324 343
324 107
325 174
325 37
325 436
325 681
325 536
325 132
325 509
325 374
325 349
326 941
326 439
326 466
326 123
326 345
326 675
326 913
327 299
327 213
327 187
327 727
327 317
327 880
327 998
327 696
327 777
327 626
328 198
328 945
328 950
328 52
328 974
328 712
328 490
328 789
328 696
328 154
328 252
328 998
329 893
329 985
329 191
329 876
329 549
329 598
329 332
330 235
330 695
330 751
330 889
330 14
330 847
330 344
330 953
330 935
330 565
330 214
330 775
330 92
330 610
331 400
331 473
331 194
331 684
331 752
331 18
332 455
332 649
332 394
332 677
332 398
332 959
332 321
333 751
333 980
333 704
333 862
333 872
334 372
334 185
334 414
334 408
334 317
334 199
334 764
334 894
334 705
335 709
335 71
335 759
335 384
335 91
335 717
335 721
335 607
335 427
335 550
336 372
336 49
336 213
336 381
337 484
337 931
337 405
337 152
337 352
337 429
337 675
338 31
338 784
338 891
338 742
338 84
339 916
339 713
339 433
339 289
339 288
339 463
339 492
339 780
339 280
339 423
339 782
339 173
340 14
340 685
340 94
340 412
340 20
340 930
341 500
341 124
341 704
341 654
341 496
341 843
341 191
341 372
342 549
342 957
342 137
342 712
342 8
342 464
342 847
342 208
343 166
343 941
343 218
343 525
343 695
344 867
344 845
345 489
345 340
345 617
345 645
345 562
346 315
346 677
346 239
346 517
346 292
346 684
346 408
347 246
347 912
347 613
347 277
347 425
348 734
348 385
348 403
348 665
348 423
348 469
348 67
348 608
348 650
348 44
348 810
349 322
349 901
349 718
349 714
349 752
349 846
349 245
349 812
349 514
349 602
349 755
350 159
350 135
350 245
350 796
350 901
350 266
350 329
351 669
351 103
351 556
351 230
351 578
351 81
351 35
351 241
351 564
352 209
352 644
352 370
352 220
352 169
352 287
352 865
352 516
352 782
352 44
352 521
352 397
352 795
353 337
353 758
353 229
353 735
353 667
353 409
353 942
353 960
353 873
353 362
354 430
354 979
354 678
354 166
354 535
354 378
354 800
355 444
355 822
355 773
355 36
355 727
356 174
356 933
356 66
356 840
356 665
356 279
356 42
356 640
357 291
357 267
357 126
357 369
357 295
357 47
357 119
357 94
357 943
357 158
358 61
358 725
358 131
358 951
358 392
358 700
358 950
359 915
359 401
359 160
359 383
359 214
359 50
359 715
359 783
359 837
359 487
359 473
359 41
359 701
359 656
359 990
359 343
359 200
360 990
360 610
360 310
360 245
360 844
360 856
361 47
361 528
361 810
361 554
361 667
361 675
361 914
361 515
361 999
361 799
362 728
362 344
362 303
362 496
362 581
362 264
362 504
362 147
362 492
363 889
363 736
363 29
363 201
363 202
363 90
363 718
364 977
364 753
364 593
364 840
364 465
364 97
364 412
365 696
365 103
365 538
365 790
365 351
365 314
366 871
366 550
366 674
366 638
366 359
367 465
367 996
367 10
368 815
368 741
368 526
368 469
368 9
368 659
369 344
369 682
369 116
369 263
370 40
370 362
370 530
370 328
370 434
370 988
370 336
370 521
370 64
370 635
370 518
371 612
371 905
371 554
371 21
371 634
371 624
371 732
372 564
372 885
372 726
372 381
372 864
372 722
372 529
372 803
373 911
373 884
373 712
373 140
373 18
373 512
373 2
373 50
374 360
374 899
374 527
374 41
374 329
374 934
375 219
375 355
375 429
375 388
375 684
375 431
375 824
376 938
376 524
376 198
376 558
376 333
376 972
376 775
377 747
377 264
377 473
377 726
377 593
377 864
377 374
377 654
378 400
378 383
378 234
378 946
378 511
378 564
378 99
378 648
378 485
378 227
378 25
379 677
379 579
379 230
379 236
379 523
379 977
379 45
379 673
379 136
379 311
380 939
380 372
380 850
380 751
380 487
380 335
380 818
381 368
381 141
381 422
381 647
381 245
381 648
382 745
382 22
382 219
382 117
382 720
382 147
382 160
382 49
382 182
383 697
383 244
383 710
383 447
383 886
383 987
383 392
383 686
383 435
383 649
384 1
384 540
384 159
384 682
384 972
384 624
384 401
384 922
385 425
385 468
385 571
385 33
385 401
385 124
386 18
386 703
386 103
386 385
386 608
386 71
386 987
387 5
387 628
387 332
387 646
387 949
387 336
387 594
388 100
388 501
388 898
388 982
388 842
388 115
388 878
388 954
388 556
388 464
388 734
388 166
389 942
389 131
389 825
389 88
389 151
389 537
389 852
389 183
389 98
389 595
390 868
390 131
390 631
390 176
390 859
390 494
391 59
391 762
391 37
391 40
391 560
392 482
392 410
392 101
392 263
392 239
392 992
393 467
393 894
393 772
393 165
394 546
394 836
394 644
394 489
394 28
394 206
394 141
394 264
394 922
394 205
394 714
395 925
395 140
395 392
395 830
395 567
396 403
396 499
396 950
396 523
396 800
396 287
396 79
396 150
396 438
397 260
397 750
397 178
397 392
397 986
397 841
397 670
397 690
397 450
397 780
397 703
397 403
397 930
398 599
398 381
398 614
398 187
398 971
399 488
399 471
399 358
399 5
399 141
399 582
400 332
400 607
400 705
400 850
401 757
401 871
401 689
401 389
401 614
401 65
401 145
401 632
401 220
401 376
402 715
402 331
402 651
402 683
402 925
402 424
402 33
402 679
402 990
403 265
403 323
403 285
403 747
403 375
403 988
403 188
403 132
403 191
403 257
403 274
403 808
403 128
403 649
404 671
404 792
404 948
404 878
404 104
404 525
404 17
404 656
404 185
405 860
405 245
405 160
405 366
405 358
405 418
405 462
405 918
406 707
406 973
406 980
406 967
406 557
407 721
407 689
407 634
407 519
407 789
407 532
408 139
408 229
408 237
409 994
409 140
409 458
409 180
409 31
410 134
410 489
410 187
410 714
410 654
410 651
410 701
411 754
411 784
411 2
411 325
411 166
411 904
411 607
411 490
412 708
412 215
412 28
412 171
412 71
412 102
412 629
412 996
413 10
413 937
413 726
413 875
413 209
413 743
413 260
414 183
414 140
414 595
414 926
414 386
414 666
414 727
414 973
415 128
415 89
415 106
415 898
415 114
415 542
415 619
415 987
416 945
416 909
416 588
416 628
416 727
416 955
417 646
417 969
417 120
417 405
417 864
417 589
417 919
417 836
417 336
418 7
418 831
418 579
418 553
418 233
418 650
418 288
418 218
418 681
418 39
418 749
418 624
419 286
419 940
419 893
419 916
419 2
419 85
420 475
420 5
420 154
420 902
420 763
420 808
420 510
421 555
421 236
421 121
421 383
421 999
421 709
422 134
422 161
422 727
422 988
422 424
422 340
422 395
422 741
423 905
423 690
423 868
423 508
423 86
423 963
423 184
423 874
423 912
423 742
423 593
423 877
424 774
424 874
424 695
424 930
424 233
424 61
425 546
425 547
425 281
426 26
426 313
426 710
426 207
426 201
426 353
426 565
426 51
427 647
427 101
427 130
427 567
427 598
427 220
427 916
428 202
428 787
428 150
428 274
428 837
428 747
428 659
428 16
428 95
428 975
429 148
429 25
429 773
429 986
429 953
429 786
429 918
429 551
429 387
430 158
430 843
430 218
430 892
431 679
431 538
431 661
431 329
431 584
431 874
431 455
431 5
431 446
432 492
432 711
432 162
432 120
432 204
432 956
433 359
433 305
433 31
433 499
433 688
433 134
433 725
433 272
434 630
434 433
434 266
434 936
434 597
434 341
434 313
434 237
434 109
434 177
434 296
435 232
435 859
435 333
435 518
435 540
435 95
435 764
435 418
436 706
436 763
436 919
436 937
436 197
436 103
437 663
437 510
437 862
438 327
438 492
438 795
438 235
438 260
438 216
438 237
439 992
439 588
439 53
439 737
440 141
440 755
440 949
440 986
440 295
440 904
440 44
440 908
441 480
441 384
441 699
441 17
441 733
441 952
441 284
441 981
441 22
442 437
442 998
442 710
442 588
443 899
443 775
443 264
443 503
443 714
443 303
443 365
443 23
443 473
443 471
444 501
444 278
444 649
444 700
444 391
444 182
444 518
445 184
445 530
445 78
445 819
445 849
445 203
445 136
445 20
445 767
445 188
445 606
445 678
446 400
446 958
446 181
446 824
446 532
447 146
447 708
447 522
447 647
447 701
447 949
447 245
447 270
447 833
447 200
447 753
448 779
448 336
448 481
448 776
448 113
448 385
448 211
448 592
448 585
448 197
449 226
449 178
449 788
449 55
449 0
449 315
449 98
449 52
449 327
450 915
450 914
450 309
450 352
450 890
450 862
450 563
450 312
450 358
450 993
451 715
451 735
451 205
451 827
451 7
451 26
452 872
452 111
452 684
452 82
452 158
452 404
453 601
453 282
453 919
453 769
453 700
453 485
453 324
453 732
454 698
454 424
454 971
454 548
454 951
455 408
455 381
455 670
455 557
455 893
455 673
455 526
455 26
455 487
455 31
456 378
456 223
456 441
456 784
456 353
456 142
456 584
456 105
457 684
457 89
457 134
457 630
457 202
457 72
458 312
458 35
458 148
458 963
458 78
458 822
458 882
458 26
458 815
458 656
458 869
459 831
459 50
459 786
459 477
459 824
459 790
459 601
460 599
460 728
460 738
460 610
460 483
460 825
460 812
460 371
460 78
460 104
460 158
461 433
461 779
461 522
461 17
461 882
461 881
461 464
461 811
461 223
462 926
462 190
462 629
462 724
462 719
462 856
462 911
462 721
462 943
463 403
463 648
463 611
463 110
463 386
463 907
463 717
463 331
463 75
463 820
463 411
464 488
464 137
464 75
464 527
464 843
464 103
464 72
464 512
464 104
464 589
464 237
465 793
465 598
465 983
465 299
465 722
466 760
466 866
466 406
466 21
466 361
466 369
466 483
466 255
466 143
466 471
466 350
467 377
467 696
467 664
467 885
467 95
467 51
467 334
467 966
467 764
467 68
467 292
467 478
468 508
468 334
468 679
468 2
468 136
468 633
468 717
469 602
469 129
469 167
469 840
469 123
469 570
469 896
469 707
469 21
470 286
470 625
470 64
470 360
470 711
470 2
470 801
470 451
471 16
471 698
471 749
471 119
472 423
472 363
472 157
472 791
472 148
472 293
473 669
473 805
473 230
473 486
473 608
473 159
473 404
473 491
474 814
474 694
474 280
474 938
474 453
475 549
475 947
475 129
475 797
475 828
475 274
476 631
476 231
476 953
476 869
476 788
476 737
476 335
476 171
477 83
477 188
477 823
477 775
478 564
478 707
478 732
478 242
478 969
478 480
478 352
478 320
478 219
478 991
479 200
479 531
479 234
479 184
479 796
479 588
479 327
479 307
480 233
480 338
480 855
480 752
480 411
480 87
480 397
481 137
481 936
481 124
481 466
481 329
481 614
482 651
482 735
482 890
482 766
482 511
482 774
482 166
482 675
482 933
482 485
482 139
482 734
482 417
482 728
482 86
482 874
483 830
483 493
483 785
483 900
483 179
483 630
484 927
484 391
484 940
484 990
484 976
484 430
484 970
484 651
484 617
485 731
485 428
485 435
485 502
485 499
485 970
486 827
486 227
486 589
486 326
486 847
487 507
487 486
487 847
487 646
487 118
488 247
488 459
488 785
488 408
488 852
489 411
489 402
489 79
489 608
489 636
489 371
489 431
490 663
490 450
490 797
490 712
490 787
490 721
490 598
490 273
490 76
491 282
491 573
491 284
491 880
491 817
491 612
492 711
492 550
492 783
492 128
492 532
492 351
492 257
492 844
493 829
493 803
493 912
493 603
493 377
493 399
493 732
493 177
493 294
494 712
494 717
494 122
494 649
494 512
494 694
495 241
495 995
495 487
495 545
495 741
495 581
495 856
496 260
496 120
496 205
496 643
496 609
496 750
496 22
496 803
496 398
496 312
497 276
497 133
497 646
497 250
497 737
497 336
497 295
498 123
498 759
498 66
498 371
498 198
498 552
498 295
498 229
498 886
499 459
499 99
499 87
499 232
499 376
500 364
500 699
500 776
500 987
500 314
501 778
501 844
501 784
501 495
502 556
502 160
502 876
502 155
502 927
503 260
503 449
503 81
503 360
504 875
504 654
504 445
504 629
504 869
504 370
505 363
505 452
505 200
505 240
505 146
505 923
505 114
505 733
505 584
505 920
506 220
506 347
506 144
506 535
506 280
506 293
506 434
507 353
507 716
507 378
507 959
507 572
508 237
508 233
508 431
508 853
509 807
509 18
509 756
509 801
509 80
509 194
509 712
509 681
509 464
509 100
509 29
510 840
510 70
510 313
510 423
510 203
511 631
511 16
511 966
511 301
511 361
511 632
511 101
511 652
511 995
511 293
511 145
511 985
511 781
512 551
512 450
512 384
512 361
512 872
512 487
512 705
512 687
512 880
512 528
512 122
512 908
512 931
512 811
513 485
513 76
513 415
513 0
513 332
513 606
513 23
513 764
514 422
514 401
514 261
514 126
514 965
514 571
515 60
515 809
515 628
515 602
515 401
515 101
516 276
516 964
516 658
516 427
516 855
516 922
516 205
516 719
517 573
517 523
517 374
517 844
517 874
517 41
517 51
518 685
518 36
518 448
518 80
518 414
518 176
518 12
518 511
518 18
518 106
518 202
519 348
519 848
519 224
519 772
519 632
519 912
519 380
519 596
520 338
520 642
520 464
520 766
520 700
521 843
521 529
521 222
521 908
521 237
521 833
521 201
521 952
521 456
522 619
522 650
522 458
522 422
522 483
522 197
522 200
522 620
522 81
522 566
523 373
523 434
523 443
523 229
523 575
524 900
524 652
524 867
524 78
524 651
524 413
524 957
524 57
525 345
525 897
525 189
525 431
525 465
525 4
525 835
526 316
526 464
526 253
526 547
526 796
526 809
526 192
526 744
526 714
526 284
527 554
527 10
527 145
527 592
527 211
527 895
527 509
528 561
528 820
528 821
529 254
529 186
529 48
529 671
529 23
529 227
529 719
529 97
529 790
529 396
530 927
530 613
530 686
530 489
530 705
530 955
530 428
530 187
531 122
531 589
531 626
531 838
532 418
532 69
532 790
532 321
533 115
533 749
533 180
533 463
533 98
533 14
533 15
533 908
534 21
534 343
534 976
534 736
534 815
534 520
534 748
534 977
534 281
535 560
535 78
535 162
535 422
535 348
535 973
535 725
535 670
535 446
535 86
536 126
536 670
536 652
536 831
536 504
536 155
536 934
536 680
537 881
537 466
537 651
537 369
537 398
537 475
537 904
537 185
538 132
538 842
538 138
538 259
538 29
539 84
539 232
539 1
539 680
539 392
539 585
539 995
539 759
540 219
540 481
540 136
540 581
540 323
540 479
540 758
541 527
541 497
541 658
541 350
541 310
542 148
542 943
542 953
542 232
542 526
542 734
542 63
542 771
543 105
543 956
543 926
543 815
543 367
543 952
543 962
543 85
543 37
543 927
544 669
544 567
544 46
544 862
544 973
545 560
545 954
545 686
545 27
545 753
545 802
545 114
545 459
545 270
545 553
545 52
545 244
545 607
545 19
546 436
546 118
546 393
546 42
546 518
546 435
546 849
547 799
547 654
547 845
547 538
547 195
548 932
548 508
548 34
548 644
548 852
549 33
549 83
549 617
549 280
549 811
549 439
549 887
550 278
550 723
550 377
550 99
550 640
550 658
550 97
550 997
550 58
550 407
550 59
551 105
551 63
551 59
551 999
551 739
551 509
551 202
551 407
551 72
552 654
552 671
552 177
552 883
552 342
552 383
552 737
552 92
552 326
552 251
552 773
552 736
552 454
553 447
553 692
553 237
553 297
553 98
553 396
553 750
554 275
554 186
554 292
554 535
554 983
554 742
554 494
554 33
554 299
554 876
555 284
555 482
555 693
555 233
555 796
555 246
555 998
555 984
555 111
555 391
555 71
555 850
556 786
556 535
556 251
556 286
556 371
557 89
557 250
557 407
557 100
557 241
558 41
558 93
558 266
558 66
558 814
558 127
558 4
559 923
559 583
559 83
559 394
559 318
559 52
559 806
559 342
560 361
560 130
560 513
560 458
560 722
560 780
560 268
560 510
560 131
560 320
561 750
561 625
561 696
561 357
561 934
561 801
562 916
562 346
562 385
562 596
562 586
562 263
562 702
562 823
563 635
563 534
563 270
563 154
563 391
563 407
563 61
563 375
564 574
564 706
564 68
564 976
564 137
565 916
565 435
565 229
565 114
565 621
565 456
565 829
565 954
565 266
566 417
566 837
566 899
566 98
566 651
566 68
566 153
566 330
567 26
567 438
567 941
567 392
567 90
567 362
567 148
568 288
568 153
568 56
568 538
568 707
568 784
568 840
568 125
568 537
568 562
568 320
568 969
569 441
569 320
569 99
569 614
569 224
569 200
569 421
569 59
569 32
570 912
570 964
570 366
571 248
571 808
571 452
571 957
571 554
571 582
571 56
572 713
572 930
572 851
572 389
572 746
573 367
573 622
573 266
573 18
573 7
574 396
574 434
574 746
574 772
574 559
574 219
574 801
574 650
574 955
574 919
574 307
574 641
575 844
575 146
575 758
575 861
575 700
575 42
576 646
576 975
576 650
576 187
576 519
576 387
577 998
577 203
577 455
577 421
578 417
578 586
578 704
578 915
578 569
578 722
578 926
578 874
578 589
578 846
579 555
579 446
579 185
579 171
579 103
579 836
579 741
579 372
580 358
580 22
580 479
580 331
580 883
580 834
580 986
580 354
581 288
581 448
581 915
581 921
581 420
581 195
581 668
581 729
581 452
582 201
582 929
582 244
582 17
582 527
582 484
582 11
582 670
582 394
582 570
583 119
583 725
583 366
583 5
583 994
583 829
583 86
584 48
584 280
584 131
584 180
584 248
584 383
584 234
584 41
584 784
584 641
585 460
585 509
585 908
585 375
585 859
585 638
585 891
585 303
585 668
585 643
585 974
586 195
586 599
586 156
586 323
586 229
586 665
586 163
586 402
586 389
586 96
587 758
587 522
587 411
587 794
587 138
587 490
587 581
587 114
588 78
588 423
588 264
588 46
589 255
589 865
589 781
589 897
589 455
589 758
589 987
589 227
589 117
589 112
589 750
590 338
590 625
590 21
590 560
590 791
590 380
590 340
591 276
591 785
591 208
591 27
591 58
591 191
591 683
591 452
591 264
591 567
591 352
592 585
592 93
592 418
592 953
592 84
593 935
593 819
593 229
593 766
593 752
593 293
594 874
594 528
594 654
594 351
595 884
595 119
595 107
595 859
595 166
596 150
596 396
596 114
596 875
596 544
596 224
597 427
597 411
597 822
597 749
597 362
597 315
597 202
597 529
598 730
598 485
598 12
598 556
598 60
598 845
598 682
599 126
599 530
599 467
599 922
599 355
599 773
599 84
600 297
600 729
600 192
601 816
601 326
601 13
601 439
601 87
601 714
601 937
601 127
602 969
602 58
602 403
602 273
602 17
602 781
602 254
602 731
602 7
602 908
602 771
602 109
603 852
603 135
603 518
603 763
603 223
603 921
603 767
603 999
604 938
604 11
604 425
604 796
604 732
605 792
605 126
605 25
605 340
605 62
605 145
605 727
605 717
605 826
606 201
606 132
606 387
606 984
606 506
606 986
606 663
606 726
606 655
607 597
607 586
607 406
607 135
607 568
608 478
608 22
608 282
608 45
608 957
608 678
608 764
608 681
609 667
609 44
609 591
609 592
609 368
609 207
609 205
610 867
610 460
610 158
610 933
610 171
610 469
611 128
611 883
611 306
611 360
611 697
611 4
611 135
611 854
611 490
612 28
612 982
612 769
612 396
612 175
612 341
612 929
613 617
613 520
613 749
613 459
613 453
613 327
613 202
613 710
613 929
613 882
613 286
614 224
614 835
614 798
614 552
614 467
614 164
614 246
614 248
614 153
615 80
615 180
615 833
615 281
615 47
616 654
616 86
616 373
616 875
616 744
616 59
616 217
617 210
617 45
617 721
617 311
617 967
617 786
617 156
617 506
617 781
618 456
618 559
618 916
618 13
618 169
618 804
618 977
618 107
618 721
619 266
619 38
619 688
619 367
619 801
619 775
619 269
619 306
619 987
619 989
619 47
619 418
619 300
620 245
620 672
620 785
620 334
620 462
620 711
620 372
621 984
621 18
621 502
621 74
621 69
621 34
622 37
622 875
622 916
622 553
622 353
622 260
622 892
623 860
623 777
623 90
623 102
623 948
623 681
623 494
624 361
624 352
624 652
624 100
624 837
624 111
624 8
624 802
624 123
624 552
625 118
625 573
625 830
625 291
625 61
625 51
625 871
625 883
625 349
625 752
625 422
626 649
626 968
626 881
626 864
626 783
626 741
626 848
626 262
626 121
626 982
626 304
626 905
626 865
626 343
626 665
627 155
627 878
627 979
627 894
627 319
627 332
628 387
628 131
629 987
629 971
629 898
629 555
629 721
629 754
629 717
629 995
630 610
630 908
630 249
630 767
630 541
630 852
630 398
630 448
630 174
631 929
631 58
631 455
631 192
631 342
631 449
632 534
632 999
632 127
632 442
632 758
632 735
633 147
633 311
633 403
633 868
633 486
633 247
633 90
633 330
633 946
633 304
633 695
633 104
633 817
634 73
634 568
634 793
634 468
634 296
634 219
634 409
634 347
634 181
634 651
634 195
634 496
635 366
635 150
635 808
635 916
635 356
636 346
636 746
636 10
636 99
636 393
636 366
637 354
637 508
637 782
638 592
638 945
638 797
638 897
638 880
638 186
638 252
638 286
638 810
638 273
638 793
638 74
639 275
639 789
639 841
639 869
639 290
639 113
639 3
639 456
640 622
640 999
640 264
640 173
640 267
640 494
640 841
640 584
640 518
640 157
641 881
641 359
641 734
641 392
641 606
641 920
641 865
641 893
641 143
642 987
642 229
642 958
642 993
642 426
642 333
642 395
642 853
643 900
643 959
643 499
643 562
643 441
643 929
643 411
643 511
643 0
643 25
644 966
644 300
644 569
644 494
644 371
644 92
644 275
644 624
644 462
644 987
645 729
645 952
645 973
645 833
645 386
645 649
646 636
646 742
646 575
646 297
646 316
646 734
646 551
646 872
646 289
647 589
647 52
647 595
647 690
647 159
648 980
648 674
648 189
648 792
648 736
648 656
648 476
649 202
649 972
649 87
649 126
649 134
649 245
650 724
650 365
650 766
650 203
650 791
650 562
651 844
651 322
651 605
651 509
651 426
651 377
651 487
651 776
651 12
651 69
652 32
652 747
652 87
652 106
652 174
653 40
653 546
653 869
653 179
654 677
654 582
654 893
654 572
654 540
654 163
655 514
655 85
655 597
655 58
655 623
655 996
655 354
655 23
655 725
655 22
655 205
655 610
656 186
656 994
656 82
656 357
656 778
656 117
656 234
656 15
656 943
656 654
656 63
656 932
657 578
657 23
657 572
657 287
657 83
657 919
657 265
658 990
658 298
658 953
658 286
658 787
658 971
659 272
659 266
659 837
659 889
660 483
660 24
660 218
660 36
660 368
660 842
661 794
661 424
661 26
661 959
661 583
661 195
661 489
661 796
661 478
661 998
662 160
662 707
662 758
662 420
662 657
663 146
663 898
663 73
663 888
664 870
664 699
664 524
664 705
664 601
664 920
664 814
664 212
664 761
664 289
664 99
664 975
664 666
665 32
665 922
665 241
665 816
665 999
665 13
666 989
666 393
666 241
666 73
666 546
666 686
666 33
666 923
667 52
667 105
667 979
667 432
667 623
668 339
668 914
668 20
668 654
668 400
668 107
668 638
668 348
669 290
669 660
669 872
669 201
669 12
669 218
669 479
669 890
670 232
670 874
670 483
670 73
670 777
670 527
670 843
670 980
670 821
671 237
671 560
671 933
671 940
671 879
672 111
672 181
672 93
672 82
672 255
672 557
672 433
673 0
673 482
673 450
673 672
673 152
674 49
674 942
674 562
674 90
674 333
674 302
674 1
674 11
675 324
675 146
675 932
675 198
675 245
675 544
675 286
675 417
676 414
676 35
676 128
676 223
676 603
676 794
676 727
676 960
677 904
677 149
677 702
677 718
677 371
677 68
678 667
678 953
678 535
678 341
678 107
678 231
678 506
678 350
678 962
679 116
679 813
679 342
679 909
679 57
680 99
680 579
680 192
680 221
681 838
681 433
681 807
681 506
681 136
681 284
681 849
682 944
682 828
682 595
682 507
682 563
682 110
682 203
682 263
682 678
682 332
682 951
683 499
683 860
683 638
683 325
683 621
684 609
684 199
685 347
685 989
685 170
685 243
685 804
685 493
686 811
686 669
686 532
686 148
686 9
686 933
686 157
686 442
686 129
687 279
687 733
687 333
687 220
687 64
687 211
687 14
687 934
687 91
687 792
688 270
688 627
688 721
688 158
688 392
688 152
688 414
688 827
689 902
689 484
689 49
689 884
689 616
689 507
689 540
689 246
690 60
690 69
690 363
690 137
690 9
690 900
690 828
690 739
690 344
690 889
690 917
690 112
690 678
691 24
691 843
691 451
691 437
691 38
691 652
691 391
691 747
691 245
691 336
692 768
692 591
692 334
692 143
692 697
692 595
692 604
693 905
693 804
693 651
693 930
693 203
693 98
693 679
693 855
693 474
693 668
693 643
693 517
694 215
694 732
694 447
694 515
694 295
694 242
695 76
695 794
695 636
695 509
695 975
695 202
695 291
695 564
695 434
695 759
695 812
695 591
696 673
696 658
696 507
696 741
696 900
696 226
696 715
696 549
696 947
697 254
697 381
697 359
697 296
697 494
697 634
697 512
697 899
697 114
697 913
697 164
698 280
698 59
698 806
698 568
698 618
698 2
698 699
698 117
698 364
698 775
698 250
699 914
699 696
699 944
699 554
699 374
700 59
700 482
700 645
700 298
700 68
701 186
701 279
701 592
701 380
701 333
701 845
701 854
702 461
702 252
702 676
702 394
702 367
702 20
702 906
703 574
703 692
703 738
703 304
703 243
703 250
703 880
703 658
704 860
704 327
704 954
704 475
704 132
705 636
705 897
705 864
705 719
705 288
705 435
706 89
706 396
706 305
706 258
706 131
706 955
706 815
706 630
706 576
707 650
707 331
707 954
707 116
707 206
707 320
707 450
707 349
708 467
708 540
708 1
708 266
708 835
708 992
708 304
708 331
709 246
709 228
709 688
709 638
709 280
709 513
709 557
709 355
710 993
710 572
710 692
710 731
711 455
711 393
711 381
711 271
711 857
712 819
712 752
712 65
712 350
712 876
712 324
713 842
713 913
713 607
713 226
713 722
713 311
713 297
713 132
713 291
714 776
714 771
714 772
714 628
714 401
714 873
715 411
715 879
715 838
715 572
715 950
715 692
715 651
715 910
716 57
716 972
716 566
716 693
716 502
717 835
717 661
717 799
717 315
717 225
717 4
717 975
717 844
717 420
717 145
717 548
717 620
717 217
717 353
718 566
718 817
718 599
718 907
718 353
718 495
718 766
718 851
718 60
719 238
719 275
719 805
719 244
719 203
719 778
719 590
719 863
719 912
720 296
720 390
720 830
720 580
720 747
720 39
720 662
720 308
720 143
721 457
721 613
721 138
721 481
721 427
721 791
721 762
721 492
721 496
721 65
722 124
722 163
722 76
722 497
722 264
722 55
722 621
722 258
722 692
722 693
723 937
723 87
723 709
723 43
723 122
723 377
723 315
724 346
724 217
724 17
724 664
724 42
724 387
724 635
724 306
724 267
724 723
724 208
724 439
724 38
724 789
724 325
725 692
725 276
725 238
725 147
725 924
725 441
726 510
726 52
726 854
726 769
726 922
726 71
726 14
727 515
727 501
727 45
727 455
727 527
727 119
727 770
727 438
728 954
728 305
728 251
728 797
728 9
728 586
728 159
729 784
729 71
729 915
729 810
729 850
729 27
729 836
729 814
730 754
730 849
730 527
730 139
730 584
730 700
730 169
730 899
730 375
730 535
730 803
731 411
731 454
731 512
731 618
731 43
731 292
731 958
732 773
732 22
732 740
732 207
732 248
733 315
733 494
733 809
733 927
733 209
733 556
734 318
734 166
734 856
734 578
734 50
734 416
734 184
734 972
734 135
735 774
735 120
735 840
735 788
735 422
735 302
735 104
735 10
736 336
736 966
736 102
736 386
736 290
736 371
736 760
736 95
736 565
737 46
737 95
737 17
737 250
737 664
737 67
737 520
737 247
738 997
738 636
738 529
738 151
738 254
738 184
738 887
738 209
738 987
738 667
739 215
739 579
739 639
739 880
739 170
739 716
739 722
739 123
739 965
740 909
740 111
740 615
740 269
741 356
741 293
741 608
741 605
742 675
742 452
742 28
742 23
742 746
742 90
742 186
743 179
743 314
743 108
743 474
743 102
743 422
744 717
744 218
744 252
745 913
745 601
745 426
745 323
745 656
745 248
745 902
746 849
746 940
746 522
747 398
747 969
747 244
747 261
748 969
748 812
748 65
748 402
748 795
748 254
748 348
748 338
748 111
748 95
749 697
749 147
749 220
749 820
749 328
749 427
749 635
750 629
750 605
750 669
750 705
750 208
750 527
750 513
750 537
750 540
750 559
751 187
751 123
751 125
751 685
751 128
752 281
752 65
752 976
752 888
752 186
752 516
752 223
752 907
752 547
753 851
753 145
753 98
753 817
754 293
754 989
754 398
754 834
755 211
755 720
755 921
755 88
755 235
755 461
755 267
755 349
755 801
755 35
755 453
756 666
756 824
756 546
756 301
756 0
756 828
756 995
756 309
757 306
757 414
757 971
757 900
757 697
757 795
757 110
757 480
757 377
757 987
757 809
757 509
758 88
758 342
758 450
758 209
758 779
758 456
758 472
758 517
758 479
759 837
759 744
759 213
759 18
759 867
759 730
759 492
759 749
760 206
760 279
760 122
760 598
760 787
760 330
761 999
761 666
761 615
761 484
761 266
761 683
761 924
762 501
762 734
762 750
762 718
762 653
762 722
762 383
762 550
763 261
763 60
763 610
763 832
763 531
763 991
763 31
763 144
764 293
764 562
764 652
765 822
765 493
765 196
765 53
765 776
765 282
766 15
766 425
766 135
766 363
766 262
766 670
766 470
766 232
766 90
766 560
766 8
766 101
767 331
767 911
767 854
767 842
767 464
767 64
767 490
767 188
767 89
767 855
767 640
767 421
768 539
768 351
768 75
768 970
768 149
768 913
768 54
768 148
768 238
769 922
769 130
769 102
769 196
769 969
769 604
769 298
769 138
769 611
769 716
769 85
769 925
770 91
770 457
770 508
770 652
770 433
771 940
771 650
771 227
771 376
771 417
771 485
771 916
771 389
772 691
772 2
772 77
772 663
773 939
773 533
773 513
773 943
773 118
774 971
774 357
774 417
774 764
774 698
774 817
775 339
775 922
775 734
775 390
775 68
775 261
775 750
775 838
775 592
775 498
775 182
775 770
776 274
776 217
776 132
776 372
776 792
777 856
777 638
777 476
777 206
777 961
777 887
777 600
777 751
777 670
777 485
777 26
778 534
778 610
778 852
778 387
779 299
779 36
779 658
779 712
779 85
779 972
779 492
779 266
780 474
780 693
780 984
780 591
780 132
780 205
780 864
780 672
781 658
781 203
781 994
781 477
782 898
782 346
782 506
782 45
783 297
783 401
783 308
783 942
783 946
783 643
783 153
783 903
783 352
783 845
784 895
784 757
785 573
785 574
785 498
785 388
785 377
785 851
785 168
786 547
786 276
786 439
786 741
786 782
786 6
786 239
787 670
787 410
787 502
787 61
787 42
788 247
788 677
788 541
788 405
788 770
788 619
788 735
789 641
789 750
789 501
789 357
789 58
789 168
789 764
789 461
790 5
790 931
790 107
790 802
790 144
790 236
790 584
790 183
790 149
791 842
791 978
791 810
791 970
791 984
791 714
791 681
791 786
791 156
791 386
791 87
792 541
792 637
792 829
792 762
792 67
792 52
792 684
793 532
793 281
793 362
793 921
793 774
793 270
794 463
794 735
794 407
794 267
794 756
794 98
795 903
795 697
795 202
795 788
795 891
795 912
796 218
796 686
796 707
796 237
796 392
796 940
796 891
796 640
796 38
797 966
797 784
797 58
797 83
797 548
797 944
797 280
797 340
797 612
798 686
798 787
798 52
798 597
798 890
798 337
798 953
798 533
798 125
798 196
798 72
798 183
798 111
798 645
799 760
799 915
799 401
799 820
800 681
800 310
800 76
800 17
800 903
800 988
800 444
800 96
800 140
800 353
801 710
801 355
801 440
802 376
802 67
802 910
802 737
802 383
803 720
803 179
803 49
803 181
803 917
803 778
803 602
803 819
803 45
803 866
803 861
804 395
804 242
804 647
804 336
804 431
805 557
805 406
805 344
805 560
805 902
805 77
806 502
806 201
806 749
806 264
806 869
807 245
807 928
807 653
807 67
807 431
807 483
808 75
808 470
808 941
808 596
808 348
809 688
809 709
809 882
809 128
809 681
809 683
809 948
809 11
809 305
810 447
810 379
810 87
810 503
810 926
810 706
810 128
810 806
810 875
810 794
811 845
811 711
811 679
811 453
811 824
811 434
811 148
811 687
811 440
812 253
812 934
812 917
812 383
812 589
813 354
813 245
813 776
813 202
813 649
813 617
813 637
813 75
813 196
813 581
813 139
813 100
813 449
814 519
814 931
814 465
814 206
814 838
814 328
814 805
814 71
814 399
814 200
814 774
814 302
815 744
815 702
815 611
815 425
815 37
815 362
815 46
816 45
816 322
816 433
816 93
816 941
816 385
816 751
816 645
817 836
817 117
817 417
817 520
818 793
818 852
818 2
818 825
818 837
818 240
818 283
818 513
818 181
818 975
819 650
819 68
819 548
819 1
820 414
820 90
820 339
820 437
820 806
820 599
820 611
820 994
820 98
820 130
821 722
821 597
821 327
821 139
821 679
821 43
821 653
821 905
821 92
822 693
822 784
822 312
822 667
822 116
822 994
822 360
822 810
822 713
822 404
822 475
823 235
823 535
823 448
823 438
823 844
823 392
823 858
823 783
823 546
824 315
824 900
824 81
824 134
824 265
824 689
824 0
824 506
825 910
825 730
825 412
825 922
825 725
826 735
826 704
826 637
826 804
826 116
826 515
826 91
826 206
827 171
827 486
827 84
827 634
827 737
827 639
827 732
827 864
828 620
828 728
828 788
828 868
828 774
828 272
828 301
828 223
828 345
828 866
828 676
828 936
828 240
828 536
828 999
829 868
829 685
829 721
829 385
829 726
829 594
830 340
830 88
830 939
830 126
830 445
830 571
830 275
830 61
831 991
831 747
831 557
831 414
831 180
832 443
832 641
832 164
832 697
832 217
832 11
832 650
832 165
832 539
833 499
833 280
833 920
833 506
833 626
833 529
833 505
833 521
833 520
833 587
833 548
834 83
834 104
834 614
834 552
835 210
835 217
835 466
835 429
835 467
835 542
835 571
835 541
835 435
835 795
835 744
836 42
836 750
836 901
836 561
836 613
836 396
837 140
837 994
837 142
837 841
838 23
838 595
838 730
838 914
838 331
838 843
838 575
838 163
839 194
839 444
839 320
839 269
839 934
839 112
839 893
839 377
839 61
839 101
839 818
839 136
839 413
839 338
839 981
840 597
840 932
840 598
840 50
841 285
841 933
841 829
842 195
842 917
842 916
842 217
842 945
842 961
842 213
842 7
842 137
842 128
842 297
842 992
842 712
842 140
842 91
843 549
843 828
843 876
843 168
843 652
843 212
843 354
844 642
844 653
844 327
844 788
844 867
844 597
844 323
844 718
844 971
845 501
845 855
845 378
845 513
845 686
845 793
845 822
845 865
845 601
845 389
846 521
846 109
846 670
846 338
846 195
846 730
846 552
846 270
847 77
847 46
847 667
847 245
847 413
847 258
848 68
848 732
848 832
848 825
848 20
848 41
848 485
849 921
849 916
849 419
849 103
849 772
849 659
849 320
850 375
850 722
850 335
850 417
851 324
851 824
851 719
851 365
851 154
851 398
851 840
851 313
852 470
852 934
852 230
852 972
852 568
852 798
852 746
852 238
853 998
853 286
853 188
853 376
853 279
853 837
854 85
854 29
854 273
854 712
854 763
854 431
854 748
854 513
854 367
855 78
855 811
855 539
855 851
855 99
855 748
855 631
856 45
856 788
856 48
856 359
856 293
856 218
856 179
856 14
856 990
856 302
856 694
857 781
857 9
857 318
857 449
857 577
857 295
857 280
858 445
858 128
858 457
858 986
858 72
858 631
858 599
858 696
858 460
858 328
858 904
858 232
858 517
859 774
859 387
859 778
859 99
859 606
859 175
859 0
859 194
859 56
859 341
859 346
859 489
860 475
860 355
861 279
861 187
861 645
861 466
861 334
861 882
861 570
861 400
861 625
861 127
861 614
862 918
862 25
862 236
862 650
862 78
862 949
862 100
862 358
862 60
862 943
863 965
863 40
863 730
863 300
863 785
863 162
863 842
864 641
864 485
864 399
864 704
864 1
864 759
864 515
864 169
864 121
864 192
865 920
865 283
865 856
865 371
865 500
865 115
865 532
866 510
867 795
867 656
867 951
867 868
867 636
867 282
867 550
867 980
867 877
868 487
868 659
868 286
868 188
868 241
868 271
869 220
869 670
869 435
869 405
869 301
869 901
869 917
870 785
870 851
870 681
870 522
870 511
870 558
871 4
871 451
871 80
871 858
871 960
871 54
871 945
871 449
872 459
872 871
872 464
873 31
873 143
873 453
873 828
873 811
873 735
874 711
874 707
874 941
874 349
874 93
874 789
874 144
874 170
875 987
875 605
875 165
875 15
875 137
875 222
875 106
875 195
875 447
875 507
876 213
876 142
876 78
876 333
876 962
876 987
877 213
877 114
877 252
877 388
877 62
877 162
878 226
878 92
878 111
878 756
878 877
879 716
879 148
879 5
879 810
879 323
880 727
880 564
880 138
880 203
880 24
880 126
880 607
880 617
881 658
881 830
881 561
881 457
881 612
881 976
881 239
881 350
881 190
881 504
882 329
882 625
882 184
882 512
882 460
882 205
882 545
883 86
883 346
883 921
883 91
884 342
884 658
884 272
884 708
884 569
885 658
885 847
885 185
885 627
885 157
885 26
885 979
885 433
885 148
886 425
887 770
887 705
887 769
887 306
887 513
888 600
888 96
888 605
888 137
888 705
888 334
888 905
889 516
889 30
889 558
889 292
889 553
889 433
889 304
889 183
889 986
890 348
890 678
890 146
890 285
890 979
890 12
891 60
891 444
891 287
891 649
892 87
892 961
892 593
892 377
892 339
893 559
893 234
893 543
893 224
893 202
893 924
893 670
893 835
894 586
894 381
894 733
894 972
894 180
894 340
894 603
894 646
894 369
894 469
895 724
895 222
895 839
895 739
895 376
895 878
896 108
896 934
896 93
896 858
896 41
896 126
896 615
896 695
896 213
896 951
896 120
896 482
897 236
897 757
897 666
897 623
897 196
897 567
897 304
897 140
897 154
898 490
898 554
898 99
898 270
898 572
898 588
899 73
899 89
899 829
899 577
899 115
899 219
899 204
899 309
899 162
899 132
900 845
900 128
900 528
900 205
900 578
900 585
900 253
900 628
900 682
900 534
901 834
901 283
901 976
901 585
901 683
901 891
901 73
902 339
902 581
902 668
902 535
902 730
902 808
902 756
903 381
903 701
903 468
903 495
903 675
903 203
904 709
904 517
904 199
904 470
904 802
904 560
904 744
904 604
904 567
905 530
905 582
905 367
905 772
905 739
905 404
906 19
906 876
906 103
906 96
906 899
906 534
906 983
906 638
907 893
907 970
907 330
907 928
908 169
908 744
908 340
908 255
909 991
909 633
909 865
909 912
909 728
909 823
909 266
909 25
910 340
910 757
910 174
911 334
911 275
911 941
911 836
911 798
911 311
911 475
911 502
911 917
911 714
911 23
912 792
912 14
912 513
912 280
913 655
913 423
913 44
913 842
914 446
914 848
914 160
914 467
914 298
914 846
914 535
914 65
914 336
915 214
915 984
915 646
915 701
915 932
915 448
915 872
916 979
916 814
916 997
916 234
916 483
917 306
917 777
917 577
917 452
917 522
917 878
917 301
917 204
917 96
918 202
918 491
918 154
918 485
918 295
918 194
919 833
919 258
919 845
919 815
919 597
919 528
919 723
919 592
919 562
920 508
920 423
920 248
920 872
920 643
920 201
920 874
920 742
921 846
921 30
921 827
921 199
921 479
921 84
921 35
922 609
922 790
922 401
922 559
922 138
922 453
922 236
922 761
922 188
922 481
922 165
923 206
923 94
923 781
923 766
923 249
923 634
923 489
923 268
923 78
923 611
923 491
923 539
923 471
924 608
924 739
924 181
924 243
924 907
925 311
925 98
925 976
925 777
925 833
925 981
925 750
925 272
925 442
925 562
925 183
926 184
926 980
926 603
926 381
926 660
926 66
926 669
926 310
926 286
927 281
927 885
927 685
927 174
927 886
927 565
927 471
927 739
927 77
927 724
927 223
928 200
928 188
928 773
928 340
928 362
929 691
929 310
929 764
929 648
929 805
930 334
930 922
930 2
930 563
930 902
930 328
930 226
930 287
930 216
931 53
931 843
931 669
931 388
931 548
931 536
931 646
931 341
932 5
932 790
932 157
932 725
932 950
932 219
932 836
932 816
932 384
932 417
932 930
933 643
933 167
933 178
933 826
933 207
933 213
933 961
934 276
934 751
934 985
934 86
934 412
934 670
934 61
935 635
935 682
935 969
935 599
935 62
935 179
935 268
935 683
936 566
936 805
936 645
936 430
936 974
936 917
936 352
936 478
936 757
937 175
937 250
937 362
937 258
937 399
937 281
937 247
937 139
938 111
938 54
938 198
938 288
938 334
938 231
938 818
939 952
939 824
939 402
939 988
939 237
939 565
939 169
939 420
939 361
939 309
940 937
940 289
940 358
940 948
940 322
941 389
941 399
941 262
941 367
941 806
941 811
942 424
942 683
942 274
942 569
942 585
942 412
942 957
942 827
942 605
942 551
942 968
942 21
943 738
943 209
943 389
943 534
943 195
943 591
943 252
943 524
943 407
943 405
943 941
944 557
944 786
944 7
944 479
944 12
945 299
945 628
945 247
945 795
945 155
945 718
946 287
946 548
946 633
946 517
947 828
947 865
947 435
947 444
947 594
947 170
947 175
948 815
948 539
948 291
948 930
948 342
949 919
949 474
949 34
949 878
949 829
949 986
949 583
950 581
950 316
950 640
950 811
950 416
950 579
950 550
950 792
950 521
950 278
950 791
950 90
950 383
951 882
951 447
951 881
951 812
951 236
951 264
951 972
951 602
952 621
952 527
952 730
952 644
952 948
952 251
952 11
952 102
953 681
954 346
954 423
954 861
954 279
954 955
954 981
954 108
954 183
954 764
954 437
954 356
955 580
955 76
955 758
956 177
956 428
956 775
956 583
956 926
956 813
956 790
956 874
956 556
956 345
956 300
957 108
957 423
957 163
957 851
957 169
957 844
957 524
957 939
957 123
957 20
957 145
958 784
958 46
958 835
958 565
958 642
958 545
958 540
959 756
959 761
959 381
959 399
959 342
959 620
959 21
959 588
959 457
959 695
959 280
959 798
960 985
960 30
960 231
960 511
960 900
960 474
960 626
960 317
960 643
960 384
960 51
961 111
961 642
961 691
961 997
961 408
961 987
961 523
961 125
961 277
961 953
961 813
961 692
962 609
962 626
962 157
962 303
962 65
962 180
962 629
963 884
963 240
963 80
963 852
963 885
963 404
963 701
963 847
963 263
963 786
964 467
964 743
964 42
965 312
965 168
965 407
965 536
965 4
965 716
965 214
966 785
966 821
966 915
966 980
966 203
967 689
967 984
967 169
967 329
967 876
968 737
968 669
968 900
968 458
968 15
968 68
968 22
968 120
969 660
969 339
969 403
969 117
970 646
970 654
970 48
970 326
970 652
970 160
970 712
970 237
970 492
970 865
970 639
970 228
970 153
970 16
971 315
971 879
971 469
971 8
971 509
971 496
971 943
972 725
972 439
972 346
972 790
972 251
973 594
973 759
973 77
973 564
973 888
973 959
974 79
974 154
974 93
974 543
974 461
975 232
975 524
975 380
975 381
975 210
975 289
975 838
976 878
976 66
976 661
976 429
976 348
976 265
977 377
977 887
977 354
977 986
977 299
977 351
977 290
978 203
978 734
978 163
978 854
978 98
978 249
978 366
978 394
979 86
979 690
979 167
979 823
979 736
979 920
979 250
979 608
979 543
979 240
979 620
980 709
980 444
980 60
980 394
980 152
980 845
980 266
980 289
980 923
981 681
981 563
981 195
981 662
982 234
982 844
982 369
982 116
982 318
982 697
982 918
982 395
983 382
983 944
983 836
983 489
983 587
984 883
984 211
984 842
984 73
984 913
984 374
984 229
985 967
985 675
985 148
985 479
985 697
985 996
985 942
985 688
986 956
986 177
986 47
986 241
986 631
986 77
986 255
986 306
986 840
987 114
987 713
987 722
987 276
987 206
988 950
988 606
988 591
988 924
988 944
988 847
989 340
989 460
989 673
989 566
989 804
989 806
989 934
989 528
990 525
990 852
990 973
990 870
990 283
990 562
990 700
990 76
990 968
990 159
990 72
990 872
991 147
991 67
991 821
991 244
991 384
992 452
992 467
992 331
992 143
992 756
992 565
992 746
992 843
992 786
992 604
992 415
993 130
993 336
993 139
993 795
993 294
993 470
993 92
993 113
993 913
993 104
993 574
993 569
993 344
993 976
993 471
993 390
994 383
994 364
994 358
994 859
994 681
994 159
994 996
995 182
995 839
995 126
995 241
995 945
996 310
996 590
996 616
996 103
996 742
996 505
996 335
996 214
996 807
996 224
996 339
996 291
996 260
997 269
997 710
997 961
997 349
997 785
997 1
997 138
997 970
997 712
997 916
997 425
997 312
997 653
998 14
998 914
998 227
998 861
999 227
999 104
999 65
999 309
999 877
999 607
999 172
