0 114 1.0
0 369 1.0
0 402 1.0
0 627 1.0
0 720 1.0
0 762 1.0
0 817 1.0
0 953 1.0
0 981 1.0
1 58 1.0
1 69 1.0
1 171 1.0
1 317 1.0
1 595 1.0
1 613 1.0
1 625 1.0
1 675 1.0
1 908 1.0
1 925 1.0
2 221 1.0
2 491 1.0
2 896 1.0
2 974 1.0
2 996 1.0
3 460 1.0
3 575 1.0
3 624 1.0
3 666 1.0
3 667 1.0
4 188 1.0
4 211 1.0
4 245 1.0
4 262 1.0
4 273 1.0
4 535 1.0
4 622 1.0
4 663 1.0
4 697 1.0
4 929 1.0
4 995 1.0
5 87 1.0
5 190 1.0
5 566 1.0
5 578 1.0
5 617 1.0
5 770 1.0
5 859 1.0
5 895 1.0
6 30 1.0
6 250 1.0
6 488 1.0
6 703 1.0
6 850 1.0
6 903 1.0
7 522 1.0
7 531 1.0
7 536 1.0
7 572 1.0
7 800 1.0
7 910 1.0
7 926 1.0
7 985 1.0
8 161 1.0
8 257 1.0
8 424 1.0
8 564 1.0
8 888 1.0
8 924 1.0
8 978 1.0
9 82 1.0
9 215 1.0
9 219 1.0
9 282 1.0
9 341 1.0
9 405 1.0
9 429 1.0
9 474 1.0
9 483 1.0
9 527 1.0
9 551 1.0
9 600 1.0
9 662 1.0
9 743 1.0
9 757 1.0
9 856 1.0
9 904 1.0
9 925 1.0
10 12 1.0
10 85 1.0
10 112 1.0
10 272 1.0
10 310 1.0
10 366 1.0
10 446 1.0
10 578 1.0
10 606 1.0
10 780 1.0
10 842 1.0
10 981 1.0
11 108 1.0
11 195 1.0
11 273 1.0
11 310 1.0
12 98 1.0
12 135 1.0
12 420 1.0
12 423 1.0
12 455 1.0
12 473 1.0
12 510 1.0
12 521 1.0
12 595 1.0
12 892 1.0
12 959 1.0
12 995 1.0
12 998 1.0
13 57 1.0
13 62 1.0
13 111 1.0
13 122 1.0
13 340 1.0
13 359 1.0
13 435 1.0
13 465 1.0
13 742 1.0
14 588 1.0
14 728 1.0
14 807 1.0
14 893 1.0
15 129 1.0
15 239 1.0
15 364 1.0
15 436 1.0
16 36 1.0
16 241 1.0
16 365 1.0
16 556 1.0
16 958 1.0
16 964 1.0
16 990 1.0
17 1 1.0
17 59 1.0
17 190 1.0
17 240 1.0
17 290 1.0
17 727 1.0
17 892 1.0
17 943 1.0
17 944 1.0
17 988 1.0
18 95 1.0
18 209 1.0
18 441 1.0
18 572 1.0
18 688 1.0
18 840 1.0
18 897 1.0
18 898 1.0
19 15 1.0
19 22 1.0
19 39 1.0
19 154 1.0
19 393 1.0
19 407 1.0
20 187 1.0
20 349 1.0
20 525 1.0
20 651 1.0
20 834 1.0
20 867 1.0
20 985 1.0
21 18 1.0
21 95 1.0
21 358 1.0
21 527 1.0
21 572 1.0
21 697 1.0
22 30 1.0
22 488 1.0
22 495 1.0
22 815 1.0
22 875 1.0
22 929 1.0
23 367 1.0
23 482 1.0
23 540 1.0
23 643 1.0
23 708 1.0
23 805 1.0
23 870 1.0
24 33 1.0
24 524 1.0
24 754 1.0
24 915 1.0
24 934 1.0
24 960 1.0
25 163 1.0
25 224 1.0
25 652 1.0
25 845 1.0
25 962 1.0
26 51 1.0
26 161 1.0
26 253 1.0
26 324 1.0
26 326 1.0
26 350 1.0
26 508 1.0
26 517 1.0
26 603 1.0
26 653 1.0
26 771 1.0
26 832 1.0
26 873 1.0
26 875 1.0
26 879 1.0
26 978 1.0
27 45 1.0
27 218 1.0
27 557 1.0
27 585 1.0
27 635 1.0
27 718 1.0
27 750 1.0
27 787 1.0
27 841 1.0
28 152 1.0
28 423 1.0
28 444 1.0
28 530 1.0
28 550 1.0
28 733 1.0
28 987 1.0
29 40 1.0
29 66 1.0
29 83 1.0
29 136 1.0
29 653 1.0
29 962 1.0
29 964 1.0
30 32 1.0
30 404 1.0
30 436 1.0
30 770 1.0
30 787 1.0
30 826 1.0
30 929 1.0
31 12 1.0
31 53 1.0
31 356 1.0
31 404 1.0
31 715 1.0
31 782 1.0
31 790 1.0
31 823 1.0
31 864 1.0
31 956 1.0
31 993 1.0
32 69 1.0
32 97 1.0
32 230 1.0
32 543 1.0
32 804 1.0
32 969 1.0
33 268 1.0
33 284 1.0
33 439 1.0
33 497 1.0
33 593 1.0
33 819 1.0
33 969 1.0
33 992 1.0
34 109 1.0
34 188 1.0
34 653 1.0
34 853 1.0
34 858 1.0
34 989 1.0
35 186 1.0
35 283 1.0
35 301 1.0
35 509 1.0
35 532 1.0
35 692 1.0
35 945 1.0
35 975 1.0
36 19 1.0
36 424 1.0
36 471 1.0
36 583 1.0
36 694 1.0
36 750 1.0
36 972 1.0
36 974 1.0
37 3 1.0
37 93 1.0
37 223 1.0
37 317 1.0
37 331 1.0
37 631 1.0
37 759 1.0
37 985 1.0
38 6 1.0
38 293 1.0
38 628 1.0
38 678 1.0
38 683 1.0
38 698 1.0
38 719 1.0
38 868 1.0
38 872 1.0
38 889 1.0
39 459 1.0
39 863 1.0
40 20 1.0
40 42 1.0
40 179 1.0
40 384 1.0
40 438 1.0
40 468 1.0
40 691 1.0
40 790 1.0
40 931 1.0
40 963 1.0
40 968 1.0
41 29 1.0
41 126 1.0
41 251 1.0
41 303 1.0
41 415 1.0
41 466 1.0
41 850 1.0
41 963 1.0
41 995 1.0
41 998 1.0
42 34 1.0
42 94 1.0
42 101 1.0
42 112 1.0
42 174 1.0
42 202 1.0
42 300 1.0
42 657 1.0
42 732 1.0
42 790 1.0
43 56 1.0
43 110 1.0
43 451 1.0
43 577 1.0
43 584 1.0
43 676 1.0
43 811 1.0
43 826 1.0
43 961 1.0
43 969 1.0
44 175 1.0
44 180 1.0
44 263 1.0
44 461 1.0
44 471 1.0
44 475 1.0
44 762 1.0
44 833 1.0
44 886 1.0
44 994 1.0
45 881 1.0
45 899 1.0
45 998 1.0
46 123 1.0
46 272 1.0
46 276 1.0
46 438 1.0
46 443 1.0
46 928 1.0
46 978 1.0
47 223 1.0
47 493 1.0
47 583 1.0
47 752 1.0
47 768 1.0
47 908 1.0
47 937 1.0
47 966 1.0
48 9 1.0
48 271 1.0
48 370 1.0
48 436 1.0
48 443 1.0
48 569 1.0
48 715 1.0
48 803 1.0
48 905 1.0
48 956 1.0
48 958 1.0
48 968 1.0
49 9 1.0
49 16 1.0
49 169 1.0
49 276 1.0
49 331 1.0
49 353 1.0
49 402 1.0
49 428 1.0
49 458 1.0
49 510 1.0
49 519 1.0
49 590 1.0
49 700 1.0
49 862 1.0
50 5 1.0
50 94 1.0
50 144 1.0
50 224 1.0
50 249 1.0
50 277 1.0
50 297 1.0
50 399 1.0
50 454 1.0
50 606 1.0
50 621 1.0
50 711 1.0
50 738 1.0
50 812 1.0
50 985 1.0
50 988 1.0
51 37 1.0
51 97 1.0
51 233 1.0
51 286 1.0
51 439 1.0
51 459 1.0
51 502 1.0
51 566 1.0
51 633 1.0
51 704 1.0
52 80 1.0
52 194 1.0
52 232 1.0
52 344 1.0
52 386 1.0
52 571 1.0
52 595 1.0
52 614 1.0
52 622 1.0
52 748 1.0
53 436 1.0
53 964 1.0
54 32 1.0
54 79 1.0
54 127 1.0
54 179 1.0
54 331 1.0
54 474 1.0
54 673 1.0
54 730 1.0
54 733 1.0
55 47 1.0
55 91 1.0
55 97 1.0
55 187 1.0
55 776 1.0
55 838 1.0
55 965 1.0
55 978 1.0
56 3 1.0
56 470 1.0
56 508 1.0
56 685 1.0
56 708 1.0
56 982 1.0
57 78 1.0
57 224 1.0
57 294 1.0
57 302 1.0
57 804 1.0
57 954 1.0
57 983 1.0
58 5 1.0
58 177 1.0
58 435 1.0
58 538 1.0
58 543 1.0
58 552 1.0
58 666 1.0
58 747 1.0
58 768 1.0
58 971 1.0
58 981 1.0
59 65 1.0
59 86 1.0
59 123 1.0
59 330 1.0
59 445 1.0
59 484 1.0
59 928 1.0
59 961 1.0
60 91 1.0
60 376 1.0
60 393 1.0
60 629 1.0
60 667 1.0
60 733 1.0
60 943 1.0
61 46 1.0
61 84 1.0
61 264 1.0
61 338 1.0
61 349 1.0
61 532 1.0
61 883 1.0
62 37 1.0
62 454 1.0
62 968 1.0
62 991 1.0
63 8 1.0
63 148 1.0
63 309 1.0
63 484 1.0
63 587 1.0
63 723 1.0
63 842 1.0
63 900 1.0
64 446 1.0
64 532 1.0
64 707 1.0
64 821 1.0
64 927 1.0
64 948 1.0
65 404 1.0
65 569 1.0
65 817 1.0
65 876 1.0
66 125 1.0
66 929 1.0
66 931 1.0
67 268 1.0
67 584 1.0
67 733 1.0
67 923 1.0
67 939 1.0
68 6 1.0
68 145 1.0
68 180 1.0
68 209 1.0
68 240 1.0
68 248 1.0
68 294 1.0
68 433 1.0
68 436 1.0
68 489 1.0
68 692 1.0
68 790 1.0
69 108 1.0
69 262 1.0
69 287 1.0
69 461 1.0
69 517 1.0
69 705 1.0
69 774 1.0
69 800 1.0
70 160 1.0
70 429 1.0
70 489 1.0
70 518 1.0
70 532 1.0
70 564 1.0
70 606 1.0
70 780 1.0
70 912 1.0
71 108 1.0
71 281 1.0
71 427 1.0
71 642 1.0
71 729 1.0
71 839 1.0
71 875 1.0
71 884 1.0
71 899 1.0
71 996 1.0
72 329 1.0
72 651 1.0
72 886 1.0
72 956 1.0
72 961 1.0
72 995 1.0
73 91 1.0
73 115 1.0
73 149 1.0
73 609 1.0
73 618 1.0
73 739 1.0
73 969 1.0
74 346 1.0
74 454 1.0
74 696 1.0
74 851 1.0
74 982 1.0
75 290 1.0
75 343 1.0
75 359 1.0
75 415 1.0
75 585 1.0
75 728 1.0
75 832 1.0
75 944 1.0
75 970 1.0
76 52 1.0
76 298 1.0
76 350 1.0
76 427 1.0
76 449 1.0
76 560 1.0
76 613 1.0
76 878 1.0
76 939 1.0
77 238 1.0
77 296 1.0
77 422 1.0
77 437 1.0
77 461 1.0
77 527 1.0
77 767 1.0
77 819 1.0
78 22 1.0
78 111 1.0
78 380 1.0
78 550 1.0
78 793 1.0
78 980 1.0
79 235 1.0
79 251 1.0
79 274 1.0
79 291 1.0
79 322 1.0
79 470 1.0
79 565 1.0
79 683 1.0
79 692 1.0
79 704 1.0
79 848 1.0
79 944 1.0
80 11 1.0
80 238 1.0
80 486 1.0
80 704 1.0
80 892 1.0
80 953 1.0
80 970 1.0
81 12 1.0
81 47 1.0
81 127 1.0
81 239 1.0
81 542 1.0
81 565 1.0
81 773 1.0
81 906 1.0
81 929 1.0
81 950 1.0
82 112 1.0
82 140 1.0
82 145 1.0
82 539 1.0
82 566 1.0
82 663 1.0
82 780 1.0
82 815 1.0
82 987 1.0
83 18 1.0
83 231 1.0
83 381 1.0
83 513 1.0
83 636 1.0
83 678 1.0
83 705 1.0
83 959 1.0
84 206 1.0
84 219 1.0
84 320 1.0
84 359 1.0
84 567 1.0
84 768 1.0
84 894 1.0
84 967 1.0
85 77 1.0
85 90 1.0
85 260 1.0
85 378 1.0
85 528 1.0
85 599 1.0
85 649 1.0
85 802 1.0
85 807 1.0
85 929 1.0
85 954 1.0
85 958 1.0
86 419 1.0
86 555 1.0
86 589 1.0
86 762 1.0
86 810 1.0
86 858 1.0
86 939 1.0
87 180 1.0
87 253 1.0
87 397 1.0
87 472 1.0
87 529 1.0
87 565 1.0
88 412 1.0
88 526 1.0
88 637 1.0
88 768 1.0
88 826 1.0
88 926 1.0
88 993 1.0
89 47 1.0
89 240 1.0
89 312 1.0
89 491 1.0
89 748 1.0
89 903 1.0
89 982 1.0
90 7 1.0
90 117 1.0
90 208 1.0
90 229 1.0
90 241 1.0
90 341 1.0
90 916 1.0
90 927 1.0
90 990 1.0
91 103 1.0
91 247 1.0
91 313 1.0
91 434 1.0
92 11 1.0
92 106 1.0
92 142 1.0
92 274 1.0
92 361 1.0
92 528 1.0
92 560 1.0
92 771 1.0
92 791 1.0
92 962 1.0
92 995 1.0
93 219 1.0
93 416 1.0
93 578 1.0
93 628 1.0
93 633 1.0
93 695 1.0
93 839 1.0
93 940 1.0
93 989 1.0
94 270 1.0
94 287 1.0
94 357 1.0
94 446 1.0
94 639 1.0
94 712 1.0
94 717 1.0
94 836 1.0
95 4 1.0
95 169 1.0
95 271 1.0
95 302 1.0
95 386 1.0
95 391 1.0
95 518 1.0
95 548 1.0
95 701 1.0
95 768 1.0
95 786 1.0
95 888 1.0
95 901 1.0
96 75 1.0
96 95 1.0
96 245 1.0
96 416 1.0
96 502 1.0
96 533 1.0
96 592 1.0
96 710 1.0
96 926 1.0
96 935 1.0
96 963 1.0
97 130 1.0
97 259 1.0
97 299 1.0
97 319 1.0
97 386 1.0
97 940 1.0
97 969 1.0
97 980 1.0
97 996 1.0
98 16 1.0
98 632 1.0
98 724 1.0
98 784 1.0
98 860 1.0
99 7 1.0
99 49 1.0
99 81 1.0
99 191 1.0
99 596 1.0
99 658 1.0
99 679 1.0
99 697 1.0
99 807 1.0
99 921 1.0
99 965 1.0
99 982 1.0
100 2 1.0
100 134 1.0
100 202 1.0
100 393 1.0
100 626 1.0
100 629 1.0
100 689 1.0
100 812 1.0
100 926 1.0
100 955 1.0
101 506 1.0
101 798 1.0
101 809 1.0
102 24 1.0
102 69 1.0
102 248 1.0
102 545 1.0
102 717 1.0
102 724 1.0
102 758 1.0
102 800 1.0
103 199 1.0
103 268 1.0
103 420 1.0
103 457 1.0
103 603 1.0
103 734 1.0
104 19 1.0
104 34 1.0
104 52 1.0
104 76 1.0
104 237 1.0
104 390 1.0
104 428 1.0
104 510 1.0
104 740 1.0
104 756 1.0
104 893 1.0
104 951 1.0
105 3 1.0
105 153 1.0
105 283 1.0
105 472 1.0
105 801 1.0
105 852 1.0
105 856 1.0
105 962 1.0
106 252 1.0
106 467 1.0
106 491 1.0
106 607 1.0
106 613 1.0
106 699 1.0
106 705 1.0
106 735 1.0
106 831 1.0
106 913 1.0
107 35 1.0
107 115 1.0
107 302 1.0
107 644 1.0
107 721 1.0
107 769 1.0
107 801 1.0
107 855 1.0
108 66 1.0
108 141 1.0
108 216 1.0
108 360 1.0
108 435 1.0
108 480 1.0
108 650 1.0
108 710 1.0
108 744 1.0
108 820 1.0
108 863 1.0
109 311 1.0
109 387 1.0
109 579 1.0
109 673 1.0
110 32 1.0
110 216 1.0
110 409 1.0
110 735 1.0
110 800 1.0
111 60 1.0
111 354 1.0
111 585 1.0
111 797 1.0
111 800 1.0
111 853 1.0
111 973 1.0
112 173 1.0
112 240 1.0
112 624 1.0
112 666 1.0
112 690 1.0
112 891 1.0
113 12 1.0
113 20 1.0
113 121 1.0
113 244 1.0
113 296 1.0
113 382 1.0
113 532 1.0
113 596 1.0
113 941 1.0
114 239 1.0
114 438 1.0
114 466 1.0
114 747 1.0
114 923 1.0
115 132 1.0
115 147 1.0
115 169 1.0
115 249 1.0
115 292 1.0
115 765 1.0
115 892 1.0
116 67 1.0
116 466 1.0
116 638 1.0
116 639 1.0
116 708 1.0
116 826 1.0
116 962 1.0
117 325 1.0
117 526 1.0
117 701 1.0
117 741 1.0
117 958 1.0
118 55 1.0
118 86 1.0
118 357 1.0
118 413 1.0
118 417 1.0
118 577 1.0
118 737 1.0
118 891 1.0
119 462 1.0
119 551 1.0
119 715 1.0
119 716 1.0
119 775 1.0
119 795 1.0
119 832 1.0
119 943 1.0
120 35 1.0
120 167 1.0
120 176 1.0
120 436 1.0
120 459 1.0
120 481 1.0
120 772 1.0
120 806 1.0
120 890 1.0
121 13 1.0
121 480 1.0
121 512 1.0
121 526 1.0
122 285 1.0
122 406 1.0
122 538 1.0
122 575 1.0
122 645 1.0
122 729 1.0
122 737 1.0
122 789 1.0
122 951 1.0
123 44 1.0
123 155 1.0
123 355 1.0
123 404 1.0
123 496 1.0
123 718 1.0
123 727 1.0
123 756 1.0
124 29 1.0
124 42 1.0
124 165 1.0
124 234 1.0
124 280 1.0
124 333 1.0
124 437 1.0
124 481 1.0
124 521 1.0
124 570 1.0
124 980 1.0
125 15 1.0
125 109 1.0
125 143 1.0
125 306 1.0
125 503 1.0
125 795 1.0
125 835 1.0
125 956 1.0
125 976 1.0
126 99 1.0
126 148 1.0
126 216 1.0
126 523 1.0
126 690 1.0
126 760 1.0
126 886 1.0
127 97 1.0
127 99 1.0
127 161 1.0
127 163 1.0
127 259 1.0
127 333 1.0
127 462 1.0
127 598 1.0
127 853 1.0
128 0 1.0
128 167 1.0
128 277 1.0
128 423 1.0
128 896 1.0
128 935 1.0
129 4 1.0
129 92 1.0
129 395 1.0
129 427 1.0
129 445 1.0
129 541 1.0
129 542 1.0
129 602 1.0
129 631 1.0
129 723 1.0
129 738 1.0
130 10 1.0
130 97 1.0
130 377 1.0
130 551 1.0
130 652 1.0
130 789 1.0
130 795 1.0
131 147 1.0
131 176 1.0
131 309 1.0
131 421 1.0
131 427 1.0
131 529 1.0
131 619 1.0
131 621 1.0
131 852 1.0
131 859 1.0
132 40 1.0
132 69 1.0
132 125 1.0
132 147 1.0
132 188 1.0
132 252 1.0
132 338 1.0
132 417 1.0
132 424 1.0
132 857 1.0
132 921 1.0
132 992 1.0
133 223 1.0
133 267 1.0
133 318 1.0
133 503 1.0
133 990 1.0
134 116 1.0
134 135 1.0
134 545 1.0
134 779 1.0
134 813 1.0
134 852 1.0
134 866 1.0
135 28 1.0
135 106 1.0
135 309 1.0
135 399 1.0
135 459 1.0
135 507 1.0
135 518 1.0
135 573 1.0
135 605 1.0
135 712 1.0
135 896 1.0
135 944 1.0
136 78 1.0
136 175 1.0
136 183 1.0
136 738 1.0
136 887 1.0
137 140 1.0
137 160 1.0
137 385 1.0
137 988 1.0
138 234 1.0
138 356 1.0
138 706 1.0
138 741 1.0
138 882 1.0
138 984 1.0
139 107 1.0
139 166 1.0
139 262 1.0
139 279 1.0
139 304 1.0
139 365 1.0
139 378 1.0
139 581 1.0
139 671 1.0
139 762 1.0
139 763 1.0
139 918 1.0
140 5 1.0
140 115 1.0
140 157 1.0
140 162 1.0
140 221 1.0
140 257 1.0
140 347 1.0
140 729 1.0
141 41 1.0
141 347 1.0
141 390 1.0
141 418 1.0
141 573 1.0
141 926 1.0
141 934 1.0
142 404 1.0
142 630 1.0
142 649 1.0
142 713 1.0
142 770 1.0
142 830 1.0
143 109 1.0
143 166 1.0
143 187 1.0
144 77 1.0
144 134 1.0
144 251 1.0
144 400 1.0
144 623 1.0
144 999 1.0
145 63 1.0
145 76 1.0
145 161 1.0
145 249 1.0
145 296 1.0
145 318 1.0
145 596 1.0
145 889 1.0
145 937 1.0
145 988 1.0
146 76 1.0
146 89 1.0
146 110 1.0
146 202 1.0
146 424 1.0
146 524 1.0
146 534 1.0
146 566 1.0
146 703 1.0
146 733 1.0
146 752 1.0
146 835 1.0
146 838 1.0
147 1 1.0
147 54 1.0
147 376 1.0
147 556 1.0
147 575 1.0
147 762 1.0
147 818 1.0
148 143 1.0
148 171 1.0
148 211 1.0
148 234 1.0
148 400 1.0
148 446 1.0
148 709 1.0
148 838 1.0
148 854 1.0
148 983 1.0
149 272 1.0
149 372 1.0
149 423 1.0
149 499 1.0
149 582 1.0
149 685 1.0
149 762 1.0
149 938 1.0
150 48 1.0
150 145 1.0
150 346 1.0
150 394 1.0
150 430 1.0
150 637 1.0
150 745 1.0
150 869 1.0
150 909 1.0
150 938 1.0
151 7 1.0
151 123 1.0
151 296 1.0
151 635 1.0
151 662 1.0
151 663 1.0
151 982 1.0
151 985 1.0
152 123 1.0
152 448 1.0
152 735 1.0
152 812 1.0
152 982 1.0
153 9 1.0
153 280 1.0
153 293 1.0
153 516 1.0
153 539 1.0
153 578 1.0
153 580 1.0
153 677 1.0
153 771 1.0
153 950 1.0
154 69 1.0
154 111 1.0
154 178 1.0
154 224 1.0
154 596 1.0
154 875 1.0
155 314 1.0
155 704 1.0
155 861 1.0
156 25 1.0
156 59 1.0
156 170 1.0
156 192 1.0
156 204 1.0
156 298 1.0
156 378 1.0
156 380 1.0
156 512 1.0
156 588 1.0
156 870 1.0
156 881 1.0
157 182 1.0
157 250 1.0
157 464 1.0
157 486 1.0
157 793 1.0
157 817 1.0
157 874 1.0
157 879 1.0
157 886 1.0
157 909 1.0
157 924 1.0
158 38 1.0
158 110 1.0
158 125 1.0
158 227 1.0
158 289 1.0
158 529 1.0
158 899 1.0
158 915 1.0
158 922 1.0
158 978 1.0
159 115 1.0
159 305 1.0
159 356 1.0
159 385 1.0
159 402 1.0
159 412 1.0
159 512 1.0
159 537 1.0
159 828 1.0
160 72 1.0
160 369 1.0
160 704 1.0
160 849 1.0
161 60 1.0
161 81 1.0
161 187 1.0
161 348 1.0
161 781 1.0
161 863 1.0
162 58 1.0
162 348 1.0
162 403 1.0
162 663 1.0
162 668 1.0
162 794 1.0
162 980 1.0
163 57 1.0
163 121 1.0
163 579 1.0
163 699 1.0
163 729 1.0
163 787 1.0
163 813 1.0
164 150 1.0
164 393 1.0
164 542 1.0
164 803 1.0
165 473 1.0
165 977 1.0
166 28 1.0
166 46 1.0
166 70 1.0
166 242 1.0
166 283 1.0
166 375 1.0
166 433 1.0
166 607 1.0
166 846 1.0
167 107 1.0
167 204 1.0
167 284 1.0
167 489 1.0
167 686 1.0
167 851 1.0
167 868 1.0
167 973 1.0
168 36 1.0
168 252 1.0
168 290 1.0
168 454 1.0
169 47 1.0
169 122 1.0
169 334 1.0
169 422 1.0
169 450 1.0
169 499 1.0
169 587 1.0
170 105 1.0
170 343 1.0
170 370 1.0
170 701 1.0
170 737 1.0
170 838 1.0
171 25 1.0
171 43 1.0
171 74 1.0
171 389 1.0
171 434 1.0
171 576 1.0
171 721 1.0
171 849 1.0
171 876 1.0
171 975 1.0
172 318 1.0
172 364 1.0
172 396 1.0
172 524 1.0
172 713 1.0
173 88 1.0
173 125 1.0
173 135 1.0
173 321 1.0
173 464 1.0
173 564 1.0
173 616 1.0
173 704 1.0
173 812 1.0
173 823 1.0
173 844 1.0
173 875 1.0
173 983 1.0
174 5 1.0
174 107 1.0
174 120 1.0
174 252 1.0
174 310 1.0
174 417 1.0
175 84 1.0
175 293 1.0
175 303 1.0
175 358 1.0
175 364 1.0
175 444 1.0
175 561 1.0
175 631 1.0
175 682 1.0
175 712 1.0
176 222 1.0
176 791 1.0
176 943 1.0
177 101 1.0
177 163 1.0
177 467 1.0
177 647 1.0
177 912 1.0
178 374 1.0
178 549 1.0
178 656 1.0
178 774 1.0
178 891 1.0
178 938 1.0
179 15 1.0
179 239 1.0
179 381 1.0
179 388 1.0
179 486 1.0
179 519 1.0
179 629 1.0
179 664 1.0
179 750 1.0
180 383 1.0
180 695 1.0
180 805 1.0
181 107 1.0
181 586 1.0
181 648 1.0
181 879 1.0
181 930 1.0
181 934 1.0
181 967 1.0
182 153 1.0
182 189 1.0
182 499 1.0
182 622 1.0
182 726 1.0
182 731 1.0
182 837 1.0
182 850 1.0
183 20 1.0
183 347 1.0
183 637 1.0
183 638 1.0
183 697 1.0
183 968 1.0
184 276 1.0
184 328 1.0
184 329 1.0
184 377 1.0
184 704 1.0
184 891 1.0
184 934 1.0
184 959 1.0
185 1 1.0
185 215 1.0
185 409 1.0
185 436 1.0
185 649 1.0
185 783 1.0
185 802 1.0
186 301 1.0
186 413 1.0
186 580 1.0
186 626 1.0
186 764 1.0
186 766 1.0
187 6 1.0
187 371 1.0
187 411 1.0
187 527 1.0
187 583 1.0
188 161 1.0
188 386 1.0
188 776 1.0
188 981 1.0
189 37 1.0
189 138 1.0
189 167 1.0
189 637 1.0
189 680 1.0
189 868 1.0
189 997 1.0
190 61 1.0
190 266 1.0
190 287 1.0
190 431 1.0
190 549 1.0
190 713 1.0
190 718 1.0
190 888 1.0
191 266 1.0
191 354 1.0
191 368 1.0
191 487 1.0
191 946 1.0
192 309 1.0
192 388 1.0
192 446 1.0
192 627 1.0
192 990 1.0
193 35 1.0
193 86 1.0
193 264 1.0
193 281 1.0
193 487 1.0
193 566 1.0
193 585 1.0
193 625 1.0
193 698 1.0
193 935 1.0
194 13 1.0
194 189 1.0
194 563 1.0
195 34 1.0
195 96 1.0
195 235 1.0
195 339 1.0
195 411 1.0
195 421 1.0
195 761 1.0
195 874 1.0
195 886 1.0
196 259 1.0
196 426 1.0
196 509 1.0
196 518 1.0
196 539 1.0
196 563 1.0
196 692 1.0
196 936 1.0
197 0 1.0
197 303 1.0
197 388 1.0
197 610 1.0
198 150 1.0
198 277 1.0
198 492 1.0
198 661 1.0
198 706 1.0
198 841 1.0
198 908 1.0
199 44 1.0
199 205 1.0
199 422 1.0
199 471 1.0
199 519 1.0
200 12 1.0
200 144 1.0
200 311 1.0
200 368 1.0
201 549 1.0
201 655 1.0
201 806 1.0
202 21 1.0
202 198 1.0
202 217 1.0
202 359 1.0
202 606 1.0
202 640 1.0
202 736 1.0
202 858 1.0
202 952 1.0
203 284 1.0
203 291 1.0
203 321 1.0
203 411 1.0
203 607 1.0
203 664 1.0
203 777 1.0
203 908 1.0
203 919 1.0
203 991 1.0
204 54 1.0
204 325 1.0
204 364 1.0
204 703 1.0
205 247 1.0
205 950 1.0
206 8 1.0
206 12 1.0
206 216 1.0
206 258 1.0
206 433 1.0
206 582 1.0
206 600 1.0
206 686 1.0
206 979 1.0
207 17 1.0
207 82 1.0
207 194 1.0
207 244 1.0
207 269 1.0
207 272 1.0
207 382 1.0
207 498 1.0
207 557 1.0
207 608 1.0
207 648 1.0
207 951 1.0
207 956 1.0
208 220 1.0
208 304 1.0
208 564 1.0
208 726 1.0
208 772 1.0
208 796 1.0
208 970 1.0
209 29 1.0
209 259 1.0
209 430 1.0
209 599 1.0
209 744 1.0
209 902 1.0
209 942 1.0
210 430 1.0
210 662 1.0
210 705 1.0
211 56 1.0
211 146 1.0
211 193 1.0
211 204 1.0
211 245 1.0
211 301 1.0
211 415 1.0
211 433 1.0
211 805 1.0
211 848 1.0
211 972 1.0
212 278 1.0
212 504 1.0
212 774 1.0
212 777 1.0
212 865 1.0
212 998 1.0
213 112 1.0
213 129 1.0
213 249 1.0
213 282 1.0
213 425 1.0
213 516 1.0
213 559 1.0
213 634 1.0
213 807 1.0
213 840 1.0
214 269 1.0
214 298 1.0
214 314 1.0
214 540 1.0
214 771 1.0
215 125 1.0
215 271 1.0
215 291 1.0
215 295 1.0
215 368 1.0
215 462 1.0
215 629 1.0
215 829 1.0
215 849 1.0
215 947 1.0
216 40 1.0
216 224 1.0
216 288 1.0
216 356 1.0
216 364 1.0
216 604 1.0
216 609 1.0
216 616 1.0
216 877 1.0
216 927 1.0
217 466 1.0
217 609 1.0
217 734 1.0
218 137 1.0
218 194 1.0
218 786 1.0
219 121 1.0
219 183 1.0
219 283 1.0
219 411 1.0
219 472 1.0
219 489 1.0
219 492 1.0
219 547 1.0
219 796 1.0
220 33 1.0
220 605 1.0
220 764 1.0
220 833 1.0
220 996 1.0
221 33 1.0
221 204 1.0
221 299 1.0
221 381 1.0
221 576 1.0
221 736 1.0
221 796 1.0
222 8 1.0
222 113 1.0
222 607 1.0
222 716 1.0
222 780 1.0
222 829 1.0
222 901 1.0
222 983 1.0
223 111 1.0
223 211 1.0
223 224 1.0
223 464 1.0
223 472 1.0
223 543 1.0
223 661 1.0
223 692 1.0
223 890 1.0
223 919 1.0
223 963 1.0
224 30 1.0
224 98 1.0
224 121 1.0
224 381 1.0
224 421 1.0
224 455 1.0
224 582 1.0
224 707 1.0
224 839 1.0
225 184 1.0
225 239 1.0
225 368 1.0
225 474 1.0
225 576 1.0
225 594 1.0
225 783 1.0
226 320 1.0
226 373 1.0
226 485 1.0
226 793 1.0
226 800 1.0
227 41 1.0
227 105 1.0
227 190 1.0
227 219 1.0
227 705 1.0
227 827 1.0
228 154 1.0
228 346 1.0
228 430 1.0
228 544 1.0
228 560 1.0
228 665 1.0
228 689 1.0
228 715 1.0
228 746 1.0
228 887 1.0
228 983 1.0
229 6 1.0
229 81 1.0
229 171 1.0
229 290 1.0
229 302 1.0
229 637 1.0
229 904 1.0
229 991 1.0
230 258 1.0
230 475 1.0
230 522 1.0
230 629 1.0
230 839 1.0
231 85 1.0
231 223 1.0
231 230 1.0
231 243 1.0
231 582 1.0
231 653 1.0
231 673 1.0
231 706 1.0
231 785 1.0
231 832 1.0
232 144 1.0
232 448 1.0
232 471 1.0
232 776 1.0
232 903 1.0
232 920 1.0
233 94 1.0
233 277 1.0
233 668 1.0
233 718 1.0
234 330 1.0
234 454 1.0
234 771 1.0
234 910 1.0
235 299 1.0
235 326 1.0
235 442 1.0
235 445 1.0
235 662 1.0
236 196 1.0
236 251 1.0
236 529 1.0
236 889 1.0
236 897 1.0
236 977 1.0
236 980 1.0
237 5 1.0
237 302 1.0
237 324 1.0
237 437 1.0
237 468 1.0
237 615 1.0
237 653 1.0
237 780 1.0
238 204 1.0
238 384 1.0
238 710 1.0
238 713 1.0
238 747 1.0
238 803 1.0
238 847 1.0
238 862 1.0
239 136 1.0
239 345 1.0
239 410 1.0
239 560 1.0
239 606 1.0
239 636 1.0
240 100 1.0
240 269 1.0
240 330 1.0
240 459 1.0
240 838 1.0
240 864 1.0
240 944 1.0
241 101 1.0
241 369 1.0
241 507 1.0
241 568 1.0
241 579 1.0
241 733 1.0
242 123 1.0
242 194 1.0
242 426 1.0
242 433 1.0
242 844 1.0
243 172 1.0
243 214 1.0
243 245 1.0
243 518 1.0
243 766 1.0
243 934 1.0
243 948 1.0
244 21 1.0
244 91 1.0
244 291 1.0
244 303 1.0
244 371 1.0
244 436 1.0
244 723 1.0
244 791 1.0
244 833 1.0
244 902 1.0
245 60 1.0
245 158 1.0
245 214 1.0
245 352 1.0
245 666 1.0
245 676 1.0
245 807 1.0
245 812 1.0
245 879 1.0
246 52 1.0
246 294 1.0
246 339 1.0
246 470 1.0
246 543 1.0
246 607 1.0
246 652 1.0
246 660 1.0
246 758 1.0
246 825 1.0
247 56 1.0
247 99 1.0
247 265 1.0
247 430 1.0
247 510 1.0
247 923 1.0
248 11 1.0
248 68 1.0
248 98 1.0
248 283 1.0
248 808 1.0
248 942 1.0
249 101 1.0
249 188 1.0
249 210 1.0
249 269 1.0
249 560 1.0
249 646 1.0
249 929 1.0
250 2 1.0
250 285 1.0
250 347 1.0
250 503 1.0
251 41 1.0
251 42 1.0
251 199 1.0
251 322 1.0
251 485 1.0
251 660 1.0
251 783 1.0
251 793 1.0
251 794 1.0
251 866 1.0
252 28 1.0
252 463 1.0
252 544 1.0
252 585 1.0
252 592 1.0
252 701 1.0
252 724 1.0
252 878 1.0
252 926 1.0
253 244 1.0
253 326 1.0
253 379 1.0
253 436 1.0
253 590 1.0
253 821 1.0
253 980 1.0
254 24 1.0
254 188 1.0
254 454 1.0
254 903 1.0
254 984 1.0
255 80 1.0
255 391 1.0
255 580 1.0
255 752 1.0
255 854 1.0
255 907 1.0
255 974 1.0
256 271 1.0
256 359 1.0
256 749 1.0
256 890 1.0
256 969 1.0
257 88 1.0
257 112 1.0
257 141 1.0
257 392 1.0
257 472 1.0
257 829 1.0
257 938 1.0
257 990 1.0
258 193 1.0
258 253 1.0
258 282 1.0
258 425 1.0
258 672 1.0
258 711 1.0
258 876 1.0
259 178 1.0
259 522 1.0
259 541 1.0
259 547 1.0
259 910 1.0
260 122 1.0
260 166 1.0
260 449 1.0
260 511 1.0
260 569 1.0
260 871 1.0
260 875 1.0
260 931 1.0
261 25 1.0
261 162 1.0
261 462 1.0
261 473 1.0
261 493 1.0
261 609 1.0
261 610 1.0
261 639 1.0
261 698 1.0
261 814 1.0
261 815 1.0
262 81 1.0
262 94 1.0
262 154 1.0
262 403 1.0
262 408 1.0
262 409 1.0
262 507 1.0
262 734 1.0
262 746 1.0
262 880 1.0
263 287 1.0
263 322 1.0
263 422 1.0
263 529 1.0
263 545 1.0
263 597 1.0
263 699 1.0
263 970 1.0
264 66 1.0
264 103 1.0
264 117 1.0
264 219 1.0
264 302 1.0
264 415 1.0
264 457 1.0
264 468 1.0
264 499 1.0
264 647 1.0
264 699 1.0
264 738 1.0
265 1 1.0
265 174 1.0
265 593 1.0
265 979 1.0
265 986 1.0
266 230 1.0
266 284 1.0
266 363 1.0
266 373 1.0
266 594 1.0
266 736 1.0
266 771 1.0
266 933 1.0
267 426 1.0
267 468 1.0
267 707 1.0
267 710 1.0
267 792 1.0
268 95 1.0
268 166 1.0
268 176 1.0
268 196 1.0
268 245 1.0
268 310 1.0
268 497 1.0
268 559 1.0
268 742 1.0
268 910 1.0
269 247 1.0
269 260 1.0
269 607 1.0
269 632 1.0
269 673 1.0
269 709 1.0
269 736 1.0
269 812 1.0
269 908 1.0
269 921 1.0
269 935 1.0
269 976 1.0
270 51 1.0
270 241 1.0
270 494 1.0
270 551 1.0
270 625 1.0
270 732 1.0
270 746 1.0
271 8 1.0
271 169 1.0
271 630 1.0
271 672 1.0
271 771 1.0
271 938 1.0
271 968 1.0
271 994 1.0
272 60 1.0
272 196 1.0
272 389 1.0
273 491 1.0
273 718 1.0
274 18 1.0
274 594 1.0
274 778 1.0
274 913 1.0
274 952 1.0
275 338 1.0
275 666 1.0
275 843 1.0
276 149 1.0
276 367 1.0
276 397 1.0
276 418 1.0
276 477 1.0
276 816 1.0
276 933 1.0
277 7 1.0
277 16 1.0
277 166 1.0
277 324 1.0
277 477 1.0
277 673 1.0
277 677 1.0
277 686 1.0
278 8 1.0
278 553 1.0
278 844 1.0
278 990 1.0
279 628 1.0
279 649 1.0
279 817 1.0
279 832 1.0
280 31 1.0
280 42 1.0
280 103 1.0
280 107 1.0
280 222 1.0
280 256 1.0
280 383 1.0
280 398 1.0
280 404 1.0
280 505 1.0
280 528 1.0
280 546 1.0
280 818 1.0
280 947 1.0
280 981 1.0
281 230 1.0
281 402 1.0
281 419 1.0
281 785 1.0
281 863 1.0
281 997 1.0
282 6 1.0
282 114 1.0
282 122 1.0
282 152 1.0
282 307 1.0
282 607 1.0
282 614 1.0
282 633 1.0
282 654 1.0
282 753 1.0
282 754 1.0
282 869 1.0
283 89 1.0
283 118 1.0
283 125 1.0
283 173 1.0
283 385 1.0
283 487 1.0
283 531 1.0
283 903 1.0
283 985 1.0
284 9 1.0
284 99 1.0
284 334 1.0
284 336 1.0
284 342 1.0
284 360 1.0
284 366 1.0
284 437 1.0
284 712 1.0
284 850 1.0
285 105 1.0
285 152 1.0
285 238 1.0
285 529 1.0
286 251 1.0
286 301 1.0
286 434 1.0
286 876 1.0
287 4 1.0
287 218 1.0
287 283 1.0
287 790 1.0
287 815 1.0
288 152 1.0
288 702 1.0
288 970 1.0
289 86 1.0
289 271 1.0
289 288 1.0
289 761 1.0
289 813 1.0
290 379 1.0
290 586 1.0
290 636 1.0
290 849 1.0
290 935 1.0
290 944 1.0
290 962 1.0
290 969 1.0
291 21 1.0
291 99 1.0
291 135 1.0
291 361 1.0
291 422 1.0
291 475 1.0
291 584 1.0
291 603 1.0
291 687 1.0
292 610 1.0
292 660 1.0
292 799 1.0
292 970 1.0
293 43 1.0
293 173 1.0
293 278 1.0
293 354 1.0
293 537 1.0
293 546 1.0
293 561 1.0
293 571 1.0
293 672 1.0
294 147 1.0
294 277 1.0
294 572 1.0
294 613 1.0
294 860 1.0
294 922 1.0
294 997 1.0
295 76 1.0
295 106 1.0
295 117 1.0
295 122 1.0
295 206 1.0
295 316 1.0
295 717 1.0
295 921 1.0
296 167 1.0
296 236 1.0
296 262 1.0
296 475 1.0
296 913 1.0
296 916 1.0
296 925 1.0
296 991 1.0
297 50 1.0
297 544 1.0
297 639 1.0
297 644 1.0
298 582 1.0
298 884 1.0
299 84 1.0
299 241 1.0
299 303 1.0
299 380 1.0
299 560 1.0
299 848 1.0
300 99 1.0
300 149 1.0
300 280 1.0
300 298 1.0
300 411 1.0
300 549 1.0
300 761 1.0
300 823 1.0
300 918 1.0
301 105 1.0
301 261 1.0
301 461 1.0
301 618 1.0
301 622 1.0
301 658 1.0
301 751 1.0
301 842 1.0
302 118 1.0
302 127 1.0
302 259 1.0
302 274 1.0
302 317 1.0
302 468 1.0
302 537 1.0
302 669 1.0
302 720 1.0
302 753 1.0
303 672 1.0
303 857 1.0
303 946 1.0
303 979 1.0
304 90 1.0
304 306 1.0
304 352 1.0
304 453 1.0
304 537 1.0
304 596 1.0
304 623 1.0
304 725 1.0
304 838 1.0
304 889 1.0
304 908 1.0
305 90 1.0
305 138 1.0
305 224 1.0
305 348 1.0
305 446 1.0
305 638 1.0
305 676 1.0
305 767 1.0
305 921 1.0
306 687 1.0
306 693 1.0
307 37 1.0
307 249 1.0
307 256 1.0
307 454 1.0
307 558 1.0
307 593 1.0
307 721 1.0
307 764 1.0
307 826 1.0
307 854 1.0
308 50 1.0
308 147 1.0
308 173 1.0
308 415 1.0
308 440 1.0
308 557 1.0
308 568 1.0
308 669 1.0
309 65 1.0
309 220 1.0
309 403 1.0
309 407 1.0
309 520 1.0
309 565 1.0
309 938 1.0
310 58 1.0
310 201 1.0
310 248 1.0
310 283 1.0
310 305 1.0
310 485 1.0
310 496 1.0
310 575 1.0
310 721 1.0
310 807 1.0
310 934 1.0
310 964 1.0
311 108 1.0
311 202 1.0
311 214 1.0
311 369 1.0
311 379 1.0
311 404 1.0
311 418 1.0
311 474 1.0
311 586 1.0
311 656 1.0
311 797 1.0
311 882 1.0
311 885 1.0
312 117 1.0
312 337 1.0
312 639 1.0
312 768 1.0
312 851 1.0
312 852 1.0
312 967 1.0
313 7 1.0
313 25 1.0
313 156 1.0
313 190 1.0
313 439 1.0
313 681 1.0
313 774 1.0
314 67 1.0
314 112 1.0
314 128 1.0
314 258 1.0
314 356 1.0
314 372 1.0
314 561 1.0
314 601 1.0
314 617 1.0
314 671 1.0
315 42 1.0
315 448 1.0
315 644 1.0
315 960 1.0
316 23 1.0
316 63 1.0
316 309 1.0
316 311 1.0
316 385 1.0
316 443 1.0
316 687 1.0
316 705 1.0
316 781 1.0
316 913 1.0
316 924 1.0
316 934 1.0
317 16 1.0
317 140 1.0
317 197 1.0
317 292 1.0
317 431 1.0
317 533 1.0
317 557 1.0
317 902 1.0
318 196 1.0
318 218 1.0
318 662 1.0
319 115 1.0
319 216 1.0
319 261 1.0
319 386 1.0
319 391 1.0
319 409 1.0
319 593 1.0
319 685 1.0
319 722 1.0
320 527 1.0
320 729 1.0
320 741 1.0
320 992 1.0
321 210 1.0
321 463 1.0
321 778 1.0
321 866 1.0
321 939 1.0
321 992 1.0
322 122 1.0
322 211 1.0
322 454 1.0
322 515 1.0
322 675 1.0
322 880 1.0
322 895 1.0
322 913 1.0
323 62 1.0
323 90 1.0
323 104 1.0
323 496 1.0
323 672 1.0
323 686 1.0
323 712 1.0
324 14 1.0
324 57 1.0
324 238 1.0
324 686 1.0
324 883 1.0
324 898 1.0
325 15 1.0
325 247 1.0
325 266 1.0
325 367 1.0
325 378 1.0
325 419 1.0
325 441 1.0
325 734 1.0
326 16 1.0
326 75 1.0
326 190 1.0
326 442 1.0
326 529 1.0
326 530 1.0
326 615 1.0
326 786 1.0
326 890 1.0
326 950 1.0
327 34 1.0
327 304 1.0
327 482 1.0
327 519 1.0
327 747 1.0
328 55 1.0
328 87 1.0
328 162 1.0
328 541 1.0
328 771 1.0
328 868 1.0
329 415 1.0
329 595 1.0
329 621 1.0
329 652 1.0
329 714 1.0
329 768 1.0
330 92 1.0
330 727 1.0
330 767 1.0
330 820 1.0
330 830 1.0
330 898 1.0
331 194 1.0
331 195 1.0
331 365 1.0
331 413 1.0
331 439 1.0
331 450 1.0
331 557 1.0
331 582 1.0
331 856 1.0
331 862 1.0
331 890 1.0
332 64 1.0
332 491 1.0
332 496 1.0
332 550 1.0
332 601 1.0
332 643 1.0
332 772 1.0
332 837 1.0
332 997 1.0
333 145 1.0
333 177 1.0
333 406 1.0
333 790 1.0
334 177 1.0
334 214 1.0
334 252 1.0
334 579 1.0
334 782 1.0
334 819 1.0
334 840 1.0
335 153 1.0
335 319 1.0
335 577 1.0
335 651 1.0
335 743 1.0
335 783 1.0
335 838 1.0
335 846 1.0
336 33 1.0
336 670 1.0
336 784 1.0
336 869 1.0
336 912 1.0
336 980 1.0
336 985 1.0
337 172 1.0
337 250 1.0
337 387 1.0
337 782 1.0
337 794 1.0
338 187 1.0
338 377 1.0
338 399 1.0
338 431 1.0
338 754 1.0
338 782 1.0
338 788 1.0
338 794 1.0
338 901 1.0
338 925 1.0
339 19 1.0
339 224 1.0
339 299 1.0
339 325 1.0
339 639 1.0
339 884 1.0
339 999 1.0
340 23 1.0
340 661 1.0
341 34 1.0
341 391 1.0
341 750 1.0
341 753 1.0
342 102 1.0
342 262 1.0
342 326 1.0
342 542 1.0
342 583 1.0
342 597 1.0
342 616 1.0
342 675 1.0
342 828 1.0
343 162 1.0
343 287 1.0
343 304 1.0
343 337 1.0
343 397 1.0
343 738 1.0
343 764 1.0
343 824 1.0
343 987 1.0
344 22 1.0
344 584 1.0
344 680 1.0
344 739 1.0
344 841 1.0
344 872 1.0
345 146 1.0
345 153 1.0
345 326 1.0
345 328 1.0
345 640 1.0
345 710 1.0
345 800 1.0
346 214 1.0
346 275 1.0
346 524 1.0
346 656 1.0
346 797 1.0
346 858 1.0
347 6 1.0
347 78 1.0
347 107 1.0
347 311 1.0
347 502 1.0
347 604 1.0
347 645 1.0
347 802 1.0
347 868 1.0
347 904 1.0
347 980 1.0
348 13 1.0
348 55 1.0
348 158 1.0
348 243 1.0
348 379 1.0
348 597 1.0
348 734 1.0
349 66 1.0
349 141 1.0
349 493 1.0
349 839 1.0
350 99 1.0
350 327 1.0
350 385 1.0
350 440 1.0
350 499 1.0
350 531 1.0
350 785 1.0
351 334 1.0
351 598 1.0
351 600 1.0
351 632 1.0
351 750 1.0
351 806 1.0
351 917 1.0
352 134 1.0
352 353 1.0
352 396 1.0
352 500 1.0
352 523 1.0
352 540 1.0
352 632 1.0
352 772 1.0
352 900 1.0
353 14 1.0
353 154 1.0
353 703 1.0
353 831 1.0
353 960 1.0
354 155 1.0
354 181 1.0
354 387 1.0
354 528 1.0
354 710 1.0
354 815 1.0
355 195 1.0
355 324 1.0
355 325 1.0
355 373 1.0
355 388 1.0
355 408 1.0
355 418 1.0
355 442 1.0
355 451 1.0
355 493 1.0
355 540 1.0
355 579 1.0
355 648 1.0
355 819 1.0
355 845 1.0
356 224 1.0
356 431 1.0
356 599 1.0
356 807 1.0
356 817 1.0
356 929 1.0
357 334 1.0
357 345 1.0
357 393 1.0
357 398 1.0
357 474 1.0
357 514 1.0
357 530 1.0
357 564 1.0
357 733 1.0
357 783 1.0
357 885 1.0
357 980 1.0
358 22 1.0
358 175 1.0
358 482 1.0
358 487 1.0
358 641 1.0
358 803 1.0
358 829 1.0
358 855 1.0
359 4 1.0
359 45 1.0
359 98 1.0
359 296 1.0
359 388 1.0
359 454 1.0
359 465 1.0
359 489 1.0
359 783 1.0
359 804 1.0
359 890 1.0
359 898 1.0
360 9 1.0
360 65 1.0
360 74 1.0
360 93 1.0
360 101 1.0
360 291 1.0
360 375 1.0
360 479 1.0
360 493 1.0
360 620 1.0
360 714 1.0
360 877 1.0
361 17 1.0
361 336 1.0
361 545 1.0
361 620 1.0
361 844 1.0
361 904 1.0
362 80 1.0
362 170 1.0
362 476 1.0
362 484 1.0
363 65 1.0
363 457 1.0
363 513 1.0
363 598 1.0
363 626 1.0
364 79 1.0
364 122 1.0
364 135 1.0
364 191 1.0
364 242 1.0
364 257 1.0
364 331 1.0
364 478 1.0
364 517 1.0
364 720 1.0
364 824 1.0
364 827 1.0
365 195 1.0
365 393 1.0
365 707 1.0
365 732 1.0
365 793 1.0
366 73 1.0
366 142 1.0
366 302 1.0
366 534 1.0
366 666 1.0
366 868 1.0
367 105 1.0
367 121 1.0
367 247 1.0
367 266 1.0
367 377 1.0
367 426 1.0
367 564 1.0
367 823 1.0
367 936 1.0
368 17 1.0
368 162 1.0
368 965 1.0
369 146 1.0
369 275 1.0
369 352 1.0
369 354 1.0
369 500 1.0
369 654 1.0
369 683 1.0
369 702 1.0
369 719 1.0
369 842 1.0
369 846 1.0
370 299 1.0
370 337 1.0
370 431 1.0
370 796 1.0
370 897 1.0
370 996 1.0
371 76 1.0
371 122 1.0
371 160 1.0
371 172 1.0
371 457 1.0
371 504 1.0
371 512 1.0
371 709 1.0
371 714 1.0
371 763 1.0
371 876 1.0
372 127 1.0
372 164 1.0
372 284 1.0
372 288 1.0
372 432 1.0
373 4 1.0
373 157 1.0
373 250 1.0
373 266 1.0
373 369 1.0
373 438 1.0
373 678 1.0
373 711 1.0
373 965 1.0
374 92 1.0
374 209 1.0
374 357 1.0
374 427 1.0
374 558 1.0
374 621 1.0
374 956 1.0
374 975 1.0
375 392 1.0
375 541 1.0
375 580 1.0
375 669 1.0
375 736 1.0
375 748 1.0
375 845 1.0
375 912 1.0
375 960 1.0
375 999 1.0
376 161 1.0
376 384 1.0
376 393 1.0
376 488 1.0
376 740 1.0
376 792 1.0
376 834 1.0
377 55 1.0
377 64 1.0
377 80 1.0
377 669 1.0
378 37 1.0
378 59 1.0
378 313 1.0
378 333 1.0
378 404 1.0
378 457 1.0
378 467 1.0
378 559 1.0
378 676 1.0
378 682 1.0
378 712 1.0
378 771 1.0
378 875 1.0
379 482 1.0
379 756 1.0
380 49 1.0
380 172 1.0
380 215 1.0
380 681 1.0
380 688 1.0
380 691 1.0
380 702 1.0
380 978 1.0
381 65 1.0
381 98 1.0
381 112 1.0
381 871 1.0
381 891 1.0
381 985 1.0
382 36 1.0
382 271 1.0
382 749 1.0
383 262 1.0
383 368 1.0
383 564 1.0
383 588 1.0
383 614 1.0
383 642 1.0
383 714 1.0
383 750 1.0
383 751 1.0
384 40 1.0
384 258 1.0
384 495 1.0
384 816 1.0
385 28 1.0
385 227 1.0
385 295 1.0
385 479 1.0
385 517 1.0
385 642 1.0
385 839 1.0
385 866 1.0
386 161 1.0
386 231 1.0
386 284 1.0
386 572 1.0
386 600 1.0
386 761 1.0
386 782 1.0
387 112 1.0
387 136 1.0
387 182 1.0
387 263 1.0
387 759 1.0
387 821 1.0
387 856 1.0
388 230 1.0
388 269 1.0
388 314 1.0
388 569 1.0
388 812 1.0
389 165 1.0
389 175 1.0
389 227 1.0
389 257 1.0
389 312 1.0
389 821 1.0
390 232 1.0
390 426 1.0
390 856 1.0
390 868 1.0
391 15 1.0
391 360 1.0
391 378 1.0
391 403 1.0
391 510 1.0
391 589 1.0
391 733 1.0
391 773 1.0
391 829 1.0
392 291 1.0
392 503 1.0
392 609 1.0
392 736 1.0
392 738 1.0
392 808 1.0
392 816 1.0
392 865 1.0
393 520 1.0
394 179 1.0
394 311 1.0
394 566 1.0
394 576 1.0
394 596 1.0
394 716 1.0
394 741 1.0
394 930 1.0
395 55 1.0
395 86 1.0
395 126 1.0
395 394 1.0
395 544 1.0
395 914 1.0
396 8 1.0
396 243 1.0
396 605 1.0
396 941 1.0
396 953 1.0
397 349 1.0
397 510 1.0
397 522 1.0
397 603 1.0
397 646 1.0
397 672 1.0
397 933 1.0
398 260 1.0
398 295 1.0
398 362 1.0
398 494 1.0
398 544 1.0
398 545 1.0
398 615 1.0
398 652 1.0
398 859 1.0
398 905 1.0
399 77 1.0
399 99 1.0
399 213 1.0
399 417 1.0
399 500 1.0
399 851 1.0
400 40 1.0
400 50 1.0
400 52 1.0
400 53 1.0
400 184 1.0
400 374 1.0
400 546 1.0
400 589 1.0
400 612 1.0
400 856 1.0
401 186 1.0
401 243 1.0
401 248 1.0
401 334 1.0
402 35 1.0
402 134 1.0
402 259 1.0
402 337 1.0
402 397 1.0
402 690 1.0
402 813 1.0
403 119 1.0
403 132 1.0
403 215 1.0
403 308 1.0
403 476 1.0
403 731 1.0
403 737 1.0
403 800 1.0
403 888 1.0
404 105 1.0
404 140 1.0
404 175 1.0
404 288 1.0
404 313 1.0
404 379 1.0
404 548 1.0
404 825 1.0
404 856 1.0
404 890 1.0
405 132 1.0
405 314 1.0
405 341 1.0
405 351 1.0
405 391 1.0
405 434 1.0
405 488 1.0
405 623 1.0
405 677 1.0
405 747 1.0
405 818 1.0
406 10 1.0
406 32 1.0
406 842 1.0
406 897 1.0
407 156 1.0
407 420 1.0
407 473 1.0
407 499 1.0
407 573 1.0
407 714 1.0
407 759 1.0
407 819 1.0
407 857 1.0
407 913 1.0
408 48 1.0
408 52 1.0
408 286 1.0
408 287 1.0
408 692 1.0
408 861 1.0
408 896 1.0
409 134 1.0
409 261 1.0
409 324 1.0
409 369 1.0
409 391 1.0
409 407 1.0
409 444 1.0
409 793 1.0
409 844 1.0
410 46 1.0
410 300 1.0
410 321 1.0
410 387 1.0
410 533 1.0
410 938 1.0
411 145 1.0
411 328 1.0
411 513 1.0
411 518 1.0
411 576 1.0
411 579 1.0
411 768 1.0
411 979 1.0
412 40 1.0
412 220 1.0
412 380 1.0
412 654 1.0
412 743 1.0
412 815 1.0
412 887 1.0
412 897 1.0
413 97 1.0
413 187 1.0
413 271 1.0
413 394 1.0
413 485 1.0
413 666 1.0
413 733 1.0
414 159 1.0
414 252 1.0
414 353 1.0
414 417 1.0
414 473 1.0
414 665 1.0
415 167 1.0
415 564 1.0
415 782 1.0
415 862 1.0
415 900 1.0
415 956 1.0
416 532 1.0
416 920 1.0
417 95 1.0
417 361 1.0
417 372 1.0
417 489 1.0
417 560 1.0
417 589 1.0
417 623 1.0
417 675 1.0
418 29 1.0
418 227 1.0
418 385 1.0
418 570 1.0
418 580 1.0
418 765 1.0
419 144 1.0
419 268 1.0
419 379 1.0
419 831 1.0
419 954 1.0
420 114 1.0
420 204 1.0
420 533 1.0
420 754 1.0
420 776 1.0
421 12 1.0
421 456 1.0
421 555 1.0
421 724 1.0
421 814 1.0
421 817 1.0
421 916 1.0
422 33 1.0
422 102 1.0
422 350 1.0
422 488 1.0
422 912 1.0
422 998 1.0
423 10 1.0
423 47 1.0
423 139 1.0
423 248 1.0
423 479 1.0
423 516 1.0
423 526 1.0
423 579 1.0
423 597 1.0
423 621 1.0
423 688 1.0
423 744 1.0
423 755 1.0
423 819 1.0
423 851 1.0
423 864 1.0
423 936 1.0
424 164 1.0
424 245 1.0
424 632 1.0
424 788 1.0
425 105 1.0
425 107 1.0
425 175 1.0
425 236 1.0
425 272 1.0
425 306 1.0
425 429 1.0
425 450 1.0
425 503 1.0
425 827 1.0
426 133 1.0
426 233 1.0
426 329 1.0
426 942 1.0
426 947 1.0
427 2 1.0
427 10 1.0
427 52 1.0
427 76 1.0
427 254 1.0
427 388 1.0
427 391 1.0
427 424 1.0
427 834 1.0
427 855 1.0
428 9 1.0
428 95 1.0
428 168 1.0
428 389 1.0
428 425 1.0
428 618 1.0
428 753 1.0
428 763 1.0
428 775 1.0
428 861 1.0
428 882 1.0
428 900 1.0
428 939 1.0
429 475 1.0
429 521 1.0
429 610 1.0
429 633 1.0
429 856 1.0
430 17 1.0
430 221 1.0
430 293 1.0
430 379 1.0
430 895 1.0
430 957 1.0
431 353 1.0
431 438 1.0
431 739 1.0
431 904 1.0
431 946 1.0
431 968 1.0
432 26 1.0
432 30 1.0
432 359 1.0
432 414 1.0
432 490 1.0
432 630 1.0
432 945 1.0
433 319 1.0
433 405 1.0
433 583 1.0
433 590 1.0
433 636 1.0
434 36 1.0
434 497 1.0
434 568 1.0
434 768 1.0
434 932 1.0
435 41 1.0
435 418 1.0
435 469 1.0
435 787 1.0
435 928 1.0
436 8 1.0
436 154 1.0
436 176 1.0
436 228 1.0
436 293 1.0
436 378 1.0
436 702 1.0
436 763 1.0
436 848 1.0
436 877 1.0
436 989 1.0
437 6 1.0
437 358 1.0
437 518 1.0
437 632 1.0
438 373 1.0
438 819 1.0
438 843 1.0
438 892 1.0
438 923 1.0
438 946 1.0
439 79 1.0
439 153 1.0
439 290 1.0
439 429 1.0
439 467 1.0
439 826 1.0
440 65 1.0
440 93 1.0
440 325 1.0
440 335 1.0
440 614 1.0
440 895 1.0
441 178 1.0
441 232 1.0
441 320 1.0
441 452 1.0
441 794 1.0
441 808 1.0
442 212 1.0
442 231 1.0
442 249 1.0
442 331 1.0
442 573 1.0
442 580 1.0
442 725 1.0
442 739 1.0
443 127 1.0
443 161 1.0
443 164 1.0
443 361 1.0
443 378 1.0
443 542 1.0
443 892 1.0
444 313 1.0
444 319 1.0
444 417 1.0
444 452 1.0
444 688 1.0
444 758 1.0
444 902 1.0
445 8 1.0
445 21 1.0
445 45 1.0
445 122 1.0
445 184 1.0
445 197 1.0
445 254 1.0
445 369 1.0
445 527 1.0
445 661 1.0
445 874 1.0
446 5 1.0
446 105 1.0
446 357 1.0
446 456 1.0
446 831 1.0
447 51 1.0
447 342 1.0
447 627 1.0
447 637 1.0
447 679 1.0
447 891 1.0
447 923 1.0
447 930 1.0
448 67 1.0
448 221 1.0
448 239 1.0
448 707 1.0
448 871 1.0
448 933 1.0
449 171 1.0
449 236 1.0
449 360 1.0
449 429 1.0
449 665 1.0
449 775 1.0
450 208 1.0
450 310 1.0
450 401 1.0
450 403 1.0
450 598 1.0
450 650 1.0
450 732 1.0
451 110 1.0
451 308 1.0
451 309 1.0
451 389 1.0
451 427 1.0
451 524 1.0
452 70 1.0
452 381 1.0
452 500 1.0
452 707 1.0
452 868 1.0
453 81 1.0
453 201 1.0
453 228 1.0
453 288 1.0
453 364 1.0
453 400 1.0
453 414 1.0
453 532 1.0
453 538 1.0
453 942 1.0
454 268 1.0
454 369 1.0
454 614 1.0
454 801 1.0
454 806 1.0
454 974 1.0
455 85 1.0
455 135 1.0
455 249 1.0
455 342 1.0
455 439 1.0
455 452 1.0
455 605 1.0
455 791 1.0
456 90 1.0
456 494 1.0
456 608 1.0
457 435 1.0
457 634 1.0
457 638 1.0
457 660 1.0
457 817 1.0
457 850 1.0
458 18 1.0
458 22 1.0
458 93 1.0
458 97 1.0
458 208 1.0
458 329 1.0
458 432 1.0
458 720 1.0
458 773 1.0
458 989 1.0
459 71 1.0
459 272 1.0
459 347 1.0
459 586 1.0
459 686 1.0
459 803 1.0
459 814 1.0
459 842 1.0
459 844 1.0
460 141 1.0
460 224 1.0
460 280 1.0
460 384 1.0
460 489 1.0
460 695 1.0
461 15 1.0
461 16 1.0
461 21 1.0
461 163 1.0
461 700 1.0
461 849 1.0
461 913 1.0
461 937 1.0
461 941 1.0
462 36 1.0
462 272 1.0
462 347 1.0
462 409 1.0
462 748 1.0
462 833 1.0
462 886 1.0
462 920 1.0
462 930 1.0
462 999 1.0
463 30 1.0
463 426 1.0
463 483 1.0
463 546 1.0
463 628 1.0
463 712 1.0
463 805 1.0
463 893 1.0
463 907 1.0
463 998 1.0
464 6 1.0
464 59 1.0
464 67 1.0
464 156 1.0
464 202 1.0
464 208 1.0
464 256 1.0
464 364 1.0
464 472 1.0
464 485 1.0
464 604 1.0
464 780 1.0
465 28 1.0
465 116 1.0
465 148 1.0
465 182 1.0
465 238 1.0
465 460 1.0
465 689 1.0
465 953 1.0
466 41 1.0
466 52 1.0
466 55 1.0
466 193 1.0
466 413 1.0
466 896 1.0
467 120 1.0
467 208 1.0
467 381 1.0
467 456 1.0
467 523 1.0
467 749 1.0
467 921 1.0
468 14 1.0
468 282 1.0
468 347 1.0
468 425 1.0
468 430 1.0
468 604 1.0
468 859 1.0
469 195 1.0
469 235 1.0
469 418 1.0
469 426 1.0
469 441 1.0
469 503 1.0
469 585 1.0
469 656 1.0
469 721 1.0
469 780 1.0
469 869 1.0
469 890 1.0
469 923 1.0
470 264 1.0
470 399 1.0
470 594 1.0
470 694 1.0
470 796 1.0
471 454 1.0
471 742 1.0
471 804 1.0
471 823 1.0
471 885 1.0
472 33 1.0
472 261 1.0
472 305 1.0
472 331 1.0
472 488 1.0
472 503 1.0
472 904 1.0
473 704 1.0
473 722 1.0
473 784 1.0
473 868 1.0
473 882 1.0
474 17 1.0
474 245 1.0
474 407 1.0
474 472 1.0
475 94 1.0
475 156 1.0
475 157 1.0
475 177 1.0
475 334 1.0
475 443 1.0
475 520 1.0
475 573 1.0
475 580 1.0
475 739 1.0
475 824 1.0
476 265 1.0
476 311 1.0
476 604 1.0
476 622 1.0
476 715 1.0
476 762 1.0
477 4 1.0
477 354 1.0
477 455 1.0
477 648 1.0
477 943 1.0
478 3 1.0
478 146 1.0
478 826 1.0
479 268 1.0
479 424 1.0
479 527 1.0
479 575 1.0
479 629 1.0
479 838 1.0
479 881 1.0
479 935 1.0
480 285 1.0
480 293 1.0
480 666 1.0
481 100 1.0
481 352 1.0
481 391 1.0
481 811 1.0
481 844 1.0
481 944 1.0
482 85 1.0
482 226 1.0
482 324 1.0
482 523 1.0
483 315 1.0
483 477 1.0
483 553 1.0
483 688 1.0
483 724 1.0
483 764 1.0
483 793 1.0
483 923 1.0
484 134 1.0
484 277 1.0
484 338 1.0
484 363 1.0
484 423 1.0
484 461 1.0
484 634 1.0
484 651 1.0
485 134 1.0
485 306 1.0
485 346 1.0
485 577 1.0
485 770 1.0
486 61 1.0
486 232 1.0
486 455 1.0
486 642 1.0
487 33 1.0
487 234 1.0
487 288 1.0
487 526 1.0
487 554 1.0
487 736 1.0
487 827 1.0
487 946 1.0
488 58 1.0
488 121 1.0
488 265 1.0
488 284 1.0
488 424 1.0
488 795 1.0
488 923 1.0
489 100 1.0
489 232 1.0
489 268 1.0
489 280 1.0
489 695 1.0
490 47 1.0
490 455 1.0
490 529 1.0
490 538 1.0
490 914 1.0
490 939 1.0
491 20 1.0
491 429 1.0
491 537 1.0
491 641 1.0
491 675 1.0
491 742 1.0
491 935 1.0
492 159 1.0
492 336 1.0
492 732 1.0
493 82 1.0
493 208 1.0
493 451 1.0
493 503 1.0
493 800 1.0
493 879 1.0
493 990 1.0
494 117 1.0
494 244 1.0
494 279 1.0
494 330 1.0
494 677 1.0
494 709 1.0
494 790 1.0
494 852 1.0
494 895 1.0
494 903 1.0
495 322 1.0
495 359 1.0
495 411 1.0
495 467 1.0
495 537 1.0
495 638 1.0
495 677 1.0
495 690 1.0
495 724 1.0
495 732 1.0
496 47 1.0
496 73 1.0
496 109 1.0
496 217 1.0
496 230 1.0
496 418 1.0
496 502 1.0
496 643 1.0
496 816 1.0
496 891 1.0
497 150 1.0
497 265 1.0
497 697 1.0
497 704 1.0
497 904 1.0
498 167 1.0
498 336 1.0
498 429 1.0
498 483 1.0
498 570 1.0
498 598 1.0
498 933 1.0
499 311 1.0
499 372 1.0
499 428 1.0
499 469 1.0
499 607 1.0
499 737 1.0
499 742 1.0
499 786 1.0
499 791 1.0
499 802 1.0
499 982 1.0
500 60 1.0
500 72 1.0
500 255 1.0
500 445 1.0
500 510 1.0
500 823 1.0
500 850 1.0
500 949 1.0
501 290 1.0
501 292 1.0
501 372 1.0
501 397 1.0
501 489 1.0
501 507 1.0
501 676 1.0
501 866 1.0
502 141 1.0
502 237 1.0
502 350 1.0
502 422 1.0
502 495 1.0
502 600 1.0
502 890 1.0
502 907 1.0
503 71 1.0
503 224 1.0
503 299 1.0
503 873 1.0
504 77 1.0
504 131 1.0
504 260 1.0
504 330 1.0
504 384 1.0
504 567 1.0
504 865 1.0
504 872 1.0
504 921 1.0
505 89 1.0
505 136 1.0
505 190 1.0
505 360 1.0
505 506 1.0
505 684 1.0
505 760 1.0
505 826 1.0
505 907 1.0
505 937 1.0
506 133 1.0
506 165 1.0
506 422 1.0
506 435 1.0
506 472 1.0
506 628 1.0
506 729 1.0
507 215 1.0
507 227 1.0
507 266 1.0
507 594 1.0
507 660 1.0
507 705 1.0
507 711 1.0
507 793 1.0
508 141 1.0
508 294 1.0
508 340 1.0
508 539 1.0
508 665 1.0
508 834 1.0
509 2 1.0
509 54 1.0
509 171 1.0
509 354 1.0
509 527 1.0
509 640 1.0
509 686 1.0
509 914 1.0
510 23 1.0
510 99 1.0
510 308 1.0
510 332 1.0
510 338 1.0
510 456 1.0
510 512 1.0
510 554 1.0
510 716 1.0
510 754 1.0
510 875 1.0
511 253 1.0
511 303 1.0
511 370 1.0
511 738 1.0
511 795 1.0
512 0 1.0
512 251 1.0
512 819 1.0
513 28 1.0
513 80 1.0
513 142 1.0
513 339 1.0
513 474 1.0
513 516 1.0
513 585 1.0
513 849 1.0
514 4 1.0
514 7 1.0
514 150 1.0
514 234 1.0
514 366 1.0
514 445 1.0
514 498 1.0
514 550 1.0
514 953 1.0
514 986 1.0
515 451 1.0
515 653 1.0
516 482 1.0
516 599 1.0
516 694 1.0
516 997 1.0
517 7 1.0
517 54 1.0
517 60 1.0
517 248 1.0
517 467 1.0
517 737 1.0
518 20 1.0
518 370 1.0
518 374 1.0
518 588 1.0
518 600 1.0
518 780 1.0
518 885 1.0
519 12 1.0
519 192 1.0
519 425 1.0
519 470 1.0
519 564 1.0
519 592 1.0
519 612 1.0
519 834 1.0
520 12 1.0
520 61 1.0
520 293 1.0
520 332 1.0
520 401 1.0
520 580 1.0
520 751 1.0
521 33 1.0
521 149 1.0
521 161 1.0
521 199 1.0
521 579 1.0
521 684 1.0
521 814 1.0
521 933 1.0
521 954 1.0
522 214 1.0
522 629 1.0
522 658 1.0
522 756 1.0
522 772 1.0
522 907 1.0
522 995 1.0
523 110 1.0
523 151 1.0
523 281 1.0
523 331 1.0
523 334 1.0
523 353 1.0
523 400 1.0
523 475 1.0
523 740 1.0
523 887 1.0
523 976 1.0
524 102 1.0
524 163 1.0
524 246 1.0
524 420 1.0
524 539 1.0
524 923 1.0
524 932 1.0
525 53 1.0
525 169 1.0
525 209 1.0
525 398 1.0
525 862 1.0
525 977 1.0
526 7 1.0
526 81 1.0
526 159 1.0
526 160 1.0
526 161 1.0
526 749 1.0
526 942 1.0
526 983 1.0
527 289 1.0
527 412 1.0
527 543 1.0
527 897 1.0
527 900 1.0
528 46 1.0
528 297 1.0
528 333 1.0
528 438 1.0
528 506 1.0
528 615 1.0
528 972 1.0
528 985 1.0
529 126 1.0
529 277 1.0
529 461 1.0
529 621 1.0
529 821 1.0
529 877 1.0
529 966 1.0
530 400 1.0
530 591 1.0
530 695 1.0
530 780 1.0
531 483 1.0
531 526 1.0
531 552 1.0
531 729 1.0
532 167 1.0
532 536 1.0
532 601 1.0
532 631 1.0
532 811 1.0
532 868 1.0
533 6 1.0
533 14 1.0
533 37 1.0
533 84 1.0
533 303 1.0
533 370 1.0
533 492 1.0
533 504 1.0
533 611 1.0
533 636 1.0
533 697 1.0
533 727 1.0
533 766 1.0
533 831 1.0
533 835 1.0
534 659 1.0
534 709 1.0
534 777 1.0
534 870 1.0
534 896 1.0
534 978 1.0
535 37 1.0
535 591 1.0
535 749 1.0
535 765 1.0
535 917 1.0
536 98 1.0
536 136 1.0
536 143 1.0
536 154 1.0
536 211 1.0
536 343 1.0
536 351 1.0
536 508 1.0
536 568 1.0
536 600 1.0
536 641 1.0
536 733 1.0
536 737 1.0
536 779 1.0
536 853 1.0
537 359 1.0
537 413 1.0
537 676 1.0
537 682 1.0
537 768 1.0
537 949 1.0
538 22 1.0
538 191 1.0
538 198 1.0
538 401 1.0
538 455 1.0
538 628 1.0
538 637 1.0
538 639 1.0
538 659 1.0
538 679 1.0
538 740 1.0
538 760 1.0
538 770 1.0
538 780 1.0
539 13 1.0
539 159 1.0
539 590 1.0
539 661 1.0
539 835 1.0
539 962 1.0
540 136 1.0
540 170 1.0
540 346 1.0
540 429 1.0
540 432 1.0
540 812 1.0
540 966 1.0
541 15 1.0
541 48 1.0
541 630 1.0
541 916 1.0
541 971 1.0
542 153 1.0
542 186 1.0
542 243 1.0
542 248 1.0
542 284 1.0
542 289 1.0
542 519 1.0
542 845 1.0
543 195 1.0
543 465 1.0
543 833 1.0
543 887 1.0
543 963 1.0
544 153 1.0
544 331 1.0
544 471 1.0
544 488 1.0
544 530 1.0
544 576 1.0
544 714 1.0
544 915 1.0
545 433 1.0
545 523 1.0
545 587 1.0
545 840 1.0
545 967 1.0
546 14 1.0
546 149 1.0
546 155 1.0
546 175 1.0
546 192 1.0
546 504 1.0
546 523 1.0
546 668 1.0
546 878 1.0
546 991 1.0
547 107 1.0
547 155 1.0
547 174 1.0
547 327 1.0
547 445 1.0
547 601 1.0
547 635 1.0
547 839 1.0
547 857 1.0
547 994 1.0
548 273 1.0
548 451 1.0
548 739 1.0
548 774 1.0
548 923 1.0
548 957 1.0
548 966 1.0
549 146 1.0
549 227 1.0
549 336 1.0
549 372 1.0
549 384 1.0
549 387 1.0
549 493 1.0
549 955 1.0
550 117 1.0
550 347 1.0
550 483 1.0
550 589 1.0
550 745 1.0
550 891 1.0
550 966 1.0
551 80 1.0
551 119 1.0
551 489 1.0
551 502 1.0
551 775 1.0
551 864 1.0
551 908 1.0
552 187 1.0
552 565 1.0
552 592 1.0
552 616 1.0
552 636 1.0
552 766 1.0
552 790 1.0
552 837 1.0
552 993 1.0
553 225 1.0
553 505 1.0
553 964 1.0
554 194 1.0
554 265 1.0
554 403 1.0
554 574 1.0
554 635 1.0
554 763 1.0
554 851 1.0
555 117 1.0
555 651 1.0
555 927 1.0
555 971 1.0
556 330 1.0
556 400 1.0
556 402 1.0
556 522 1.0
556 606 1.0
556 624 1.0
556 957 1.0
557 120 1.0
557 128 1.0
557 184 1.0
557 363 1.0
557 421 1.0
557 427 1.0
557 645 1.0
557 665 1.0
557 922 1.0
558 89 1.0
558 104 1.0
558 152 1.0
558 241 1.0
558 292 1.0
558 335 1.0
558 432 1.0
558 555 1.0
558 901 1.0
558 926 1.0
559 58 1.0
559 223 1.0
559 235 1.0
559 415 1.0
559 496 1.0
559 857 1.0
559 895 1.0
559 908 1.0
559 974 1.0
560 18 1.0
560 248 1.0
560 250 1.0
560 635 1.0
560 816 1.0
560 906 1.0
560 986 1.0
561 3 1.0
561 188 1.0
561 317 1.0
561 488 1.0
561 607 1.0
561 629 1.0
561 833 1.0
562 111 1.0
562 183 1.0
562 250 1.0
562 375 1.0
562 406 1.0
562 924 1.0
563 73 1.0
563 80 1.0
563 85 1.0
563 266 1.0
563 530 1.0
563 558 1.0
563 689 1.0
563 829 1.0
563 897 1.0
563 900 1.0
564 217 1.0
564 357 1.0
564 383 1.0
564 643 1.0
564 773 1.0
564 774 1.0
564 938 1.0
564 965 1.0
565 168 1.0
565 232 1.0
565 421 1.0
565 438 1.0
565 527 1.0
565 543 1.0
566 54 1.0
566 116 1.0
566 145 1.0
566 241 1.0
566 472 1.0
566 545 1.0
566 644 1.0
566 801 1.0
567 56 1.0
567 116 1.0
567 321 1.0
567 413 1.0
567 534 1.0
567 638 1.0
567 679 1.0
567 684 1.0
567 784 1.0
567 788 1.0
567 793 1.0
567 826 1.0
567 982 1.0
568 172 1.0
568 221 1.0
568 565 1.0
568 624 1.0
568 638 1.0
568 704 1.0
568 833 1.0
569 348 1.0
569 451 1.0
569 553 1.0
569 568 1.0
569 783 1.0
569 933 1.0
570 31 1.0
570 124 1.0
570 133 1.0
570 451 1.0
570 785 1.0
570 879 1.0
571 191 1.0
571 370 1.0
571 446 1.0
571 468 1.0
571 574 1.0
571 601 1.0
571 787 1.0
572 129 1.0
572 281 1.0
572 313 1.0
572 361 1.0
572 520 1.0
572 799 1.0
572 959 1.0
572 980 1.0
573 131 1.0
573 284 1.0
573 585 1.0
573 782 1.0
573 820 1.0
574 530 1.0
574 798 1.0
574 877 1.0
574 968 1.0
575 76 1.0
575 553 1.0
575 902 1.0
576 167 1.0
576 224 1.0
576 591 1.0
576 988 1.0
577 37 1.0
577 95 1.0
577 153 1.0
577 230 1.0
577 235 1.0
577 255 1.0
577 386 1.0
577 387 1.0
577 713 1.0
577 737 1.0
577 781 1.0
577 809 1.0
578 169 1.0
578 272 1.0
578 358 1.0
578 478 1.0
578 786 1.0
578 999 1.0
579 112 1.0
579 129 1.0
579 163 1.0
579 182 1.0
579 333 1.0
579 338 1.0
579 476 1.0
579 608 1.0
580 109 1.0
580 305 1.0
580 325 1.0
580 329 1.0
580 355 1.0
580 391 1.0
580 407 1.0
580 418 1.0
580 439 1.0
580 510 1.0
580 534 1.0
580 876 1.0
580 898 1.0
581 15 1.0
581 89 1.0
581 223 1.0
581 249 1.0
581 722 1.0
582 841 1.0
583 69 1.0
583 108 1.0
583 191 1.0
583 243 1.0
583 443 1.0
583 525 1.0
583 558 1.0
583 577 1.0
583 935 1.0
584 155 1.0
584 330 1.0
584 362 1.0
584 368 1.0
584 394 1.0
585 65 1.0
585 195 1.0
585 376 1.0
585 437 1.0
585 488 1.0
585 640 1.0
585 777 1.0
586 103 1.0
586 145 1.0
586 222 1.0
586 257 1.0
586 361 1.0
586 472 1.0
586 620 1.0
586 912 1.0
586 995 1.0
587 33 1.0
587 104 1.0
587 144 1.0
587 207 1.0
587 448 1.0
587 766 1.0
587 858 1.0
587 903 1.0
588 483 1.0
588 707 1.0
588 820 1.0
588 979 1.0
589 11 1.0
589 145 1.0
589 162 1.0
589 284 1.0
589 312 1.0
589 500 1.0
589 624 1.0
589 704 1.0
589 748 1.0
589 753 1.0
589 918 1.0
590 6 1.0
590 27 1.0
590 226 1.0
590 233 1.0
590 268 1.0
590 411 1.0
590 513 1.0
590 653 1.0
590 654 1.0
591 13 1.0
591 25 1.0
591 36 1.0
591 45 1.0
591 142 1.0
591 161 1.0
591 168 1.0
591 277 1.0
591 405 1.0
591 410 1.0
591 496 1.0
592 120 1.0
592 375 1.0
592 449 1.0
592 488 1.0
592 550 1.0
592 560 1.0
592 802 1.0
592 915 1.0
592 955 1.0
593 36 1.0
593 66 1.0
593 83 1.0
593 102 1.0
593 282 1.0
594 21 1.0
594 29 1.0
594 251 1.0
594 406 1.0
594 445 1.0
594 461 1.0
594 660 1.0
594 764 1.0
594 887 1.0
594 889 1.0
595 55 1.0
595 165 1.0
595 267 1.0
595 297 1.0
595 307 1.0
595 317 1.0
595 404 1.0
595 484 1.0
595 754 1.0
595 765 1.0
595 797 1.0
596 810 1.0
596 827 1.0
596 946 1.0
597 60 1.0
597 434 1.0
597 536 1.0
597 666 1.0
597 751 1.0
598 58 1.0
598 421 1.0
598 477 1.0
598 519 1.0
598 631 1.0
598 651 1.0
598 666 1.0
598 713 1.0
598 764 1.0
598 773 1.0
598 833 1.0
598 935 1.0
599 9 1.0
599 90 1.0
599 101 1.0
599 143 1.0
599 194 1.0
599 200 1.0
599 214 1.0
599 362 1.0
599 395 1.0
599 563 1.0
599 771 1.0
599 897 1.0
600 53 1.0
600 281 1.0
600 286 1.0
600 343 1.0
600 365 1.0
600 675 1.0
600 785 1.0
600 972 1.0
600 982 1.0
601 17 1.0
601 24 1.0
601 66 1.0
601 286 1.0
601 369 1.0
601 454 1.0
601 691 1.0
601 719 1.0
601 872 1.0
601 980 1.0
602 299 1.0
602 346 1.0
602 453 1.0
602 558 1.0
602 598 1.0
602 700 1.0
603 3 1.0
603 150 1.0
603 386 1.0
603 403 1.0
603 537 1.0
603 542 1.0
603 576 1.0
603 650 1.0
603 837 1.0
603 925 1.0
603 944 1.0
604 165 1.0
604 244 1.0
604 373 1.0
604 637 1.0
604 761 1.0
604 805 1.0
604 813 1.0
605 119 1.0
605 388 1.0
605 695 1.0
606 164 1.0
606 214 1.0
606 229 1.0
606 567 1.0
606 707 1.0
606 745 1.0
606 787 1.0
606 824 1.0
606 947 1.0
607 204 1.0
608 254 1.0
608 618 1.0
608 665 1.0
608 683 1.0
608 750 1.0
608 812 1.0
608 813 1.0
608 917 1.0
609 356 1.0
609 551 1.0
609 603 1.0
609 613 1.0
609 646 1.0
610 459 1.0
610 600 1.0
610 657 1.0
610 785 1.0
610 800 1.0
610 817 1.0
610 874 1.0
611 112 1.0
611 205 1.0
611 207 1.0
611 340 1.0
611 520 1.0
611 617 1.0
611 795 1.0
611 810 1.0
612 9 1.0
612 106 1.0
612 367 1.0
612 575 1.0
612 687 1.0
612 805 1.0
613 19 1.0
613 67 1.0
613 102 1.0
613 147 1.0
613 428 1.0
613 498 1.0
613 508 1.0
613 533 1.0
613 564 1.0
613 566 1.0
613 620 1.0
613 724 1.0
613 743 1.0
613 967 1.0
614 272 1.0
614 316 1.0
614 380 1.0
614 559 1.0
614 589 1.0
614 590 1.0
614 615 1.0
614 682 1.0
614 721 1.0
614 854 1.0
614 875 1.0
615 59 1.0
615 66 1.0
615 70 1.0
615 177 1.0
615 197 1.0
615 290 1.0
615 393 1.0
615 461 1.0
615 502 1.0
615 545 1.0
615 548 1.0
615 601 1.0
615 701 1.0
615 799 1.0
615 824 1.0
616 77 1.0
616 97 1.0
616 104 1.0
616 136 1.0
616 188 1.0
616 190 1.0
616 244 1.0
616 263 1.0
616 286 1.0
616 597 1.0
616 603 1.0
616 670 1.0
616 827 1.0
617 34 1.0
617 63 1.0
617 668 1.0
617 729 1.0
617 750 1.0
617 774 1.0
617 805 1.0
618 75 1.0
618 161 1.0
618 587 1.0
618 965 1.0
619 250 1.0
619 624 1.0
619 726 1.0
619 776 1.0
619 815 1.0
619 854 1.0
620 18 1.0
620 218 1.0
620 276 1.0
620 446 1.0
620 488 1.0
620 623 1.0
620 638 1.0
620 898 1.0
620 935 1.0
621 0 1.0
621 216 1.0
621 836 1.0
622 140 1.0
622 337 1.0
622 392 1.0
622 413 1.0
622 414 1.0
622 483 1.0
622 559 1.0
622 607 1.0
622 648 1.0
623 103 1.0
623 117 1.0
623 133 1.0
623 331 1.0
623 492 1.0
623 596 1.0
623 910 1.0
624 456 1.0
624 887 1.0
624 889 1.0
624 961 1.0
624 976 1.0
624 990 1.0
625 26 1.0
625 43 1.0
625 237 1.0
625 292 1.0
625 905 1.0
625 937 1.0
626 79 1.0
626 161 1.0
626 424 1.0
626 462 1.0
626 645 1.0
626 681 1.0
627 53 1.0
627 119 1.0
627 417 1.0
627 624 1.0
627 657 1.0
627 685 1.0
628 90 1.0
628 362 1.0
628 486 1.0
628 491 1.0
628 502 1.0
628 610 1.0
628 746 1.0
628 825 1.0
629 275 1.0
629 316 1.0
629 390 1.0
629 391 1.0
629 402 1.0
629 522 1.0
629 791 1.0
630 104 1.0
630 134 1.0
630 144 1.0
630 212 1.0
630 276 1.0
630 703 1.0
630 762 1.0
630 860 1.0
630 904 1.0
630 942 1.0
631 120 1.0
631 183 1.0
631 274 1.0
631 327 1.0
631 388 1.0
631 549 1.0
631 932 1.0
631 946 1.0
631 965 1.0
632 300 1.0
632 373 1.0
632 390 1.0
632 494 1.0
632 539 1.0
632 565 1.0
632 575 1.0
632 641 1.0
632 693 1.0
632 790 1.0
633 195 1.0
633 693 1.0
633 906 1.0
633 928 1.0
634 381 1.0
634 436 1.0
634 489 1.0
634 521 1.0
634 552 1.0
634 576 1.0
635 186 1.0
635 229 1.0
635 280 1.0
635 401 1.0
635 672 1.0
635 725 1.0
635 946 1.0
636 6 1.0
636 102 1.0
636 146 1.0
636 194 1.0
636 228 1.0
636 244 1.0
636 365 1.0
636 436 1.0
636 552 1.0
636 672 1.0
636 679 1.0
636 781 1.0
636 848 1.0
636 860 1.0
636 915 1.0
637 56 1.0
637 439 1.0
637 563 1.0
637 649 1.0
637 687 1.0
638 170 1.0
638 288 1.0
638 589 1.0
638 685 1.0
638 858 1.0
639 55 1.0
639 193 1.0
639 203 1.0
639 373 1.0
639 433 1.0
639 549 1.0
639 604 1.0
639 727 1.0
639 906 1.0
640 90 1.0
640 326 1.0
640 344 1.0
640 442 1.0
640 663 1.0
640 731 1.0
641 12 1.0
641 232 1.0
641 279 1.0
641 432 1.0
641 501 1.0
641 509 1.0
641 579 1.0
641 628 1.0
641 663 1.0
641 819 1.0
642 94 1.0
642 623 1.0
642 644 1.0
642 764 1.0
642 904 1.0
643 268 1.0
643 379 1.0
643 509 1.0
643 719 1.0
644 10 1.0
644 94 1.0
644 347 1.0
644 370 1.0
644 622 1.0
644 861 1.0
644 934 1.0
645 15 1.0
645 95 1.0
645 268 1.0
645 517 1.0
645 547 1.0
645 726 1.0
645 816 1.0
646 370 1.0
646 619 1.0
646 670 1.0
647 70 1.0
647 149 1.0
647 331 1.0
647 377 1.0
647 384 1.0
647 495 1.0
647 520 1.0
647 682 1.0
647 929 1.0
648 246 1.0
648 634 1.0
648 707 1.0
648 737 1.0
648 907 1.0
649 50 1.0
649 74 1.0
649 172 1.0
649 294 1.0
649 365 1.0
649 440 1.0
649 989 1.0
650 22 1.0
650 32 1.0
650 164 1.0
650 192 1.0
650 482 1.0
650 713 1.0
650 798 1.0
650 871 1.0
650 892 1.0
651 0 1.0
651 2 1.0
651 133 1.0
651 190 1.0
651 472 1.0
651 714 1.0
651 718 1.0
651 895 1.0
652 314 1.0
652 348 1.0
652 493 1.0
652 507 1.0
652 646 1.0
652 704 1.0
652 761 1.0
653 353 1.0
653 448 1.0
653 470 1.0
653 629 1.0
653 717 1.0
653 801 1.0
654 163 1.0
654 444 1.0
654 899 1.0
655 339 1.0
655 659 1.0
655 724 1.0
655 751 1.0
655 785 1.0
656 23 1.0
656 240 1.0
656 287 1.0
656 364 1.0
656 377 1.0
656 378 1.0
656 402 1.0
656 409 1.0
656 434 1.0
656 703 1.0
656 737 1.0
656 960 1.0
657 26 1.0
657 121 1.0
657 394 1.0
657 402 1.0
657 434 1.0
657 518 1.0
657 680 1.0
657 715 1.0
657 947 1.0
658 123 1.0
658 208 1.0
658 795 1.0
658 813 1.0
658 838 1.0
658 891 1.0
659 25 1.0
659 135 1.0
659 178 1.0
659 254 1.0
659 621 1.0
659 653 1.0
659 670 1.0
659 745 1.0
659 757 1.0
660 42 1.0
660 396 1.0
660 478 1.0
660 501 1.0
660 513 1.0
660 596 1.0
660 630 1.0
660 858 1.0
661 44 1.0
661 294 1.0
661 321 1.0
661 447 1.0
661 711 1.0
662 91 1.0
662 343 1.0
662 597 1.0
663 115 1.0
663 188 1.0
663 469 1.0
663 472 1.0
663 574 1.0
663 702 1.0
663 764 1.0
664 42 1.0
664 589 1.0
664 618 1.0
664 682 1.0
664 801 1.0
664 890 1.0
665 42 1.0
665 47 1.0
665 217 1.0
665 399 1.0
665 586 1.0
665 592 1.0
665 785 1.0
665 787 1.0
665 835 1.0
665 862 1.0
666 408 1.0
666 886 1.0
667 201 1.0
667 214 1.0
667 430 1.0
667 471 1.0
667 477 1.0
667 511 1.0
667 781 1.0
667 861 1.0
668 75 1.0
668 593 1.0
668 606 1.0
668 741 1.0
668 819 1.0
668 829 1.0
668 851 1.0
668 877 1.0
669 26 1.0
669 146 1.0
669 198 1.0
669 219 1.0
669 361 1.0
669 409 1.0
669 418 1.0
669 607 1.0
669 746 1.0
669 912 1.0
670 18 1.0
670 51 1.0
670 64 1.0
670 82 1.0
670 148 1.0
670 225 1.0
670 293 1.0
670 456 1.0
670 497 1.0
670 639 1.0
670 710 1.0
670 863 1.0
671 60 1.0
671 232 1.0
671 460 1.0
671 509 1.0
671 780 1.0
671 847 1.0
671 934 1.0
672 58 1.0
672 155 1.0
672 206 1.0
672 551 1.0
672 626 1.0
672 974 1.0
673 32 1.0
673 168 1.0
673 294 1.0
673 350 1.0
673 589 1.0
673 597 1.0
674 38 1.0
674 70 1.0
674 129 1.0
674 152 1.0
674 175 1.0
674 376 1.0
674 407 1.0
674 468 1.0
674 542 1.0
674 912 1.0
675 23 1.0
675 103 1.0
675 145 1.0
675 290 1.0
675 348 1.0
675 449 1.0
675 490 1.0
675 515 1.0
675 548 1.0
675 710 1.0
675 785 1.0
675 790 1.0
676 184 1.0
676 430 1.0
676 596 1.0
676 764 1.0
676 849 1.0
676 852 1.0
676 983 1.0
677 127 1.0
677 142 1.0
677 148 1.0
677 283 1.0
677 356 1.0
677 418 1.0
677 520 1.0
677 696 1.0
677 745 1.0
678 139 1.0
678 209 1.0
678 238 1.0
678 423 1.0
678 444 1.0
678 593 1.0
678 738 1.0
678 826 1.0
679 87 1.0
679 88 1.0
679 271 1.0
679 474 1.0
679 548 1.0
679 635 1.0
679 720 1.0
680 36 1.0
680 129 1.0
680 201 1.0
680 365 1.0
680 412 1.0
680 435 1.0
680 515 1.0
680 727 1.0
681 253 1.0
681 546 1.0
681 796 1.0
681 798 1.0
682 39 1.0
682 83 1.0
682 91 1.0
682 343 1.0
682 478 1.0
682 530 1.0
682 657 1.0
682 770 1.0
683 201 1.0
683 310 1.0
683 390 1.0
683 491 1.0
683 595 1.0
683 910 1.0
684 7 1.0
684 130 1.0
684 386 1.0
684 458 1.0
684 544 1.0
684 586 1.0
684 652 1.0
684 700 1.0
685 59 1.0
685 177 1.0
685 487 1.0
685 504 1.0
685 565 1.0
685 802 1.0
686 25 1.0
686 47 1.0
686 362 1.0
686 795 1.0
686 803 1.0
686 835 1.0
687 176 1.0
687 245 1.0
687 273 1.0
687 294 1.0
687 317 1.0
687 325 1.0
687 512 1.0
687 816 1.0
687 917 1.0
688 146 1.0
688 269 1.0
688 317 1.0
688 382 1.0
688 419 1.0
688 558 1.0
688 899 1.0
689 71 1.0
689 246 1.0
689 405 1.0
689 527 1.0
689 539 1.0
689 565 1.0
689 634 1.0
690 296 1.0
690 650 1.0
690 656 1.0
690 800 1.0
690 805 1.0
690 903 1.0
691 293 1.0
691 443 1.0
691 553 1.0
691 560 1.0
691 564 1.0
691 874 1.0
692 100 1.0
692 344 1.0
692 791 1.0
692 908 1.0
692 938 1.0
693 16 1.0
693 333 1.0
693 434 1.0
693 566 1.0
693 599 1.0
693 676 1.0
693 972 1.0
694 170 1.0
694 230 1.0
694 721 1.0
694 921 1.0
694 949 1.0
695 19 1.0
695 22 1.0
695 197 1.0
695 468 1.0
695 530 1.0
695 548 1.0
695 559 1.0
695 618 1.0
695 854 1.0
696 86 1.0
696 156 1.0
696 188 1.0
696 222 1.0
696 229 1.0
696 741 1.0
696 794 1.0
696 830 1.0
696 949 1.0
697 26 1.0
697 131 1.0
697 209 1.0
697 348 1.0
697 468 1.0
697 545 1.0
697 771 1.0
697 828 1.0
697 838 1.0
697 935 1.0
698 46 1.0
698 103 1.0
698 571 1.0
698 577 1.0
698 590 1.0
698 648 1.0
698 691 1.0
699 136 1.0
699 425 1.0
699 610 1.0
699 657 1.0
699 712 1.0
699 816 1.0
699 916 1.0
700 47 1.0
700 62 1.0
700 186 1.0
700 207 1.0
700 314 1.0
700 711 1.0
700 940 1.0
700 998 1.0
701 65 1.0
701 109 1.0
701 207 1.0
701 279 1.0
701 498 1.0
701 690 1.0
701 736 1.0
701 740 1.0
701 815 1.0
701 927 1.0
702 207 1.0
702 294 1.0
702 730 1.0
702 786 1.0
702 906 1.0
702 980 1.0
703 6 1.0
703 154 1.0
703 268 1.0
703 334 1.0
703 552 1.0
703 626 1.0
703 778 1.0
704 36 1.0
704 53 1.0
704 92 1.0
704 95 1.0
704 199 1.0
704 245 1.0
704 285 1.0
704 318 1.0
704 321 1.0
704 409 1.0
704 668 1.0
704 885 1.0
704 914 1.0
704 921 1.0
705 403 1.0
705 420 1.0
705 437 1.0
705 551 1.0
705 569 1.0
705 620 1.0
705 650 1.0
705 690 1.0
705 970 1.0
706 127 1.0
706 199 1.0
706 213 1.0
706 248 1.0
706 283 1.0
706 290 1.0
706 599 1.0
706 679 1.0
706 695 1.0
706 773 1.0
707 669 1.0
707 908 1.0
708 5 1.0
708 49 1.0
708 165 1.0
708 379 1.0
708 412 1.0
708 542 1.0
708 640 1.0
708 665 1.0
708 805 1.0
708 983 1.0
709 87 1.0
709 215 1.0
709 276 1.0
709 370 1.0
709 457 1.0
709 530 1.0
709 668 1.0
709 955 1.0
710 145 1.0
710 213 1.0
710 266 1.0
710 466 1.0
710 470 1.0
710 574 1.0
710 678 1.0
710 717 1.0
710 800 1.0
710 919 1.0
711 11 1.0
711 170 1.0
711 292 1.0
711 336 1.0
711 452 1.0
711 486 1.0
711 529 1.0
711 833 1.0
711 892 1.0
712 458 1.0
712 754 1.0
713 244 1.0
713 383 1.0
713 472 1.0
713 659 1.0
713 753 1.0
713 935 1.0
713 942 1.0
713 976 1.0
714 114 1.0
714 456 1.0
714 781 1.0
714 819 1.0
714 860 1.0
714 869 1.0
715 54 1.0
715 191 1.0
715 340 1.0
715 368 1.0
715 397 1.0
715 506 1.0
715 700 1.0
716 6 1.0
716 475 1.0
716 516 1.0
716 535 1.0
716 609 1.0
716 616 1.0
716 931 1.0
716 934 1.0
717 5 1.0
717 101 1.0
717 448 1.0
717 536 1.0
717 864 1.0
717 932 1.0
718 139 1.0
718 142 1.0
718 180 1.0
718 225 1.0
718 276 1.0
718 372 1.0
718 476 1.0
718 905 1.0
718 951 1.0
719 37 1.0
719 121 1.0
719 191 1.0
719 413 1.0
719 738 1.0
719 983 1.0
720 126 1.0
720 158 1.0
720 300 1.0
720 501 1.0
720 585 1.0
720 666 1.0
720 679 1.0
720 680 1.0
720 819 1.0
720 839 1.0
720 900 1.0
720 946 1.0
721 35 1.0
721 89 1.0
721 258 1.0
721 314 1.0
721 334 1.0
721 505 1.0
721 912 1.0
722 46 1.0
722 233 1.0
722 402 1.0
722 740 1.0
722 760 1.0
722 977 1.0
723 70 1.0
723 234 1.0
723 248 1.0
723 272 1.0
723 470 1.0
723 735 1.0
723 766 1.0
723 827 1.0
723 904 1.0
724 75 1.0
724 226 1.0
724 228 1.0
724 238 1.0
724 547 1.0
724 784 1.0
724 914 1.0
725 411 1.0
725 422 1.0
725 493 1.0
725 503 1.0
725 778 1.0
725 809 1.0
726 9 1.0
726 95 1.0
726 147 1.0
726 258 1.0
726 316 1.0
726 381 1.0
726 407 1.0
726 496 1.0
726 663 1.0
726 917 1.0
727 137 1.0
727 538 1.0
727 685 1.0
728 99 1.0
728 290 1.0
728 650 1.0
728 813 1.0
728 900 1.0
729 48 1.0
729 431 1.0
729 441 1.0
729 461 1.0
729 477 1.0
729 610 1.0
729 631 1.0
729 845 1.0
730 324 1.0
730 370 1.0
730 445 1.0
730 490 1.0
730 507 1.0
730 630 1.0
730 704 1.0
730 722 1.0
730 962 1.0
731 21 1.0
731 26 1.0
731 56 1.0
731 117 1.0
731 174 1.0
731 287 1.0
731 570 1.0
731 696 1.0
731 781 1.0
732 190 1.0
732 215 1.0
732 217 1.0
732 350 1.0
732 531 1.0
732 773 1.0
732 778 1.0
732 957 1.0
733 307 1.0
733 346 1.0
733 541 1.0
733 583 1.0
733 820 1.0
733 891 1.0
733 893 1.0
734 57 1.0
734 85 1.0
734 558 1.0
734 750 1.0
734 770 1.0
734 841 1.0
735 308 1.0
735 533 1.0
735 547 1.0
735 741 1.0
735 823 1.0
736 28 1.0
736 147 1.0
736 428 1.0
736 894 1.0
737 258 1.0
737 320 1.0
737 516 1.0
737 587 1.0
737 782 1.0
737 893 1.0
738 187 1.0
738 363 1.0
738 573 1.0
738 591 1.0
738 672 1.0
738 841 1.0
738 921 1.0
739 11 1.0
739 23 1.0
739 39 1.0
739 130 1.0
739 156 1.0
739 201 1.0
739 295 1.0
739 751 1.0
739 853 1.0
740 84 1.0
740 94 1.0
740 728 1.0
740 877 1.0
740 913 1.0
741 24 1.0
741 224 1.0
741 259 1.0
741 330 1.0
741 537 1.0
741 580 1.0
741 680 1.0
741 782 1.0
742 103 1.0
742 208 1.0
742 332 1.0
742 471 1.0
742 479 1.0
742 509 1.0
742 529 1.0
742 723 1.0
742 757 1.0
742 871 1.0
743 95 1.0
743 368 1.0
743 448 1.0
743 542 1.0
743 612 1.0
743 784 1.0
743 913 1.0
744 84 1.0
744 308 1.0
744 698 1.0
744 699 1.0
744 740 1.0
745 14 1.0
745 97 1.0
745 568 1.0
745 594 1.0
745 670 1.0
745 708 1.0
745 857 1.0
746 90 1.0
746 380 1.0
746 392 1.0
746 450 1.0
746 519 1.0
746 801 1.0
747 98 1.0
747 117 1.0
747 440 1.0
747 466 1.0
747 612 1.0
747 624 1.0
747 855 1.0
748 291 1.0
748 320 1.0
748 362 1.0
748 591 1.0
748 744 1.0
748 922 1.0
749 113 1.0
749 147 1.0
749 726 1.0
749 894 1.0
750 38 1.0
750 103 1.0
750 194 1.0
750 346 1.0
750 600 1.0
750 603 1.0
751 22 1.0
751 100 1.0
751 153 1.0
751 159 1.0
751 162 1.0
751 252 1.0
751 330 1.0
751 354 1.0
751 482 1.0
751 658 1.0
751 810 1.0
752 26 1.0
752 182 1.0
752 312 1.0
752 555 1.0
752 693 1.0
752 797 1.0
752 940 1.0
753 244 1.0
753 246 1.0
753 297 1.0
753 824 1.0
753 834 1.0
754 102 1.0
754 189 1.0
754 229 1.0
754 371 1.0
755 122 1.0
755 505 1.0
755 608 1.0
755 724 1.0
755 882 1.0
755 897 1.0
755 952 1.0
755 963 1.0
756 159 1.0
757 17 1.0
757 57 1.0
757 614 1.0
757 968 1.0
758 50 1.0
758 169 1.0
758 298 1.0
758 451 1.0
759 16 1.0
759 241 1.0
759 270 1.0
759 316 1.0
759 331 1.0
759 438 1.0
759 592 1.0
759 686 1.0
760 3 1.0
760 270 1.0
760 422 1.0
760 562 1.0
760 720 1.0
760 882 1.0
760 955 1.0
761 38 1.0
761 62 1.0
761 280 1.0
761 561 1.0
761 565 1.0
761 587 1.0
761 720 1.0
761 915 1.0
761 930 1.0
762 255 1.0
762 318 1.0
762 398 1.0
762 506 1.0
762 610 1.0
763 119 1.0
763 134 1.0
763 184 1.0
763 251 1.0
763 422 1.0
763 694 1.0
763 822 1.0
763 867 1.0
764 131 1.0
764 174 1.0
764 252 1.0
764 285 1.0
764 611 1.0
764 662 1.0
764 677 1.0
764 685 1.0
764 690 1.0
764 699 1.0
764 899 1.0
765 10 1.0
765 63 1.0
765 87 1.0
765 346 1.0
765 598 1.0
765 603 1.0
765 635 1.0
765 872 1.0
766 67 1.0
766 72 1.0
766 128 1.0
766 129 1.0
766 148 1.0
766 150 1.0
766 207 1.0
766 670 1.0
766 747 1.0
766 836 1.0
767 39 1.0
767 405 1.0
767 431 1.0
767 446 1.0
767 548 1.0
767 740 1.0
767 771 1.0
767 856 1.0
768 84 1.0
768 246 1.0
768 677 1.0
768 715 1.0
768 758 1.0
768 829 1.0
768 981 1.0
769 107 1.0
769 274 1.0
769 295 1.0
769 416 1.0
769 644 1.0
769 765 1.0
769 802 1.0
769 911 1.0
770 463 1.0
770 501 1.0
770 563 1.0
770 871 1.0
771 12 1.0
771 128 1.0
771 334 1.0
771 406 1.0
771 430 1.0
771 525 1.0
771 528 1.0
771 812 1.0
771 813 1.0
771 820 1.0
771 927 1.0
772 129 1.0
772 196 1.0
772 216 1.0
772 536 1.0
772 638 1.0
772 666 1.0
772 669 1.0
772 981 1.0
773 131 1.0
773 139 1.0
773 257 1.0
773 408 1.0
773 539 1.0
773 596 1.0
773 647 1.0
773 799 1.0
773 823 1.0
774 94 1.0
774 400 1.0
774 493 1.0
774 502 1.0
774 597 1.0
774 625 1.0
774 684 1.0
775 19 1.0
775 46 1.0
775 187 1.0
775 324 1.0
775 499 1.0
775 764 1.0
775 861 1.0
775 882 1.0
775 914 1.0
775 996 1.0
776 46 1.0
776 178 1.0
776 357 1.0
776 679 1.0
776 978 1.0
776 991 1.0
777 68 1.0
777 191 1.0
777 232 1.0
777 393 1.0
777 475 1.0
777 592 1.0
777 772 1.0
778 16 1.0
778 61 1.0
778 130 1.0
778 978 1.0
779 87 1.0
779 283 1.0
779 336 1.0
779 400 1.0
779 516 1.0
779 556 1.0
779 613 1.0
779 656 1.0
779 718 1.0
779 901 1.0
780 327 1.0
780 492 1.0
780 672 1.0
780 981 1.0
780 987 1.0
781 114 1.0
781 600 1.0
781 792 1.0
781 825 1.0
782 200 1.0
782 288 1.0
782 296 1.0
782 425 1.0
782 661 1.0
782 727 1.0
782 728 1.0
782 984 1.0
783 712 1.0
783 726 1.0
783 745 1.0
783 795 1.0
783 813 1.0
783 863 1.0
784 27 1.0
784 196 1.0
784 256 1.0
784 265 1.0
784 532 1.0
784 657 1.0
784 887 1.0
785 55 1.0
785 91 1.0
785 188 1.0
785 352 1.0
785 398 1.0
785 606 1.0
785 998 1.0
786 66 1.0
786 355 1.0
786 465 1.0
786 538 1.0
786 622 1.0
786 725 1.0
786 832 1.0
786 857 1.0
786 887 1.0
787 241 1.0
787 247 1.0
787 263 1.0
787 461 1.0
787 491 1.0
787 597 1.0
787 611 1.0
787 633 1.0
787 638 1.0
788 36 1.0
788 55 1.0
788 107 1.0
788 208 1.0
788 279 1.0
788 308 1.0
788 699 1.0
788 890 1.0
789 46 1.0
789 141 1.0
789 152 1.0
789 245 1.0
789 410 1.0
789 536 1.0
789 616 1.0
789 719 1.0
789 846 1.0
790 311 1.0
790 418 1.0
790 815 1.0
790 986 1.0
791 61 1.0
791 114 1.0
791 260 1.0
791 318 1.0
792 34 1.0
792 173 1.0
792 223 1.0
792 325 1.0
792 407 1.0
792 519 1.0
792 520 1.0
792 720 1.0
792 763 1.0
792 819 1.0
792 828 1.0
792 939 1.0
793 108 1.0
793 217 1.0
793 399 1.0
793 739 1.0
793 745 1.0
793 859 1.0
793 866 1.0
793 871 1.0
794 195 1.0
794 493 1.0
794 544 1.0
794 679 1.0
794 926 1.0
795 1 1.0
795 42 1.0
795 304 1.0
795 428 1.0
795 444 1.0
795 508 1.0
795 538 1.0
795 583 1.0
795 833 1.0
795 938 1.0
795 939 1.0
796 347 1.0
796 705 1.0
796 762 1.0
796 781 1.0
796 782 1.0
796 794 1.0
796 878 1.0
797 108 1.0
797 124 1.0
797 202 1.0
797 264 1.0
797 314 1.0
797 348 1.0
797 442 1.0
797 444 1.0
797 581 1.0
797 703 1.0
797 882 1.0
797 979 1.0
798 42 1.0
798 216 1.0
798 682 1.0
798 715 1.0
798 743 1.0
798 843 1.0
798 894 1.0
798 979 1.0
799 17 1.0
799 150 1.0
799 245 1.0
799 266 1.0
799 894 1.0
799 895 1.0
800 292 1.0
800 378 1.0
800 531 1.0
800 554 1.0
800 671 1.0
800 740 1.0
800 820 1.0
800 837 1.0
800 900 1.0
801 281 1.0
801 462 1.0
801 531 1.0
801 547 1.0
801 812 1.0
801 924 1.0
802 180 1.0
802 237 1.0
802 280 1.0
802 361 1.0
802 756 1.0
802 783 1.0
803 138 1.0
803 371 1.0
803 546 1.0
803 810 1.0
804 501 1.0
804 507 1.0
804 528 1.0
804 702 1.0
804 742 1.0
804 746 1.0
804 800 1.0
804 805 1.0
805 244 1.0
805 341 1.0
805 649 1.0
805 944 1.0
806 36 1.0
806 159 1.0
806 263 1.0
806 312 1.0
806 332 1.0
806 582 1.0
806 733 1.0
807 352 1.0
807 353 1.0
807 396 1.0
807 530 1.0
807 601 1.0
807 659 1.0
807 721 1.0
807 734 1.0
807 736 1.0
807 917 1.0
808 3 1.0
808 247 1.0
808 319 1.0
808 426 1.0
808 790 1.0
808 810 1.0
808 975 1.0
809 195 1.0
809 476 1.0
809 621 1.0
809 747 1.0
809 756 1.0
809 779 1.0
809 876 1.0
809 899 1.0
809 972 1.0
809 992 1.0
810 14 1.0
810 94 1.0
810 128 1.0
810 443 1.0
811 163 1.0
811 272 1.0
811 451 1.0
812 73 1.0
812 138 1.0
812 167 1.0
812 266 1.0
812 597 1.0
812 623 1.0
812 845 1.0
812 934 1.0
813 15 1.0
813 241 1.0
813 431 1.0
813 468 1.0
813 597 1.0
813 765 1.0
813 845 1.0
814 119 1.0
814 132 1.0
814 293 1.0
814 384 1.0
814 550 1.0
814 724 1.0
814 738 1.0
814 883 1.0
815 443 1.0
815 521 1.0
815 706 1.0
815 860 1.0
815 928 1.0
816 322 1.0
816 672 1.0
817 278 1.0
817 299 1.0
817 589 1.0
817 829 1.0
818 46 1.0
818 67 1.0
818 79 1.0
818 96 1.0
818 232 1.0
818 545 1.0
818 653 1.0
818 784 1.0
819 17 1.0
819 24 1.0
819 133 1.0
819 150 1.0
819 250 1.0
819 342 1.0
819 486 1.0
819 487 1.0
819 518 1.0
819 565 1.0
819 743 1.0
819 849 1.0
820 478 1.0
820 484 1.0
820 652 1.0
820 674 1.0
820 715 1.0
821 113 1.0
821 667 1.0
821 696 1.0
821 702 1.0
821 727 1.0
821 822 1.0
821 884 1.0
822 59 1.0
822 346 1.0
822 368 1.0
822 545 1.0
822 624 1.0
822 700 1.0
823 36 1.0
823 42 1.0
823 123 1.0
823 370 1.0
823 390 1.0
823 460 1.0
823 485 1.0
823 523 1.0
823 553 1.0
823 632 1.0
823 790 1.0
824 60 1.0
824 108 1.0
824 142 1.0
824 577 1.0
824 584 1.0
824 900 1.0
825 350 1.0
825 397 1.0
825 416 1.0
825 710 1.0
825 712 1.0
825 788 1.0
825 849 1.0
826 128 1.0
826 428 1.0
826 448 1.0
826 663 1.0
826 692 1.0
826 736 1.0
826 822 1.0
826 827 1.0
827 45 1.0
827 461 1.0
827 479 1.0
827 694 1.0
827 732 1.0
827 912 1.0
827 929 1.0
828 84 1.0
828 200 1.0
828 495 1.0
828 810 1.0
829 96 1.0
829 184 1.0
829 238 1.0
829 241 1.0
829 258 1.0
829 544 1.0
829 725 1.0
829 870 1.0
829 978 1.0
830 256 1.0
830 326 1.0
830 360 1.0
830 498 1.0
830 611 1.0
830 688 1.0
830 776 1.0
830 860 1.0
830 913 1.0
830 984 1.0
831 445 1.0
831 454 1.0
832 133 1.0
832 298 1.0
832 382 1.0
832 565 1.0
832 664 1.0
832 666 1.0
832 801 1.0
832 807 1.0
832 916 1.0
833 86 1.0
833 225 1.0
833 433 1.0
833 448 1.0
833 489 1.0
833 886 1.0
833 915 1.0
834 262 1.0
834 284 1.0
834 587 1.0
834 670 1.0
834 732 1.0
834 949 1.0
835 125 1.0
835 375 1.0
835 382 1.0
835 428 1.0
835 454 1.0
835 462 1.0
835 478 1.0
835 543 1.0
835 595 1.0
835 765 1.0
836 343 1.0
836 351 1.0
836 504 1.0
836 512 1.0
836 745 1.0
836 815 1.0
837 83 1.0
837 127 1.0
837 161 1.0
837 191 1.0
837 267 1.0
837 384 1.0
837 402 1.0
837 431 1.0
837 442 1.0
837 528 1.0
837 573 1.0
837 582 1.0
837 610 1.0
837 733 1.0
837 849 1.0
837 973 1.0
838 109 1.0
838 333 1.0
838 341 1.0
838 346 1.0
838 404 1.0
838 529 1.0
838 573 1.0
838 603 1.0
838 620 1.0
838 770 1.0
838 897 1.0
839 420 1.0
839 745 1.0
839 841 1.0
840 157 1.0
840 313 1.0
840 315 1.0
840 435 1.0
840 553 1.0
840 584 1.0
840 638 1.0
840 726 1.0
840 856 1.0
840 916 1.0
841 96 1.0
841 117 1.0
841 577 1.0
841 636 1.0
841 813 1.0
842 130 1.0
842 275 1.0
842 654 1.0
842 777 1.0
842 808 1.0
842 853 1.0
843 39 1.0
843 167 1.0
843 177 1.0
843 180 1.0
843 507 1.0
843 672 1.0
843 735 1.0
843 765 1.0
843 833 1.0
843 850 1.0
843 913 1.0
844 100 1.0
844 517 1.0
844 799 1.0
844 866 1.0
845 197 1.0
845 438 1.0
845 461 1.0
845 676 1.0
845 780 1.0
845 794 1.0
845 943 1.0
846 261 1.0
846 366 1.0
846 488 1.0
846 552 1.0
846 591 1.0
846 733 1.0
847 47 1.0
847 68 1.0
847 167 1.0
847 228 1.0
847 574 1.0
847 635 1.0
848 131 1.0
848 133 1.0
848 147 1.0
848 183 1.0
848 187 1.0
848 363 1.0
848 393 1.0
848 417 1.0
848 705 1.0
848 801 1.0
848 932 1.0
849 399 1.0
849 824 1.0
850 125 1.0
850 318 1.0
850 804 1.0
851 5 1.0
851 83 1.0
851 392 1.0
851 812 1.0
851 893 1.0
852 16 1.0
852 44 1.0
852 233 1.0
852 347 1.0
852 355 1.0
852 651 1.0
853 29 1.0
853 37 1.0
853 332 1.0
853 359 1.0
853 400 1.0
853 426 1.0
853 491 1.0
853 525 1.0
853 604 1.0
853 642 1.0
853 811 1.0
853 940 1.0
854 30 1.0
854 52 1.0
854 251 1.0
854 307 1.0
854 748 1.0
855 124 1.0
855 162 1.0
855 175 1.0
855 191 1.0
855 366 1.0
855 388 1.0
855 399 1.0
855 444 1.0
855 445 1.0
855 574 1.0
855 651 1.0
855 666 1.0
855 685 1.0
856 48 1.0
856 144 1.0
856 259 1.0
856 327 1.0
856 358 1.0
856 378 1.0
856 520 1.0
856 553 1.0
856 697 1.0
856 864 1.0
857 214 1.0
857 243 1.0
857 621 1.0
858 123 1.0
858 574 1.0
858 832 1.0
858 901 1.0
859 173 1.0
859 321 1.0
859 537 1.0
859 540 1.0
859 566 1.0
860 92 1.0
860 133 1.0
860 232 1.0
860 316 1.0
860 548 1.0
860 669 1.0
860 686 1.0
860 863 1.0
861 85 1.0
861 108 1.0
861 250 1.0
861 327 1.0
861 361 1.0
861 362 1.0
861 613 1.0
861 631 1.0
861 707 1.0
861 728 1.0
861 856 1.0
862 503 1.0
862 508 1.0
862 564 1.0
862 635 1.0
862 701 1.0
862 720 1.0
862 946 1.0
863 56 1.0
863 60 1.0
863 80 1.0
863 139 1.0
863 231 1.0
863 355 1.0
863 380 1.0
863 432 1.0
863 456 1.0
863 471 1.0
863 560 1.0
864 3 1.0
864 87 1.0
864 158 1.0
864 252 1.0
864 326 1.0
864 365 1.0
864 587 1.0
864 612 1.0
864 650 1.0
864 669 1.0
864 672 1.0
864 876 1.0
864 946 1.0
865 1 1.0
865 51 1.0
865 81 1.0
865 404 1.0
865 429 1.0
865 502 1.0
865 706 1.0
865 889 1.0
866 454 1.0
866 577 1.0
866 581 1.0
866 702 1.0
866 736 1.0
866 777 1.0
866 816 1.0
866 823 1.0
866 899 1.0
866 940 1.0
867 72 1.0
867 434 1.0
867 447 1.0
867 656 1.0
867 759 1.0
867 911 1.0
868 110 1.0
868 311 1.0
868 422 1.0
868 636 1.0
868 785 1.0
869 51 1.0
869 167 1.0
869 334 1.0
869 489 1.0
869 594 1.0
869 628 1.0
869 773 1.0
869 892 1.0
869 945 1.0
870 136 1.0
870 153 1.0
870 220 1.0
870 490 1.0
870 526 1.0
870 588 1.0
870 848 1.0
871 87 1.0
871 160 1.0
871 320 1.0
871 337 1.0
871 470 1.0
871 667 1.0
872 100 1.0
872 123 1.0
872 144 1.0
872 255 1.0
872 390 1.0
872 501 1.0
872 520 1.0
872 692 1.0
872 759 1.0
872 768 1.0
872 789 1.0
872 870 1.0
872 913 1.0
873 45 1.0
873 91 1.0
873 92 1.0
873 99 1.0
873 485 1.0
873 562 1.0
874 68 1.0
874 70 1.0
874 119 1.0
874 190 1.0
874 355 1.0
874 396 1.0
874 398 1.0
874 442 1.0
874 556 1.0
874 646 1.0
874 746 1.0
874 754 1.0
874 915 1.0
875 133 1.0
875 179 1.0
875 208 1.0
875 266 1.0
875 544 1.0
875 614 1.0
875 830 1.0
876 56 1.0
876 289 1.0
876 380 1.0
876 530 1.0
876 639 1.0
876 667 1.0
876 746 1.0
876 926 1.0
877 14 1.0
877 235 1.0
877 550 1.0
877 564 1.0
877 648 1.0
877 747 1.0
877 835 1.0
878 487 1.0
878 493 1.0
878 776 1.0
878 909 1.0
879 172 1.0
879 331 1.0
879 505 1.0
879 731 1.0
880 22 1.0
880 98 1.0
880 250 1.0
880 332 1.0
880 344 1.0
880 381 1.0
880 493 1.0
880 675 1.0
881 19 1.0
881 320 1.0
881 538 1.0
881 607 1.0
881 754 1.0
881 921 1.0
882 136 1.0
882 378 1.0
882 403 1.0
882 472 1.0
882 496 1.0
882 527 1.0
882 647 1.0
882 815 1.0
883 583 1.0
883 637 1.0
883 661 1.0
883 846 1.0
884 14 1.0
884 65 1.0
884 119 1.0
884 133 1.0
884 159 1.0
884 392 1.0
884 467 1.0
884 524 1.0
884 806 1.0
885 14 1.0
885 139 1.0
885 145 1.0
885 171 1.0
885 259 1.0
885 801 1.0
885 860 1.0
885 891 1.0
886 10 1.0
886 363 1.0
886 426 1.0
886 721 1.0
886 890 1.0
887 150 1.0
887 251 1.0
887 284 1.0
887 577 1.0
887 591 1.0
887 595 1.0
887 696 1.0
887 799 1.0
888 14 1.0
888 194 1.0
888 241 1.0
888 341 1.0
888 909 1.0
889 154 1.0
889 206 1.0
889 225 1.0
889 279 1.0
889 294 1.0
889 502 1.0
889 541 1.0
889 731 1.0
889 794 1.0
889 886 1.0
889 943 1.0
890 37 1.0
890 77 1.0
890 80 1.0
890 141 1.0
890 253 1.0
890 404 1.0
890 433 1.0
890 701 1.0
890 811 1.0
890 838 1.0
890 919 1.0
890 936 1.0
891 26 1.0
891 269 1.0
891 456 1.0
891 478 1.0
891 631 1.0
891 713 1.0
891 734 1.0
891 744 1.0
891 756 1.0
891 831 1.0
891 907 1.0
891 908 1.0
891 940 1.0
892 59 1.0
892 246 1.0
892 268 1.0
892 446 1.0
892 448 1.0
892 516 1.0
892 558 1.0
892 598 1.0
892 662 1.0
892 877 1.0
893 48 1.0
893 331 1.0
893 411 1.0
893 437 1.0
893 484 1.0
893 596 1.0
894 7 1.0
894 199 1.0
894 282 1.0
894 296 1.0
894 391 1.0
894 769 1.0
894 800 1.0
895 134 1.0
895 995 1.0
896 199 1.0
896 204 1.0
896 226 1.0
896 251 1.0
896 301 1.0
896 490 1.0
896 738 1.0
896 862 1.0
896 945 1.0
897 117 1.0
897 159 1.0
897 292 1.0
897 387 1.0
897 492 1.0
897 524 1.0
897 594 1.0
897 681 1.0
897 795 1.0
898 231 1.0
898 284 1.0
898 309 1.0
898 705 1.0
898 803 1.0
898 905 1.0
899 53 1.0
899 137 1.0
899 376 1.0
899 612 1.0
899 688 1.0
899 734 1.0
899 749 1.0
900 165 1.0
900 168 1.0
900 225 1.0
900 289 1.0
900 329 1.0
900 410 1.0
900 564 1.0
900 730 1.0
900 790 1.0
901 58 1.0
901 119 1.0
901 178 1.0
901 505 1.0
901 540 1.0
901 729 1.0
902 140 1.0
902 312 1.0
902 528 1.0
902 551 1.0
902 567 1.0
902 793 1.0
902 842 1.0
903 110 1.0
903 341 1.0
903 374 1.0
903 580 1.0
903 642 1.0
903 669 1.0
903 906 1.0
903 979 1.0
904 2 1.0
904 204 1.0
904 682 1.0
904 803 1.0
905 113 1.0
905 546 1.0
905 617 1.0
905 739 1.0
905 767 1.0
906 102 1.0
906 156 1.0
906 277 1.0
906 357 1.0
906 587 1.0
906 687 1.0
906 757 1.0
906 883 1.0
907 18 1.0
907 21 1.0
907 249 1.0
907 571 1.0
907 780 1.0
907 911 1.0
907 930 1.0
908 10 1.0
908 233 1.0
908 396 1.0
908 483 1.0
908 664 1.0
908 670 1.0
908 687 1.0
908 826 1.0
908 861 1.0
908 943 1.0
909 0 1.0
909 33 1.0
909 95 1.0
909 329 1.0
909 378 1.0
909 507 1.0
909 769 1.0
909 834 1.0
909 940 1.0
910 405 1.0
910 415 1.0
910 523 1.0
910 724 1.0
911 87 1.0
911 152 1.0
911 346 1.0
911 570 1.0
911 656 1.0
912 98 1.0
912 322 1.0
912 364 1.0
912 459 1.0
912 579 1.0
912 691 1.0
912 771 1.0
912 865 1.0
913 158 1.0
913 562 1.0
913 661 1.0
913 663 1.0
913 729 1.0
913 852 1.0
913 867 1.0
914 109 1.0
914 531 1.0
914 641 1.0
914 982 1.0
915 181 1.0
915 320 1.0
915 651 1.0
915 758 1.0
915 803 1.0
915 823 1.0
915 904 1.0
916 53 1.0
916 317 1.0
916 335 1.0
916 426 1.0
916 471 1.0
916 887 1.0
916 947 1.0
917 55 1.0
917 232 1.0
917 424 1.0
917 431 1.0
917 507 1.0
917 689 1.0
917 721 1.0
917 791 1.0
917 926 1.0
918 350 1.0
918 679 1.0
918 763 1.0
918 880 1.0
918 933 1.0
919 339 1.0
919 832 1.0
920 307 1.0
920 412 1.0
920 485 1.0
920 665 1.0
921 12 1.0
921 14 1.0
921 86 1.0
921 247 1.0
921 311 1.0
921 468 1.0
921 536 1.0
921 592 1.0
921 605 1.0
921 675 1.0
921 780 1.0
921 822 1.0
921 870 1.0
921 943 1.0
922 194 1.0
922 206 1.0
922 222 1.0
922 417 1.0
922 518 1.0
922 663 1.0
922 752 1.0
922 861 1.0
922 942 1.0
923 546 1.0
923 602 1.0
923 707 1.0
923 793 1.0
924 20 1.0
924 74 1.0
924 183 1.0
924 284 1.0
924 434 1.0
924 486 1.0
924 594 1.0
924 625 1.0
924 727 1.0
924 772 1.0
924 775 1.0
924 946 1.0
924 978 1.0
925 100 1.0
925 343 1.0
925 420 1.0
925 555 1.0
925 587 1.0
925 591 1.0
925 706 1.0
925 819 1.0
926 167 1.0
926 176 1.0
926 305 1.0
926 317 1.0
926 344 1.0
926 425 1.0
926 544 1.0
926 582 1.0
926 595 1.0
926 632 1.0
926 825 1.0
926 863 1.0
926 869 1.0
926 899 1.0
926 916 1.0
926 982 1.0
927 475 1.0
927 549 1.0
927 900 1.0
927 902 1.0
928 18 1.0
928 23 1.0
928 79 1.0
928 281 1.0
928 425 1.0
928 596 1.0
929 6 1.0
929 122 1.0
929 246 1.0
929 262 1.0
929 549 1.0
929 577 1.0
929 692 1.0
929 727 1.0
929 842 1.0
929 854 1.0
929 890 1.0
930 185 1.0
930 320 1.0
930 359 1.0
930 524 1.0
930 774 1.0
930 867 1.0
931 28 1.0
931 67 1.0
931 305 1.0
931 391 1.0
931 554 1.0
931 577 1.0
931 737 1.0
931 790 1.0
931 930 1.0
932 251 1.0
932 481 1.0
932 532 1.0
932 572 1.0
932 851 1.0
932 874 1.0
932 964 1.0
933 134 1.0
933 329 1.0
933 503 1.0
933 646 1.0
933 775 1.0
933 840 1.0
934 59 1.0
934 225 1.0
934 263 1.0
934 320 1.0
934 452 1.0
934 494 1.0
934 560 1.0
934 712 1.0
934 787 1.0
934 789 1.0
935 1 1.0
935 122 1.0
935 212 1.0
935 397 1.0
935 660 1.0
935 743 1.0
935 877 1.0
936 77 1.0
936 179 1.0
936 302 1.0
936 553 1.0
936 994 1.0
937 125 1.0
937 143 1.0
937 153 1.0
937 481 1.0
937 641 1.0
937 740 1.0
937 786 1.0
938 19 1.0
938 99 1.0
938 387 1.0
938 498 1.0
938 537 1.0
938 599 1.0
938 769 1.0
938 797 1.0
939 32 1.0
939 41 1.0
939 237 1.0
939 289 1.0
939 577 1.0
939 876 1.0
940 12 1.0
940 88 1.0
940 91 1.0
940 241 1.0
940 371 1.0
940 546 1.0
940 554 1.0
940 737 1.0
940 907 1.0
941 138 1.0
941 526 1.0
941 543 1.0
941 603 1.0
941 702 1.0
941 915 1.0
941 972 1.0
942 145 1.0
942 254 1.0
942 459 1.0
942 465 1.0
942 630 1.0
943 26 1.0
943 55 1.0
943 173 1.0
943 208 1.0
943 220 1.0
943 252 1.0
943 310 1.0
943 354 1.0
943 514 1.0
943 926 1.0
944 565 1.0
944 577 1.0
944 607 1.0
944 613 1.0
944 632 1.0
944 719 1.0
945 352 1.0
945 662 1.0
945 837 1.0
946 62 1.0
946 262 1.0
946 385 1.0
946 445 1.0
946 684 1.0
946 719 1.0
946 845 1.0
947 200 1.0
947 438 1.0
947 776 1.0
947 792 1.0
947 876 1.0
948 314 1.0
948 326 1.0
948 337 1.0
948 719 1.0
948 808 1.0
948 924 1.0
949 13 1.0
949 52 1.0
949 147 1.0
949 217 1.0
949 308 1.0
949 443 1.0
949 655 1.0
950 81 1.0
950 153 1.0
950 205 1.0
950 326 1.0
951 104 1.0
951 122 1.0
951 207 1.0
951 718 1.0
952 202 1.0
952 274 1.0
952 755 1.0
953 0 1.0
953 80 1.0
953 396 1.0
953 465 1.0
953 514 1.0
954 57 1.0
954 85 1.0
954 419 1.0
954 521 1.0
955 100 1.0
955 549 1.0
955 592 1.0
955 709 1.0
955 760 1.0
955 973 1.0
956 31 1.0
956 48 1.0
956 72 1.0
956 125 1.0
956 207 1.0
956 374 1.0
956 415 1.0
957 430 1.0
957 548 1.0
957 556 1.0
957 732 1.0
958 16 1.0
958 48 1.0
958 85 1.0
958 117 1.0
959 12 1.0
959 83 1.0
959 184 1.0
959 572 1.0
960 24 1.0
960 315 1.0
960 353 1.0
960 375 1.0
960 656 1.0
961 43 1.0
961 59 1.0
961 72 1.0
961 624 1.0
962 25 1.0
962 29 1.0
962 92 1.0
962 105 1.0
962 116 1.0
962 290 1.0
962 539 1.0
962 730 1.0
962 993 1.0
963 40 1.0
963 41 1.0
963 96 1.0
963 223 1.0
963 543 1.0
963 755 1.0
964 16 1.0
964 29 1.0
964 53 1.0
964 310 1.0
964 553 1.0
964 932 1.0
965 55 1.0
965 99 1.0
965 368 1.0
965 373 1.0
965 564 1.0
965 618 1.0
965 631 1.0
966 47 1.0
966 529 1.0
966 540 1.0
966 548 1.0
966 550 1.0
967 84 1.0
967 181 1.0
967 312 1.0
967 545 1.0
967 613 1.0
968 40 1.0
968 48 1.0
968 62 1.0
968 183 1.0
968 271 1.0
968 431 1.0
968 574 1.0
968 757 1.0
969 32 1.0
969 33 1.0
969 43 1.0
969 73 1.0
969 97 1.0
969 256 1.0
969 290 1.0
970 75 1.0
970 80 1.0
970 208 1.0
970 263 1.0
970 288 1.0
970 292 1.0
970 705 1.0
971 58 1.0
971 541 1.0
971 555 1.0
971 989 1.0
972 36 1.0
972 211 1.0
972 528 1.0
972 600 1.0
972 693 1.0
972 809 1.0
972 941 1.0
972 986 1.0
973 111 1.0
973 167 1.0
973 837 1.0
973 955 1.0
974 2 1.0
974 36 1.0
974 255 1.0
974 454 1.0
974 559 1.0
974 672 1.0
975 35 1.0
975 171 1.0
975 374 1.0
975 808 1.0
976 125 1.0
976 269 1.0
976 523 1.0
976 624 1.0
976 713 1.0
977 165 1.0
977 236 1.0
977 525 1.0
977 722 1.0
978 8 1.0
978 26 1.0
978 46 1.0
978 55 1.0
978 158 1.0
978 380 1.0
978 534 1.0
978 776 1.0
978 778 1.0
978 829 1.0
978 924 1.0
979 206 1.0
979 265 1.0
979 303 1.0
979 411 1.0
979 588 1.0
979 797 1.0
979 798 1.0
979 903 1.0
980 78 1.0
980 97 1.0
980 124 1.0
980 162 1.0
980 236 1.0
980 253 1.0
980 336 1.0
980 347 1.0
980 357 1.0
980 572 1.0
980 601 1.0
980 702 1.0
981 0 1.0
981 10 1.0
981 58 1.0
981 188 1.0
981 280 1.0
981 768 1.0
981 772 1.0
981 780 1.0
982 56 1.0
982 74 1.0
982 89 1.0
982 99 1.0
982 151 1.0
982 152 1.0
982 499 1.0
982 567 1.0
982 600 1.0
982 914 1.0
982 926 1.0
983 57 1.0
983 148 1.0
983 173 1.0
983 222 1.0
983 228 1.0
983 526 1.0
983 676 1.0
983 708 1.0
983 719 1.0
984 138 1.0
984 254 1.0
984 782 1.0
984 830 1.0
985 7 1.0
985 20 1.0
985 37 1.0
985 50 1.0
985 151 1.0
985 283 1.0
985 336 1.0
985 381 1.0
985 528 1.0
986 265 1.0
986 514 1.0
986 560 1.0
986 790 1.0
986 972 1.0
987 28 1.0
987 82 1.0
987 343 1.0
987 780 1.0
988 17 1.0
988 50 1.0
988 137 1.0
988 145 1.0
988 576 1.0
989 34 1.0
989 93 1.0
989 436 1.0
989 458 1.0
989 649 1.0
989 971 1.0
990 16 1.0
990 90 1.0
990 133 1.0
990 192 1.0
990 257 1.0
990 278 1.0
990 493 1.0
990 624 1.0
991 62 1.0
991 203 1.0
991 229 1.0
991 296 1.0
991 546 1.0
991 776 1.0
992 33 1.0
992 132 1.0
992 320 1.0
992 321 1.0
992 809 1.0
993 31 1.0
993 88 1.0
993 552 1.0
993 962 1.0
994 44 1.0
994 271 1.0
994 547 1.0
994 936 1.0
995 4 1.0
995 12 1.0
995 41 1.0
995 72 1.0
995 92 1.0
995 522 1.0
995 586 1.0
995 895 1.0
996 2 1.0
996 71 1.0
996 97 1.0
996 220 1.0
996 370 1.0
996 775 1.0
997 189 1.0
997 281 1.0
997 294 1.0
997 332 1.0
997 516 1.0
998 12 1.0
998 41 1.0
998 45 1.0
998 212 1.0
998 422 1.0
998 463 1.0
998 700 1.0
998 785 1.0
999 144 1.0
999 339 1.0
999 375 1.0
999 462 1.0
999 578 1.0
