0 21 1.0
0 50 1.0
0 182 1.0
0 377 1.0
0 435 1.0
0 452 1.0
0 500 1.0
0 790 1.0
0 813 1.0
0 822 1.0
0 826 1.0
0 915 1.0
1 158 1.0
1 175 1.0
1 188 1.0
1 436 1.0
1 450 1.0
1 523 1.0
1 573 1.0
1 620 1.0
1 909 1.0
2 3 1.0
2 32 1.0
2 56 1.0
2 956 1.0
2 959 1.0
2 990 1.0
3 87 1.0
3 216 1.0
3 568 1.0
3 672 1.0
3 739 1.0
3 921 1.0
4 82 1.0
4 162 1.0
4 209 1.0
4 259 1.0
4 336 1.0
4 411 1.0
4 419 1.0
4 517 1.0
4 531 1.0
4 538 1.0
4 556 1.0
4 722 1.0
4 817 1.0
4 829 1.0
4 831 1.0
4 837 1.0
4 846 1.0
4 912 1.0
4 953 1.0
5 42 1.0
5 84 1.0
5 105 1.0
5 178 1.0
5 229 1.0
5 381 1.0
5 517 1.0
5 569 1.0
5 597 1.0
5 762 1.0
5 815 1.0
5 891 1.0
5 931 1.0
5 994 1.0
6 329 1.0
6 370 1.0
6 382 1.0
6 610 1.0
6 722 1.0
6 876 1.0
6 988 1.0
6 996 1.0
7 93 1.0
7 386 1.0
7 575 1.0
7 732 1.0
7 913 1.0
7 992 1.0
8 273 1.0
8 335 1.0
8 356 1.0
8 680 1.0
8 687 1.0
8 792 1.0
8 818 1.0
8 936 1.0
8 966 1.0
8 971 1.0
8 983 1.0
9 224 1.0
9 388 1.0
9 426 1.0
9 646 1.0
9 666 1.0
9 938 1.0
9 966 1.0
10 36 1.0
10 109 1.0
10 135 1.0
10 183 1.0
10 186 1.0
10 218 1.0
10 283 1.0
10 513 1.0
10 566 1.0
10 667 1.0
10 677 1.0
10 708 1.0
10 824 1.0
10 952 1.0
10 993 1.0
11 12 1.0
11 90 1.0
11 253 1.0
11 665 1.0
11 693 1.0
11 929 1.0
12 76 1.0
12 170 1.0
12 228 1.0
12 251 1.0
12 621 1.0
12 623 1.0
12 669 1.0
12 789 1.0
12 925 1.0
12 941 1.0
12 978 1.0
13 10 1.0
13 230 1.0
13 299 1.0
13 411 1.0
13 562 1.0
13 635 1.0
13 796 1.0
13 931 1.0
13 949 1.0
14 37 1.0
14 80 1.0
14 176 1.0
14 216 1.0
14 833 1.0
14 932 1.0
14 966 1.0
15 1 1.0
15 105 1.0
15 279 1.0
15 412 1.0
15 593 1.0
15 835 1.0
15 991 1.0
16 14 1.0
16 80 1.0
16 168 1.0
16 184 1.0
16 432 1.0
16 547 1.0
16 778 1.0
16 884 1.0
16 936 1.0
16 963 1.0
16 969 1.0
17 109 1.0
17 199 1.0
17 233 1.0
17 239 1.0
17 630 1.0
17 684 1.0
17 685 1.0
17 987 1.0
18 177 1.0
18 406 1.0
18 550 1.0
18 646 1.0
18 905 1.0
18 969 1.0
18 988 1.0
19 238 1.0
19 290 1.0
19 367 1.0
19 396 1.0
19 696 1.0
19 727 1.0
19 817 1.0
19 878 1.0
19 997 1.0
20 60 1.0
20 72 1.0
20 80 1.0
20 181 1.0
20 355 1.0
20 379 1.0
20 497 1.0
20 501 1.0
21 150 1.0
21 245 1.0
21 358 1.0
21 370 1.0
21 423 1.0
21 648 1.0
21 700 1.0
21 937 1.0
21 986 1.0
22 57 1.0
22 212 1.0
22 258 1.0
22 311 1.0
22 350 1.0
22 520 1.0
22 600 1.0
22 666 1.0
22 822 1.0
22 906 1.0
23 147 1.0
23 148 1.0
23 181 1.0
23 224 1.0
23 230 1.0
23 291 1.0
23 515 1.0
23 573 1.0
23 745 1.0
23 813 1.0
23 922 1.0
24 99 1.0
24 315 1.0
24 470 1.0
24 496 1.0
24 707 1.0
24 737 1.0
24 897 1.0
24 910 1.0
25 95 1.0
25 454 1.0
25 730 1.0
25 740 1.0
25 954 1.0
25 989 1.0
26 16 1.0
26 392 1.0
26 419 1.0
26 711 1.0
26 755 1.0
26 838 1.0
26 936 1.0
26 988 1.0
27 126 1.0
27 163 1.0
27 187 1.0
27 193 1.0
27 307 1.0
27 345 1.0
27 423 1.0
27 450 1.0
27 829 1.0
27 851 1.0
27 899 1.0
27 983 1.0
28 187 1.0
28 452 1.0
28 479 1.0
28 515 1.0
28 810 1.0
28 857 1.0
28 867 1.0
28 881 1.0
28 977 1.0
29 122 1.0
29 223 1.0
29 249 1.0
29 348 1.0
29 469 1.0
29 545 1.0
29 635 1.0
29 677 1.0
29 678 1.0
29 777 1.0
29 838 1.0
29 948 1.0
30 215 1.0
30 236 1.0
30 540 1.0
30 638 1.0
30 741 1.0
31 67 1.0
31 76 1.0
31 124 1.0
31 297 1.0
31 366 1.0
31 469 1.0
31 478 1.0
31 820 1.0
31 877 1.0
31 986 1.0
32 1 1.0
32 89 1.0
32 115 1.0
32 202 1.0
32 294 1.0
32 598 1.0
32 925 1.0
32 980 1.0
33 117 1.0
33 236 1.0
33 312 1.0
33 908 1.0
34 73 1.0
34 242 1.0
34 332 1.0
34 340 1.0
34 369 1.0
34 465 1.0
34 476 1.0
34 508 1.0
34 515 1.0
34 534 1.0
34 642 1.0
34 971 1.0
34 976 1.0
35 40 1.0
35 220 1.0
35 324 1.0
35 474 1.0
35 475 1.0
35 521 1.0
35 628 1.0
35 863 1.0
35 950 1.0
35 951 1.0
35 995 1.0
36 68 1.0
36 292 1.0
36 319 1.0
36 425 1.0
36 629 1.0
36 635 1.0
37 85 1.0
37 101 1.0
37 387 1.0
37 526 1.0
37 751 1.0
37 790 1.0
37 815 1.0
37 940 1.0
37 965 1.0
37 994 1.0
38 121 1.0
38 146 1.0
38 277 1.0
38 362 1.0
38 372 1.0
38 498 1.0
38 511 1.0
38 609 1.0
38 775 1.0
38 823 1.0
38 854 1.0
38 985 1.0
39 464 1.0
39 535 1.0
39 558 1.0
39 714 1.0
39 727 1.0
39 741 1.0
39 780 1.0
40 91 1.0
40 202 1.0
40 251 1.0
40 338 1.0
40 430 1.0
40 496 1.0
40 659 1.0
40 685 1.0
40 943 1.0
40 982 1.0
41 134 1.0
41 236 1.0
41 358 1.0
41 390 1.0
41 435 1.0
41 532 1.0
41 621 1.0
41 756 1.0
41 766 1.0
41 824 1.0
41 841 1.0
41 989 1.0
41 998 1.0
42 2 1.0
42 134 1.0
42 359 1.0
42 445 1.0
42 545 1.0
42 594 1.0
42 603 1.0
42 647 1.0
42 679 1.0
42 695 1.0
42 720 1.0
42 870 1.0
42 912 1.0
43 45 1.0
43 266 1.0
43 317 1.0
43 478 1.0
43 481 1.0
43 706 1.0
43 982 1.0
44 273 1.0
44 291 1.0
44 514 1.0
44 801 1.0
44 850 1.0
44 902 1.0
45 124 1.0
45 146 1.0
45 263 1.0
45 435 1.0
45 486 1.0
45 552 1.0
45 574 1.0
45 765 1.0
45 939 1.0
46 51 1.0
46 82 1.0
46 160 1.0
46 350 1.0
46 866 1.0
46 952 1.0
47 89 1.0
47 264 1.0
47 301 1.0
47 319 1.0
47 555 1.0
47 587 1.0
47 718 1.0
47 725 1.0
47 863 1.0
47 873 1.0
48 19 1.0
48 35 1.0
48 223 1.0
48 242 1.0
48 279 1.0
48 311 1.0
48 452 1.0
48 531 1.0
48 589 1.0
48 667 1.0
48 738 1.0
48 761 1.0
48 861 1.0
48 984 1.0
49 152 1.0
49 660 1.0
49 686 1.0
49 765 1.0
50 123 1.0
50 316 1.0
50 385 1.0
50 463 1.0
50 499 1.0
50 511 1.0
50 584 1.0
50 652 1.0
50 657 1.0
51 61 1.0
51 99 1.0
51 123 1.0
51 340 1.0
51 400 1.0
51 428 1.0
51 538 1.0
51 680 1.0
51 954 1.0
52 200 1.0
52 242 1.0
52 247 1.0
52 290 1.0
52 503 1.0
52 507 1.0
52 550 1.0
52 725 1.0
52 771 1.0
52 833 1.0
52 907 1.0
52 956 1.0
53 56 1.0
53 369 1.0
53 702 1.0
53 806 1.0
53 863 1.0
53 910 1.0
54 55 1.0
54 733 1.0
54 750 1.0
54 934 1.0
54 942 1.0
55 253 1.0
55 364 1.0
55 417 1.0
55 455 1.0
55 462 1.0
55 581 1.0
55 608 1.0
55 805 1.0
55 840 1.0
55 951 1.0
56 17 1.0
56 109 1.0
56 176 1.0
56 192 1.0
56 470 1.0
56 561 1.0
56 578 1.0
56 634 1.0
56 659 1.0
56 758 1.0
56 825 1.0
56 919 1.0
56 958 1.0
56 980 1.0
56 983 1.0
57 38 1.0
57 137 1.0
57 265 1.0
57 390 1.0
57 501 1.0
57 563 1.0
57 667 1.0
57 680 1.0
58 7 1.0
58 79 1.0
58 127 1.0
58 191 1.0
58 460 1.0
58 475 1.0
58 550 1.0
58 560 1.0
58 733 1.0
58 811 1.0
58 971 1.0
59 264 1.0
59 487 1.0
59 561 1.0
59 621 1.0
59 680 1.0
60 59 1.0
60 162 1.0
60 173 1.0
60 207 1.0
60 222 1.0
60 242 1.0
60 300 1.0
60 361 1.0
60 717 1.0
60 875 1.0
60 881 1.0
60 980 1.0
61 120 1.0
61 375 1.0
61 653 1.0
61 884 1.0
62 218 1.0
62 314 1.0
62 335 1.0
62 649 1.0
62 920 1.0
63 93 1.0
63 116 1.0
63 331 1.0
64 3 1.0
64 248 1.0
64 570 1.0
64 645 1.0
64 720 1.0
64 917 1.0
64 999 1.0
65 97 1.0
65 151 1.0
65 166 1.0
65 259 1.0
65 442 1.0
65 635 1.0
65 725 1.0
65 731 1.0
65 766 1.0
65 901 1.0
65 958 1.0
66 20 1.0
66 243 1.0
66 252 1.0
66 316 1.0
66 366 1.0
66 652 1.0
66 659 1.0
66 902 1.0
67 401 1.0
67 761 1.0
67 849 1.0
67 939 1.0
67 941 1.0
67 946 1.0
68 30 1.0
68 88 1.0
68 91 1.0
68 112 1.0
68 204 1.0
68 523 1.0
68 598 1.0
68 615 1.0
68 617 1.0
68 801 1.0
68 962 1.0
69 129 1.0
69 257 1.0
69 419 1.0
69 451 1.0
69 634 1.0
69 673 1.0
69 680 1.0
69 780 1.0
69 790 1.0
69 807 1.0
69 973 1.0
69 979 1.0
70 85 1.0
70 124 1.0
70 297 1.0
70 310 1.0
70 367 1.0
70 479 1.0
70 509 1.0
70 931 1.0
71 44 1.0
71 76 1.0
71 204 1.0
71 362 1.0
71 377 1.0
71 388 1.0
71 396 1.0
71 496 1.0
71 500 1.0
71 636 1.0
71 723 1.0
71 882 1.0
71 932 1.0
71 986 1.0
72 75 1.0
72 366 1.0
72 436 1.0
72 584 1.0
72 696 1.0
72 880 1.0
72 940 1.0
72 941 1.0
72 948 1.0
72 958 1.0
73 151 1.0
73 262 1.0
73 320 1.0
73 386 1.0
73 459 1.0
73 757 1.0
73 778 1.0
73 819 1.0
73 943 1.0
74 91 1.0
74 183 1.0
74 264 1.0
74 285 1.0
74 336 1.0
74 627 1.0
74 631 1.0
74 785 1.0
74 797 1.0
75 40 1.0
75 162 1.0
75 315 1.0
75 429 1.0
75 458 1.0
75 558 1.0
75 784 1.0
75 972 1.0
76 26 1.0
76 32 1.0
76 275 1.0
76 306 1.0
76 537 1.0
77 79 1.0
77 125 1.0
77 205 1.0
77 406 1.0
77 450 1.0
77 690 1.0
77 987 1.0
78 10 1.0
78 96 1.0
78 104 1.0
78 234 1.0
78 732 1.0
78 938 1.0
78 944 1.0
79 0 1.0
79 61 1.0
79 82 1.0
79 120 1.0
79 346 1.0
79 406 1.0
79 444 1.0
79 611 1.0
79 663 1.0
79 813 1.0
79 874 1.0
79 923 1.0
79 996 1.0
80 472 1.0
80 497 1.0
80 569 1.0
80 742 1.0
80 856 1.0
80 895 1.0
80 943 1.0
80 985 1.0
80 986 1.0
81 61 1.0
81 62 1.0
81 249 1.0
81 254 1.0
81 347 1.0
81 574 1.0
81 608 1.0
81 653 1.0
81 723 1.0
81 876 1.0
81 962 1.0
82 3 1.0
82 28 1.0
82 103 1.0
82 146 1.0
82 201 1.0
82 236 1.0
82 444 1.0
82 498 1.0
82 517 1.0
82 650 1.0
82 795 1.0
82 829 1.0
83 182 1.0
83 314 1.0
83 539 1.0
83 570 1.0
83 595 1.0
83 635 1.0
83 719 1.0
83 905 1.0
84 91 1.0
84 161 1.0
84 376 1.0
84 508 1.0
84 544 1.0
84 659 1.0
84 674 1.0
84 784 1.0
84 816 1.0
84 993 1.0
85 20 1.0
85 331 1.0
85 412 1.0
85 616 1.0
85 728 1.0
85 785 1.0
85 800 1.0
86 75 1.0
86 239 1.0
86 745 1.0
86 798 1.0
86 806 1.0
86 940 1.0
86 978 1.0
86 979 1.0
87 74 1.0
87 120 1.0
87 127 1.0
87 183 1.0
87 217 1.0
87 306 1.0
87 330 1.0
87 770 1.0
87 845 1.0
88 1 1.0
88 5 1.0
88 53 1.0
88 80 1.0
88 137 1.0
88 190 1.0
88 209 1.0
88 414 1.0
88 589 1.0
88 681 1.0
88 691 1.0
88 709 1.0
88 817 1.0
89 2 1.0
89 27 1.0
89 66 1.0
89 167 1.0
89 264 1.0
89 441 1.0
89 593 1.0
89 696 1.0
89 836 1.0
89 866 1.0
90 4 1.0
90 20 1.0
90 196 1.0
90 330 1.0
90 672 1.0
90 691 1.0
90 795 1.0
90 801 1.0
90 804 1.0
91 61 1.0
91 118 1.0
91 121 1.0
91 145 1.0
91 148 1.0
91 237 1.0
91 592 1.0
91 780 1.0
91 861 1.0
91 895 1.0
91 905 1.0
92 18 1.0
92 228 1.0
92 411 1.0
92 431 1.0
92 518 1.0
92 569 1.0
92 678 1.0
92 889 1.0
93 241 1.0
93 336 1.0
93 396 1.0
93 477 1.0
93 601 1.0
93 729 1.0
94 154 1.0
94 240 1.0
94 507 1.0
94 586 1.0
94 711 1.0
94 825 1.0
94 895 1.0
95 303 1.0
95 340 1.0
95 476 1.0
95 563 1.0
95 732 1.0
95 865 1.0
95 894 1.0
95 938 1.0
95 994 1.0
96 105 1.0
96 108 1.0
96 133 1.0
96 186 1.0
96 292 1.0
96 568 1.0
96 647 1.0
96 738 1.0
96 841 1.0
96 866 1.0
96 974 1.0
96 999 1.0
97 31 1.0
97 384 1.0
97 400 1.0
97 461 1.0
97 821 1.0
97 918 1.0
98 196 1.0
98 398 1.0
98 417 1.0
98 457 1.0
98 557 1.0
98 797 1.0
98 799 1.0
98 879 1.0
98 917 1.0
98 920 1.0
98 960 1.0
99 221 1.0
99 244 1.0
99 277 1.0
99 293 1.0
99 558 1.0
99 605 1.0
99 759 1.0
100 46 1.0
100 58 1.0
100 86 1.0
100 144 1.0
100 159 1.0
100 395 1.0
100 404 1.0
100 453 1.0
100 506 1.0
100 619 1.0
100 837 1.0
100 860 1.0
100 863 1.0
100 945 1.0
101 200 1.0
101 393 1.0
101 396 1.0
101 400 1.0
101 469 1.0
101 715 1.0
101 855 1.0
101 950 1.0
102 46 1.0
102 83 1.0
102 349 1.0
102 376 1.0
102 420 1.0
102 514 1.0
102 519 1.0
102 534 1.0
102 545 1.0
102 557 1.0
102 745 1.0
102 810 1.0
102 832 1.0
102 921 1.0
102 953 1.0
103 0 1.0
103 8 1.0
103 79 1.0
103 255 1.0
103 438 1.0
103 616 1.0
103 628 1.0
103 798 1.0
103 802 1.0
103 835 1.0
103 840 1.0
103 876 1.0
103 948 1.0
104 37 1.0
104 226 1.0
104 285 1.0
104 292 1.0
104 470 1.0
104 522 1.0
104 741 1.0
104 763 1.0
104 795 1.0
104 890 1.0
104 929 1.0
105 3 1.0
105 163 1.0
105 176 1.0
105 189 1.0
105 194 1.0
105 230 1.0
105 523 1.0
105 595 1.0
105 647 1.0
105 721 1.0
105 924 1.0
105 947 1.0
106 42 1.0
106 150 1.0
106 192 1.0
106 257 1.0
106 664 1.0
106 670 1.0
106 697 1.0
106 822 1.0
106 914 1.0
107 275 1.0
107 288 1.0
107 493 1.0
107 630 1.0
108 25 1.0
108 178 1.0
108 278 1.0
108 309 1.0
108 329 1.0
108 466 1.0
108 495 1.0
108 604 1.0
108 847 1.0
108 852 1.0
108 905 1.0
108 915 1.0
109 120 1.0
109 123 1.0
109 126 1.0
109 172 1.0
109 198 1.0
109 271 1.0
109 306 1.0
109 330 1.0
109 382 1.0
109 387 1.0
109 855 1.0
109 880 1.0
109 943 1.0
109 970 1.0
110 9 1.0
110 262 1.0
110 453 1.0
110 600 1.0
110 720 1.0
110 847 1.0
110 913 1.0
111 76 1.0
111 221 1.0
111 309 1.0
111 391 1.0
111 466 1.0
111 475 1.0
111 775 1.0
111 781 1.0
111 880 1.0
111 942 1.0
111 967 1.0
112 7 1.0
112 52 1.0
112 77 1.0
112 310 1.0
112 332 1.0
112 367 1.0
112 374 1.0
112 634 1.0
112 639 1.0
112 727 1.0
112 880 1.0
112 902 1.0
113 328 1.0
113 427 1.0
113 860 1.0
113 914 1.0
113 989 1.0
113 990 1.0
114 35 1.0
114 320 1.0
114 348 1.0
114 661 1.0
114 795 1.0
114 857 1.0
115 144 1.0
115 174 1.0
115 292 1.0
115 410 1.0
115 454 1.0
115 559 1.0
115 823 1.0
115 825 1.0
115 888 1.0
116 138 1.0
116 373 1.0
116 492 1.0
116 688 1.0
116 749 1.0
116 860 1.0
116 905 1.0
116 956 1.0
117 28 1.0
117 136 1.0
117 186 1.0
117 357 1.0
117 371 1.0
117 382 1.0
117 415 1.0
117 462 1.0
117 511 1.0
117 570 1.0
117 722 1.0
117 838 1.0
117 848 1.0
117 961 1.0
118 112 1.0
118 175 1.0
118 254 1.0
118 425 1.0
118 525 1.0
118 635 1.0
118 803 1.0
118 807 1.0
118 890 1.0
118 894 1.0
118 912 1.0
119 99 1.0
119 155 1.0
119 173 1.0
119 221 1.0
119 380 1.0
119 825 1.0
119 853 1.0
119 855 1.0
119 889 1.0
119 951 1.0
120 44 1.0
120 250 1.0
120 297 1.0
120 540 1.0
120 588 1.0
120 655 1.0
120 658 1.0
120 702 1.0
120 869 1.0
120 953 1.0
121 137 1.0
121 326 1.0
121 426 1.0
121 440 1.0
121 586 1.0
121 648 1.0
121 699 1.0
121 725 1.0
121 728 1.0
121 729 1.0
121 806 1.0
121 839 1.0
121 930 1.0
122 7 1.0
122 138 1.0
122 206 1.0
122 412 1.0
122 478 1.0
122 724 1.0
122 750 1.0
122 788 1.0
122 789 1.0
122 790 1.0
122 960 1.0
123 0 1.0
123 22 1.0
123 119 1.0
123 251 1.0
123 485 1.0
123 499 1.0
123 639 1.0
123 679 1.0
123 686 1.0
123 733 1.0
123 742 1.0
123 783 1.0
123 815 1.0
124 159 1.0
124 473 1.0
124 476 1.0
124 628 1.0
124 709 1.0
124 737 1.0
124 795 1.0
124 976 1.0
125 128 1.0
125 139 1.0
125 625 1.0
125 680 1.0
126 365 1.0
126 610 1.0
126 764 1.0
127 227 1.0
127 405 1.0
127 731 1.0
127 744 1.0
127 813 1.0
128 230 1.0
128 307 1.0
128 373 1.0
128 561 1.0
128 587 1.0
128 615 1.0
128 619 1.0
128 661 1.0
128 685 1.0
128 880 1.0
129 239 1.0
129 430 1.0
129 552 1.0
129 557 1.0
129 674 1.0
129 836 1.0
129 894 1.0
129 935 1.0
130 105 1.0
130 199 1.0
130 239 1.0
130 359 1.0
130 397 1.0
130 440 1.0
130 454 1.0
130 456 1.0
130 506 1.0
130 652 1.0
130 732 1.0
130 745 1.0
131 85 1.0
131 88 1.0
131 164 1.0
131 208 1.0
131 267 1.0
131 358 1.0
131 423 1.0
131 568 1.0
131 610 1.0
131 615 1.0
131 763 1.0
131 862 1.0
131 867 1.0
132 39 1.0
132 89 1.0
132 153 1.0
132 183 1.0
132 229 1.0
132 958 1.0
132 984 1.0
133 17 1.0
133 173 1.0
133 263 1.0
133 411 1.0
133 683 1.0
133 823 1.0
133 840 1.0
133 926 1.0
133 999 1.0
134 147 1.0
134 305 1.0
134 326 1.0
134 334 1.0
134 395 1.0
134 406 1.0
134 561 1.0
134 620 1.0
134 638 1.0
134 648 1.0
134 859 1.0
134 895 1.0
134 965 1.0
134 985 1.0
134 986 1.0
135 9 1.0
135 61 1.0
135 351 1.0
135 615 1.0
135 625 1.0
135 661 1.0
135 726 1.0
135 781 1.0
135 797 1.0
135 821 1.0
136 51 1.0
136 284 1.0
136 373 1.0
136 467 1.0
136 638 1.0
136 736 1.0
136 752 1.0
136 860 1.0
136 933 1.0
137 16 1.0
137 89 1.0
137 190 1.0
137 273 1.0
137 295 1.0
137 324 1.0
137 381 1.0
137 427 1.0
137 467 1.0
137 807 1.0
138 183 1.0
138 657 1.0
138 808 1.0
139 141 1.0
139 278 1.0
139 327 1.0
139 438 1.0
139 508 1.0
139 663 1.0
139 828 1.0
139 834 1.0
139 960 1.0
140 134 1.0
140 221 1.0
140 227 1.0
140 428 1.0
140 514 1.0
140 534 1.0
140 577 1.0
140 867 1.0
140 879 1.0
140 889 1.0
140 954 1.0
141 7 1.0
141 34 1.0
141 223 1.0
141 373 1.0
141 398 1.0
141 632 1.0
141 652 1.0
141 693 1.0
141 788 1.0
141 847 1.0
141 980 1.0
142 7 1.0
142 45 1.0
142 248 1.0
142 294 1.0
142 367 1.0
142 464 1.0
142 544 1.0
142 625 1.0
142 687 1.0
142 894 1.0
143 22 1.0
143 29 1.0
143 33 1.0
143 78 1.0
143 121 1.0
143 204 1.0
143 267 1.0
143 501 1.0
143 627 1.0
143 629 1.0
143 737 1.0
143 877 1.0
143 972 1.0
144 54 1.0
144 181 1.0
144 196 1.0
144 202 1.0
144 255 1.0
144 263 1.0
144 344 1.0
144 454 1.0
144 745 1.0
144 854 1.0
144 874 1.0
144 959 1.0
145 20 1.0
145 124 1.0
145 341 1.0
145 610 1.0
145 671 1.0
145 672 1.0
145 907 1.0
146 121 1.0
146 453 1.0
146 613 1.0
146 785 1.0
146 874 1.0
147 37 1.0
147 104 1.0
147 158 1.0
147 563 1.0
147 601 1.0
147 673 1.0
147 707 1.0
148 178 1.0
148 206 1.0
148 283 1.0
148 396 1.0
148 673 1.0
148 795 1.0
148 799 1.0
149 158 1.0
149 251 1.0
149 333 1.0
149 786 1.0
149 961 1.0
150 14 1.0
150 17 1.0
150 228 1.0
150 315 1.0
150 747 1.0
150 784 1.0
150 969 1.0
151 48 1.0
151 111 1.0
151 193 1.0
151 350 1.0
151 355 1.0
151 368 1.0
151 369 1.0
151 441 1.0
151 488 1.0
151 609 1.0
151 728 1.0
151 789 1.0
151 899 1.0
152 277 1.0
152 556 1.0
152 587 1.0
152 681 1.0
152 777 1.0
152 800 1.0
152 896 1.0
152 908 1.0
153 81 1.0
153 286 1.0
153 342 1.0
153 454 1.0
153 479 1.0
153 634 1.0
153 692 1.0
153 746 1.0
153 820 1.0
153 840 1.0
153 900 1.0
153 924 1.0
154 283 1.0
154 371 1.0
154 378 1.0
154 640 1.0
154 675 1.0
155 36 1.0
155 99 1.0
155 157 1.0
155 166 1.0
155 376 1.0
155 535 1.0
155 639 1.0
155 781 1.0
155 839 1.0
155 853 1.0
155 873 1.0
156 360 1.0
156 402 1.0
156 433 1.0
156 435 1.0
156 573 1.0
156 840 1.0
156 979 1.0
157 6 1.0
157 14 1.0
157 15 1.0
157 31 1.0
157 83 1.0
157 84 1.0
157 145 1.0
157 487 1.0
157 578 1.0
157 636 1.0
157 653 1.0
157 891 1.0
157 924 1.0
158 58 1.0
158 64 1.0
158 171 1.0
158 372 1.0
158 378 1.0
158 448 1.0
158 522 1.0
158 575 1.0
158 750 1.0
158 760 1.0
158 768 1.0
159 95 1.0
159 154 1.0
159 236 1.0
159 830 1.0
159 870 1.0
159 906 1.0
159 930 1.0
160 41 1.0
160 94 1.0
160 105 1.0
160 184 1.0
160 246 1.0
160 471 1.0
160 501 1.0
160 587 1.0
160 591 1.0
160 611 1.0
160 734 1.0
160 752 1.0
160 787 1.0
160 803 1.0
161 80 1.0
161 164 1.0
161 226 1.0
161 415 1.0
161 559 1.0
161 690 1.0
161 694 1.0
161 815 1.0
161 852 1.0
162 3 1.0
162 156 1.0
162 212 1.0
162 239 1.0
162 406 1.0
162 416 1.0
162 490 1.0
162 820 1.0
162 846 1.0
162 965 1.0
163 87 1.0
163 95 1.0
163 307 1.0
163 466 1.0
163 662 1.0
163 705 1.0
164 30 1.0
164 64 1.0
164 292 1.0
164 327 1.0
164 621 1.0
164 805 1.0
164 886 1.0
164 968 1.0
164 987 1.0
164 996 1.0
164 999 1.0
165 163 1.0
165 230 1.0
165 237 1.0
165 347 1.0
165 413 1.0
165 428 1.0
165 499 1.0
165 528 1.0
165 592 1.0
165 686 1.0
165 955 1.0
166 63 1.0
166 229 1.0
166 369 1.0
166 410 1.0
166 647 1.0
166 816 1.0
166 912 1.0
167 142 1.0
167 169 1.0
167 297 1.0
167 363 1.0
167 384 1.0
167 645 1.0
167 734 1.0
168 40 1.0
168 138 1.0
168 676 1.0
168 771 1.0
168 956 1.0
169 253 1.0
169 517 1.0
169 614 1.0
169 666 1.0
169 671 1.0
169 763 1.0
170 158 1.0
170 264 1.0
170 402 1.0
170 452 1.0
170 520 1.0
170 537 1.0
170 546 1.0
170 628 1.0
170 891 1.0
170 920 1.0
171 71 1.0
171 126 1.0
171 210 1.0
171 467 1.0
172 134 1.0
172 695 1.0
173 59 1.0
173 231 1.0
173 237 1.0
173 339 1.0
173 381 1.0
173 497 1.0
173 536 1.0
173 592 1.0
173 634 1.0
173 827 1.0
173 897 1.0
174 42 1.0
174 72 1.0
174 121 1.0
174 163 1.0
174 172 1.0
174 218 1.0
174 223 1.0
174 227 1.0
174 327 1.0
174 419 1.0
174 567 1.0
174 592 1.0
174 799 1.0
174 827 1.0
174 862 1.0
175 121 1.0
175 333 1.0
175 527 1.0
175 553 1.0
175 641 1.0
175 677 1.0
175 785 1.0
175 986 1.0
176 27 1.0
176 392 1.0
176 731 1.0
176 805 1.0
177 135 1.0
177 146 1.0
177 179 1.0
177 240 1.0
177 620 1.0
177 649 1.0
177 866 1.0
177 883 1.0
178 27 1.0
178 298 1.0
178 432 1.0
178 670 1.0
178 905 1.0
179 165 1.0
179 216 1.0
179 687 1.0
179 773 1.0
180 31 1.0
180 88 1.0
180 222 1.0
180 232 1.0
180 235 1.0
180 272 1.0
180 274 1.0
180 471 1.0
180 546 1.0
180 549 1.0
180 887 1.0
181 89 1.0
181 191 1.0
181 322 1.0
181 340 1.0
181 388 1.0
181 405 1.0
181 416 1.0
181 432 1.0
181 643 1.0
181 666 1.0
181 701 1.0
181 775 1.0
181 842 1.0
181 851 1.0
181 885 1.0
182 27 1.0
182 33 1.0
182 112 1.0
182 175 1.0
182 186 1.0
182 237 1.0
182 268 1.0
182 581 1.0
182 584 1.0
182 617 1.0
182 828 1.0
182 841 1.0
182 888 1.0
183 67 1.0
183 89 1.0
183 267 1.0
183 420 1.0
183 561 1.0
183 709 1.0
183 862 1.0
184 18 1.0
184 114 1.0
184 186 1.0
184 193 1.0
184 281 1.0
184 425 1.0
184 567 1.0
184 704 1.0
184 977 1.0
185 6 1.0
185 32 1.0
185 164 1.0
185 268 1.0
185 418 1.0
185 492 1.0
185 926 1.0
185 947 1.0
186 410 1.0
186 531 1.0
186 814 1.0
186 954 1.0
186 982 1.0
187 125 1.0
187 245 1.0
187 289 1.0
187 406 1.0
187 429 1.0
187 606 1.0
187 679 1.0
187 842 1.0
188 17 1.0
188 43 1.0
188 380 1.0
188 409 1.0
188 507 1.0
188 609 1.0
188 795 1.0
188 829 1.0
189 104 1.0
189 177 1.0
189 251 1.0
189 308 1.0
189 330 1.0
189 424 1.0
189 460 1.0
189 554 1.0
189 782 1.0
190 124 1.0
190 233 1.0
190 277 1.0
190 296 1.0
190 431 1.0
190 505 1.0
190 533 1.0
190 600 1.0
190 779 1.0
191 18 1.0
191 72 1.0
191 107 1.0
191 220 1.0
191 431 1.0
191 593 1.0
191 765 1.0
191 791 1.0
192 150 1.0
192 226 1.0
192 837 1.0
192 884 1.0
193 93 1.0
193 115 1.0
193 120 1.0
193 187 1.0
193 229 1.0
193 252 1.0
193 387 1.0
193 507 1.0
193 698 1.0
193 704 1.0
193 811 1.0
193 852 1.0
193 916 1.0
193 935 1.0
194 147 1.0
194 169 1.0
194 563 1.0
194 614 1.0
194 742 1.0
194 976 1.0
195 296 1.0
195 477 1.0
195 648 1.0
195 876 1.0
196 80 1.0
196 218 1.0
196 337 1.0
196 976 1.0
197 159 1.0
197 196 1.0
197 280 1.0
197 341 1.0
197 486 1.0
197 550 1.0
197 718 1.0
197 820 1.0
197 832 1.0
197 853 1.0
197 888 1.0
197 890 1.0
197 924 1.0
198 132 1.0
198 293 1.0
198 316 1.0
198 363 1.0
198 422 1.0
198 731 1.0
199 24 1.0
199 206 1.0
199 257 1.0
199 437 1.0
199 460 1.0
199 648 1.0
199 739 1.0
199 870 1.0
199 963 1.0
200 176 1.0
200 223 1.0
200 237 1.0
200 313 1.0
200 416 1.0
200 531 1.0
200 534 1.0
200 795 1.0
200 943 1.0
201 84 1.0
201 113 1.0
201 324 1.0
201 432 1.0
202 118 1.0
202 230 1.0
202 350 1.0
202 679 1.0
202 793 1.0
202 872 1.0
202 922 1.0
202 928 1.0
203 287 1.0
203 358 1.0
203 447 1.0
203 991 1.0
204 27 1.0
204 143 1.0
204 325 1.0
204 371 1.0
204 405 1.0
204 713 1.0
204 714 1.0
204 743 1.0
204 801 1.0
204 907 1.0
205 257 1.0
205 303 1.0
205 912 1.0
205 966 1.0
206 44 1.0
206 137 1.0
206 139 1.0
206 147 1.0
206 248 1.0
206 281 1.0
206 328 1.0
206 632 1.0
206 664 1.0
206 862 1.0
207 29 1.0
207 222 1.0
207 945 1.0
208 128 1.0
208 185 1.0
208 297 1.0
208 375 1.0
208 380 1.0
208 395 1.0
208 443 1.0
208 605 1.0
208 806 1.0
208 853 1.0
209 411 1.0
209 518 1.0
209 734 1.0
209 874 1.0
209 949 1.0
210 102 1.0
210 198 1.0
210 219 1.0
210 270 1.0
210 279 1.0
210 366 1.0
210 474 1.0
210 560 1.0
210 608 1.0
210 673 1.0
210 723 1.0
211 316 1.0
211 507 1.0
211 789 1.0
211 802 1.0
211 944 1.0
212 206 1.0
212 286 1.0
212 651 1.0
212 659 1.0
212 697 1.0
212 760 1.0
212 778 1.0
212 846 1.0
213 52 1.0
213 366 1.0
213 464 1.0
213 740 1.0
213 772 1.0
213 884 1.0
213 933 1.0
214 102 1.0
214 106 1.0
214 240 1.0
214 259 1.0
214 604 1.0
214 779 1.0
214 902 1.0
214 918 1.0
215 93 1.0
215 180 1.0
215 212 1.0
215 674 1.0
215 842 1.0
215 898 1.0
215 963 1.0
216 175 1.0
216 422 1.0
216 812 1.0
216 869 1.0
216 929 1.0
217 107 1.0
217 624 1.0
217 902 1.0
217 935 1.0
218 530 1.0
218 569 1.0
218 634 1.0
218 707 1.0
218 919 1.0
218 927 1.0
219 38 1.0
219 49 1.0
219 175 1.0
219 183 1.0
219 589 1.0
219 824 1.0
219 979 1.0
220 134 1.0
220 217 1.0
220 616 1.0
220 665 1.0
220 820 1.0
220 824 1.0
220 930 1.0
221 61 1.0
221 126 1.0
221 501 1.0
221 567 1.0
221 578 1.0
221 706 1.0
221 724 1.0
221 784 1.0
221 804 1.0
221 896 1.0
222 42 1.0
222 47 1.0
222 583 1.0
222 769 1.0
223 4 1.0
223 747 1.0
223 793 1.0
223 864 1.0
223 926 1.0
224 111 1.0
224 312 1.0
224 410 1.0
224 545 1.0
224 580 1.0
224 658 1.0
224 706 1.0
224 714 1.0
224 739 1.0
224 816 1.0
224 852 1.0
224 908 1.0
224 936 1.0
225 565 1.0
225 590 1.0
225 822 1.0
226 31 1.0
226 75 1.0
226 219 1.0
226 336 1.0
226 663 1.0
226 759 1.0
226 851 1.0
226 926 1.0
227 12 1.0
227 95 1.0
227 313 1.0
227 427 1.0
227 502 1.0
227 674 1.0
227 711 1.0
227 782 1.0
227 801 1.0
227 907 1.0
227 942 1.0
227 977 1.0
228 166 1.0
228 388 1.0
228 640 1.0
228 797 1.0
228 831 1.0
228 882 1.0
229 147 1.0
229 220 1.0
229 286 1.0
229 374 1.0
229 524 1.0
229 532 1.0
229 675 1.0
229 680 1.0
229 802 1.0
229 840 1.0
229 846 1.0
229 885 1.0
229 897 1.0
229 906 1.0
229 975 1.0
230 8 1.0
230 173 1.0
230 245 1.0
230 347 1.0
230 356 1.0
230 408 1.0
230 413 1.0
230 560 1.0
230 767 1.0
230 790 1.0
231 22 1.0
231 104 1.0
231 246 1.0
231 511 1.0
231 803 1.0
232 84 1.0
232 95 1.0
232 100 1.0
232 105 1.0
232 138 1.0
232 336 1.0
232 357 1.0
232 374 1.0
232 601 1.0
232 794 1.0
232 839 1.0
232 898 1.0
233 67 1.0
233 76 1.0
233 450 1.0
233 481 1.0
233 486 1.0
233 675 1.0
233 752 1.0
233 780 1.0
234 279 1.0
234 328 1.0
234 424 1.0
234 492 1.0
234 662 1.0
234 810 1.0
234 928 1.0
235 48 1.0
235 97 1.0
235 188 1.0
235 677 1.0
235 699 1.0
235 786 1.0
235 951 1.0
236 4 1.0
236 68 1.0
236 152 1.0
236 293 1.0
236 303 1.0
236 364 1.0
236 454 1.0
236 490 1.0
236 638 1.0
236 645 1.0
237 20 1.0
237 122 1.0
237 134 1.0
237 161 1.0
237 416 1.0
237 417 1.0
237 611 1.0
237 690 1.0
237 760 1.0
237 797 1.0
237 832 1.0
238 188 1.0
238 224 1.0
238 282 1.0
238 849 1.0
238 932 1.0
239 9 1.0
239 119 1.0
239 301 1.0
239 875 1.0
240 14 1.0
240 17 1.0
240 22 1.0
240 114 1.0
240 229 1.0
240 352 1.0
240 387 1.0
240 520 1.0
240 536 1.0
240 586 1.0
240 661 1.0
240 758 1.0
240 768 1.0
241 185 1.0
241 518 1.0
241 599 1.0
241 648 1.0
241 899 1.0
241 990 1.0
242 50 1.0
242 59 1.0
242 109 1.0
242 146 1.0
242 183 1.0
242 247 1.0
242 359 1.0
242 482 1.0
242 554 1.0
242 594 1.0
242 694 1.0
242 696 1.0
242 782 1.0
242 788 1.0
242 971 1.0
243 23 1.0
243 201 1.0
243 245 1.0
243 247 1.0
243 307 1.0
243 451 1.0
243 607 1.0
243 725 1.0
243 731 1.0
243 786 1.0
243 830 1.0
243 900 1.0
244 79 1.0
244 81 1.0
244 213 1.0
244 343 1.0
244 369 1.0
244 460 1.0
244 475 1.0
244 553 1.0
244 589 1.0
244 642 1.0
244 673 1.0
244 744 1.0
244 770 1.0
244 884 1.0
244 886 1.0
244 938 1.0
245 323 1.0
245 336 1.0
245 348 1.0
245 380 1.0
245 444 1.0
245 726 1.0
245 761 1.0
245 892 1.0
246 12 1.0
246 33 1.0
246 162 1.0
246 227 1.0
246 241 1.0
246 278 1.0
246 367 1.0
246 538 1.0
246 663 1.0
246 721 1.0
246 787 1.0
246 908 1.0
247 15 1.0
247 47 1.0
247 152 1.0
247 232 1.0
247 381 1.0
247 488 1.0
247 501 1.0
247 827 1.0
247 900 1.0
248 253 1.0
248 378 1.0
248 482 1.0
248 530 1.0
248 665 1.0
248 795 1.0
248 940 1.0
249 132 1.0
249 337 1.0
249 345 1.0
249 362 1.0
249 509 1.0
249 850 1.0
250 95 1.0
250 101 1.0
250 116 1.0
250 634 1.0
250 795 1.0
250 952 1.0
250 999 1.0
251 123 1.0
251 281 1.0
251 287 1.0
251 306 1.0
251 346 1.0
251 420 1.0
251 426 1.0
251 469 1.0
251 641 1.0
251 681 1.0
252 190 1.0
252 196 1.0
252 251 1.0
252 280 1.0
252 302 1.0
252 450 1.0
252 690 1.0
252 733 1.0
252 815 1.0
252 937 1.0
253 333 1.0
253 561 1.0
253 565 1.0
253 568 1.0
253 615 1.0
253 651 1.0
253 726 1.0
253 763 1.0
253 812 1.0
254 11 1.0
254 209 1.0
254 460 1.0
254 549 1.0
254 656 1.0
254 882 1.0
254 887 1.0
255 4 1.0
255 136 1.0
255 463 1.0
255 553 1.0
255 610 1.0
255 675 1.0
255 894 1.0
255 945 1.0
256 156 1.0
256 237 1.0
256 312 1.0
256 361 1.0
256 413 1.0
256 596 1.0
256 751 1.0
257 351 1.0
257 501 1.0
257 584 1.0
257 615 1.0
257 631 1.0
257 661 1.0
257 776 1.0
257 858 1.0
258 72 1.0
258 447 1.0
258 535 1.0
258 588 1.0
258 626 1.0
258 744 1.0
259 187 1.0
259 310 1.0
259 467 1.0
259 551 1.0
259 675 1.0
260 53 1.0
260 78 1.0
260 115 1.0
260 251 1.0
260 581 1.0
260 769 1.0
260 849 1.0
261 106 1.0
261 124 1.0
261 232 1.0
261 253 1.0
261 271 1.0
261 309 1.0
261 516 1.0
261 544 1.0
261 653 1.0
261 760 1.0
261 811 1.0
261 859 1.0
261 892 1.0
261 916 1.0
262 54 1.0
262 130 1.0
262 154 1.0
262 209 1.0
262 216 1.0
262 275 1.0
262 322 1.0
262 414 1.0
262 683 1.0
262 743 1.0
262 985 1.0
263 102 1.0
263 146 1.0
263 332 1.0
263 532 1.0
263 542 1.0
263 724 1.0
264 338 1.0
264 384 1.0
264 489 1.0
264 502 1.0
264 562 1.0
264 619 1.0
264 645 1.0
264 669 1.0
264 713 1.0
264 759 1.0
264 880 1.0
264 970 1.0
265 87 1.0
265 646 1.0
265 876 1.0
266 37 1.0
266 55 1.0
266 288 1.0
266 415 1.0
266 454 1.0
266 504 1.0
266 509 1.0
266 589 1.0
266 728 1.0
266 760 1.0
266 887 1.0
267 5 1.0
267 40 1.0
267 44 1.0
267 61 1.0
267 216 1.0
267 276 1.0
267 405 1.0
267 763 1.0
268 27 1.0
268 181 1.0
268 217 1.0
268 218 1.0
268 227 1.0
268 350 1.0
268 413 1.0
268 463 1.0
268 493 1.0
268 516 1.0
268 535 1.0
268 616 1.0
268 662 1.0
269 71 1.0
269 116 1.0
269 169 1.0
269 217 1.0
269 218 1.0
269 292 1.0
269 403 1.0
269 491 1.0
269 495 1.0
269 595 1.0
269 761 1.0
270 41 1.0
270 145 1.0
270 240 1.0
270 553 1.0
270 577 1.0
270 588 1.0
270 623 1.0
270 718 1.0
270 860 1.0
271 187 1.0
271 195 1.0
271 196 1.0
271 436 1.0
271 708 1.0
271 855 1.0
272 16 1.0
272 164 1.0
272 293 1.0
272 373 1.0
272 573 1.0
272 590 1.0
272 600 1.0
272 742 1.0
272 749 1.0
272 792 1.0
272 942 1.0
273 167 1.0
273 228 1.0
273 276 1.0
273 315 1.0
273 612 1.0
273 635 1.0
273 755 1.0
273 881 1.0
274 53 1.0
274 82 1.0
274 99 1.0
274 139 1.0
274 170 1.0
274 312 1.0
274 315 1.0
274 375 1.0
274 450 1.0
274 833 1.0
274 900 1.0
274 985 1.0
275 28 1.0
275 150 1.0
275 200 1.0
275 241 1.0
275 326 1.0
275 456 1.0
275 582 1.0
275 589 1.0
275 623 1.0
275 625 1.0
275 724 1.0
275 777 1.0
275 812 1.0
275 982 1.0
275 994 1.0
276 39 1.0
276 255 1.0
276 293 1.0
276 306 1.0
276 335 1.0
276 364 1.0
276 470 1.0
276 472 1.0
276 556 1.0
276 634 1.0
276 951 1.0
276 957 1.0
277 207 1.0
277 267 1.0
277 353 1.0
277 452 1.0
277 599 1.0
277 618 1.0
277 642 1.0
277 764 1.0
277 780 1.0
277 805 1.0
278 64 1.0
278 373 1.0
278 434 1.0
278 731 1.0
278 802 1.0
278 902 1.0
278 932 1.0
278 961 1.0
279 46 1.0
279 189 1.0
279 236 1.0
279 764 1.0
280 79 1.0
280 114 1.0
280 232 1.0
280 255 1.0
280 536 1.0
280 559 1.0
280 562 1.0
280 622 1.0
280 658 1.0
280 899 1.0
281 65 1.0
281 192 1.0
281 287 1.0
281 303 1.0
281 451 1.0
281 461 1.0
281 573 1.0
281 590 1.0
281 674 1.0
281 682 1.0
281 817 1.0
281 822 1.0
281 850 1.0
281 961 1.0
282 21 1.0
282 148 1.0
282 196 1.0
282 350 1.0
282 378 1.0
283 76 1.0
283 88 1.0
283 162 1.0
283 213 1.0
283 225 1.0
283 292 1.0
283 449 1.0
283 466 1.0
283 504 1.0
283 517 1.0
283 995 1.0
284 230 1.0
284 407 1.0
284 564 1.0
284 575 1.0
284 852 1.0
284 919 1.0
285 92 1.0
285 196 1.0
285 439 1.0
285 512 1.0
285 709 1.0
285 808 1.0
285 825 1.0
286 41 1.0
286 44 1.0
286 159 1.0
286 514 1.0
287 1 1.0
287 350 1.0
287 390 1.0
287 668 1.0
287 698 1.0
287 934 1.0
287 981 1.0
288 42 1.0
288 72 1.0
288 136 1.0
288 155 1.0
288 303 1.0
288 353 1.0
288 683 1.0
288 847 1.0
290 102 1.0
290 277 1.0
290 385 1.0
290 390 1.0
290 849 1.0
290 933 1.0
291 61 1.0
291 84 1.0
291 314 1.0
291 515 1.0
291 866 1.0
291 895 1.0
292 2 1.0
292 56 1.0
292 467 1.0
292 573 1.0
292 764 1.0
292 815 1.0
293 59 1.0
293 459 1.0
293 468 1.0
293 564 1.0
293 659 1.0
293 752 1.0
293 913 1.0
293 916 1.0
293 941 1.0
294 167 1.0
294 373 1.0
294 454 1.0
294 474 1.0
294 537 1.0
294 665 1.0
294 875 1.0
295 63 1.0
295 144 1.0
295 390 1.0
295 590 1.0
295 598 1.0
295 724 1.0
295 779 1.0
296 113 1.0
296 161 1.0
296 248 1.0
296 304 1.0
296 351 1.0
296 444 1.0
296 462 1.0
296 663 1.0
296 676 1.0
296 714 1.0
296 832 1.0
296 981 1.0
297 21 1.0
297 35 1.0
297 85 1.0
297 103 1.0
297 211 1.0
297 400 1.0
297 457 1.0
297 694 1.0
297 744 1.0
297 786 1.0
297 817 1.0
297 835 1.0
297 862 1.0
298 25 1.0
298 139 1.0
298 222 1.0
298 368 1.0
298 610 1.0
298 652 1.0
298 753 1.0
298 861 1.0
298 873 1.0
299 226 1.0
299 423 1.0
299 613 1.0
299 701 1.0
300 95 1.0
300 213 1.0
300 221 1.0
300 317 1.0
300 345 1.0
300 445 1.0
300 576 1.0
300 769 1.0
300 796 1.0
301 90 1.0
301 92 1.0
301 159 1.0
301 551 1.0
301 580 1.0
301 665 1.0
301 676 1.0
302 81 1.0
302 322 1.0
302 359 1.0
302 777 1.0
302 816 1.0
303 121 1.0
303 343 1.0
303 538 1.0
303 893 1.0
304 37 1.0
304 57 1.0
304 70 1.0
304 157 1.0
304 205 1.0
304 315 1.0
304 736 1.0
304 950 1.0
305 110 1.0
305 295 1.0
305 378 1.0
305 398 1.0
305 418 1.0
305 427 1.0
305 488 1.0
305 508 1.0
305 519 1.0
305 544 1.0
305 567 1.0
305 644 1.0
305 732 1.0
305 741 1.0
305 810 1.0
306 5 1.0
306 390 1.0
306 481 1.0
306 530 1.0
306 546 1.0
306 736 1.0
306 904 1.0
306 908 1.0
306 921 1.0
306 939 1.0
307 43 1.0
307 113 1.0
307 124 1.0
307 209 1.0
307 236 1.0
307 283 1.0
307 365 1.0
307 454 1.0
307 479 1.0
307 553 1.0
307 849 1.0
307 951 1.0
307 983 1.0
308 48 1.0
308 157 1.0
308 181 1.0
308 255 1.0
308 648 1.0
308 649 1.0
308 789 1.0
308 820 1.0
308 879 1.0
309 60 1.0
309 252 1.0
309 267 1.0
309 350 1.0
309 419 1.0
309 776 1.0
309 955 1.0
310 1 1.0
310 339 1.0
310 454 1.0
310 530 1.0
310 537 1.0
310 543 1.0
310 774 1.0
310 822 1.0
310 830 1.0
310 892 1.0
310 917 1.0
310 938 1.0
311 102 1.0
311 267 1.0
311 344 1.0
311 369 1.0
311 425 1.0
311 727 1.0
311 748 1.0
311 751 1.0
312 31 1.0
312 248 1.0
312 345 1.0
312 397 1.0
312 421 1.0
312 563 1.0
312 675 1.0
312 692 1.0
312 819 1.0
312 880 1.0
312 902 1.0
312 955 1.0
312 960 1.0
313 11 1.0
313 50 1.0
313 299 1.0
313 408 1.0
313 535 1.0
313 718 1.0
313 739 1.0
313 742 1.0
313 928 1.0
314 14 1.0
314 458 1.0
314 525 1.0
314 721 1.0
314 802 1.0
314 959 1.0
315 65 1.0
315 191 1.0
315 199 1.0
315 242 1.0
315 253 1.0
315 320 1.0
315 543 1.0
315 707 1.0
315 786 1.0
315 826 1.0
315 858 1.0
316 40 1.0
316 382 1.0
316 420 1.0
316 719 1.0
316 839 1.0
316 878 1.0
316 923 1.0
317 120 1.0
317 576 1.0
317 691 1.0
318 87 1.0
318 239 1.0
318 364 1.0
318 591 1.0
318 593 1.0
318 756 1.0
318 848 1.0
319 70 1.0
319 154 1.0
319 228 1.0
319 275 1.0
319 301 1.0
319 307 1.0
319 357 1.0
319 374 1.0
319 385 1.0
319 424 1.0
319 642 1.0
319 746 1.0
319 758 1.0
319 792 1.0
319 888 1.0
319 896 1.0
319 909 1.0
320 132 1.0
320 166 1.0
320 171 1.0
320 246 1.0
320 405 1.0
320 552 1.0
321 328 1.0
321 383 1.0
321 404 1.0
321 465 1.0
321 581 1.0
321 743 1.0
321 776 1.0
321 919 1.0
321 957 1.0
321 983 1.0
321 984 1.0
321 994 1.0
322 41 1.0
322 374 1.0
322 468 1.0
322 537 1.0
322 579 1.0
322 642 1.0
322 693 1.0
322 709 1.0
322 749 1.0
322 784 1.0
322 840 1.0
322 881 1.0
322 896 1.0
322 997 1.0
323 97 1.0
323 116 1.0
323 171 1.0
323 248 1.0
323 451 1.0
323 455 1.0
323 657 1.0
323 705 1.0
323 891 1.0
324 104 1.0
324 142 1.0
324 153 1.0
324 259 1.0
324 261 1.0
324 488 1.0
324 753 1.0
324 789 1.0
325 119 1.0
325 152 1.0
325 186 1.0
325 229 1.0
325 327 1.0
325 605 1.0
325 610 1.0
326 127 1.0
326 194 1.0
326 202 1.0
326 581 1.0
326 715 1.0
327 12 1.0
327 124 1.0
327 160 1.0
327 215 1.0
327 260 1.0
327 315 1.0
327 320 1.0
327 440 1.0
327 497 1.0
327 982 1.0
327 991 1.0
328 213 1.0
328 381 1.0
328 424 1.0
328 485 1.0
328 486 1.0
328 493 1.0
328 499 1.0
328 532 1.0
328 587 1.0
328 654 1.0
328 769 1.0
328 831 1.0
328 934 1.0
329 219 1.0
329 253 1.0
329 417 1.0
329 425 1.0
329 472 1.0
329 499 1.0
330 42 1.0
330 167 1.0
330 372 1.0
330 420 1.0
330 496 1.0
330 595 1.0
330 631 1.0
330 664 1.0
330 734 1.0
330 798 1.0
330 863 1.0
331 146 1.0
331 457 1.0
331 542 1.0
331 606 1.0
331 628 1.0
331 839 1.0
331 850 1.0
332 14 1.0
332 110 1.0
332 143 1.0
332 282 1.0
332 323 1.0
332 353 1.0
332 447 1.0
332 615 1.0
332 739 1.0
332 774 1.0
332 780 1.0
332 828 1.0
332 873 1.0
333 20 1.0
333 548 1.0
333 572 1.0
333 710 1.0
333 941 1.0
333 978 1.0
334 85 1.0
334 294 1.0
334 369 1.0
334 370 1.0
334 434 1.0
334 542 1.0
334 566 1.0
334 708 1.0
334 721 1.0
334 822 1.0
335 147 1.0
335 257 1.0
335 338 1.0
335 389 1.0
335 492 1.0
335 546 1.0
335 615 1.0
335 621 1.0
336 91 1.0
336 196 1.0
336 640 1.0
336 679 1.0
336 712 1.0
337 174 1.0
337 218 1.0
337 234 1.0
337 268 1.0
337 707 1.0
337 875 1.0
338 138 1.0
338 232 1.0
338 396 1.0
338 402 1.0
338 425 1.0
338 605 1.0
338 817 1.0
339 53 1.0
339 60 1.0
339 95 1.0
339 247 1.0
339 338 1.0
339 502 1.0
339 645 1.0
339 658 1.0
339 676 1.0
340 7 1.0
340 43 1.0
340 122 1.0
340 165 1.0
340 348 1.0
340 384 1.0
340 526 1.0
340 530 1.0
340 757 1.0
340 792 1.0
341 303 1.0
341 451 1.0
341 639 1.0
341 745 1.0
341 822 1.0
341 842 1.0
342 190 1.0
342 198 1.0
342 333 1.0
342 388 1.0
342 393 1.0
342 554 1.0
342 587 1.0
342 589 1.0
342 609 1.0
342 615 1.0
342 735 1.0
342 744 1.0
342 804 1.0
342 899 1.0
342 923 1.0
343 8 1.0
343 228 1.0
343 233 1.0
343 449 1.0
343 481 1.0
343 656 1.0
343 836 1.0
343 847 1.0
344 36 1.0
344 120 1.0
344 144 1.0
344 307 1.0
344 405 1.0
344 428 1.0
344 532 1.0
344 621 1.0
344 638 1.0
344 900 1.0
345 1 1.0
345 53 1.0
345 73 1.0
345 317 1.0
345 342 1.0
345 379 1.0
345 422 1.0
345 498 1.0
345 504 1.0
345 511 1.0
345 703 1.0
346 28 1.0
346 141 1.0
346 388 1.0
346 410 1.0
346 524 1.0
346 886 1.0
347 10 1.0
347 11 1.0
347 18 1.0
347 132 1.0
347 179 1.0
347 476 1.0
347 863 1.0
347 970 1.0
347 997 1.0
348 64 1.0
348 330 1.0
348 514 1.0
349 114 1.0
349 307 1.0
349 387 1.0
349 431 1.0
349 613 1.0
349 657 1.0
349 725 1.0
349 891 1.0
350 137 1.0
350 199 1.0
350 222 1.0
350 518 1.0
350 590 1.0
350 614 1.0
350 625 1.0
350 850 1.0
350 922 1.0
351 42 1.0
351 321 1.0
351 364 1.0
351 471 1.0
351 549 1.0
351 567 1.0
351 711 1.0
351 750 1.0
351 763 1.0
351 773 1.0
351 793 1.0
351 800 1.0
351 857 1.0
351 961 1.0
352 83 1.0
352 166 1.0
352 187 1.0
352 197 1.0
352 323 1.0
352 419 1.0
352 708 1.0
352 744 1.0
352 756 1.0
352 788 1.0
352 804 1.0
352 916 1.0
352 964 1.0
353 262 1.0
353 374 1.0
353 395 1.0
353 476 1.0
353 528 1.0
353 572 1.0
353 642 1.0
354 111 1.0
354 123 1.0
354 153 1.0
354 178 1.0
354 226 1.0
354 296 1.0
354 453 1.0
354 560 1.0
354 710 1.0
354 769 1.0
354 904 1.0
355 63 1.0
355 233 1.0
355 293 1.0
355 429 1.0
355 437 1.0
355 537 1.0
355 565 1.0
355 743 1.0
355 854 1.0
355 895 1.0
356 25 1.0
356 327 1.0
356 791 1.0
356 822 1.0
356 915 1.0
356 954 1.0
357 73 1.0
357 99 1.0
357 188 1.0
357 215 1.0
357 237 1.0
357 445 1.0
357 467 1.0
357 505 1.0
357 609 1.0
357 626 1.0
357 821 1.0
358 0 1.0
358 250 1.0
358 417 1.0
358 431 1.0
358 491 1.0
358 638 1.0
358 647 1.0
358 659 1.0
358 675 1.0
358 732 1.0
358 919 1.0
359 148 1.0
359 233 1.0
359 806 1.0
359 895 1.0
360 761 1.0
360 914 1.0
361 114 1.0
361 118 1.0
361 223 1.0
361 332 1.0
361 386 1.0
361 432 1.0
361 437 1.0
361 573 1.0
361 703 1.0
361 798 1.0
361 887 1.0
361 967 1.0
362 81 1.0
362 85 1.0
362 205 1.0
362 398 1.0
362 492 1.0
362 524 1.0
362 598 1.0
362 771 1.0
362 840 1.0
362 908 1.0
362 940 1.0
362 969 1.0
363 9 1.0
363 90 1.0
363 107 1.0
363 142 1.0
363 240 1.0
363 252 1.0
363 264 1.0
363 501 1.0
363 622 1.0
363 722 1.0
363 781 1.0
363 900 1.0
364 49 1.0
364 52 1.0
364 379 1.0
364 536 1.0
364 550 1.0
364 588 1.0
364 728 1.0
364 754 1.0
364 825 1.0
364 990 1.0
365 21 1.0
365 28 1.0
365 220 1.0
365 344 1.0
365 444 1.0
365 478 1.0
365 535 1.0
365 626 1.0
365 677 1.0
365 712 1.0
365 814 1.0
365 902 1.0
366 34 1.0
366 37 1.0
366 169 1.0
366 249 1.0
366 325 1.0
366 345 1.0
366 434 1.0
366 436 1.0
366 689 1.0
366 730 1.0
366 741 1.0
366 860 1.0
367 18 1.0
367 274 1.0
367 416 1.0
367 545 1.0
367 802 1.0
367 832 1.0
367 911 1.0
368 0 1.0
368 102 1.0
368 129 1.0
368 295 1.0
368 322 1.0
368 444 1.0
368 640 1.0
368 740 1.0
368 911 1.0
369 171 1.0
369 173 1.0
369 178 1.0
369 216 1.0
369 264 1.0
369 305 1.0
369 312 1.0
369 442 1.0
369 513 1.0
369 548 1.0
369 635 1.0
369 699 1.0
369 736 1.0
369 741 1.0
369 769 1.0
369 850 1.0
369 872 1.0
370 235 1.0
370 276 1.0
370 833 1.0
371 30 1.0
371 181 1.0
371 218 1.0
371 254 1.0
371 296 1.0
371 332 1.0
371 387 1.0
371 464 1.0
371 473 1.0
371 540 1.0
371 654 1.0
371 662 1.0
371 816 1.0
371 861 1.0
371 959 1.0
372 5 1.0
372 92 1.0
372 216 1.0
372 664 1.0
372 745 1.0
372 814 1.0
373 183 1.0
373 366 1.0
373 477 1.0
373 484 1.0
373 514 1.0
373 683 1.0
373 689 1.0
373 756 1.0
373 772 1.0
373 788 1.0
373 839 1.0
373 863 1.0
373 891 1.0
374 172 1.0
374 235 1.0
374 335 1.0
374 408 1.0
374 471 1.0
374 641 1.0
374 648 1.0
374 699 1.0
374 850 1.0
375 90 1.0
375 124 1.0
375 244 1.0
375 363 1.0
375 472 1.0
375 667 1.0
375 742 1.0
375 779 1.0
375 812 1.0
375 930 1.0
376 42 1.0
376 185 1.0
376 196 1.0
376 283 1.0
376 390 1.0
376 510 1.0
376 726 1.0
376 745 1.0
377 113 1.0
377 122 1.0
377 278 1.0
377 838 1.0
377 955 1.0
378 30 1.0
378 91 1.0
378 206 1.0
378 218 1.0
378 443 1.0
378 545 1.0
378 560 1.0
378 709 1.0
378 765 1.0
378 783 1.0
378 788 1.0
378 914 1.0
379 65 1.0
379 537 1.0
379 538 1.0
379 754 1.0
379 767 1.0
380 44 1.0
380 140 1.0
380 150 1.0
380 165 1.0
380 212 1.0
380 250 1.0
380 350 1.0
380 548 1.0
380 569 1.0
380 572 1.0
380 910 1.0
380 927 1.0
381 30 1.0
381 173 1.0
381 241 1.0
381 311 1.0
381 449 1.0
381 637 1.0
381 882 1.0
382 69 1.0
382 243 1.0
382 347 1.0
382 606 1.0
382 657 1.0
383 138 1.0
383 150 1.0
383 179 1.0
383 267 1.0
383 365 1.0
384 29 1.0
384 46 1.0
384 255 1.0
384 333 1.0
384 438 1.0
384 607 1.0
384 654 1.0
384 661 1.0
384 875 1.0
384 942 1.0
385 109 1.0
385 284 1.0
385 315 1.0
385 336 1.0
385 476 1.0
385 574 1.0
385 591 1.0
385 775 1.0
385 865 1.0
385 885 1.0
385 937 1.0
385 941 1.0
386 14 1.0
386 81 1.0
386 121 1.0
386 281 1.0
386 552 1.0
386 625 1.0
386 657 1.0
386 774 1.0
386 827 1.0
387 320 1.0
387 435 1.0
387 438 1.0
387 481 1.0
387 486 1.0
387 703 1.0
387 711 1.0
387 881 1.0
387 962 1.0
388 199 1.0
388 247 1.0
388 539 1.0
388 621 1.0
388 633 1.0
388 643 1.0
389 36 1.0
389 212 1.0
389 363 1.0
389 512 1.0
389 517 1.0
389 569 1.0
389 572 1.0
389 635 1.0
389 772 1.0
389 889 1.0
390 65 1.0
390 172 1.0
390 227 1.0
390 260 1.0
390 422 1.0
390 448 1.0
390 482 1.0
390 725 1.0
390 799 1.0
390 830 1.0
390 895 1.0
390 947 1.0
391 142 1.0
391 184 1.0
391 277 1.0
391 530 1.0
391 543 1.0
391 659 1.0
391 692 1.0
391 886 1.0
391 894 1.0
392 60 1.0
392 186 1.0
392 218 1.0
392 373 1.0
392 655 1.0
392 698 1.0
392 716 1.0
392 732 1.0
392 794 1.0
392 865 1.0
392 882 1.0
393 19 1.0
393 235 1.0
393 254 1.0
393 260 1.0
393 360 1.0
393 399 1.0
393 422 1.0
393 559 1.0
393 642 1.0
393 767 1.0
393 957 1.0
394 356 1.0
394 362 1.0
394 665 1.0
394 755 1.0
394 816 1.0
394 890 1.0
395 203 1.0
395 278 1.0
395 446 1.0
395 518 1.0
395 703 1.0
395 779 1.0
395 885 1.0
395 958 1.0
396 57 1.0
396 60 1.0
396 61 1.0
396 115 1.0
396 246 1.0
396 470 1.0
396 485 1.0
396 496 1.0
396 831 1.0
396 857 1.0
397 21 1.0
397 45 1.0
397 322 1.0
397 656 1.0
397 684 1.0
397 733 1.0
398 18 1.0
398 28 1.0
398 60 1.0
398 191 1.0
398 320 1.0
398 432 1.0
398 735 1.0
398 786 1.0
398 869 1.0
398 903 1.0
398 916 1.0
398 923 1.0
399 173 1.0
399 335 1.0
399 414 1.0
399 485 1.0
399 767 1.0
400 101 1.0
400 104 1.0
400 184 1.0
400 285 1.0
400 347 1.0
400 403 1.0
400 740 1.0
400 747 1.0
400 828 1.0
401 90 1.0
401 106 1.0
401 353 1.0
401 520 1.0
402 38 1.0
402 59 1.0
402 194 1.0
402 238 1.0
402 280 1.0
402 284 1.0
402 293 1.0
402 391 1.0
402 587 1.0
402 592 1.0
402 660 1.0
402 950 1.0
403 11 1.0
403 148 1.0
403 174 1.0
403 275 1.0
403 437 1.0
403 490 1.0
403 591 1.0
403 640 1.0
403 761 1.0
403 928 1.0
404 54 1.0
404 76 1.0
404 227 1.0
404 434 1.0
404 456 1.0
405 72 1.0
405 119 1.0
405 285 1.0
405 308 1.0
405 315 1.0
405 444 1.0
405 489 1.0
405 518 1.0
405 637 1.0
405 745 1.0
405 862 1.0
406 10 1.0
406 113 1.0
406 352 1.0
406 378 1.0
406 510 1.0
406 787 1.0
406 799 1.0
406 881 1.0
407 175 1.0
407 345 1.0
407 680 1.0
407 820 1.0
408 116 1.0
408 140 1.0
408 297 1.0
408 352 1.0
408 377 1.0
408 566 1.0
408 577 1.0
408 684 1.0
408 757 1.0
408 856 1.0
408 865 1.0
409 102 1.0
409 282 1.0
409 368 1.0
409 462 1.0
409 576 1.0
409 810 1.0
409 877 1.0
409 965 1.0
410 51 1.0
410 102 1.0
410 135 1.0
410 217 1.0
410 252 1.0
410 254 1.0
410 256 1.0
410 602 1.0
410 638 1.0
410 780 1.0
410 834 1.0
410 931 1.0
411 0 1.0
411 573 1.0
411 775 1.0
411 836 1.0
412 30 1.0
412 135 1.0
412 144 1.0
412 239 1.0
412 321 1.0
412 465 1.0
412 500 1.0
412 778 1.0
413 22 1.0
413 100 1.0
413 140 1.0
413 177 1.0
413 318 1.0
413 620 1.0
413 800 1.0
414 683 1.0
414 720 1.0
414 730 1.0
414 964 1.0
415 3 1.0
415 25 1.0
415 234 1.0
415 484 1.0
415 602 1.0
415 722 1.0
415 805 1.0
415 818 1.0
416 41 1.0
416 263 1.0
416 304 1.0
416 329 1.0
416 519 1.0
416 570 1.0
416 578 1.0
416 713 1.0
416 915 1.0
417 122 1.0
417 259 1.0
417 261 1.0
417 412 1.0
417 731 1.0
417 814 1.0
417 839 1.0
418 80 1.0
418 286 1.0
418 359 1.0
418 577 1.0
418 595 1.0
418 696 1.0
419 135 1.0
419 324 1.0
419 556 1.0
419 569 1.0
419 979 1.0
420 57 1.0
420 92 1.0
420 257 1.0
420 278 1.0
420 319 1.0
420 422 1.0
420 423 1.0
420 448 1.0
420 498 1.0
420 706 1.0
420 707 1.0
420 968 1.0
421 214 1.0
421 406 1.0
421 521 1.0
421 541 1.0
421 698 1.0
421 861 1.0
422 17 1.0
422 166 1.0
422 167 1.0
422 451 1.0
422 765 1.0
422 941 1.0
423 57 1.0
423 136 1.0
423 181 1.0
423 345 1.0
423 427 1.0
423 621 1.0
423 731 1.0
424 39 1.0
424 52 1.0
424 224 1.0
424 839 1.0
424 871 1.0
425 139 1.0
425 213 1.0
425 222 1.0
425 385 1.0
425 501 1.0
425 709 1.0
425 712 1.0
425 762 1.0
425 846 1.0
425 983 1.0
426 79 1.0
426 262 1.0
426 344 1.0
426 454 1.0
426 498 1.0
426 766 1.0
426 770 1.0
426 952 1.0
427 11 1.0
427 23 1.0
427 126 1.0
427 223 1.0
427 290 1.0
427 325 1.0
427 438 1.0
427 447 1.0
427 546 1.0
427 636 1.0
427 807 1.0
427 871 1.0
427 911 1.0
428 82 1.0
428 341 1.0
428 353 1.0
428 400 1.0
428 413 1.0
428 454 1.0
428 482 1.0
428 509 1.0
428 762 1.0
428 869 1.0
428 890 1.0
429 118 1.0
429 273 1.0
429 275 1.0
429 401 1.0
429 421 1.0
429 459 1.0
429 742 1.0
429 750 1.0
429 756 1.0
429 884 1.0
429 939 1.0
429 970 1.0
430 2 1.0
430 43 1.0
430 167 1.0
430 509 1.0
430 786 1.0
430 822 1.0
430 852 1.0
430 867 1.0
431 102 1.0
431 185 1.0
431 198 1.0
431 227 1.0
431 250 1.0
431 521 1.0
431 540 1.0
431 555 1.0
431 639 1.0
431 817 1.0
431 892 1.0
432 350 1.0
432 955 1.0
433 98 1.0
433 117 1.0
433 341 1.0
433 639 1.0
433 724 1.0
434 153 1.0
434 169 1.0
434 309 1.0
434 327 1.0
434 388 1.0
434 606 1.0
434 744 1.0
435 25 1.0
435 332 1.0
435 397 1.0
435 416 1.0
435 456 1.0
435 569 1.0
435 831 1.0
436 43 1.0
436 111 1.0
436 370 1.0
436 387 1.0
436 408 1.0
436 473 1.0
436 531 1.0
436 722 1.0
436 733 1.0
436 737 1.0
436 836 1.0
436 838 1.0
436 981 1.0
437 281 1.0
437 320 1.0
437 351 1.0
437 489 1.0
437 636 1.0
437 669 1.0
437 784 1.0
437 829 1.0
437 855 1.0
437 857 1.0
437 906 1.0
438 235 1.0
438 238 1.0
438 313 1.0
438 483 1.0
438 641 1.0
438 721 1.0
438 748 1.0
438 856 1.0
438 865 1.0
439 290 1.0
439 503 1.0
439 641 1.0
439 693 1.0
439 739 1.0
439 877 1.0
440 138 1.0
440 400 1.0
440 430 1.0
440 582 1.0
440 671 1.0
440 709 1.0
441 47 1.0
441 55 1.0
441 95 1.0
441 254 1.0
441 770 1.0
442 175 1.0
442 201 1.0
442 254 1.0
442 367 1.0
442 448 1.0
442 635 1.0
442 777 1.0
442 887 1.0
443 167 1.0
443 263 1.0
443 303 1.0
443 385 1.0
443 661 1.0
443 760 1.0
443 813 1.0
444 131 1.0
444 211 1.0
444 292 1.0
444 572 1.0
445 66 1.0
445 557 1.0
446 141 1.0
446 165 1.0
446 516 1.0
446 626 1.0
446 816 1.0
447 254 1.0
447 264 1.0
447 358 1.0
447 408 1.0
447 429 1.0
447 545 1.0
447 574 1.0
447 613 1.0
447 668 1.0
447 738 1.0
447 837 1.0
447 856 1.0
448 3 1.0
448 73 1.0
448 377 1.0
448 406 1.0
448 878 1.0
449 170 1.0
449 227 1.0
449 238 1.0
449 396 1.0
449 419 1.0
449 450 1.0
449 486 1.0
449 553 1.0
449 604 1.0
449 683 1.0
449 737 1.0
450 11 1.0
450 188 1.0
450 235 1.0
450 283 1.0
450 306 1.0
450 414 1.0
450 442 1.0
450 485 1.0
450 589 1.0
450 609 1.0
450 674 1.0
450 724 1.0
450 733 1.0
450 927 1.0
451 322 1.0
451 348 1.0
451 418 1.0
451 558 1.0
451 580 1.0
451 753 1.0
451 862 1.0
452 31 1.0
452 42 1.0
452 259 1.0
452 310 1.0
452 311 1.0
452 331 1.0
452 386 1.0
452 482 1.0
452 515 1.0
452 529 1.0
452 741 1.0
452 760 1.0
453 3 1.0
453 42 1.0
453 170 1.0
453 346 1.0
453 376 1.0
453 460 1.0
453 462 1.0
453 588 1.0
453 605 1.0
453 762 1.0
453 818 1.0
454 45 1.0
454 109 1.0
454 342 1.0
454 531 1.0
454 640 1.0
454 650 1.0
454 793 1.0
454 874 1.0
455 69 1.0
455 168 1.0
455 423 1.0
455 434 1.0
455 466 1.0
455 599 1.0
455 618 1.0
455 678 1.0
455 680 1.0
455 902 1.0
455 998 1.0
456 35 1.0
456 72 1.0
456 176 1.0
456 183 1.0
456 187 1.0
456 274 1.0
456 515 1.0
456 517 1.0
456 575 1.0
456 629 1.0
456 761 1.0
456 764 1.0
456 857 1.0
456 903 1.0
456 992 1.0
457 0 1.0
457 96 1.0
457 261 1.0
457 343 1.0
457 602 1.0
457 734 1.0
457 754 1.0
457 798 1.0
457 824 1.0
458 79 1.0
458 433 1.0
458 673 1.0
458 681 1.0
459 96 1.0
459 288 1.0
459 376 1.0
459 644 1.0
459 646 1.0
459 726 1.0
459 743 1.0
459 810 1.0
459 852 1.0
459 922 1.0
460 104 1.0
460 161 1.0
460 203 1.0
460 300 1.0
460 366 1.0
460 397 1.0
460 425 1.0
460 458 1.0
460 573 1.0
460 882 1.0
461 109 1.0
461 140 1.0
461 472 1.0
461 484 1.0
461 514 1.0
461 693 1.0
461 810 1.0
461 882 1.0
461 955 1.0
462 225 1.0
462 235 1.0
462 316 1.0
462 377 1.0
462 555 1.0
462 556 1.0
462 640 1.0
462 642 1.0
462 648 1.0
462 743 1.0
462 829 1.0
463 26 1.0
463 131 1.0
463 147 1.0
463 787 1.0
464 49 1.0
464 61 1.0
464 142 1.0
464 364 1.0
464 441 1.0
464 572 1.0
464 587 1.0
464 594 1.0
464 667 1.0
464 880 1.0
465 72 1.0
465 174 1.0
465 425 1.0
465 539 1.0
465 771 1.0
465 870 1.0
466 233 1.0
466 311 1.0
466 389 1.0
466 430 1.0
466 787 1.0
466 986 1.0
467 21 1.0
467 215 1.0
467 312 1.0
467 403 1.0
467 745 1.0
467 764 1.0
467 828 1.0
467 838 1.0
468 96 1.0
468 205 1.0
468 232 1.0
468 262 1.0
468 417 1.0
468 421 1.0
468 503 1.0
468 632 1.0
468 805 1.0
469 124 1.0
469 126 1.0
469 232 1.0
469 276 1.0
469 400 1.0
469 655 1.0
469 721 1.0
469 798 1.0
470 55 1.0
470 77 1.0
470 155 1.0
470 162 1.0
470 297 1.0
470 315 1.0
470 564 1.0
470 613 1.0
470 675 1.0
470 824 1.0
471 186 1.0
471 388 1.0
471 448 1.0
471 505 1.0
471 611 1.0
472 166 1.0
472 197 1.0
472 253 1.0
472 259 1.0
472 348 1.0
472 470 1.0
472 518 1.0
472 545 1.0
472 583 1.0
472 604 1.0
472 606 1.0
472 622 1.0
472 647 1.0
472 753 1.0
472 828 1.0
472 937 1.0
472 957 1.0
473 20 1.0
473 136 1.0
473 169 1.0
473 405 1.0
473 519 1.0
473 572 1.0
473 651 1.0
473 660 1.0
473 669 1.0
473 849 1.0
474 104 1.0
474 138 1.0
474 332 1.0
474 414 1.0
474 550 1.0
474 644 1.0
474 719 1.0
474 722 1.0
474 898 1.0
474 930 1.0
475 186 1.0
475 191 1.0
475 509 1.0
475 743 1.0
475 753 1.0
475 756 1.0
476 52 1.0
476 180 1.0
476 331 1.0
476 439 1.0
476 567 1.0
476 686 1.0
477 95 1.0
477 114 1.0
477 137 1.0
477 367 1.0
477 550 1.0
477 769 1.0
477 980 1.0
478 25 1.0
478 60 1.0
478 97 1.0
478 122 1.0
478 251 1.0
478 311 1.0
478 566 1.0
478 728 1.0
478 750 1.0
478 787 1.0
479 183 1.0
479 355 1.0
479 366 1.0
479 440 1.0
479 442 1.0
479 545 1.0
479 550 1.0
480 151 1.0
480 265 1.0
480 429 1.0
480 461 1.0
480 481 1.0
480 624 1.0
480 680 1.0
480 776 1.0
480 827 1.0
481 40 1.0
481 52 1.0
481 379 1.0
481 681 1.0
481 715 1.0
482 167 1.0
482 204 1.0
482 377 1.0
482 506 1.0
482 650 1.0
483 110 1.0
483 267 1.0
483 337 1.0
483 581 1.0
483 620 1.0
483 666 1.0
483 718 1.0
483 730 1.0
483 756 1.0
484 121 1.0
484 221 1.0
484 410 1.0
484 474 1.0
484 483 1.0
484 494 1.0
484 514 1.0
484 655 1.0
484 658 1.0
484 669 1.0
484 694 1.0
484 750 1.0
484 828 1.0
484 876 1.0
485 317 1.0
485 326 1.0
485 442 1.0
485 554 1.0
485 805 1.0
485 881 1.0
485 906 1.0
486 131 1.0
486 374 1.0
486 383 1.0
486 489 1.0
486 899 1.0
486 905 1.0
486 993 1.0
487 24 1.0
487 308 1.0
487 332 1.0
487 409 1.0
487 471 1.0
487 624 1.0
487 788 1.0
487 934 1.0
487 985 1.0
488 10 1.0
488 54 1.0
488 124 1.0
488 140 1.0
488 218 1.0
488 327 1.0
488 622 1.0
488 743 1.0
488 764 1.0
488 828 1.0
488 834 1.0
489 2 1.0
489 20 1.0
489 73 1.0
489 144 1.0
489 428 1.0
489 584 1.0
489 673 1.0
489 762 1.0
489 783 1.0
489 902 1.0
490 32 1.0
490 58 1.0
490 201 1.0
490 460 1.0
490 502 1.0
490 888 1.0
491 142 1.0
491 194 1.0
491 387 1.0
491 398 1.0
491 532 1.0
491 624 1.0
491 627 1.0
491 755 1.0
491 838 1.0
491 897 1.0
492 13 1.0
492 88 1.0
492 263 1.0
492 292 1.0
492 353 1.0
493 69 1.0
493 445 1.0
493 475 1.0
493 507 1.0
493 568 1.0
493 700 1.0
494 305 1.0
494 328 1.0
494 457 1.0
494 496 1.0
494 814 1.0
494 849 1.0
495 338 1.0
495 685 1.0
495 731 1.0
495 737 1.0
495 829 1.0
496 132 1.0
496 211 1.0
496 451 1.0
496 482 1.0
496 505 1.0
496 550 1.0
496 587 1.0
496 601 1.0
496 668 1.0
496 768 1.0
496 774 1.0
496 842 1.0
496 882 1.0
497 74 1.0
497 112 1.0
497 217 1.0
497 300 1.0
497 479 1.0
497 595 1.0
497 718 1.0
497 770 1.0
497 878 1.0
497 948 1.0
498 66 1.0
498 110 1.0
498 121 1.0
498 739 1.0
498 864 1.0
499 371 1.0
499 428 1.0
499 555 1.0
499 568 1.0
499 621 1.0
499 626 1.0
500 160 1.0
500 253 1.0
500 347 1.0
500 467 1.0
500 549 1.0
500 568 1.0
500 580 1.0
500 717 1.0
500 731 1.0
500 740 1.0
500 838 1.0
500 998 1.0
501 38 1.0
501 136 1.0
501 143 1.0
501 285 1.0
501 377 1.0
501 597 1.0
501 697 1.0
501 868 1.0
502 139 1.0
502 204 1.0
502 550 1.0
502 625 1.0
502 667 1.0
502 776 1.0
502 899 1.0
503 30 1.0
503 121 1.0
503 167 1.0
503 176 1.0
503 179 1.0
503 204 1.0
503 295 1.0
503 366 1.0
503 423 1.0
503 742 1.0
503 828 1.0
504 62 1.0
504 197 1.0
504 253 1.0
504 385 1.0
504 493 1.0
504 538 1.0
504 557 1.0
504 563 1.0
504 577 1.0
504 634 1.0
505 35 1.0
505 311 1.0
505 376 1.0
505 432 1.0
505 686 1.0
505 731 1.0
505 798 1.0
505 862 1.0
505 918 1.0
506 335 1.0
506 685 1.0
506 846 1.0
507 20 1.0
507 45 1.0
507 120 1.0
507 250 1.0
507 623 1.0
507 700 1.0
507 768 1.0
507 802 1.0
508 157 1.0
508 208 1.0
508 442 1.0
508 489 1.0
508 542 1.0
508 798 1.0
508 926 1.0
509 401 1.0
509 753 1.0
510 508 1.0
510 553 1.0
510 632 1.0
510 827 1.0
510 829 1.0
510 833 1.0
511 39 1.0
511 117 1.0
511 127 1.0
511 189 1.0
511 453 1.0
511 624 1.0
511 704 1.0
512 274 1.0
512 301 1.0
512 657 1.0
512 734 1.0
513 50 1.0
513 59 1.0
513 150 1.0
513 319 1.0
513 497 1.0
513 555 1.0
513 633 1.0
513 687 1.0
513 949 1.0
513 951 1.0
513 995 1.0
514 150 1.0
514 440 1.0
514 458 1.0
514 587 1.0
514 633 1.0
514 642 1.0
514 875 1.0
514 891 1.0
515 8 1.0
515 96 1.0
515 237 1.0
515 378 1.0
515 387 1.0
515 413 1.0
515 565 1.0
515 834 1.0
515 839 1.0
515 927 1.0
516 93 1.0
516 99 1.0
516 196 1.0
516 554 1.0
516 628 1.0
516 651 1.0
516 727 1.0
517 31 1.0
517 313 1.0
517 374 1.0
517 438 1.0
517 557 1.0
517 579 1.0
517 586 1.0
517 638 1.0
517 769 1.0
517 874 1.0
517 945 1.0
517 957 1.0
518 178 1.0
518 253 1.0
518 254 1.0
518 562 1.0
518 573 1.0
518 578 1.0
518 606 1.0
518 636 1.0
518 733 1.0
518 771 1.0
518 795 1.0
519 247 1.0
519 334 1.0
519 345 1.0
519 443 1.0
519 821 1.0
520 154 1.0
520 325 1.0
520 353 1.0
520 513 1.0
520 688 1.0
520 768 1.0
520 794 1.0
520 840 1.0
520 866 1.0
521 267 1.0
521 412 1.0
521 701 1.0
521 792 1.0
521 872 1.0
521 925 1.0
522 14 1.0
522 133 1.0
522 136 1.0
522 184 1.0
522 385 1.0
522 421 1.0
522 490 1.0
522 572 1.0
522 733 1.0
522 984 1.0
523 103 1.0
523 108 1.0
523 118 1.0
523 242 1.0
523 541 1.0
523 620 1.0
523 763 1.0
523 826 1.0
523 847 1.0
524 166 1.0
524 209 1.0
524 213 1.0
524 289 1.0
524 321 1.0
524 344 1.0
524 516 1.0
524 539 1.0
524 610 1.0
524 724 1.0
525 50 1.0
525 59 1.0
525 114 1.0
525 128 1.0
525 148 1.0
525 277 1.0
525 536 1.0
525 595 1.0
525 608 1.0
525 861 1.0
525 937 1.0
525 939 1.0
525 959 1.0
526 93 1.0
526 318 1.0
526 845 1.0
526 925 1.0
526 991 1.0
526 998 1.0
527 175 1.0
527 441 1.0
527 669 1.0
527 681 1.0
527 722 1.0
527 801 1.0
527 806 1.0
528 59 1.0
528 137 1.0
528 144 1.0
528 616 1.0
528 622 1.0
528 742 1.0
528 749 1.0
529 7 1.0
529 124 1.0
529 159 1.0
529 202 1.0
529 283 1.0
529 400 1.0
529 471 1.0
529 672 1.0
529 772 1.0
529 916 1.0
529 963 1.0
529 974 1.0
530 7 1.0
530 68 1.0
530 265 1.0
530 299 1.0
530 661 1.0
530 708 1.0
530 961 1.0
530 963 1.0
531 104 1.0
531 192 1.0
531 313 1.0
531 400 1.0
531 435 1.0
531 457 1.0
531 578 1.0
531 638 1.0
531 741 1.0
531 747 1.0
531 839 1.0
532 28 1.0
532 166 1.0
532 633 1.0
532 728 1.0
532 759 1.0
532 856 1.0
532 872 1.0
533 241 1.0
533 269 1.0
533 423 1.0
533 639 1.0
533 750 1.0
533 818 1.0
533 904 1.0
533 939 1.0
534 194 1.0
534 418 1.0
534 582 1.0
534 609 1.0
534 736 1.0
534 832 1.0
535 152 1.0
535 218 1.0
535 426 1.0
536 115 1.0
536 429 1.0
536 626 1.0
536 636 1.0
536 816 1.0
536 958 1.0
537 209 1.0
537 242 1.0
537 319 1.0
537 354 1.0
537 600 1.0
537 793 1.0
537 946 1.0
537 959 1.0
537 978 1.0
538 49 1.0
538 82 1.0
538 122 1.0
538 188 1.0
538 206 1.0
538 257 1.0
538 395 1.0
538 409 1.0
538 416 1.0
538 588 1.0
538 671 1.0
538 710 1.0
538 807 1.0
538 835 1.0
538 915 1.0
538 957 1.0
538 977 1.0
539 258 1.0
539 278 1.0
539 279 1.0
539 326 1.0
539 698 1.0
539 705 1.0
539 753 1.0
539 836 1.0
539 903 1.0
539 992 1.0
540 123 1.0
540 270 1.0
540 394 1.0
540 533 1.0
540 760 1.0
540 781 1.0
541 208 1.0
541 279 1.0
541 369 1.0
541 430 1.0
541 484 1.0
541 517 1.0
541 715 1.0
541 810 1.0
542 269 1.0
542 292 1.0
542 320 1.0
542 409 1.0
542 436 1.0
542 493 1.0
542 520 1.0
543 411 1.0
543 747 1.0
543 777 1.0
543 913 1.0
544 122 1.0
544 494 1.0
544 509 1.0
544 670 1.0
544 734 1.0
544 767 1.0
544 772 1.0
544 869 1.0
544 944 1.0
544 963 1.0
545 43 1.0
545 334 1.0
545 437 1.0
545 516 1.0
545 527 1.0
545 536 1.0
545 916 1.0
545 921 1.0
546 27 1.0
546 36 1.0
546 131 1.0
546 157 1.0
546 201 1.0
546 238 1.0
546 395 1.0
546 421 1.0
546 515 1.0
546 784 1.0
547 48 1.0
547 199 1.0
547 505 1.0
547 834 1.0
548 89 1.0
548 183 1.0
548 273 1.0
548 326 1.0
548 484 1.0
548 629 1.0
548 817 1.0
549 363 1.0
549 411 1.0
549 641 1.0
549 916 1.0
550 71 1.0
550 100 1.0
550 343 1.0
550 347 1.0
550 515 1.0
550 658 1.0
551 8 1.0
551 59 1.0
551 237 1.0
551 294 1.0
551 502 1.0
551 542 1.0
551 613 1.0
551 765 1.0
551 782 1.0
551 785 1.0
552 120 1.0
552 528 1.0
552 626 1.0
552 810 1.0
552 887 1.0
553 14 1.0
553 166 1.0
553 281 1.0
553 440 1.0
553 543 1.0
553 615 1.0
553 626 1.0
553 752 1.0
553 833 1.0
553 879 1.0
553 941 1.0
554 210 1.0
554 556 1.0
554 802 1.0
554 842 1.0
554 849 1.0
554 914 1.0
555 32 1.0
555 170 1.0
555 193 1.0
555 248 1.0
555 257 1.0
555 278 1.0
555 436 1.0
555 515 1.0
555 587 1.0
555 766 1.0
555 817 1.0
555 889 1.0
556 159 1.0
556 374 1.0
556 376 1.0
556 680 1.0
556 953 1.0
557 112 1.0
557 128 1.0
557 382 1.0
557 761 1.0
557 864 1.0
558 63 1.0
558 490 1.0
558 534 1.0
558 604 1.0
558 623 1.0
558 718 1.0
558 891 1.0
559 111 1.0
559 229 1.0
559 414 1.0
559 437 1.0
559 651 1.0
559 829 1.0
559 877 1.0
559 889 1.0
560 79 1.0
560 99 1.0
560 113 1.0
560 674 1.0
560 724 1.0
560 781 1.0
561 31 1.0
561 151 1.0
561 178 1.0
561 209 1.0
561 518 1.0
561 544 1.0
561 746 1.0
561 928 1.0
562 57 1.0
562 70 1.0
562 103 1.0
562 106 1.0
562 173 1.0
562 269 1.0
562 422 1.0
562 521 1.0
562 664 1.0
562 668 1.0
562 746 1.0
563 92 1.0
563 300 1.0
563 301 1.0
563 303 1.0
563 305 1.0
563 308 1.0
563 344 1.0
563 501 1.0
563 676 1.0
563 729 1.0
564 44 1.0
564 88 1.0
564 231 1.0
564 268 1.0
564 365 1.0
564 523 1.0
564 537 1.0
564 642 1.0
564 749 1.0
564 752 1.0
564 902 1.0
564 962 1.0
565 13 1.0
565 123 1.0
565 170 1.0
565 334 1.0
565 478 1.0
565 561 1.0
565 639 1.0
565 951 1.0
565 972 1.0
566 42 1.0
566 103 1.0
566 128 1.0
566 189 1.0
566 793 1.0
566 811 1.0
566 824 1.0
566 876 1.0
567 152 1.0
567 418 1.0
567 840 1.0
568 172 1.0
568 240 1.0
568 248 1.0
568 348 1.0
568 442 1.0
568 599 1.0
568 667 1.0
568 677 1.0
568 879 1.0
568 906 1.0
568 931 1.0
569 36 1.0
569 38 1.0
569 40 1.0
569 46 1.0
569 125 1.0
569 232 1.0
569 257 1.0
569 392 1.0
569 786 1.0
570 367 1.0
570 552 1.0
570 575 1.0
570 677 1.0
570 719 1.0
570 733 1.0
570 996 1.0
571 301 1.0
571 333 1.0
571 356 1.0
571 365 1.0
571 679 1.0
571 748 1.0
571 790 1.0
571 851 1.0
571 905 1.0
571 945 1.0
572 88 1.0
572 239 1.0
572 250 1.0
572 251 1.0
572 364 1.0
572 775 1.0
573 89 1.0
573 319 1.0
573 379 1.0
573 539 1.0
573 553 1.0
573 564 1.0
573 725 1.0
573 733 1.0
574 107 1.0
574 167 1.0
574 172 1.0
574 393 1.0
574 400 1.0
574 472 1.0
574 587 1.0
574 601 1.0
574 681 1.0
574 689 1.0
574 975 1.0
575 169 1.0
575 176 1.0
575 362 1.0
575 436 1.0
575 519 1.0
575 587 1.0
575 647 1.0
575 772 1.0
575 856 1.0
575 877 1.0
576 7 1.0
576 216 1.0
576 423 1.0
576 453 1.0
576 484 1.0
576 567 1.0
576 783 1.0
576 853 1.0
577 56 1.0
577 133 1.0
577 182 1.0
577 257 1.0
577 352 1.0
577 448 1.0
577 514 1.0
577 708 1.0
577 844 1.0
577 864 1.0
578 28 1.0
578 33 1.0
578 146 1.0
578 196 1.0
578 315 1.0
578 477 1.0
578 563 1.0
578 588 1.0
578 704 1.0
578 724 1.0
578 845 1.0
578 870 1.0
578 959 1.0
579 29 1.0
579 294 1.0
579 464 1.0
579 479 1.0
579 517 1.0
579 737 1.0
579 799 1.0
579 920 1.0
580 23 1.0
580 287 1.0
580 297 1.0
580 445 1.0
580 484 1.0
580 519 1.0
580 548 1.0
580 612 1.0
581 8 1.0
581 75 1.0
581 159 1.0
581 784 1.0
581 868 1.0
581 945 1.0
582 108 1.0
582 337 1.0
582 342 1.0
582 354 1.0
582 465 1.0
582 618 1.0
582 681 1.0
582 799 1.0
582 987 1.0
582 997 1.0
583 55 1.0
583 242 1.0
583 325 1.0
583 527 1.0
583 546 1.0
583 618 1.0
583 629 1.0
583 677 1.0
583 937 1.0
583 944 1.0
584 18 1.0
584 61 1.0
584 138 1.0
584 171 1.0
584 269 1.0
584 357 1.0
584 390 1.0
584 736 1.0
584 804 1.0
584 825 1.0
585 159 1.0
585 239 1.0
585 390 1.0
585 457 1.0
585 540 1.0
585 596 1.0
585 765 1.0
585 837 1.0
586 119 1.0
586 120 1.0
586 438 1.0
586 654 1.0
586 696 1.0
587 355 1.0
587 379 1.0
587 432 1.0
587 487 1.0
587 511 1.0
587 569 1.0
587 664 1.0
588 127 1.0
588 179 1.0
588 251 1.0
588 940 1.0
589 136 1.0
589 509 1.0
589 564 1.0
589 714 1.0
589 912 1.0
590 111 1.0
590 194 1.0
590 360 1.0
590 449 1.0
590 610 1.0
590 886 1.0
591 33 1.0
591 424 1.0
591 636 1.0
591 734 1.0
591 852 1.0
592 17 1.0
592 26 1.0
592 50 1.0
592 137 1.0
592 375 1.0
592 455 1.0
592 567 1.0
592 625 1.0
592 708 1.0
593 23 1.0
593 36 1.0
593 256 1.0
593 361 1.0
593 486 1.0
593 533 1.0
593 651 1.0
593 669 1.0
593 823 1.0
593 826 1.0
593 880 1.0
594 147 1.0
594 164 1.0
594 469 1.0
594 562 1.0
594 577 1.0
594 609 1.0
594 722 1.0
594 929 1.0
595 42 1.0
595 117 1.0
595 208 1.0
595 336 1.0
595 383 1.0
595 443 1.0
595 527 1.0
595 567 1.0
595 568 1.0
595 594 1.0
595 607 1.0
595 612 1.0
595 657 1.0
595 739 1.0
595 850 1.0
595 885 1.0
595 992 1.0
596 60 1.0
596 189 1.0
596 255 1.0
596 270 1.0
596 294 1.0
596 462 1.0
596 733 1.0
596 814 1.0
596 871 1.0
596 947 1.0
597 75 1.0
597 97 1.0
597 130 1.0
597 166 1.0
597 261 1.0
597 282 1.0
597 469 1.0
597 672 1.0
597 802 1.0
597 820 1.0
597 859 1.0
597 895 1.0
597 906 1.0
598 87 1.0
598 248 1.0
598 489 1.0
598 624 1.0
598 658 1.0
598 662 1.0
598 954 1.0
599 7 1.0
599 23 1.0
599 48 1.0
599 646 1.0
599 890 1.0
600 131 1.0
600 143 1.0
600 269 1.0
600 328 1.0
600 516 1.0
600 646 1.0
600 696 1.0
600 855 1.0
600 908 1.0
601 60 1.0
601 206 1.0
601 361 1.0
601 375 1.0
601 449 1.0
601 646 1.0
601 661 1.0
601 738 1.0
601 856 1.0
601 936 1.0
602 192 1.0
602 464 1.0
602 851 1.0
603 73 1.0
603 205 1.0
603 298 1.0
603 423 1.0
603 493 1.0
603 495 1.0
603 598 1.0
603 606 1.0
603 620 1.0
603 790 1.0
603 938 1.0
604 20 1.0
604 98 1.0
604 333 1.0
604 595 1.0
604 768 1.0
604 810 1.0
604 863 1.0
604 874 1.0
604 948 1.0
605 42 1.0
605 53 1.0
605 74 1.0
605 146 1.0
605 269 1.0
605 514 1.0
605 851 1.0
605 980 1.0
606 86 1.0
606 106 1.0
606 437 1.0
606 579 1.0
606 905 1.0
606 927 1.0
607 12 1.0
607 28 1.0
607 185 1.0
607 231 1.0
607 312 1.0
607 760 1.0
607 849 1.0
607 982 1.0
608 55 1.0
608 107 1.0
608 228 1.0
608 423 1.0
608 432 1.0
608 494 1.0
608 673 1.0
608 705 1.0
608 823 1.0
608 846 1.0
608 917 1.0
609 23 1.0
609 33 1.0
609 193 1.0
609 279 1.0
609 284 1.0
609 519 1.0
609 579 1.0
609 630 1.0
609 660 1.0
609 847 1.0
610 76 1.0
610 177 1.0
610 323 1.0
610 497 1.0
610 505 1.0
610 624 1.0
610 666 1.0
611 7 1.0
611 77 1.0
611 91 1.0
611 374 1.0
611 541 1.0
611 681 1.0
611 750 1.0
611 984 1.0
612 131 1.0
612 361 1.0
612 722 1.0
613 1 1.0
613 8 1.0
613 94 1.0
613 531 1.0
613 610 1.0
613 908 1.0
614 122 1.0
614 436 1.0
614 480 1.0
614 757 1.0
614 778 1.0
615 27 1.0
615 635 1.0
615 702 1.0
615 819 1.0
615 906 1.0
616 152 1.0
616 189 1.0
616 671 1.0
616 759 1.0
616 899 1.0
616 968 1.0
617 305 1.0
617 364 1.0
617 497 1.0
617 518 1.0
617 607 1.0
617 673 1.0
618 105 1.0
618 183 1.0
618 340 1.0
618 462 1.0
618 782 1.0
619 190 1.0
619 369 1.0
619 394 1.0
619 423 1.0
619 435 1.0
619 527 1.0
619 543 1.0
619 581 1.0
619 657 1.0
619 715 1.0
620 255 1.0
620 714 1.0
620 729 1.0
620 810 1.0
620 858 1.0
620 867 1.0
620 910 1.0
621 26 1.0
621 288 1.0
621 380 1.0
621 469 1.0
621 510 1.0
621 529 1.0
621 578 1.0
621 741 1.0
622 84 1.0
622 89 1.0
622 93 1.0
622 130 1.0
622 251 1.0
622 253 1.0
622 380 1.0
622 392 1.0
622 518 1.0
622 728 1.0
622 735 1.0
622 833 1.0
623 76 1.0
623 121 1.0
623 371 1.0
623 779 1.0
623 792 1.0
623 828 1.0
624 62 1.0
624 202 1.0
624 373 1.0
624 615 1.0
624 755 1.0
624 801 1.0
625 127 1.0
625 315 1.0
625 442 1.0
625 506 1.0
625 692 1.0
625 812 1.0
626 30 1.0
626 36 1.0
626 63 1.0
626 84 1.0
626 368 1.0
626 844 1.0
626 901 1.0
627 160 1.0
627 168 1.0
627 173 1.0
627 519 1.0
627 787 1.0
627 893 1.0
628 28 1.0
628 136 1.0
628 175 1.0
628 254 1.0
628 270 1.0
628 455 1.0
628 464 1.0
628 629 1.0
628 643 1.0
628 669 1.0
629 36 1.0
629 96 1.0
629 154 1.0
629 253 1.0
629 414 1.0
629 537 1.0
629 567 1.0
629 633 1.0
629 806 1.0
629 936 1.0
629 975 1.0
630 51 1.0
630 53 1.0
630 310 1.0
630 353 1.0
630 391 1.0
630 466 1.0
630 477 1.0
630 780 1.0
630 877 1.0
631 92 1.0
631 134 1.0
631 135 1.0
631 248 1.0
631 268 1.0
631 407 1.0
631 448 1.0
631 531 1.0
631 560 1.0
631 760 1.0
631 793 1.0
631 822 1.0
631 867 1.0
631 898 1.0
632 195 1.0
632 396 1.0
632 446 1.0
632 514 1.0
632 700 1.0
633 139 1.0
633 278 1.0
633 334 1.0
633 482 1.0
633 712 1.0
633 753 1.0
633 757 1.0
633 903 1.0
634 4 1.0
634 64 1.0
634 270 1.0
634 381 1.0
634 406 1.0
634 663 1.0
634 948 1.0
634 972 1.0
635 12 1.0
635 21 1.0
635 305 1.0
635 488 1.0
635 563 1.0
635 607 1.0
635 786 1.0
635 855 1.0
636 96 1.0
636 414 1.0
636 673 1.0
636 711 1.0
636 788 1.0
636 833 1.0
637 289 1.0
637 433 1.0
637 457 1.0
637 478 1.0
637 805 1.0
638 78 1.0
638 149 1.0
638 257 1.0
638 370 1.0
638 393 1.0
638 398 1.0
638 436 1.0
638 577 1.0
638 748 1.0
638 770 1.0
638 824 1.0
638 881 1.0
638 891 1.0
639 83 1.0
639 118 1.0
639 169 1.0
639 200 1.0
639 279 1.0
639 480 1.0
639 561 1.0
640 37 1.0
640 86 1.0
640 194 1.0
640 212 1.0
640 221 1.0
640 246 1.0
640 322 1.0
640 372 1.0
640 423 1.0
640 759 1.0
640 837 1.0
641 176 1.0
641 220 1.0
641 251 1.0
641 261 1.0
641 284 1.0
641 512 1.0
641 595 1.0
641 646 1.0
641 727 1.0
641 782 1.0
641 872 1.0
641 936 1.0
642 377 1.0
642 411 1.0
642 464 1.0
642 472 1.0
642 475 1.0
642 573 1.0
642 687 1.0
642 719 1.0
642 775 1.0
642 885 1.0
642 995 1.0
643 98 1.0
643 117 1.0
643 121 1.0
643 372 1.0
643 504 1.0
643 509 1.0
643 785 1.0
643 791 1.0
644 152 1.0
644 161 1.0
644 224 1.0
644 260 1.0
644 692 1.0
644 768 1.0
644 783 1.0
644 874 1.0
645 58 1.0
645 81 1.0
645 141 1.0
645 222 1.0
645 313 1.0
645 654 1.0
645 923 1.0
645 972 1.0
646 124 1.0
646 153 1.0
646 157 1.0
646 197 1.0
646 202 1.0
646 232 1.0
646 294 1.0
646 320 1.0
646 387 1.0
646 575 1.0
646 596 1.0
646 606 1.0
646 784 1.0
646 852 1.0
646 937 1.0
646 957 1.0
647 95 1.0
647 257 1.0
647 585 1.0
647 602 1.0
647 690 1.0
647 767 1.0
647 828 1.0
647 841 1.0
648 197 1.0
648 308 1.0
648 613 1.0
648 637 1.0
648 941 1.0
648 943 1.0
649 20 1.0
649 83 1.0
649 595 1.0
649 704 1.0
650 33 1.0
650 67 1.0
650 98 1.0
650 109 1.0
650 146 1.0
650 179 1.0
650 270 1.0
650 317 1.0
650 369 1.0
650 411 1.0
650 420 1.0
650 507 1.0
650 649 1.0
650 679 1.0
650 819 1.0
650 956 1.0
651 98 1.0
651 131 1.0
651 203 1.0
651 296 1.0
651 382 1.0
651 714 1.0
651 767 1.0
651 838 1.0
651 848 1.0
652 19 1.0
652 60 1.0
652 82 1.0
652 275 1.0
652 345 1.0
652 530 1.0
652 667 1.0
652 671 1.0
652 693 1.0
652 746 1.0
652 767 1.0
653 23 1.0
653 37 1.0
653 76 1.0
653 127 1.0
653 231 1.0
653 396 1.0
653 421 1.0
653 470 1.0
653 661 1.0
653 749 1.0
653 885 1.0
654 30 1.0
654 54 1.0
654 151 1.0
654 329 1.0
654 364 1.0
654 430 1.0
654 466 1.0
654 496 1.0
654 560 1.0
654 742 1.0
654 773 1.0
654 923 1.0
655 287 1.0
655 307 1.0
655 767 1.0
655 768 1.0
655 884 1.0
656 246 1.0
656 251 1.0
656 582 1.0
656 583 1.0
656 625 1.0
656 698 1.0
656 724 1.0
656 909 1.0
657 2 1.0
657 23 1.0
657 94 1.0
657 97 1.0
657 234 1.0
657 496 1.0
658 92 1.0
658 331 1.0
658 494 1.0
658 511 1.0
658 542 1.0
658 597 1.0
658 649 1.0
658 672 1.0
658 713 1.0
658 988 1.0
659 75 1.0
659 92 1.0
659 357 1.0
659 654 1.0
660 119 1.0
660 314 1.0
660 692 1.0
660 819 1.0
660 833 1.0
660 906 1.0
661 155 1.0
661 164 1.0
661 470 1.0
661 559 1.0
661 577 1.0
661 879 1.0
662 21 1.0
662 79 1.0
662 231 1.0
662 412 1.0
662 443 1.0
662 522 1.0
662 540 1.0
662 859 1.0
662 958 1.0
662 960 1.0
663 68 1.0
663 122 1.0
663 232 1.0
663 395 1.0
663 444 1.0
663 561 1.0
664 7 1.0
664 26 1.0
664 60 1.0
664 114 1.0
664 201 1.0
664 791 1.0
664 801 1.0
664 834 1.0
664 943 1.0
665 106 1.0
665 161 1.0
665 212 1.0
665 668 1.0
665 810 1.0
665 872 1.0
666 155 1.0
666 170 1.0
666 264 1.0
666 289 1.0
666 337 1.0
666 345 1.0
666 353 1.0
666 467 1.0
667 10 1.0
667 39 1.0
667 88 1.0
667 109 1.0
667 365 1.0
667 561 1.0
667 879 1.0
668 10 1.0
668 199 1.0
668 216 1.0
668 494 1.0
668 579 1.0
668 583 1.0
668 708 1.0
668 729 1.0
669 198 1.0
669 517 1.0
669 560 1.0
669 754 1.0
669 863 1.0
669 871 1.0
670 102 1.0
670 221 1.0
670 434 1.0
670 578 1.0
670 755 1.0
670 791 1.0
670 837 1.0
671 397 1.0
671 409 1.0
671 520 1.0
671 569 1.0
671 610 1.0
671 623 1.0
671 645 1.0
671 871 1.0
672 269 1.0
672 293 1.0
672 753 1.0
672 863 1.0
673 355 1.0
673 395 1.0
673 457 1.0
673 658 1.0
673 840 1.0
674 38 1.0
674 141 1.0
674 194 1.0
674 227 1.0
674 287 1.0
674 435 1.0
674 610 1.0
674 649 1.0
674 825 1.0
675 95 1.0
675 107 1.0
675 347 1.0
675 354 1.0
675 536 1.0
675 600 1.0
675 662 1.0
675 772 1.0
675 831 1.0
675 849 1.0
675 853 1.0
675 895 1.0
676 6 1.0
676 271 1.0
676 406 1.0
676 417 1.0
676 425 1.0
676 517 1.0
676 609 1.0
676 695 1.0
676 718 1.0
676 788 1.0
676 872 1.0
676 899 1.0
677 59 1.0
677 344 1.0
677 403 1.0
677 709 1.0
677 782 1.0
677 826 1.0
677 865 1.0
677 946 1.0
678 248 1.0
678 353 1.0
678 360 1.0
678 501 1.0
678 636 1.0
678 764 1.0
678 827 1.0
679 59 1.0
679 127 1.0
679 565 1.0
679 836 1.0
679 858 1.0
680 53 1.0
680 205 1.0
680 262 1.0
680 401 1.0
680 536 1.0
680 629 1.0
680 661 1.0
680 672 1.0
680 729 1.0
680 759 1.0
680 859 1.0
680 923 1.0
681 27 1.0
681 54 1.0
681 80 1.0
681 90 1.0
681 245 1.0
681 369 1.0
681 412 1.0
681 448 1.0
681 540 1.0
681 827 1.0
681 954 1.0
682 96 1.0
682 318 1.0
682 360 1.0
682 759 1.0
682 839 1.0
683 128 1.0
683 353 1.0
683 410 1.0
683 733 1.0
683 762 1.0
683 848 1.0
683 854 1.0
684 31 1.0
684 49 1.0
684 131 1.0
684 162 1.0
684 417 1.0
684 420 1.0
684 764 1.0
684 841 1.0
684 977 1.0
685 89 1.0
685 100 1.0
685 250 1.0
685 379 1.0
685 462 1.0
685 544 1.0
685 689 1.0
686 10 1.0
686 53 1.0
686 238 1.0
686 259 1.0
686 279 1.0
686 328 1.0
686 357 1.0
686 501 1.0
686 530 1.0
686 582 1.0
686 593 1.0
686 653 1.0
687 3 1.0
687 180 1.0
687 210 1.0
687 223 1.0
687 224 1.0
687 295 1.0
687 387 1.0
688 246 1.0
688 262 1.0
688 300 1.0
688 368 1.0
688 593 1.0
688 656 1.0
688 701 1.0
688 806 1.0
688 869 1.0
688 964 1.0
689 126 1.0
689 377 1.0
689 527 1.0
689 630 1.0
689 676 1.0
689 729 1.0
690 92 1.0
690 410 1.0
690 425 1.0
690 478 1.0
690 515 1.0
690 544 1.0
690 662 1.0
690 695 1.0
690 749 1.0
691 26 1.0
691 66 1.0
691 76 1.0
691 108 1.0
691 196 1.0
691 331 1.0
691 439 1.0
691 449 1.0
691 995 1.0
692 90 1.0
692 247 1.0
692 267 1.0
692 327 1.0
692 340 1.0
692 376 1.0
692 519 1.0
692 531 1.0
692 625 1.0
692 864 1.0
692 865 1.0
693 138 1.0
693 190 1.0
693 417 1.0
693 676 1.0
693 733 1.0
693 953 1.0
694 166 1.0
694 265 1.0
694 296 1.0
694 815 1.0
695 95 1.0
695 116 1.0
695 152 1.0
695 207 1.0
695 294 1.0
695 319 1.0
695 394 1.0
695 500 1.0
695 508 1.0
695 556 1.0
695 788 1.0
695 956 1.0
696 342 1.0
696 532 1.0
696 540 1.0
696 604 1.0
696 633 1.0
696 644 1.0
696 928 1.0
697 75 1.0
697 189 1.0
697 275 1.0
697 360 1.0
697 644 1.0
697 695 1.0
697 712 1.0
698 15 1.0
698 262 1.0
698 281 1.0
698 474 1.0
698 538 1.0
698 615 1.0
698 680 1.0
698 756 1.0
698 826 1.0
699 158 1.0
699 199 1.0
699 231 1.0
699 267 1.0
699 284 1.0
699 336 1.0
699 754 1.0
699 823 1.0
699 840 1.0
700 254 1.0
700 287 1.0
700 414 1.0
700 524 1.0
700 526 1.0
700 635 1.0
700 728 1.0
700 743 1.0
700 784 1.0
700 809 1.0
700 897 1.0
701 98 1.0
701 152 1.0
701 178 1.0
701 397 1.0
701 512 1.0
701 680 1.0
701 740 1.0
701 804 1.0
701 866 1.0
702 248 1.0
702 345 1.0
702 569 1.0
702 703 1.0
702 752 1.0
702 786 1.0
703 0 1.0
703 102 1.0
703 310 1.0
703 595 1.0
703 631 1.0
703 802 1.0
704 269 1.0
704 621 1.0
704 666 1.0
704 671 1.0
704 764 1.0
705 192 1.0
705 310 1.0
705 546 1.0
705 564 1.0
705 935 1.0
706 25 1.0
706 184 1.0
706 198 1.0
706 269 1.0
706 380 1.0
706 410 1.0
706 479 1.0
706 528 1.0
706 603 1.0
706 739 1.0
706 836 1.0
706 883 1.0
707 36 1.0
707 119 1.0
707 218 1.0
707 286 1.0
707 574 1.0
707 673 1.0
707 739 1.0
708 103 1.0
708 333 1.0
708 463 1.0
708 504 1.0
708 509 1.0
708 636 1.0
708 643 1.0
708 824 1.0
708 916 1.0
709 63 1.0
709 884 1.0
709 959 1.0
710 265 1.0
710 296 1.0
710 457 1.0
710 465 1.0
710 684 1.0
710 732 1.0
710 797 1.0
710 884 1.0
711 122 1.0
711 219 1.0
711 275 1.0
711 304 1.0
711 485 1.0
711 566 1.0
711 570 1.0
711 587 1.0
711 666 1.0
711 772 1.0
711 931 1.0
712 695 1.0
712 797 1.0
713 195 1.0
713 484 1.0
713 510 1.0
713 519 1.0
713 547 1.0
713 666 1.0
713 703 1.0
713 750 1.0
713 943 1.0
714 37 1.0
714 76 1.0
714 84 1.0
714 126 1.0
714 172 1.0
714 297 1.0
714 326 1.0
714 508 1.0
714 540 1.0
714 552 1.0
714 708 1.0
714 731 1.0
714 787 1.0
715 89 1.0
715 94 1.0
715 123 1.0
715 220 1.0
715 394 1.0
715 402 1.0
715 431 1.0
715 432 1.0
715 449 1.0
715 476 1.0
715 477 1.0
715 493 1.0
715 505 1.0
715 700 1.0
715 778 1.0
715 926 1.0
716 33 1.0
716 37 1.0
716 153 1.0
716 327 1.0
716 559 1.0
716 611 1.0
716 698 1.0
716 729 1.0
716 838 1.0
716 939 1.0
717 2 1.0
718 16 1.0
718 51 1.0
718 224 1.0
718 291 1.0
718 604 1.0
718 643 1.0
718 787 1.0
718 874 1.0
718 967 1.0
719 273 1.0
719 285 1.0
719 298 1.0
719 549 1.0
719 551 1.0
719 569 1.0
719 738 1.0
719 799 1.0
720 299 1.0
720 351 1.0
720 521 1.0
720 812 1.0
720 818 1.0
720 848 1.0
720 868 1.0
720 930 1.0
721 29 1.0
721 50 1.0
721 82 1.0
721 586 1.0
721 624 1.0
721 645 1.0
721 657 1.0
721 890 1.0
721 925 1.0
722 57 1.0
722 169 1.0
722 389 1.0
722 533 1.0
722 545 1.0
722 770 1.0
722 777 1.0
722 882 1.0
722 931 1.0
723 57 1.0
723 201 1.0
723 271 1.0
723 274 1.0
723 275 1.0
723 337 1.0
723 392 1.0
723 560 1.0
723 722 1.0
723 779 1.0
723 823 1.0
723 858 1.0
724 89 1.0
724 94 1.0
724 142 1.0
724 291 1.0
724 347 1.0
724 510 1.0
724 795 1.0
725 191 1.0
725 232 1.0
725 330 1.0
725 412 1.0
725 492 1.0
725 744 1.0
725 770 1.0
725 798 1.0
725 870 1.0
726 46 1.0
726 51 1.0
726 543 1.0
726 626 1.0
726 665 1.0
726 705 1.0
726 718 1.0
726 846 1.0
726 877 1.0
727 79 1.0
727 141 1.0
727 188 1.0
727 392 1.0
727 473 1.0
727 503 1.0
727 665 1.0
727 668 1.0
727 690 1.0
727 706 1.0
727 780 1.0
727 892 1.0
727 966 1.0
728 4 1.0
728 28 1.0
728 48 1.0
728 196 1.0
728 412 1.0
728 513 1.0
728 835 1.0
728 885 1.0
728 908 1.0
729 192 1.0
729 224 1.0
729 255 1.0
729 345 1.0
729 694 1.0
729 823 1.0
729 888 1.0
730 59 1.0
730 784 1.0
730 836 1.0
731 39 1.0
731 101 1.0
731 440 1.0
731 492 1.0
731 582 1.0
731 676 1.0
732 102 1.0
732 319 1.0
732 383 1.0
732 388 1.0
732 502 1.0
732 590 1.0
732 782 1.0
733 107 1.0
733 151 1.0
733 175 1.0
733 234 1.0
733 281 1.0
733 334 1.0
733 617 1.0
733 666 1.0
734 182 1.0
734 441 1.0
734 651 1.0
734 952 1.0
735 450 1.0
735 486 1.0
735 697 1.0
735 742 1.0
735 854 1.0
736 93 1.0
736 298 1.0
736 303 1.0
736 511 1.0
736 700 1.0
736 737 1.0
736 744 1.0
736 764 1.0
736 907 1.0
737 131 1.0
737 250 1.0
737 257 1.0
737 289 1.0
737 460 1.0
737 472 1.0
737 683 1.0
738 233 1.0
738 267 1.0
738 307 1.0
738 361 1.0
738 424 1.0
738 712 1.0
738 806 1.0
738 830 1.0
738 936 1.0
739 80 1.0
739 83 1.0
739 106 1.0
739 249 1.0
739 305 1.0
739 308 1.0
739 691 1.0
739 810 1.0
739 848 1.0
739 871 1.0
740 129 1.0
740 292 1.0
740 307 1.0
740 314 1.0
740 396 1.0
740 421 1.0
740 478 1.0
740 564 1.0
740 918 1.0
741 30 1.0
741 35 1.0
741 58 1.0
741 296 1.0
741 471 1.0
741 623 1.0
741 674 1.0
741 716 1.0
741 734 1.0
741 775 1.0
741 856 1.0
742 67 1.0
742 72 1.0
742 80 1.0
742 180 1.0
742 216 1.0
742 404 1.0
742 522 1.0
742 553 1.0
742 636 1.0
742 738 1.0
742 759 1.0
742 829 1.0
743 162 1.0
743 197 1.0
743 287 1.0
743 319 1.0
743 396 1.0
743 429 1.0
743 917 1.0
744 95 1.0
744 184 1.0
744 370 1.0
744 439 1.0
744 471 1.0
744 648 1.0
744 723 1.0
744 771 1.0
745 44 1.0
745 331 1.0
745 501 1.0
745 523 1.0
745 664 1.0
745 742 1.0
745 744 1.0
746 778 1.0
746 812 1.0
746 826 1.0
747 72 1.0
747 103 1.0
747 155 1.0
747 163 1.0
747 352 1.0
747 376 1.0
747 573 1.0
747 628 1.0
747 714 1.0
747 809 1.0
748 14 1.0
748 374 1.0
748 567 1.0
748 635 1.0
748 747 1.0
748 890 1.0
749 62 1.0
749 79 1.0
749 87 1.0
749 127 1.0
749 281 1.0
749 314 1.0
749 339 1.0
749 356 1.0
749 472 1.0
749 643 1.0
749 697 1.0
749 882 1.0
749 891 1.0
750 238 1.0
750 372 1.0
750 451 1.0
750 453 1.0
750 595 1.0
750 606 1.0
750 666 1.0
750 820 1.0
751 88 1.0
751 243 1.0
751 381 1.0
751 546 1.0
751 567 1.0
751 585 1.0
752 169 1.0
752 265 1.0
752 338 1.0
752 348 1.0
752 357 1.0
752 358 1.0
752 533 1.0
752 675 1.0
752 720 1.0
752 873 1.0
753 46 1.0
753 114 1.0
753 122 1.0
753 177 1.0
753 188 1.0
753 407 1.0
753 449 1.0
753 517 1.0
753 669 1.0
754 21 1.0
754 308 1.0
754 377 1.0
754 588 1.0
754 594 1.0
754 702 1.0
754 706 1.0
754 712 1.0
754 741 1.0
754 768 1.0
754 772 1.0
754 778 1.0
755 187 1.0
755 190 1.0
755 352 1.0
755 417 1.0
755 589 1.0
755 625 1.0
755 676 1.0
755 681 1.0
755 756 1.0
755 764 1.0
755 779 1.0
755 805 1.0
755 823 1.0
756 111 1.0
756 169 1.0
756 232 1.0
756 297 1.0
756 339 1.0
756 341 1.0
756 379 1.0
756 404 1.0
756 465 1.0
756 573 1.0
756 749 1.0
756 886 1.0
757 118 1.0
757 156 1.0
757 198 1.0
757 218 1.0
757 265 1.0
757 592 1.0
757 660 1.0
757 823 1.0
757 838 1.0
757 929 1.0
758 293 1.0
758 430 1.0
758 526 1.0
758 562 1.0
758 627 1.0
758 800 1.0
759 155 1.0
759 257 1.0
759 322 1.0
759 440 1.0
759 742 1.0
760 192 1.0
760 453 1.0
760 641 1.0
760 744 1.0
760 773 1.0
760 839 1.0
761 250 1.0
761 287 1.0
761 342 1.0
761 348 1.0
761 382 1.0
761 398 1.0
761 588 1.0
761 721 1.0
761 826 1.0
761 861 1.0
762 78 1.0
762 236 1.0
762 247 1.0
762 494 1.0
762 573 1.0
762 599 1.0
762 614 1.0
762 895 1.0
763 49 1.0
763 193 1.0
763 270 1.0
763 286 1.0
763 382 1.0
763 520 1.0
763 702 1.0
764 132 1.0
764 216 1.0
764 279 1.0
764 455 1.0
765 8 1.0
765 32 1.0
765 607 1.0
765 804 1.0
766 19 1.0
766 125 1.0
766 162 1.0
766 326 1.0
766 514 1.0
766 520 1.0
766 645 1.0
766 677 1.0
766 691 1.0
766 755 1.0
766 788 1.0
766 874 1.0
766 891 1.0
767 98 1.0
767 230 1.0
767 256 1.0
767 325 1.0
767 432 1.0
768 104 1.0
768 258 1.0
768 456 1.0
768 581 1.0
768 619 1.0
768 702 1.0
768 825 1.0
769 105 1.0
769 224 1.0
769 259 1.0
769 313 1.0
769 391 1.0
769 497 1.0
770 107 1.0
770 110 1.0
770 131 1.0
770 388 1.0
770 668 1.0
770 708 1.0
770 804 1.0
770 811 1.0
770 823 1.0
770 832 1.0
770 926 1.0
771 20 1.0
771 901 1.0
771 906 1.0
772 14 1.0
772 152 1.0
772 214 1.0
772 399 1.0
772 475 1.0
772 621 1.0
772 668 1.0
772 670 1.0
772 970 1.0
773 345 1.0
773 348 1.0
773 442 1.0
773 641 1.0
773 811 1.0
773 818 1.0
775 103 1.0
775 431 1.0
775 533 1.0
775 611 1.0
775 623 1.0
775 656 1.0
775 783 1.0
775 810 1.0
775 946 1.0
776 93 1.0
776 197 1.0
776 346 1.0
776 466 1.0
776 711 1.0
777 124 1.0
777 478 1.0
777 491 1.0
777 681 1.0
777 771 1.0
777 885 1.0
777 927 1.0
778 9 1.0
778 71 1.0
778 236 1.0
778 261 1.0
778 448 1.0
778 543 1.0
778 841 1.0
778 858 1.0
778 884 1.0
779 32 1.0
779 374 1.0
779 468 1.0
779 519 1.0
779 705 1.0
779 947 1.0
780 35 1.0
780 188 1.0
780 197 1.0
780 342 1.0
780 433 1.0
780 439 1.0
780 452 1.0
780 504 1.0
780 573 1.0
780 688 1.0
780 774 1.0
781 22 1.0
781 58 1.0
781 131 1.0
781 138 1.0
781 279 1.0
781 312 1.0
781 322 1.0
781 367 1.0
781 374 1.0
781 543 1.0
781 683 1.0
781 818 1.0
782 194 1.0
782 403 1.0
782 484 1.0
782 525 1.0
782 622 1.0
782 703 1.0
782 737 1.0
783 80 1.0
783 122 1.0
783 147 1.0
783 149 1.0
783 237 1.0
783 318 1.0
783 374 1.0
783 402 1.0
783 430 1.0
783 458 1.0
783 525 1.0
783 628 1.0
783 666 1.0
783 693 1.0
783 772 1.0
783 805 1.0
783 824 1.0
784 142 1.0
784 334 1.0
784 464 1.0
784 498 1.0
784 580 1.0
784 760 1.0
784 892 1.0
785 16 1.0
785 18 1.0
785 80 1.0
785 182 1.0
785 215 1.0
785 315 1.0
785 316 1.0
785 338 1.0
785 587 1.0
785 598 1.0
785 673 1.0
785 756 1.0
785 767 1.0
785 928 1.0
786 12 1.0
786 100 1.0
786 101 1.0
786 254 1.0
786 300 1.0
786 311 1.0
786 348 1.0
786 392 1.0
786 492 1.0
786 771 1.0
787 154 1.0
787 160 1.0
787 216 1.0
787 354 1.0
787 379 1.0
787 407 1.0
787 433 1.0
787 467 1.0
787 469 1.0
787 758 1.0
787 797 1.0
787 824 1.0
787 837 1.0
788 63 1.0
788 264 1.0
788 297 1.0
788 682 1.0
788 688 1.0
788 721 1.0
788 908 1.0
789 7 1.0
789 174 1.0
789 336 1.0
789 386 1.0
789 523 1.0
789 603 1.0
789 626 1.0
789 636 1.0
789 712 1.0
789 812 1.0
789 831 1.0
789 849 1.0
789 874 1.0
790 245 1.0
790 290 1.0
790 379 1.0
790 530 1.0
790 566 1.0
790 634 1.0
791 124 1.0
791 285 1.0
791 315 1.0
791 334 1.0
791 583 1.0
791 632 1.0
791 647 1.0
791 821 1.0
791 911 1.0
792 20 1.0
792 72 1.0
792 163 1.0
792 276 1.0
792 504 1.0
792 721 1.0
792 899 1.0
792 928 1.0
793 123 1.0
793 443 1.0
793 594 1.0
793 695 1.0
793 775 1.0
793 843 1.0
794 177 1.0
794 267 1.0
794 566 1.0
794 787 1.0
794 903 1.0
795 8 1.0
795 12 1.0
795 103 1.0
795 213 1.0
795 220 1.0
795 462 1.0
795 476 1.0
795 668 1.0
795 710 1.0
795 806 1.0
795 860 1.0
795 965 1.0
796 1 1.0
796 57 1.0
796 141 1.0
796 226 1.0
796 275 1.0
796 277 1.0
796 341 1.0
796 791 1.0
796 872 1.0
797 131 1.0
797 225 1.0
797 378 1.0
797 463 1.0
797 522 1.0
797 627 1.0
797 685 1.0
797 766 1.0
797 800 1.0
797 862 1.0
798 82 1.0
798 228 1.0
798 298 1.0
798 500 1.0
798 810 1.0
799 60 1.0
799 77 1.0
799 184 1.0
799 427 1.0
799 688 1.0
800 130 1.0
800 134 1.0
800 226 1.0
800 269 1.0
800 333 1.0
800 793 1.0
800 852 1.0
801 122 1.0
801 354 1.0
801 383 1.0
801 705 1.0
801 831 1.0
801 833 1.0
802 106 1.0
802 238 1.0
802 244 1.0
802 306 1.0
802 671 1.0
802 700 1.0
802 724 1.0
802 760 1.0
802 873 1.0
803 57 1.0
803 100 1.0
803 102 1.0
803 207 1.0
803 304 1.0
803 593 1.0
803 774 1.0
803 992 1.0
803 994 1.0
804 85 1.0
804 117 1.0
804 172 1.0
804 205 1.0
804 216 1.0
804 329 1.0
804 421 1.0
804 458 1.0
804 514 1.0
804 688 1.0
804 705 1.0
804 766 1.0
804 793 1.0
805 33 1.0
805 166 1.0
805 286 1.0
805 385 1.0
805 434 1.0
805 645 1.0
806 86 1.0
806 263 1.0
806 367 1.0
806 565 1.0
806 607 1.0
806 628 1.0
806 646 1.0
806 959 1.0
807 152 1.0
807 248 1.0
807 272 1.0
807 301 1.0
807 808 1.0
807 959 1.0
807 965 1.0
808 271 1.0
808 287 1.0
808 323 1.0
808 448 1.0
808 500 1.0
808 552 1.0
808 625 1.0
808 646 1.0
808 651 1.0
808 693 1.0
808 848 1.0
809 17 1.0
809 225 1.0
809 231 1.0
809 511 1.0
809 723 1.0
809 823 1.0
809 835 1.0
809 842 1.0
809 913 1.0
809 967 1.0
810 42 1.0
810 174 1.0
810 254 1.0
810 695 1.0
810 699 1.0
810 812 1.0
810 817 1.0
811 24 1.0
811 146 1.0
811 204 1.0
811 336 1.0
811 343 1.0
811 384 1.0
811 419 1.0
811 544 1.0
811 557 1.0
811 636 1.0
811 781 1.0
811 963 1.0
812 14 1.0
812 187 1.0
812 380 1.0
812 407 1.0
812 484 1.0
812 541 1.0
812 696 1.0
812 882 1.0
812 934 1.0
813 11 1.0
813 196 1.0
813 241 1.0
813 610 1.0
813 686 1.0
813 704 1.0
813 729 1.0
813 754 1.0
813 864 1.0
814 148 1.0
814 203 1.0
814 284 1.0
814 421 1.0
814 425 1.0
814 494 1.0
814 703 1.0
815 24 1.0
815 145 1.0
815 210 1.0
815 346 1.0
815 645 1.0
815 714 1.0
815 725 1.0
815 730 1.0
815 760 1.0
815 974 1.0
816 54 1.0
816 61 1.0
816 275 1.0
816 717 1.0
816 973 1.0
817 188 1.0
817 273 1.0
817 319 1.0
817 320 1.0
817 451 1.0
817 483 1.0
817 610 1.0
818 33 1.0
818 34 1.0
818 57 1.0
818 242 1.0
818 449 1.0
818 465 1.0
818 798 1.0
818 912 1.0
819 45 1.0
819 321 1.0
819 332 1.0
819 338 1.0
819 372 1.0
819 552 1.0
819 671 1.0
819 683 1.0
819 694 1.0
819 784 1.0
819 886 1.0
820 574 1.0
820 602 1.0
820 852 1.0
821 167 1.0
821 506 1.0
821 618 1.0
821 796 1.0
821 815 1.0
821 939 1.0
822 17 1.0
822 29 1.0
822 44 1.0
822 174 1.0
822 223 1.0
822 263 1.0
822 287 1.0
822 301 1.0
822 370 1.0
822 493 1.0
822 664 1.0
822 712 1.0
822 777 1.0
822 826 1.0
823 178 1.0
823 228 1.0
823 551 1.0
823 561 1.0
823 686 1.0
823 989 1.0
824 108 1.0
824 242 1.0
824 249 1.0
824 298 1.0
824 375 1.0
824 583 1.0
825 131 1.0
825 146 1.0
825 324 1.0
825 339 1.0
825 407 1.0
825 491 1.0
825 813 1.0
826 4 1.0
826 99 1.0
826 240 1.0
826 487 1.0
826 666 1.0
826 763 1.0
826 896 1.0
827 49 1.0
827 69 1.0
827 315 1.0
827 334 1.0
827 494 1.0
827 547 1.0
827 644 1.0
827 654 1.0
827 747 1.0
827 902 1.0
827 913 1.0
828 168 1.0
828 258 1.0
828 328 1.0
828 407 1.0
828 492 1.0
828 657 1.0
828 831 1.0
829 122 1.0
829 125 1.0
829 342 1.0
829 347 1.0
829 601 1.0
829 622 1.0
829 692 1.0
829 882 1.0
830 19 1.0
830 39 1.0
830 151 1.0
830 318 1.0
830 350 1.0
830 475 1.0
830 615 1.0
830 634 1.0
830 697 1.0
831 37 1.0
831 178 1.0
831 253 1.0
831 355 1.0
831 412 1.0
831 638 1.0
831 643 1.0
832 429 1.0
832 544 1.0
832 556 1.0
832 666 1.0
832 708 1.0
832 788 1.0
832 846 1.0
833 22 1.0
833 43 1.0
833 62 1.0
833 176 1.0
833 376 1.0
833 411 1.0
833 632 1.0
833 818 1.0
833 854 1.0
833 926 1.0
834 5 1.0
834 68 1.0
834 81 1.0
834 196 1.0
834 513 1.0
834 611 1.0
834 633 1.0
834 716 1.0
834 793 1.0
835 205 1.0
835 831 1.0
835 847 1.0
836 138 1.0
836 143 1.0
836 211 1.0
836 418 1.0
836 491 1.0
836 623 1.0
836 740 1.0
836 764 1.0
836 813 1.0
836 862 1.0
836 872 1.0
837 46 1.0
837 70 1.0
837 192 1.0
837 243 1.0
837 317 1.0
837 348 1.0
837 558 1.0
837 587 1.0
837 630 1.0
837 758 1.0
837 785 1.0
838 82 1.0
838 187 1.0
838 203 1.0
838 340 1.0
838 364 1.0
838 372 1.0
838 452 1.0
838 494 1.0
838 595 1.0
838 597 1.0
838 713 1.0
838 886 1.0
838 967 1.0
839 158 1.0
839 406 1.0
839 440 1.0
839 476 1.0
839 741 1.0
840 107 1.0
840 347 1.0
840 362 1.0
840 388 1.0
840 849 1.0
841 134 1.0
841 135 1.0
841 139 1.0
841 170 1.0
841 181 1.0
841 190 1.0
841 474 1.0
841 563 1.0
841 674 1.0
841 744 1.0
841 756 1.0
842 27 1.0
842 81 1.0
842 232 1.0
842 259 1.0
842 319 1.0
842 322 1.0
842 422 1.0
842 449 1.0
842 656 1.0
842 677 1.0
842 736 1.0
842 952 1.0
843 130 1.0
843 306 1.0
843 385 1.0
843 611 1.0
843 621 1.0
843 673 1.0
843 674 1.0
843 801 1.0
844 134 1.0
844 263 1.0
844 293 1.0
844 342 1.0
844 397 1.0
844 657 1.0
844 838 1.0
844 906 1.0
844 949 1.0
845 6 1.0
845 83 1.0
845 89 1.0
845 95 1.0
845 165 1.0
845 362 1.0
845 418 1.0
845 656 1.0
845 741 1.0
845 887 1.0
846 134 1.0
846 438 1.0
846 439 1.0
846 575 1.0
846 578 1.0
846 650 1.0
846 651 1.0
846 683 1.0
846 899 1.0
847 242 1.0
847 280 1.0
847 371 1.0
847 808 1.0
847 810 1.0
848 26 1.0
848 29 1.0
848 57 1.0
848 121 1.0
848 150 1.0
848 446 1.0
848 514 1.0
848 975 1.0
849 2 1.0
849 80 1.0
849 145 1.0
849 320 1.0
849 471 1.0
849 523 1.0
849 601 1.0
849 632 1.0
849 779 1.0
849 844 1.0
850 79 1.0
850 263 1.0
850 626 1.0
850 715 1.0
850 853 1.0
850 863 1.0
851 29 1.0
851 73 1.0
851 325 1.0
851 340 1.0
851 359 1.0
851 404 1.0
851 490 1.0
851 493 1.0
851 644 1.0
851 992 1.0
852 682 1.0
852 690 1.0
852 860 1.0
853 499 1.0
853 522 1.0
853 585 1.0
853 640 1.0
853 828 1.0
853 856 1.0
854 76 1.0
854 157 1.0
854 203 1.0
854 271 1.0
854 341 1.0
854 404 1.0
854 540 1.0
854 708 1.0
854 769 1.0
855 69 1.0
855 88 1.0
855 167 1.0
855 180 1.0
855 200 1.0
855 334 1.0
855 396 1.0
855 424 1.0
855 574 1.0
855 623 1.0
856 42 1.0
856 111 1.0
856 625 1.0
856 749 1.0
856 971 1.0
857 3 1.0
857 36 1.0
857 377 1.0
857 511 1.0
857 623 1.0
857 991 1.0
858 183 1.0
858 248 1.0
858 458 1.0
858 487 1.0
859 197 1.0
859 289 1.0
859 326 1.0
859 349 1.0
859 525 1.0
859 591 1.0
859 650 1.0
859 712 1.0
859 753 1.0
859 849 1.0
860 77 1.0
860 218 1.0
860 326 1.0
860 433 1.0
860 455 1.0
860 546 1.0
860 680 1.0
860 778 1.0
861 114 1.0
861 181 1.0
861 235 1.0
861 245 1.0
861 376 1.0
861 378 1.0
861 448 1.0
861 546 1.0
861 586 1.0
861 971 1.0
862 38 1.0
862 144 1.0
862 194 1.0
862 245 1.0
862 287 1.0
862 380 1.0
862 466 1.0
862 582 1.0
862 653 1.0
862 776 1.0
862 820 1.0
863 63 1.0
863 258 1.0
864 8 1.0
864 199 1.0
864 307 1.0
864 375 1.0
864 627 1.0
864 686 1.0
864 710 1.0
864 772 1.0
864 785 1.0
864 824 1.0
864 859 1.0
865 124 1.0
865 162 1.0
865 313 1.0
865 483 1.0
865 573 1.0
865 712 1.0
865 739 1.0
865 784 1.0
865 875 1.0
865 999 1.0
866 83 1.0
866 167 1.0
866 399 1.0
866 560 1.0
866 561 1.0
866 571 1.0
866 647 1.0
867 25 1.0
867 81 1.0
867 107 1.0
867 189 1.0
867 224 1.0
867 270 1.0
867 281 1.0
867 547 1.0
867 560 1.0
867 663 1.0
868 430 1.0
868 814 1.0
869 163 1.0
869 337 1.0
869 384 1.0
869 561 1.0
869 591 1.0
869 630 1.0
869 654 1.0
869 682 1.0
869 687 1.0
869 710 1.0
869 723 1.0
869 882 1.0
869 899 1.0
869 912 1.0
870 22 1.0
870 71 1.0
870 87 1.0
870 108 1.0
870 266 1.0
870 320 1.0
870 347 1.0
870 419 1.0
870 690 1.0
870 794 1.0
870 878 1.0
871 130 1.0
871 503 1.0
871 651 1.0
871 738 1.0
871 993 1.0
872 209 1.0
872 255 1.0
872 372 1.0
872 539 1.0
872 607 1.0
872 721 1.0
872 794 1.0
873 213 1.0
873 220 1.0
873 381 1.0
873 387 1.0
873 539 1.0
873 610 1.0
873 647 1.0
873 786 1.0
873 883 1.0
873 943 1.0
874 0 1.0
874 86 1.0
874 537 1.0
874 652 1.0
874 752 1.0
874 802 1.0
875 6 1.0
875 125 1.0
875 275 1.0
875 349 1.0
875 446 1.0
875 812 1.0
875 851 1.0
876 63 1.0
876 117 1.0
876 229 1.0
876 235 1.0
876 482 1.0
876 509 1.0
876 523 1.0
876 673 1.0
876 709 1.0
876 881 1.0
877 163 1.0
877 183 1.0
877 219 1.0
877 478 1.0
877 503 1.0
877 579 1.0
877 641 1.0
877 660 1.0
877 764 1.0
877 862 1.0
878 149 1.0
878 207 1.0
878 223 1.0
878 535 1.0
878 536 1.0
878 542 1.0
878 561 1.0
878 562 1.0
878 680 1.0
878 774 1.0
878 845 1.0
879 55 1.0
879 110 1.0
879 214 1.0
879 367 1.0
879 484 1.0
879 543 1.0
879 601 1.0
879 786 1.0
880 5 1.0
880 176 1.0
880 316 1.0
880 360 1.0
880 363 1.0
880 581 1.0
880 692 1.0
880 732 1.0
880 857 1.0
880 903 1.0
881 164 1.0
881 398 1.0
881 422 1.0
881 445 1.0
881 489 1.0
881 504 1.0
881 703 1.0
881 801 1.0
882 44 1.0
882 94 1.0
882 198 1.0
882 276 1.0
882 370 1.0
882 374 1.0
882 425 1.0
883 152 1.0
883 162 1.0
883 339 1.0
883 387 1.0
883 658 1.0
883 741 1.0
883 899 1.0
883 917 1.0
883 957 1.0
884 162 1.0
884 214 1.0
884 285 1.0
884 349 1.0
884 398 1.0
884 402 1.0
884 528 1.0
884 561 1.0
884 589 1.0
884 655 1.0
884 685 1.0
884 882 1.0
885 26 1.0
885 36 1.0
885 154 1.0
885 215 1.0
885 231 1.0
885 305 1.0
885 394 1.0
885 563 1.0
885 619 1.0
885 690 1.0
885 707 1.0
885 816 1.0
885 818 1.0
886 190 1.0
886 299 1.0
886 458 1.0
886 577 1.0
886 732 1.0
886 819 1.0
887 26 1.0
887 41 1.0
887 165 1.0
887 245 1.0
887 352 1.0
887 625 1.0
887 799 1.0
888 23 1.0
888 455 1.0
888 483 1.0
888 489 1.0
888 591 1.0
888 731 1.0
888 929 1.0
889 290 1.0
889 294 1.0
889 341 1.0
889 511 1.0
889 549 1.0
889 610 1.0
889 668 1.0
889 740 1.0
890 586 1.0
890 611 1.0
890 701 1.0
890 846 1.0
890 872 1.0
891 94 1.0
891 232 1.0
891 337 1.0
891 714 1.0
891 896 1.0
891 904 1.0
892 256 1.0
892 481 1.0
892 587 1.0
892 738 1.0
893 102 1.0
893 461 1.0
893 514 1.0
893 622 1.0
893 739 1.0
893 787 1.0
893 852 1.0
894 22 1.0
894 78 1.0
894 204 1.0
894 226 1.0
894 283 1.0
894 294 1.0
894 413 1.0
894 605 1.0
894 675 1.0
895 211 1.0
895 224 1.0
895 465 1.0
896 9 1.0
896 78 1.0
896 228 1.0
896 293 1.0
896 447 1.0
896 779 1.0
896 898 1.0
897 34 1.0
897 300 1.0
897 373 1.0
897 572 1.0
897 636 1.0
897 793 1.0
897 820 1.0
897 861 1.0
897 867 1.0
898 104 1.0
898 125 1.0
898 185 1.0
898 217 1.0
898 429 1.0
898 436 1.0
898 513 1.0
898 578 1.0
898 637 1.0
898 669 1.0
898 756 1.0
898 831 1.0
898 945 1.0
899 30 1.0
899 257 1.0
899 282 1.0
899 319 1.0
899 404 1.0
900 153 1.0
900 243 1.0
900 247 1.0
900 274 1.0
900 344 1.0
900 363 1.0
900 954 1.0
900 981 1.0
901 65 1.0
901 626 1.0
901 771 1.0
901 975 1.0
902 44 1.0
902 66 1.0
902 112 1.0
902 214 1.0
902 217 1.0
902 278 1.0
902 312 1.0
902 365 1.0
902 455 1.0
902 489 1.0
902 564 1.0
902 827 1.0
902 923 1.0
903 398 1.0
903 456 1.0
903 539 1.0
903 633 1.0
903 794 1.0
903 880 1.0
903 908 1.0
903 917 1.0
903 974 1.0
904 306 1.0
904 354 1.0
904 533 1.0
904 891 1.0
905 18 1.0
905 83 1.0
905 91 1.0
905 108 1.0
905 116 1.0
905 178 1.0
905 486 1.0
905 571 1.0
905 606 1.0
906 22 1.0
906 159 1.0
906 229 1.0
906 437 1.0
906 485 1.0
906 568 1.0
906 597 1.0
906 615 1.0
906 660 1.0
906 771 1.0
906 844 1.0
907 52 1.0
907 145 1.0
907 204 1.0
907 227 1.0
907 736 1.0
907 915 1.0
908 33 1.0
908 152 1.0
908 224 1.0
908 246 1.0
908 306 1.0
908 362 1.0
908 600 1.0
908 613 1.0
908 728 1.0
908 788 1.0
908 903 1.0
908 986 1.0
909 1 1.0
909 319 1.0
909 656 1.0
909 980 1.0
909 992 1.0
910 24 1.0
910 53 1.0
910 380 1.0
910 620 1.0
911 367 1.0
911 368 1.0
911 427 1.0
911 791 1.0
912 4 1.0
912 42 1.0
912 118 1.0
912 166 1.0
912 205 1.0
912 589 1.0
912 818 1.0
912 869 1.0
913 7 1.0
913 110 1.0
913 293 1.0
913 543 1.0
913 809 1.0
913 827 1.0
914 106 1.0
914 113 1.0
914 360 1.0
914 378 1.0
914 554 1.0
915 0 1.0
915 108 1.0
915 356 1.0
915 416 1.0
915 538 1.0
915 907 1.0
916 193 1.0
916 261 1.0
916 293 1.0
916 352 1.0
916 398 1.0
916 529 1.0
916 545 1.0
916 549 1.0
916 708 1.0
917 64 1.0
917 98 1.0
917 310 1.0
917 608 1.0
917 743 1.0
917 883 1.0
917 903 1.0
918 97 1.0
918 214 1.0
918 505 1.0
918 740 1.0
919 56 1.0
919 218 1.0
919 284 1.0
919 321 1.0
919 358 1.0
920 62 1.0
920 98 1.0
920 170 1.0
920 579 1.0
921 3 1.0
921 102 1.0
921 306 1.0
921 545 1.0
922 23 1.0
922 202 1.0
922 350 1.0
922 459 1.0
922 932 1.0
923 79 1.0
923 316 1.0
923 342 1.0
923 398 1.0
923 645 1.0
923 654 1.0
923 680 1.0
923 902 1.0
924 105 1.0
924 153 1.0
924 157 1.0
924 197 1.0
925 12 1.0
925 32 1.0
925 521 1.0
925 526 1.0
925 721 1.0
926 133 1.0
926 185 1.0
926 223 1.0
926 226 1.0
926 508 1.0
926 715 1.0
926 770 1.0
926 833 1.0
926 930 1.0
927 218 1.0
927 380 1.0
927 450 1.0
927 515 1.0
927 606 1.0
927 777 1.0
927 946 1.0
927 973 1.0
928 202 1.0
928 234 1.0
928 313 1.0
928 403 1.0
928 561 1.0
928 696 1.0
928 785 1.0
928 792 1.0
929 11 1.0
929 104 1.0
929 216 1.0
929 594 1.0
929 757 1.0
929 888 1.0
930 121 1.0
930 159 1.0
930 220 1.0
930 375 1.0
930 474 1.0
930 720 1.0
930 926 1.0
931 5 1.0
931 13 1.0
931 70 1.0
931 410 1.0
931 568 1.0
931 711 1.0
931 722 1.0
932 14 1.0
932 71 1.0
932 238 1.0
932 278 1.0
932 922 1.0
933 136 1.0
933 213 1.0
933 290 1.0
933 968 1.0
934 54 1.0
934 287 1.0
934 328 1.0
934 487 1.0
934 812 1.0
935 129 1.0
935 193 1.0
935 217 1.0
935 705 1.0
936 8 1.0
936 16 1.0
936 26 1.0
936 224 1.0
936 601 1.0
936 629 1.0
936 641 1.0
936 738 1.0
936 937 1.0
937 21 1.0
937 252 1.0
937 385 1.0
937 472 1.0
937 525 1.0
937 583 1.0
937 646 1.0
937 936 1.0
938 9 1.0
938 78 1.0
938 95 1.0
938 244 1.0
938 310 1.0
938 603 1.0
939 45 1.0
939 67 1.0
939 306 1.0
939 429 1.0
939 525 1.0
939 533 1.0
939 716 1.0
939 821 1.0
940 37 1.0
940 72 1.0
940 86 1.0
940 248 1.0
940 362 1.0
940 588 1.0
940 962 1.0
941 12 1.0
941 67 1.0
941 72 1.0
941 293 1.0
941 333 1.0
941 385 1.0
941 422 1.0
941 553 1.0
941 648 1.0
942 54 1.0
942 111 1.0
942 227 1.0
942 272 1.0
942 384 1.0
943 40 1.0
943 73 1.0
943 80 1.0
943 109 1.0
943 200 1.0
943 648 1.0
943 664 1.0
943 713 1.0
943 873 1.0
944 78 1.0
944 211 1.0
944 544 1.0
944 583 1.0
945 100 1.0
945 207 1.0
945 255 1.0
945 517 1.0
945 571 1.0
945 581 1.0
945 898 1.0
945 983 1.0
946 67 1.0
946 537 1.0
946 677 1.0
946 775 1.0
946 927 1.0
946 964 1.0
947 105 1.0
947 185 1.0
947 390 1.0
947 596 1.0
947 779 1.0
948 29 1.0
948 72 1.0
948 103 1.0
948 497 1.0
948 604 1.0
948 634 1.0
949 13 1.0
949 209 1.0
949 513 1.0
949 844 1.0
950 35 1.0
950 101 1.0
950 304 1.0
950 402 1.0
950 966 1.0
951 35 1.0
951 55 1.0
951 119 1.0
951 235 1.0
951 276 1.0
951 307 1.0
951 513 1.0
951 565 1.0
951 970 1.0
952 10 1.0
952 46 1.0
952 250 1.0
952 426 1.0
952 734 1.0
952 842 1.0
953 4 1.0
953 102 1.0
953 120 1.0
953 556 1.0
953 693 1.0
954 25 1.0
954 51 1.0
954 140 1.0
954 186 1.0
954 356 1.0
954 598 1.0
954 681 1.0
954 900 1.0
954 970 1.0
955 165 1.0
955 309 1.0
955 312 1.0
955 377 1.0
955 432 1.0
955 461 1.0
956 2 1.0
956 52 1.0
956 116 1.0
956 168 1.0
956 650 1.0
956 695 1.0
957 276 1.0
957 321 1.0
957 393 1.0
957 472 1.0
957 517 1.0
957 538 1.0
957 646 1.0
957 883 1.0
958 56 1.0
958 65 1.0
958 72 1.0
958 132 1.0
958 395 1.0
958 536 1.0
958 662 1.0
959 2 1.0
959 144 1.0
959 314 1.0
959 371 1.0
959 525 1.0
959 537 1.0
959 578 1.0
959 709 1.0
959 806 1.0
959 807 1.0
960 98 1.0
960 122 1.0
960 139 1.0
960 312 1.0
960 662 1.0
961 117 1.0
961 149 1.0
961 278 1.0
961 281 1.0
961 351 1.0
961 530 1.0
961 973 1.0
962 68 1.0
962 81 1.0
962 387 1.0
962 564 1.0
962 940 1.0
963 16 1.0
963 199 1.0
963 215 1.0
963 529 1.0
963 530 1.0
963 544 1.0
963 811 1.0
964 352 1.0
964 414 1.0
964 688 1.0
964 946 1.0
965 37 1.0
965 134 1.0
965 162 1.0
965 409 1.0
965 795 1.0
965 807 1.0
966 8 1.0
966 9 1.0
966 14 1.0
966 205 1.0
966 727 1.0
966 950 1.0
967 111 1.0
967 361 1.0
967 718 1.0
967 809 1.0
967 838 1.0
968 164 1.0
968 420 1.0
968 616 1.0
968 933 1.0
969 16 1.0
969 18 1.0
969 150 1.0
969 362 1.0
970 109 1.0
970 264 1.0
970 347 1.0
970 429 1.0
970 772 1.0
970 951 1.0
970 954 1.0
971 8 1.0
971 34 1.0
971 58 1.0
971 242 1.0
971 856 1.0
971 861 1.0
972 75 1.0
972 143 1.0
972 565 1.0
972 634 1.0
972 645 1.0
973 69 1.0
973 816 1.0
973 927 1.0
973 961 1.0
974 96 1.0
974 529 1.0
974 815 1.0
974 903 1.0
975 229 1.0
975 574 1.0
975 629 1.0
975 848 1.0
975 901 1.0
976 34 1.0
976 124 1.0
976 194 1.0
976 196 1.0
977 28 1.0
977 184 1.0
977 227 1.0
977 538 1.0
977 684 1.0
978 12 1.0
978 86 1.0
978 333 1.0
978 537 1.0
979 69 1.0
979 86 1.0
979 156 1.0
979 219 1.0
979 419 1.0
980 32 1.0
980 56 1.0
980 60 1.0
980 141 1.0
980 477 1.0
980 605 1.0
980 909 1.0
981 287 1.0
981 296 1.0
981 436 1.0
981 900 1.0
982 40 1.0
982 43 1.0
982 186 1.0
982 275 1.0
982 327 1.0
982 607 1.0
983 8 1.0
983 27 1.0
983 56 1.0
983 307 1.0
983 321 1.0
983 425 1.0
983 945 1.0
984 48 1.0
984 132 1.0
984 321 1.0
984 522 1.0
984 611 1.0
985 38 1.0
985 80 1.0
985 134 1.0
985 262 1.0
985 274 1.0
985 487 1.0
986 21 1.0
986 31 1.0
986 71 1.0
986 80 1.0
986 134 1.0
986 175 1.0
986 466 1.0
986 908 1.0
987 17 1.0
987 77 1.0
987 164 1.0
987 582 1.0
988 6 1.0
988 18 1.0
988 26 1.0
988 658 1.0
989 25 1.0
989 41 1.0
989 113 1.0
989 823 1.0
990 2 1.0
990 113 1.0
990 241 1.0
990 364 1.0
991 15 1.0
991 203 1.0
991 327 1.0
991 526 1.0
991 857 1.0
992 7 1.0
992 456 1.0
992 539 1.0
992 595 1.0
992 803 1.0
992 851 1.0
992 909 1.0
993 10 1.0
993 84 1.0
993 486 1.0
993 871 1.0
994 5 1.0
994 37 1.0
994 95 1.0
994 275 1.0
994 321 1.0
994 803 1.0
995 35 1.0
995 283 1.0
995 513 1.0
995 642 1.0
995 691 1.0
996 6 1.0
996 79 1.0
996 164 1.0
996 570 1.0
997 19 1.0
997 322 1.0
997 347 1.0
997 582 1.0
998 41 1.0
998 455 1.0
998 500 1.0
998 526 1.0
999 64 1.0
999 96 1.0
999 133 1.0
999 164 1.0
999 250 1.0
999 865 1.0
