0 94 1.0
0 221 1.0
0 297 1.0
0 384 1.0
0 634 1.0
0 846 1.0
0 914 1.0
0 957 1.0
1 198 1.0
1 286 1.0
1 385 1.0
1 418 1.0
1 528 1.0
1 659 1.0
1 739 1.0
1 787 1.0
1 825 1.0
1 932 1.0
1 937 1.0
1 985 1.0
2 221 1.0
2 729 1.0
2 744 1.0
2 774 1.0
2 782 1.0
2 889 1.0
2 902 1.0
2 920 1.0
2 975 1.0
3 208 1.0
3 210 1.0
3 633 1.0
3 656 1.0
3 747 1.0
3 767 1.0
3 769 1.0
3 965 1.0
4 94 1.0
4 135 1.0
4 238 1.0
4 335 1.0
4 585 1.0
4 608 1.0
4 642 1.0
4 787 1.0
5 135 1.0
5 191 1.0
5 266 1.0
5 345 1.0
5 596 1.0
5 758 1.0
5 857 1.0
5 910 1.0
6 89 1.0
6 103 1.0
6 176 1.0
6 185 1.0
6 211 1.0
6 213 1.0
6 226 1.0
6 281 1.0
6 425 1.0
6 457 1.0
6 562 1.0
6 659 1.0
6 706 1.0
6 714 1.0
7 56 1.0
7 392 1.0
7 438 1.0
7 496 1.0
7 497 1.0
7 551 1.0
7 692 1.0
7 789 1.0
7 840 1.0
8 535 1.0
8 555 1.0
9 309 1.0
9 369 1.0
9 422 1.0
9 430 1.0
9 479 1.0
9 721 1.0
9 919 1.0
9 930 1.0
9 944 1.0
10 38 1.0
10 115 1.0
10 124 1.0
10 181 1.0
10 294 1.0
10 646 1.0
10 727 1.0
10 728 1.0
11 282 1.0
11 392 1.0
11 406 1.0
11 698 1.0
11 705 1.0
11 810 1.0
11 876 1.0
12 86 1.0
12 379 1.0
12 587 1.0
12 917 1.0
13 110 1.0
13 186 1.0
13 311 1.0
13 676 1.0
13 844 1.0
13 873 1.0
14 710 1.0
14 734 1.0
14 746 1.0
14 886 1.0
15 145 1.0
15 176 1.0
15 220 1.0
15 284 1.0
15 340 1.0
15 599 1.0
15 616 1.0
15 660 1.0
15 673 1.0
15 697 1.0
15 856 1.0
15 989 1.0
16 345 1.0
16 380 1.0
16 383 1.0
16 506 1.0
16 615 1.0
16 636 1.0
16 988 1.0
16 990 1.0
17 228 1.0
17 283 1.0
17 523 1.0
17 590 1.0
17 633 1.0
17 741 1.0
17 936 1.0
18 34 1.0
18 99 1.0
18 151 1.0
18 299 1.0
18 449 1.0
18 620 1.0
18 855 1.0
18 961 1.0
19 5 1.0
19 41 1.0
19 126 1.0
19 238 1.0
19 332 1.0
19 349 1.0
19 363 1.0
19 627 1.0
19 774 1.0
19 845 1.0
19 913 1.0
19 945 1.0
20 68 1.0
20 268 1.0
20 294 1.0
20 510 1.0
20 589 1.0
20 714 1.0
20 794 1.0
20 805 1.0
20 907 1.0
20 947 1.0
20 958 1.0
21 38 1.0
21 170 1.0
21 330 1.0
21 485 1.0
21 486 1.0
21 595 1.0
21 708 1.0
21 827 1.0
21 933 1.0
22 47 1.0
22 240 1.0
22 493 1.0
22 580 1.0
22 588 1.0
22 900 1.0
22 982 1.0
23 54 1.0
23 70 1.0
23 163 1.0
23 355 1.0
23 934 1.0
23 952 1.0
24 178 1.0
24 535 1.0
24 692 1.0
24 898 1.0
25 153 1.0
25 330 1.0
25 344 1.0
25 515 1.0
25 522 1.0
25 861 1.0
25 889 1.0
25 914 1.0
26 3 1.0
26 47 1.0
26 312 1.0
26 352 1.0
26 395 1.0
26 487 1.0
26 511 1.0
26 770 1.0
26 928 1.0
27 309 1.0
27 346 1.0
27 799 1.0
27 961 1.0
28 0 1.0
28 398 1.0
28 459 1.0
28 562 1.0
28 669 1.0
28 766 1.0
28 916 1.0
28 952 1.0
29 11 1.0
29 25 1.0
29 253 1.0
29 275 1.0
29 330 1.0
29 526 1.0
29 590 1.0
29 884 1.0
29 887 1.0
30 34 1.0
30 45 1.0
30 185 1.0
30 189 1.0
30 864 1.0
31 89 1.0
31 166 1.0
31 363 1.0
31 474 1.0
31 582 1.0
31 829 1.0
32 323 1.0
32 513 1.0
32 731 1.0
32 746 1.0
32 786 1.0
32 826 1.0
32 950 1.0
33 50 1.0
33 330 1.0
33 421 1.0
33 525 1.0
33 844 1.0
33 903 1.0
34 0 1.0
34 47 1.0
34 296 1.0
34 590 1.0
34 644 1.0
34 853 1.0
34 859 1.0
34 967 1.0
34 985 1.0
35 281 1.0
35 361 1.0
35 389 1.0
35 458 1.0
35 471 1.0
35 507 1.0
35 567 1.0
35 905 1.0
36 38 1.0
36 117 1.0
36 169 1.0
36 256 1.0
36 435 1.0
36 463 1.0
36 537 1.0
36 605 1.0
36 768 1.0
36 916 1.0
37 57 1.0
37 85 1.0
37 340 1.0
37 887 1.0
37 964 1.0
38 158 1.0
38 225 1.0
38 517 1.0
38 552 1.0
38 795 1.0
38 955 1.0
38 976 1.0
39 169 1.0
39 181 1.0
39 310 1.0
39 408 1.0
39 583 1.0
39 615 1.0
39 646 1.0
39 736 1.0
39 910 1.0
39 966 1.0
39 967 1.0
39 971 1.0
40 258 1.0
40 268 1.0
40 353 1.0
40 386 1.0
40 586 1.0
40 709 1.0
40 828 1.0
40 837 1.0
40 846 1.0
40 913 1.0
40 979 1.0
40 994 1.0
41 303 1.0
41 336 1.0
41 371 1.0
41 409 1.0
41 660 1.0
41 793 1.0
42 50 1.0
42 145 1.0
42 395 1.0
42 532 1.0
42 574 1.0
42 633 1.0
42 670 1.0
42 697 1.0
42 723 1.0
42 963 1.0
43 32 1.0
43 114 1.0
43 153 1.0
43 233 1.0
43 313 1.0
43 359 1.0
43 441 1.0
43 489 1.0
43 549 1.0
43 725 1.0
44 52 1.0
44 302 1.0
44 502 1.0
44 804 1.0
45 398 1.0
45 507 1.0
45 674 1.0
45 755 1.0
45 758 1.0
45 817 1.0
45 818 1.0
46 107 1.0
46 322 1.0
46 393 1.0
46 852 1.0
47 55 1.0
47 270 1.0
47 449 1.0
47 657 1.0
47 659 1.0
48 264 1.0
48 330 1.0
48 331 1.0
48 389 1.0
48 667 1.0
48 683 1.0
48 706 1.0
48 709 1.0
48 761 1.0
49 15 1.0
49 119 1.0
49 144 1.0
49 417 1.0
49 640 1.0
49 729 1.0
49 734 1.0
49 863 1.0
49 910 1.0
49 959 1.0
50 40 1.0
50 71 1.0
50 325 1.0
50 387 1.0
50 454 1.0
50 575 1.0
50 791 1.0
50 930 1.0
50 968 1.0
51 269 1.0
51 272 1.0
51 474 1.0
51 871 1.0
51 936 1.0
52 104 1.0
52 150 1.0
52 186 1.0
52 362 1.0
52 430 1.0
52 649 1.0
52 685 1.0
52 773 1.0
52 808 1.0
52 881 1.0
53 75 1.0
53 86 1.0
53 91 1.0
53 171 1.0
53 186 1.0
53 259 1.0
53 285 1.0
53 510 1.0
53 558 1.0
53 598 1.0
53 726 1.0
53 809 1.0
53 847 1.0
53 850 1.0
53 896 1.0
53 909 1.0
53 961 1.0
54 5 1.0
54 575 1.0
54 619 1.0
55 69 1.0
55 381 1.0
55 396 1.0
55 416 1.0
55 703 1.0
55 717 1.0
56 114 1.0
56 225 1.0
56 237 1.0
56 732 1.0
56 738 1.0
56 925 1.0
57 202 1.0
57 330 1.0
57 489 1.0
57 559 1.0
57 597 1.0
57 792 1.0
57 881 1.0
57 981 1.0
58 270 1.0
58 429 1.0
58 544 1.0
58 887 1.0
58 964 1.0
59 40 1.0
59 161 1.0
59 217 1.0
59 254 1.0
59 365 1.0
59 592 1.0
59 941 1.0
59 953 1.0
60 65 1.0
60 794 1.0
60 950 1.0
60 955 1.0
61 53 1.0
61 144 1.0
61 229 1.0
61 413 1.0
61 601 1.0
61 688 1.0
61 813 1.0
61 842 1.0
62 12 1.0
62 193 1.0
62 218 1.0
62 265 1.0
62 325 1.0
62 481 1.0
62 502 1.0
62 670 1.0
62 840 1.0
63 26 1.0
63 391 1.0
63 431 1.0
63 584 1.0
63 607 1.0
63 803 1.0
63 826 1.0
64 31 1.0
64 175 1.0
64 188 1.0
64 335 1.0
64 454 1.0
64 467 1.0
64 604 1.0
64 670 1.0
64 706 1.0
64 766 1.0
65 28 1.0
65 230 1.0
65 457 1.0
65 480 1.0
65 732 1.0
65 783 1.0
65 896 1.0
65 930 1.0
66 1 1.0
66 21 1.0
66 312 1.0
66 410 1.0
66 584 1.0
66 653 1.0
66 847 1.0
66 945 1.0
66 974 1.0
67 2 1.0
67 171 1.0
67 340 1.0
67 463 1.0
67 517 1.0
67 557 1.0
67 641 1.0
67 728 1.0
67 814 1.0
67 900 1.0
67 911 1.0
68 10 1.0
68 130 1.0
68 336 1.0
68 746 1.0
68 822 1.0
68 917 1.0
68 941 1.0
69 100 1.0
69 161 1.0
69 169 1.0
69 480 1.0
69 505 1.0
69 512 1.0
69 524 1.0
69 547 1.0
69 586 1.0
69 906 1.0
69 924 1.0
70 36 1.0
70 69 1.0
70 125 1.0
70 135 1.0
70 136 1.0
70 139 1.0
70 295 1.0
70 301 1.0
70 302 1.0
70 484 1.0
70 644 1.0
70 872 1.0
70 957 1.0
70 989 1.0
71 82 1.0
71 305 1.0
71 424 1.0
71 549 1.0
71 603 1.0
71 615 1.0
71 651 1.0
71 883 1.0
72 14 1.0
72 89 1.0
72 117 1.0
72 168 1.0
72 919 1.0
73 165 1.0
73 441 1.0
73 534 1.0
73 554 1.0
73 676 1.0
73 857 1.0
73 906 1.0
74 169 1.0
74 194 1.0
74 324 1.0
74 532 1.0
74 629 1.0
74 674 1.0
74 732 1.0
74 777 1.0
74 784 1.0
74 794 1.0
74 820 1.0
75 163 1.0
75 255 1.0
75 313 1.0
75 488 1.0
75 692 1.0
76 57 1.0
76 195 1.0
76 203 1.0
76 493 1.0
76 711 1.0
77 206 1.0
77 312 1.0
77 623 1.0
77 698 1.0
77 834 1.0
77 860 1.0
77 918 1.0
78 245 1.0
78 289 1.0
78 408 1.0
78 889 1.0
79 227 1.0
79 257 1.0
79 491 1.0
79 654 1.0
79 914 1.0
80 110 1.0
80 154 1.0
80 339 1.0
80 403 1.0
80 419 1.0
80 531 1.0
80 756 1.0
80 803 1.0
81 153 1.0
81 160 1.0
81 284 1.0
81 345 1.0
81 456 1.0
81 722 1.0
81 767 1.0
81 926 1.0
81 938 1.0
81 943 1.0
82 29 1.0
82 63 1.0
82 118 1.0
82 146 1.0
82 170 1.0
82 225 1.0
82 639 1.0
82 686 1.0
82 776 1.0
83 4 1.0
83 52 1.0
83 79 1.0
83 311 1.0
83 636 1.0
83 649 1.0
83 676 1.0
84 76 1.0
84 248 1.0
84 752 1.0
84 846 1.0
85 100 1.0
85 173 1.0
85 196 1.0
85 225 1.0
85 429 1.0
85 650 1.0
85 769 1.0
85 771 1.0
85 984 1.0
86 15 1.0
86 325 1.0
86 397 1.0
86 783 1.0
86 958 1.0
87 210 1.0
87 237 1.0
87 256 1.0
87 286 1.0
87 372 1.0
87 432 1.0
87 791 1.0
87 960 1.0
88 40 1.0
88 53 1.0
88 100 1.0
88 137 1.0
88 164 1.0
88 395 1.0
88 456 1.0
88 526 1.0
88 531 1.0
88 796 1.0
88 814 1.0
88 939 1.0
89 58 1.0
89 542 1.0
89 670 1.0
89 905 1.0
89 908 1.0
90 227 1.0
90 660 1.0
91 283 1.0
91 354 1.0
91 358 1.0
91 443 1.0
91 456 1.0
91 550 1.0
91 651 1.0
91 922 1.0
92 13 1.0
92 33 1.0
92 83 1.0
92 168 1.0
92 203 1.0
92 373 1.0
92 481 1.0
92 484 1.0
92 885 1.0
93 266 1.0
93 723 1.0
93 843 1.0
93 925 1.0
94 306 1.0
94 444 1.0
94 536 1.0
94 699 1.0
94 854 1.0
94 872 1.0
94 898 1.0
94 919 1.0
95 239 1.0
95 304 1.0
95 419 1.0
95 425 1.0
95 675 1.0
95 724 1.0
95 922 1.0
96 55 1.0
96 130 1.0
96 528 1.0
96 559 1.0
96 692 1.0
96 776 1.0
96 806 1.0
97 84 1.0
97 125 1.0
97 168 1.0
97 499 1.0
97 562 1.0
97 781 1.0
97 853 1.0
97 991 1.0
98 212 1.0
98 320 1.0
98 459 1.0
98 524 1.0
98 667 1.0
98 685 1.0
98 806 1.0
98 982 1.0
99 138 1.0
99 154 1.0
99 298 1.0
99 374 1.0
99 631 1.0
99 818 1.0
100 185 1.0
100 194 1.0
100 387 1.0
100 390 1.0
100 481 1.0
101 195 1.0
101 232 1.0
101 315 1.0
101 498 1.0
101 565 1.0
101 578 1.0
101 725 1.0
101 749 1.0
101 842 1.0
101 910 1.0
101 927 1.0
102 23 1.0
102 104 1.0
102 142 1.0
102 247 1.0
102 313 1.0
102 331 1.0
102 348 1.0
102 475 1.0
102 558 1.0
102 718 1.0
102 758 1.0
102 885 1.0
103 72 1.0
103 582 1.0
103 817 1.0
103 982 1.0
104 427 1.0
104 504 1.0
104 517 1.0
104 627 1.0
104 649 1.0
104 855 1.0
105 141 1.0
105 155 1.0
105 159 1.0
105 189 1.0
105 257 1.0
105 291 1.0
105 432 1.0
105 492 1.0
105 527 1.0
105 721 1.0
106 54 1.0
106 169 1.0
106 446 1.0
106 496 1.0
106 678 1.0
106 910 1.0
107 66 1.0
107 945 1.0
108 240 1.0
108 346 1.0
108 727 1.0
108 756 1.0
108 930 1.0
108 965 1.0
109 190 1.0
109 267 1.0
109 425 1.0
109 594 1.0
109 710 1.0
109 736 1.0
109 740 1.0
109 868 1.0
109 896 1.0
109 917 1.0
110 83 1.0
110 226 1.0
110 248 1.0
110 353 1.0
110 449 1.0
110 650 1.0
110 777 1.0
111 177 1.0
111 268 1.0
111 305 1.0
111 358 1.0
111 482 1.0
111 521 1.0
111 705 1.0
111 728 1.0
112 70 1.0
112 124 1.0
112 536 1.0
112 758 1.0
113 713 1.0
113 880 1.0
113 912 1.0
113 942 1.0
114 293 1.0
114 300 1.0
114 389 1.0
114 458 1.0
114 460 1.0
114 522 1.0
114 702 1.0
114 758 1.0
114 874 1.0
115 49 1.0
115 360 1.0
115 417 1.0
115 548 1.0
115 558 1.0
115 791 1.0
115 797 1.0
115 822 1.0
115 989 1.0
116 42 1.0
116 142 1.0
116 190 1.0
116 219 1.0
116 265 1.0
116 432 1.0
116 582 1.0
116 691 1.0
116 932 1.0
116 966 1.0
117 14 1.0
117 27 1.0
117 168 1.0
117 199 1.0
117 660 1.0
117 954 1.0
118 294 1.0
118 357 1.0
118 366 1.0
118 827 1.0
119 13 1.0
119 31 1.0
119 114 1.0
119 118 1.0
119 155 1.0
119 168 1.0
119 199 1.0
119 246 1.0
119 278 1.0
119 323 1.0
119 350 1.0
119 402 1.0
119 547 1.0
119 660 1.0
119 983 1.0
120 177 1.0
120 196 1.0
120 210 1.0
120 422 1.0
120 463 1.0
120 609 1.0
120 644 1.0
120 692 1.0
121 244 1.0
121 253 1.0
121 611 1.0
121 987 1.0
122 201 1.0
122 250 1.0
122 546 1.0
122 644 1.0
122 735 1.0
122 775 1.0
122 927 1.0
122 941 1.0
123 102 1.0
123 375 1.0
123 574 1.0
123 683 1.0
123 887 1.0
124 257 1.0
124 315 1.0
124 350 1.0
124 594 1.0
124 683 1.0
124 806 1.0
125 46 1.0
125 65 1.0
125 315 1.0
125 529 1.0
125 908 1.0
126 83 1.0
126 263 1.0
126 274 1.0
126 312 1.0
126 366 1.0
126 394 1.0
126 493 1.0
126 553 1.0
126 653 1.0
126 718 1.0
127 219 1.0
127 241 1.0
127 277 1.0
127 318 1.0
127 401 1.0
127 473 1.0
127 902 1.0
127 983 1.0
128 137 1.0
128 422 1.0
128 490 1.0
128 506 1.0
128 566 1.0
128 987 1.0
129 35 1.0
129 79 1.0
129 133 1.0
129 452 1.0
129 814 1.0
129 876 1.0
129 953 1.0
129 954 1.0
130 48 1.0
130 121 1.0
130 192 1.0
130 565 1.0
130 659 1.0
130 744 1.0
130 782 1.0
130 794 1.0
130 823 1.0
130 853 1.0
130 895 1.0
130 990 1.0
131 105 1.0
131 106 1.0
131 127 1.0
131 309 1.0
131 353 1.0
131 710 1.0
132 3 1.0
132 26 1.0
132 44 1.0
132 194 1.0
132 212 1.0
132 216 1.0
132 436 1.0
132 713 1.0
132 984 1.0
133 308 1.0
133 369 1.0
133 629 1.0
133 675 1.0
133 891 1.0
134 94 1.0
134 131 1.0
134 278 1.0
134 328 1.0
134 479 1.0
134 665 1.0
134 918 1.0
134 942 1.0
135 95 1.0
135 280 1.0
135 514 1.0
136 48 1.0
136 64 1.0
136 99 1.0
136 177 1.0
136 655 1.0
136 875 1.0
136 911 1.0
136 978 1.0
137 147 1.0
137 235 1.0
137 273 1.0
137 469 1.0
137 489 1.0
137 589 1.0
137 748 1.0
137 779 1.0
137 881 1.0
138 8 1.0
138 204 1.0
138 231 1.0
138 255 1.0
138 427 1.0
138 891 1.0
139 7 1.0
139 465 1.0
139 613 1.0
139 624 1.0
139 653 1.0
139 738 1.0
139 904 1.0
139 916 1.0
139 917 1.0
140 176 1.0
140 336 1.0
140 372 1.0
140 375 1.0
140 609 1.0
140 745 1.0
140 808 1.0
140 846 1.0
140 880 1.0
140 929 1.0
140 973 1.0
141 2 1.0
141 34 1.0
141 86 1.0
141 399 1.0
141 414 1.0
141 423 1.0
141 652 1.0
142 102 1.0
142 318 1.0
142 535 1.0
142 630 1.0
142 795 1.0
142 817 1.0
142 939 1.0
143 202 1.0
143 310 1.0
143 405 1.0
143 466 1.0
143 506 1.0
143 507 1.0
143 686 1.0
143 981 1.0
144 30 1.0
144 90 1.0
144 219 1.0
144 471 1.0
144 739 1.0
144 841 1.0
144 874 1.0
145 254 1.0
145 389 1.0
145 434 1.0
145 695 1.0
145 732 1.0
146 35 1.0
146 59 1.0
146 246 1.0
146 346 1.0
146 550 1.0
146 838 1.0
147 117 1.0
147 182 1.0
147 231 1.0
147 380 1.0
147 388 1.0
147 650 1.0
147 821 1.0
148 244 1.0
148 251 1.0
148 284 1.0
148 340 1.0
148 714 1.0
148 766 1.0
148 819 1.0
148 884 1.0
149 10 1.0
149 234 1.0
149 386 1.0
149 396 1.0
149 498 1.0
149 773 1.0
149 800 1.0
150 4 1.0
150 112 1.0
150 169 1.0
150 246 1.0
150 354 1.0
150 356 1.0
150 736 1.0
150 938 1.0
150 939 1.0
151 69 1.0
151 513 1.0
151 636 1.0
151 642 1.0
151 968 1.0
152 22 1.0
152 130 1.0
152 185 1.0
152 321 1.0
152 758 1.0
152 845 1.0
153 237 1.0
153 354 1.0
153 359 1.0
153 382 1.0
153 401 1.0
153 824 1.0
154 36 1.0
154 194 1.0
154 256 1.0
154 409 1.0
154 436 1.0
154 549 1.0
154 561 1.0
154 573 1.0
155 24 1.0
155 104 1.0
155 465 1.0
155 563 1.0
155 673 1.0
155 739 1.0
155 754 1.0
155 820 1.0
156 60 1.0
156 101 1.0
156 106 1.0
156 189 1.0
156 196 1.0
156 321 1.0
156 558 1.0
157 49 1.0
157 89 1.0
157 167 1.0
157 229 1.0
157 260 1.0
157 288 1.0
157 474 1.0
157 487 1.0
157 603 1.0
157 611 1.0
157 683 1.0
157 803 1.0
158 152 1.0
158 183 1.0
158 289 1.0
158 404 1.0
158 470 1.0
158 561 1.0
158 760 1.0
158 813 1.0
158 865 1.0
158 924 1.0
158 964 1.0
159 308 1.0
159 385 1.0
160 61 1.0
160 65 1.0
160 93 1.0
160 169 1.0
160 314 1.0
160 452 1.0
160 569 1.0
160 744 1.0
160 961 1.0
161 19 1.0
161 227 1.0
161 425 1.0
161 430 1.0
161 490 1.0
161 552 1.0
161 967 1.0
162 82 1.0
162 343 1.0
162 363 1.0
162 720 1.0
163 10 1.0
163 66 1.0
163 70 1.0
163 197 1.0
163 216 1.0
163 227 1.0
163 576 1.0
163 773 1.0
163 862 1.0
164 305 1.0
164 935 1.0
164 941 1.0
165 915 1.0
166 218 1.0
166 219 1.0
166 303 1.0
166 663 1.0
166 669 1.0
166 702 1.0
167 184 1.0
167 267 1.0
167 358 1.0
167 526 1.0
167 569 1.0
167 603 1.0
167 742 1.0
167 843 1.0
167 844 1.0
168 179 1.0
168 340 1.0
168 409 1.0
168 534 1.0
168 565 1.0
168 584 1.0
168 867 1.0
169 31 1.0
169 408 1.0
169 606 1.0
169 661 1.0
169 761 1.0
169 927 1.0
170 317 1.0
170 388 1.0
171 0 1.0
171 58 1.0
171 95 1.0
171 226 1.0
171 355 1.0
171 452 1.0
171 484 1.0
171 504 1.0
171 510 1.0
171 616 1.0
171 769 1.0
172 10 1.0
172 75 1.0
172 313 1.0
172 363 1.0
172 466 1.0
172 515 1.0
172 635 1.0
172 661 1.0
172 774 1.0
173 550 1.0
173 574 1.0
173 823 1.0
174 77 1.0
174 201 1.0
174 292 1.0
174 303 1.0
174 351 1.0
174 434 1.0
174 606 1.0
174 640 1.0
174 773 1.0
175 159 1.0
175 312 1.0
175 320 1.0
175 407 1.0
175 408 1.0
175 517 1.0
175 572 1.0
175 605 1.0
175 727 1.0
176 237 1.0
176 415 1.0
176 568 1.0
176 739 1.0
176 783 1.0
176 852 1.0
176 953 1.0
176 955 1.0
176 978 1.0
177 95 1.0
177 312 1.0
177 465 1.0
177 469 1.0
177 492 1.0
177 611 1.0
177 713 1.0
177 812 1.0
177 951 1.0
178 199 1.0
178 212 1.0
178 230 1.0
178 270 1.0
178 272 1.0
178 305 1.0
178 307 1.0
178 378 1.0
178 385 1.0
178 546 1.0
178 583 1.0
178 810 1.0
178 897 1.0
179 83 1.0
179 493 1.0
179 502 1.0
179 909 1.0
180 265 1.0
180 368 1.0
180 493 1.0
180 602 1.0
180 682 1.0
180 753 1.0
180 766 1.0
180 794 1.0
180 902 1.0
180 970 1.0
181 4 1.0
181 160 1.0
181 676 1.0
182 294 1.0
182 495 1.0
182 821 1.0
182 872 1.0
182 940 1.0
183 12 1.0
183 292 1.0
183 354 1.0
183 429 1.0
183 839 1.0
183 863 1.0
184 11 1.0
184 53 1.0
184 104 1.0
184 350 1.0
184 497 1.0
184 608 1.0
184 641 1.0
185 113 1.0
185 192 1.0
185 541 1.0
185 547 1.0
185 595 1.0
185 722 1.0
185 797 1.0
186 120 1.0
186 181 1.0
186 252 1.0
186 270 1.0
186 295 1.0
186 319 1.0
186 353 1.0
186 392 1.0
186 444 1.0
186 481 1.0
186 489 1.0
186 502 1.0
186 612 1.0
186 626 1.0
186 739 1.0
186 867 1.0
186 977 1.0
187 5 1.0
187 69 1.0
187 162 1.0
187 548 1.0
187 764 1.0
187 932 1.0
188 80 1.0
188 124 1.0
188 128 1.0
188 142 1.0
188 237 1.0
188 744 1.0
188 753 1.0
188 767 1.0
188 784 1.0
188 821 1.0
188 880 1.0
189 72 1.0
189 280 1.0
189 695 1.0
189 701 1.0
189 735 1.0
190 15 1.0
190 401 1.0
191 345 1.0
191 567 1.0
191 741 1.0
191 851 1.0
192 172 1.0
192 263 1.0
192 327 1.0
192 386 1.0
192 427 1.0
192 573 1.0
192 699 1.0
192 932 1.0
192 937 1.0
192 987 1.0
193 290 1.0
193 319 1.0
193 412 1.0
193 524 1.0
193 908 1.0
194 52 1.0
194 73 1.0
194 93 1.0
194 418 1.0
194 465 1.0
194 667 1.0
194 761 1.0
195 1 1.0
195 124 1.0
195 190 1.0
195 224 1.0
195 232 1.0
195 323 1.0
195 477 1.0
195 504 1.0
195 738 1.0
195 843 1.0
196 185 1.0
196 525 1.0
196 583 1.0
196 619 1.0
197 54 1.0
197 67 1.0
197 196 1.0
197 310 1.0
197 589 1.0
197 654 1.0
198 10 1.0
198 220 1.0
198 276 1.0
198 310 1.0
198 342 1.0
198 388 1.0
198 478 1.0
198 672 1.0
198 971 1.0
199 59 1.0
199 66 1.0
199 147 1.0
199 357 1.0
199 393 1.0
199 691 1.0
199 751 1.0
200 40 1.0
200 67 1.0
200 190 1.0
200 239 1.0
200 365 1.0
200 419 1.0
200 593 1.0
200 650 1.0
201 40 1.0
201 389 1.0
201 591 1.0
201 780 1.0
201 901 1.0
201 966 1.0
202 103 1.0
202 388 1.0
202 411 1.0
202 453 1.0
202 465 1.0
202 625 1.0
202 666 1.0
202 761 1.0
202 788 1.0
203 81 1.0
203 143 1.0
203 286 1.0
203 474 1.0
203 489 1.0
203 620 1.0
203 649 1.0
203 699 1.0
203 783 1.0
203 948 1.0
204 45 1.0
204 183 1.0
204 396 1.0
204 400 1.0
204 750 1.0
205 263 1.0
205 264 1.0
205 324 1.0
205 383 1.0
205 577 1.0
205 598 1.0
205 725 1.0
205 735 1.0
205 979 1.0
206 22 1.0
206 49 1.0
206 120 1.0
206 374 1.0
206 385 1.0
206 489 1.0
206 546 1.0
206 607 1.0
207 24 1.0
207 225 1.0
207 478 1.0
207 758 1.0
208 36 1.0
208 123 1.0
208 354 1.0
208 396 1.0
208 438 1.0
208 451 1.0
208 587 1.0
208 901 1.0
208 922 1.0
209 4 1.0
209 6 1.0
209 150 1.0
209 260 1.0
209 321 1.0
209 340 1.0
209 371 1.0
209 481 1.0
209 506 1.0
209 716 1.0
209 797 1.0
209 853 1.0
209 865 1.0
210 108 1.0
210 171 1.0
210 253 1.0
210 404 1.0
210 408 1.0
210 898 1.0
211 340 1.0
211 350 1.0
211 557 1.0
211 788 1.0
211 848 1.0
211 960 1.0
212 142 1.0
212 303 1.0
212 350 1.0
212 568 1.0
212 590 1.0
212 635 1.0
212 981 1.0
213 174 1.0
213 178 1.0
213 436 1.0
213 494 1.0
213 838 1.0
214 36 1.0
214 90 1.0
214 178 1.0
214 191 1.0
214 562 1.0
214 699 1.0
215 146 1.0
215 446 1.0
215 762 1.0
215 780 1.0
215 898 1.0
215 907 1.0
216 12 1.0
216 275 1.0
216 286 1.0
216 295 1.0
216 327 1.0
216 629 1.0
216 646 1.0
216 787 1.0
216 800 1.0
216 881 1.0
217 36 1.0
217 44 1.0
217 78 1.0
217 140 1.0
217 223 1.0
218 57 1.0
218 85 1.0
218 438 1.0
218 792 1.0
218 967 1.0
219 61 1.0
219 95 1.0
219 178 1.0
219 186 1.0
219 343 1.0
219 753 1.0
219 898 1.0
220 9 1.0
220 97 1.0
220 266 1.0
220 323 1.0
220 434 1.0
220 454 1.0
220 534 1.0
220 694 1.0
220 784 1.0
220 837 1.0
221 176 1.0
221 189 1.0
221 227 1.0
221 388 1.0
221 633 1.0
221 657 1.0
222 86 1.0
222 112 1.0
222 169 1.0
222 189 1.0
222 719 1.0
222 739 1.0
222 818 1.0
223 32 1.0
223 99 1.0
223 451 1.0
223 565 1.0
223 933 1.0
224 16 1.0
224 276 1.0
224 683 1.0
224 691 1.0
224 994 1.0
225 70 1.0
225 215 1.0
225 515 1.0
225 649 1.0
226 128 1.0
226 317 1.0
226 668 1.0
226 699 1.0
226 787 1.0
227 249 1.0
227 299 1.0
227 389 1.0
227 410 1.0
227 428 1.0
227 477 1.0
227 509 1.0
227 673 1.0
227 689 1.0
227 849 1.0
228 244 1.0
228 306 1.0
228 447 1.0
228 852 1.0
228 947 1.0
229 98 1.0
229 126 1.0
229 317 1.0
229 944 1.0
230 243 1.0
230 379 1.0
230 512 1.0
230 527 1.0
230 564 1.0
230 846 1.0
230 880 1.0
230 883 1.0
231 241 1.0
231 496 1.0
231 591 1.0
231 656 1.0
231 896 1.0
232 209 1.0
232 242 1.0
232 305 1.0
232 603 1.0
232 663 1.0
232 685 1.0
232 811 1.0
232 965 1.0
233 39 1.0
233 55 1.0
233 125 1.0
233 144 1.0
233 297 1.0
233 651 1.0
233 782 1.0
233 802 1.0
234 284 1.0
234 471 1.0
234 612 1.0
234 700 1.0
234 745 1.0
234 779 1.0
235 145 1.0
235 244 1.0
235 278 1.0
235 284 1.0
235 479 1.0
235 713 1.0
235 786 1.0
235 795 1.0
235 895 1.0
236 334 1.0
237 74 1.0
237 252 1.0
237 693 1.0
237 746 1.0
237 788 1.0
238 15 1.0
238 108 1.0
238 260 1.0
238 530 1.0
238 682 1.0
239 60 1.0
239 64 1.0
239 434 1.0
239 443 1.0
239 855 1.0
240 82 1.0
240 397 1.0
240 575 1.0
240 995 1.0
241 320 1.0
241 512 1.0
241 806 1.0
241 830 1.0
242 89 1.0
242 143 1.0
242 352 1.0
242 547 1.0
242 557 1.0
242 605 1.0
242 881 1.0
243 97 1.0
243 333 1.0
243 486 1.0
243 678 1.0
244 327 1.0
244 381 1.0
244 400 1.0
244 543 1.0
244 912 1.0
244 960 1.0
245 267 1.0
245 420 1.0
245 430 1.0
245 844 1.0
245 875 1.0
245 995 1.0
246 86 1.0
246 259 1.0
246 408 1.0
246 480 1.0
246 724 1.0
246 730 1.0
246 765 1.0
246 986 1.0
247 128 1.0
247 233 1.0
247 275 1.0
247 360 1.0
247 744 1.0
247 788 1.0
247 803 1.0
247 846 1.0
247 899 1.0
247 908 1.0
248 11 1.0
248 178 1.0
248 185 1.0
248 328 1.0
248 440 1.0
248 485 1.0
248 593 1.0
248 831 1.0
248 906 1.0
249 130 1.0
249 156 1.0
249 313 1.0
249 359 1.0
249 423 1.0
249 493 1.0
249 519 1.0
249 554 1.0
249 654 1.0
249 887 1.0
249 902 1.0
249 955 1.0
250 342 1.0
250 488 1.0
250 654 1.0
250 825 1.0
250 860 1.0
251 312 1.0
251 574 1.0
251 795 1.0
251 798 1.0
251 849 1.0
251 904 1.0
252 6 1.0
252 102 1.0
252 126 1.0
252 319 1.0
252 513 1.0
252 545 1.0
252 558 1.0
252 858 1.0
252 964 1.0
253 101 1.0
253 257 1.0
253 398 1.0
253 415 1.0
253 447 1.0
253 546 1.0
253 679 1.0
253 855 1.0
254 135 1.0
254 240 1.0
254 253 1.0
254 654 1.0
254 850 1.0
254 878 1.0
254 894 1.0
255 119 1.0
255 174 1.0
255 637 1.0
255 783 1.0
256 1 1.0
256 147 1.0
256 164 1.0
256 171 1.0
256 447 1.0
256 475 1.0
256 564 1.0
256 570 1.0
256 646 1.0
256 775 1.0
256 950 1.0
257 110 1.0
257 170 1.0
257 797 1.0
258 79 1.0
258 139 1.0
258 310 1.0
258 454 1.0
258 493 1.0
258 605 1.0
258 686 1.0
258 711 1.0
258 743 1.0
258 797 1.0
258 874 1.0
259 127 1.0
259 515 1.0
259 692 1.0
260 144 1.0
260 176 1.0
260 182 1.0
260 220 1.0
260 244 1.0
260 425 1.0
260 535 1.0
260 620 1.0
260 693 1.0
260 710 1.0
261 162 1.0
261 211 1.0
261 268 1.0
261 455 1.0
261 484 1.0
261 705 1.0
261 850 1.0
261 982 1.0
262 1 1.0
262 22 1.0
262 125 1.0
262 327 1.0
262 501 1.0
262 551 1.0
262 555 1.0
262 644 1.0
262 719 1.0
262 941 1.0
262 961 1.0
263 195 1.0
263 346 1.0
263 361 1.0
263 464 1.0
263 686 1.0
263 799 1.0
263 967 1.0
263 971 1.0
263 982 1.0
264 17 1.0
264 75 1.0
264 643 1.0
264 683 1.0
264 704 1.0
264 780 1.0
264 785 1.0
264 811 1.0
264 826 1.0
264 900 1.0
265 106 1.0
265 204 1.0
265 286 1.0
265 349 1.0
265 358 1.0
265 558 1.0
265 566 1.0
265 714 1.0
266 54 1.0
266 184 1.0
266 378 1.0
266 739 1.0
266 797 1.0
266 881 1.0
266 901 1.0
267 213 1.0
267 456 1.0
267 596 1.0
267 680 1.0
267 913 1.0
268 70 1.0
268 161 1.0
268 295 1.0
268 348 1.0
268 721 1.0
268 744 1.0
268 942 1.0
269 19 1.0
270 323 1.0
270 415 1.0
270 491 1.0
270 526 1.0
270 528 1.0
270 579 1.0
270 811 1.0
270 830 1.0
270 867 1.0
270 894 1.0
270 904 1.0
271 42 1.0
271 102 1.0
271 111 1.0
271 440 1.0
271 472 1.0
271 690 1.0
271 692 1.0
271 859 1.0
271 888 1.0
272 123 1.0
272 126 1.0
272 231 1.0
272 241 1.0
272 242 1.0
272 684 1.0
272 695 1.0
272 869 1.0
272 870 1.0
272 930 1.0
272 931 1.0
272 977 1.0
273 26 1.0
273 406 1.0
273 487 1.0
273 677 1.0
273 702 1.0
273 829 1.0
273 868 1.0
274 61 1.0
274 376 1.0
274 616 1.0
274 619 1.0
274 770 1.0
274 918 1.0
275 74 1.0
275 126 1.0
275 175 1.0
275 302 1.0
275 490 1.0
275 528 1.0
275 608 1.0
276 30 1.0
276 75 1.0
276 136 1.0
276 176 1.0
276 208 1.0
276 284 1.0
276 291 1.0
276 398 1.0
276 406 1.0
276 452 1.0
276 487 1.0
276 509 1.0
276 843 1.0
276 912 1.0
276 934 1.0
277 34 1.0
277 276 1.0
277 445 1.0
277 578 1.0
277 742 1.0
278 3 1.0
278 345 1.0
278 480 1.0
278 587 1.0
278 666 1.0
278 677 1.0
278 764 1.0
278 787 1.0
278 831 1.0
278 841 1.0
278 914 1.0
279 390 1.0
279 446 1.0
279 569 1.0
279 606 1.0
279 788 1.0
279 965 1.0
280 131 1.0
280 462 1.0
280 466 1.0
280 552 1.0
280 589 1.0
280 627 1.0
280 648 1.0
280 700 1.0
280 719 1.0
280 947 1.0
280 975 1.0
281 65 1.0
281 87 1.0
281 238 1.0
281 239 1.0
281 443 1.0
281 496 1.0
281 778 1.0
282 4 1.0
282 24 1.0
282 164 1.0
282 231 1.0
282 404 1.0
282 483 1.0
282 686 1.0
282 706 1.0
282 806 1.0
282 840 1.0
282 846 1.0
283 158 1.0
283 326 1.0
283 348 1.0
283 395 1.0
283 489 1.0
283 644 1.0
284 460 1.0
284 489 1.0
284 500 1.0
284 602 1.0
284 620 1.0
284 770 1.0
284 904 1.0
285 155 1.0
286 23 1.0
286 49 1.0
286 80 1.0
286 84 1.0
286 90 1.0
286 184 1.0
286 199 1.0
286 353 1.0
286 572 1.0
286 677 1.0
286 798 1.0
286 801 1.0
286 832 1.0
287 210 1.0
287 421 1.0
287 426 1.0
287 543 1.0
287 652 1.0
287 660 1.0
288 49 1.0
288 457 1.0
288 634 1.0
288 723 1.0
288 828 1.0
288 925 1.0
289 191 1.0
289 372 1.0
289 399 1.0
289 544 1.0
289 551 1.0
289 553 1.0
289 635 1.0
289 685 1.0
290 27 1.0
290 138 1.0
290 190 1.0
290 289 1.0
290 333 1.0
290 448 1.0
290 605 1.0
290 650 1.0
290 700 1.0
290 802 1.0
290 842 1.0
290 960 1.0
290 962 1.0
291 129 1.0
291 199 1.0
291 201 1.0
291 230 1.0
291 284 1.0
291 285 1.0
291 292 1.0
291 565 1.0
291 765 1.0
291 781 1.0
292 37 1.0
292 112 1.0
292 506 1.0
292 583 1.0
292 699 1.0
293 130 1.0
293 164 1.0
293 210 1.0
293 338 1.0
293 691 1.0
294 9 1.0
294 77 1.0
294 134 1.0
294 283 1.0
294 329 1.0
294 480 1.0
294 515 1.0
294 630 1.0
294 773 1.0
294 909 1.0
294 931 1.0
295 20 1.0
295 71 1.0
295 78 1.0
295 153 1.0
295 264 1.0
295 558 1.0
295 608 1.0
295 704 1.0
295 833 1.0
296 25 1.0
296 225 1.0
296 226 1.0
296 375 1.0
296 417 1.0
296 507 1.0
297 107 1.0
297 111 1.0
297 251 1.0
297 300 1.0
297 484 1.0
297 511 1.0
297 564 1.0
297 565 1.0
297 826 1.0
298 36 1.0
298 91 1.0
298 108 1.0
298 129 1.0
298 476 1.0
298 705 1.0
298 736 1.0
298 749 1.0
298 834 1.0
299 182 1.0
299 493 1.0
299 814 1.0
300 48 1.0
301 198 1.0
301 272 1.0
301 337 1.0
301 549 1.0
301 569 1.0
301 813 1.0
302 59 1.0
302 121 1.0
302 212 1.0
302 422 1.0
302 481 1.0
302 808 1.0
303 40 1.0
303 131 1.0
303 257 1.0
303 398 1.0
303 452 1.0
303 550 1.0
303 897 1.0
304 50 1.0
304 272 1.0
304 515 1.0
304 728 1.0
304 769 1.0
305 48 1.0
305 69 1.0
305 82 1.0
305 128 1.0
305 146 1.0
305 637 1.0
305 645 1.0
305 834 1.0
306 59 1.0
306 126 1.0
306 268 1.0
306 421 1.0
306 577 1.0
306 619 1.0
306 639 1.0
306 779 1.0
306 818 1.0
306 856 1.0
307 196 1.0
307 469 1.0
307 538 1.0
307 698 1.0
307 727 1.0
307 853 1.0
307 973 1.0
308 28 1.0
308 198 1.0
308 213 1.0
308 256 1.0
308 264 1.0
308 382 1.0
308 918 1.0
308 983 1.0
309 225 1.0
309 310 1.0
309 448 1.0
309 471 1.0
309 685 1.0
309 715 1.0
309 850 1.0
309 886 1.0
309 988 1.0
310 81 1.0
310 112 1.0
310 300 1.0
310 394 1.0
310 873 1.0
310 877 1.0
310 990 1.0
311 88 1.0
311 241 1.0
311 366 1.0
311 427 1.0
311 559 1.0
311 576 1.0
311 683 1.0
311 812 1.0
312 262 1.0
312 362 1.0
312 542 1.0
312 647 1.0
312 836 1.0
312 991 1.0
313 150 1.0
313 319 1.0
313 445 1.0
314 129 1.0
314 143 1.0
314 235 1.0
314 282 1.0
314 295 1.0
314 462 1.0
314 469 1.0
314 619 1.0
314 797 1.0
314 880 1.0
314 954 1.0
314 979 1.0
315 100 1.0
315 367 1.0
315 431 1.0
315 497 1.0
315 556 1.0
315 703 1.0
315 748 1.0
315 806 1.0
315 809 1.0
316 229 1.0
316 239 1.0
316 288 1.0
316 382 1.0
316 607 1.0
316 658 1.0
316 680 1.0
316 770 1.0
316 875 1.0
316 953 1.0
317 7 1.0
317 27 1.0
317 29 1.0
317 84 1.0
317 187 1.0
317 570 1.0
317 716 1.0
317 721 1.0
317 809 1.0
317 815 1.0
318 14 1.0
318 150 1.0
318 242 1.0
318 309 1.0
318 542 1.0
318 625 1.0
318 751 1.0
318 787 1.0
318 927 1.0
319 107 1.0
319 121 1.0
319 241 1.0
319 287 1.0
319 536 1.0
319 640 1.0
319 661 1.0
319 936 1.0
320 5 1.0
320 75 1.0
320 183 1.0
320 360 1.0
320 596 1.0
321 59 1.0
321 251 1.0
321 589 1.0
321 633 1.0
321 879 1.0
321 903 1.0
322 18 1.0
322 217 1.0
322 453 1.0
322 573 1.0
322 633 1.0
322 672 1.0
322 788 1.0
322 900 1.0
323 180 1.0
323 237 1.0
323 407 1.0
323 706 1.0
323 742 1.0
323 828 1.0
324 71 1.0
324 99 1.0
324 129 1.0
324 173 1.0
324 221 1.0
324 421 1.0
324 425 1.0
324 475 1.0
324 678 1.0
324 750 1.0
324 807 1.0
324 826 1.0
324 948 1.0
325 35 1.0
325 43 1.0
325 139 1.0
325 341 1.0
325 633 1.0
325 847 1.0
325 912 1.0
325 933 1.0
326 14 1.0
326 64 1.0
326 77 1.0
326 86 1.0
326 136 1.0
326 217 1.0
326 291 1.0
326 296 1.0
326 328 1.0
326 420 1.0
326 590 1.0
326 605 1.0
326 762 1.0
326 845 1.0
326 906 1.0
327 189 1.0
327 207 1.0
327 213 1.0
327 587 1.0
328 57 1.0
328 90 1.0
328 123 1.0
328 384 1.0
328 637 1.0
328 724 1.0
328 779 1.0
328 920 1.0
329 63 1.0
329 109 1.0
329 256 1.0
329 354 1.0
329 469 1.0
329 605 1.0
329 671 1.0
329 726 1.0
329 743 1.0
329 884 1.0
330 90 1.0
330 369 1.0
330 663 1.0
330 747 1.0
331 72 1.0
331 218 1.0
331 377 1.0
331 495 1.0
331 526 1.0
331 659 1.0
331 698 1.0
331 806 1.0
331 859 1.0
331 896 1.0
332 123 1.0
332 248 1.0
332 312 1.0
332 438 1.0
332 649 1.0
332 727 1.0
333 41 1.0
333 188 1.0
333 330 1.0
333 371 1.0
333 557 1.0
333 587 1.0
333 627 1.0
333 652 1.0
333 720 1.0
333 737 1.0
333 759 1.0
333 770 1.0
333 780 1.0
333 787 1.0
333 845 1.0
333 981 1.0
334 261 1.0
334 385 1.0
334 545 1.0
334 656 1.0
334 680 1.0
334 772 1.0
334 885 1.0
335 138 1.0
335 275 1.0
335 475 1.0
335 538 1.0
335 923 1.0
335 927 1.0
335 935 1.0
336 16 1.0
336 201 1.0
336 561 1.0
337 142 1.0
337 202 1.0
337 231 1.0
337 330 1.0
337 448 1.0
337 613 1.0
337 645 1.0
337 651 1.0
337 775 1.0
337 848 1.0
337 862 1.0
337 900 1.0
338 5 1.0
338 166 1.0
338 344 1.0
338 424 1.0
338 703 1.0
338 722 1.0
338 781 1.0
339 75 1.0
339 136 1.0
339 162 1.0
339 207 1.0
339 252 1.0
339 409 1.0
339 423 1.0
339 601 1.0
340 103 1.0
340 122 1.0
340 171 1.0
340 297 1.0
340 400 1.0
340 547 1.0
340 831 1.0
340 859 1.0
340 995 1.0
341 90 1.0
341 421 1.0
341 521 1.0
341 555 1.0
341 641 1.0
341 915 1.0
341 973 1.0
342 180 1.0
342 206 1.0
342 221 1.0
342 310 1.0
342 327 1.0
342 549 1.0
342 633 1.0
342 749 1.0
342 857 1.0
342 959 1.0
343 86 1.0
343 148 1.0
343 209 1.0
343 278 1.0
343 305 1.0
343 676 1.0
343 732 1.0
343 859 1.0
343 924 1.0
344 43 1.0
344 240 1.0
344 251 1.0
344 586 1.0
344 588 1.0
344 777 1.0
344 785 1.0
344 865 1.0
345 490 1.0
345 541 1.0
346 75 1.0
346 108 1.0
346 252 1.0
346 377 1.0
346 433 1.0
346 544 1.0
346 559 1.0
346 600 1.0
346 801 1.0
347 42 1.0
347 105 1.0
347 119 1.0
347 126 1.0
347 223 1.0
347 229 1.0
347 248 1.0
347 685 1.0
347 700 1.0
347 803 1.0
348 344 1.0
348 408 1.0
348 532 1.0
348 948 1.0
348 992 1.0
349 381 1.0
349 547 1.0
349 617 1.0
349 624 1.0
349 705 1.0
349 715 1.0
349 780 1.0
349 943 1.0
349 994 1.0
350 90 1.0
350 105 1.0
350 115 1.0
350 235 1.0
350 462 1.0
350 546 1.0
350 613 1.0
350 632 1.0
350 635 1.0
350 835 1.0
350 897 1.0
351 441 1.0
351 500 1.0
351 629 1.0
351 709 1.0
351 819 1.0
352 110 1.0
352 134 1.0
352 231 1.0
352 252 1.0
352 390 1.0
352 412 1.0
352 462 1.0
352 563 1.0
352 725 1.0
352 743 1.0
352 818 1.0
352 945 1.0
353 45 1.0
353 277 1.0
353 301 1.0
353 333 1.0
353 706 1.0
353 929 1.0
354 267 1.0
354 346 1.0
354 375 1.0
354 519 1.0
354 528 1.0
354 586 1.0
354 629 1.0
354 831 1.0
355 176 1.0
355 539 1.0
355 837 1.0
356 12 1.0
356 49 1.0
356 279 1.0
356 537 1.0
356 579 1.0
356 678 1.0
356 698 1.0
356 979 1.0
357 19 1.0
357 54 1.0
357 142 1.0
357 143 1.0
357 171 1.0
357 216 1.0
357 272 1.0
357 430 1.0
357 510 1.0
357 692 1.0
357 737 1.0
357 868 1.0
357 931 1.0
358 104 1.0
358 108 1.0
358 333 1.0
358 509 1.0
358 834 1.0
358 845 1.0
359 4 1.0
359 415 1.0
359 640 1.0
360 6 1.0
360 63 1.0
360 96 1.0
360 201 1.0
360 219 1.0
360 340 1.0
360 356 1.0
360 477 1.0
360 740 1.0
360 763 1.0
360 975 1.0
361 58 1.0
361 97 1.0
361 342 1.0
361 457 1.0
361 664 1.0
361 707 1.0
361 753 1.0
361 875 1.0
361 895 1.0
361 993 1.0
362 39 1.0
362 282 1.0
362 491 1.0
362 680 1.0
362 682 1.0
362 712 1.0
362 817 1.0
362 903 1.0
363 140 1.0
363 179 1.0
363 343 1.0
363 348 1.0
363 359 1.0
363 495 1.0
363 530 1.0
363 569 1.0
363 835 1.0
364 105 1.0
364 625 1.0
364 816 1.0
364 853 1.0
365 48 1.0
365 255 1.0
365 278 1.0
365 343 1.0
365 381 1.0
365 428 1.0
365 580 1.0
365 612 1.0
365 722 1.0
365 780 1.0
366 66 1.0
366 544 1.0
366 572 1.0
366 700 1.0
366 796 1.0
367 59 1.0
367 141 1.0
367 295 1.0
367 333 1.0
367 365 1.0
367 428 1.0
367 613 1.0
367 719 1.0
368 72 1.0
368 155 1.0
368 270 1.0
368 335 1.0
368 351 1.0
368 532 1.0
368 784 1.0
368 935 1.0
369 87 1.0
369 251 1.0
369 419 1.0
369 856 1.0
370 79 1.0
370 912 1.0
370 961 1.0
370 993 1.0
371 39 1.0
371 54 1.0
371 362 1.0
371 511 1.0
371 626 1.0
371 644 1.0
371 670 1.0
372 168 1.0
372 319 1.0
372 381 1.0
372 483 1.0
372 644 1.0
372 664 1.0
372 726 1.0
372 746 1.0
372 903 1.0
373 376 1.0
373 556 1.0
373 659 1.0
373 704 1.0
373 738 1.0
373 743 1.0
373 897 1.0
374 237 1.0
374 304 1.0
374 324 1.0
374 327 1.0
374 460 1.0
374 475 1.0
374 752 1.0
374 857 1.0
374 935 1.0
375 81 1.0
375 111 1.0
375 141 1.0
375 197 1.0
375 262 1.0
375 295 1.0
375 554 1.0
375 765 1.0
375 836 1.0
375 929 1.0
376 38 1.0
376 64 1.0
376 706 1.0
376 976 1.0
377 43 1.0
377 49 1.0
377 84 1.0
377 313 1.0
377 329 1.0
377 817 1.0
378 218 1.0
378 224 1.0
378 226 1.0
378 251 1.0
378 408 1.0
378 935 1.0
379 39 1.0
379 49 1.0
379 357 1.0
379 452 1.0
379 582 1.0
379 922 1.0
379 938 1.0
380 104 1.0
380 129 1.0
380 430 1.0
380 554 1.0
380 688 1.0
380 952 1.0
381 6 1.0
381 95 1.0
381 107 1.0
381 110 1.0
381 186 1.0
381 267 1.0
381 384 1.0
381 395 1.0
381 655 1.0
381 667 1.0
381 857 1.0
382 68 1.0
382 397 1.0
382 686 1.0
382 730 1.0
383 110 1.0
383 211 1.0
383 501 1.0
383 656 1.0
383 844 1.0
384 253 1.0
384 400 1.0
384 442 1.0
384 576 1.0
384 696 1.0
384 815 1.0
384 962 1.0
385 93 1.0
385 341 1.0
385 442 1.0
385 560 1.0
385 567 1.0
385 874 1.0
386 18 1.0
386 228 1.0
386 695 1.0
386 734 1.0
386 956 1.0
387 480 1.0
387 580 1.0
387 689 1.0
387 801 1.0
387 822 1.0
387 852 1.0
388 44 1.0
388 235 1.0
388 242 1.0
388 306 1.0
388 340 1.0
388 354 1.0
388 729 1.0
388 928 1.0
388 939 1.0
389 343 1.0
389 675 1.0
389 724 1.0
389 826 1.0
389 989 1.0
390 39 1.0
390 101 1.0
390 165 1.0
390 284 1.0
390 444 1.0
390 566 1.0
390 570 1.0
390 581 1.0
390 644 1.0
390 658 1.0
390 992 1.0
391 19 1.0
391 37 1.0
391 120 1.0
391 223 1.0
391 271 1.0
391 546 1.0
391 665 1.0
391 862 1.0
392 31 1.0
392 106 1.0
392 125 1.0
392 436 1.0
392 486 1.0
392 604 1.0
392 815 1.0
393 164 1.0
393 530 1.0
393 960 1.0
394 90 1.0
394 186 1.0
394 545 1.0
394 656 1.0
394 883 1.0
395 196 1.0
395 336 1.0
395 533 1.0
395 936 1.0
396 125 1.0
396 140 1.0
396 176 1.0
396 255 1.0
396 705 1.0
396 725 1.0
396 813 1.0
396 914 1.0
397 377 1.0
397 381 1.0
397 455 1.0
397 635 1.0
397 710 1.0
398 27 1.0
398 92 1.0
398 223 1.0
398 432 1.0
398 453 1.0
398 620 1.0
399 380 1.0
399 535 1.0
399 579 1.0
399 609 1.0
399 683 1.0
399 719 1.0
399 740 1.0
399 792 1.0
399 821 1.0
400 37 1.0
400 198 1.0
400 228 1.0
400 265 1.0
400 411 1.0
400 657 1.0
400 736 1.0
401 3 1.0
401 68 1.0
401 106 1.0
401 436 1.0
401 440 1.0
401 651 1.0
401 875 1.0
402 182 1.0
402 243 1.0
402 375 1.0
402 383 1.0
402 580 1.0
403 12 1.0
403 159 1.0
403 271 1.0
403 286 1.0
403 460 1.0
403 484 1.0
403 510 1.0
403 616 1.0
403 689 1.0
403 757 1.0
403 811 1.0
404 153 1.0
404 415 1.0
404 985 1.0
404 992 1.0
405 256 1.0
405 289 1.0
405 329 1.0
405 462 1.0
405 698 1.0
405 872 1.0
405 943 1.0
406 173 1.0
406 229 1.0
406 272 1.0
406 342 1.0
406 400 1.0
406 408 1.0
406 580 1.0
406 684 1.0
406 731 1.0
406 797 1.0
407 436 1.0
407 710 1.0
408 49 1.0
408 89 1.0
408 102 1.0
408 154 1.0
408 232 1.0
408 234 1.0
408 345 1.0
408 447 1.0
408 536 1.0
408 791 1.0
409 234 1.0
409 310 1.0
409 348 1.0
409 499 1.0
409 632 1.0
410 86 1.0
410 258 1.0
410 348 1.0
410 395 1.0
410 515 1.0
410 530 1.0
410 689 1.0
410 831 1.0
411 104 1.0
411 194 1.0
411 248 1.0
411 344 1.0
411 471 1.0
411 531 1.0
411 622 1.0
411 814 1.0
412 175 1.0
412 216 1.0
412 264 1.0
412 382 1.0
412 618 1.0
412 737 1.0
412 778 1.0
412 880 1.0
413 79 1.0
413 338 1.0
413 414 1.0
413 463 1.0
413 943 1.0
414 235 1.0
414 339 1.0
414 431 1.0
414 646 1.0
414 716 1.0
414 770 1.0
415 170 1.0
415 268 1.0
415 296 1.0
415 378 1.0
415 397 1.0
415 543 1.0
415 852 1.0
415 875 1.0
416 83 1.0
416 220 1.0
416 293 1.0
416 491 1.0
416 493 1.0
416 863 1.0
417 316 1.0
417 570 1.0
417 609 1.0
417 699 1.0
418 123 1.0
418 314 1.0
418 366 1.0
418 414 1.0
418 475 1.0
418 647 1.0
419 247 1.0
419 303 1.0
419 308 1.0
419 362 1.0
419 434 1.0
419 783 1.0
419 886 1.0
419 960 1.0
420 59 1.0
420 175 1.0
420 240 1.0
420 276 1.0
420 365 1.0
420 451 1.0
420 464 1.0
420 626 1.0
421 35 1.0
421 71 1.0
421 396 1.0
421 560 1.0
421 761 1.0
421 823 1.0
422 24 1.0
422 171 1.0
422 196 1.0
422 429 1.0
422 847 1.0
422 861 1.0
422 864 1.0
422 865 1.0
423 21 1.0
423 74 1.0
423 78 1.0
423 105 1.0
423 347 1.0
423 913 1.0
423 923 1.0
424 8 1.0
424 263 1.0
424 433 1.0
424 676 1.0
424 706 1.0
424 755 1.0
424 874 1.0
425 335 1.0
425 360 1.0
425 487 1.0
425 561 1.0
425 949 1.0
426 50 1.0
426 146 1.0
426 193 1.0
427 16 1.0
427 419 1.0
427 424 1.0
427 616 1.0
427 735 1.0
427 823 1.0
427 830 1.0
427 873 1.0
427 919 1.0
428 110 1.0
428 137 1.0
428 175 1.0
428 234 1.0
428 366 1.0
428 405 1.0
428 648 1.0
429 568 1.0
429 749 1.0
429 815 1.0
429 875 1.0
429 917 1.0
430 278 1.0
430 348 1.0
430 419 1.0
430 490 1.0
430 549 1.0
430 599 1.0
430 675 1.0
430 763 1.0
431 83 1.0
431 98 1.0
431 430 1.0
431 581 1.0
431 745 1.0
432 190 1.0
432 299 1.0
432 770 1.0
433 48 1.0
433 351 1.0
433 476 1.0
433 516 1.0
433 530 1.0
433 625 1.0
433 779 1.0
433 817 1.0
433 854 1.0
434 269 1.0
434 278 1.0
434 313 1.0
434 462 1.0
434 542 1.0
434 587 1.0
434 685 1.0
434 735 1.0
435 55 1.0
435 283 1.0
435 289 1.0
435 290 1.0
435 450 1.0
435 619 1.0
435 713 1.0
436 69 1.0
436 221 1.0
436 350 1.0
436 585 1.0
436 705 1.0
436 725 1.0
436 750 1.0
436 804 1.0
436 883 1.0
437 98 1.0
437 539 1.0
437 767 1.0
438 87 1.0
438 94 1.0
438 258 1.0
438 313 1.0
438 525 1.0
438 723 1.0
438 782 1.0
438 806 1.0
438 883 1.0
438 899 1.0
439 65 1.0
439 76 1.0
439 77 1.0
439 168 1.0
439 214 1.0
439 360 1.0
439 578 1.0
439 580 1.0
439 634 1.0
439 808 1.0
439 863 1.0
439 895 1.0
440 7 1.0
440 87 1.0
440 165 1.0
440 224 1.0
440 416 1.0
440 432 1.0
440 448 1.0
440 494 1.0
440 524 1.0
440 538 1.0
440 707 1.0
440 796 1.0
440 803 1.0
440 879 1.0
440 956 1.0
441 61 1.0
441 317 1.0
441 446 1.0
441 777 1.0
442 12 1.0
442 410 1.0
442 432 1.0
442 513 1.0
442 745 1.0
442 748 1.0
442 814 1.0
443 107 1.0
443 341 1.0
443 456 1.0
443 542 1.0
443 663 1.0
443 876 1.0
443 932 1.0
444 110 1.0
444 244 1.0
444 400 1.0
444 470 1.0
444 598 1.0
444 834 1.0
444 902 1.0
445 122 1.0
445 174 1.0
445 211 1.0
445 234 1.0
445 578 1.0
445 808 1.0
445 868 1.0
445 937 1.0
446 65 1.0
446 141 1.0
446 290 1.0
446 441 1.0
446 568 1.0
446 700 1.0
446 737 1.0
446 829 1.0
446 838 1.0
446 912 1.0
447 110 1.0
447 129 1.0
447 151 1.0
447 168 1.0
447 183 1.0
447 283 1.0
447 439 1.0
447 479 1.0
447 647 1.0
447 756 1.0
448 29 1.0
448 227 1.0
448 458 1.0
448 495 1.0
448 622 1.0
448 759 1.0
448 842 1.0
448 930 1.0
448 955 1.0
449 32 1.0
449 35 1.0
449 92 1.0
449 98 1.0
449 141 1.0
449 443 1.0
449 747 1.0
449 800 1.0
450 156 1.0
450 234 1.0
450 426 1.0
450 466 1.0
450 618 1.0
450 768 1.0
450 952 1.0
451 53 1.0
451 311 1.0
451 353 1.0
451 360 1.0
451 377 1.0
451 414 1.0
451 537 1.0
451 559 1.0
451 685 1.0
451 841 1.0
452 90 1.0
452 120 1.0
452 651 1.0
453 393 1.0
453 396 1.0
453 497 1.0
453 683 1.0
453 850 1.0
454 181 1.0
454 599 1.0
454 627 1.0
455 25 1.0
455 99 1.0
455 114 1.0
455 438 1.0
455 665 1.0
455 715 1.0
456 224 1.0
456 275 1.0
456 398 1.0
456 408 1.0
456 449 1.0
456 542 1.0
456 727 1.0
456 753 1.0
456 838 1.0
456 925 1.0
457 9 1.0
457 146 1.0
457 355 1.0
457 481 1.0
457 502 1.0
457 503 1.0
457 644 1.0
457 768 1.0
458 282 1.0
458 385 1.0
458 400 1.0
458 533 1.0
458 881 1.0
458 962 1.0
459 572 1.0
459 619 1.0
459 643 1.0
459 679 1.0
459 802 1.0
459 917 1.0
460 7 1.0
460 70 1.0
460 213 1.0
460 249 1.0
460 318 1.0
460 382 1.0
460 418 1.0
460 596 1.0
460 626 1.0
460 826 1.0
460 879 1.0
460 949 1.0
461 21 1.0
461 33 1.0
461 121 1.0
461 122 1.0
461 199 1.0
461 340 1.0
461 524 1.0
461 739 1.0
462 150 1.0
462 388 1.0
462 412 1.0
462 595 1.0
462 624 1.0
462 834 1.0
462 835 1.0
463 173 1.0
463 471 1.0
463 646 1.0
463 713 1.0
463 911 1.0
464 21 1.0
464 137 1.0
464 848 1.0
465 56 1.0
465 84 1.0
465 126 1.0
465 201 1.0
465 248 1.0
465 427 1.0
466 289 1.0
466 329 1.0
466 381 1.0
467 6 1.0
467 232 1.0
467 359 1.0
467 382 1.0
467 436 1.0
467 475 1.0
467 634 1.0
467 722 1.0
467 933 1.0
467 958 1.0
468 56 1.0
468 199 1.0
468 384 1.0
468 422 1.0
468 518 1.0
468 831 1.0
469 148 1.0
469 418 1.0
469 577 1.0
469 764 1.0
469 811 1.0
470 44 1.0
470 146 1.0
470 356 1.0
470 378 1.0
470 474 1.0
470 522 1.0
470 654 1.0
471 89 1.0
471 306 1.0
471 422 1.0
471 571 1.0
471 633 1.0
471 794 1.0
471 856 1.0
471 951 1.0
472 14 1.0
472 109 1.0
472 154 1.0
472 323 1.0
472 409 1.0
472 435 1.0
472 528 1.0
472 553 1.0
472 616 1.0
472 691 1.0
472 772 1.0
472 794 1.0
472 840 1.0
472 876 1.0
472 895 1.0
473 34 1.0
473 54 1.0
473 317 1.0
473 476 1.0
473 531 1.0
473 602 1.0
473 886 1.0
474 90 1.0
474 549 1.0
474 754 1.0
474 939 1.0
475 40 1.0
475 53 1.0
475 98 1.0
476 533 1.0
476 883 1.0
477 18 1.0
477 22 1.0
477 188 1.0
477 365 1.0
477 378 1.0
478 73 1.0
478 169 1.0
478 246 1.0
478 348 1.0
478 516 1.0
478 520 1.0
478 582 1.0
478 691 1.0
478 720 1.0
478 768 1.0
479 36 1.0
479 112 1.0
479 216 1.0
479 225 1.0
479 459 1.0
479 469 1.0
479 563 1.0
479 663 1.0
480 50 1.0
480 194 1.0
480 440 1.0
480 518 1.0
480 554 1.0
480 562 1.0
481 149 1.0
481 255 1.0
481 678 1.0
481 700 1.0
481 706 1.0
481 718 1.0
481 946 1.0
482 52 1.0
482 130 1.0
482 438 1.0
482 560 1.0
482 620 1.0
482 722 1.0
482 861 1.0
482 957 1.0
483 45 1.0
483 153 1.0
483 182 1.0
483 191 1.0
483 238 1.0
483 412 1.0
483 567 1.0
483 820 1.0
483 859 1.0
484 105 1.0
484 352 1.0
484 477 1.0
484 670 1.0
484 756 1.0
484 780 1.0
484 801 1.0
484 822 1.0
484 894 1.0
485 61 1.0
485 270 1.0
485 661 1.0
486 26 1.0
486 90 1.0
486 189 1.0
486 450 1.0
486 462 1.0
486 490 1.0
486 861 1.0
486 862 1.0
486 890 1.0
487 229 1.0
487 305 1.0
487 344 1.0
487 390 1.0
487 558 1.0
487 841 1.0
487 876 1.0
487 884 1.0
488 2 1.0
488 96 1.0
488 128 1.0
488 250 1.0
488 256 1.0
488 516 1.0
488 805 1.0
488 858 1.0
488 914 1.0
488 934 1.0
489 210 1.0
489 341 1.0
489 484 1.0
489 511 1.0
489 537 1.0
489 588 1.0
489 612 1.0
489 664 1.0
489 864 1.0
489 878 1.0
490 743 1.0
490 775 1.0
491 269 1.0
491 303 1.0
491 426 1.0
491 432 1.0
491 677 1.0
491 830 1.0
491 844 1.0
492 373 1.0
492 381 1.0
492 406 1.0
492 532 1.0
492 584 1.0
492 823 1.0
492 885 1.0
492 928 1.0
493 454 1.0
493 474 1.0
493 823 1.0
493 899 1.0
493 954 1.0
494 68 1.0
494 208 1.0
494 252 1.0
494 259 1.0
494 510 1.0
494 659 1.0
494 816 1.0
495 298 1.0
495 637 1.0
495 655 1.0
496 9 1.0
496 65 1.0
496 271 1.0
496 345 1.0
496 707 1.0
496 898 1.0
497 549 1.0
497 630 1.0
497 641 1.0
497 848 1.0
497 953 1.0
498 33 1.0
498 324 1.0
498 516 1.0
498 617 1.0
498 668 1.0
498 762 1.0
499 13 1.0
499 208 1.0
499 220 1.0
499 332 1.0
499 365 1.0
499 392 1.0
499 553 1.0
499 554 1.0
499 633 1.0
499 702 1.0
499 883 1.0
500 94 1.0
500 171 1.0
500 515 1.0
500 544 1.0
500 606 1.0
500 645 1.0
500 875 1.0
501 29 1.0
501 226 1.0
501 260 1.0
501 483 1.0
501 743 1.0
501 882 1.0
502 297 1.0
502 399 1.0
502 700 1.0
502 865 1.0
503 93 1.0
503 266 1.0
503 742 1.0
503 753 1.0
503 805 1.0
503 852 1.0
503 871 1.0
504 27 1.0
504 80 1.0
504 107 1.0
504 324 1.0
504 464 1.0
504 497 1.0
504 609 1.0
504 761 1.0
504 802 1.0
504 813 1.0
504 834 1.0
505 328 1.0
505 364 1.0
505 487 1.0
505 555 1.0
505 738 1.0
505 765 1.0
506 162 1.0
506 322 1.0
506 362 1.0
506 369 1.0
506 463 1.0
506 516 1.0
506 522 1.0
506 660 1.0
506 752 1.0
506 904 1.0
507 238 1.0
507 724 1.0
507 850 1.0
508 93 1.0
508 228 1.0
508 374 1.0
508 597 1.0
508 673 1.0
509 212 1.0
509 440 1.0
509 547 1.0
509 551 1.0
510 25 1.0
510 114 1.0
510 388 1.0
510 614 1.0
510 630 1.0
510 695 1.0
510 758 1.0
510 836 1.0
511 259 1.0
511 400 1.0
511 700 1.0
511 820 1.0
512 104 1.0
512 153 1.0
512 331 1.0
512 361 1.0
512 488 1.0
512 516 1.0
512 807 1.0
513 104 1.0
513 159 1.0
513 372 1.0
513 579 1.0
513 992 1.0
514 49 1.0
514 348 1.0
514 368 1.0
514 587 1.0
514 797 1.0
515 95 1.0
515 365 1.0
515 386 1.0
515 634 1.0
515 707 1.0
515 713 1.0
515 807 1.0
515 879 1.0
516 75 1.0
516 205 1.0
516 366 1.0
516 538 1.0
516 556 1.0
516 666 1.0
516 764 1.0
516 810 1.0
516 874 1.0
516 901 1.0
516 965 1.0
517 50 1.0
517 90 1.0
517 132 1.0
517 238 1.0
517 316 1.0
517 727 1.0
517 853 1.0
517 924 1.0
518 123 1.0
518 203 1.0
518 419 1.0
518 669 1.0
518 691 1.0
519 105 1.0
519 168 1.0
519 190 1.0
519 283 1.0
519 554 1.0
519 557 1.0
519 915 1.0
519 950 1.0
520 83 1.0
520 102 1.0
520 258 1.0
520 302 1.0
520 552 1.0
520 756 1.0
520 896 1.0
520 988 1.0
521 198 1.0
521 469 1.0
521 625 1.0
521 675 1.0
522 33 1.0
522 175 1.0
522 228 1.0
522 418 1.0
522 581 1.0
522 642 1.0
522 674 1.0
522 769 1.0
523 58 1.0
523 70 1.0
523 401 1.0
523 419 1.0
523 638 1.0
523 804 1.0
523 830 1.0
523 836 1.0
523 863 1.0
524 69 1.0
524 135 1.0
524 141 1.0
524 326 1.0
524 328 1.0
524 583 1.0
524 856 1.0
525 36 1.0
525 167 1.0
525 218 1.0
525 274 1.0
525 377 1.0
525 496 1.0
525 541 1.0
525 574 1.0
525 587 1.0
525 808 1.0
525 857 1.0
525 871 1.0
525 885 1.0
526 55 1.0
526 102 1.0
526 246 1.0
526 268 1.0
526 273 1.0
526 364 1.0
526 795 1.0
526 804 1.0
526 870 1.0
526 880 1.0
527 113 1.0
527 135 1.0
527 289 1.0
527 320 1.0
527 446 1.0
527 618 1.0
527 770 1.0
528 88 1.0
528 264 1.0
528 533 1.0
528 578 1.0
528 628 1.0
528 662 1.0
529 52 1.0
529 566 1.0
529 667 1.0
529 770 1.0
529 899 1.0
530 315 1.0
530 361 1.0
530 455 1.0
530 474 1.0
530 782 1.0
530 931 1.0
530 969 1.0
531 19 1.0
531 190 1.0
531 382 1.0
531 569 1.0
531 652 1.0
531 682 1.0
531 817 1.0
532 17 1.0
532 199 1.0
532 359 1.0
532 462 1.0
532 566 1.0
532 649 1.0
532 749 1.0
532 870 1.0
533 178 1.0
533 317 1.0
533 353 1.0
533 605 1.0
533 735 1.0
534 135 1.0
534 339 1.0
534 551 1.0
534 629 1.0
534 685 1.0
534 687 1.0
534 750 1.0
534 926 1.0
535 344 1.0
535 522 1.0
536 7 1.0
536 199 1.0
536 646 1.0
536 691 1.0
536 841 1.0
536 877 1.0
536 972 1.0
537 173 1.0
537 685 1.0
537 714 1.0
538 132 1.0
538 392 1.0
538 489 1.0
539 88 1.0
539 156 1.0
539 351 1.0
539 427 1.0
539 861 1.0
540 83 1.0
540 95 1.0
540 266 1.0
540 455 1.0
540 614 1.0
540 814 1.0
541 56 1.0
541 505 1.0
541 562 1.0
541 691 1.0
541 758 1.0
542 337 1.0
542 340 1.0
542 395 1.0
542 449 1.0
542 494 1.0
542 591 1.0
542 958 1.0
543 24 1.0
543 172 1.0
543 751 1.0
543 789 1.0
543 800 1.0
543 949 1.0
544 285 1.0
544 300 1.0
544 562 1.0
544 577 1.0
544 795 1.0
544 846 1.0
544 919 1.0
545 78 1.0
545 310 1.0
545 441 1.0
545 493 1.0
545 517 1.0
545 831 1.0
546 232 1.0
546 511 1.0
546 544 1.0
546 670 1.0
546 905 1.0
547 189 1.0
547 340 1.0
547 477 1.0
547 664 1.0
547 687 1.0
547 762 1.0
547 964 1.0
548 56 1.0
548 413 1.0
548 478 1.0
548 607 1.0
548 706 1.0
548 878 1.0
549 428 1.0
549 474 1.0
549 492 1.0
549 529 1.0
549 608 1.0
549 746 1.0
549 764 1.0
549 834 1.0
549 848 1.0
550 539 1.0
550 578 1.0
550 826 1.0
550 954 1.0
550 984 1.0
551 118 1.0
551 167 1.0
551 313 1.0
551 366 1.0
551 434 1.0
551 459 1.0
551 539 1.0
551 670 1.0
551 745 1.0
551 868 1.0
552 143 1.0
552 359 1.0
552 362 1.0
552 495 1.0
552 593 1.0
552 819 1.0
552 902 1.0
553 73 1.0
553 271 1.0
553 385 1.0
553 582 1.0
553 677 1.0
553 717 1.0
554 81 1.0
554 148 1.0
554 436 1.0
554 464 1.0
554 560 1.0
554 643 1.0
554 783 1.0
555 3 1.0
555 259 1.0
555 278 1.0
555 314 1.0
555 453 1.0
555 543 1.0
555 572 1.0
555 868 1.0
555 901 1.0
556 95 1.0
556 101 1.0
556 145 1.0
556 460 1.0
556 505 1.0
556 806 1.0
556 946 1.0
557 180 1.0
557 322 1.0
557 429 1.0
557 517 1.0
557 650 1.0
557 739 1.0
557 842 1.0
557 933 1.0
558 395 1.0
558 519 1.0
558 543 1.0
558 701 1.0
558 831 1.0
559 51 1.0
559 93 1.0
559 175 1.0
559 187 1.0
559 200 1.0
559 264 1.0
559 392 1.0
559 420 1.0
559 590 1.0
559 627 1.0
559 838 1.0
559 863 1.0
560 73 1.0
560 90 1.0
560 164 1.0
560 481 1.0
560 536 1.0
560 625 1.0
560 688 1.0
560 731 1.0
560 842 1.0
560 872 1.0
561 258 1.0
561 373 1.0
561 639 1.0
561 734 1.0
561 791 1.0
561 898 1.0
561 904 1.0
561 954 1.0
562 193 1.0
562 686 1.0
562 892 1.0
563 90 1.0
563 129 1.0
563 212 1.0
563 276 1.0
563 294 1.0
563 536 1.0
563 634 1.0
563 742 1.0
564 142 1.0
564 469 1.0
564 791 1.0
564 839 1.0
564 855 1.0
564 965 1.0
565 40 1.0
565 124 1.0
565 125 1.0
565 231 1.0
565 252 1.0
565 457 1.0
565 548 1.0
566 24 1.0
566 126 1.0
566 509 1.0
566 557 1.0
566 642 1.0
566 835 1.0
566 884 1.0
567 47 1.0
567 194 1.0
567 238 1.0
567 865 1.0
568 192 1.0
568 236 1.0
568 316 1.0
568 330 1.0
568 421 1.0
568 489 1.0
569 36 1.0
569 224 1.0
569 371 1.0
569 551 1.0
569 571 1.0
569 601 1.0
569 669 1.0
569 730 1.0
569 807 1.0
569 904 1.0
569 972 1.0
569 983 1.0
570 283 1.0
570 317 1.0
570 356 1.0
570 659 1.0
570 747 1.0
570 879 1.0
571 103 1.0
572 45 1.0
572 80 1.0
572 295 1.0
572 511 1.0
572 858 1.0
573 186 1.0
573 274 1.0
573 655 1.0
573 688 1.0
573 832 1.0
573 895 1.0
574 193 1.0
574 294 1.0
574 398 1.0
574 540 1.0
574 548 1.0
574 821 1.0
574 883 1.0
574 884 1.0
575 22 1.0
575 78 1.0
575 118 1.0
575 370 1.0
575 386 1.0
575 387 1.0
575 388 1.0
575 565 1.0
575 616 1.0
575 854 1.0
576 73 1.0
576 143 1.0
576 709 1.0
576 800 1.0
577 33 1.0
577 73 1.0
577 298 1.0
577 316 1.0
577 326 1.0
577 339 1.0
577 369 1.0
577 408 1.0
577 506 1.0
577 679 1.0
578 199 1.0
578 264 1.0
578 467 1.0
578 583 1.0
578 603 1.0
578 605 1.0
578 733 1.0
578 831 1.0
579 339 1.0
579 383 1.0
579 980 1.0
580 47 1.0
580 77 1.0
580 577 1.0
580 873 1.0
580 907 1.0
580 919 1.0
581 229 1.0
581 403 1.0
581 420 1.0
581 511 1.0
581 625 1.0
581 632 1.0
581 649 1.0
581 763 1.0
581 820 1.0
581 824 1.0
581 843 1.0
581 923 1.0
582 120 1.0
582 510 1.0
582 544 1.0
582 550 1.0
582 737 1.0
582 880 1.0
582 989 1.0
583 179 1.0
583 386 1.0
583 824 1.0
583 829 1.0
583 835 1.0
584 122 1.0
584 461 1.0
584 495 1.0
584 520 1.0
584 695 1.0
584 816 1.0
585 266 1.0
585 525 1.0
585 560 1.0
585 670 1.0
585 734 1.0
585 967 1.0
586 11 1.0
586 244 1.0
586 532 1.0
586 854 1.0
587 22 1.0
587 192 1.0
587 247 1.0
587 275 1.0
587 417 1.0
587 577 1.0
587 814 1.0
587 860 1.0
587 864 1.0
587 965 1.0
588 152 1.0
588 167 1.0
588 258 1.0
588 267 1.0
588 321 1.0
588 394 1.0
588 435 1.0
588 643 1.0
588 861 1.0
588 911 1.0
589 177 1.0
589 332 1.0
589 630 1.0
589 638 1.0
589 818 1.0
590 218 1.0
590 248 1.0
590 347 1.0
590 415 1.0
590 504 1.0
590 898 1.0
591 11 1.0
591 70 1.0
591 167 1.0
591 618 1.0
591 623 1.0
591 691 1.0
591 852 1.0
592 147 1.0
592 306 1.0
592 435 1.0
592 771 1.0
592 776 1.0
592 834 1.0
593 191 1.0
593 583 1.0
593 876 1.0
593 888 1.0
594 875 1.0
594 885 1.0
594 911 1.0
594 926 1.0
594 983 1.0
595 199 1.0
595 215 1.0
595 456 1.0
595 641 1.0
595 905 1.0
596 60 1.0
596 85 1.0
596 339 1.0
596 518 1.0
596 552 1.0
596 589 1.0
596 655 1.0
596 675 1.0
596 800 1.0
596 843 1.0
596 861 1.0
596 870 1.0
596 894 1.0
596 968 1.0
597 191 1.0
597 265 1.0
597 465 1.0
597 537 1.0
597 794 1.0
597 885 1.0
598 1 1.0
598 35 1.0
598 243 1.0
598 326 1.0
598 393 1.0
598 452 1.0
598 600 1.0
598 610 1.0
598 642 1.0
598 659 1.0
598 758 1.0
598 914 1.0
599 29 1.0
599 125 1.0
599 180 1.0
599 246 1.0
599 260 1.0
599 351 1.0
599 383 1.0
599 439 1.0
599 711 1.0
599 770 1.0
599 833 1.0
600 221 1.0
600 328 1.0
600 623 1.0
600 824 1.0
601 110 1.0
601 338 1.0
601 389 1.0
601 562 1.0
601 782 1.0
601 842 1.0
601 871 1.0
601 956 1.0
602 9 1.0
602 55 1.0
602 294 1.0
602 295 1.0
602 328 1.0
602 344 1.0
602 941 1.0
603 125 1.0
603 344 1.0
603 347 1.0
603 406 1.0
603 733 1.0
603 745 1.0
603 861 1.0
604 419 1.0
604 461 1.0
604 632 1.0
604 816 1.0
604 842 1.0
605 89 1.0
605 544 1.0
605 767 1.0
605 853 1.0
605 977 1.0
606 128 1.0
606 361 1.0
606 419 1.0
606 800 1.0
606 847 1.0
606 911 1.0
606 938 1.0
607 291 1.0
607 332 1.0
607 435 1.0
607 482 1.0
607 485 1.0
607 583 1.0
607 705 1.0
607 752 1.0
607 758 1.0
608 252 1.0
608 308 1.0
608 367 1.0
608 525 1.0
608 547 1.0
608 824 1.0
609 541 1.0
609 882 1.0
610 19 1.0
610 50 1.0
610 446 1.0
610 578 1.0
610 706 1.0
610 729 1.0
610 779 1.0
611 87 1.0
611 291 1.0
611 622 1.0
611 627 1.0
611 681 1.0
611 715 1.0
611 890 1.0
612 295 1.0
612 450 1.0
612 534 1.0
612 557 1.0
612 693 1.0
612 733 1.0
613 108 1.0
613 294 1.0
613 526 1.0
613 768 1.0
613 780 1.0
613 871 1.0
614 85 1.0
614 214 1.0
614 375 1.0
614 574 1.0
614 758 1.0
614 867 1.0
614 870 1.0
615 231 1.0
615 315 1.0
615 477 1.0
615 771 1.0
616 120 1.0
616 425 1.0
616 638 1.0
616 733 1.0
616 908 1.0
616 937 1.0
616 943 1.0
617 106 1.0
617 195 1.0
617 212 1.0
617 292 1.0
617 323 1.0
617 737 1.0
617 786 1.0
617 850 1.0
617 855 1.0
618 155 1.0
618 265 1.0
618 273 1.0
618 342 1.0
618 455 1.0
618 810 1.0
618 879 1.0
618 920 1.0
619 467 1.0
619 668 1.0
619 817 1.0
620 13 1.0
620 263 1.0
620 416 1.0
620 493 1.0
620 884 1.0
620 893 1.0
621 25 1.0
621 51 1.0
621 215 1.0
621 234 1.0
621 353 1.0
621 532 1.0
621 654 1.0
621 854 1.0
622 319 1.0
622 334 1.0
622 790 1.0
623 62 1.0
623 111 1.0
623 340 1.0
623 462 1.0
623 618 1.0
623 890 1.0
623 946 1.0
624 15 1.0
624 146 1.0
624 184 1.0
624 193 1.0
624 316 1.0
624 318 1.0
624 540 1.0
624 649 1.0
624 672 1.0
624 836 1.0
624 891 1.0
625 32 1.0
625 161 1.0
625 256 1.0
625 306 1.0
625 392 1.0
625 461 1.0
625 468 1.0
625 565 1.0
626 50 1.0
626 111 1.0
626 776 1.0
626 781 1.0
626 902 1.0
626 926 1.0
627 161 1.0
627 461 1.0
628 3 1.0
628 55 1.0
628 73 1.0
628 256 1.0
628 436 1.0
628 605 1.0
628 609 1.0
628 746 1.0
628 921 1.0
629 644 1.0
629 746 1.0
630 48 1.0
630 478 1.0
630 480 1.0
630 615 1.0
630 739 1.0
631 132 1.0
631 218 1.0
631 248 1.0
631 595 1.0
631 684 1.0
631 896 1.0
632 56 1.0
632 125 1.0
632 442 1.0
632 469 1.0
632 473 1.0
632 562 1.0
632 613 1.0
632 633 1.0
633 34 1.0
633 36 1.0
633 350 1.0
634 52 1.0
634 90 1.0
634 164 1.0
634 243 1.0
634 351 1.0
634 384 1.0
634 426 1.0
634 540 1.0
634 650 1.0
634 804 1.0
634 832 1.0
635 134 1.0
635 171 1.0
635 248 1.0
635 726 1.0
635 771 1.0
636 207 1.0
636 230 1.0
636 423 1.0
636 603 1.0
636 654 1.0
637 71 1.0
637 238 1.0
637 582 1.0
637 590 1.0
637 721 1.0
637 739 1.0
637 746 1.0
638 219 1.0
638 236 1.0
638 242 1.0
638 283 1.0
638 402 1.0
638 489 1.0
638 496 1.0
638 613 1.0
638 736 1.0
638 785 1.0
639 76 1.0
639 269 1.0
639 521 1.0
640 1 1.0
640 78 1.0
640 159 1.0
640 215 1.0
640 234 1.0
640 371 1.0
640 683 1.0
640 846 1.0
640 932 1.0
641 70 1.0
641 142 1.0
641 228 1.0
641 442 1.0
641 512 1.0
641 529 1.0
641 678 1.0
641 694 1.0
641 761 1.0
641 842 1.0
641 870 1.0
642 24 1.0
642 33 1.0
642 153 1.0
642 182 1.0
642 356 1.0
642 603 1.0
642 665 1.0
642 973 1.0
643 114 1.0
643 243 1.0
643 249 1.0
643 380 1.0
643 401 1.0
643 562 1.0
643 587 1.0
643 727 1.0
643 882 1.0
644 205 1.0
644 418 1.0
644 432 1.0
644 519 1.0
644 619 1.0
644 750 1.0
644 991 1.0
645 203 1.0
645 425 1.0
645 459 1.0
645 525 1.0
645 813 1.0
646 101 1.0
646 226 1.0
646 731 1.0
646 899 1.0
646 951 1.0
647 6 1.0
647 27 1.0
647 47 1.0
647 149 1.0
647 199 1.0
647 415 1.0
647 424 1.0
647 435 1.0
647 615 1.0
647 746 1.0
647 895 1.0
648 147 1.0
648 237 1.0
648 690 1.0
648 720 1.0
649 50 1.0
649 94 1.0
649 126 1.0
649 282 1.0
649 338 1.0
649 613 1.0
650 138 1.0
650 287 1.0
650 329 1.0
650 992 1.0
651 157 1.0
651 275 1.0
651 458 1.0
651 519 1.0
651 554 1.0
651 736 1.0
652 153 1.0
652 157 1.0
652 186 1.0
652 480 1.0
652 491 1.0
652 591 1.0
652 640 1.0
652 908 1.0
652 959 1.0
652 966 1.0
653 16 1.0
653 216 1.0
653 427 1.0
653 808 1.0
653 809 1.0
654 79 1.0
654 90 1.0
654 146 1.0
654 176 1.0
654 364 1.0
654 605 1.0
654 732 1.0
654 752 1.0
654 756 1.0
655 25 1.0
655 26 1.0
655 146 1.0
655 193 1.0
655 270 1.0
655 348 1.0
655 405 1.0
655 446 1.0
655 632 1.0
655 667 1.0
655 695 1.0
655 715 1.0
655 748 1.0
655 754 1.0
655 900 1.0
656 88 1.0
656 151 1.0
656 159 1.0
656 163 1.0
656 191 1.0
656 208 1.0
656 319 1.0
656 475 1.0
656 521 1.0
656 586 1.0
656 610 1.0
656 932 1.0
657 132 1.0
657 191 1.0
657 384 1.0
657 742 1.0
658 14 1.0
658 81 1.0
658 685 1.0
659 95 1.0
659 133 1.0
659 326 1.0
659 714 1.0
659 783 1.0
659 822 1.0
659 841 1.0
660 269 1.0
660 523 1.0
660 526 1.0
660 527 1.0
660 816 1.0
661 60 1.0
661 116 1.0
661 278 1.0
661 291 1.0
661 342 1.0
661 395 1.0
661 402 1.0
661 584 1.0
661 657 1.0
662 106 1.0
662 304 1.0
662 323 1.0
662 464 1.0
662 494 1.0
662 588 1.0
662 837 1.0
662 854 1.0
662 861 1.0
663 42 1.0
663 46 1.0
663 78 1.0
663 183 1.0
663 238 1.0
663 424 1.0
663 534 1.0
663 720 1.0
663 783 1.0
664 614 1.0
664 933 1.0
665 30 1.0
665 334 1.0
665 340 1.0
665 388 1.0
665 394 1.0
665 865 1.0
665 887 1.0
666 184 1.0
666 289 1.0
666 354 1.0
666 363 1.0
666 366 1.0
666 506 1.0
666 680 1.0
666 730 1.0
666 763 1.0
666 889 1.0
666 921 1.0
667 171 1.0
667 201 1.0
667 244 1.0
667 627 1.0
668 116 1.0
668 298 1.0
668 547 1.0
668 573 1.0
668 583 1.0
668 735 1.0
668 764 1.0
668 812 1.0
668 906 1.0
669 17 1.0
669 152 1.0
669 430 1.0
669 509 1.0
669 564 1.0
669 629 1.0
669 677 1.0
669 679 1.0
669 815 1.0
669 897 1.0
670 133 1.0
670 372 1.0
670 520 1.0
670 545 1.0
670 781 1.0
671 149 1.0
671 199 1.0
671 472 1.0
671 550 1.0
671 573 1.0
671 669 1.0
671 761 1.0
671 976 1.0
672 165 1.0
672 333 1.0
672 438 1.0
672 494 1.0
672 724 1.0
672 730 1.0
672 757 1.0
672 772 1.0
672 915 1.0
672 921 1.0
673 54 1.0
673 94 1.0
673 361 1.0
673 708 1.0
673 714 1.0
673 808 1.0
674 264 1.0
674 364 1.0
674 527 1.0
675 112 1.0
675 343 1.0
675 430 1.0
675 831 1.0
676 83 1.0
676 364 1.0
676 420 1.0
676 443 1.0
676 598 1.0
676 663 1.0
677 326 1.0
677 446 1.0
677 615 1.0
677 712 1.0
677 811 1.0
677 858 1.0
678 126 1.0
678 131 1.0
678 257 1.0
678 488 1.0
679 219 1.0
679 276 1.0
679 392 1.0
679 506 1.0
679 517 1.0
679 577 1.0
679 579 1.0
679 663 1.0
679 744 1.0
679 768 1.0
679 796 1.0
679 801 1.0
680 3 1.0
680 838 1.0
680 901 1.0
681 211 1.0
681 395 1.0
681 585 1.0
681 589 1.0
681 596 1.0
681 669 1.0
681 809 1.0
682 406 1.0
682 605 1.0
682 635 1.0
682 681 1.0
682 759 1.0
683 145 1.0
683 262 1.0
683 303 1.0
683 342 1.0
683 499 1.0
683 537 1.0
683 552 1.0
683 674 1.0
683 847 1.0
683 880 1.0
683 909 1.0
684 83 1.0
684 158 1.0
684 195 1.0
684 306 1.0
684 418 1.0
684 641 1.0
685 163 1.0
685 270 1.0
685 340 1.0
685 386 1.0
685 421 1.0
685 523 1.0
685 698 1.0
685 941 1.0
686 442 1.0
686 617 1.0
686 984 1.0
687 264 1.0
687 281 1.0
687 509 1.0
687 730 1.0
687 839 1.0
688 33 1.0
688 93 1.0
688 212 1.0
688 249 1.0
688 304 1.0
688 464 1.0
689 43 1.0
689 225 1.0
689 319 1.0
689 332 1.0
689 405 1.0
689 544 1.0
689 623 1.0
689 727 1.0
689 775 1.0
689 899 1.0
690 62 1.0
690 300 1.0
690 353 1.0
690 673 1.0
690 729 1.0
690 742 1.0
690 746 1.0
691 285 1.0
691 363 1.0
691 564 1.0
691 716 1.0
691 749 1.0
691 812 1.0
691 815 1.0
691 980 1.0
692 58 1.0
692 62 1.0
692 209 1.0
692 304 1.0
692 344 1.0
692 356 1.0
692 639 1.0
692 786 1.0
692 927 1.0
692 952 1.0
692 967 1.0
693 78 1.0
693 120 1.0
693 151 1.0
693 442 1.0
693 963 1.0
694 194 1.0
694 211 1.0
694 272 1.0
694 498 1.0
694 509 1.0
694 595 1.0
694 777 1.0
694 884 1.0
695 166 1.0
695 286 1.0
695 309 1.0
695 345 1.0
695 371 1.0
695 796 1.0
695 815 1.0
695 837 1.0
696 22 1.0
696 127 1.0
696 260 1.0
696 272 1.0
696 760 1.0
696 928 1.0
697 124 1.0
697 136 1.0
697 184 1.0
697 412 1.0
697 626 1.0
697 656 1.0
697 710 1.0
698 190 1.0
698 302 1.0
698 303 1.0
698 401 1.0
698 712 1.0
698 743 1.0
698 807 1.0
699 14 1.0
699 97 1.0
699 545 1.0
699 560 1.0
699 758 1.0
699 760 1.0
700 93 1.0
700 588 1.0
700 672 1.0
700 730 1.0
700 885 1.0
701 186 1.0
701 257 1.0
701 451 1.0
701 514 1.0
701 524 1.0
701 591 1.0
701 628 1.0
701 661 1.0
701 749 1.0
701 870 1.0
702 1 1.0
702 228 1.0
702 333 1.0
702 400 1.0
702 407 1.0
702 421 1.0
702 568 1.0
702 764 1.0
703 173 1.0
703 192 1.0
703 394 1.0
703 403 1.0
703 437 1.0
703 465 1.0
703 546 1.0
703 586 1.0
703 677 1.0
704 124 1.0
704 248 1.0
704 867 1.0
705 316 1.0
705 371 1.0
705 515 1.0
705 571 1.0
705 825 1.0
706 242 1.0
706 386 1.0
706 491 1.0
706 517 1.0
706 627 1.0
706 715 1.0
706 736 1.0
706 783 1.0
706 831 1.0
707 177 1.0
707 243 1.0
707 812 1.0
707 838 1.0
707 875 1.0
708 361 1.0
708 758 1.0
708 770 1.0
708 796 1.0
709 50 1.0
709 439 1.0
709 558 1.0
709 712 1.0
710 35 1.0
710 357 1.0
710 508 1.0
710 539 1.0
710 693 1.0
710 812 1.0
711 54 1.0
711 248 1.0
711 657 1.0
711 772 1.0
712 359 1.0
712 658 1.0
712 731 1.0
712 984 1.0
713 91 1.0
713 512 1.0
713 778 1.0
713 863 1.0
713 886 1.0
714 172 1.0
714 304 1.0
714 418 1.0
714 494 1.0
714 594 1.0
714 651 1.0
714 765 1.0
714 877 1.0
714 977 1.0
715 95 1.0
715 112 1.0
715 113 1.0
715 201 1.0
715 218 1.0
715 405 1.0
715 598 1.0
715 621 1.0
715 753 1.0
715 948 1.0
716 119 1.0
716 243 1.0
716 374 1.0
716 383 1.0
716 417 1.0
716 538 1.0
716 739 1.0
716 750 1.0
716 825 1.0
717 74 1.0
717 139 1.0
717 269 1.0
717 294 1.0
717 302 1.0
717 358 1.0
717 497 1.0
717 631 1.0
717 636 1.0
717 909 1.0
717 934 1.0
718 20 1.0
718 63 1.0
718 233 1.0
718 468 1.0
718 543 1.0
718 600 1.0
718 959 1.0
719 22 1.0
719 34 1.0
719 256 1.0
719 530 1.0
719 562 1.0
719 832 1.0
720 130 1.0
720 361 1.0
720 453 1.0
720 532 1.0
720 537 1.0
720 575 1.0
720 953 1.0
721 416 1.0
721 626 1.0
721 986 1.0
721 991 1.0
722 181 1.0
722 194 1.0
722 227 1.0
722 247 1.0
722 284 1.0
722 316 1.0
722 323 1.0
722 360 1.0
722 467 1.0
722 549 1.0
722 658 1.0
722 661 1.0
722 723 1.0
722 774 1.0
723 74 1.0
723 228 1.0
723 276 1.0
723 318 1.0
723 480 1.0
723 516 1.0
723 542 1.0
723 679 1.0
723 690 1.0
723 691 1.0
724 142 1.0
724 369 1.0
724 405 1.0
724 419 1.0
724 474 1.0
724 526 1.0
724 528 1.0
724 707 1.0
725 73 1.0
725 144 1.0
725 164 1.0
725 300 1.0
725 308 1.0
725 362 1.0
725 653 1.0
725 699 1.0
725 971 1.0
725 975 1.0
726 88 1.0
726 280 1.0
726 338 1.0
726 463 1.0
726 575 1.0
726 684 1.0
726 767 1.0
726 795 1.0
726 930 1.0
727 86 1.0
727 239 1.0
727 243 1.0
727 389 1.0
727 665 1.0
728 208 1.0
728 301 1.0
728 389 1.0
728 650 1.0
728 720 1.0
728 765 1.0
729 163 1.0
729 315 1.0
729 903 1.0
730 345 1.0
730 666 1.0
730 864 1.0
731 36 1.0
731 215 1.0
731 336 1.0
731 508 1.0
731 520 1.0
731 580 1.0
731 841 1.0
731 911 1.0
732 161 1.0
732 586 1.0
732 752 1.0
733 29 1.0
733 39 1.0
733 112 1.0
733 129 1.0
733 222 1.0
733 256 1.0
733 440 1.0
733 451 1.0
733 843 1.0
733 861 1.0
733 896 1.0
734 39 1.0
734 223 1.0
734 351 1.0
734 529 1.0
734 683 1.0
734 834 1.0
734 844 1.0
734 867 1.0
735 33 1.0
735 167 1.0
735 170 1.0
735 190 1.0
735 223 1.0
735 394 1.0
735 528 1.0
735 560 1.0
735 654 1.0
735 731 1.0
736 276 1.0
736 474 1.0
736 614 1.0
736 856 1.0
737 176 1.0
737 271 1.0
737 290 1.0
737 402 1.0
737 545 1.0
737 561 1.0
737 588 1.0
737 602 1.0
737 626 1.0
737 844 1.0
738 1 1.0
738 147 1.0
738 152 1.0
738 274 1.0
738 300 1.0
738 373 1.0
738 467 1.0
738 482 1.0
738 776 1.0
738 840 1.0
739 231 1.0
739 300 1.0
739 628 1.0
739 804 1.0
739 889 1.0
739 895 1.0
740 241 1.0
740 709 1.0
741 252 1.0
741 262 1.0
741 421 1.0
741 486 1.0
741 688 1.0
741 802 1.0
741 936 1.0
742 40 1.0
742 49 1.0
742 197 1.0
742 502 1.0
742 698 1.0
742 855 1.0
742 896 1.0
743 22 1.0
743 143 1.0
743 165 1.0
743 224 1.0
743 258 1.0
743 300 1.0
743 394 1.0
743 399 1.0
743 576 1.0
743 695 1.0
743 771 1.0
744 204 1.0
744 237 1.0
744 361 1.0
744 492 1.0
744 774 1.0
744 938 1.0
745 278 1.0
745 521 1.0
745 637 1.0
745 708 1.0
745 768 1.0
746 724 1.0
746 941 1.0
747 7 1.0
747 93 1.0
747 110 1.0
747 497 1.0
747 524 1.0
747 572 1.0
747 663 1.0
747 679 1.0
747 974 1.0
748 73 1.0
748 198 1.0
748 288 1.0
748 294 1.0
748 538 1.0
748 553 1.0
748 786 1.0
748 838 1.0
748 938 1.0
749 3 1.0
749 27 1.0
749 95 1.0
749 134 1.0
749 273 1.0
749 375 1.0
749 802 1.0
749 869 1.0
750 192 1.0
750 262 1.0
750 336 1.0
750 822 1.0
751 552 1.0
751 575 1.0
751 853 1.0
752 78 1.0
752 240 1.0
752 281 1.0
752 517 1.0
752 561 1.0
752 810 1.0
753 27 1.0
753 52 1.0
753 102 1.0
753 107 1.0
753 441 1.0
754 72 1.0
754 199 1.0
754 204 1.0
754 273 1.0
754 288 1.0
754 569 1.0
754 627 1.0
754 870 1.0
754 931 1.0
755 176 1.0
755 245 1.0
755 275 1.0
755 394 1.0
755 404 1.0
755 409 1.0
755 506 1.0
755 864 1.0
756 107 1.0
756 122 1.0
756 164 1.0
756 218 1.0
756 257 1.0
756 630 1.0
757 82 1.0
757 247 1.0
757 319 1.0
757 422 1.0
757 571 1.0
757 623 1.0
757 771 1.0
757 825 1.0
758 34 1.0
758 87 1.0
758 186 1.0
758 202 1.0
758 221 1.0
758 624 1.0
759 44 1.0
759 144 1.0
759 253 1.0
759 299 1.0
759 308 1.0
759 588 1.0
760 107 1.0
760 141 1.0
760 194 1.0
760 514 1.0
761 171 1.0
761 199 1.0
761 276 1.0
761 789 1.0
761 836 1.0
761 881 1.0
762 85 1.0
762 97 1.0
762 264 1.0
762 531 1.0
762 673 1.0
762 714 1.0
762 801 1.0
762 897 1.0
762 961 1.0
763 116 1.0
763 129 1.0
763 140 1.0
763 249 1.0
763 423 1.0
763 710 1.0
764 119 1.0
764 171 1.0
764 244 1.0
764 286 1.0
764 354 1.0
764 649 1.0
764 717 1.0
765 67 1.0
765 368 1.0
765 531 1.0
765 955 1.0
766 354 1.0
766 756 1.0
766 827 1.0
766 840 1.0
767 65 1.0
767 159 1.0
767 168 1.0
767 205 1.0
767 303 1.0
767 348 1.0
767 358 1.0
767 563 1.0
767 705 1.0
767 724 1.0
767 800 1.0
768 657 1.0
768 961 1.0
769 10 1.0
769 112 1.0
769 277 1.0
769 287 1.0
769 354 1.0
769 447 1.0
769 495 1.0
769 722 1.0
769 733 1.0
769 775 1.0
769 929 1.0
770 27 1.0
770 212 1.0
770 271 1.0
770 331 1.0
770 333 1.0
770 409 1.0
770 503 1.0
770 579 1.0
770 716 1.0
770 800 1.0
770 805 1.0
770 823 1.0
771 44 1.0
771 461 1.0
771 467 1.0
771 780 1.0
771 875 1.0
771 961 1.0
772 226 1.0
772 408 1.0
772 724 1.0
772 865 1.0
772 884 1.0
773 83 1.0
773 279 1.0
773 731 1.0
773 829 1.0
773 861 1.0
774 55 1.0
774 158 1.0
774 206 1.0
774 296 1.0
774 304 1.0
774 320 1.0
774 347 1.0
774 426 1.0
774 807 1.0
774 904 1.0
774 966 1.0
775 141 1.0
775 155 1.0
775 263 1.0
775 342 1.0
775 434 1.0
775 462 1.0
775 523 1.0
775 639 1.0
775 754 1.0
775 760 1.0
775 817 1.0
776 86 1.0
776 162 1.0
776 215 1.0
776 289 1.0
776 333 1.0
776 344 1.0
776 551 1.0
776 840 1.0
776 874 1.0
777 247 1.0
777 555 1.0
777 813 1.0
778 47 1.0
778 70 1.0
778 200 1.0
778 238 1.0
778 490 1.0
778 513 1.0
778 574 1.0
778 613 1.0
778 701 1.0
778 807 1.0
778 833 1.0
778 987 1.0
779 343 1.0
779 369 1.0
779 568 1.0
780 102 1.0
780 126 1.0
780 163 1.0
780 278 1.0
780 346 1.0
780 435 1.0
780 493 1.0
780 847 1.0
781 152 1.0
781 706 1.0
781 714 1.0
782 164 1.0
782 188 1.0
782 213 1.0
782 333 1.0
782 436 1.0
782 451 1.0
782 530 1.0
782 631 1.0
782 794 1.0
782 855 1.0
783 2 1.0
783 97 1.0
783 225 1.0
783 235 1.0
783 240 1.0
783 472 1.0
783 493 1.0
783 496 1.0
783 645 1.0
783 770 1.0
783 805 1.0
783 966 1.0
784 33 1.0
784 544 1.0
784 827 1.0
784 884 1.0
785 231 1.0
785 578 1.0
785 604 1.0
785 675 1.0
785 788 1.0
785 935 1.0
786 30 1.0
786 41 1.0
786 114 1.0
786 204 1.0
786 262 1.0
786 276 1.0
786 326 1.0
786 330 1.0
786 341 1.0
786 518 1.0
786 522 1.0
786 694 1.0
787 238 1.0
787 274 1.0
787 501 1.0
787 595 1.0
787 610 1.0
787 638 1.0
787 759 1.0
787 873 1.0
787 952 1.0
788 88 1.0
788 202 1.0
788 327 1.0
788 455 1.0
788 583 1.0
788 593 1.0
788 751 1.0
788 786 1.0
788 961 1.0
788 974 1.0
789 257 1.0
789 420 1.0
789 516 1.0
789 581 1.0
789 623 1.0
789 648 1.0
789 814 1.0
790 278 1.0
790 708 1.0
790 744 1.0
790 775 1.0
790 967 1.0
791 12 1.0
791 55 1.0
791 87 1.0
791 147 1.0
791 243 1.0
791 539 1.0
791 566 1.0
791 604 1.0
792 216 1.0
792 296 1.0
792 392 1.0
792 690 1.0
792 711 1.0
792 744 1.0
792 956 1.0
793 73 1.0
793 81 1.0
793 429 1.0
793 476 1.0
793 550 1.0
793 669 1.0
793 933 1.0
794 10 1.0
794 83 1.0
794 86 1.0
794 295 1.0
794 499 1.0
794 598 1.0
794 627 1.0
795 207 1.0
795 310 1.0
795 421 1.0
795 444 1.0
795 545 1.0
795 587 1.0
795 666 1.0
796 652 1.0
796 653 1.0
796 664 1.0
796 714 1.0
796 734 1.0
796 883 1.0
796 924 1.0
796 966 1.0
797 54 1.0
797 91 1.0
797 167 1.0
797 172 1.0
797 177 1.0
797 349 1.0
797 574 1.0
797 689 1.0
797 816 1.0
798 70 1.0
798 154 1.0
798 178 1.0
798 288 1.0
798 782 1.0
798 817 1.0
799 67 1.0
799 187 1.0
799 497 1.0
799 512 1.0
799 525 1.0
799 763 1.0
799 864 1.0
800 108 1.0
800 164 1.0
800 269 1.0
800 286 1.0
800 315 1.0
800 356 1.0
800 518 1.0
800 714 1.0
801 203 1.0
801 259 1.0
801 417 1.0
801 523 1.0
801 636 1.0
802 186 1.0
802 187 1.0
802 194 1.0
802 227 1.0
802 269 1.0
802 272 1.0
802 274 1.0
802 319 1.0
802 427 1.0
802 458 1.0
802 565 1.0
802 683 1.0
802 944 1.0
803 187 1.0
803 267 1.0
803 475 1.0
803 505 1.0
803 603 1.0
803 660 1.0
803 955 1.0
804 13 1.0
804 414 1.0
804 430 1.0
804 479 1.0
804 585 1.0
804 626 1.0
805 188 1.0
805 362 1.0
805 396 1.0
805 552 1.0
805 567 1.0
805 809 1.0
805 910 1.0
806 773 1.0
807 13 1.0
807 347 1.0
807 368 1.0
807 414 1.0
807 495 1.0
807 501 1.0
807 898 1.0
808 500 1.0
809 111 1.0
809 635 1.0
809 656 1.0
810 277 1.0
810 448 1.0
810 508 1.0
810 938 1.0
811 123 1.0
811 142 1.0
811 172 1.0
811 393 1.0
811 414 1.0
811 969 1.0
812 85 1.0
812 113 1.0
812 121 1.0
812 163 1.0
812 429 1.0
812 560 1.0
812 846 1.0
813 153 1.0
813 599 1.0
813 676 1.0
813 759 1.0
813 817 1.0
814 283 1.0
814 375 1.0
814 694 1.0
814 755 1.0
814 789 1.0
814 820 1.0
815 76 1.0
815 137 1.0
815 203 1.0
815 582 1.0
815 757 1.0
815 964 1.0
816 255 1.0
816 265 1.0
816 279 1.0
816 299 1.0
816 636 1.0
816 718 1.0
816 746 1.0
816 774 1.0
816 852 1.0
817 63 1.0
817 312 1.0
817 443 1.0
817 866 1.0
818 8 1.0
818 183 1.0
818 534 1.0
818 648 1.0
819 178 1.0
819 402 1.0
819 508 1.0
819 844 1.0
820 363 1.0
820 502 1.0
820 521 1.0
820 644 1.0
820 698 1.0
820 767 1.0
820 834 1.0
821 77 1.0
821 78 1.0
821 155 1.0
821 358 1.0
821 488 1.0
821 712 1.0
821 956 1.0
822 326 1.0
822 390 1.0
822 410 1.0
822 478 1.0
822 884 1.0
823 159 1.0
823 199 1.0
823 431 1.0
823 515 1.0
823 826 1.0
823 829 1.0
823 966 1.0
824 187 1.0
824 279 1.0
824 289 1.0
824 671 1.0
824 763 1.0
825 123 1.0
825 136 1.0
825 236 1.0
825 250 1.0
825 283 1.0
825 589 1.0
825 662 1.0
825 692 1.0
826 169 1.0
826 262 1.0
826 325 1.0
826 329 1.0
826 630 1.0
826 634 1.0
826 735 1.0
826 922 1.0
827 155 1.0
827 178 1.0
827 284 1.0
827 404 1.0
827 437 1.0
827 725 1.0
827 874 1.0
828 49 1.0
828 108 1.0
828 357 1.0
828 449 1.0
828 583 1.0
828 817 1.0
828 836 1.0
828 850 1.0
829 31 1.0
829 165 1.0
829 224 1.0
829 311 1.0
829 654 1.0
829 833 1.0
829 886 1.0
830 284 1.0
830 366 1.0
830 403 1.0
830 577 1.0
830 782 1.0
831 180 1.0
831 273 1.0
831 572 1.0
831 779 1.0
831 867 1.0
832 15 1.0
832 102 1.0
832 112 1.0
832 158 1.0
832 161 1.0
832 478 1.0
832 514 1.0
832 826 1.0
833 188 1.0
833 285 1.0
833 338 1.0
833 445 1.0
833 532 1.0
833 559 1.0
833 755 1.0
833 866 1.0
833 879 1.0
834 52 1.0
834 201 1.0
834 279 1.0
834 408 1.0
834 441 1.0
834 577 1.0
834 811 1.0
835 168 1.0
835 258 1.0
835 381 1.0
835 656 1.0
835 677 1.0
835 799 1.0
836 79 1.0
836 209 1.0
836 317 1.0
836 437 1.0
836 778 1.0
836 793 1.0
836 806 1.0
837 134 1.0
837 303 1.0
837 391 1.0
837 428 1.0
837 456 1.0
837 691 1.0
838 379 1.0
838 389 1.0
838 395 1.0
838 651 1.0
838 732 1.0
838 850 1.0
838 904 1.0
839 62 1.0
839 215 1.0
839 324 1.0
839 475 1.0
839 496 1.0
839 749 1.0
839 801 1.0
840 198 1.0
840 505 1.0
840 533 1.0
840 571 1.0
840 624 1.0
840 638 1.0
840 884 1.0
841 188 1.0
841 264 1.0
841 354 1.0
841 411 1.0
841 433 1.0
841 656 1.0
841 880 1.0
842 97 1.0
842 99 1.0
842 257 1.0
842 280 1.0
842 612 1.0
842 797 1.0
843 107 1.0
843 520 1.0
843 622 1.0
844 49 1.0
844 116 1.0
844 212 1.0
844 285 1.0
844 290 1.0
844 541 1.0
844 723 1.0
844 883 1.0
844 894 1.0
845 83 1.0
845 324 1.0
845 575 1.0
845 702 1.0
845 744 1.0
845 745 1.0
846 36 1.0
846 497 1.0
846 504 1.0
846 587 1.0
846 618 1.0
846 897 1.0
846 907 1.0
846 940 1.0
847 152 1.0
847 555 1.0
848 88 1.0
848 653 1.0
848 692 1.0
848 859 1.0
849 7 1.0
849 125 1.0
849 138 1.0
849 386 1.0
849 394 1.0
849 479 1.0
849 525 1.0
849 612 1.0
849 626 1.0
849 693 1.0
849 790 1.0
849 892 1.0
850 177 1.0
850 229 1.0
850 283 1.0
850 302 1.0
850 467 1.0
850 476 1.0
850 570 1.0
850 659 1.0
850 672 1.0
850 698 1.0
850 705 1.0
851 77 1.0
851 136 1.0
851 171 1.0
851 272 1.0
851 285 1.0
851 446 1.0
851 545 1.0
851 555 1.0
851 634 1.0
851 804 1.0
852 287 1.0
852 417 1.0
852 615 1.0
852 772 1.0
852 813 1.0
853 9 1.0
853 110 1.0
853 277 1.0
853 601 1.0
853 729 1.0
853 731 1.0
853 835 1.0
854 122 1.0
854 140 1.0
854 183 1.0
854 186 1.0
854 332 1.0
854 460 1.0
854 529 1.0
854 857 1.0
854 874 1.0
854 884 1.0
855 58 1.0
855 108 1.0
855 162 1.0
855 259 1.0
855 319 1.0
855 399 1.0
855 414 1.0
856 6 1.0
856 127 1.0
856 439 1.0
856 720 1.0
857 123 1.0
857 144 1.0
857 252 1.0
857 442 1.0
857 597 1.0
857 735 1.0
857 753 1.0
857 871 1.0
857 964 1.0
858 224 1.0
858 663 1.0
858 946 1.0
859 23 1.0
859 105 1.0
859 164 1.0
859 392 1.0
859 399 1.0
859 472 1.0
859 508 1.0
859 527 1.0
859 679 1.0
859 687 1.0
860 166 1.0
860 188 1.0
860 364 1.0
860 633 1.0
860 639 1.0
860 680 1.0
860 684 1.0
860 755 1.0
860 889 1.0
861 45 1.0
861 130 1.0
861 196 1.0
861 276 1.0
861 383 1.0
861 446 1.0
861 602 1.0
862 71 1.0
862 144 1.0
862 192 1.0
862 216 1.0
862 246 1.0
862 250 1.0
862 416 1.0
862 746 1.0
862 940 1.0
862 952 1.0
863 311 1.0
863 585 1.0
863 641 1.0
863 714 1.0
863 747 1.0
863 899 1.0
864 155 1.0
864 657 1.0
864 724 1.0
864 909 1.0
865 210 1.0
865 325 1.0
865 479 1.0
865 544 1.0
865 681 1.0
866 250 1.0
866 375 1.0
866 561 1.0
866 648 1.0
866 704 1.0
866 797 1.0
867 273 1.0
867 352 1.0
867 395 1.0
867 619 1.0
867 651 1.0
867 841 1.0
867 897 1.0
868 263 1.0
868 299 1.0
868 444 1.0
868 641 1.0
868 662 1.0
868 745 1.0
868 797 1.0
869 82 1.0
869 116 1.0
869 755 1.0
869 918 1.0
869 954 1.0
870 8 1.0
870 197 1.0
870 299 1.0
870 330 1.0
870 419 1.0
870 431 1.0
870 608 1.0
870 614 1.0
870 726 1.0
870 742 1.0
871 53 1.0
871 82 1.0
871 189 1.0
871 201 1.0
871 774 1.0
871 790 1.0
871 829 1.0
871 970 1.0
872 671 1.0
872 718 1.0
872 785 1.0
872 829 1.0
872 853 1.0
872 889 1.0
873 128 1.0
873 178 1.0
873 284 1.0
873 292 1.0
873 496 1.0
873 597 1.0
874 7 1.0
874 28 1.0
874 45 1.0
874 128 1.0
874 237 1.0
874 320 1.0
874 749 1.0
874 780 1.0
874 859 1.0
874 988 1.0
875 110 1.0
875 344 1.0
875 411 1.0
875 890 1.0
875 904 1.0
876 155 1.0
876 159 1.0
876 787 1.0
876 903 1.0
876 953 1.0
877 37 1.0
877 66 1.0
877 331 1.0
877 522 1.0
877 625 1.0
877 724 1.0
877 737 1.0
877 764 1.0
877 891 1.0
878 152 1.0
878 160 1.0
878 183 1.0
878 187 1.0
878 325 1.0
878 369 1.0
878 614 1.0
878 629 1.0
879 52 1.0
879 59 1.0
879 63 1.0
879 82 1.0
879 85 1.0
879 223 1.0
879 750 1.0
880 56 1.0
880 89 1.0
880 111 1.0
880 171 1.0
880 200 1.0
880 256 1.0
880 287 1.0
880 747 1.0
880 815 1.0
880 897 1.0
880 926 1.0
881 51 1.0
881 133 1.0
881 167 1.0
881 477 1.0
881 694 1.0
881 815 1.0
881 885 1.0
881 921 1.0
882 262 1.0
882 302 1.0
882 711 1.0
882 824 1.0
883 16 1.0
883 108 1.0
883 247 1.0
883 262 1.0
883 563 1.0
883 670 1.0
883 693 1.0
883 738 1.0
883 805 1.0
883 881 1.0
884 189 1.0
884 212 1.0
884 315 1.0
884 413 1.0
884 871 1.0
885 112 1.0
885 330 1.0
885 412 1.0
885 545 1.0
885 703 1.0
885 854 1.0
886 128 1.0
886 269 1.0
886 473 1.0
886 558 1.0
886 644 1.0
886 682 1.0
887 73 1.0
887 110 1.0
887 120 1.0
887 126 1.0
887 140 1.0
887 338 1.0
887 539 1.0
887 580 1.0
887 582 1.0
887 789 1.0
887 800 1.0
887 897 1.0
888 145 1.0
888 179 1.0
888 423 1.0
888 468 1.0
888 581 1.0
888 605 1.0
888 652 1.0
888 730 1.0
888 812 1.0
889 44 1.0
889 272 1.0
889 320 1.0
889 481 1.0
889 611 1.0
889 634 1.0
889 736 1.0
889 753 1.0
889 941 1.0
890 43 1.0
890 54 1.0
890 288 1.0
890 439 1.0
890 444 1.0
890 537 1.0
890 558 1.0
890 560 1.0
890 786 1.0
890 848 1.0
890 916 1.0
891 49 1.0
891 182 1.0
891 213 1.0
891 346 1.0
891 411 1.0
891 424 1.0
891 544 1.0
891 954 1.0
892 83 1.0
892 346 1.0
892 470 1.0
892 522 1.0
892 694 1.0
892 702 1.0
892 772 1.0
892 854 1.0
893 439 1.0
893 652 1.0
893 679 1.0
893 889 1.0
894 147 1.0
894 148 1.0
894 170 1.0
894 510 1.0
894 597 1.0
894 642 1.0
894 658 1.0
894 682 1.0
894 791 1.0
894 949 1.0
895 7 1.0
895 22 1.0
895 29 1.0
895 59 1.0
895 108 1.0
895 885 1.0
896 132 1.0
896 286 1.0
896 489 1.0
896 678 1.0
896 690 1.0
896 765 1.0
896 906 1.0
896 963 1.0
897 126 1.0
897 308 1.0
897 409 1.0
897 484 1.0
897 736 1.0
897 842 1.0
897 863 1.0
897 929 1.0
897 978 1.0
898 72 1.0
898 110 1.0
898 183 1.0
898 189 1.0
898 284 1.0
898 440 1.0
898 480 1.0
898 573 1.0
898 655 1.0
898 967 1.0
899 6 1.0
899 281 1.0
899 333 1.0
899 870 1.0
899 947 1.0
899 974 1.0
900 22 1.0
900 67 1.0
900 264 1.0
900 322 1.0
900 337 1.0
900 655 1.0
901 201 1.0
901 208 1.0
901 266 1.0
901 516 1.0
901 555 1.0
901 680 1.0
901 902 1.0
902 2 1.0
902 127 1.0
902 180 1.0
902 249 1.0
902 444 1.0
902 552 1.0
902 626 1.0
902 901 1.0
903 33 1.0
903 321 1.0
903 362 1.0
903 372 1.0
903 729 1.0
903 876 1.0
904 139 1.0
904 251 1.0
904 270 1.0
904 284 1.0
904 506 1.0
904 561 1.0
904 569 1.0
904 774 1.0
904 838 1.0
904 875 1.0
904 941 1.0
905 35 1.0
905 89 1.0
905 546 1.0
905 595 1.0
906 69 1.0
906 73 1.0
906 248 1.0
906 326 1.0
906 668 1.0
906 896 1.0
907 20 1.0
907 215 1.0
907 580 1.0
907 846 1.0
908 89 1.0
908 125 1.0
908 193 1.0
908 247 1.0
908 616 1.0
908 652 1.0
909 53 1.0
909 179 1.0
909 294 1.0
909 683 1.0
909 717 1.0
909 864 1.0
910 5 1.0
910 39 1.0
910 49 1.0
910 101 1.0
910 106 1.0
910 805 1.0
911 67 1.0
911 136 1.0
911 463 1.0
911 588 1.0
911 594 1.0
911 606 1.0
911 731 1.0
912 113 1.0
912 244 1.0
912 276 1.0
912 325 1.0
912 370 1.0
912 446 1.0
912 973 1.0
913 19 1.0
913 40 1.0
913 267 1.0
913 423 1.0
913 964 1.0
914 0 1.0
914 25 1.0
914 79 1.0
914 278 1.0
914 396 1.0
914 488 1.0
914 598 1.0
915 165 1.0
915 341 1.0
915 519 1.0
915 672 1.0
916 28 1.0
916 36 1.0
916 139 1.0
916 890 1.0
917 12 1.0
917 68 1.0
917 109 1.0
917 139 1.0
917 429 1.0
917 459 1.0
917 957 1.0
918 77 1.0
918 134 1.0
918 274 1.0
918 308 1.0
918 869 1.0
919 9 1.0
919 72 1.0
919 94 1.0
919 427 1.0
919 544 1.0
919 580 1.0
920 2 1.0
920 328 1.0
920 618 1.0
920 946 1.0
921 628 1.0
921 666 1.0
921 672 1.0
921 881 1.0
921 969 1.0
922 91 1.0
922 95 1.0
922 208 1.0
922 379 1.0
922 826 1.0
923 335 1.0
923 423 1.0
923 581 1.0
924 69 1.0
924 158 1.0
924 343 1.0
924 517 1.0
924 796 1.0
924 947 1.0
925 56 1.0
925 93 1.0
925 288 1.0
925 456 1.0
925 995 1.0
926 81 1.0
926 534 1.0
926 594 1.0
926 626 1.0
926 880 1.0
927 101 1.0
927 122 1.0
927 169 1.0
927 318 1.0
927 335 1.0
927 692 1.0
928 26 1.0
928 388 1.0
928 492 1.0
928 696 1.0
929 140 1.0
929 353 1.0
929 375 1.0
929 769 1.0
929 897 1.0
929 975 1.0
930 9 1.0
930 50 1.0
930 65 1.0
930 108 1.0
930 272 1.0
930 448 1.0
930 726 1.0
931 272 1.0
931 294 1.0
931 357 1.0
931 530 1.0
931 754 1.0
932 1 1.0
932 116 1.0
932 187 1.0
932 192 1.0
932 443 1.0
932 640 1.0
932 656 1.0
933 21 1.0
933 223 1.0
933 325 1.0
933 467 1.0
933 557 1.0
933 664 1.0
933 793 1.0
934 23 1.0
934 276 1.0
934 488 1.0
934 717 1.0
935 164 1.0
935 335 1.0
935 368 1.0
935 374 1.0
935 378 1.0
935 785 1.0
935 961 1.0
936 17 1.0
936 51 1.0
936 319 1.0
936 395 1.0
936 741 1.0
937 1 1.0
937 192 1.0
937 445 1.0
937 616 1.0
938 81 1.0
938 150 1.0
938 379 1.0
938 606 1.0
938 744 1.0
938 748 1.0
938 810 1.0
939 88 1.0
939 142 1.0
939 150 1.0
939 388 1.0
939 474 1.0
939 940 1.0
939 980 1.0
940 182 1.0
940 846 1.0
940 862 1.0
940 939 1.0
941 59 1.0
941 68 1.0
941 122 1.0
941 164 1.0
941 262 1.0
941 602 1.0
941 685 1.0
941 746 1.0
941 889 1.0
941 904 1.0
942 113 1.0
942 134 1.0
942 268 1.0
943 81 1.0
943 349 1.0
943 405 1.0
943 413 1.0
943 616 1.0
944 9 1.0
944 229 1.0
944 802 1.0
945 19 1.0
945 66 1.0
945 107 1.0
945 352 1.0
946 481 1.0
946 556 1.0
946 623 1.0
946 858 1.0
946 920 1.0
947 20 1.0
947 228 1.0
947 280 1.0
947 899 1.0
947 924 1.0
948 203 1.0
948 324 1.0
948 348 1.0
948 715 1.0
948 977 1.0
949 425 1.0
949 460 1.0
949 543 1.0
949 894 1.0
950 32 1.0
950 60 1.0
950 256 1.0
950 519 1.0
951 177 1.0
951 471 1.0
951 646 1.0
951 991 1.0
952 23 1.0
952 28 1.0
952 380 1.0
952 450 1.0
952 692 1.0
952 787 1.0
952 862 1.0
953 59 1.0
953 129 1.0
953 176 1.0
953 316 1.0
953 497 1.0
953 720 1.0
953 876 1.0
954 117 1.0
954 129 1.0
954 314 1.0
954 493 1.0
954 550 1.0
954 561 1.0
954 869 1.0
954 891 1.0
955 38 1.0
955 60 1.0
955 176 1.0
955 249 1.0
955 448 1.0
955 765 1.0
955 803 1.0
956 386 1.0
956 440 1.0
956 601 1.0
956 792 1.0
956 821 1.0
957 0 1.0
957 70 1.0
957 482 1.0
957 917 1.0
958 20 1.0
958 86 1.0
958 467 1.0
958 542 1.0
959 49 1.0
959 342 1.0
959 652 1.0
959 718 1.0
960 87 1.0
960 211 1.0
960 244 1.0
960 290 1.0
960 393 1.0
960 419 1.0
961 18 1.0
961 27 1.0
961 53 1.0
961 160 1.0
961 262 1.0
961 370 1.0
961 762 1.0
961 768 1.0
961 771 1.0
961 788 1.0
961 935 1.0
961 986 1.0
962 290 1.0
962 384 1.0
962 458 1.0
963 42 1.0
963 693 1.0
963 896 1.0
964 37 1.0
964 58 1.0
964 158 1.0
964 252 1.0
964 547 1.0
964 815 1.0
964 857 1.0
964 913 1.0
964 991 1.0
965 3 1.0
965 108 1.0
965 232 1.0
965 279 1.0
965 516 1.0
965 564 1.0
965 587 1.0
966 39 1.0
966 116 1.0
966 201 1.0
966 652 1.0
966 774 1.0
966 783 1.0
966 796 1.0
966 823 1.0
966 970 1.0
967 34 1.0
967 39 1.0
967 161 1.0
967 218 1.0
967 263 1.0
967 585 1.0
967 692 1.0
967 790 1.0
967 898 1.0
968 50 1.0
968 151 1.0
968 596 1.0
969 530 1.0
969 811 1.0
969 921 1.0
970 180 1.0
970 871 1.0
970 966 1.0
970 993 1.0
971 39 1.0
971 198 1.0
971 263 1.0
971 725 1.0
972 536 1.0
972 569 1.0
972 993 1.0
973 140 1.0
973 307 1.0
973 341 1.0
973 642 1.0
973 912 1.0
974 66 1.0
974 747 1.0
974 788 1.0
974 899 1.0
975 2 1.0
975 280 1.0
975 360 1.0
975 725 1.0
975 929 1.0
976 38 1.0
976 376 1.0
976 671 1.0
977 186 1.0
977 272 1.0
977 605 1.0
977 714 1.0
977 948 1.0
978 136 1.0
978 176 1.0
978 897 1.0
979 40 1.0
979 205 1.0
979 314 1.0
979 356 1.0
980 579 1.0
980 691 1.0
980 939 1.0
981 57 1.0
981 143 1.0
981 212 1.0
981 333 1.0
982 22 1.0
982 98 1.0
982 103 1.0
982 261 1.0
982 263 1.0
983 119 1.0
983 127 1.0
983 308 1.0
983 569 1.0
983 594 1.0
984 85 1.0
984 132 1.0
984 550 1.0
984 686 1.0
984 712 1.0
985 1 1.0
985 34 1.0
985 404 1.0
986 246 1.0
986 721 1.0
986 961 1.0
987 121 1.0
987 128 1.0
987 192 1.0
987 778 1.0
988 16 1.0
988 309 1.0
988 520 1.0
988 874 1.0
989 15 1.0
989 70 1.0
989 115 1.0
989 389 1.0
989 582 1.0
990 16 1.0
990 130 1.0
990 310 1.0
991 97 1.0
991 312 1.0
991 644 1.0
991 721 1.0
991 951 1.0
991 964 1.0
992 348 1.0
992 390 1.0
992 404 1.0
992 513 1.0
992 650 1.0
993 361 1.0
993 370 1.0
993 970 1.0
993 972 1.0
994 40 1.0
994 224 1.0
994 349 1.0
995 240 1.0
995 245 1.0
995 340 1.0
995 925 1.0
