0 1 1.0
0 152 1.0
0 215 1.0
0 262 1.0
0 298 1.0
0 372 1.0
0 388 1.0
0 421 1.0
0 976 1.0
1 124 1.0
1 286 1.0
1 802 1.0
1 819 1.0
1 876 1.0
1 943 1.0
2 58 1.0
2 314 1.0
2 338 1.0
2 392 1.0
2 393 1.0
2 445 1.0
2 498 1.0
2 688 1.0
2 943 1.0
2 944 1.0
2 954 1.0
2 957 1.0
3 89 1.0
3 102 1.0
3 138 1.0
3 240 1.0
3 514 1.0
3 568 1.0
3 616 1.0
3 846 1.0
3 898 1.0
3 930 1.0
3 975 1.0
4 67 1.0
4 78 1.0
4 238 1.0
4 340 1.0
4 372 1.0
4 629 1.0
4 636 1.0
4 708 1.0
4 843 1.0
5 36 1.0
5 81 1.0
5 283 1.0
5 310 1.0
5 394 1.0
5 618 1.0
5 635 1.0
6 109 1.0
6 467 1.0
6 629 1.0
7 340 1.0
7 345 1.0
7 407 1.0
7 880 1.0
7 951 1.0
7 970 1.0
8 47 1.0
8 243 1.0
8 416 1.0
8 671 1.0
8 905 1.0
8 968 1.0
9 0 1.0
9 31 1.0
9 141 1.0
9 295 1.0
9 383 1.0
9 880 1.0
10 127 1.0
10 157 1.0
10 198 1.0
10 233 1.0
10 408 1.0
10 499 1.0
10 527 1.0
10 865 1.0
10 917 1.0
10 929 1.0
10 949 1.0
11 146 1.0
11 186 1.0
11 247 1.0
11 371 1.0
11 782 1.0
11 837 1.0
11 904 1.0
12 84 1.0
12 174 1.0
12 370 1.0
12 442 1.0
12 443 1.0
12 455 1.0
12 473 1.0
12 609 1.0
12 714 1.0
12 737 1.0
12 751 1.0
12 752 1.0
12 817 1.0
12 959 1.0
13 100 1.0
13 108 1.0
13 264 1.0
13 292 1.0
13 658 1.0
14 48 1.0
14 117 1.0
14 183 1.0
14 371 1.0
14 697 1.0
14 940 1.0
14 960 1.0
15 7 1.0
15 137 1.0
15 141 1.0
15 173 1.0
15 301 1.0
15 440 1.0
15 470 1.0
15 753 1.0
15 921 1.0
15 961 1.0
16 25 1.0
16 40 1.0
16 128 1.0
16 139 1.0
16 390 1.0
16 524 1.0
16 736 1.0
16 822 1.0
16 923 1.0
17 6 1.0
17 181 1.0
17 706 1.0
17 788 1.0
17 857 1.0
18 341 1.0
18 347 1.0
18 421 1.0
18 703 1.0
18 846 1.0
18 897 1.0
18 958 1.0
19 24 1.0
19 309 1.0
19 495 1.0
19 504 1.0
19 527 1.0
19 667 1.0
19 716 1.0
19 781 1.0
19 924 1.0
20 327 1.0
20 636 1.0
20 659 1.0
20 674 1.0
20 742 1.0
21 62 1.0
21 489 1.0
21 530 1.0
21 707 1.0
21 802 1.0
21 843 1.0
22 159 1.0
22 281 1.0
22 384 1.0
22 516 1.0
22 627 1.0
22 649 1.0
22 792 1.0
22 832 1.0
22 960 1.0
23 181 1.0
23 354 1.0
23 656 1.0
23 668 1.0
23 865 1.0
24 218 1.0
24 294 1.0
24 443 1.0
24 466 1.0
24 745 1.0
24 756 1.0
25 81 1.0
25 271 1.0
25 297 1.0
25 364 1.0
25 423 1.0
25 459 1.0
25 604 1.0
25 726 1.0
25 748 1.0
25 819 1.0
25 860 1.0
25 916 1.0
25 943 1.0
26 148 1.0
26 392 1.0
26 410 1.0
26 421 1.0
26 487 1.0
26 804 1.0
26 850 1.0
26 969 1.0
27 60 1.0
27 138 1.0
27 571 1.0
27 678 1.0
27 717 1.0
27 765 1.0
27 808 1.0
28 293 1.0
28 446 1.0
28 680 1.0
28 701 1.0
29 128 1.0
29 532 1.0
29 540 1.0
29 800 1.0
29 848 1.0
29 921 1.0
30 15 1.0
30 64 1.0
30 134 1.0
30 200 1.0
30 241 1.0
30 792 1.0
30 843 1.0
31 144 1.0
31 358 1.0
31 398 1.0
32 98 1.0
32 177 1.0
32 217 1.0
32 268 1.0
32 706 1.0
32 891 1.0
32 894 1.0
32 895 1.0
33 74 1.0
33 78 1.0
33 170 1.0
33 361 1.0
33 624 1.0
33 625 1.0
33 681 1.0
33 700 1.0
33 938 1.0
33 945 1.0
34 227 1.0
34 321 1.0
34 721 1.0
34 769 1.0
34 924 1.0
35 416 1.0
35 968 1.0
36 327 1.0
36 479 1.0
36 902 1.0
36 923 1.0
36 931 1.0
37 23 1.0
37 59 1.0
37 125 1.0
37 142 1.0
37 444 1.0
37 750 1.0
37 761 1.0
37 826 1.0
37 944 1.0
38 119 1.0
38 180 1.0
38 220 1.0
38 370 1.0
38 399 1.0
38 540 1.0
38 681 1.0
38 701 1.0
38 705 1.0
38 949 1.0
39 207 1.0
39 212 1.0
39 316 1.0
39 601 1.0
39 630 1.0
39 828 1.0
39 887 1.0
39 950 1.0
40 213 1.0
40 337 1.0
40 373 1.0
40 381 1.0
40 797 1.0
40 839 1.0
40 850 1.0
40 951 1.0
41 128 1.0
41 192 1.0
41 211 1.0
41 325 1.0
41 689 1.0
41 824 1.0
42 282 1.0
42 330 1.0
42 340 1.0
42 407 1.0
42 527 1.0
42 771 1.0
42 780 1.0
43 353 1.0
43 366 1.0
43 427 1.0
43 470 1.0
43 700 1.0
43 713 1.0
43 953 1.0
44 31 1.0
44 124 1.0
44 350 1.0
44 772 1.0
44 962 1.0
45 41 1.0
45 78 1.0
45 148 1.0
45 152 1.0
45 188 1.0
45 433 1.0
45 466 1.0
45 716 1.0
45 908 1.0
46 48 1.0
46 86 1.0
46 383 1.0
46 598 1.0
46 703 1.0
46 818 1.0
46 840 1.0
46 871 1.0
46 880 1.0
46 977 1.0
47 70 1.0
47 597 1.0
47 655 1.0
47 740 1.0
47 794 1.0
47 815 1.0
47 890 1.0
47 907 1.0
47 928 1.0
47 936 1.0
48 126 1.0
48 174 1.0
48 645 1.0
48 674 1.0
48 945 1.0
49 54 1.0
49 69 1.0
49 218 1.0
49 263 1.0
49 875 1.0
50 33 1.0
50 34 1.0
50 192 1.0
50 206 1.0
50 367 1.0
50 622 1.0
50 633 1.0
50 780 1.0
51 57 1.0
51 179 1.0
51 755 1.0
51 758 1.0
51 869 1.0
51 951 1.0
52 63 1.0
52 64 1.0
52 238 1.0
52 449 1.0
52 669 1.0
52 677 1.0
52 777 1.0
52 779 1.0
53 10 1.0
53 78 1.0
53 864 1.0
53 895 1.0
53 897 1.0
53 962 1.0
54 324 1.0
54 325 1.0
54 938 1.0
55 44 1.0
55 72 1.0
55 151 1.0
55 318 1.0
55 473 1.0
55 496 1.0
55 548 1.0
55 702 1.0
55 724 1.0
55 793 1.0
56 212 1.0
56 300 1.0
56 615 1.0
56 941 1.0
57 164 1.0
57 281 1.0
57 296 1.0
57 389 1.0
57 777 1.0
57 937 1.0
57 940 1.0
57 952 1.0
57 953 1.0
58 34 1.0
58 133 1.0
58 166 1.0
58 241 1.0
58 396 1.0
58 488 1.0
58 625 1.0
58 708 1.0
58 828 1.0
58 891 1.0
58 892 1.0
58 942 1.0
58 947 1.0
58 948 1.0
59 227 1.0
59 258 1.0
59 269 1.0
59 280 1.0
59 336 1.0
59 401 1.0
59 502 1.0
59 566 1.0
59 681 1.0
59 697 1.0
59 702 1.0
60 166 1.0
60 506 1.0
60 523 1.0
60 620 1.0
60 753 1.0
60 776 1.0
60 945 1.0
61 38 1.0
61 420 1.0
61 571 1.0
61 651 1.0
62 84 1.0
62 138 1.0
62 216 1.0
62 274 1.0
62 313 1.0
62 388 1.0
62 558 1.0
62 748 1.0
62 838 1.0
62 891 1.0
62 929 1.0
63 110 1.0
63 352 1.0
63 889 1.0
64 278 1.0
64 718 1.0
64 778 1.0
64 887 1.0
64 913 1.0
65 54 1.0
65 70 1.0
65 203 1.0
65 204 1.0
65 400 1.0
65 424 1.0
65 441 1.0
65 634 1.0
65 684 1.0
65 906 1.0
66 15 1.0
66 220 1.0
66 344 1.0
66 393 1.0
66 513 1.0
66 787 1.0
66 794 1.0
66 854 1.0
66 863 1.0
66 888 1.0
66 902 1.0
66 925 1.0
67 191 1.0
67 311 1.0
67 440 1.0
67 445 1.0
67 513 1.0
67 658 1.0
67 663 1.0
67 674 1.0
67 706 1.0
67 828 1.0
67 946 1.0
68 88 1.0
68 112 1.0
68 144 1.0
68 185 1.0
68 272 1.0
68 392 1.0
68 535 1.0
68 610 1.0
68 913 1.0
68 942 1.0
68 948 1.0
68 967 1.0
69 164 1.0
69 196 1.0
69 393 1.0
69 402 1.0
69 457 1.0
69 629 1.0
69 792 1.0
69 921 1.0
69 926 1.0
69 927 1.0
70 4 1.0
70 343 1.0
70 404 1.0
70 411 1.0
70 545 1.0
70 556 1.0
70 696 1.0
70 725 1.0
70 859 1.0
70 975 1.0
70 976 1.0
71 13 1.0
71 421 1.0
71 423 1.0
71 551 1.0
71 637 1.0
71 684 1.0
71 730 1.0
72 48 1.0
72 119 1.0
72 252 1.0
72 395 1.0
72 557 1.0
72 580 1.0
72 805 1.0
72 971 1.0
73 315 1.0
73 477 1.0
73 728 1.0
73 868 1.0
74 191 1.0
74 409 1.0
74 568 1.0
74 623 1.0
74 703 1.0
74 716 1.0
75 222 1.0
75 235 1.0
75 443 1.0
75 624 1.0
75 652 1.0
75 655 1.0
75 709 1.0
75 936 1.0
75 969 1.0
76 169 1.0
76 305 1.0
76 404 1.0
76 420 1.0
76 530 1.0
76 832 1.0
76 890 1.0
76 891 1.0
76 965 1.0
77 172 1.0
77 240 1.0
77 297 1.0
77 382 1.0
77 687 1.0
77 880 1.0
78 0 1.0
78 27 1.0
78 264 1.0
78 503 1.0
78 523 1.0
78 538 1.0
78 917 1.0
78 961 1.0
79 842 1.0
79 976 1.0
80 255 1.0
80 432 1.0
80 538 1.0
80 601 1.0
80 614 1.0
80 689 1.0
80 896 1.0
80 919 1.0
80 926 1.0
80 963 1.0
81 155 1.0
81 211 1.0
81 260 1.0
81 927 1.0
82 368 1.0
82 714 1.0
82 882 1.0
83 41 1.0
83 658 1.0
83 721 1.0
83 889 1.0
83 937 1.0
84 152 1.0
84 253 1.0
84 286 1.0
84 438 1.0
84 508 1.0
84 680 1.0
84 878 1.0
84 935 1.0
85 410 1.0
85 490 1.0
86 133 1.0
86 141 1.0
86 182 1.0
86 229 1.0
86 464 1.0
86 785 1.0
86 789 1.0
86 898 1.0
86 915 1.0
86 922 1.0
87 81 1.0
87 285 1.0
87 602 1.0
87 924 1.0
88 13 1.0
88 52 1.0
89 142 1.0
89 307 1.0
89 369 1.0
89 442 1.0
89 466 1.0
89 715 1.0
89 718 1.0
89 816 1.0
89 932 1.0
90 322 1.0
90 771 1.0
91 546 1.0
91 684 1.0
91 686 1.0
91 708 1.0
91 747 1.0
91 915 1.0
92 48 1.0
92 638 1.0
92 750 1.0
92 770 1.0
92 920 1.0
93 172 1.0
93 198 1.0
93 383 1.0
93 490 1.0
93 599 1.0
93 669 1.0
94 77 1.0
94 100 1.0
94 342 1.0
94 575 1.0
94 589 1.0
94 613 1.0
95 173 1.0
95 290 1.0
95 348 1.0
95 470 1.0
95 525 1.0
95 571 1.0
95 740 1.0
95 767 1.0
95 820 1.0
96 184 1.0
96 475 1.0
96 500 1.0
96 575 1.0
96 717 1.0
96 751 1.0
96 903 1.0
96 938 1.0
97 310 1.0
97 396 1.0
97 404 1.0
97 428 1.0
97 565 1.0
97 572 1.0
97 603 1.0
97 765 1.0
98 27 1.0
98 267 1.0
98 331 1.0
98 459 1.0
98 555 1.0
98 615 1.0
98 619 1.0
99 450 1.0
99 661 1.0
99 775 1.0
99 808 1.0
99 867 1.0
99 919 1.0
100 21 1.0
100 82 1.0
100 375 1.0
100 443 1.0
100 453 1.0
100 511 1.0
100 653 1.0
100 694 1.0
100 871 1.0
100 894 1.0
101 209 1.0
101 245 1.0
101 287 1.0
101 296 1.0
101 313 1.0
101 790 1.0
101 939 1.0
102 153 1.0
102 319 1.0
102 401 1.0
102 426 1.0
102 468 1.0
102 970 1.0
102 974 1.0
103 288 1.0
103 442 1.0
103 468 1.0
103 626 1.0
103 689 1.0
103 756 1.0
103 856 1.0
103 872 1.0
104 131 1.0
104 153 1.0
104 161 1.0
104 424 1.0
104 597 1.0
104 622 1.0
104 678 1.0
105 120 1.0
105 388 1.0
105 464 1.0
105 510 1.0
105 600 1.0
105 624 1.0
105 849 1.0
105 906 1.0
106 338 1.0
106 508 1.0
106 515 1.0
106 522 1.0
106 536 1.0
106 729 1.0
106 748 1.0
106 825 1.0
106 904 1.0
107 3 1.0
107 18 1.0
107 60 1.0
107 67 1.0
107 69 1.0
107 81 1.0
107 157 1.0
107 207 1.0
107 276 1.0
107 306 1.0
107 312 1.0
107 525 1.0
107 668 1.0
108 2 1.0
108 48 1.0
108 115 1.0
108 307 1.0
108 520 1.0
108 781 1.0
108 785 1.0
108 791 1.0
108 856 1.0
108 868 1.0
108 887 1.0
108 888 1.0
108 913 1.0
108 932 1.0
109 43 1.0
109 203 1.0
109 273 1.0
109 519 1.0
109 965 1.0
110 542 1.0
110 784 1.0
110 804 1.0
110 974 1.0
111 106 1.0
111 374 1.0
111 732 1.0
111 740 1.0
111 757 1.0
112 76 1.0
112 511 1.0
112 525 1.0
112 768 1.0
112 899 1.0
112 930 1.0
113 150 1.0
113 249 1.0
113 255 1.0
113 627 1.0
113 642 1.0
113 858 1.0
113 923 1.0
114 23 1.0
114 173 1.0
114 283 1.0
114 320 1.0
114 356 1.0
114 684 1.0
114 724 1.0
114 780 1.0
114 929 1.0
114 942 1.0
114 970 1.0
115 108 1.0
115 149 1.0
115 240 1.0
115 510 1.0
115 515 1.0
115 730 1.0
115 919 1.0
116 92 1.0
116 98 1.0
116 200 1.0
116 218 1.0
116 248 1.0
116 394 1.0
116 875 1.0
117 57 1.0
117 403 1.0
117 437 1.0
117 453 1.0
117 545 1.0
117 687 1.0
117 723 1.0
117 728 1.0
117 775 1.0
117 889 1.0
118 8 1.0
118 126 1.0
118 143 1.0
118 326 1.0
118 357 1.0
118 414 1.0
118 443 1.0
118 465 1.0
118 532 1.0
118 649 1.0
118 687 1.0
118 696 1.0
118 768 1.0
119 302 1.0
119 424 1.0
119 516 1.0
119 671 1.0
119 711 1.0
119 721 1.0
119 760 1.0
119 857 1.0
119 865 1.0
119 888 1.0
119 965 1.0
120 4 1.0
120 229 1.0
120 240 1.0
120 261 1.0
120 365 1.0
120 381 1.0
120 416 1.0
120 435 1.0
120 462 1.0
120 541 1.0
120 653 1.0
120 673 1.0
120 689 1.0
120 724 1.0
120 726 1.0
120 883 1.0
120 889 1.0
120 947 1.0
120 955 1.0
121 216 1.0
121 300 1.0
121 321 1.0
121 327 1.0
121 384 1.0
121 533 1.0
121 568 1.0
121 593 1.0
121 687 1.0
121 712 1.0
121 793 1.0
121 855 1.0
121 919 1.0
122 309 1.0
122 428 1.0
122 507 1.0
122 578 1.0
122 600 1.0
122 603 1.0
122 689 1.0
122 710 1.0
122 854 1.0
122 911 1.0
123 75 1.0
123 135 1.0
123 492 1.0
123 848 1.0
123 873 1.0
123 897 1.0
123 904 1.0
123 969 1.0
124 289 1.0
124 417 1.0
124 729 1.0
124 758 1.0
124 881 1.0
125 34 1.0
125 57 1.0
125 166 1.0
125 328 1.0
125 602 1.0
125 741 1.0
125 748 1.0
125 800 1.0
125 887 1.0
125 954 1.0
126 7 1.0
126 28 1.0
126 70 1.0
126 140 1.0
126 273 1.0
126 394 1.0
126 415 1.0
126 569 1.0
126 682 1.0
126 717 1.0
126 771 1.0
126 819 1.0
126 841 1.0
126 847 1.0
127 193 1.0
127 434 1.0
127 502 1.0
127 643 1.0
127 659 1.0
128 375 1.0
128 508 1.0
128 580 1.0
128 806 1.0
128 836 1.0
128 897 1.0
128 951 1.0
129 114 1.0
129 141 1.0
129 289 1.0
129 445 1.0
129 537 1.0
129 889 1.0
130 22 1.0
130 177 1.0
130 196 1.0
130 289 1.0
130 305 1.0
130 306 1.0
130 402 1.0
130 682 1.0
130 798 1.0
130 966 1.0
131 43 1.0
131 217 1.0
131 423 1.0
131 435 1.0
131 477 1.0
131 715 1.0
131 898 1.0
131 973 1.0
132 4 1.0
132 267 1.0
132 282 1.0
132 440 1.0
132 576 1.0
132 894 1.0
133 4 1.0
133 5 1.0
133 234 1.0
133 261 1.0
133 286 1.0
133 426 1.0
133 515 1.0
133 544 1.0
133 558 1.0
133 586 1.0
133 975 1.0
134 3 1.0
134 28 1.0
134 29 1.0
134 53 1.0
134 90 1.0
134 195 1.0
134 197 1.0
134 402 1.0
134 617 1.0
134 728 1.0
134 792 1.0
134 828 1.0
134 868 1.0
135 17 1.0
135 64 1.0
135 148 1.0
135 388 1.0
135 594 1.0
135 752 1.0
135 755 1.0
135 834 1.0
135 839 1.0
136 146 1.0
136 207 1.0
136 209 1.0
136 261 1.0
136 325 1.0
136 387 1.0
136 405 1.0
136 451 1.0
136 500 1.0
136 524 1.0
136 553 1.0
136 623 1.0
136 736 1.0
136 752 1.0
136 903 1.0
137 25 1.0
137 37 1.0
137 146 1.0
137 377 1.0
137 537 1.0
137 566 1.0
137 641 1.0
138 57 1.0
138 180 1.0
138 231 1.0
138 273 1.0
138 302 1.0
138 437 1.0
138 517 1.0
138 577 1.0
138 792 1.0
139 100 1.0
139 124 1.0
139 223 1.0
139 342 1.0
139 398 1.0
139 706 1.0
139 809 1.0
139 940 1.0
140 226 1.0
140 290 1.0
140 385 1.0
140 440 1.0
140 449 1.0
140 598 1.0
140 777 1.0
140 801 1.0
140 848 1.0
141 47 1.0
141 93 1.0
141 204 1.0
141 523 1.0
141 635 1.0
141 866 1.0
141 928 1.0
142 225 1.0
142 236 1.0
142 449 1.0
142 479 1.0
142 536 1.0
142 872 1.0
142 960 1.0
143 12 1.0
143 84 1.0
143 187 1.0
143 203 1.0
143 316 1.0
143 354 1.0
143 400 1.0
143 481 1.0
143 721 1.0
143 790 1.0
143 814 1.0
144 135 1.0
144 159 1.0
144 251 1.0
144 276 1.0
144 359 1.0
144 637 1.0
144 645 1.0
144 806 1.0
144 830 1.0
145 21 1.0
145 205 1.0
145 210 1.0
145 480 1.0
145 517 1.0
145 661 1.0
145 666 1.0
145 687 1.0
145 946 1.0
146 73 1.0
146 246 1.0
146 290 1.0
146 379 1.0
146 454 1.0
146 799 1.0
146 876 1.0
146 878 1.0
146 968 1.0
147 141 1.0
147 174 1.0
147 198 1.0
147 511 1.0
147 811 1.0
147 827 1.0
147 876 1.0
148 91 1.0
148 156 1.0
148 294 1.0
148 474 1.0
148 498 1.0
148 587 1.0
148 813 1.0
148 814 1.0
148 856 1.0
149 5 1.0
149 97 1.0
149 365 1.0
149 605 1.0
149 727 1.0
149 772 1.0
149 786 1.0
149 790 1.0
149 812 1.0
149 834 1.0
150 52 1.0
150 145 1.0
150 243 1.0
150 251 1.0
150 496 1.0
150 695 1.0
150 699 1.0
150 838 1.0
150 976 1.0
151 255 1.0
151 315 1.0
151 389 1.0
151 612 1.0
151 832 1.0
151 955 1.0
152 85 1.0
152 105 1.0
152 118 1.0
152 219 1.0
152 249 1.0
152 857 1.0
153 183 1.0
153 240 1.0
153 256 1.0
153 263 1.0
153 360 1.0
153 646 1.0
153 778 1.0
153 920 1.0
154 210 1.0
154 369 1.0
154 502 1.0
154 702 1.0
154 856 1.0
154 880 1.0
155 19 1.0
155 132 1.0
155 147 1.0
155 535 1.0
155 727 1.0
156 249 1.0
156 331 1.0
156 376 1.0
156 507 1.0
156 519 1.0
156 681 1.0
156 694 1.0
157 138 1.0
157 139 1.0
157 506 1.0
158 77 1.0
158 109 1.0
158 626 1.0
158 663 1.0
158 800 1.0
159 103 1.0
159 350 1.0
159 406 1.0
159 457 1.0
159 487 1.0
159 606 1.0
159 677 1.0
159 937 1.0
160 48 1.0
160 175 1.0
160 267 1.0
160 345 1.0
160 861 1.0
160 972 1.0
160 977 1.0
161 33 1.0
161 60 1.0
161 109 1.0
161 273 1.0
161 372 1.0
161 427 1.0
161 428 1.0
161 553 1.0
161 715 1.0
162 160 1.0
162 386 1.0
162 479 1.0
162 889 1.0
163 38 1.0
163 222 1.0
163 243 1.0
163 334 1.0
163 365 1.0
163 438 1.0
163 573 1.0
163 612 1.0
163 686 1.0
163 799 1.0
163 887 1.0
164 143 1.0
164 563 1.0
164 745 1.0
164 814 1.0
165 171 1.0
165 431 1.0
165 585 1.0
165 703 1.0
165 741 1.0
165 874 1.0
165 946 1.0
166 82 1.0
166 138 1.0
166 290 1.0
166 341 1.0
166 670 1.0
167 163 1.0
167 172 1.0
167 384 1.0
167 524 1.0
167 775 1.0
167 826 1.0
168 172 1.0
168 280 1.0
168 329 1.0
168 423 1.0
168 923 1.0
168 972 1.0
169 110 1.0
169 232 1.0
169 377 1.0
169 571 1.0
169 575 1.0
169 650 1.0
169 692 1.0
169 723 1.0
169 839 1.0
169 960 1.0
170 51 1.0
170 65 1.0
170 143 1.0
170 149 1.0
170 399 1.0
170 698 1.0
171 189 1.0
171 284 1.0
171 600 1.0
171 887 1.0
171 905 1.0
171 951 1.0
172 82 1.0
172 357 1.0
172 461 1.0
172 502 1.0
172 632 1.0
172 939 1.0
172 952 1.0
173 115 1.0
173 140 1.0
173 192 1.0
173 301 1.0
173 357 1.0
173 419 1.0
173 586 1.0
173 645 1.0
173 714 1.0
173 734 1.0
173 867 1.0
173 956 1.0
174 5 1.0
174 64 1.0
174 148 1.0
174 228 1.0
174 578 1.0
174 784 1.0
174 859 1.0
174 874 1.0
174 946 1.0
175 3 1.0
175 45 1.0
175 283 1.0
175 294 1.0
175 298 1.0
175 545 1.0
175 702 1.0
175 801 1.0
175 972 1.0
176 243 1.0
176 338 1.0
176 547 1.0
176 759 1.0
176 837 1.0
177 50 1.0
177 200 1.0
177 210 1.0
177 231 1.0
177 335 1.0
177 619 1.0
177 656 1.0
177 659 1.0
177 827 1.0
177 834 1.0
177 891 1.0
178 49 1.0
178 97 1.0
178 273 1.0
178 300 1.0
178 371 1.0
178 375 1.0
178 584 1.0
178 649 1.0
178 658 1.0
178 729 1.0
178 822 1.0
179 59 1.0
179 164 1.0
179 181 1.0
179 293 1.0
179 833 1.0
179 926 1.0
179 951 1.0
179 967 1.0
180 14 1.0
180 170 1.0
180 649 1.0
180 671 1.0
180 743 1.0
180 896 1.0
180 976 1.0
181 49 1.0
181 309 1.0
181 496 1.0
181 613 1.0
182 17 1.0
182 176 1.0
182 336 1.0
182 538 1.0
182 560 1.0
182 571 1.0
183 411 1.0
183 457 1.0
183 476 1.0
183 774 1.0
184 180 1.0
184 290 1.0
184 485 1.0
184 534 1.0
184 578 1.0
184 640 1.0
184 776 1.0
184 899 1.0
184 960 1.0
185 52 1.0
185 68 1.0
185 118 1.0
185 240 1.0
185 437 1.0
185 620 1.0
185 721 1.0
186 88 1.0
186 328 1.0
186 385 1.0
186 421 1.0
186 425 1.0
186 468 1.0
186 567 1.0
186 725 1.0
186 733 1.0
186 890 1.0
187 67 1.0
187 130 1.0
187 195 1.0
187 325 1.0
187 335 1.0
187 347 1.0
187 730 1.0
187 762 1.0
187 780 1.0
187 904 1.0
188 115 1.0
188 812 1.0
188 840 1.0
189 190 1.0
189 260 1.0
189 393 1.0
189 428 1.0
189 520 1.0
189 762 1.0
189 816 1.0
189 848 1.0
190 185 1.0
190 270 1.0
190 316 1.0
190 320 1.0
190 546 1.0
190 576 1.0
190 621 1.0
190 702 1.0
190 822 1.0
190 922 1.0
191 132 1.0
191 206 1.0
191 330 1.0
191 528 1.0
191 732 1.0
191 891 1.0
192 83 1.0
192 163 1.0
192 245 1.0
192 655 1.0
192 690 1.0
192 831 1.0
193 284 1.0
193 386 1.0
193 476 1.0
193 562 1.0
193 749 1.0
193 935 1.0
194 162 1.0
194 282 1.0
194 315 1.0
194 419 1.0
194 487 1.0
194 766 1.0
194 844 1.0
195 18 1.0
195 29 1.0
195 33 1.0
195 202 1.0
195 215 1.0
195 257 1.0
195 420 1.0
195 530 1.0
195 565 1.0
195 691 1.0
195 807 1.0
195 819 1.0
195 821 1.0
196 151 1.0
196 183 1.0
196 353 1.0
196 362 1.0
196 607 1.0
196 748 1.0
196 762 1.0
196 816 1.0
196 841 1.0
196 871 1.0
197 185 1.0
197 414 1.0
197 788 1.0
198 626 1.0
198 764 1.0
198 922 1.0
199 22 1.0
199 75 1.0
199 112 1.0
199 266 1.0
199 304 1.0
199 377 1.0
199 551 1.0
199 743 1.0
199 781 1.0
200 6 1.0
200 84 1.0
200 483 1.0
200 523 1.0
200 525 1.0
200 861 1.0
201 14 1.0
201 99 1.0
201 205 1.0
201 401 1.0
201 480 1.0
201 489 1.0
201 516 1.0
201 582 1.0
201 611 1.0
201 660 1.0
201 843 1.0
202 266 1.0
202 324 1.0
202 732 1.0
202 740 1.0
202 746 1.0
203 69 1.0
203 105 1.0
203 155 1.0
203 204 1.0
203 293 1.0
203 330 1.0
203 379 1.0
203 395 1.0
203 492 1.0
203 500 1.0
203 534 1.0
203 622 1.0
203 625 1.0
203 828 1.0
203 886 1.0
203 901 1.0
204 114 1.0
204 413 1.0
204 596 1.0
204 678 1.0
204 925 1.0
205 77 1.0
205 231 1.0
205 241 1.0
205 410 1.0
205 496 1.0
205 556 1.0
205 674 1.0
205 730 1.0
205 735 1.0
205 784 1.0
206 428 1.0
206 515 1.0
206 636 1.0
206 647 1.0
206 875 1.0
206 915 1.0
206 931 1.0
207 112 1.0
207 219 1.0
207 221 1.0
207 297 1.0
207 536 1.0
207 647 1.0
207 806 1.0
207 922 1.0
208 223 1.0
208 370 1.0
208 471 1.0
208 533 1.0
208 600 1.0
208 612 1.0
208 614 1.0
208 756 1.0
208 767 1.0
209 37 1.0
209 128 1.0
209 221 1.0
209 236 1.0
209 304 1.0
209 659 1.0
209 756 1.0
209 768 1.0
209 775 1.0
209 801 1.0
210 87 1.0
210 378 1.0
210 512 1.0
210 592 1.0
210 713 1.0
210 823 1.0
210 965 1.0
211 70 1.0
211 111 1.0
211 193 1.0
211 376 1.0
211 630 1.0
211 788 1.0
212 69 1.0
212 85 1.0
212 112 1.0
212 194 1.0
212 211 1.0
212 238 1.0
212 385 1.0
212 525 1.0
212 543 1.0
212 651 1.0
212 952 1.0
213 170 1.0
213 553 1.0
213 568 1.0
213 752 1.0
213 834 1.0
213 917 1.0
214 36 1.0
214 83 1.0
214 94 1.0
214 165 1.0
214 188 1.0
214 227 1.0
214 360 1.0
214 379 1.0
214 463 1.0
214 538 1.0
215 27 1.0
215 104 1.0
215 163 1.0
215 268 1.0
215 399 1.0
215 443 1.0
215 456 1.0
216 110 1.0
216 119 1.0
216 145 1.0
216 203 1.0
216 312 1.0
216 313 1.0
216 930 1.0
217 7 1.0
217 139 1.0
217 161 1.0
217 180 1.0
217 198 1.0
217 278 1.0
217 387 1.0
217 421 1.0
217 633 1.0
217 731 1.0
218 95 1.0
218 513 1.0
218 586 1.0
218 701 1.0
218 924 1.0
218 966 1.0
219 113 1.0
219 213 1.0
219 396 1.0
219 478 1.0
219 561 1.0
219 562 1.0
219 638 1.0
219 883 1.0
220 57 1.0
220 201 1.0
220 244 1.0
220 283 1.0
220 604 1.0
221 559 1.0
221 603 1.0
221 654 1.0
221 734 1.0
221 916 1.0
222 125 1.0
222 245 1.0
222 326 1.0
222 357 1.0
222 360 1.0
222 484 1.0
222 515 1.0
222 840 1.0
223 201 1.0
223 233 1.0
223 256 1.0
223 262 1.0
223 269 1.0
223 548 1.0
223 668 1.0
223 815 1.0
223 960 1.0
224 17 1.0
224 366 1.0
224 560 1.0
224 695 1.0
225 56 1.0
225 775 1.0
225 800 1.0
225 878 1.0
225 918 1.0
225 954 1.0
225 973 1.0
226 286 1.0
226 398 1.0
226 459 1.0
226 671 1.0
226 795 1.0
226 949 1.0
227 2 1.0
227 9 1.0
227 27 1.0
227 179 1.0
227 190 1.0
227 242 1.0
227 337 1.0
227 527 1.0
227 703 1.0
227 734 1.0
227 868 1.0
227 927 1.0
228 92 1.0
228 204 1.0
228 265 1.0
228 343 1.0
228 604 1.0
229 114 1.0
229 157 1.0
229 165 1.0
229 314 1.0
229 356 1.0
229 580 1.0
229 804 1.0
229 969 1.0
230 184 1.0
230 236 1.0
230 489 1.0
230 506 1.0
230 615 1.0
230 625 1.0
230 634 1.0
230 733 1.0
230 734 1.0
230 746 1.0
231 116 1.0
231 151 1.0
231 156 1.0
231 227 1.0
231 233 1.0
231 293 1.0
231 564 1.0
231 607 1.0
231 779 1.0
231 796 1.0
232 142 1.0
232 191 1.0
232 196 1.0
232 244 1.0
232 251 1.0
232 304 1.0
233 141 1.0
233 201 1.0
233 367 1.0
233 478 1.0
233 555 1.0
233 652 1.0
233 788 1.0
233 823 1.0
234 25 1.0
234 487 1.0
234 516 1.0
234 524 1.0
234 600 1.0
234 940 1.0
235 219 1.0
235 508 1.0
235 552 1.0
235 558 1.0
235 672 1.0
235 744 1.0
235 825 1.0
235 840 1.0
235 867 1.0
236 69 1.0
236 99 1.0
236 110 1.0
236 309 1.0
236 426 1.0
236 564 1.0
236 877 1.0
237 300 1.0
237 358 1.0
237 439 1.0
237 623 1.0
237 684 1.0
237 713 1.0
237 902 1.0
238 102 1.0
238 275 1.0
238 321 1.0
238 417 1.0
238 491 1.0
238 691 1.0
238 730 1.0
238 808 1.0
239 205 1.0
239 207 1.0
239 502 1.0
239 575 1.0
240 98 1.0
240 294 1.0
240 363 1.0
240 616 1.0
240 826 1.0
240 896 1.0
241 77 1.0
241 306 1.0
241 779 1.0
241 851 1.0
242 39 1.0
242 357 1.0
242 400 1.0
242 504 1.0
242 510 1.0
242 627 1.0
242 887 1.0
243 31 1.0
243 190 1.0
243 357 1.0
243 367 1.0
243 398 1.0
243 559 1.0
243 698 1.0
244 85 1.0
244 126 1.0
244 225 1.0
244 345 1.0
244 679 1.0
244 918 1.0
245 2 1.0
245 174 1.0
245 204 1.0
245 510 1.0
245 555 1.0
245 737 1.0
245 866 1.0
246 73 1.0
246 120 1.0
246 186 1.0
246 733 1.0
246 753 1.0
246 767 1.0
246 786 1.0
246 893 1.0
247 167 1.0
247 286 1.0
247 298 1.0
247 730 1.0
248 22 1.0
248 68 1.0
248 546 1.0
248 818 1.0
248 907 1.0
248 914 1.0
248 950 1.0
249 93 1.0
249 221 1.0
249 240 1.0
249 283 1.0
249 554 1.0
249 636 1.0
249 719 1.0
249 858 1.0
250 190 1.0
250 272 1.0
250 345 1.0
250 398 1.0
250 483 1.0
250 598 1.0
250 714 1.0
250 739 1.0
251 31 1.0
251 223 1.0
251 246 1.0
251 470 1.0
251 582 1.0
251 643 1.0
252 44 1.0
252 316 1.0
252 572 1.0
252 573 1.0
252 584 1.0
252 959 1.0
253 279 1.0
253 308 1.0
253 449 1.0
253 584 1.0
253 868 1.0
253 916 1.0
254 97 1.0
254 208 1.0
254 213 1.0
254 220 1.0
254 339 1.0
254 369 1.0
254 628 1.0
254 793 1.0
254 855 1.0
254 871 1.0
254 911 1.0
255 44 1.0
255 169 1.0
255 177 1.0
255 207 1.0
256 112 1.0
256 155 1.0
256 277 1.0
256 301 1.0
256 487 1.0
256 552 1.0
256 752 1.0
256 803 1.0
257 1 1.0
257 189 1.0
257 260 1.0
257 347 1.0
257 407 1.0
257 471 1.0
257 530 1.0
257 777 1.0
257 936 1.0
258 83 1.0
258 84 1.0
258 312 1.0
258 454 1.0
258 467 1.0
258 509 1.0
258 531 1.0
258 818 1.0
258 832 1.0
258 881 1.0
258 911 1.0
258 963 1.0
259 179 1.0
259 321 1.0
259 692 1.0
259 800 1.0
259 812 1.0
260 66 1.0
260 104 1.0
260 473 1.0
260 494 1.0
260 605 1.0
260 713 1.0
260 857 1.0
261 7 1.0
261 39 1.0
261 113 1.0
261 301 1.0
261 484 1.0
261 583 1.0
261 795 1.0
261 800 1.0
261 855 1.0
261 975 1.0
262 204 1.0
262 266 1.0
262 285 1.0
262 511 1.0
262 517 1.0
262 693 1.0
262 731 1.0
262 771 1.0
262 773 1.0
262 801 1.0
262 936 1.0
263 53 1.0
263 167 1.0
263 406 1.0
263 415 1.0
263 577 1.0
263 844 1.0
264 130 1.0
264 298 1.0
264 351 1.0
264 472 1.0
264 524 1.0
264 629 1.0
264 919 1.0
264 964 1.0
265 544 1.0
265 586 1.0
265 694 1.0
265 708 1.0
265 902 1.0
266 0 1.0
266 264 1.0
266 379 1.0
266 380 1.0
266 455 1.0
266 457 1.0
266 490 1.0
266 726 1.0
266 738 1.0
267 249 1.0
267 709 1.0
267 716 1.0
267 765 1.0
267 940 1.0
267 952 1.0
268 52 1.0
268 397 1.0
268 462 1.0
268 589 1.0
268 676 1.0
268 700 1.0
268 729 1.0
268 860 1.0
269 28 1.0
269 38 1.0
269 90 1.0
269 228 1.0
269 318 1.0
269 368 1.0
269 393 1.0
269 450 1.0
269 456 1.0
269 574 1.0
269 750 1.0
270 42 1.0
270 261 1.0
270 816 1.0
271 7 1.0
271 55 1.0
271 167 1.0
271 475 1.0
271 478 1.0
271 558 1.0
271 611 1.0
271 849 1.0
272 338 1.0
272 340 1.0
272 377 1.0
272 703 1.0
272 799 1.0
272 936 1.0
272 938 1.0
272 966 1.0
273 247 1.0
273 431 1.0
273 743 1.0
274 39 1.0
274 322 1.0
274 349 1.0
274 740 1.0
274 843 1.0
274 966 1.0
274 967 1.0
274 973 1.0
275 87 1.0
275 225 1.0
275 484 1.0
275 549 1.0
275 598 1.0
275 827 1.0
275 874 1.0
276 34 1.0
276 271 1.0
276 288 1.0
276 301 1.0
276 326 1.0
276 435 1.0
276 554 1.0
276 560 1.0
276 837 1.0
276 877 1.0
277 102 1.0
277 251 1.0
277 328 1.0
277 407 1.0
277 463 1.0
277 895 1.0
278 57 1.0
278 158 1.0
278 177 1.0
278 303 1.0
278 369 1.0
279 12 1.0
279 234 1.0
279 457 1.0
279 471 1.0
279 910 1.0
280 30 1.0
280 81 1.0
280 361 1.0
280 427 1.0
280 466 1.0
280 706 1.0
280 886 1.0
281 68 1.0
281 275 1.0
281 360 1.0
281 379 1.0
281 715 1.0
281 769 1.0
282 149 1.0
282 167 1.0
282 336 1.0
282 345 1.0
282 579 1.0
282 766 1.0
282 839 1.0
283 200 1.0
283 354 1.0
283 380 1.0
283 405 1.0
283 505 1.0
283 599 1.0
283 640 1.0
283 656 1.0
283 671 1.0
283 692 1.0
283 904 1.0
284 436 1.0
284 496 1.0
284 712 1.0
284 930 1.0
285 6 1.0
285 37 1.0
285 328 1.0
285 414 1.0
286 21 1.0
286 238 1.0
286 493 1.0
286 497 1.0
286 595 1.0
286 610 1.0
286 611 1.0
286 641 1.0
286 666 1.0
287 117 1.0
287 400 1.0
287 484 1.0
287 594 1.0
287 684 1.0
287 712 1.0
287 774 1.0
288 117 1.0
288 538 1.0
288 797 1.0
288 807 1.0
289 171 1.0
289 204 1.0
289 782 1.0
289 832 1.0
290 119 1.0
290 229 1.0
290 271 1.0
290 359 1.0
290 504 1.0
290 703 1.0
290 710 1.0
290 752 1.0
290 760 1.0
290 935 1.0
291 98 1.0
291 184 1.0
291 284 1.0
291 389 1.0
291 594 1.0
292 212 1.0
292 258 1.0
292 316 1.0
292 435 1.0
292 517 1.0
292 552 1.0
292 603 1.0
292 737 1.0
293 75 1.0
293 161 1.0
293 349 1.0
293 488 1.0
293 510 1.0
293 521 1.0
293 796 1.0
294 57 1.0
294 94 1.0
294 300 1.0
294 386 1.0
294 551 1.0
294 860 1.0
294 871 1.0
294 971 1.0
295 2 1.0
295 125 1.0
295 142 1.0
295 190 1.0
295 219 1.0
295 230 1.0
295 247 1.0
295 271 1.0
295 387 1.0
295 692 1.0
295 902 1.0
296 131 1.0
296 136 1.0
296 155 1.0
296 396 1.0
296 440 1.0
296 660 1.0
296 708 1.0
297 82 1.0
297 91 1.0
297 209 1.0
297 216 1.0
297 235 1.0
297 371 1.0
297 406 1.0
297 652 1.0
297 966 1.0
298 24 1.0
298 318 1.0
298 377 1.0
298 400 1.0
298 547 1.0
298 616 1.0
298 872 1.0
298 956 1.0
299 82 1.0
299 163 1.0
299 200 1.0
299 213 1.0
299 474 1.0
299 830 1.0
299 861 1.0
299 924 1.0
299 925 1.0
299 955 1.0
300 47 1.0
300 135 1.0
300 140 1.0
300 261 1.0
300 534 1.0
300 838 1.0
300 860 1.0
300 952 1.0
301 77 1.0
301 106 1.0
301 122 1.0
301 273 1.0
301 325 1.0
301 466 1.0
301 482 1.0
301 614 1.0
301 948 1.0
301 953 1.0
301 972 1.0
302 47 1.0
302 152 1.0
302 177 1.0
302 276 1.0
302 620 1.0
302 840 1.0
302 845 1.0
302 868 1.0
303 290 1.0
303 371 1.0
303 384 1.0
303 781 1.0
304 55 1.0
304 364 1.0
304 539 1.0
304 598 1.0
304 633 1.0
304 827 1.0
304 863 1.0
304 936 1.0
304 941 1.0
304 964 1.0
305 330 1.0
305 722 1.0
305 736 1.0
306 65 1.0
306 451 1.0
306 507 1.0
306 624 1.0
307 94 1.0
307 260 1.0
307 556 1.0
307 653 1.0
307 683 1.0
307 800 1.0
308 32 1.0
308 61 1.0
308 98 1.0
308 133 1.0
308 225 1.0
308 292 1.0
308 333 1.0
308 420 1.0
308 595 1.0
308 836 1.0
308 965 1.0
309 435 1.0
309 686 1.0
310 96 1.0
310 109 1.0
310 379 1.0
310 429 1.0
310 460 1.0
310 497 1.0
310 580 1.0
310 723 1.0
310 809 1.0
310 933 1.0
311 94 1.0
311 309 1.0
311 336 1.0
311 397 1.0
312 195 1.0
312 302 1.0
312 329 1.0
312 459 1.0
312 493 1.0
312 565 1.0
312 657 1.0
312 798 1.0
312 826 1.0
312 938 1.0
312 959 1.0
313 70 1.0
313 89 1.0
313 250 1.0
313 347 1.0
313 474 1.0
313 513 1.0
313 562 1.0
313 800 1.0
313 808 1.0
313 868 1.0
313 871 1.0
314 79 1.0
314 410 1.0
314 523 1.0
314 614 1.0
314 751 1.0
314 888 1.0
315 414 1.0
315 454 1.0
315 524 1.0
315 891 1.0
316 57 1.0
316 137 1.0
316 411 1.0
316 552 1.0
316 684 1.0
317 28 1.0
317 38 1.0
317 251 1.0
317 370 1.0
317 634 1.0
317 748 1.0
318 100 1.0
318 387 1.0
318 422 1.0
318 677 1.0
318 695 1.0
318 766 1.0
318 843 1.0
319 3 1.0
319 260 1.0
319 490 1.0
319 513 1.0
319 597 1.0
319 609 1.0
319 830 1.0
319 882 1.0
320 96 1.0
320 150 1.0
320 186 1.0
320 344 1.0
320 415 1.0
320 453 1.0
320 611 1.0
320 755 1.0
320 963 1.0
321 80 1.0
321 92 1.0
321 255 1.0
321 341 1.0
321 381 1.0
321 403 1.0
321 597 1.0
321 624 1.0
321 834 1.0
321 927 1.0
321 963 1.0
322 1 1.0
322 282 1.0
322 612 1.0
322 866 1.0
323 108 1.0
323 275 1.0
323 338 1.0
323 415 1.0
323 584 1.0
323 642 1.0
323 670 1.0
323 674 1.0
323 803 1.0
324 156 1.0
324 205 1.0
324 344 1.0
324 500 1.0
324 722 1.0
324 758 1.0
324 789 1.0
324 912 1.0
324 925 1.0
325 311 1.0
325 332 1.0
325 334 1.0
325 475 1.0
325 497 1.0
325 570 1.0
325 794 1.0
326 87 1.0
326 111 1.0
326 126 1.0
326 338 1.0
326 481 1.0
326 538 1.0
326 571 1.0
326 798 1.0
326 805 1.0
327 223 1.0
327 258 1.0
327 259 1.0
327 332 1.0
327 389 1.0
327 448 1.0
327 462 1.0
327 510 1.0
328 44 1.0
328 76 1.0
328 99 1.0
328 154 1.0
328 257 1.0
328 281 1.0
328 589 1.0
328 758 1.0
328 786 1.0
328 838 1.0
328 867 1.0
328 916 1.0
329 24 1.0
329 61 1.0
329 73 1.0
329 105 1.0
329 131 1.0
329 650 1.0
329 733 1.0
329 916 1.0
330 171 1.0
330 584 1.0
330 643 1.0
330 907 1.0
331 576 1.0
331 692 1.0
331 696 1.0
332 320 1.0
332 562 1.0
332 636 1.0
332 665 1.0
332 716 1.0
332 848 1.0
332 914 1.0
333 102 1.0
333 112 1.0
333 118 1.0
333 292 1.0
333 322 1.0
333 378 1.0
333 396 1.0
333 558 1.0
333 950 1.0
334 280 1.0
334 457 1.0
334 513 1.0
334 523 1.0
334 608 1.0
334 625 1.0
334 702 1.0
334 728 1.0
334 837 1.0
334 863 1.0
334 868 1.0
335 126 1.0
335 595 1.0
335 731 1.0
336 290 1.0
336 444 1.0
336 653 1.0
336 878 1.0
336 906 1.0
337 700 1.0
337 769 1.0
337 857 1.0
338 147 1.0
338 268 1.0
338 391 1.0
339 133 1.0
339 193 1.0
339 213 1.0
339 363 1.0
339 456 1.0
339 690 1.0
339 835 1.0
340 203 1.0
340 246 1.0
340 248 1.0
340 630 1.0
340 848 1.0
340 896 1.0
340 903 1.0
341 139 1.0
341 279 1.0
341 308 1.0
341 315 1.0
342 101 1.0
342 270 1.0
342 287 1.0
342 810 1.0
343 1 1.0
343 7 1.0
343 62 1.0
343 262 1.0
343 345 1.0
343 483 1.0
343 551 1.0
343 915 1.0
344 25 1.0
344 181 1.0
344 233 1.0
344 476 1.0
344 488 1.0
344 811 1.0
344 839 1.0
345 315 1.0
345 467 1.0
345 631 1.0
345 695 1.0
345 780 1.0
345 946 1.0
346 167 1.0
346 350 1.0
346 418 1.0
346 455 1.0
346 481 1.0
346 605 1.0
346 606 1.0
346 653 1.0
346 735 1.0
346 821 1.0
346 915 1.0
347 548 1.0
347 805 1.0
348 0 1.0
348 26 1.0
348 156 1.0
348 221 1.0
348 697 1.0
348 827 1.0
348 869 1.0
348 903 1.0
349 12 1.0
349 60 1.0
349 87 1.0
349 245 1.0
349 489 1.0
349 671 1.0
349 819 1.0
349 842 1.0
349 865 1.0
350 64 1.0
350 121 1.0
350 311 1.0
350 563 1.0
350 600 1.0
350 652 1.0
350 799 1.0
351 161 1.0
351 171 1.0
351 373 1.0
351 474 1.0
351 733 1.0
352 57 1.0
352 258 1.0
352 543 1.0
352 553 1.0
352 565 1.0
352 568 1.0
352 569 1.0
352 625 1.0
352 763 1.0
352 878 1.0
352 891 1.0
352 898 1.0
352 933 1.0
352 934 1.0
353 44 1.0
353 575 1.0
353 640 1.0
353 893 1.0
354 328 1.0
354 543 1.0
354 552 1.0
354 652 1.0
354 797 1.0
355 56 1.0
355 68 1.0
355 96 1.0
355 296 1.0
355 619 1.0
355 685 1.0
355 719 1.0
355 749 1.0
356 244 1.0
356 352 1.0
356 412 1.0
356 509 1.0
356 947 1.0
357 260 1.0
357 329 1.0
357 383 1.0
357 385 1.0
357 497 1.0
357 680 1.0
357 699 1.0
357 902 1.0
358 21 1.0
358 93 1.0
358 184 1.0
358 221 1.0
358 312 1.0
358 315 1.0
358 317 1.0
358 322 1.0
358 436 1.0
358 601 1.0
359 7 1.0
359 514 1.0
359 685 1.0
359 847 1.0
359 901 1.0
360 249 1.0
360 393 1.0
360 654 1.0
360 795 1.0
360 902 1.0
361 66 1.0
361 70 1.0
361 166 1.0
361 250 1.0
361 256 1.0
361 399 1.0
361 432 1.0
361 622 1.0
361 633 1.0
361 830 1.0
362 13 1.0
362 52 1.0
362 209 1.0
362 211 1.0
362 315 1.0
362 345 1.0
362 356 1.0
362 631 1.0
362 641 1.0
363 34 1.0
363 102 1.0
363 215 1.0
363 413 1.0
363 426 1.0
363 604 1.0
363 626 1.0
363 805 1.0
364 332 1.0
364 362 1.0
364 395 1.0
365 189 1.0
365 211 1.0
365 267 1.0
365 359 1.0
365 432 1.0
365 578 1.0
365 617 1.0
365 629 1.0
365 726 1.0
365 755 1.0
365 779 1.0
365 915 1.0
366 18 1.0
366 34 1.0
366 162 1.0
366 290 1.0
366 392 1.0
366 402 1.0
366 703 1.0
367 12 1.0
367 42 1.0
367 193 1.0
367 542 1.0
367 653 1.0
367 681 1.0
367 745 1.0
367 872 1.0
368 93 1.0
368 123 1.0
368 213 1.0
368 215 1.0
368 554 1.0
368 579 1.0
368 865 1.0
369 7 1.0
369 281 1.0
369 292 1.0
369 440 1.0
369 600 1.0
369 776 1.0
369 842 1.0
370 158 1.0
370 213 1.0
370 553 1.0
370 617 1.0
370 721 1.0
370 858 1.0
370 868 1.0
371 60 1.0
371 78 1.0
371 259 1.0
371 471 1.0
371 543 1.0
371 563 1.0
371 765 1.0
371 830 1.0
371 873 1.0
372 10 1.0
372 96 1.0
372 179 1.0
372 219 1.0
372 224 1.0
372 247 1.0
372 262 1.0
372 273 1.0
372 290 1.0
372 341 1.0
372 461 1.0
372 872 1.0
372 875 1.0
373 205 1.0
373 241 1.0
373 438 1.0
373 795 1.0
373 826 1.0
374 131 1.0
374 519 1.0
374 661 1.0
374 859 1.0
375 64 1.0
375 113 1.0
375 308 1.0
375 327 1.0
375 407 1.0
375 441 1.0
375 462 1.0
375 508 1.0
375 576 1.0
375 847 1.0
376 48 1.0
376 254 1.0
376 305 1.0
376 479 1.0
376 804 1.0
377 232 1.0
377 343 1.0
377 372 1.0
377 474 1.0
377 481 1.0
377 628 1.0
377 671 1.0
377 678 1.0
377 684 1.0
377 744 1.0
377 932 1.0
378 30 1.0
378 59 1.0
378 204 1.0
378 220 1.0
378 231 1.0
378 441 1.0
378 524 1.0
378 525 1.0
378 663 1.0
378 852 1.0
379 44 1.0
379 125 1.0
379 220 1.0
379 233 1.0
379 271 1.0
379 329 1.0
379 399 1.0
379 750 1.0
379 844 1.0
379 891 1.0
379 920 1.0
380 225 1.0
380 789 1.0
380 894 1.0
381 306 1.0
381 514 1.0
381 600 1.0
381 829 1.0
382 11 1.0
382 281 1.0
382 344 1.0
382 356 1.0
382 482 1.0
382 615 1.0
382 633 1.0
382 639 1.0
382 660 1.0
382 835 1.0
382 845 1.0
383 37 1.0
383 250 1.0
383 501 1.0
383 561 1.0
383 653 1.0
383 661 1.0
383 686 1.0
383 742 1.0
384 7 1.0
384 63 1.0
384 81 1.0
384 105 1.0
384 114 1.0
384 329 1.0
384 390 1.0
384 431 1.0
384 609 1.0
384 614 1.0
384 647 1.0
384 682 1.0
385 0 1.0
385 384 1.0
385 409 1.0
385 470 1.0
385 916 1.0
386 9 1.0
386 97 1.0
386 291 1.0
386 292 1.0
386 337 1.0
386 485 1.0
387 1 1.0
387 50 1.0
387 156 1.0
387 187 1.0
387 296 1.0
387 480 1.0
387 641 1.0
387 695 1.0
387 877 1.0
388 218 1.0
388 398 1.0
388 786 1.0
388 881 1.0
389 46 1.0
389 152 1.0
389 184 1.0
389 677 1.0
389 689 1.0
390 87 1.0
390 275 1.0
390 575 1.0
390 720 1.0
390 840 1.0
390 883 1.0
391 210 1.0
391 251 1.0
391 315 1.0
391 419 1.0
391 455 1.0
391 642 1.0
391 732 1.0
391 857 1.0
391 877 1.0
391 951 1.0
392 89 1.0
392 150 1.0
392 152 1.0
392 169 1.0
392 396 1.0
392 552 1.0
392 649 1.0
392 679 1.0
392 711 1.0
392 771 1.0
392 790 1.0
392 972 1.0
393 108 1.0
393 115 1.0
393 320 1.0
393 528 1.0
393 534 1.0
393 727 1.0
393 795 1.0
393 971 1.0
394 17 1.0
394 76 1.0
394 392 1.0
394 431 1.0
394 470 1.0
394 558 1.0
394 683 1.0
394 797 1.0
394 831 1.0
395 301 1.0
395 424 1.0
395 658 1.0
395 725 1.0
395 850 1.0
396 417 1.0
396 748 1.0
396 763 1.0
396 768 1.0
396 776 1.0
396 808 1.0
396 821 1.0
396 875 1.0
397 11 1.0
397 53 1.0
397 63 1.0
397 71 1.0
397 177 1.0
397 188 1.0
397 388 1.0
397 428 1.0
397 470 1.0
397 658 1.0
397 670 1.0
397 832 1.0
398 27 1.0
398 127 1.0
398 182 1.0
398 297 1.0
398 435 1.0
398 459 1.0
398 462 1.0
398 510 1.0
398 518 1.0
398 826 1.0
398 846 1.0
398 969 1.0
399 203 1.0
399 340 1.0
399 782 1.0
399 794 1.0
400 234 1.0
400 391 1.0
400 420 1.0
400 483 1.0
400 493 1.0
400 499 1.0
400 592 1.0
400 873 1.0
400 909 1.0
401 39 1.0
401 70 1.0
401 75 1.0
401 78 1.0
401 220 1.0
401 222 1.0
401 228 1.0
401 369 1.0
401 456 1.0
401 651 1.0
401 723 1.0
401 866 1.0
401 966 1.0
401 967 1.0
402 248 1.0
402 266 1.0
402 319 1.0
402 572 1.0
402 629 1.0
402 794 1.0
402 798 1.0
402 816 1.0
402 838 1.0
403 67 1.0
403 180 1.0
403 419 1.0
404 71 1.0
404 257 1.0
404 316 1.0
404 543 1.0
404 582 1.0
404 885 1.0
404 962 1.0
405 11 1.0
405 37 1.0
405 63 1.0
405 150 1.0
405 320 1.0
405 416 1.0
405 542 1.0
405 655 1.0
405 708 1.0
406 154 1.0
406 357 1.0
406 560 1.0
406 600 1.0
407 137 1.0
407 164 1.0
407 670 1.0
407 700 1.0
408 108 1.0
408 527 1.0
408 547 1.0
408 629 1.0
408 651 1.0
409 2 1.0
409 126 1.0
409 172 1.0
409 273 1.0
409 291 1.0
409 303 1.0
409 317 1.0
409 342 1.0
409 567 1.0
409 574 1.0
409 669 1.0
409 742 1.0
409 757 1.0
409 868 1.0
409 883 1.0
410 61 1.0
410 316 1.0
410 409 1.0
410 595 1.0
410 656 1.0
410 736 1.0
410 815 1.0
411 79 1.0
411 106 1.0
412 46 1.0
412 156 1.0
412 313 1.0
412 392 1.0
412 431 1.0
412 441 1.0
412 683 1.0
412 717 1.0
412 764 1.0
412 787 1.0
412 817 1.0
412 953 1.0
413 59 1.0
413 222 1.0
413 282 1.0
413 396 1.0
413 444 1.0
413 667 1.0
413 817 1.0
413 818 1.0
413 839 1.0
414 172 1.0
414 248 1.0
414 328 1.0
414 560 1.0
414 778 1.0
414 803 1.0
414 844 1.0
414 846 1.0
415 283 1.0
415 453 1.0
415 470 1.0
415 472 1.0
416 52 1.0
416 82 1.0
416 159 1.0
416 382 1.0
416 421 1.0
416 438 1.0
416 667 1.0
416 855 1.0
416 943 1.0
417 435 1.0
417 541 1.0
417 812 1.0
417 819 1.0
418 20 1.0
418 74 1.0
418 112 1.0
418 168 1.0
418 595 1.0
418 707 1.0
418 714 1.0
418 758 1.0
418 969 1.0
419 105 1.0
419 123 1.0
419 134 1.0
419 149 1.0
419 396 1.0
419 467 1.0
419 502 1.0
419 900 1.0
420 70 1.0
420 202 1.0
420 747 1.0
420 801 1.0
421 13 1.0
421 122 1.0
421 124 1.0
421 412 1.0
421 434 1.0
421 439 1.0
421 550 1.0
421 573 1.0
421 908 1.0
421 936 1.0
422 79 1.0
422 472 1.0
422 651 1.0
422 760 1.0
422 792 1.0
422 846 1.0
423 106 1.0
423 339 1.0
423 387 1.0
423 412 1.0
423 459 1.0
423 689 1.0
423 713 1.0
424 294 1.0
424 346 1.0
424 448 1.0
424 526 1.0
425 154 1.0
425 166 1.0
425 183 1.0
425 207 1.0
425 234 1.0
425 378 1.0
425 465 1.0
425 482 1.0
425 656 1.0
425 664 1.0
426 275 1.0
426 556 1.0
426 573 1.0
426 603 1.0
427 116 1.0
427 135 1.0
427 244 1.0
427 248 1.0
427 290 1.0
427 418 1.0
427 421 1.0
427 561 1.0
427 780 1.0
428 138 1.0
428 247 1.0
428 324 1.0
428 703 1.0
428 818 1.0
429 244 1.0
429 490 1.0
429 548 1.0
429 607 1.0
429 697 1.0
429 780 1.0
429 799 1.0
430 79 1.0
430 345 1.0
430 512 1.0
430 570 1.0
430 585 1.0
431 17 1.0
431 102 1.0
431 133 1.0
431 371 1.0
431 485 1.0
431 694 1.0
431 717 1.0
431 828 1.0
431 937 1.0
432 1 1.0
432 57 1.0
432 137 1.0
432 342 1.0
432 398 1.0
432 624 1.0
432 804 1.0
433 71 1.0
433 85 1.0
433 151 1.0
433 562 1.0
433 762 1.0
433 811 1.0
433 812 1.0
433 841 1.0
433 964 1.0
434 50 1.0
434 457 1.0
434 578 1.0
434 686 1.0
434 699 1.0
435 87 1.0
435 337 1.0
435 408 1.0
435 536 1.0
435 643 1.0
435 791 1.0
435 883 1.0
435 919 1.0
436 64 1.0
436 135 1.0
436 646 1.0
436 678 1.0
436 928 1.0
437 11 1.0
437 42 1.0
437 122 1.0
437 293 1.0
437 310 1.0
437 492 1.0
437 600 1.0
437 602 1.0
437 727 1.0
437 751 1.0
438 466 1.0
438 502 1.0
438 689 1.0
438 792 1.0
439 188 1.0
439 232 1.0
439 552 1.0
439 775 1.0
440 147 1.0
440 187 1.0
440 397 1.0
440 565 1.0
440 636 1.0
440 734 1.0
441 182 1.0
441 184 1.0
441 324 1.0
441 444 1.0
441 591 1.0
441 607 1.0
441 637 1.0
441 863 1.0
442 84 1.0
442 136 1.0
442 167 1.0
442 284 1.0
442 454 1.0
442 587 1.0
442 844 1.0
442 868 1.0
443 161 1.0
443 180 1.0
443 242 1.0
443 353 1.0
443 461 1.0
443 497 1.0
443 541 1.0
443 744 1.0
444 114 1.0
444 149 1.0
444 351 1.0
444 401 1.0
444 475 1.0
444 524 1.0
444 716 1.0
444 840 1.0
444 868 1.0
444 877 1.0
444 965 1.0
445 57 1.0
445 126 1.0
445 226 1.0
445 280 1.0
445 371 1.0
445 644 1.0
445 661 1.0
445 710 1.0
445 812 1.0
445 863 1.0
445 938 1.0
446 242 1.0
446 290 1.0
446 311 1.0
446 514 1.0
446 531 1.0
446 561 1.0
446 591 1.0
446 726 1.0
446 799 1.0
447 24 1.0
447 33 1.0
447 235 1.0
447 456 1.0
447 599 1.0
447 652 1.0
447 743 1.0
448 99 1.0
448 127 1.0
448 323 1.0
448 630 1.0
448 720 1.0
448 796 1.0
449 61 1.0
449 134 1.0
449 194 1.0
449 485 1.0
449 584 1.0
449 705 1.0
449 783 1.0
449 809 1.0
450 659 1.0
450 759 1.0
450 801 1.0
451 56 1.0
451 95 1.0
451 159 1.0
451 163 1.0
451 225 1.0
451 467 1.0
451 667 1.0
451 754 1.0
452 54 1.0
452 209 1.0
452 237 1.0
452 636 1.0
452 733 1.0
452 845 1.0
453 56 1.0
453 250 1.0
453 493 1.0
453 766 1.0
454 250 1.0
454 299 1.0
454 306 1.0
454 322 1.0
454 549 1.0
454 590 1.0
454 649 1.0
455 68 1.0
455 73 1.0
455 206 1.0
455 296 1.0
455 339 1.0
455 393 1.0
455 396 1.0
455 517 1.0
455 645 1.0
456 95 1.0
456 191 1.0
456 272 1.0
456 416 1.0
456 418 1.0
456 429 1.0
456 578 1.0
456 741 1.0
456 823 1.0
456 891 1.0
457 9 1.0
457 64 1.0
457 265 1.0
457 426 1.0
457 512 1.0
457 516 1.0
458 99 1.0
458 220 1.0
458 233 1.0
458 558 1.0
458 602 1.0
458 647 1.0
458 648 1.0
458 870 1.0
458 871 1.0
459 73 1.0
459 77 1.0
459 348 1.0
459 377 1.0
459 649 1.0
459 651 1.0
459 720 1.0
459 839 1.0
459 858 1.0
460 102 1.0
460 381 1.0
460 413 1.0
460 651 1.0
460 653 1.0
460 749 1.0
461 54 1.0
461 393 1.0
461 470 1.0
461 472 1.0
461 745 1.0
462 11 1.0
462 94 1.0
462 371 1.0
462 409 1.0
462 753 1.0
462 812 1.0
462 936 1.0
463 79 1.0
463 525 1.0
463 570 1.0
463 578 1.0
463 646 1.0
463 778 1.0
464 137 1.0
464 300 1.0
464 322 1.0
464 426 1.0
465 50 1.0
465 294 1.0
465 371 1.0
465 428 1.0
465 589 1.0
465 610 1.0
466 206 1.0
466 229 1.0
466 557 1.0
466 607 1.0
466 802 1.0
466 854 1.0
467 384 1.0
467 555 1.0
467 621 1.0
467 839 1.0
468 19 1.0
468 194 1.0
468 299 1.0
468 708 1.0
468 714 1.0
468 725 1.0
468 838 1.0
469 195 1.0
469 332 1.0
469 386 1.0
469 561 1.0
469 701 1.0
469 926 1.0
470 32 1.0
470 35 1.0
470 196 1.0
470 510 1.0
470 667 1.0
470 864 1.0
470 871 1.0
471 221 1.0
471 279 1.0
471 322 1.0
471 528 1.0
471 643 1.0
471 798 1.0
471 852 1.0
472 141 1.0
472 386 1.0
472 542 1.0
472 553 1.0
473 88 1.0
473 188 1.0
473 340 1.0
473 369 1.0
473 592 1.0
473 710 1.0
473 930 1.0
474 250 1.0
474 380 1.0
474 436 1.0
475 15 1.0
475 105 1.0
475 127 1.0
475 638 1.0
475 763 1.0
476 71 1.0
476 112 1.0
476 361 1.0
476 653 1.0
476 720 1.0
477 51 1.0
477 164 1.0
477 454 1.0
477 691 1.0
478 262 1.0
478 749 1.0
478 792 1.0
478 837 1.0
479 27 1.0
479 40 1.0
479 337 1.0
479 354 1.0
479 636 1.0
479 638 1.0
479 699 1.0
480 278 1.0
480 306 1.0
480 561 1.0
480 718 1.0
480 777 1.0
480 845 1.0
480 944 1.0
481 115 1.0
481 264 1.0
481 390 1.0
481 573 1.0
481 645 1.0
482 296 1.0
482 352 1.0
482 700 1.0
483 5 1.0
483 119 1.0
483 330 1.0
483 583 1.0
484 21 1.0
484 35 1.0
484 177 1.0
484 197 1.0
484 235 1.0
484 329 1.0
484 719 1.0
485 26 1.0
485 85 1.0
485 144 1.0
485 259 1.0
485 349 1.0
485 428 1.0
485 475 1.0
485 629 1.0
485 731 1.0
485 913 1.0
486 424 1.0
486 451 1.0
486 476 1.0
486 611 1.0
486 742 1.0
486 880 1.0
487 33 1.0
487 154 1.0
487 559 1.0
487 643 1.0
487 659 1.0
487 907 1.0
488 157 1.0
488 237 1.0
488 317 1.0
488 434 1.0
488 442 1.0
488 534 1.0
489 21 1.0
489 110 1.0
489 156 1.0
489 192 1.0
489 249 1.0
489 422 1.0
489 705 1.0
489 730 1.0
489 738 1.0
490 214 1.0
490 276 1.0
490 489 1.0
490 522 1.0
490 620 1.0
490 651 1.0
490 664 1.0
490 683 1.0
490 910 1.0
491 203 1.0
491 230 1.0
491 249 1.0
491 394 1.0
491 473 1.0
491 815 1.0
491 847 1.0
492 443 1.0
492 499 1.0
492 504 1.0
492 662 1.0
492 877 1.0
493 126 1.0
493 229 1.0
493 297 1.0
493 466 1.0
493 481 1.0
493 589 1.0
493 597 1.0
493 752 1.0
494 35 1.0
494 183 1.0
494 366 1.0
494 389 1.0
494 551 1.0
494 764 1.0
494 806 1.0
494 915 1.0
495 118 1.0
495 122 1.0
495 200 1.0
495 215 1.0
495 350 1.0
495 433 1.0
495 767 1.0
496 220 1.0
496 367 1.0
496 434 1.0
496 683 1.0
496 793 1.0
496 798 1.0
496 830 1.0
497 65 1.0
497 143 1.0
497 186 1.0
497 232 1.0
497 327 1.0
497 733 1.0
497 866 1.0
497 897 1.0
498 90 1.0
498 142 1.0
498 188 1.0
498 268 1.0
498 273 1.0
498 837 1.0
498 859 1.0
498 894 1.0
499 121 1.0
499 364 1.0
499 459 1.0
499 479 1.0
499 866 1.0
499 957 1.0
500 313 1.0
501 90 1.0
501 231 1.0
501 238 1.0
501 281 1.0
501 332 1.0
501 404 1.0
501 484 1.0
501 845 1.0
501 859 1.0
502 30 1.0
502 44 1.0
502 59 1.0
502 134 1.0
502 138 1.0
502 293 1.0
502 478 1.0
502 681 1.0
503 262 1.0
503 283 1.0
503 309 1.0
503 428 1.0
503 455 1.0
503 528 1.0
503 556 1.0
503 674 1.0
503 696 1.0
503 703 1.0
503 868 1.0
504 88 1.0
504 152 1.0
504 265 1.0
504 662 1.0
504 677 1.0
504 727 1.0
504 869 1.0
505 164 1.0
505 323 1.0
505 333 1.0
505 400 1.0
505 561 1.0
505 787 1.0
505 811 1.0
506 114 1.0
506 136 1.0
506 246 1.0
506 643 1.0
506 957 1.0
507 49 1.0
507 84 1.0
507 260 1.0
507 316 1.0
507 453 1.0
507 621 1.0
507 861 1.0
507 875 1.0
507 957 1.0
508 465 1.0
508 523 1.0
508 581 1.0
508 627 1.0
508 682 1.0
508 725 1.0
508 909 1.0
509 389 1.0
509 463 1.0
509 521 1.0
509 566 1.0
509 625 1.0
509 765 1.0
510 97 1.0
510 173 1.0
510 330 1.0
510 452 1.0
510 484 1.0
510 896 1.0
511 217 1.0
511 297 1.0
512 122 1.0
512 532 1.0
512 689 1.0
512 795 1.0
513 75 1.0
513 160 1.0
513 195 1.0
513 216 1.0
513 258 1.0
513 322 1.0
513 337 1.0
513 375 1.0
513 470 1.0
513 534 1.0
513 560 1.0
513 672 1.0
513 881 1.0
513 930 1.0
513 931 1.0
514 67 1.0
514 137 1.0
514 190 1.0
514 280 1.0
514 595 1.0
514 628 1.0
514 778 1.0
514 819 1.0
514 961 1.0
515 37 1.0
515 144 1.0
515 784 1.0
515 796 1.0
515 841 1.0
515 921 1.0
516 69 1.0
516 265 1.0
516 285 1.0
516 435 1.0
516 634 1.0
516 668 1.0
516 716 1.0
516 868 1.0
516 909 1.0
517 451 1.0
517 684 1.0
517 732 1.0
517 832 1.0
517 850 1.0
517 907 1.0
517 958 1.0
518 204 1.0
518 446 1.0
518 465 1.0
518 477 1.0
518 793 1.0
519 731 1.0
519 844 1.0
519 907 1.0
520 343 1.0
520 407 1.0
520 471 1.0
520 475 1.0
520 497 1.0
520 555 1.0
520 702 1.0
520 724 1.0
520 777 1.0
520 849 1.0
521 122 1.0
521 254 1.0
521 655 1.0
522 354 1.0
522 457 1.0
522 864 1.0
523 323 1.0
523 346 1.0
523 703 1.0
523 705 1.0
524 33 1.0
524 82 1.0
524 144 1.0
524 162 1.0
524 275 1.0
524 401 1.0
524 773 1.0
524 790 1.0
525 34 1.0
525 203 1.0
525 665 1.0
525 689 1.0
525 850 1.0
525 934 1.0
526 281 1.0
526 297 1.0
526 400 1.0
526 794 1.0
526 843 1.0
526 875 1.0
526 969 1.0
527 207 1.0
527 276 1.0
527 344 1.0
527 679 1.0
527 692 1.0
527 771 1.0
528 208 1.0
528 271 1.0
528 360 1.0
528 395 1.0
528 533 1.0
528 614 1.0
528 675 1.0
528 732 1.0
528 942 1.0
529 60 1.0
529 172 1.0
529 221 1.0
529 308 1.0
529 336 1.0
529 422 1.0
529 678 1.0
529 953 1.0
530 56 1.0
530 75 1.0
530 122 1.0
530 383 1.0
530 492 1.0
530 841 1.0
530 919 1.0
530 953 1.0
531 15 1.0
531 137 1.0
531 162 1.0
531 229 1.0
531 416 1.0
531 795 1.0
531 879 1.0
532 86 1.0
532 231 1.0
532 236 1.0
532 450 1.0
532 481 1.0
532 828 1.0
532 902 1.0
532 956 1.0
533 62 1.0
533 158 1.0
533 578 1.0
533 923 1.0
534 394 1.0
534 492 1.0
534 686 1.0
534 763 1.0
534 872 1.0
535 336 1.0
535 846 1.0
536 162 1.0
536 163 1.0
536 474 1.0
536 565 1.0
536 709 1.0
536 819 1.0
536 907 1.0
536 976 1.0
537 351 1.0
537 430 1.0
537 643 1.0
538 1 1.0
538 16 1.0
538 65 1.0
538 102 1.0
538 370 1.0
538 406 1.0
538 485 1.0
538 584 1.0
538 600 1.0
538 846 1.0
539 1 1.0
539 164 1.0
539 368 1.0
539 380 1.0
539 434 1.0
539 446 1.0
539 590 1.0
539 688 1.0
539 758 1.0
539 815 1.0
539 867 1.0
540 140 1.0
540 263 1.0
540 613 1.0
540 649 1.0
540 695 1.0
541 0 1.0
541 37 1.0
541 83 1.0
541 170 1.0
541 212 1.0
541 772 1.0
541 802 1.0
541 924 1.0
541 958 1.0
542 77 1.0
542 129 1.0
542 597 1.0
542 630 1.0
542 682 1.0
542 722 1.0
542 726 1.0
542 941 1.0
543 143 1.0
543 172 1.0
543 213 1.0
543 239 1.0
543 256 1.0
543 484 1.0
543 561 1.0
543 597 1.0
543 607 1.0
543 676 1.0
543 760 1.0
543 831 1.0
544 8 1.0
544 99 1.0
544 125 1.0
544 294 1.0
544 382 1.0
544 402 1.0
544 502 1.0
544 836 1.0
545 95 1.0
545 146 1.0
545 662 1.0
546 10 1.0
546 97 1.0
546 169 1.0
546 472 1.0
546 609 1.0
546 650 1.0
546 788 1.0
547 68 1.0
547 115 1.0
547 504 1.0
547 597 1.0
548 436 1.0
548 921 1.0
548 955 1.0
549 245 1.0
549 568 1.0
549 653 1.0
549 663 1.0
549 760 1.0
549 830 1.0
549 953 1.0
550 17 1.0
550 109 1.0
550 151 1.0
550 155 1.0
550 279 1.0
550 410 1.0
550 604 1.0
550 638 1.0
550 707 1.0
550 837 1.0
551 374 1.0
551 446 1.0
551 562 1.0
551 587 1.0
551 870 1.0
552 246 1.0
552 931 1.0
553 212 1.0
553 391 1.0
553 396 1.0
553 549 1.0
553 691 1.0
553 699 1.0
553 812 1.0
554 148 1.0
554 206 1.0
554 313 1.0
554 392 1.0
555 27 1.0
555 200 1.0
555 298 1.0
555 496 1.0
555 535 1.0
555 574 1.0
555 627 1.0
555 635 1.0
555 661 1.0
555 815 1.0
555 841 1.0
556 223 1.0
556 615 1.0
556 741 1.0
556 948 1.0
557 206 1.0
557 478 1.0
557 708 1.0
557 752 1.0
557 970 1.0
558 83 1.0
558 92 1.0
558 186 1.0
558 377 1.0
558 431 1.0
558 477 1.0
558 601 1.0
558 681 1.0
558 697 1.0
558 699 1.0
558 725 1.0
558 778 1.0
558 871 1.0
558 877 1.0
559 106 1.0
559 153 1.0
559 389 1.0
559 595 1.0
559 612 1.0
559 695 1.0
559 719 1.0
559 878 1.0
560 57 1.0
560 259 1.0
560 274 1.0
560 547 1.0
560 682 1.0
560 715 1.0
560 839 1.0
560 845 1.0
560 897 1.0
561 24 1.0
561 153 1.0
561 237 1.0
561 260 1.0
561 287 1.0
561 700 1.0
561 810 1.0
562 200 1.0
562 231 1.0
562 390 1.0
562 594 1.0
562 810 1.0
562 858 1.0
562 935 1.0
563 59 1.0
563 379 1.0
563 694 1.0
563 697 1.0
564 187 1.0
564 336 1.0
564 420 1.0
564 516 1.0
564 550 1.0
564 805 1.0
565 106 1.0
565 450 1.0
565 794 1.0
566 17 1.0
566 355 1.0
566 751 1.0
566 894 1.0
567 109 1.0
567 181 1.0
567 238 1.0
567 398 1.0
567 633 1.0
567 700 1.0
567 708 1.0
567 779 1.0
568 49 1.0
568 219 1.0
568 387 1.0
568 414 1.0
568 600 1.0
568 754 1.0
568 929 1.0
569 408 1.0
569 696 1.0
569 706 1.0
569 962 1.0
570 21 1.0
570 226 1.0
570 481 1.0
570 626 1.0
570 878 1.0
571 159 1.0
571 211 1.0
571 448 1.0
572 373 1.0
572 436 1.0
572 481 1.0
572 644 1.0
572 651 1.0
572 736 1.0
573 307 1.0
573 397 1.0
573 482 1.0
573 727 1.0
574 44 1.0
574 213 1.0
574 274 1.0
574 411 1.0
574 475 1.0
574 478 1.0
574 619 1.0
574 784 1.0
574 840 1.0
574 896 1.0
574 949 1.0
575 125 1.0
575 278 1.0
575 614 1.0
575 857 1.0
575 943 1.0
576 154 1.0
576 324 1.0
576 372 1.0
576 448 1.0
576 690 1.0
576 775 1.0
576 851 1.0
576 925 1.0
576 974 1.0
577 50 1.0
577 104 1.0
577 125 1.0
577 260 1.0
577 536 1.0
577 606 1.0
577 787 1.0
577 834 1.0
577 837 1.0
578 142 1.0
578 535 1.0
578 568 1.0
578 623 1.0
578 703 1.0
578 782 1.0
578 974 1.0
579 0 1.0
579 199 1.0
579 261 1.0
579 437 1.0
579 476 1.0
579 856 1.0
579 864 1.0
579 877 1.0
580 108 1.0
580 276 1.0
580 373 1.0
580 506 1.0
580 555 1.0
580 716 1.0
580 800 1.0
580 818 1.0
581 211 1.0
581 234 1.0
581 830 1.0
581 884 1.0
581 903 1.0
581 933 1.0
582 168 1.0
582 386 1.0
582 481 1.0
582 650 1.0
582 682 1.0
582 871 1.0
583 47 1.0
584 108 1.0
584 134 1.0
584 246 1.0
584 327 1.0
584 413 1.0
584 570 1.0
584 707 1.0
585 86 1.0
585 155 1.0
585 197 1.0
585 276 1.0
585 714 1.0
585 855 1.0
586 115 1.0
586 265 1.0
586 367 1.0
586 401 1.0
586 429 1.0
586 491 1.0
586 492 1.0
586 541 1.0
586 879 1.0
586 970 1.0
587 37 1.0
587 73 1.0
587 118 1.0
587 219 1.0
587 350 1.0
587 411 1.0
587 481 1.0
587 493 1.0
587 537 1.0
587 554 1.0
587 759 1.0
587 777 1.0
588 61 1.0
588 476 1.0
588 608 1.0
589 12 1.0
589 53 1.0
589 58 1.0
589 361 1.0
589 415 1.0
589 502 1.0
589 642 1.0
589 754 1.0
590 180 1.0
590 216 1.0
590 275 1.0
590 375 1.0
590 618 1.0
590 641 1.0
590 747 1.0
591 331 1.0
591 342 1.0
591 376 1.0
591 381 1.0
591 641 1.0
591 657 1.0
591 821 1.0
592 61 1.0
592 135 1.0
592 157 1.0
592 187 1.0
592 223 1.0
592 515 1.0
592 571 1.0
592 725 1.0
592 787 1.0
592 876 1.0
593 171 1.0
593 369 1.0
593 502 1.0
594 16 1.0
594 56 1.0
594 222 1.0
594 353 1.0
594 459 1.0
594 469 1.0
594 569 1.0
594 897 1.0
594 922 1.0
595 14 1.0
595 166 1.0
595 503 1.0
596 64 1.0
596 164 1.0
596 308 1.0
596 311 1.0
596 339 1.0
596 835 1.0
596 922 1.0
597 478 1.0
597 645 1.0
597 691 1.0
597 723 1.0
597 842 1.0
598 130 1.0
598 139 1.0
598 360 1.0
598 501 1.0
598 594 1.0
598 719 1.0
598 785 1.0
598 806 1.0
598 843 1.0
598 902 1.0
599 11 1.0
599 193 1.0
599 401 1.0
599 918 1.0
600 269 1.0
600 440 1.0
600 466 1.0
600 601 1.0
600 721 1.0
600 724 1.0
600 741 1.0
600 773 1.0
600 832 1.0
601 91 1.0
601 563 1.0
601 625 1.0
601 693 1.0
601 770 1.0
601 827 1.0
602 108 1.0
602 110 1.0
602 161 1.0
602 322 1.0
602 392 1.0
602 700 1.0
602 872 1.0
603 4 1.0
603 24 1.0
603 281 1.0
603 352 1.0
603 450 1.0
603 501 1.0
603 759 1.0
603 887 1.0
604 81 1.0
604 244 1.0
604 349 1.0
604 448 1.0
604 741 1.0
604 923 1.0
605 16 1.0
605 55 1.0
605 92 1.0
605 104 1.0
605 175 1.0
605 208 1.0
605 339 1.0
605 360 1.0
605 401 1.0
605 452 1.0
605 895 1.0
606 308 1.0
606 360 1.0
606 387 1.0
606 492 1.0
606 563 1.0
606 622 1.0
606 690 1.0
607 96 1.0
607 135 1.0
607 169 1.0
607 566 1.0
607 837 1.0
608 192 1.0
608 346 1.0
608 457 1.0
608 565 1.0
608 719 1.0
608 796 1.0
608 942 1.0
609 232 1.0
609 330 1.0
609 347 1.0
609 370 1.0
609 411 1.0
609 450 1.0
609 564 1.0
609 711 1.0
609 950 1.0
610 98 1.0
610 155 1.0
610 218 1.0
610 299 1.0
610 344 1.0
610 379 1.0
610 389 1.0
610 456 1.0
610 873 1.0
611 152 1.0
611 411 1.0
611 414 1.0
611 535 1.0
611 770 1.0
612 116 1.0
612 119 1.0
612 193 1.0
612 447 1.0
612 487 1.0
612 526 1.0
612 647 1.0
612 750 1.0
612 901 1.0
613 29 1.0
613 289 1.0
613 361 1.0
613 459 1.0
613 638 1.0
613 823 1.0
613 843 1.0
613 909 1.0
613 946 1.0
614 88 1.0
614 197 1.0
614 446 1.0
614 687 1.0
615 94 1.0
615 114 1.0
615 553 1.0
615 614 1.0
615 617 1.0
615 632 1.0
615 639 1.0
615 685 1.0
615 790 1.0
615 817 1.0
616 142 1.0
616 211 1.0
616 228 1.0
616 290 1.0
616 581 1.0
616 691 1.0
617 99 1.0
617 325 1.0
617 406 1.0
617 558 1.0
617 582 1.0
617 622 1.0
617 628 1.0
617 642 1.0
617 791 1.0
618 7 1.0
618 31 1.0
618 85 1.0
618 98 1.0
618 252 1.0
618 379 1.0
618 426 1.0
618 461 1.0
618 630 1.0
618 687 1.0
618 789 1.0
619 106 1.0
619 118 1.0
619 134 1.0
619 852 1.0
620 127 1.0
620 217 1.0
620 542 1.0
620 575 1.0
620 592 1.0
620 646 1.0
620 781 1.0
620 810 1.0
620 825 1.0
620 878 1.0
620 903 1.0
620 941 1.0
621 48 1.0
621 172 1.0
621 198 1.0
621 212 1.0
621 508 1.0
621 509 1.0
621 609 1.0
621 678 1.0
621 718 1.0
621 760 1.0
622 195 1.0
622 210 1.0
622 249 1.0
622 406 1.0
622 419 1.0
622 489 1.0
622 809 1.0
623 152 1.0
623 156 1.0
623 708 1.0
623 866 1.0
624 36 1.0
624 50 1.0
624 397 1.0
624 466 1.0
624 487 1.0
624 552 1.0
624 592 1.0
624 676 1.0
624 858 1.0
624 888 1.0
625 415 1.0
625 702 1.0
625 834 1.0
626 128 1.0
626 168 1.0
626 251 1.0
626 396 1.0
626 457 1.0
626 892 1.0
627 73 1.0
627 164 1.0
627 334 1.0
627 700 1.0
628 356 1.0
628 570 1.0
628 759 1.0
628 793 1.0
628 875 1.0
629 89 1.0
629 455 1.0
629 476 1.0
629 555 1.0
629 649 1.0
629 686 1.0
629 709 1.0
629 842 1.0
630 26 1.0
630 102 1.0
630 163 1.0
630 387 1.0
630 675 1.0
630 797 1.0
630 894 1.0
631 364 1.0
631 523 1.0
631 525 1.0
631 891 1.0
632 114 1.0
632 194 1.0
632 281 1.0
632 309 1.0
632 315 1.0
632 363 1.0
632 364 1.0
632 466 1.0
632 721 1.0
632 729 1.0
632 732 1.0
632 771 1.0
632 792 1.0
633 39 1.0
633 290 1.0
633 294 1.0
633 422 1.0
633 466 1.0
633 543 1.0
633 600 1.0
633 682 1.0
633 743 1.0
633 811 1.0
633 854 1.0
633 867 1.0
634 0 1.0
634 5 1.0
634 73 1.0
634 96 1.0
634 335 1.0
634 651 1.0
634 715 1.0
634 717 1.0
635 344 1.0
635 444 1.0
636 3 1.0
636 84 1.0
636 96 1.0
636 233 1.0
636 334 1.0
636 367 1.0
636 610 1.0
636 684 1.0
636 890 1.0
637 28 1.0
637 451 1.0
637 950 1.0
638 39 1.0
638 181 1.0
638 249 1.0
638 279 1.0
638 512 1.0
638 678 1.0
638 747 1.0
638 914 1.0
639 12 1.0
639 141 1.0
639 341 1.0
639 386 1.0
639 438 1.0
639 670 1.0
639 690 1.0
639 751 1.0
640 26 1.0
640 77 1.0
640 297 1.0
640 323 1.0
640 436 1.0
640 530 1.0
640 792 1.0
641 77 1.0
641 124 1.0
641 302 1.0
641 558 1.0
641 713 1.0
641 779 1.0
642 8 1.0
643 194 1.0
643 267 1.0
643 284 1.0
643 385 1.0
643 573 1.0
643 847 1.0
643 953 1.0
644 8 1.0
644 46 1.0
644 279 1.0
644 366 1.0
644 414 1.0
644 657 1.0
644 683 1.0
645 365 1.0
645 399 1.0
645 660 1.0
646 119 1.0
646 196 1.0
646 330 1.0
646 408 1.0
646 426 1.0
646 439 1.0
647 248 1.0
647 285 1.0
647 307 1.0
647 452 1.0
647 578 1.0
648 311 1.0
648 789 1.0
648 833 1.0
649 304 1.0
649 520 1.0
649 719 1.0
649 750 1.0
649 756 1.0
649 827 1.0
649 885 1.0
650 12 1.0
650 162 1.0
650 193 1.0
650 360 1.0
650 480 1.0
650 506 1.0
650 844 1.0
651 14 1.0
651 28 1.0
651 204 1.0
651 231 1.0
651 508 1.0
651 631 1.0
651 698 1.0
651 734 1.0
651 814 1.0
651 843 1.0
652 85 1.0
652 418 1.0
652 436 1.0
652 443 1.0
652 460 1.0
652 553 1.0
652 585 1.0
652 644 1.0
652 910 1.0
653 10 1.0
653 57 1.0
653 116 1.0
653 218 1.0
653 243 1.0
653 289 1.0
653 706 1.0
653 723 1.0
653 759 1.0
653 764 1.0
653 854 1.0
654 586 1.0
655 17 1.0
655 30 1.0
655 38 1.0
655 319 1.0
655 337 1.0
655 587 1.0
655 632 1.0
655 708 1.0
655 746 1.0
655 824 1.0
655 854 1.0
655 860 1.0
656 214 1.0
656 313 1.0
656 401 1.0
656 546 1.0
656 760 1.0
656 879 1.0
657 76 1.0
657 572 1.0
657 766 1.0
657 796 1.0
658 74 1.0
658 158 1.0
658 260 1.0
658 323 1.0
658 421 1.0
658 541 1.0
658 630 1.0
658 805 1.0
658 826 1.0
659 146 1.0
659 250 1.0
659 361 1.0
659 460 1.0
659 534 1.0
659 747 1.0
659 756 1.0
659 828 1.0
660 32 1.0
660 156 1.0
660 321 1.0
660 392 1.0
660 453 1.0
660 515 1.0
661 26 1.0
661 134 1.0
661 265 1.0
661 363 1.0
661 382 1.0
661 402 1.0
661 494 1.0
661 496 1.0
661 609 1.0
662 290 1.0
662 560 1.0
662 569 1.0
662 630 1.0
662 635 1.0
662 712 1.0
662 794 1.0
663 121 1.0
663 155 1.0
663 158 1.0
663 213 1.0
663 301 1.0
663 404 1.0
663 481 1.0
663 492 1.0
664 40 1.0
664 72 1.0
664 327 1.0
664 493 1.0
664 726 1.0
664 883 1.0
665 67 1.0
665 139 1.0
665 200 1.0
665 391 1.0
665 486 1.0
666 215 1.0
666 362 1.0
666 382 1.0
666 397 1.0
666 455 1.0
666 542 1.0
666 612 1.0
666 690 1.0
667 527 1.0
667 839 1.0
667 896 1.0
667 937 1.0
668 91 1.0
668 115 1.0
668 208 1.0
668 237 1.0
668 243 1.0
668 588 1.0
668 617 1.0
668 684 1.0
668 748 1.0
668 787 1.0
668 881 1.0
668 939 1.0
669 212 1.0
669 701 1.0
670 3 1.0
670 71 1.0
670 149 1.0
670 159 1.0
670 224 1.0
670 649 1.0
670 759 1.0
671 6 1.0
671 220 1.0
671 221 1.0
671 226 1.0
671 271 1.0
671 422 1.0
671 770 1.0
671 936 1.0
672 666 1.0
672 702 1.0
672 848 1.0
672 953 1.0
673 137 1.0
673 358 1.0
673 432 1.0
673 595 1.0
673 805 1.0
673 806 1.0
674 8 1.0
674 368 1.0
674 386 1.0
674 502 1.0
674 507 1.0
674 710 1.0
675 79 1.0
675 398 1.0
675 600 1.0
675 817 1.0
675 904 1.0
676 257 1.0
676 638 1.0
676 823 1.0
676 867 1.0
677 55 1.0
677 223 1.0
677 477 1.0
677 526 1.0
677 528 1.0
677 884 1.0
678 4 1.0
678 10 1.0
678 140 1.0
678 340 1.0
678 562 1.0
678 619 1.0
678 686 1.0
679 82 1.0
679 215 1.0
679 318 1.0
679 325 1.0
679 760 1.0
679 803 1.0
679 868 1.0
679 976 1.0
680 18 1.0
680 56 1.0
680 174 1.0
680 430 1.0
680 598 1.0
680 875 1.0
680 890 1.0
681 27 1.0
681 257 1.0
681 307 1.0
681 453 1.0
681 600 1.0
681 613 1.0
681 708 1.0
681 752 1.0
681 791 1.0
681 892 1.0
682 131 1.0
682 154 1.0
682 156 1.0
682 224 1.0
682 348 1.0
682 497 1.0
682 559 1.0
682 657 1.0
682 694 1.0
682 700 1.0
683 339 1.0
683 357 1.0
683 422 1.0
683 530 1.0
684 18 1.0
684 20 1.0
684 38 1.0
684 59 1.0
684 195 1.0
684 335 1.0
684 457 1.0
684 628 1.0
685 160 1.0
685 253 1.0
685 276 1.0
685 669 1.0
685 700 1.0
685 733 1.0
685 792 1.0
686 298 1.0
686 326 1.0
686 545 1.0
686 760 1.0
686 792 1.0
686 870 1.0
687 22 1.0
687 60 1.0
687 91 1.0
687 158 1.0
687 316 1.0
687 743 1.0
687 765 1.0
688 180 1.0
688 274 1.0
688 320 1.0
688 562 1.0
688 597 1.0
688 719 1.0
688 794 1.0
688 858 1.0
688 869 1.0
689 113 1.0
689 228 1.0
689 588 1.0
689 719 1.0
689 876 1.0
689 957 1.0
690 40 1.0
690 240 1.0
690 248 1.0
690 413 1.0
690 562 1.0
690 636 1.0
690 713 1.0
690 788 1.0
690 838 1.0
691 322 1.0
691 584 1.0
691 733 1.0
691 841 1.0
692 70 1.0
692 126 1.0
692 131 1.0
692 154 1.0
692 225 1.0
692 309 1.0
692 333 1.0
692 348 1.0
692 403 1.0
692 715 1.0
692 899 1.0
693 289 1.0
693 294 1.0
693 463 1.0
693 562 1.0
693 785 1.0
694 32 1.0
694 218 1.0
694 432 1.0
694 451 1.0
694 473 1.0
694 647 1.0
694 674 1.0
694 797 1.0
694 841 1.0
695 190 1.0
695 357 1.0
695 384 1.0
695 775 1.0
695 827 1.0
696 9 1.0
696 27 1.0
696 62 1.0
696 184 1.0
696 364 1.0
696 448 1.0
697 40 1.0
697 115 1.0
697 137 1.0
697 253 1.0
697 263 1.0
697 392 1.0
697 409 1.0
697 616 1.0
697 635 1.0
697 914 1.0
698 71 1.0
698 200 1.0
698 221 1.0
698 249 1.0
698 266 1.0
698 354 1.0
698 388 1.0
698 473 1.0
698 706 1.0
699 288 1.0
699 349 1.0
699 419 1.0
699 426 1.0
699 525 1.0
699 667 1.0
700 191 1.0
700 402 1.0
700 466 1.0
700 511 1.0
700 692 1.0
700 699 1.0
700 709 1.0
700 740 1.0
700 773 1.0
700 779 1.0
701 8 1.0
701 177 1.0
701 467 1.0
701 629 1.0
701 630 1.0
701 801 1.0
701 871 1.0
702 251 1.0
702 329 1.0
702 342 1.0
702 343 1.0
702 532 1.0
702 617 1.0
702 700 1.0
702 948 1.0
703 159 1.0
703 174 1.0
703 366 1.0
703 373 1.0
703 661 1.0
703 735 1.0
703 839 1.0
703 902 1.0
704 187 1.0
704 278 1.0
704 388 1.0
704 722 1.0
704 745 1.0
705 5 1.0
705 90 1.0
705 420 1.0
705 471 1.0
705 615 1.0
705 881 1.0
706 80 1.0
706 367 1.0
706 433 1.0
706 545 1.0
706 561 1.0
706 658 1.0
706 818 1.0
706 976 1.0
707 278 1.0
707 383 1.0
707 485 1.0
707 504 1.0
707 617 1.0
707 867 1.0
708 120 1.0
708 238 1.0
708 271 1.0
708 298 1.0
708 310 1.0
708 345 1.0
708 629 1.0
708 645 1.0
708 646 1.0
708 670 1.0
708 675 1.0
708 762 1.0
709 181 1.0
709 224 1.0
709 263 1.0
709 310 1.0
709 384 1.0
709 402 1.0
709 452 1.0
709 500 1.0
709 662 1.0
710 55 1.0
710 333 1.0
710 450 1.0
710 543 1.0
710 609 1.0
710 612 1.0
710 707 1.0
710 728 1.0
710 833 1.0
711 206 1.0
711 619 1.0
711 665 1.0
711 679 1.0
711 812 1.0
711 883 1.0
711 936 1.0
712 82 1.0
712 179 1.0
712 491 1.0
712 544 1.0
712 642 1.0
712 664 1.0
712 683 1.0
712 749 1.0
713 8 1.0
713 29 1.0
713 39 1.0
713 101 1.0
713 327 1.0
713 351 1.0
713 484 1.0
713 487 1.0
713 603 1.0
713 605 1.0
713 771 1.0
713 855 1.0
714 220 1.0
714 355 1.0
714 627 1.0
714 827 1.0
715 51 1.0
715 298 1.0
715 312 1.0
715 316 1.0
715 349 1.0
715 442 1.0
715 768 1.0
716 185 1.0
716 373 1.0
716 575 1.0
716 668 1.0
716 787 1.0
716 831 1.0
717 54 1.0
717 106 1.0
717 730 1.0
717 804 1.0
718 58 1.0
718 482 1.0
718 684 1.0
718 866 1.0
719 384 1.0
719 470 1.0
719 494 1.0
719 571 1.0
719 608 1.0
719 758 1.0
719 851 1.0
720 7 1.0
720 155 1.0
720 263 1.0
720 511 1.0
720 536 1.0
720 639 1.0
720 715 1.0
720 923 1.0
721 847 1.0
721 906 1.0
722 10 1.0
722 15 1.0
722 115 1.0
722 158 1.0
722 262 1.0
722 332 1.0
722 609 1.0
722 611 1.0
722 619 1.0
722 654 1.0
722 728 1.0
722 803 1.0
722 829 1.0
722 835 1.0
723 22 1.0
723 338 1.0
723 467 1.0
723 473 1.0
723 818 1.0
724 9 1.0
724 45 1.0
724 55 1.0
724 126 1.0
724 240 1.0
724 422 1.0
724 434 1.0
724 787 1.0
724 878 1.0
725 171 1.0
725 172 1.0
725 498 1.0
725 647 1.0
725 834 1.0
726 159 1.0
726 473 1.0
726 484 1.0
726 637 1.0
726 792 1.0
727 72 1.0
728 37 1.0
728 105 1.0
728 322 1.0
728 461 1.0
728 853 1.0
729 33 1.0
729 119 1.0
729 209 1.0
729 821 1.0
729 844 1.0
730 60 1.0
730 64 1.0
730 298 1.0
730 299 1.0
730 333 1.0
730 538 1.0
730 640 1.0
730 652 1.0
730 765 1.0
730 861 1.0
731 326 1.0
731 406 1.0
731 830 1.0
732 10 1.0
732 21 1.0
732 93 1.0
732 380 1.0
733 101 1.0
733 246 1.0
733 604 1.0
733 718 1.0
734 3 1.0
734 214 1.0
734 307 1.0
734 354 1.0
734 776 1.0
734 777 1.0
734 796 1.0
735 91 1.0
735 236 1.0
735 277 1.0
735 505 1.0
735 663 1.0
736 36 1.0
736 247 1.0
736 297 1.0
736 368 1.0
736 479 1.0
736 490 1.0
736 619 1.0
736 687 1.0
736 910 1.0
737 44 1.0
737 269 1.0
737 375 1.0
737 596 1.0
737 773 1.0
738 53 1.0
738 111 1.0
738 339 1.0
738 380 1.0
738 405 1.0
738 538 1.0
738 593 1.0
738 706 1.0
738 757 1.0
738 831 1.0
739 164 1.0
739 438 1.0
739 439 1.0
739 518 1.0
739 588 1.0
739 609 1.0
739 712 1.0
739 730 1.0
739 745 1.0
739 773 1.0
740 66 1.0
740 97 1.0
740 103 1.0
740 600 1.0
740 826 1.0
740 900 1.0
741 47 1.0
741 48 1.0
741 233 1.0
741 849 1.0
742 215 1.0
742 448 1.0
742 507 1.0
742 533 1.0
742 647 1.0
742 704 1.0
742 782 1.0
743 17 1.0
743 212 1.0
743 312 1.0
743 574 1.0
743 619 1.0
743 695 1.0
743 731 1.0
744 14 1.0
744 89 1.0
744 121 1.0
744 299 1.0
744 405 1.0
744 470 1.0
744 844 1.0
745 11 1.0
745 125 1.0
745 135 1.0
745 662 1.0
745 816 1.0
745 845 1.0
745 860 1.0
746 4 1.0
746 19 1.0
746 60 1.0
746 293 1.0
746 534 1.0
746 574 1.0
746 583 1.0
746 848 1.0
747 37 1.0
747 241 1.0
747 770 1.0
747 886 1.0
747 898 1.0
748 25 1.0
748 134 1.0
748 367 1.0
748 455 1.0
748 510 1.0
748 615 1.0
748 773 1.0
748 786 1.0
749 59 1.0
749 80 1.0
749 270 1.0
749 518 1.0
749 543 1.0
749 576 1.0
749 895 1.0
750 5 1.0
750 18 1.0
750 622 1.0
750 641 1.0
751 373 1.0
751 377 1.0
751 410 1.0
751 427 1.0
751 515 1.0
751 558 1.0
751 610 1.0
751 792 1.0
751 841 1.0
752 220 1.0
752 257 1.0
752 268 1.0
752 317 1.0
752 760 1.0
753 116 1.0
753 168 1.0
753 177 1.0
753 253 1.0
753 463 1.0
754 3 1.0
754 301 1.0
754 432 1.0
754 434 1.0
754 460 1.0
754 504 1.0
754 589 1.0
754 736 1.0
754 759 1.0
754 912 1.0
755 18 1.0
755 187 1.0
755 214 1.0
755 358 1.0
755 656 1.0
755 794 1.0
755 871 1.0
757 13 1.0
757 23 1.0
757 238 1.0
757 528 1.0
757 672 1.0
757 788 1.0
758 280 1.0
758 686 1.0
758 768 1.0
759 71 1.0
759 97 1.0
759 300 1.0
759 514 1.0
759 580 1.0
759 646 1.0
759 767 1.0
759 780 1.0
759 802 1.0
760 119 1.0
760 244 1.0
760 315 1.0
760 397 1.0
760 502 1.0
760 753 1.0
760 853 1.0
760 971 1.0
761 137 1.0
761 534 1.0
761 597 1.0
761 660 1.0
761 720 1.0
761 873 1.0
761 940 1.0
762 55 1.0
762 103 1.0
762 119 1.0
762 166 1.0
762 244 1.0
762 314 1.0
762 339 1.0
762 361 1.0
762 683 1.0
762 712 1.0
762 869 1.0
763 54 1.0
763 64 1.0
763 509 1.0
763 525 1.0
763 626 1.0
763 657 1.0
763 846 1.0
764 90 1.0
764 146 1.0
764 252 1.0
764 335 1.0
764 403 1.0
764 404 1.0
764 479 1.0
764 569 1.0
764 622 1.0
764 735 1.0
764 870 1.0
765 152 1.0
765 170 1.0
765 184 1.0
765 445 1.0
765 753 1.0
765 887 1.0
766 29 1.0
766 240 1.0
767 111 1.0
767 245 1.0
767 541 1.0
767 564 1.0
767 573 1.0
767 603 1.0
767 736 1.0
767 802 1.0
767 887 1.0
768 94 1.0
768 103 1.0
768 200 1.0
768 274 1.0
768 382 1.0
768 449 1.0
768 615 1.0
768 820 1.0
768 904 1.0
769 108 1.0
769 151 1.0
769 179 1.0
769 255 1.0
769 303 1.0
769 469 1.0
770 124 1.0
770 363 1.0
770 448 1.0
770 553 1.0
770 600 1.0
770 702 1.0
770 739 1.0
771 292 1.0
771 325 1.0
771 362 1.0
771 370 1.0
771 497 1.0
771 642 1.0
771 858 1.0
772 115 1.0
772 204 1.0
772 591 1.0
772 848 1.0
772 897 1.0
772 960 1.0
773 133 1.0
773 217 1.0
773 235 1.0
773 321 1.0
773 481 1.0
773 583 1.0
773 608 1.0
773 778 1.0
773 831 1.0
773 948 1.0
774 81 1.0
774 168 1.0
774 190 1.0
774 252 1.0
774 499 1.0
774 555 1.0
774 628 1.0
774 732 1.0
774 841 1.0
774 935 1.0
775 392 1.0
775 491 1.0
775 551 1.0
775 607 1.0
776 18 1.0
776 93 1.0
776 294 1.0
776 349 1.0
776 350 1.0
776 737 1.0
776 898 1.0
776 918 1.0
776 959 1.0
777 87 1.0
777 143 1.0
777 332 1.0
777 400 1.0
777 459 1.0
777 475 1.0
777 479 1.0
777 549 1.0
777 626 1.0
777 652 1.0
777 895 1.0
777 977 1.0
778 122 1.0
778 332 1.0
778 377 1.0
778 384 1.0
778 712 1.0
778 863 1.0
778 912 1.0
778 969 1.0
779 9 1.0
779 128 1.0
779 185 1.0
779 423 1.0
779 426 1.0
779 432 1.0
779 471 1.0
779 620 1.0
779 688 1.0
779 785 1.0
779 960 1.0
780 10 1.0
780 61 1.0
780 128 1.0
780 399 1.0
780 542 1.0
780 709 1.0
780 754 1.0
781 41 1.0
781 520 1.0
781 592 1.0
781 620 1.0
781 655 1.0
781 777 1.0
781 820 1.0
781 908 1.0
782 77 1.0
782 635 1.0
782 758 1.0
782 767 1.0
783 204 1.0
783 301 1.0
783 359 1.0
783 565 1.0
783 697 1.0
783 737 1.0
783 787 1.0
784 148 1.0
784 236 1.0
784 292 1.0
784 400 1.0
784 584 1.0
784 785 1.0
784 838 1.0
784 872 1.0
785 325 1.0
785 332 1.0
785 336 1.0
785 381 1.0
785 506 1.0
785 715 1.0
785 817 1.0
785 953 1.0
786 305 1.0
786 502 1.0
787 8 1.0
787 112 1.0
787 161 1.0
787 308 1.0
787 355 1.0
787 399 1.0
787 694 1.0
787 799 1.0
787 940 1.0
788 26 1.0
788 49 1.0
788 93 1.0
788 107 1.0
788 136 1.0
788 145 1.0
788 170 1.0
788 194 1.0
788 332 1.0
788 400 1.0
788 401 1.0
788 480 1.0
788 701 1.0
789 323 1.0
789 554 1.0
789 573 1.0
789 806 1.0
789 844 1.0
790 494 1.0
790 524 1.0
790 583 1.0
790 680 1.0
790 815 1.0
791 244 1.0
791 502 1.0
791 545 1.0
791 635 1.0
791 685 1.0
791 762 1.0
791 960 1.0
792 76 1.0
792 205 1.0
792 261 1.0
792 430 1.0
792 702 1.0
792 815 1.0
792 835 1.0
793 78 1.0
793 169 1.0
793 452 1.0
793 483 1.0
793 484 1.0
793 822 1.0
794 7 1.0
794 254 1.0
794 360 1.0
794 392 1.0
794 755 1.0
795 84 1.0
795 569 1.0
795 681 1.0
795 914 1.0
796 243 1.0
796 335 1.0
797 22 1.0
797 84 1.0
797 300 1.0
797 328 1.0
797 336 1.0
797 375 1.0
797 740 1.0
797 866 1.0
798 199 1.0
798 200 1.0
798 209 1.0
798 473 1.0
798 551 1.0
798 554 1.0
798 696 1.0
798 723 1.0
798 846 1.0
798 950 1.0
799 86 1.0
799 114 1.0
799 171 1.0
799 229 1.0
799 648 1.0
799 875 1.0
800 149 1.0
800 229 1.0
800 270 1.0
800 463 1.0
800 512 1.0
800 519 1.0
800 529 1.0
801 166 1.0
801 209 1.0
801 333 1.0
801 502 1.0
801 605 1.0
801 883 1.0
802 476 1.0
802 677 1.0
802 703 1.0
802 844 1.0
803 72 1.0
803 103 1.0
803 496 1.0
803 642 1.0
803 665 1.0
803 678 1.0
803 893 1.0
804 132 1.0
804 189 1.0
804 192 1.0
804 253 1.0
804 308 1.0
804 416 1.0
804 527 1.0
804 566 1.0
804 652 1.0
804 872 1.0
804 973 1.0
805 88 1.0
805 373 1.0
805 719 1.0
806 181 1.0
806 638 1.0
806 744 1.0
807 263 1.0
807 406 1.0
807 541 1.0
807 720 1.0
808 16 1.0
808 42 1.0
808 166 1.0
808 288 1.0
808 377 1.0
808 422 1.0
808 896 1.0
809 67 1.0
809 82 1.0
809 211 1.0
809 261 1.0
809 319 1.0
809 360 1.0
809 385 1.0
809 470 1.0
809 713 1.0
810 210 1.0
810 478 1.0
811 161 1.0
811 247 1.0
811 695 1.0
811 778 1.0
811 888 1.0
812 118 1.0
812 139 1.0
812 210 1.0
812 401 1.0
812 642 1.0
812 681 1.0
812 732 1.0
812 742 1.0
813 80 1.0
813 220 1.0
813 301 1.0
813 369 1.0
813 489 1.0
813 777 1.0
813 875 1.0
813 900 1.0
814 72 1.0
814 192 1.0
814 425 1.0
814 539 1.0
814 703 1.0
815 109 1.0
815 110 1.0
815 112 1.0
815 203 1.0
815 280 1.0
815 352 1.0
815 395 1.0
815 715 1.0
815 822 1.0
815 836 1.0
816 74 1.0
816 87 1.0
816 235 1.0
816 535 1.0
816 797 1.0
817 3 1.0
817 224 1.0
817 267 1.0
817 324 1.0
817 381 1.0
817 661 1.0
817 876 1.0
818 39 1.0
818 116 1.0
818 233 1.0
818 266 1.0
818 412 1.0
818 458 1.0
818 493 1.0
818 589 1.0
819 25 1.0
819 160 1.0
819 173 1.0
819 205 1.0
819 415 1.0
819 756 1.0
820 244 1.0
820 275 1.0
820 280 1.0
820 571 1.0
820 730 1.0
820 737 1.0
820 830 1.0
820 927 1.0
821 168 1.0
821 209 1.0
821 229 1.0
821 235 1.0
821 350 1.0
821 409 1.0
821 671 1.0
821 684 1.0
821 712 1.0
821 736 1.0
822 148 1.0
822 470 1.0
822 541 1.0
822 755 1.0
822 765 1.0
822 861 1.0
823 252 1.0
823 450 1.0
823 550 1.0
823 553 1.0
823 839 1.0
823 847 1.0
824 75 1.0
824 142 1.0
824 258 1.0
824 266 1.0
824 434 1.0
824 618 1.0
824 735 1.0
824 761 1.0
824 801 1.0
824 868 1.0
824 891 1.0
825 173 1.0
825 242 1.0
825 286 1.0
825 380 1.0
825 415 1.0
825 423 1.0
825 505 1.0
825 528 1.0
825 550 1.0
825 706 1.0
825 710 1.0
825 754 1.0
825 784 1.0
826 318 1.0
826 347 1.0
826 395 1.0
827 45 1.0
827 76 1.0
827 343 1.0
827 374 1.0
827 453 1.0
827 487 1.0
827 771 1.0
828 157 1.0
828 375 1.0
828 461 1.0
828 524 1.0
829 168 1.0
829 189 1.0
829 294 1.0
829 432 1.0
829 437 1.0
829 678 1.0
829 875 1.0
830 247 1.0
830 758 1.0
830 901 1.0
830 944 1.0
831 83 1.0
831 111 1.0
831 226 1.0
831 452 1.0
831 485 1.0
831 561 1.0
831 660 1.0
832 93 1.0
832 309 1.0
832 447 1.0
832 777 1.0
833 179 1.0
833 279 1.0
833 474 1.0
833 556 1.0
833 773 1.0
833 779 1.0
833 823 1.0
834 181 1.0
834 182 1.0
834 191 1.0
834 207 1.0
834 561 1.0
834 614 1.0
834 770 1.0
834 789 1.0
835 35 1.0
835 153 1.0
835 317 1.0
835 329 1.0
835 525 1.0
835 606 1.0
836 138 1.0
836 337 1.0
836 443 1.0
836 535 1.0
836 553 1.0
836 693 1.0
836 872 1.0
837 164 1.0
837 343 1.0
837 441 1.0
837 761 1.0
837 916 1.0
838 215 1.0
838 241 1.0
838 439 1.0
838 546 1.0
838 585 1.0
839 45 1.0
839 46 1.0
839 315 1.0
839 330 1.0
839 444 1.0
839 472 1.0
839 508 1.0
839 633 1.0
839 705 1.0
839 760 1.0
840 194 1.0
840 243 1.0
840 449 1.0
840 494 1.0
840 613 1.0
840 845 1.0
841 252 1.0
841 391 1.0
841 473 1.0
842 73 1.0
842 142 1.0
842 264 1.0
842 323 1.0
842 388 1.0
842 399 1.0
842 423 1.0
842 582 1.0
842 653 1.0
842 910 1.0
843 246 1.0
843 271 1.0
843 410 1.0
843 452 1.0
843 458 1.0
843 536 1.0
843 891 1.0
844 16 1.0
844 71 1.0
844 122 1.0
844 764 1.0
844 872 1.0
844 885 1.0
845 128 1.0
845 458 1.0
845 479 1.0
845 835 1.0
846 70 1.0
846 284 1.0
846 349 1.0
846 513 1.0
846 608 1.0
846 625 1.0
846 686 1.0
847 7 1.0
847 104 1.0
847 179 1.0
847 231 1.0
847 443 1.0
847 517 1.0
847 660 1.0
847 832 1.0
848 491 1.0
848 623 1.0
848 663 1.0
848 808 1.0
849 48 1.0
849 434 1.0
849 793 1.0
849 804 1.0
850 154 1.0
850 422 1.0
850 443 1.0
850 451 1.0
850 479 1.0
850 508 1.0
850 729 1.0
851 244 1.0
851 282 1.0
851 340 1.0
851 402 1.0
851 413 1.0
851 686 1.0
851 693 1.0
851 830 1.0
852 0 1.0
852 112 1.0
852 596 1.0
852 787 1.0
853 178 1.0
853 457 1.0
853 662 1.0
853 856 1.0
854 270 1.0
854 595 1.0
854 809 1.0
854 842 1.0
855 146 1.0
855 202 1.0
855 553 1.0
855 573 1.0
856 4 1.0
856 64 1.0
856 65 1.0
856 96 1.0
856 123 1.0
856 125 1.0
856 142 1.0
856 145 1.0
856 220 1.0
856 280 1.0
856 346 1.0
856 462 1.0
856 568 1.0
856 761 1.0
856 825 1.0
857 376 1.0
857 535 1.0
857 582 1.0
857 595 1.0
857 687 1.0
857 964 1.0
858 132 1.0
858 175 1.0
858 229 1.0
858 281 1.0
858 337 1.0
858 585 1.0
858 599 1.0
858 600 1.0
858 642 1.0
858 764 1.0
859 7 1.0
859 28 1.0
859 95 1.0
859 294 1.0
859 316 1.0
859 348 1.0
860 236 1.0
860 302 1.0
860 578 1.0
860 591 1.0
860 711 1.0
860 785 1.0
861 230 1.0
861 379 1.0
861 431 1.0
861 539 1.0
861 612 1.0
861 838 1.0
862 100 1.0
862 108 1.0
862 352 1.0
862 473 1.0
862 580 1.0
862 625 1.0
862 674 1.0
862 919 1.0
863 181 1.0
863 240 1.0
863 299 1.0
863 347 1.0
863 425 1.0
863 442 1.0
863 576 1.0
863 697 1.0
863 740 1.0
863 788 1.0
864 129 1.0
864 345 1.0
864 443 1.0
864 566 1.0
864 765 1.0
865 145 1.0
865 179 1.0
865 228 1.0
865 248 1.0
865 300 1.0
865 443 1.0
865 580 1.0
865 595 1.0
865 709 1.0
865 729 1.0
865 869 1.0
865 905 1.0
866 29 1.0
866 41 1.0
866 88 1.0
866 850 1.0
866 872 1.0
866 937 1.0
867 133 1.0
867 274 1.0
867 293 1.0
867 401 1.0
867 448 1.0
867 499 1.0
867 724 1.0
868 219 1.0
868 322 1.0
868 338 1.0
868 447 1.0
869 14 1.0
869 70 1.0
869 267 1.0
869 376 1.0
869 402 1.0
869 531 1.0
869 553 1.0
869 629 1.0
869 660 1.0
869 725 1.0
869 773 1.0
869 846 1.0
869 859 1.0
869 866 1.0
869 930 1.0
870 174 1.0
870 227 1.0
870 262 1.0
870 282 1.0
870 343 1.0
870 488 1.0
870 595 1.0
870 651 1.0
870 753 1.0
870 767 1.0
870 934 1.0
871 189 1.0
871 272 1.0
871 303 1.0
871 308 1.0
871 465 1.0
871 789 1.0
872 0 1.0
872 599 1.0
872 727 1.0
872 783 1.0
872 818 1.0
873 478 1.0
873 729 1.0
873 799 1.0
873 805 1.0
874 19 1.0
874 637 1.0
874 673 1.0
875 75 1.0
875 185 1.0
875 211 1.0
875 278 1.0
875 465 1.0
876 459 1.0
876 522 1.0
876 574 1.0
876 844 1.0
877 46 1.0
877 165 1.0
877 282 1.0
877 341 1.0
877 362 1.0
877 401 1.0
877 408 1.0
877 523 1.0
877 526 1.0
877 569 1.0
877 629 1.0
877 634 1.0
877 687 1.0
877 708 1.0
878 287 1.0
878 324 1.0
878 438 1.0
878 448 1.0
878 506 1.0
878 635 1.0
878 637 1.0
878 651 1.0
878 817 1.0
878 938 1.0
879 129 1.0
879 306 1.0
879 408 1.0
879 474 1.0
879 865 1.0
880 7 1.0
880 9 1.0
880 46 1.0
880 77 1.0
880 154 1.0
880 486 1.0
880 888 1.0
881 124 1.0
881 258 1.0
881 388 1.0
881 513 1.0
881 668 1.0
881 705 1.0
882 82 1.0
882 319 1.0
882 899 1.0
883 120 1.0
883 219 1.0
883 390 1.0
883 409 1.0
883 435 1.0
883 664 1.0
883 711 1.0
883 801 1.0
884 581 1.0
884 677 1.0
885 404 1.0
885 649 1.0
885 844 1.0
886 203 1.0
886 280 1.0
886 747 1.0
887 39 1.0
887 64 1.0
887 108 1.0
887 125 1.0
887 163 1.0
887 171 1.0
887 242 1.0
887 603 1.0
887 765 1.0
887 767 1.0
888 66 1.0
888 108 1.0
888 119 1.0
888 314 1.0
888 624 1.0
888 811 1.0
888 880 1.0
889 63 1.0
889 83 1.0
889 117 1.0
889 120 1.0
889 129 1.0
889 162 1.0
889 937 1.0
890 47 1.0
890 76 1.0
890 186 1.0
890 636 1.0
890 680 1.0
891 32 1.0
891 58 1.0
891 62 1.0
891 76 1.0
891 177 1.0
891 191 1.0
891 315 1.0
891 352 1.0
891 379 1.0
891 456 1.0
891 631 1.0
891 824 1.0
891 843 1.0
892 58 1.0
892 626 1.0
892 681 1.0
893 246 1.0
893 353 1.0
893 803 1.0
894 32 1.0
894 100 1.0
894 132 1.0
894 380 1.0
894 498 1.0
894 566 1.0
894 630 1.0
895 32 1.0
895 53 1.0
895 277 1.0
895 605 1.0
895 749 1.0
895 777 1.0
896 80 1.0
896 180 1.0
896 240 1.0
896 340 1.0
896 510 1.0
896 574 1.0
896 667 1.0
896 808 1.0
896 940 1.0
897 18 1.0
897 53 1.0
897 123 1.0
897 128 1.0
897 497 1.0
897 560 1.0
897 594 1.0
897 772 1.0
898 3 1.0
898 86 1.0
898 131 1.0
898 352 1.0
898 747 1.0
898 776 1.0
898 938 1.0
899 112 1.0
899 184 1.0
899 692 1.0
899 882 1.0
900 419 1.0
900 740 1.0
900 813 1.0
901 203 1.0
901 359 1.0
901 612 1.0
901 830 1.0
901 916 1.0
902 36 1.0
902 66 1.0
902 237 1.0
902 265 1.0
902 295 1.0
902 357 1.0
902 360 1.0
902 532 1.0
902 598 1.0
902 703 1.0
903 96 1.0
903 136 1.0
903 340 1.0
903 348 1.0
903 581 1.0
903 620 1.0
904 11 1.0
904 106 1.0
904 123 1.0
904 187 1.0
904 283 1.0
904 675 1.0
904 768 1.0
904 945 1.0
905 8 1.0
905 171 1.0
905 865 1.0
906 65 1.0
906 105 1.0
906 336 1.0
906 721 1.0
907 47 1.0
907 248 1.0
907 330 1.0
907 487 1.0
907 517 1.0
907 519 1.0
907 536 1.0
908 45 1.0
908 421 1.0
908 781 1.0
909 400 1.0
909 508 1.0
909 516 1.0
909 613 1.0
910 279 1.0
910 490 1.0
910 652 1.0
910 736 1.0
910 842 1.0
911 122 1.0
911 254 1.0
911 258 1.0
911 943 1.0
912 324 1.0
912 754 1.0
912 778 1.0
913 64 1.0
913 68 1.0
913 108 1.0
913 485 1.0
913 920 1.0
914 248 1.0
914 332 1.0
914 638 1.0
914 697 1.0
914 795 1.0
914 975 1.0
915 86 1.0
915 91 1.0
915 206 1.0
915 343 1.0
915 346 1.0
915 365 1.0
915 494 1.0
916 25 1.0
916 221 1.0
916 253 1.0
916 328 1.0
916 329 1.0
916 385 1.0
916 837 1.0
916 901 1.0
917 10 1.0
917 78 1.0
917 213 1.0
918 225 1.0
918 244 1.0
918 599 1.0
918 776 1.0
919 80 1.0
919 99 1.0
919 115 1.0
919 121 1.0
919 264 1.0
919 435 1.0
919 530 1.0
919 862 1.0
920 92 1.0
920 153 1.0
920 379 1.0
920 913 1.0
921 15 1.0
921 29 1.0
921 69 1.0
921 515 1.0
921 548 1.0
922 86 1.0
922 190 1.0
922 198 1.0
922 207 1.0
922 594 1.0
922 596 1.0
923 16 1.0
923 36 1.0
923 113 1.0
923 168 1.0
923 533 1.0
923 604 1.0
923 720 1.0
924 19 1.0
924 34 1.0
924 87 1.0
924 218 1.0
924 299 1.0
924 541 1.0
925 66 1.0
925 204 1.0
925 299 1.0
925 324 1.0
925 576 1.0
926 69 1.0
926 80 1.0
926 179 1.0
926 469 1.0
927 69 1.0
927 81 1.0
927 227 1.0
927 321 1.0
927 820 1.0
928 47 1.0
928 141 1.0
928 436 1.0
929 10 1.0
929 62 1.0
929 114 1.0
929 568 1.0
930 3 1.0
930 112 1.0
930 216 1.0
930 284 1.0
930 473 1.0
930 513 1.0
930 869 1.0
931 36 1.0
931 206 1.0
931 513 1.0
931 552 1.0
932 89 1.0
932 108 1.0
932 377 1.0
933 310 1.0
933 352 1.0
933 581 1.0
934 352 1.0
934 525 1.0
934 870 1.0
935 84 1.0
935 193 1.0
935 290 1.0
935 562 1.0
935 774 1.0
936 47 1.0
936 75 1.0
936 257 1.0
936 262 1.0
936 272 1.0
936 304 1.0
936 421 1.0
936 462 1.0
936 671 1.0
936 711 1.0
937 57 1.0
937 83 1.0
937 159 1.0
937 431 1.0
937 667 1.0
937 866 1.0
937 889 1.0
938 33 1.0
938 54 1.0
938 96 1.0
938 272 1.0
938 312 1.0
938 445 1.0
938 878 1.0
938 898 1.0
939 101 1.0
939 172 1.0
939 668 1.0
940 14 1.0
940 57 1.0
940 139 1.0
940 234 1.0
940 267 1.0
940 761 1.0
940 787 1.0
940 896 1.0
941 56 1.0
941 304 1.0
941 542 1.0
941 620 1.0
942 58 1.0
942 68 1.0
942 114 1.0
942 528 1.0
942 608 1.0
943 1 1.0
943 2 1.0
943 25 1.0
943 416 1.0
943 575 1.0
943 911 1.0
944 2 1.0
944 37 1.0
944 480 1.0
944 830 1.0
945 33 1.0
945 48 1.0
945 60 1.0
945 904 1.0
946 67 1.0
946 145 1.0
946 165 1.0
946 174 1.0
946 345 1.0
946 613 1.0
947 58 1.0
947 120 1.0
947 356 1.0
948 58 1.0
948 68 1.0
948 301 1.0
948 556 1.0
948 702 1.0
948 773 1.0
949 10 1.0
949 38 1.0
949 226 1.0
949 574 1.0
950 39 1.0
950 248 1.0
950 333 1.0
950 609 1.0
950 637 1.0
950 798 1.0
951 7 1.0
951 40 1.0
951 51 1.0
951 128 1.0
951 171 1.0
951 179 1.0
951 391 1.0
952 57 1.0
952 172 1.0
952 212 1.0
952 267 1.0
952 300 1.0
953 43 1.0
953 57 1.0
953 301 1.0
953 412 1.0
953 529 1.0
953 530 1.0
953 549 1.0
953 643 1.0
953 672 1.0
953 785 1.0
954 2 1.0
954 125 1.0
954 225 1.0
955 120 1.0
955 151 1.0
955 299 1.0
955 548 1.0
956 173 1.0
956 298 1.0
956 532 1.0
957 2 1.0
957 499 1.0
957 506 1.0
957 507 1.0
957 689 1.0
958 18 1.0
958 517 1.0
958 541 1.0
959 12 1.0
959 252 1.0
959 312 1.0
959 776 1.0
960 14 1.0
960 22 1.0
960 142 1.0
960 169 1.0
960 184 1.0
960 223 1.0
960 772 1.0
960 779 1.0
960 791 1.0
961 15 1.0
961 78 1.0
961 514 1.0
962 44 1.0
962 53 1.0
962 404 1.0
962 569 1.0
963 80 1.0
963 258 1.0
963 320 1.0
963 321 1.0
964 264 1.0
964 304 1.0
964 433 1.0
964 857 1.0
965 76 1.0
965 109 1.0
965 119 1.0
965 210 1.0
965 308 1.0
965 444 1.0
966 130 1.0
966 218 1.0
966 272 1.0
966 274 1.0
966 297 1.0
966 401 1.0
967 68 1.0
967 179 1.0
967 274 1.0
967 401 1.0
968 8 1.0
968 35 1.0
968 146 1.0
969 26 1.0
969 75 1.0
969 123 1.0
969 229 1.0
969 398 1.0
969 418 1.0
969 526 1.0
969 778 1.0
970 7 1.0
970 102 1.0
970 114 1.0
970 557 1.0
970 586 1.0
971 72 1.0
971 294 1.0
971 393 1.0
971 760 1.0
972 160 1.0
972 168 1.0
972 175 1.0
972 301 1.0
972 392 1.0
973 131 1.0
973 225 1.0
973 274 1.0
973 804 1.0
974 102 1.0
974 110 1.0
974 576 1.0
974 578 1.0
975 3 1.0
975 70 1.0
975 133 1.0
975 261 1.0
975 914 1.0
976 0 1.0
976 70 1.0
976 79 1.0
976 150 1.0
976 180 1.0
976 536 1.0
976 679 1.0
976 706 1.0
977 46 1.0
977 160 1.0
977 777 1.0
