0 238
0 801
0 89
0 131
0 531
0 695
0 40
0 151
1 817
2 701
2 548
2 436
2 453
3 155
3 716
3 188
3 973
3 398
3 629
4 181
4 536
5 489
5 716
5 346
5 823
5 28
5 998
5 422
6 199
6 924
6 381
6 932
6 871
7 504
7 462
7 849
7 883
7 540
8 25
8 542
8 829
8 798
8 215
8 246
8 778
9 424
9 958
9 857
10 284
10 888
10 205
10 504
10 577
10 729
10 356
11 570
11 989
11 592
11 900
11 430
12 934
12 85
12 401
12 334
12 762
12 541
12 26
12 799
13 368
13 456
13 461
13 490
13 963
13 849
14 110
14 361
14 167
14 81
14 52
14 714
15 889
15 51
15 792
15 122
16 387
16 953
16 901
16 28
16 735
16 160
17 160
17 95
17 764
18 946
18 301
18 908
18 641
18 767
18 516
18 211
18 699
19 226
19 601
19 584
19 723
19 359
20 289
20 720
20 606
21 899
21 20
21 240
21 676
21 696
21 6
21 272
21 832
22 139
22 838
22 153
22 871
22 211
22 568
22 359
22 746
23 388
23 673
23 130
23 94
23 809
23 120
24 805
24 216
24 785
24 612
24 257
24 38
25 673
25 41
25 296
25 895
25 761
26 690
26 39
26 171
26 53
26 416
26 865
27 102
27 437
28 42
28 422
28 350
28 207
28 714
28 565
28 168
28 58
29 332
29 105
29 43
29 732
30 687
30 147
30 768
30 728
30 19
30 394
30 999
30 11
31 497
31 679
31 948
31 790
31 129
31 11
31 150
31 954
31 258
32 580
32 427
32 833
32 863
33 928
33 544
33 19
33 539
33 958
34 688
34 513
34 170
34 530
34 894
34 804
34 209
35 451
35 894
35 82
35 20
35 286
36 232
36 744
36 897
36 671
36 609
36 137
36 233
36 46
36 15
37 499
37 309
38 437
38 482
38 705
38 178
38 575
38 191
38 445
38 495
39 977
39 877
39 731
39 295
39 686
39 244
40 923
40 815
40 684
40 246
40 98
40 57
40 115
40 458
40 646
41 971
41 85
41 140
41 868
41 230
42 156
42 999
42 564
42 53
42 856
43 824
43 381
43 481
43 245
43 567
43 247
43 832
43 843
43 105
43 976
43 892
43 10
43 279
44 61
44 120
45 891
45 287
45 559
45 216
45 131
45 364
45 901
45 600
46 420
46 245
46 990
46 112
46 27
46 792
47 254
47 349
47 232
47 377
47 213
47 423
47 33
47 391
47 567
48 482
48 102
48 469
49 873
49 310
49 708
50 76
50 16
51 104
51 486
51 925
51 871
51 528
51 220
51 12
51 475
52 67
52 80
52 845
52 55
53 140
53 940
53 431
54 256
54 265
54 893
54 206
55 616
55 716
55 293
55 332
55 558
55 494
55 852
55 226
55 468
56 263
56 128
56 252
57 517
57 646
57 462
57 571
57 414
57 787
57 921
57 158
57 524
57 643
57 231
57 763
58 33
58 208
58 264
59 311
59 410
59 208
59 798
59 943
60 100
60 132
60 304
60 52
60 756
60 172
60 836
60 468
61 362
61 144
61 909
61 227
62 931
62 395
62 581
62 912
62 697
62 922
62 5
62 533
63 214
63 166
63 305
64 713
64 593
64 241
64 812
64 859
64 472
65 411
65 23
65 443
65 932
65 250
65 895
66 335
66 18
66 135
66 432
66 348
67 163
67 237
67 59
67 359
67 426
68 627
68 976
68 480
68 621
68 26
68 312
68 193
69 602
69 707
69 254
69 886
69 489
70 794
70 807
70 915
70 922
70 159
70 649
70 932
70 195
71 573
71 469
71 49
71 77
71 419
71 157
71 794
71 196
71 905
72 23
72 751
72 605
72 555
72 199
72 902
72 374
72 818
73 35
73 677
73 569
74 612
74 182
74 646
75 749
75 970
75 922
75 168
75 858
75 448
75 318
76 442
76 664
76 295
76 976
76 56
76 325
76 869
76 111
77 667
77 421
77 15
77 213
77 971
77 377
77 449
78 397
78 171
78 442
78 720
78 657
78 984
78 967
79 658
79 345
79 850
80 425
80 559
80 823
80 504
80 176
81 329
81 318
81 160
81 997
81 946
81 517
82 429
82 708
82 616
82 63
82 712
82 816
83 804
83 655
83 738
84 755
84 305
84 132
84 470
84 525
84 501
84 314
85 481
85 660
85 192
85 134
85 287
85 633
85 350
86 100
86 462
86 841
86 304
86 199
86 604
86 804
87 714
87 760
87 437
87 647
87 364
87 138
87 982
87 374
88 658
88 600
88 289
88 21
88 811
88 29
89 111
89 883
89 724
90 165
90 826
90 163
90 319
90 87
91 386
91 175
91 678
92 159
92 201
92 376
92 402
92 812
92 717
92 470
92 396
93 162
93 835
93 882
93 828
93 355
93 571
93 661
94 144
94 185
94 313
94 631
94 592
94 637
94 979
95 846
95 732
95 231
95 587
95 474
96 180
96 344
96 969
96 718
96 126
96 870
96 340
96 904
97 975
97 21
97 189
97 369
97 213
97 487
97 172
97 72
97 644
98 693
98 499
98 157
99 631
99 941
99 988
99 499
99 671
99 29
99 155
100 497
100 486
100 369
100 205
100 704
100 727
100 343
101 298
102 479
102 723
102 689
102 878
102 326
102 821
103 121
103 42
103 76
103 627
104 206
104 491
104 432
104 771
104 162
104 665
105 18
105 974
105 538
105 123
105 9
106 443
106 427
106 688
106 969
106 755
106 61
106 981
106 763
106 830
106 311
106 907
106 201
106 91
107 406
107 719
107 734
108 784
108 860
108 644
108 457
108 65
108 714
108 265
108 495
108 288
109 672
109 83
109 968
109 73
109 37
109 997
109 880
109 944
109 654
109 301
109 677
110 346
110 307
110 864
110 789
110 889
111 561
111 265
111 719
111 604
111 422
111 381
112 965
112 677
112 132
112 921
112 373
112 1
112 538
113 590
113 576
113 910
113 439
113 217
113 3
113 249
113 824
113 922
113 62
113 405
114 91
114 727
114 20
115 13
115 105
115 654
115 374
115 354
115 429
115 345
115 639
116 729
116 549
116 809
116 989
116 599
117 784
117 330
117 124
117 438
117 212
117 66
117 848
118 872
118 230
118 670
118 931
118 577
119 156
119 586
119 503
119 308
119 239
119 867
119 157
120 848
120 397
120 932
120 713
120 735
120 65
120 889
120 455
121 546
121 548
121 96
121 540
122 96
122 935
122 896
122 257
122 258
122 760
122 770
122 81
123 458
123 304
123 468
123 96
123 907
123 582
124 110
124 997
124 526
124 586
124 482
124 403
125 120
125 207
125 984
125 439
125 409
125 443
125 688
125 153
125 681
125 167
125 513
126 400
126 164
126 269
126 933
127 458
127 343
127 947
127 629
128 967
128 748
128 764
128 49
129 503
129 728
129 594
129 227
129 921
129 883
129 33
129 678
129 581
129 142
129 382
130 309
130 524
130 249
131 451
131 781
131 2
131 198
131 396
132 539
132 924
133 827
133 272
133 19
133 510
133 391
134 394
134 123
134 631
134 625
135 890
135 510
135 520
135 78
135 319
135 732
135 753
136 280
136 755
136 983
137 143
137 804
137 979
137 260
137 160
137 855
137 504
137 548
137 557
138 387
138 755
138 43
138 499
138 366
138 512
138 862
138 146
138 932
138 349
138 72
138 152
139 742
139 210
140 884
140 567
140 685
140 628
140 47
141 828
141 789
141 105
141 439
141 651
141 201
141 974
141 591
142 256
142 266
142 862
142 670
143 402
143 976
143 605
143 502
143 6
143 195
144 242
144 704
144 502
144 646
144 262
144 17
144 764
144 674
144 476
144 385
145 722
145 3
145 514
145 865
145 727
145 259
145 533
145 298
145 329
145 984
146 45
146 20
146 107
147 148
147 689
147 872
147 685
147 141
147 598
147 97
147 887
147 41
147 463
148 343
148 956
148 589
148 432
148 406
148 139
148 230
148 457
148 53
148 689
148 94
148 627
149 776
149 816
149 819
149 657
149 852
150 88
150 91
150 35
150 629
150 828
150 373
151 423
151 737
151 986
151 810
151 145
151 274
152 123
152 183
152 899
153 495
153 123
153 828
153 846
153 497
153 614
153 947
153 241
153 884
153 820
154 375
154 352
154 996
154 230
154 676
154 777
154 627
155 998
155 1
155 384
155 817
155 228
155 238
156 585
156 643
156 88
157 893
157 1
157 838
157 663
157 806
157 929
157 518
158 618
158 201
158 971
158 423
158 414
158 599
158 180
159 420
159 507
159 970
159 974
159 437
159 849
160 304
160 934
160 985
160 868
160 979
160 929
160 991
160 526
161 690
161 513
161 736
161 962
161 954
161 629
161 997
162 34
162 507
162 670
162 793
162 493
162 350
163 165
163 238
163 782
163 233
164 622
164 358
164 494
164 338
164 727
164 928
164 993
164 492
165 932
165 996
165 689
165 160
166 752
166 465
166 380
166 297
167 186
167 263
167 65
167 917
168 794
168 917
168 481
168 978
169 915
169 702
169 760
169 121
169 398
169 693
169 572
170 802
170 486
170 149
170 26
170 718
171 672
171 571
171 933
171 196
171 800
171 833
171 849
171 408
172 754
172 310
172 750
172 756
172 682
172 849
172 332
173 524
173 670
173 775
173 928
174 405
174 247
174 546
174 207
175 834
175 93
175 136
175 164
175 367
176 653
176 381
176 436
177 314
177 537
177 241
177 899
177 38
177 506
178 510
178 237
178 963
178 740
178 183
178 415
178 881
179 806
179 361
180 114
180 969
180 932
180 572
180 732
181 553
181 890
181 239
181 991
182 804
182 608
183 25
183 541
183 548
183 831
183 227
183 928
184 165
184 756
184 838
184 91
184 424
184 231
185 386
185 387
185 735
185 686
185 738
185 618
185 280
185 418
185 156
186 632
186 512
186 991
186 660
187 274
187 175
187 28
187 965
188 212
188 248
188 708
188 156
188 314
188 247
188 112
188 281
188 343
188 348
188 788
189 321
189 326
189 731
189 564
189 368
189 97
190 609
190 511
190 706
190 779
190 162
190 203
191 869
191 241
191 10
191 858
191 716
191 381
191 307
192 217
192 908
192 134
192 302
192 930
192 664
192 714
192 742
193 38
193 489
193 857
193 460
193 117
193 11
194 447
194 424
194 87
194 147
194 608
194 737
194 104
194 200
194 230
194 310
195 730
195 295
195 371
195 27
195 986
195 722
196 637
196 783
196 90
196 303
196 237
196 676
196 10
196 893
196 20
197 142
197 336
197 392
198 388
198 753
198 674
198 980
198 114
198 437
198 254
199 405
200 406
200 980
200 670
200 34
200 609
201 602
201 722
201 749
201 934
201 362
201 962
201 258
201 73
201 889
201 373
202 722
202 201
202 401
202 641
202 939
203 250
203 964
203 421
203 469
203 818
203 804
204 795
204 3
204 470
204 673
204 992
204 87
204 696
204 425
204 560
204 335
205 66
205 802
205 624
205 360
205 618
206 272
206 151
206 159
206 0
206 606
206 167
207 594
207 333
207 735
208 728
208 137
208 194
208 782
208 162
208 200
209 568
209 334
209 412
210 786
210 117
210 658
210 920
211 862
211 542
211 497
212 764
212 249
212 295
212 571
212 403
212 152
212 129
212 448
212 708
213 892
213 494
213 388
213 263
213 305
213 208
214 786
214 588
214 414
214 528
214 801
214 339
215 557
215 643
215 393
215 82
215 830
215 954
216 703
216 999
216 643
216 287
216 84
216 3
216 733
217 698
217 3
217 841
217 653
217 161
217 30
217 542
217 43
217 268
218 868
218 405
218 787
218 906
218 926
218 828
218 942
218 477
219 725
219 917
219 396
219 476
219 854
219 930
219 158
219 460
219 108
219 6
220 288
220 5
220 601
221 74
221 119
221 601
221 919
221 731
221 535
222 316
222 913
222 784
222 159
223 891
223 762
223 346
223 561
223 516
224 360
224 276
224 52
224 874
224 938
224 737
224 499
224 559
225 12
225 379
225 209
226 634
226 94
226 819
226 403
226 974
226 886
226 111
226 839
226 572
226 436
226 502
226 897
227 297
227 901
227 605
227 360
227 293
227 57
227 473
227 239
227 815
227 507
228 231
228 432
228 168
228 494
228 224
229 826
229 397
229 734
229 532
229 845
229 632
229 335
230 813
230 423
230 717
230 644
230 631
230 814
230 229
230 664
230 684
231 735
231 280
231 966
231 608
231 144
231 958
231 643
232 519
232 825
232 469
232 948
232 205
232 166
232 114
232 833
232 807
232 294
232 871
232 837
233 505
233 414
234 605
234 646
234 887
234 274
235 571
235 641
235 248
235 991
236 268
236 568
236 419
236 932
236 646
236 65
236 57
237 134
237 525
237 340
237 210
237 38
237 837
237 91
238 294
238 670
238 36
238 429
239 440
239 331
239 366
239 546
239 789
239 497
240 231
240 146
240 388
240 557
240 454
240 391
240 440
240 214
240 614
240 476
240 887
241 635
241 397
241 58
241 787
241 121
241 532
242 794
242 479
242 806
243 888
243 281
243 706
243 870
244 521
244 14
244 531
244 753
245 860
245 46
245 485
245 193
245 428
245 384
245 896
246 494
246 84
246 323
246 666
246 886
246 439
247 132
247 743
247 11
247 477
247 920
247 414
247 295
247 979
247 181
247 664
248 704
248 387
248 308
248 15
249 991
249 121
250 518
250 175
250 882
250 202
250 559
250 81
250 203
251 830
251 503
251 428
251 276
252 889
252 595
253 407
253 551
253 870
253 257
254 873
254 216
254 437
254 156
255 25
255 944
255 775
255 632
255 654
255 425
255 329
255 507
255 759
255 680
255 733
256 349
256 370
256 786
256 356
256 905
256 835
256 444
256 1
256 523
257 239
257 346
257 109
257 113
257 156
257 563
257 150
258 84
258 750
258 447
258 715
258 159
258 11
258 768
258 254
259 957
259 273
259 825
259 663
259 947
260 664
260 991
261 670
261 142
261 816
261 547
262 384
262 165
262 432
262 637
262 449
262 566
262 254
263 754
263 39
263 615
263 231
263 666
263 721
263 759
263 870
263 27
264 955
264 423
264 764
264 489
264 49
264 476
264 287
265 322
265 888
265 260
265 677
265 671
265 574
266 806
266 767
266 313
266 882
266 613
266 333
266 601
267 258
267 749
267 930
267 600
268 566
268 380
268 86
268 521
268 550
268 881
268 965
268 102
268 207
268 681
269 413
269 88
269 358
269 670
270 380
270 594
270 706
270 73
270 173
271 10
271 337
271 97
271 182
271 562
271 820
271 452
271 997
271 581
272 868
272 656
272 318
273 855
273 508
273 539
273 793
273 182
273 310
274 470
274 33
275 326
275 516
275 178
275 23
275 262
275 113
275 185
276 470
276 592
276 154
276 677
276 361
276 602
276 193
276 728
276 27
276 630
277 831
277 906
277 645
277 744
277 751
277 708
278 837
278 773
278 785
278 549
278 406
278 265
278 11
278 300
278 664
279 0
279 168
279 533
279 772
279 678
279 99
279 847
279 589
279 425
280 18
280 954
280 833
280 591
280 986
280 66
280 0
280 157
280 886
281 959
281 25
281 985
281 282
281 531
282 422
282 290
282 382
282 698
282 314
282 767
282 606
282 815
283 914
283 245
284 995
284 744
284 813
284 242
285 154
285 838
285 238
285 848
285 752
285 951
285 552
285 593
286 559
286 441
286 753
286 924
286 142
286 588
286 223
286 504
287 481
287 395
287 875
287 752
287 705
287 900
287 256
287 874
287 282
287 46
288 470
288 882
289 575
289 483
289 831
289 104
289 581
289 398
290 324
290 201
290 96
290 6
290 223
290 504
290 101
290 751
291 355
291 906
291 871
291 344
291 479
291 92
291 508
292 408
292 413
292 927
292 333
293 65
293 487
293 150
293 78
293 391
293 435
293 281
294 83
294 207
294 150
294 797
295 354
295 98
295 49
295 620
296 719
296 604
297 346
297 114
297 686
297 374
297 130
297 938
297 742
297 744
297 552
297 685
298 59
298 323
298 275
298 753
299 784
299 284
299 175
299 66
300 271
300 89
300 198
300 363
300 949
301 24
301 869
301 332
301 547
302 623
302 962
302 248
302 722
302 407
302 776
302 60
303 237
303 960
303 274
303 204
304 127
304 118
304 761
305 999
305 629
305 204
305 771
306 666
306 357
306 490
306 493
306 5
306 232
307 396
307 294
307 478
307 246
307 416
307 247
307 651
307 988
307 458
307 116
308 722
308 372
308 692
308 402
308 2
308 967
308 590
308 353
308 908
308 948
308 465
308 750
309 639
309 519
309 14
309 141
309 626
309 646
309 47
309 382
310 174
310 794
311 126
311 438
311 523
311 332
311 218
311 664
311 720
311 432
311 686
311 808
312 493
312 304
312 517
312 124
312 971
312 921
312 671
313 208
313 678
313 91
313 542
314 445
314 197
315 741
315 286
315 700
315 80
315 526
315 202
315 730
315 54
315 643
315 380
316 974
316 2
316 769
316 148
316 906
316 674
317 313
317 318
317 211
317 894
317 782
317 800
318 121
318 407
318 139
318 338
318 175
318 330
318 876
319 534
319 657
319 482
319 29
319 899
319 459
319 27
320 349
320 841
320 985
320 41
320 323
320 524
320 691
321 532
321 488
321 781
321 626
321 708
321 93
321 244
322 219
322 208
322 905
322 888
322 832
322 588
322 791
322 264
323 455
323 817
324 701
324 540
324 682
324 791
324 862
324 240
325 781
325 65
325 651
325 794
325 578
325 703
326 303
326 323
326 428
326 271
326 574
326 736
326 167
326 709
326 417
326 919
326 884
327 819
327 470
327 520
327 975
327 200
327 998
327 780
328 961
328 608
328 82
328 456
328 884
328 837
328 887
328 110
328 256
329 196
329 21
330 473
330 909
330 432
330 552
330 512
330 59
330 136
330 758
330 299
331 187
331 691
331 208
331 374
331 917
331 885
331 348
331 54
332 47
332 345
332 100
333 988
333 720
333 783
333 780
333 348
333 556
333 113
334 368
334 695
334 200
334 182
334 496
334 812
334 382
334 980
334 994
335 421
335 931
335 501
335 975
335 544
335 742
335 571
335 251
335 731
335 919
335 35
336 517
336 175
336 606
336 808
336 199
336 962
336 259
337 980
338 628
338 498
338 149
338 940
338 743
338 307
338 630
338 262
338 315
338 960
338 173
339 40
339 375
339 762
339 318
339 212
339 291
339 812
340 159
340 313
340 91
340 979
340 99
341 20
341 241
341 399
341 691
341 559
342 560
342 837
342 222
342 645
342 936
342 73
342 321
342 971
342 864
343 313
343 309
343 532
343 184
344 685
344 49
344 864
344 607
345 774
345 919
345 960
346 332
346 547
346 421
346 520
347 966
347 16
347 601
347 984
347 61
348 661
348 260
348 36
348 203
349 268
349 632
349 296
349 383
349 887
349 910
349 922
349 829
349 580
349 332
349 339
350 530
350 905
350 654
350 620
351 809
351 966
351 929
351 499
351 779
352 515
352 223
352 401
352 295
352 828
352 464
352 875
352 678
352 310
353 830
353 399
353 274
353 625
353 578
353 307
353 624
354 293
354 982
354 224
354 896
354 515
354 883
354 832
354 921
354 905
354 22
355 915
355 307
355 791
356 234
356 510
356 549
356 624
356 323
356 914
356 275
356 194
356 252
357 769
357 510
357 697
357 855
357 936
358 854
358 823
358 501
358 429
358 798
358 558
359 178
359 293
359 274
359 859
359 412
359 172
360 914
360 476
360 306
360 794
360 903
360 835
360 0
361 835
361 817
361 615
361 822
361 828
361 216
361 622
361 590
361 400
361 476
361 647
362 849
362 16
362 200
362 952
362 118
362 114
362 975
362 242
363 665
363 192
363 471
363 674
363 652
363 263
363 593
364 201
364 554
364 75
364 873
365 700
365 167
365 241
365 677
365 239
366 144
366 160
366 440
366 563
366 2
367 815
367 471
367 335
367 54
368 68
368 79
368 479
368 619
369 449
369 939
369 343
369 318
369 152
369 87
369 418
369 541
369 732
369 481
369 35
370 653
370 117
370 187
370 318
370 507
370 660
370 158
370 831
370 481
370 947
370 946
371 185
371 804
371 812
371 661
371 393
372 346
372 999
372 116
372 665
372 898
372 25
372 1
373 820
373 921
374 451
374 137
374 324
374 398
374 854
374 958
374 187
375 243
375 839
375 120
375 206
375 98
375 180
376 747
376 371
376 483
376 479
376 406
376 630
376 977
377 891
377 203
377 917
377 696
377 792
377 669
377 361
377 772
378 841
378 717
378 748
378 999
378 152
379 363
379 653
379 556
379 271
379 211
379 880
380 275
380 319
380 804
380 363
380 843
380 973
381 928
381 207
381 942
381 481
381 23
381 322
381 701
382 602
382 922
382 537
382 259
382 524
383 721
383 474
383 855
383 805
383 110
383 8
384 899
384 907
384 700
384 262
384 556
384 749
385 356
385 721
385 181
386 526
386 790
386 279
386 235
386 1
386 932
386 730
386 199
386 404
386 312
387 244
387 647
387 574
387 67
387 262
387 185
387 873
387 911
387 49
387 734
387 686
388 272
388 734
388 465
388 490
389 697
389 896
389 619
389 364
389 312
389 378
389 80
389 351
390 126
390 360
390 8
390 320
391 853
391 186
391 432
391 428
391 926
391 85
392 132
392 596
392 472
392 524
392 727
392 837
392 797
393 840
393 25
393 607
394 329
394 507
394 429
394 530
394 312
395 124
395 999
395 373
395 157
395 16
395 281
395 476
396 640
396 487
396 142
396 707
396 78
397 424
397 531
398 963
398 271
398 870
398 825
399 231
399 508
399 747
399 838
399 799
400 167
400 634
401 538
401 370
401 468
401 878
401 584
402 518
402 445
402 67
402 961
402 798
402 457
402 79
403 223
403 497
403 198
403 813
403 920
403 635
403 163
404 965
404 931
404 7
404 631
404 917
404 285
404 243
404 203
404 860
405 437
405 384
405 455
405 791
405 396
405 742
405 217
405 974
405 507
405 467
405 653
405 604
405 816
405 282
406 489
406 191
406 621
406 765
406 330
406 239
406 334
406 895
406 749
407 190
407 759
407 600
407 982
407 39
408 394
408 0
408 421
408 648
408 193
408 386
408 135
409 832
409 519
409 530
409 127
409 834
409 347
409 289
409 543
409 701
409 886
409 737
410 576
410 630
410 231
410 116
410 230
411 219
411 103
411 324
411 409
411 114
412 340
412 218
412 682
412 163
412 658
412 886
412 899
412 221
413 153
413 124
413 876
413 488
413 58
413 803
413 747
414 895
414 306
414 65
414 974
414 658
414 931
415 412
415 965
415 916
415 300
415 961
415 340
415 263
415 284
416 947
416 203
416 208
416 223
416 116
416 878
416 454
416 329
416 864
417 764
417 910
417 129
418 782
418 276
418 83
418 540
418 236
418 52
418 718
418 169
418 514
419 877
419 540
419 85
419 678
419 511
419 83
419 829
419 723
420 899
420 393
420 189
420 808
420 703
420 350
420 194
421 6
421 163
422 3
422 761
422 792
422 203
422 166
422 527
422 10
423 780
423 91
423 201
423 787
423 385
423 667
423 991
423 417
423 861
424 390
424 820
424 378
424 379
424 366
424 309
424 947
424 942
424 248
425 291
425 466
425 973
425 84
425 759
425 245
425 426
426 839
426 48
426 87
426 899
426 216
426 89
426 249
427 687
427 665
427 299
427 604
427 409
427 643
427 616
428 211
428 46
428 8
429 730
429 514
429 950
429 355
429 813
429 584
429 613
429 717
429 834
430 54
430 691
430 326
430 260
430 29
431 224
431 56
431 53
431 43
432 587
432 62
432 296
432 756
433 303
433 308
433 955
433 239
433 628
433 695
433 976
433 618
433 62
433 185
433 666
434 729
434 629
434 918
434 491
434 942
434 794
434 153
434 844
434 810
435 262
435 348
435 657
435 120
436 774
436 406
436 514
436 788
436 498
436 478
436 257
437 819
437 583
437 635
437 31
437 870
438 288
438 514
438 860
438 658
438 390
438 316
438 455
438 568
439 63
439 404
439 560
439 453
439 18
439 970
440 865
440 852
440 647
440 770
440 791
441 833
441 967
441 331
441 562
441 256
441 806
442 329
442 102
442 26
442 558
443 128
443 54
443 962
443 715
443 755
443 947
444 168
444 279
444 778
444 744
444 800
444 151
445 929
445 931
445 427
445 833
446 456
446 286
446 823
446 724
446 558
446 709
446 639
447 500
447 618
447 960
447 483
448 110
448 195
448 189
448 12
449 644
449 615
449 217
449 300
449 904
449 127
450 850
450 816
450 908
450 319
450 236
450 29
450 966
450 205
450 818
450 710
450 583
451 826
451 522
451 36
452 903
452 930
452 334
452 297
452 613
452 980
452 425
452 204
453 988
453 411
453 744
453 550
453 521
454 886
454 754
454 212
454 452
454 101
454 576
455 364
455 568
455 707
455 716
455 63
455 962
455 347
456 673
456 892
456 127
456 670
456 755
456 518
457 183
457 359
457 289
457 637
457 642
457 975
458 716
458 370
458 692
458 684
458 912
458 535
458 542
459 545
459 408
459 172
459 866
460 225
460 227
460 380
460 438
460 294
460 860
460 956
460 874
460 889
461 432
461 945
461 113
461 390
461 153
462 155
462 498
462 562
462 681
462 510
462 178
462 661
463 183
463 840
463 597
463 11
463 389
463 992
464 150
464 830
464 393
464 873
465 678
465 909
466 184
466 876
466 799
466 294
466 200
466 359
466 36
467 52
467 936
467 424
467 592
467 397
467 373
467 262
467 669
468 217
468 708
468 931
468 183
468 260
468 717
469 643
469 18
469 14
469 325
470 131
470 561
470 386
470 962
470 845
471 904
471 207
471 600
471 627
471 524
472 136
472 667
472 575
472 984
473 127
473 544
473 430
473 582
473 217
473 857
473 577
474 56
474 382
474 888
474 985
474 914
474 335
474 964
474 463
475 713
475 869
475 688
476 491
476 163
476 834
476 863
476 553
476 160
476 873
476 212
476 856
477 280
477 750
477 754
477 881
477 927
477 204
477 943
477 947
477 935
477 978
477 198
478 196
478 193
478 272
478 662
479 194
479 108
479 533
479 428
479 313
479 942
479 672
479 158
479 626
480 519
480 239
480 723
480 968
480 42
481 526
481 615
481 918
481 270
481 756
481 5
481 172
481 168
481 215
482 658
482 238
482 118
482 388
482 564
482 926
482 152
482 869
482 629
483 787
483 768
483 395
483 390
483 877
483 399
483 385
483 533
483 116
484 724
484 574
484 196
484 711
484 985
484 993
484 880
484 164
484 81
485 177
485 419
485 726
485 113
485 250
485 218
486 739
486 583
486 377
486 242
486 212
486 684
487 676
487 53
487 711
487 766
487 297
487 335
487 214
488 716
488 504
488 500
488 197
488 645
489 171
489 456
489 276
489 149
489 696
489 278
489 606
490 206
490 363
490 440
490 826
490 238
490 383
490 916
490 759
490 928
490 0
490 896
491 100
491 448
491 177
491 936
491 819
492 367
492 370
492 656
492 582
492 475
492 485
492 389
493 861
493 331
493 539
493 851
493 7
494 486
494 43
494 563
494 326
494 6
495 981
495 252
495 790
496 861
496 154
496 219
496 251
496 777
496 144
496 50
496 409
496 544
497 40
497 366
497 606
497 245
497 599
497 327
497 148
497 261
497 421
497 420
497 278
497 463
497 196
498 452
499 546
499 798
499 851
500 79
500 169
500 160
500 589
500 989
500 246
500 717
501 316
501 995
501 45
501 739
501 453
501 961
502 940
503 147
503 472
503 892
503 458
503 322
503 584
503 386
504 599
504 43
504 534
504 624
504 75
505 641
505 676
505 763
505 869
505 298
505 405
505 176
505 549
505 316
506 525
506 298
506 296
506 139
506 176
506 557
506 514
507 300
507 290
507 633
507 550
507 385
508 157
508 533
508 930
508 752
508 913
508 602
508 421
509 361
509 767
509 333
509 22
510 682
510 160
510 597
510 496
510 537
511 928
511 725
511 614
511 279
511 823
511 985
511 613
511 445
511 808
512 504
512 468
512 234
512 895
512 487
513 264
513 663
513 21
513 990
513 42
514 12
514 407
514 626
514 419
514 876
514 616
515 154
515 774
515 738
515 177
515 110
515 762
515 587
515 488
515 137
515 216
516 211
516 210
516 72
516 891
516 154
516 596
517 657
517 986
517 171
517 489
517 396
517 689
518 45
518 846
518 833
518 920
519 458
519 52
519 172
519 590
519 698
520 760
520 430
520 798
520 202
520 481
520 178
521 575
521 586
521 954
521 372
521 488
521 251
522 936
522 710
522 579
522 165
522 478
523 94
523 329
523 186
523 475
523 730
523 771
523 275
523 935
523 525
523 942
524 775
524 607
524 937
524 836
524 150
524 918
525 260
525 398
525 462
525 498
525 455
526 665
526 738
526 902
526 315
526 350
526 221
526 637
526 793
527 63
527 791
527 760
528 778
528 172
528 87
529 880
529 567
529 620
529 83
529 88
529 117
529 952
529 573
530 825
530 9
530 501
530 688
530 511
530 43
530 133
530 483
531 869
531 809
531 402
531 613
531 99
531 740
532 952
532 27
532 815
532 112
532 479
533 656
533 198
533 337
533 935
533 310
533 771
533 553
533 472
533 338
534 302
534 807
534 925
534 765
534 594
534 1
534 771
534 742
534 970
535 194
535 325
535 452
535 409
535 453
536 781
536 990
536 592
536 796
536 627
536 416
537 389
537 345
537 961
537 692
537 614
537 470
538 697
538 81
538 297
538 788
539 446
539 260
539 457
539 323
539 585
540 396
540 10
540 988
540 858
541 529
541 245
541 525
541 607
541 933
541 12
541 399
541 974
541 932
541 410
541 813
542 239
542 855
542 559
542 107
542 580
543 825
543 472
543 125
544 200
544 376
544 540
544 35
544 160
544 352
545 184
545 304
545 597
545 142
545 669
545 397
545 852
545 919
545 264
546 418
546 785
546 998
547 208
547 695
547 566
547 604
547 981
548 702
548 729
548 581
548 268
548 936
548 162
548 735
548 796
548 522
549 124
549 428
549 974
549 889
550 717
550 655
550 283
550 191
550 626
551 571
551 294
551 876
551 257
551 458
551 858
551 767
551 228
551 365
551 68
552 732
552 513
552 475
552 105
552 486
553 434
553 766
553 356
553 969
553 527
553 956
553 613
553 97
554 557
554 24
554 22
555 229
555 532
555 728
555 952
555 569
555 942
556 579
556 695
556 878
556 765
556 654
556 542
556 40
557 390
557 873
557 933
557 411
558 65
558 441
558 852
558 158
558 346
558 136
559 9
559 0
559 129
559 924
559 675
560 354
560 258
560 861
560 359
560 0
560 480
561 831
561 67
561 256
561 454
561 975
562 206
562 209
562 474
562 500
562 204
563 575
563 588
563 747
563 611
563 940
563 498
564 849
564 214
564 344
564 300
564 448
564 777
564 388
564 99
564 713
565 395
565 98
565 591
565 763
565 724
565 666
565 514
566 766
566 99
566 572
566 922
566 86
566 213
567 295
567 515
567 297
567 366
567 417
568 476
569 424
569 966
569 787
569 216
569 126
569 911
569 229
569 90
569 500
569 351
570 153
570 456
570 47
570 881
570 317
570 383
570 147
570 461
570 551
570 133
571 372
571 3
571 545
571 332
572 95
573 191
573 502
573 486
573 428
573 126
573 422
573 233
573 410
573 605
574 32
574 824
575 829
575 166
575 89
575 954
576 32
576 271
576 764
576 995
576 955
576 245
576 63
576 621
576 878
577 143
577 664
577 112
577 408
577 816
577 133
577 822
577 694
577 472
577 402
577 659
577 967
577 854
578 212
578 822
578 799
579 178
579 322
580 86
580 708
580 799
580 547
580 517
580 167
580 188
580 487
580 200
581 999
581 766
581 860
581 733
582 495
582 505
582 702
582 120
582 589
582 220
582 423
582 124
582 733
583 970
583 765
583 42
583 392
584 589
584 470
584 981
584 147
584 83
584 516
584 612
584 567
585 295
585 827
585 166
585 666
585 48
586 663
586 708
586 426
587 821
587 934
587 927
587 456
587 81
587 512
587 288
587 454
587 720
587 137
587 913
587 336
587 431
588 183
588 747
588 593
588 537
588 698
588 779
588 526
588 149
589 455
589 917
589 159
589 83
589 218
590 217
590 288
590 889
590 9
590 394
590 820
590 229
591 783
591 466
591 708
591 650
591 601
591 766
591 353
591 234
592 160
592 300
592 181
593 373
593 199
593 471
594 758
594 166
594 735
594 207
594 307
594 500
594 991
594 576
595 207
595 522
595 667
595 184
596 133
596 13
596 27
596 62
596 44
596 337
597 641
597 859
597 143
598 430
598 374
598 204
598 164
598 247
599 176
599 205
599 137
599 970
600 312
600 200
600 464
600 721
600 399
600 228
600 42
601 423
601 415
601 127
602 686
602 864
602 405
602 380
602 291
602 438
602 723
602 268
602 199
603 966
603 75
603 952
603 507
603 651
603 554
604 658
604 440
604 919
604 425
605 678
605 127
605 755
605 431
605 914
605 745
606 978
606 435
606 251
606 923
607 934
607 212
607 782
607 695
607 919
607 629
607 806
607 153
608 326
608 900
608 591
608 788
608 10
609 988
609 618
610 991
610 866
610 236
610 955
610 158
610 109
610 706
610 590
610 754
610 465
611 295
611 15
611 419
611 444
612 119
612 723
612 968
612 857
612 457
612 331
613 3
613 91
613 947
613 388
613 480
613 494
613 978
614 607
614 354
614 57
614 743
614 652
614 54
614 901
615 809
615 548
615 910
615 224
615 4
615 108
615 165
615 618
616 560
616 965
616 726
616 590
616 831
616 793
616 620
617 906
617 259
617 451
617 700
617 694
617 523
617 564
618 685
618 294
618 652
618 87
618 937
619 505
619 341
619 751
619 330
619 575
620 102
620 891
620 124
620 579
621 379
621 979
621 332
621 568
621 200
621 497
621 773
622 684
622 757
622 20
622 7
622 782
622 990
623 384
623 968
623 8
623 856
623 640
623 500
623 43
624 117
624 12
624 194
624 979
624 752
624 242
624 989
624 49
625 198
625 911
625 509
625 134
625 350
625 535
625 733
626 963
626 407
626 411
626 630
626 109
626 620
626 241
626 531
626 435
626 977
627 337
627 574
627 508
627 617
627 350
627 694
628 902
628 63
628 976
628 95
628 929
629 387
629 747
630 947
630 475
630 206
631 3
631 988
632 391
632 971
632 362
632 736
632 17
632 858
632 433
632 475
633 709
633 144
633 23
633 154
633 382
633 754
633 563
634 645
634 824
634 776
634 191
634 290
634 312
634 128
634 552
635 887
635 618
635 584
635 56
635 793
635 261
635 335
636 245
636 470
637 593
637 267
637 727
637 714
637 69
637 711
637 353
638 251
638 973
638 84
638 920
638 409
638 766
639 533
639 968
639 299
639 346
639 757
639 200
640 248
640 718
640 280
640 853
640 878
641 862
641 478
641 44
641 103
641 864
641 41
641 428
641 209
641 423
642 631
642 579
642 649
642 52
642 272
642 638
642 269
642 1
642 163
642 697
643 345
643 282
643 218
643 478
643 742
644 81
644 572
644 112
644 606
644 45
644 759
644 998
644 611
644 433
644 599
644 384
644 417
645 708
645 755
645 639
645 597
645 373
645 319
645 182
645 448
645 429
645 32
645 30
645 114
646 124
646 333
646 918
646 174
646 716
646 644
646 88
646 206
646 41
647 563
647 135
647 690
647 528
647 606
648 904
648 965
648 632
648 678
648 935
648 277
648 588
649 846
649 531
649 803
649 958
649 166
649 716
650 270
650 251
650 446
650 545
650 223
650 94
650 919
650 727
650 197
651 340
651 524
651 555
651 690
651 11
651 20
651 259
651 773
651 153
651 733
652 173
652 884
652 401
652 429
652 478
653 356
653 898
653 267
653 954
654 666
654 734
654 303
654 998
655 573
655 129
655 88
655 629
655 805
655 249
655 165
655 390
655 477
656 537
656 570
656 59
657 909
657 394
657 901
657 680
657 659
657 547
657 736
657 51
657 785
657 93
658 897
658 246
658 575
658 764
658 180
658 647
658 74
658 35
659 61
659 860
659 620
660 445
660 479
660 335
660 739
660 383
661 994
661 33
661 797
661 285
661 457
661 344
661 839
661 484
661 136
661 112
661 117
661 309
662 900
662 326
662 124
662 887
663 771
663 592
663 759
663 693
663 711
664 433
664 776
664 25
664 579
664 105
664 616
665 356
665 475
665 712
665 381
665 472
665 321
666 515
666 10
666 728
666 141
666 729
667 62
667 711
667 418
667 863
668 874
668 997
669 658
669 318
669 820
669 791
669 643
669 344
669 531
669 84
670 809
670 819
670 406
670 995
670 820
671 367
671 114
671 457
671 807
671 804
671 188
671 445
671 57
672 508
672 512
672 852
672 454
672 329
672 390
672 96
672 693
672 49
672 737
673 235
673 522
673 868
673 96
673 117
673 407
673 874
673 972
673 427
674 37
674 941
674 903
674 53
674 595
675 698
675 112
675 237
675 18
675 991
676 286
676 104
676 971
676 329
677 363
677 627
677 998
677 68
677 942
677 73
678 47
678 310
678 910
678 477
678 984
678 450
678 240
679 929
679 182
679 97
679 436
680 98
680 470
680 865
680 552
680 409
680 293
680 361
681 697
681 614
681 213
681 633
681 467
681 549
681 299
681 490
681 336
681 52
682 886
682 686
682 918
682 671
682 912
682 659
682 298
682 485
683 167
683 742
684 99
684 585
684 645
684 687
684 373
684 602
684 800
684 407
685 456
685 700
685 800
686 542
686 984
686 459
686 907
686 695
687 780
687 723
687 588
688 699
688 907
688 707
689 7
689 264
690 218
690 394
690 747
690 829
690 834
690 976
690 854
691 127
691 324
691 512
691 466
691 306
691 824
692 717
692 790
692 962
692 499
692 977
692 581
692 640
692 633
692 290
693 101
693 638
693 455
693 496
693 516
693 353
693 833
693 304
694 579
694 865
694 701
694 348
694 279
694 618
695 412
695 6
695 971
695 843
695 129
695 158
695 943
695 802
695 344
696 993
696 365
696 296
696 35
697 614
697 890
697 544
697 87
697 291
697 726
697 50
697 487
697 634
698 216
699 595
699 823
699 223
699 284
700 80
700 102
700 134
700 873
700 806
700 60
700 843
700 396
700 151
701 762
701 712
701 450
701 446
701 460
702 942
702 877
702 222
702 350
702 911
702 260
702 743
703 218
703 924
703 294
703 71
704 13
704 156
704 770
704 912
705 365
705 713
705 329
705 915
705 665
705 207
706 767
706 76
706 906
706 78
707 825
707 372
707 767
707 913
707 270
707 25
707 848
708 898
708 21
708 328
708 899
709 711
709 175
710 23
710 339
711 367
711 935
711 191
711 73
711 778
712 682
712 173
712 597
712 970
712 553
713 844
713 180
713 323
713 770
714 57
714 902
714 561
714 708
714 206
714 830
714 667
715 264
715 946
715 539
715 102
715 81
715 200
715 643
715 867
715 55
715 505
715 524
716 570
716 4
716 245
716 161
717 98
717 399
717 308
717 316
717 580
717 891
717 983
717 256
717 596
717 641
718 327
718 290
718 324
718 665
718 452
718 527
718 1
718 179
718 157
719 745
719 486
719 52
719 682
720 663
720 709
720 467
720 208
720 83
720 784
720 941
720 482
720 221
720 376
720 213
720 724
721 420
721 472
721 49
721 798
721 17
721 929
721 237
721 908
721 825
722 896
722 60
722 251
722 644
722 880
723 379
723 353
723 683
723 237
723 839
724 699
724 829
724 178
724 953
724 209
724 177
725 382
725 189
725 601
725 281
725 984
725 248
725 110
725 260
726 301
726 402
727 906
727 528
728 783
728 418
728 305
728 905
728 547
728 85
728 553
728 6
729 586
729 159
729 834
729 412
729 40
729 515
730 313
730 308
730 238
730 980
730 408
730 144
731 241
731 187
731 254
731 250
731 311
731 306
731 488
731 384
731 264
731 580
731 319
732 257
732 89
733 24
733 306
733 657
733 401
734 967
734 532
734 705
734 355
735 657
735 972
735 411
735 337
735 852
735 599
735 987
735 258
735 419
735 171
735 971
735 15
735 79
736 522
736 944
736 152
736 374
736 742
736 165
737 417
737 4
737 36
737 307
737 853
737 70
737 607
737 102
738 877
738 617
738 556
738 526
738 487
738 450
738 381
739 993
739 207
739 729
739 593
740 522
740 759
741 584
741 875
741 314
741 975
742 478
742 535
742 717
742 164
742 974
742 741
742 355
742 44
743 528
743 51
743 986
743 884
743 327
743 307
743 143
744 410
744 635
744 63
744 912
744 480
744 865
744 801
744 412
744 736
744 868
745 180
745 277
745 847
746 731
746 225
746 395
746 650
747 821
747 466
747 90
747 384
747 511
747 141
747 905
747 375
747 477
747 523
748 132
749 284
749 44
749 754
749 805
750 193
750 861
750 421
750 320
750 726
750 117
750 357
751 184
751 420
751 216
751 569
751 792
751 146
751 362
751 312
751 384
752 34
752 768
752 881
752 474
753 802
753 421
753 98
753 673
754 669
754 769
754 68
754 996
754 400
754 391
755 20
755 781
755 107
756 114
756 433
756 623
756 216
757 828
757 328
757 182
757 101
757 228
757 61
757 808
757 123
757 517
757 631
757 103
758 729
758 772
758 994
758 648
758 545
759 59
759 454
759 488
759 90
759 805
759 352
759 757
760 598
760 532
760 711
760 388
760 68
761 159
761 754
761 319
761 568
761 216
761 953
762 889
762 964
762 650
762 718
762 727
762 469
762 799
762 643
763 992
763 753
763 590
763 702
763 426
764 588
764 21
764 910
764 44
764 756
764 222
765 749
765 179
765 268
765 986
765 787
765 626
765 36
765 727
766 308
766 572
766 777
766 613
766 250
766 642
766 144
766 657
766 234
767 641
767 777
767 911
767 256
767 582
767 216
767 280
767 385
767 55
767 797
767 473
768 129
768 984
768 400
768 533
768 138
768 992
768 880
768 657
768 624
768 365
769 263
769 14
769 648
769 324
769 624
769 774
770 548
770 4
770 223
770 386
770 783
770 823
770 402
770 997
770 789
770 607
770 633
771 459
771 300
771 246
771 653
771 319
771 62
771 680
772 579
772 156
772 145
772 201
772 488
772 453
773 388
773 390
773 945
773 232
774 784
774 808
774 508
774 807
774 714
774 963
774 993
775 686
775 940
775 486
775 357
775 896
775 718
776 825
776 772
776 112
777 539
777 906
777 943
777 365
777 73
777 491
777 272
777 770
777 428
778 509
778 695
778 41
778 93
779 652
779 618
779 358
779 174
779 896
779 229
780 805
780 643
780 490
780 725
780 345
780 252
780 558
780 697
781 927
781 65
781 436
781 434
781 573
781 639
782 84
782 539
782 966
782 641
783 31
783 598
783 518
783 995
783 280
784 273
784 233
784 355
784 568
784 544
784 241
784 927
785 221
785 660
785 224
785 5
785 665
785 99
785 874
785 222
786 983
786 289
786 533
786 242
787 641
787 93
787 361
787 948
787 9
787 584
788 774
789 887
789 222
789 802
789 29
789 75
789 796
789 471
789 694
790 279
790 356
790 708
790 767
791 672
791 136
791 723
791 526
791 233
791 54
791 755
791 425
792 739
792 945
792 766
792 685
792 677
793 380
793 864
793 684
793 199
793 996
794 506
794 979
794 636
794 26
795 531
795 299
795 682
795 160
795 617
795 975
795 484
796 331
796 747
796 313
796 619
796 554
796 869
796 932
797 916
797 822
797 495
797 768
797 705
797 831
798 498
798 638
798 352
798 442
798 627
798 609
799 591
799 468
799 270
799 716
799 73
799 140
799 152
799 318
800 618
800 941
800 266
800 460
800 36
800 977
800 728
800 259
800 623
801 402
801 333
801 393
801 263
801 440
801 369
802 365
802 509
802 753
803 807
803 59
803 290
803 879
804 866
804 548
804 985
804 634
804 260
804 252
804 576
804 256
804 61
804 50
805 411
805 107
805 428
805 280
805 980
805 233
805 22
805 540
805 690
805 662
806 94
806 643
806 518
806 334
806 899
806 753
806 538
806 554
806 800
806 329
806 381
807 413
807 351
807 379
807 713
807 813
807 695
807 947
807 230
807 544
807 169
808 569
808 690
808 870
808 799
808 579
808 539
809 136
809 924
809 596
809 163
809 518
809 655
810 603
810 869
810 29
810 691
811 167
811 216
811 257
811 235
812 630
812 259
812 916
812 215
812 374
812 837
812 613
812 213
813 627
813 396
813 368
813 467
813 616
813 950
813 925
813 80
813 602
814 662
814 331
814 348
814 36
814 372
815 390
815 43
815 802
815 362
816 455
816 769
816 338
816 219
816 250
816 86
816 109
817 231
817 213
817 106
817 434
817 717
817 536
817 365
818 173
818 920
819 602
819 120
819 51
819 642
819 954
819 704
819 822
819 332
819 93
819 293
819 994
820 618
820 599
820 782
820 330
821 279
821 664
821 379
821 463
822 795
822 981
822 923
822 477
822 682
822 217
822 34
823 789
824 124
824 770
824 37
824 256
824 327
824 246
824 697
824 115
825 672
825 721
825 570
825 607
825 604
825 540
826 647
826 173
827 184
827 771
827 286
827 678
828 128
828 265
828 645
828 117
828 832
828 228
828 133
828 659
829 233
829 883
829 778
829 28
829 58
829 448
829 258
829 473
829 60
829 426
829 253
830 904
830 54
830 941
830 358
830 749
831 673
831 823
831 745
832 298
832 703
832 562
832 464
832 94
832 567
833 251
833 223
833 492
833 791
833 658
833 158
833 675
833 335
833 364
834 795
834 685
835 356
835 464
835 698
835 934
835 966
836 380
836 598
836 406
837 542
837 492
837 332
838 278
838 882
838 326
838 644
838 96
838 111
839 46
839 892
839 584
839 680
839 538
839 577
839 51
839 69
839 142
840 645
840 757
840 791
840 827
840 794
841 755
841 389
841 882
841 594
842 953
842 337
842 563
842 603
842 97
842 606
843 610
843 796
844 341
844 804
844 519
845 980
845 613
845 17
845 591
846 563
846 109
846 914
847 420
847 190
847 439
847 756
848 127
848 798
848 940
848 805
848 531
848 838
848 630
848 393
848 191
849 474
849 733
849 268
849 749
849 453
849 926
849 900
850 599
850 564
850 612
850 400
850 720
850 120
850 179
851 71
851 230
851 495
851 988
851 160
851 422
851 107
851 931
851 268
851 563
852 352
852 783
852 275
852 569
852 796
852 175
853 235
853 5
853 937
853 616
853 140
853 230
854 669
854 985
854 335
854 15
854 50
854 144
854 978
854 654
854 983
855 352
855 285
855 223
855 741
855 683
855 489
855 606
855 29
855 433
856 166
856 931
856 85
856 353
857 123
857 364
857 514
858 279
858 359
858 606
858 824
858 894
858 244
858 812
858 485
859 669
859 398
859 570
859 51
859 476
859 424
859 960
859 978
860 615
860 985
860 826
860 906
860 431
860 314
860 536
860 343
861 993
861 784
861 139
861 418
861 619
861 883
861 375
861 978
861 867
861 960
862 348
862 151
862 679
862 357
862 307
862 906
862 47
862 903
862 422
862 115
863 929
863 259
863 313
863 987
863 602
863 349
863 199
863 217
864 98
864 816
864 97
864 137
864 470
865 377
865 855
865 447
865 813
865 717
865 254
865 653
866 900
866 658
866 586
867 382
867 539
867 288
867 897
867 361
867 227
867 171
867 918
868 497
868 952
868 129
868 161
868 440
869 192
869 22
869 611
869 959
869 140
869 139
869 421
869 836
869 236
869 502
869 423
869 383
870 370
870 60
870 796
870 456
870 26
870 233
870 319
870 50
871 242
871 182
871 916
871 573
871 644
871 426
871 769
871 666
872 336
872 543
872 965
872 860
872 780
873 574
873 475
873 922
873 440
873 53
873 140
873 987
873 453
874 550
874 402
874 71
874 494
874 313
874 182
875 3
875 115
875 505
875 718
875 583
875 52
875 614
875 913
875 483
876 779
876 72
876 830
876 820
876 824
876 968
876 399
876 396
876 402
877 54
877 643
877 735
877 267
877 308
877 120
878 5
878 898
878 725
878 282
878 802
878 783
879 934
879 409
879 210
879 118
880 61
880 780
880 706
880 998
880 749
880 342
881 343
881 206
881 513
881 542
881 904
881 324
881 214
881 964
882 866
882 568
882 622
882 268
882 814
882 897
883 399
883 302
883 49
883 398
884 488
884 860
884 908
884 332
884 494
884 816
884 914
885 166
885 254
885 485
885 768
885 329
885 134
886 665
886 701
886 120
886 237
886 641
887 31
887 756
887 168
887 979
887 426
888 295
888 495
888 332
888 439
888 287
888 737
889 515
889 31
889 267
889 282
889 150
890 184
890 384
890 727
890 314
890 19
890 894
891 384
892 909
892 291
892 172
893 121
893 928
893 117
893 847
894 754
894 287
895 904
895 761
895 208
895 456
895 601
895 39
895 310
896 339
896 207
896 16
896 452
896 203
896 589
896 827
896 218
896 136
897 121
897 849
897 548
897 967
897 378
897 301
897 753
898 474
898 21
898 181
899 25
899 847
899 490
899 738
899 812
899 802
899 553
899 293
899 973
899 867
900 775
900 616
900 391
900 958
900 193
900 268
900 205
900 329
901 902
901 255
901 165
901 530
901 601
901 978
902 397
902 729
902 575
902 484
903 327
903 38
903 384
903 954
903 842
903 905
904 340
904 632
904 492
904 342
904 101
904 524
904 533
904 977
904 856
905 687
905 115
905 835
905 780
905 324
905 807
906 486
906 313
906 739
906 9
906 685
906 710
906 157
907 152
907 166
907 650
907 428
907 568
907 754
907 838
907 790
907 132
907 38
908 128
908 590
908 707
908 400
908 566
908 365
908 686
908 452
908 875
909 282
909 183
909 52
910 36
910 174
910 1
910 28
911 294
911 888
911 145
911 689
911 879
911 862
911 702
912 866
912 860
912 650
912 984
912 920
912 797
912 206
913 883
913 638
914 470
914 952
914 250
914 837
915 181
915 55
915 1
915 406
915 568
915 101
916 614
916 287
916 979
916 7
916 574
916 981
917 575
917 142
917 105
918 205
918 788
918 56
918 823
919 674
919 541
919 736
919 649
919 272
919 910
919 417
919 171
920 93
920 99
920 767
920 362
920 730
920 667
921 70
921 289
921 239
921 647
921 537
921 87
922 177
922 818
922 327
922 143
922 921
922 505
922 326
923 576
923 507
923 820
923 37
923 637
923 329
923 967
924 720
924 691
924 625
925 79
925 185
925 456
925 373
925 296
925 221
926 368
926 343
926 861
926 370
926 550
926 398
926 54
926 918
926 320
926 598
926 841
926 518
926 153
926 695
927 67
927 292
927 223
927 737
927 263
927 575
927 168
928 609
928 543
928 568
929 975
929 839
929 733
929 277
929 541
929 36
929 180
930 228
930 440
930 527
930 883
930 861
930 606
930 624
930 373
930 802
930 332
931 522
931 840
931 241
931 820
931 508
932 867
932 758
932 658
932 234
932 421
932 97
932 818
933 774
933 114
933 233
934 848
934 58
934 539
934 823
934 617
935 313
935 954
935 431
935 546
935 178
935 283
936 914
936 668
936 848
936 61
936 634
936 122
936 973
936 993
937 194
937 625
937 289
937 785
937 708
937 341
937 464
937 503
937 559
938 12
938 710
938 8
938 535
938 448
938 197
938 143
938 881
938 229
939 536
939 650
939 1
939 538
939 815
939 302
939 375
940 222
940 705
940 141
940 638
940 780
940 255
940 912
940 560
940 725
941 308
941 356
942 892
942 727
942 98
942 39
942 104
943 663
943 651
943 912
943 258
943 844
943 858
943 872
943 508
943 243
944 957
944 916
944 748
945 355
945 932
945 814
945 644
945 636
945 231
945 344
945 201
945 332
946 310
946 383
946 779
946 254
946 585
946 836
946 746
946 173
946 13
947 178
947 332
947 284
947 954
947 217
948 413
948 573
948 216
948 744
948 915
948 574
948 482
949 931
949 835
949 651
949 988
949 122
949 196
949 352
950 3
950 471
950 50
950 496
950 591
950 952
950 855
950 881
950 750
950 96
950 969
950 565
950 237
951 319
951 669
951 825
951 608
952 359
952 654
952 991
952 666
952 111
952 36
952 939
952 697
952 150
953 522
953 756
954 579
954 36
954 844
955 514
955 773
955 91
955 0
955 89
955 446
955 961
955 179
955 232
955 16
956 969
956 339
956 873
957 614
957 863
957 961
957 169
957 567
957 121
957 469
957 924
958 342
958 378
958 903
958 536
958 790
958 25
958 314
958 551
958 840
959 337
959 132
959 908
959 614
960 326
960 212
960 455
960 301
960 108
960 559
960 81
960 322
960 269
961 36
961 866
961 831
961 220
961 750
961 965
961 469
962 254
962 681
962 896
962 317
963 742
963 63
963 8
963 102
963 747
963 883
963 867
963 101
964 301
964 64
964 22
964 278
964 993
964 15
964 318
964 872
964 791
964 965
964 635
964 462
965 832
965 21
965 757
965 770
965 269
965 370
965 928
965 340
965 971
965 568
966 957
966 47
966 728
966 520
966 114
967 89
967 365
967 305
967 177
967 986
967 750
968 996
968 993
968 604
968 356
969 949
969 140
969 566
969 811
969 351
969 622
969 548
970 457
970 955
970 759
970 967
970 785
970 592
970 927
970 17
970 476
970 276
970 895
970 284
970 255
971 63
971 274
971 617
971 114
972 400
972 977
972 697
972 757
972 90
972 978
972 917
972 492
972 372
973 549
973 850
973 82
973 979
973 132
974 561
974 172
974 8
974 167
974 286
974 48
974 238
974 499
974 911
975 156
975 369
975 153
975 852
975 773
975 924
976 840
976 745
976 388
976 538
976 911
977 324
977 87
977 697
977 605
978 500
978 192
978 595
978 272
978 416
978 331
978 11
979 92
979 937
979 677
980 149
980 840
980 858
980 837
981 693
981 993
981 443
981 797
981 575
982 649
982 268
982 457
982 240
982 198
982 237
983 869
983 305
983 5
983 716
983 627
983 43
983 10
983 879
984 674
984 18
984 456
984 127
985 82
985 360
985 390
985 678
985 48
986 17
986 760
986 536
986 877
986 480
986 412
987 973
987 550
987 573
987 320
987 17
987 215
987 180
988 292
988 382
988 808
989 120
989 338
989 212
989 676
990 238
990 875
990 583
990 998
990 961
990 136
990 523
991 581
991 197
992 278
992 108
992 548
993 145
993 921
993 850
994 666
994 925
994 552
994 714
994 786
994 205
995 225
995 246
995 733
996 257
997 888
997 40
997 893
997 109
998 699
999 561
999 817
