0 728
0 500
0 641
0 110
0 386
0 897
1 428
1 138
1 515
1 445
1 343
1 414
1 321
1 339
1 957
2 269
2 22
2 863
2 795
2 977
2 777
3 531
3 22
3 347
3 482
3 310
3 910
4 194
4 549
4 319
4 441
4 446
4 573
4 454
4 870
4 337
4 364
5 708
5 194
5 663
6 474
6 775
6 609
6 280
6 688
6 145
6 976
6 252
6 989
7 150
7 885
7 75
8 439
8 214
8 554
8 460
8 496
8 409
8 492
8 659
8 660
8 520
9 771
9 2
9 879
9 484
9 766
9 59
9 250
9 531
10 593
10 388
10 653
10 950
11 238
11 260
11 981
11 765
11 608
11 392
11 872
11 587
11 470
11 453
11 57
11 472
12 690
12 14
12 266
12 91
12 382
12 496
12 868
12 803
12 951
13 325
13 986
13 112
13 865
13 311
13 932
14 956
14 511
14 155
15 889
15 688
15 335
15 978
15 915
15 289
16 698
16 850
16 527
16 373
16 962
17 927
17 788
17 199
17 876
17 891
17 417
18 261
18 662
18 611
18 593
18 287
18 228
18 14
18 863
18 186
18 406
19 521
19 2
19 433
20 803
20 846
20 680
20 338
20 663
20 738
20 72
20 166
21 716
21 456
21 374
21 230
21 261
21 643
21 661
21 393
21 241
22 906
22 128
22 501
22 153
22 705
22 699
22 668
22 505
23 851
23 250
23 685
23 838
23 327
23 915
23 378
24 992
24 560
24 478
24 958
24 424
24 553
24 845
24 134
24 795
24 294
24 809
25 564
25 532
25 857
25 850
25 430
25 873
25 15
25 666
26 421
26 565
26 374
26 100
26 692
26 585
26 964
26 279
26 331
27 956
27 642
27 812
27 87
27 678
27 975
28 867
28 779
28 406
28 33
28 950
28 508
29 556
29 674
29 18
29 823
29 948
29 11
29 297
29 332
30 233
30 337
30 409
30 796
31 611
31 505
31 657
32 102
32 822
32 302
33 951
33 712
33 220
33 78
34 438
34 754
34 55
34 508
34 568
34 4
34 226
34 950
34 322
34 769
35 943
35 395
35 5
35 912
35 767
35 296
35 911
35 135
35 675
35 155
35 100
35 865
35 454
36 58
36 489
36 857
36 413
36 626
37 177
37 226
37 275
37 942
37 165
37 8
37 956
38 131
38 780
38 603
38 928
38 229
38 585
38 44
38 369
39 309
39 865
39 669
40 655
40 508
40 305
41 710
41 537
41 194
41 543
41 758
41 212
41 685
42 594
42 267
42 429
42 203
42 886
42 156
42 582
42 609
42 111
42 550
43 957
43 947
43 828
43 757
43 607
43 37
43 318
43 411
43 498
43 592
44 11
44 2
44 933
44 958
44 786
44 814
44 434
44 597
44 645
44 122
44 197
45 589
45 124
45 16
45 47
45 946
45 472
45 622
45 625
45 111
45 631
45 237
46 555
46 67
46 44
46 672
46 762
46 774
46 552
46 764
47 566
47 771
47 632
47 844
47 336
47 577
47 108
47 994
48 995
48 911
48 877
48 389
48 146
49 81
49 872
49 476
49 482
49 116
49 867
50 42
50 845
50 237
50 280
50 315
50 810
50 416
50 525
51 609
51 254
51 701
51 440
51 274
51 947
51 482
51 805
51 530
52 328
52 910
52 340
52 294
52 671
52 127
52 113
52 913
53 362
53 693
53 310
53 948
53 461
53 820
54 337
54 938
54 993
54 818
54 251
55 494
55 953
55 639
55 723
55 441
55 693
55 901
55 947
56 865
56 882
56 477
56 543
56 153
56 322
56 709
56 723
57 446
57 269
57 618
57 749
57 444
57 676
58 255
58 240
58 127
58 77
58 418
58 838
58 641
58 806
58 377
58 520
58 610
58 868
59 465
59 338
59 466
59 616
59 720
59 921
59 89
60 388
60 130
60 248
60 170
60 736
60 505
60 650
60 23
60 515
60 830
60 666
60 187
61 506
61 234
61 33
61 914
61 609
61 135
61 924
61 418
61 329
61 15
61 848
62 386
62 850
62 451
62 685
62 778
62 709
62 338
62 873
62 569
62 131
62 750
62 472
63 988
63 752
63 111
63 761
63 527
63 408
63 953
64 98
64 37
64 414
64 990
64 694
64 302
64 625
64 213
64 67
64 183
65 450
65 503
65 995
65 214
65 13
65 854
65 100
65 684
65 935
66 769
66 825
66 957
66 885
66 645
66 198
66 456
66 287
66 22
66 420
66 877
67 820
67 998
67 945
67 853
67 792
67 520
67 4
67 707
68 221
68 506
68 859
68 74
68 669
68 932
68 561
68 538
69 94
69 889
69 997
69 66
69 501
69 545
69 286
69 504
69 881
69 476
70 141
70 579
70 711
70 613
70 942
70 3
70 142
71 82
71 830
71 455
71 300
71 822
71 998
71 824
71 558
71 604
71 910
71 710
72 597
72 30
72 976
72 816
72 723
72 943
72 817
72 706
73 932
73 18
73 615
74 758
74 661
74 558
74 656
74 766
74 436
74 793
75 571
75 8
75 916
75 702
75 13
75 190
75 430
75 404
75 986
75 326
75 974
75 897
75 772
75 610
75 16
75 936
76 115
76 95
76 575
76 144
76 613
76 29
76 602
76 822
76 797
77 388
77 998
77 352
78 837
78 126
78 880
78 852
78 968
78 1
78 827
79 148
79 75
79 967
79 342
79 832
79 105
79 923
79 26
79 761
79 912
79 277
79 415
80 950
80 176
80 57
80 874
80 96
80 804
80 747
80 201
81 11
81 68
81 468
81 952
81 366
81 303
81 249
81 559
81 348
81 798
82 982
82 619
82 914
82 729
82 206
82 322
82 117
82 764
83 346
83 31
83 633
83 255
83 562
84 72
84 16
84 684
84 998
84 335
84 879
84 534
84 747
84 922
84 909
84 746
85 857
85 914
85 784
85 867
85 193
85 148
86 42
86 484
86 258
86 395
86 190
86 815
86 626
87 324
87 872
87 132
87 647
87 955
87 774
87 857
87 892
88 3
88 321
88 333
88 882
89 731
89 63
89 513
89 40
89 627
89 434
89 920
90 113
90 357
90 785
90 250
90 185
90 571
90 356
90 654
91 827
91 969
91 560
91 972
91 87
91 894
91 958
91 522
91 411
92 559
92 699
92 961
92 222
92 123
92 332
92 29
92 517
93 834
93 580
93 106
93 694
93 315
93 379
93 443
93 880
94 339
94 673
94 738
94 438
94 729
94 588
94 785
94 914
94 386
94 505
95 164
95 390
95 115
95 741
95 880
95 924
95 135
95 863
95 589
95 607
95 183
96 30
96 473
96 548
96 416
96 6
96 613
97 992
97 836
97 345
97 624
97 825
97 711
97 232
97 955
97 277
98 588
98 653
98 84
98 672
98 675
98 41
98 598
98 867
98 934
99 822
99 657
99 569
99 65
99 850
100 259
100 465
100 171
100 810
101 8
101 609
102 133
102 6
102 663
102 690
103 890
103 189
103 234
103 482
103 891
103 214
104 941
104 59
104 847
105 552
105 118
105 469
105 204
105 875
105 419
106 42
106 838
106 741
106 395
106 781
106 78
106 413
106 22
107 805
107 478
107 713
107 568
107 56
108 455
108 622
108 81
108 838
108 428
108 924
108 156
108 233
108 861
108 8
108 944
108 308
109 478
109 329
109 690
109 915
109 891
109 182
109 110
109 143
110 848
110 939
110 685
110 590
110 483
111 147
111 150
111 506
111 998
111 361
111 824
111 926
111 315
111 547
111 302
112 715
112 516
112 451
112 972
112 59
113 115
113 614
113 653
113 140
113 367
113 971
113 17
113 590
113 979
114 260
114 911
114 882
114 475
114 945
114 599
114 785
114 215
114 616
114 418
115 581
115 521
115 226
115 91
115 260
115 113
116 735
116 279
116 375
116 753
116 316
116 800
116 92
116 225
116 213
116 412
116 817
116 946
117 181
117 607
117 35
117 414
117 18
117 831
117 298
117 225
118 293
118 507
118 641
118 226
118 385
118 847
118 29
119 340
119 827
119 85
119 531
119 242
119 719
119 502
119 546
120 311
120 933
120 98
120 392
121 700
121 746
121 299
121 885
121 943
121 745
121 798
121 28
121 3
121 911
121 699
121 426
121 105
121 724
122 900
122 725
122 247
122 511
122 881
122 33
122 499
122 434
122 190
122 715
123 684
123 983
123 683
123 948
123 109
123 114
123 701
124 270
124 147
124 499
124 626
124 776
124 217
124 339
124 181
125 919
125 136
125 624
125 980
125 507
125 548
125 710
125 367
125 349
126 842
126 605
126 850
126 523
126 44
126 935
126 831
126 727
126 463
126 636
126 927
126 468
126 249
126 290
127 816
127 715
127 208
127 384
127 294
127 65
127 230
127 94
128 216
128 770
128 403
128 958
128 532
128 802
128 864
128 478
129 3
129 127
129 179
129 715
129 26
130 720
130 974
130 659
130 254
130 535
131 190
131 854
131 305
131 561
131 343
131 811
131 637
132 914
132 962
132 210
132 894
132 782
132 428
132 851
132 507
133 730
133 117
133 127
133 402
133 377
133 771
133 634
133 927
134 768
134 631
134 916
134 29
135 998
135 490
135 729
135 185
135 724
135 386
135 746
135 364
135 291
135 170
135 355
136 586
136 138
136 588
136 916
136 468
136 414
136 217
136 69
137 965
137 219
137 533
137 472
137 136
137 261
137 466
137 73
138 939
138 543
138 100
138 295
138 823
138 492
138 563
138 102
138 575
139 502
139 613
139 677
139 5
139 665
139 144
139 83
140 692
140 647
140 167
140 936
140 803
141 588
141 358
141 860
141 621
141 423
142 94
142 250
142 188
142 120
142 726
142 693
142 824
142 491
143 928
143 527
143 698
143 339
143 285
143 854
144 490
144 283
144 813
144 113
144 940
145 544
145 728
145 210
145 942
145 215
145 161
145 367
145 288
146 688
146 38
146 719
146 335
146 721
146 987
146 707
146 855
146 740
146 822
146 399
147 345
147 144
147 374
147 821
147 930
147 12
147 272
148 725
148 545
148 740
148 750
148 848
148 226
149 191
149 587
149 473
149 317
149 111
149 876
149 808
149 455
149 972
149 198
149 239
150 316
150 577
150 359
150 748
150 225
150 212
150 758
150 568
150 218
151 849
151 303
151 966
151 426
151 956
151 892
151 978
151 653
152 949
152 953
152 421
152 660
152 69
152 470
152 905
153 113
153 350
153 857
153 34
153 287
153 921
153 328
153 515
153 468
153 326
154 785
154 525
154 677
154 992
155 624
155 788
155 672
155 459
155 328
155 807
155 472
155 823
155 895
155 679
156 973
156 193
156 419
156 33
156 342
156 286
156 982
156 104
156 630
156 572
156 507
156 359
157 499
157 211
157 86
157 685
157 319
157 36
157 670
157 815
157 464
157 18
157 920
157 765
158 449
158 310
158 25
158 728
158 38
158 840
158 494
158 379
158 232
158 870
159 753
159 860
160 563
160 886
160 120
160 822
160 556
160 14
160 946
161 222
161 308
161 831
161 370
161 859
162 258
162 710
162 947
162 923
162 636
162 100
162 437
163 627
163 763
163 993
163 989
163 141
164 185
164 615
164 992
164 200
164 224
164 37
164 55
164 104
165 319
165 902
165 49
165 735
165 265
165 939
165 704
166 856
166 174
166 412
166 94
166 221
166 411
167 544
167 952
167 219
167 608
167 819
167 538
167 561
168 787
168 97
168 376
168 248
168 555
169 269
169 116
169 365
169 110
169 623
170 352
170 562
170 787
170 492
171 297
171 700
171 292
171 35
171 618
171 532
171 154
171 876
172 799
172 915
172 961
172 355
172 836
172 569
172 128
172 912
172 723
173 766
173 378
173 462
173 815
173 812
174 385
174 517
174 178
174 769
174 852
174 195
174 108
175 524
175 883
175 70
175 554
175 829
175 750
175 613
175 215
176 457
176 885
176 236
176 898
176 23
177 102
177 416
177 381
177 706
177 959
177 415
177 843
177 763
178 196
178 221
178 364
178 606
178 860
178 71
179 515
179 9
179 855
179 719
179 657
179 437
179 238
179 938
179 969
179 226
179 683
179 147
180 991
180 730
180 749
180 689
180 527
180 868
180 122
180 322
180 572
180 858
180 889
180 194
180 250
180 62
180 876
181 983
181 143
181 814
181 811
181 681
181 442
182 777
182 924
182 863
182 772
182 419
182 865
182 999
182 551
182 992
182 54
183 838
183 743
183 964
183 727
184 62
184 891
184 396
185 660
185 90
185 470
185 424
185 409
185 479
185 903
186 494
186 748
186 366
186 401
186 454
186 309
186 166
187 799
187 185
187 914
187 550
187 478
187 548
188 466
188 536
188 344
188 27
189 409
189 179
189 927
189 330
189 46
189 173
189 560
189 308
190 462
190 662
190 433
190 834
191 998
191 632
191 944
191 158
191 822
191 341
191 208
191 42
192 247
192 100
192 114
192 111
192 816
192 435
192 975
192 408
192 522
192 83
192 385
192 365
193 552
193 899
193 588
193 988
194 238
194 760
194 322
194 645
194 795
194 513
195 979
195 866
195 720
195 734
195 854
196 246
196 657
196 603
196 952
196 837
196 151
196 253
197 707
197 657
197 779
197 41
197 479
197 145
197 906
197 796
198 753
198 886
198 455
198 240
198 809
198 546
198 287
199 195
199 921
199 72
200 164
200 108
200 566
200 977
200 49
201 995
201 799
201 679
201 157
201 753
201 69
201 318
201 587
201 60
201 615
201 363
201 783
201 347
201 622
202 8
202 607
202 47
202 414
202 598
202 629
202 922
202 128
202 893
202 415
203 754
203 258
203 772
203 978
203 551
203 87
203 32
203 301
204 904
204 279
204 855
204 796
204 52
204 429
205 532
205 684
205 193
205 849
205 359
205 681
205 105
205 350
206 973
206 401
206 50
206 138
206 646
206 56
207 490
207 895
207 771
208 918
208 471
208 201
208 680
209 802
209 394
209 219
209 108
209 338
209 840
209 537
210 630
210 217
210 31
210 327
210 694
210 261
210 220
211 532
211 484
211 107
211 250
211 150
211 607
212 676
212 829
212 520
212 252
212 799
212 670
212 448
212 482
212 712
212 216
213 559
213 604
213 978
213 708
213 275
213 379
213 444
213 454
213 872
213 375
213 673
213 810
213 678
213 769
214 485
214 933
214 878
214 829
214 788
214 666
214 29
214 83
215 727
215 220
215 565
215 213
215 647
215 508
215 779
216 34
216 131
216 354
216 33
216 343
216 607
217 933
217 233
217 347
217 79
217 960
217 872
217 477
217 931
217 691
217 161
218 986
218 992
218 783
218 808
218 386
218 474
218 394
218 409
219 703
219 718
219 956
219 510
219 612
219 993
219 176
219 774
219 503
220 196
220 485
220 665
220 705
221 885
221 406
221 953
221 459
221 41
221 659
221 395
221 296
222 136
222 155
222 337
222 152
222 885
222 993
222 914
223 344
223 45
223 23
223 175
224 607
224 981
224 792
224 810
224 481
224 859
225 183
225 654
225 273
225 431
225 736
225 501
225 219
226 763
226 10
226 990
226 611
226 163
226 608
227 275
227 849
227 982
227 139
227 908
227 549
227 368
227 128
228 333
228 111
228 479
228 522
228 904
228 312
228 450
228 414
228 296
229 259
229 716
229 677
229 340
229 712
229 3
229 465
229 803
229 326
230 475
230 838
230 134
230 525
230 917
230 153
230 452
231 701
231 567
231 127
231 773
231 931
231 790
231 769
231 989
231 584
231 491
231 735
232 822
232 855
232 78
232 278
232 559
233 637
233 58
233 305
233 471
233 501
233 193
233 728
233 950
233 441
233 53
234 302
234 542
234 561
234 342
234 902
234 402
234 447
234 404
234 892
235 799
235 322
235 926
235 524
235 579
235 487
235 750
236 827
236 308
236 13
237 596
237 639
237 575
237 253
237 533
237 682
237 120
237 351
237 697
237 417
238 168
238 911
238 723
238 923
238 19
238 423
238 5
238 122
238 326
239 710
239 816
239 62
239 53
239 383
240 400
240 732
240 39
240 491
241 525
241 710
241 608
241 238
241 49
241 737
241 308
242 923
242 859
242 918
242 629
242 352
242 811
242 377
242 301
242 880
242 275
243 646
243 802
243 255
243 249
243 42
243 983
243 416
243 82
243 805
244 267
244 305
244 539
244 805
244 161
244 224
245 70
245 815
245 458
245 931
245 692
245 391
245 265
246 429
246 941
246 510
246 803
246 638
246 345
246 839
246 76
246 693
246 646
247 430
247 249
247 770
247 609
247 877
247 955
247 505
247 665
247 825
247 387
248 170
248 959
248 191
248 838
248 243
248 66
249 25
249 366
249 725
249 879
249 108
249 447
250 165
250 650
250 17
250 617
250 474
251 862
251 800
251 154
251 494
251 421
251 790
251 27
251 439
251 663
251 132
251 525
251 19
251 486
252 994
252 253
252 671
252 685
252 264
252 8
252 118
252 469
252 603
252 68
252 545
252 438
253 254
253 743
253 427
253 182
253 5
254 323
254 969
254 686
254 252
254 40
254 749
254 955
254 697
254 700
254 997
255 76
255 413
255 276
255 740
255 705
255 746
256 215
256 953
256 615
256 388
256 158
256 441
256 818
256 716
256 461
256 681
256 830
256 126
257 379
257 890
257 622
257 546
257 11
258 928
258 535
258 506
258 816
258 425
258 504
258 570
258 200
258 561
258 842
259 266
259 858
259 679
259 166
259 952
259 871
260 798
260 941
260 607
260 667
260 495
260 978
261 32
261 147
261 202
261 180
261 43
261 429
261 427
261 941
261 968
261 326
261 699
261 606
262 804
262 318
262 338
262 918
262 772
262 788
262 434
262 216
263 525
263 949
263 442
263 278
264 133
264 109
264 989
264 276
264 320
265 881
265 747
265 703
265 71
265 529
266 799
266 988
266 265
266 490
266 317
267 212
267 955
267 693
267 965
267 13
268 21
268 66
268 82
268 315
269 170
269 993
269 480
269 715
269 821
270 21
270 52
270 820
270 234
270 899
271 794
271 772
271 257
271 598
271 228
271 697
271 2
271 989
271 715
272 598
272 196
272 110
272 260
272 979
272 176
272 44
272 345
272 307
272 940
273 256
273 960
273 680
273 873
273 900
273 711
274 142
274 921
274 173
274 110
274 194
274 421
274 119
274 211
274 418
275 410
275 420
275 166
275 202
275 529
275 263
275 690
275 273
275 659
275 814
276 220
276 779
276 75
276 348
276 804
276 981
277 489
277 8
277 661
277 260
277 530
277 102
277 435
277 690
277 605
277 792
277 130
277 921
278 987
278 855
278 580
278 370
278 426
278 40
278 693
278 518
278 952
279 861
279 689
279 153
279 715
280 846
280 304
280 500
280 692
280 842
280 378
280 395
280 501
280 473
281 300
281 988
281 927
281 127
281 150
282 716
282 891
282 365
282 491
282 828
282 521
282 967
282 652
282 71
283 459
283 263
283 831
283 237
283 404
283 192
284 589
284 224
284 492
284 719
284 770
284 579
285 906
285 349
285 131
285 302
285 43
285 143
285 923
285 882
285 668
286 766
286 422
286 626
287 423
287 390
287 626
287 933
287 845
287 82
287 147
287 639
287 869
287 872
287 154
288 602
288 343
288 73
288 292
289 45
289 210
289 700
289 650
289 592
289 738
289 319
289 378
289 603
289 189
290 187
290 746
290 456
290 593
290 523
290 27
290 96
290 686
291 541
291 124
291 573
291 337
291 754
291 742
292 984
292 301
292 712
292 485
292 924
292 586
292 889
293 564
293 147
293 674
293 265
293 727
293 119
293 647
293 555
293 417
294 19
294 157
294 222
294 715
294 251
294 912
294 918
294 83
294 276
295 105
295 649
295 385
295 569
295 0
295 81
296 744
296 929
296 879
296 403
296 368
296 653
296 448
296 993
296 877
296 385
297 713
297 592
297 706
297 577
297 943
297 667
297 46
297 277
298 7
298 756
298 35
298 467
298 338
298 631
298 813
298 896
298 770
298 250
298 78
298 453
298 125
298 389
299 110
299 160
299 739
299 931
299 980
299 584
299 282
300 171
300 388
300 847
300 777
301 282
301 788
301 464
301 715
302 444
302 251
302 407
302 430
302 196
302 769
303 77
303 139
303 152
303 776
303 314
303 903
304 287
304 924
304 591
304 602
304 868
304 75
305 200
305 611
305 559
305 493
305 554
305 890
306 199
306 119
306 859
306 366
306 391
306 163
306 298
306 678
306 789
307 227
307 481
307 813
307 396
308 704
308 87
308 979
308 397
308 886
309 794
309 563
309 795
309 101
309 330
309 340
309 496
310 142
310 795
310 331
310 289
310 481
311 401
311 439
311 575
312 768
312 347
312 652
312 807
312 63
312 519
313 903
313 823
313 149
313 33
313 843
313 952
313 409
313 776
313 445
313 61
314 304
314 43
314 629
314 923
314 972
314 694
314 855
315 128
315 225
315 802
315 125
316 414
316 664
316 103
316 76
316 798
316 240
316 115
316 0
316 431
317 460
317 82
317 935
317 777
318 378
318 996
318 278
318 730
318 85
318 248
318 458
318 756
318 907
319 294
319 268
319 263
319 832
319 171
319 219
319 182
319 765
319 121
319 106
320 709
320 650
320 202
320 147
320 115
320 441
320 677
320 104
320 476
320 695
321 5
321 372
321 720
321 306
321 57
322 877
322 902
322 0
322 591
322 287
322 176
323 944
323 986
323 860
323 995
323 884
323 288
323 80
323 780
323 35
323 274
324 877
324 534
324 227
324 988
324 986
324 628
324 889
324 885
324 577
325 340
325 465
325 544
325 757
325 400
325 194
325 681
325 710
325 706
325 897
326 800
326 874
326 741
326 895
326 255
326 941
326 416
326 188
326 332
327 559
327 675
327 417
327 929
327 428
327 460
328 35
328 797
328 255
328 351
328 374
328 977
329 465
329 280
329 605
329 696
329 83
329 336
329 866
329 110
329 349
329 169
330 72
330 66
330 243
330 50
330 621
330 203
330 662
330 554
330 839
330 325
330 59
330 702
331 148
331 887
331 435
331 862
331 333
331 241
331 694
331 78
331 93
332 989
332 325
332 942
332 610
332 452
332 408
332 458
333 935
333 142
333 200
333 263
333 645
333 307
333 875
334 765
334 263
334 309
334 26
335 519
335 231
335 50
335 899
336 757
336 310
336 397
336 491
336 334
336 848
336 779
336 338
337 594
337 212
337 318
337 229
337 728
337 238
337 37
337 678
337 208
337 195
338 861
338 897
338 187
338 163
338 408
338 549
338 576
338 847
338 141
338 850
339 716
339 391
339 835
339 435
339 96
339 69
339 165
340 921
340 188
340 644
340 830
341 990
341 843
341 181
341 775
341 935
341 867
341 800
342 568
342 501
342 935
342 320
342 972
342 43
342 171
342 537
342 357
342 45
343 968
343 244
343 594
343 359
343 11
343 236
344 475
344 996
344 789
344 409
344 182
344 964
344 257
345 329
345 437
345 401
345 724
345 908
345 553
345 932
346 136
346 122
346 258
346 702
346 327
346 160
346 775
346 351
346 331
346 737
346 392
346 273
346 69
346 395
347 244
347 505
347 217
347 538
347 445
347 481
347 146
347 603
347 458
347 515
348 661
348 166
348 167
348 579
348 973
348 110
348 404
349 669
349 865
349 720
349 16
349 518
349 783
349 756
349 342
350 450
350 473
350 14
350 403
350 248
350 135
350 575
351 380
351 465
351 760
351 119
351 408
351 133
351 757
351 28
351 802
352 473
352 151
352 255
352 307
352 655
352 617
353 291
353 226
353 279
353 869
353 151
353 471
353 791
353 261
353 393
353 844
353 718
354 514
354 175
354 57
354 453
354 762
354 850
354 806
354 760
354 360
355 393
355 59
355 931
355 539
355 152
355 518
355 257
356 930
356 134
356 177
356 296
356 112
356 72
356 45
356 111
356 587
357 794
357 96
357 121
357 177
357 652
357 356
357 507
358 783
358 703
358 193
358 964
358 296
358 295
358 683
358 551
359 387
359 850
359 365
359 976
359 572
359 397
359 383
359 728
359 170
359 839
359 828
359 754
360 908
360 205
360 102
360 138
360 411
360 628
360 158
360 617
360 160
360 834
360 466
361 903
361 429
361 879
361 195
361 680
361 303
361 68
361 449
362 31
362 986
362 316
362 27
362 891
362 655
362 660
363 926
363 715
363 935
363 554
363 545
363 164
363 903
364 868
364 888
364 824
364 974
364 580
364 550
364 434
364 926
365 744
365 291
365 389
366 700
366 62
366 613
366 676
367 16
367 64
367 381
367 238
368 872
368 339
368 347
368 332
368 33
368 176
368 447
368 131
369 14
369 893
369 465
369 528
369 254
369 776
369 180
369 911
369 857
369 456
369 979
369 164
369 922
369 998
369 362
370 984
370 87
370 558
370 869
370 347
370 155
370 659
370 875
371 10
371 58
371 630
371 869
371 400
371 25
371 921
371 499
371 386
371 719
371 928
371 413
372 43
372 377
372 351
372 672
372 291
372 244
373 990
373 622
373 516
373 826
373 864
373 458
373 609
373 876
373 873
374 575
374 65
374 895
374 187
374 25
375 458
375 128
375 226
375 248
375 636
375 695
375 247
375 609
375 871
375 476
376 462
376 897
376 929
376 476
376 143
376 227
376 599
377 708
377 344
377 993
377 390
377 904
377 956
377 660
377 295
377 997
377 202
377 957
377 931
377 84
377 262
378 501
378 467
378 854
378 768
378 5
379 586
379 475
379 969
379 878
379 288
379 245
379 404
379 659
379 297
380 395
380 77
380 715
380 9
380 997
380 470
380 388
380 122
381 601
381 190
381 781
381 817
381 460
381 605
381 625
382 440
382 758
382 649
382 237
382 489
382 236
382 646
382 252
382 505
382 4
382 501
382 412
383 119
383 751
383 5
383 426
383 170
383 509
383 701
383 309
383 251
384 309
384 458
384 399
384 832
384 562
384 755
385 34
385 522
385 252
385 916
385 175
386 884
386 530
386 541
386 499
387 890
387 20
387 843
387 100
387 880
387 795
387 498
388 380
388 871
388 790
388 899
388 624
388 686
388 806
388 552
388 35
388 809
389 614
389 351
389 814
389 347
389 709
389 349
389 651
390 295
390 869
390 944
390 513
390 786
390 561
390 542
391 246
391 373
391 293
391 17
391 952
391 988
391 979
391 550
391 453
391 820
392 20
392 264
392 828
392 120
392 476
392 52
392 744
392 807
392 319
393 488
393 384
393 529
393 624
393 84
393 49
393 341
393 665
393 554
393 234
393 184
393 627
393 424
393 281
393 236
393 85
394 137
394 151
394 582
394 437
394 885
395 649
395 970
395 15
395 633
395 677
395 235
395 358
395 340
395 604
395 795
395 45
395 287
395 294
396 501
396 349
396 590
396 64
396 209
396 879
396 482
397 269
397 21
397 645
397 667
397 487
397 569
397 981
397 101
397 545
397 575
397 292
397 952
398 459
398 138
398 30
399 531
399 949
399 163
399 363
399 503
400 474
400 398
400 785
400 783
400 807
400 911
400 208
400 852
400 253
400 877
401 750
401 298
401 709
401 830
402 962
402 356
402 853
402 121
402 784
402 995
402 734
403 736
403 449
403 493
404 542
404 736
404 807
404 120
404 620
404 124
405 598
405 588
405 930
405 675
405 170
405 158
405 842
406 363
406 174
406 258
406 777
406 73
406 207
406 93
406 815
407 288
407 724
407 684
407 247
407 20
407 852
407 299
407 888
408 263
408 753
408 423
408 771
408 113
408 786
408 389
408 32
409 125
409 325
409 425
409 410
409 180
409 170
409 316
409 820
409 371
410 694
410 57
410 89
410 208
410 372
410 711
410 785
411 321
411 591
411 494
411 477
411 431
411 434
411 293
412 814
412 351
412 179
412 863
412 767
412 754
412 325
412 677
413 22
413 901
413 951
413 727
413 742
413 967
413 164
413 436
414 358
414 649
414 710
414 991
414 906
414 252
414 456
414 689
414 639
414 932
414 288
414 533
414 581
415 685
415 539
415 702
415 176
415 499
415 314
415 589
415 262
416 142
416 336
416 760
416 644
416 50
416 420
416 904
416 310
416 341
417 483
417 472
417 817
417 281
417 32
417 231
417 633
418 806
418 371
418 591
418 53
418 527
418 460
418 643
418 805
418 435
419 394
419 714
419 504
419 493
419 120
419 442
419 936
419 422
419 228
420 916
420 707
420 887
420 776
420 472
420 149
420 768
420 138
420 742
420 561
420 504
420 169
420 586
420 321
420 45
420 689
420 57
420 989
421 824
421 432
421 53
421 272
421 616
422 397
422 346
422 679
422 238
422 304
422 243
422 699
423 619
423 180
423 400
423 196
423 716
423 574
423 894
423 568
423 1
424 407
424 622
424 391
424 769
424 787
424 828
424 664
424 996
424 258
424 304
424 671
424 351
424 624
425 902
425 243
425 30
425 325
425 114
425 518
425 782
426 771
426 710
426 38
426 69
426 603
426 985
426 316
426 849
427 117
427 895
427 129
427 475
427 470
427 173
427 850
427 907
428 131
428 909
428 114
428 425
428 62
428 947
428 785
428 702
428 978
429 904
429 787
429 273
429 840
429 898
429 522
430 848
430 978
430 741
430 97
430 140
430 521
430 623
430 827
430 45
431 375
431 945
431 266
432 685
432 814
432 630
432 895
432 710
433 794
433 386
433 728
434 987
434 994
434 750
434 123
434 344
435 810
435 604
435 88
435 197
435 390
435 230
435 501
435 135
435 28
435 229
436 339
436 835
436 910
437 914
437 148
437 444
437 902
437 420
438 352
438 325
438 497
438 184
438 149
438 710
439 226
439 854
439 951
439 126
439 292
439 391
440 223
440 191
440 920
440 634
440 949
440 317
440 94
441 919
441 136
441 648
441 961
441 1
441 372
441 980
442 323
442 859
442 791
442 320
442 592
442 639
442 232
443 65
443 180
443 606
443 917
443 472
443 423
443 515
443 344
443 253
444 429
444 339
444 995
444 734
444 522
444 107
444 231
444 678
445 306
445 771
445 243
445 495
445 87
445 613
445 856
445 97
445 632
445 371
445 18
445 872
445 206
446 329
446 792
446 27
446 812
446 993
446 943
446 659
446 396
446 634
446 845
446 320
447 681
447 59
447 784
447 303
447 426
447 349
447 335
447 869
448 145
448 621
448 979
448 29
448 331
448 376
448 819
448 370
448 535
448 858
448 942
449 813
449 66
449 668
449 956
449 481
449 531
449 670
449 870
449 329
449 429
450 574
450 755
450 37
450 764
450 361
450 95
450 739
450 130
450 927
450 78
450 625
450 652
451 895
451 908
451 513
451 619
451 559
451 822
451 12
451 16
451 954
451 739
451 999
451 11
451 91
452 708
452 571
452 233
452 680
452 699
452 809
452 30
452 372
453 122
453 330
453 287
453 20
453 519
454 899
454 754
454 652
454 684
454 443
454 69
455 237
455 398
455 599
455 539
455 527
455 475
455 223
456 701
456 735
456 681
456 842
457 61
457 114
457 665
457 583
457 962
457 819
458 196
458 442
458 260
458 813
458 734
458 909
458 964
458 615
459 52
459 485
459 907
459 888
460 122
460 730
460 537
460 33
460 19
460 413
460 836
461 848
461 687
461 565
461 795
461 6
461 336
462 75
462 964
462 33
462 140
462 192
462 190
463 384
463 499
463 332
463 358
463 436
463 906
463 271
463 520
463 559
463 488
463 708
464 215
464 187
464 182
464 965
464 962
464 399
465 839
465 514
465 980
465 921
465 202
465 309
466 161
466 33
466 610
466 362
466 759
467 675
467 428
467 925
467 977
467 945
467 541
468 235
468 594
468 309
468 45
468 297
468 779
468 731
468 85
469 120
469 924
469 4
469 227
469 958
469 660
469 14
469 986
470 737
470 802
470 872
470 891
470 438
470 92
470 41
470 917
470 363
471 337
471 544
471 353
471 262
471 418
471 478
471 990
471 389
472 920
472 833
472 84
472 324
472 408
472 318
472 177
472 578
472 531
472 67
472 214
472 556
473 656
473 941
473 687
473 299
473 872
473 410
473 877
473 91
473 849
474 699
474 382
474 826
474 682
474 820
474 982
474 566
474 584
474 294
474 245
474 686
475 871
475 110
475 552
475 293
475 585
475 808
475 243
475 564
475 132
476 475
476 43
476 290
476 925
477 616
477 67
477 507
477 33
477 236
477 878
477 796
477 833
477 879
477 920
477 343
478 769
478 417
478 170
478 787
478 88
478 392
478 952
479 443
479 769
479 30
479 186
479 792
479 363
479 877
479 75
479 944
479 995
479 96
480 499
480 984
480 527
480 764
480 371
480 736
480 892
480 149
480 367
481 566
481 876
481 255
482 64
482 598
482 538
482 492
482 221
482 256
483 428
483 320
483 15
483 821
483 6
483 629
484 441
484 764
484 394
484 790
484 577
484 16
484 643
484 508
484 21
485 629
485 566
485 235
485 937
485 480
485 987
485 532
485 119
485 385
485 383
486 369
486 411
486 769
486 269
486 67
486 816
486 479
487 165
487 999
487 651
487 292
487 772
487 526
487 588
487 534
488 414
488 409
488 264
488 159
488 309
488 378
488 284
488 382
489 15
489 806
489 73
489 517
489 84
490 254
490 823
490 680
490 779
490 829
490 933
491 553
491 66
491 840
491 522
491 836
491 955
491 738
492 999
492 164
492 500
492 849
492 568
492 804
492 718
492 109
492 749
492 82
492 879
492 196
492 30
493 354
493 458
493 455
493 737
493 429
493 614
493 816
493 109
493 652
493 937
493 925
494 518
494 857
494 395
494 945
494 290
494 649
494 3
494 809
494 938
494 591
494 31
495 307
495 109
495 196
495 995
495 791
495 176
496 924
496 130
496 839
496 181
496 195
496 955
496 353
496 250
496 65
496 718
497 415
497 320
497 384
497 260
497 246
497 551
497 967
497 712
498 460
498 709
498 742
498 425
498 42
498 730
498 476
499 83
499 497
499 524
499 450
499 860
499 942
499 207
500 683
500 266
500 125
500 82
500 933
500 694
500 501
500 213
501 467
501 687
501 903
501 724
501 40
501 514
501 862
501 487
501 833
501 209
501 228
501 43
501 647
502 871
502 666
502 372
502 306
502 65
502 217
502 152
502 139
502 220
503 815
503 387
503 369
503 433
504 981
504 266
504 881
504 727
504 540
504 445
505 497
505 570
505 938
505 261
505 650
505 195
505 759
506 463
506 843
506 641
506 46
506 594
506 233
506 623
506 293
506 380
507 597
507 543
507 851
507 741
507 925
507 141
507 768
507 35
507 533
508 710
508 111
508 17
508 871
509 773
509 734
509 211
509 854
509 78
509 461
510 380
510 281
510 522
510 786
510 896
510 820
511 790
511 509
511 714
511 324
512 434
512 801
512 542
512 218
513 105
513 287
513 648
513 798
513 192
513 21
513 91
513 85
513 488
513 973
514 338
514 685
514 113
514 862
514 888
514 859
514 547
514 753
514 386
514 296
515 843
515 871
515 679
515 58
515 986
515 707
515 519
515 50
515 365
515 382
516 611
516 53
516 194
516 480
516 759
516 773
517 402
517 600
517 297
517 38
517 619
517 88
517 148
517 941
517 446
517 288
517 507
518 770
518 737
518 26
518 442
518 144
518 359
518 427
518 318
518 205
518 337
519 967
519 604
519 639
519 791
519 876
519 515
519 303
520 359
520 472
520 810
520 999
520 490
520 647
520 270
520 981
520 796
521 235
521 121
521 157
521 31
521 280
521 749
521 622
522 529
522 681
522 676
522 478
522 486
522 667
522 508
522 171
522 517
522 807
522 536
523 858
523 700
523 293
523 574
523 380
523 630
524 803
524 43
524 98
524 938
524 31
524 982
524 110
525 586
525 854
525 948
525 711
525 995
525 133
525 321
526 767
526 254
526 469
526 101
526 239
526 262
527 462
527 12
527 818
527 342
527 208
527 316
527 807
527 405
527 92
528 981
528 135
528 165
528 154
528 269
529 56
529 138
529 107
530 637
530 892
530 910
530 726
530 301
530 12
530 138
530 511
530 303
530 750
530 137
531 821
531 514
531 603
531 313
531 226
531 844
532 409
532 951
532 25
532 857
532 213
532 576
532 597
532 678
532 317
532 30
533 939
533 400
533 824
533 11
533 129
533 568
533 208
533 387
534 959
534 836
534 546
534 590
534 739
534 150
535 540
535 67
535 645
535 33
535 666
535 651
535 35
535 776
536 854
536 524
536 388
536 65
536 334
536 314
536 660
536 19
536 972
536 349
536 534
537 310
537 268
537 457
537 258
537 295
537 613
537 348
538 344
538 755
539 512
539 441
539 310
539 117
539 992
539 463
539 435
539 152
539 208
539 248
539 538
539 738
540 357
540 444
540 413
540 833
540 196
541 28
541 276
541 50
541 965
541 755
541 976
541 494
541 245
542 417
542 368
542 855
542 930
542 491
542 373
542 367
543 860
543 87
543 593
543 941
543 676
543 397
543 352
544 336
544 215
544 350
544 439
544 74
544 633
545 990
545 719
545 355
545 441
545 633
545 464
545 93
546 345
546 228
546 143
546 923
546 355
546 77
546 628
546 0
547 835
547 81
547 941
548 772
548 803
548 37
548 877
548 985
548 210
549 455
549 222
549 148
549 545
549 261
550 494
550 726
550 859
550 947
550 563
551 911
551 434
551 910
551 942
551 324
552 699
552 927
552 679
552 156
552 817
552 402
553 645
553 721
553 58
553 148
553 908
553 298
553 811
553 605
553 279
554 544
554 97
554 341
554 941
554 640
554 438
554 259
554 65
555 782
555 524
555 155
555 444
555 754
556 474
556 58
556 55
556 641
556 113
556 524
556 381
556 647
556 693
556 222
557 350
557 632
557 725
557 295
557 365
557 255
557 271
557 900
557 835
557 597
557 847
557 787
557 823
558 676
558 81
558 242
558 587
558 20
558 985
559 90
559 155
559 755
559 541
559 840
559 86
559 175
560 753
560 535
560 209
560 975
560 166
560 683
560 864
560 435
561 917
561 151
561 776
562 97
562 336
562 48
562 599
562 424
562 146
562 40
563 355
563 76
563 582
563 129
563 703
563 162
563 61
563 955
563 354
564 708
564 616
564 101
564 652
564 591
565 487
565 263
565 795
565 30
565 199
566 251
566 875
566 891
566 34
566 631
567 974
567 964
567 813
567 269
567 118
567 687
567 243
568 493
568 637
568 704
568 602
568 457
568 68
568 934
568 662
568 872
569 806
569 885
569 195
569 348
569 690
569 725
569 431
570 65
570 524
570 693
570 111
570 640
570 212
570 246
570 820
570 901
570 8
571 705
571 25
571 973
571 493
571 464
571 958
571 767
572 909
572 224
572 312
572 761
572 744
573 56
573 419
573 698
573 1
573 940
573 556
573 602
573 368
573 268
573 496
573 14
574 747
574 483
574 659
575 616
575 925
575 786
575 963
575 43
575 138
576 676
576 693
576 971
576 938
576 946
576 936
576 506
576 467
576 652
576 630
576 360
577 281
577 877
577 418
577 793
578 159
578 959
578 751
578 561
578 198
578 996
579 908
579 70
579 302
579 421
579 463
579 165
579 828
579 378
580 106
580 728
580 432
580 337
580 553
580 435
580 840
580 935
580 909
580 332
580 209
581 863
581 775
581 156
581 618
581 301
581 926
581 766
581 890
582 18
582 261
582 454
582 617
582 433
582 788
582 475
582 137
582 485
582 26
583 194
583 239
583 152
583 228
583 75
583 842
583 526
583 965
584 521
584 921
584 846
584 342
584 721
584 328
584 798
585 339
585 812
586 354
586 27
586 606
586 661
586 236
587 932
587 219
588 96
588 362
588 632
588 480
588 681
588 676
588 371
588 917
588 600
588 908
588 855
588 523
588 307
589 871
589 549
589 992
589 714
589 656
589 15
589 985
589 393
589 790
589 59
589 830
590 4
590 940
590 169
590 772
590 90
590 190
590 690
590 191
590 67
590 319
591 949
591 976
591 580
591 347
591 221
591 283
591 68
591 496
592 237
592 674
592 634
592 174
592 727
592 275
592 489
592 544
593 265
593 533
593 139
593 43
593 854
593 858
593 426
593 247
593 57
593 657
593 439
594 76
594 946
594 189
594 142
594 536
594 847
594 940
594 245
594 913
594 27
594 718
594 607
594 793
595 340
595 759
595 916
595 829
595 265
595 391
595 109
595 281
595 768
595 411
595 183
595 463
595 863
595 590
595 750
596 885
596 14
596 416
596 513
596 638
596 582
596 626
596 697
596 90
597 208
597 932
597 944
598 478
598 947
598 514
598 944
598 847
598 519
598 382
599 724
599 193
599 331
599 360
599 839
600 559
600 317
601 55
601 845
601 767
601 233
601 844
602 123
602 738
602 98
602 157
602 290
602 703
603 390
603 445
603 540
603 505
603 956
603 193
603 614
604 691
604 158
604 714
604 630
604 680
604 136
604 636
604 233
605 338
605 561
605 853
605 192
605 270
605 550
605 85
605 335
606 226
606 749
606 77
606 678
606 27
606 559
606 145
606 375
606 891
607 935
607 407
607 335
607 888
607 811
607 600
607 388
607 68
607 348
608 598
608 231
608 5
609 461
609 120
609 51
609 160
609 233
609 726
609 742
610 563
610 141
610 721
610 783
610 231
610 632
610 436
611 489
611 268
611 945
611 402
611 270
611 538
611 705
611 898
611 428
612 439
612 344
612 631
612 789
612 590
613 61
613 738
613 370
613 240
613 130
613 247
613 102
613 607
614 367
614 306
614 234
614 183
614 62
615 701
615 72
615 602
615 331
616 37
616 47
616 386
616 67
616 885
616 41
617 133
617 334
617 232
617 359
617 254
617 981
617 10
618 597
618 174
618 89
618 985
619 775
619 24
619 472
619 984
619 47
620 609
620 664
620 550
620 255
620 271
620 785
621 909
621 815
621 620
621 345
621 78
621 70
621 236
621 440
621 832
621 149
621 910
621 890
621 960
622 35
622 555
622 688
622 913
623 380
623 868
623 757
623 751
623 516
623 700
623 572
623 212
623 819
623 470
623 326
624 121
624 330
624 673
624 209
624 840
624 18
624 876
624 297
624 816
624 745
625 915
625 507
625 241
625 126
625 25
625 326
625 165
625 989
626 819
626 835
626 84
626 357
626 14
626 662
626 713
626 230
626 737
627 882
627 193
627 525
627 331
627 664
627 194
627 6
627 544
627 186
628 67
628 886
628 220
628 419
628 570
629 593
629 786
629 636
629 186
629 231
629 344
629 523
629 826
630 306
630 762
630 438
630 944
630 43
631 94
631 869
631 868
631 472
631 857
632 745
632 156
632 423
632 534
632 609
632 596
632 230
633 224
633 974
633 843
633 936
633 794
633 747
633 536
633 834
633 284
633 822
634 627
634 3
634 820
634 33
634 494
635 982
635 367
635 456
635 792
635 161
636 748
636 877
636 345
636 533
637 91
637 865
637 215
637 379
637 528
637 753
637 643
637 177
638 973
638 907
638 180
638 118
638 341
638 503
638 965
638 881
638 845
639 951
639 795
639 929
639 346
639 691
639 798
639 417
639 476
639 478
639 539
639 698
640 990
640 447
640 132
640 99
640 27
640 989
640 97
640 396
640 837
640 382
640 692
640 390
641 968
641 234
641 140
641 308
641 52
642 904
642 164
642 694
642 779
642 330
642 288
643 335
643 721
643 175
643 35
643 660
643 290
643 745
643 549
644 256
644 103
644 522
644 119
644 712
644 827
644 817
644 771
645 897
645 855
645 344
645 335
645 368
645 681
645 532
645 459
645 382
645 139
645 924
645 632
645 793
645 547
645 468
645 90
646 135
646 236
646 695
646 748
646 217
646 990
646 807
646 473
646 44
647 363
647 903
647 409
647 595
647 848
647 184
647 798
647 915
647 172
647 47
648 135
648 381
648 354
648 705
648 594
648 460
648 862
648 366
648 663
648 416
649 187
649 794
649 950
649 998
649 742
649 921
649 734
649 848
650 387
650 496
650 348
650 899
650 433
650 898
651 374
651 108
651 70
651 678
651 709
652 354
652 433
652 801
652 472
652 661
652 507
652 168
652 429
652 392
653 831
653 555
653 761
653 924
653 210
653 596
653 110
653 447
653 713
654 665
654 577
654 286
654 672
654 939
654 335
654 324
654 961
654 280
654 407
654 608
655 357
655 594
655 951
655 770
655 491
655 234
655 306
656 837
656 853
656 55
656 604
656 519
656 63
656 245
657 788
657 901
657 456
657 497
657 709
657 72
657 942
657 897
657 237
658 285
658 679
658 487
659 560
659 874
659 721
659 942
659 590
659 383
659 85
659 336
659 605
659 210
659 98
659 678
660 720
660 205
660 931
660 945
660 17
660 345
660 102
660 61
660 760
660 552
660 940
660 513
660 724
660 459
661 731
661 3
661 752
661 881
662 265
662 232
662 835
662 750
662 4
662 215
662 519
663 925
663 886
663 952
663 789
663 704
664 273
664 738
664 88
664 203
664 5
664 892
664 786
664 729
664 985
664 198
665 104
665 533
665 933
665 216
665 87
665 513
665 512
666 845
666 639
666 935
666 485
666 551
666 430
666 296
666 715
666 555
666 415
666 628
667 306
667 652
667 199
667 778
667 802
667 126
667 708
667 492
667 683
667 589
667 751
667 899
667 623
667 926
668 499
668 280
668 188
668 229
668 695
668 619
668 288
669 240
669 131
669 851
669 815
669 324
669 9
669 72
669 337
670 387
670 806
670 274
670 472
670 313
671 471
671 470
671 233
671 327
671 467
671 489
671 843
671 877
671 232
671 967
671 992
671 288
672 337
672 731
672 787
672 2
672 256
672 851
672 648
672 876
672 583
672 193
672 694
673 75
673 628
673 512
673 858
673 848
673 951
673 276
674 712
674 749
674 178
674 708
674 866
674 997
674 313
674 758
674 463
674 52
675 905
675 133
675 773
675 755
675 66
675 975
675 460
675 918
675 867
675 470
675 765
675 532
675 777
675 883
676 448
676 995
676 983
676 789
676 211
677 121
677 554
677 424
677 92
677 355
677 451
677 862
678 295
678 302
678 276
678 350
679 363
679 388
679 13
679 727
679 885
679 943
679 730
679 93
679 785
679 658
679 753
679 816
679 487
679 373
680 907
680 509
680 182
680 446
680 443
680 925
680 756
680 277
681 683
681 30
681 6
681 440
681 39
681 933
681 862
681 678
681 783
681 785
681 149
682 741
682 885
682 56
682 847
682 475
682 771
682 20
683 967
683 250
683 842
683 11
683 840
683 594
684 944
684 78
684 398
684 92
684 136
684 703
684 828
684 408
684 347
684 952
684 176
684 519
684 531
685 387
685 164
685 938
685 483
685 690
685 424
686 648
686 521
686 847
686 351
687 259
687 739
687 547
687 550
687 616
687 109
687 147
687 524
687 854
687 955
688 18
688 698
688 93
688 946
688 598
688 855
688 6
688 846
688 355
688 630
689 568
689 434
689 119
689 117
689 120
689 82
690 535
690 410
690 84
690 158
690 895
690 575
690 215
690 328
690 816
691 120
691 717
691 188
691 924
691 406
692 753
692 439
692 917
692 186
692 431
692 298
692 422
692 874
692 324
692 67
692 630
692 212
693 588
693 3
693 315
693 10
693 542
693 198
693 503
693 481
693 259
694 636
694 991
694 19
694 31
694 639
694 516
694 291
694 738
694 652
694 556
694 158
695 906
695 848
695 404
695 551
695 353
695 623
695 330
695 83
695 181
696 83
696 551
696 914
696 895
696 111
696 160
696 992
696 361
696 960
696 320
696 907
696 869
697 113
697 110
697 234
697 528
697 407
697 831
697 242
697 916
697 239
697 202
697 691
698 745
698 781
698 963
698 232
698 700
699 902
699 587
699 79
699 905
699 233
699 797
699 501
699 393
700 438
700 373
700 886
700 13
700 379
700 179
700 318
701 592
701 222
701 471
701 570
701 861
701 596
702 324
702 917
702 741
702 919
703 748
703 157
703 755
703 516
703 962
704 609
704 33
704 583
704 969
704 481
704 214
704 844
704 206
704 795
704 74
704 422
704 308
704 466
705 673
705 316
705 682
705 758
705 349
705 591
706 608
706 379
706 700
706 657
706 417
706 479
706 510
706 268
707 491
707 596
707 48
707 140
707 342
707 655
707 118
707 307
707 634
707 90
708 712
708 673
708 655
708 770
708 619
708 757
708 546
708 740
708 937
708 449
708 344
708 789
708 212
709 506
709 104
709 285
709 760
709 347
710 877
710 11
710 409
710 533
710 88
710 28
710 509
710 124
710 239
710 275
711 267
711 28
711 210
711 884
711 514
711 611
711 227
712 784
712 513
712 160
712 677
712 576
712 265
712 491
712 862
712 206
712 524
713 61
713 628
713 267
713 787
713 265
713 755
713 589
714 952
714 848
714 100
715 365
715 489
715 681
716 53
716 622
716 866
716 743
716 389
717 612
717 557
717 697
717 827
717 651
717 753
718 427
718 922
718 911
718 931
718 573
719 922
719 840
719 369
719 985
719 137
719 129
720 541
720 446
720 749
720 28
720 384
720 740
720 989
720 957
720 906
721 214
721 753
721 554
721 483
721 371
721 104
721 465
721 946
721 168
721 932
721 746
721 191
721 532
722 174
722 269
722 640
722 460
722 375
722 530
722 461
722 932
722 397
723 526
723 131
723 374
723 653
723 985
723 318
723 595
723 801
723 132
723 696
723 42
723 577
723 732
724 586
724 744
724 843
724 396
724 387
724 174
724 464
724 587
724 759
724 426
725 112
725 393
725 470
725 448
725 814
725 481
725 316
725 423
725 971
725 422
726 675
726 150
726 78
726 655
726 864
726 633
726 252
727 375
727 167
727 466
727 619
727 894
727 362
728 31
728 936
728 810
728 849
728 325
728 65
728 886
728 462
729 960
729 435
729 62
729 406
729 596
729 34
729 164
729 31
729 30
729 55
729 633
729 11
730 116
730 165
730 922
730 487
730 967
730 319
730 492
730 183
730 456
730 308
731 448
731 559
731 866
731 715
731 530
731 377
731 358
731 862
731 762
732 77
732 666
732 59
732 587
732 368
732 980
732 282
733 605
733 275
733 351
733 675
733 394
733 14
733 372
733 742
733 499
733 871
733 888
733 833
733 371
733 249
734 190
734 403
734 992
734 777
734 978
734 132
734 933
735 163
735 514
735 683
735 641
735 562
735 22
735 449
735 541
735 215
735 516
736 126
736 845
736 135
736 785
736 777
736 784
737 277
737 687
737 870
738 426
738 233
738 366
738 497
739 321
739 107
739 489
739 886
739 434
739 968
739 416
739 827
739 747
739 247
739 808
740 259
740 973
740 701
740 267
740 262
741 860
741 298
741 601
741 794
741 990
741 233
741 595
741 149
741 479
741 521
742 697
742 31
742 335
742 590
743 593
743 635
743 927
743 637
744 925
744 274
744 562
744 525
745 334
745 29
746 75
746 510
746 37
746 291
746 948
746 412
747 921
747 173
747 524
748 879
748 498
748 504
748 140
748 572
748 575
748 543
748 722
749 148
749 679
749 663
749 594
750 101
750 846
750 637
750 946
750 863
750 127
750 533
750 296
750 983
750 162
750 875
750 972
750 755
750 526
750 141
751 737
751 472
751 264
751 51
751 713
751 308
751 325
752 838
752 618
752 977
752 259
752 783
752 246
752 772
752 197
752 989
752 865
752 297
752 182
753 177
753 20
753 349
753 677
753 723
753 372
753 329
753 887
753 136
754 20
754 896
755 977
755 360
755 668
755 218
755 287
755 895
755 588
755 936
755 946
755 711
755 521
755 872
755 581
756 231
756 91
756 650
756 719
756 566
756 413
757 924
757 141
757 775
757 55
757 339
757 209
757 973
757 613
757 425
757 456
757 567
757 833
757 591
758 50
758 873
758 874
758 744
758 22
758 165
758 286
758 993
759 260
759 587
759 243
759 908
759 74
759 82
759 48
760 552
760 551
760 80
760 397
760 138
760 934
761 668
761 110
761 851
761 660
761 566
761 542
761 722
761 715
761 152
761 873
762 221
762 434
762 575
762 694
762 532
762 397
763 70
763 161
763 440
763 921
763 144
763 214
763 459
763 453
764 465
764 232
764 805
764 980
764 613
764 346
764 957
764 793
764 762
764 452
764 195
764 604
764 46
765 992
765 960
765 628
765 763
765 141
765 742
765 756
765 136
766 824
766 886
766 161
766 752
766 213
767 61
767 34
767 666
767 265
767 785
767 600
767 692
767 905
768 586
768 477
768 173
768 901
768 179
768 110
768 658
768 894
768 912
768 614
768 705
768 860
769 735
769 263
769 922
769 56
769 499
770 992
770 497
770 659
770 267
770 514
770 343
770 506
770 177
771 413
771 603
771 390
771 34
771 776
771 433
771 869
771 579
771 982
771 835
772 836
772 446
772 680
772 906
772 196
772 307
772 538
772 241
772 824
772 141
772 188
772 699
773 844
773 717
773 558
773 867
773 718
773 218
774 711
774 733
774 972
774 359
774 549
774 201
774 530
774 810
774 51
774 677
774 835
774 537
775 12
775 885
775 817
775 60
776 131
776 397
776 755
776 624
776 981
776 141
777 114
777 990
777 609
777 417
777 163
777 235
777 33
777 47
777 946
777 159
777 219
777 157
777 797
778 165
778 614
778 466
778 833
778 736
778 961
778 173
778 2
778 36
779 449
779 389
779 773
779 820
779 233
779 416
779 881
779 435
779 56
779 957
779 769
779 795
780 923
780 512
780 463
780 94
780 216
780 820
780 275
780 642
780 972
780 847
780 370
780 398
781 664
781 936
781 804
781 148
781 105
781 783
781 328
781 632
781 846
781 249
781 777
781 82
781 539
781 116
781 705
781 366
781 797
781 483
781 399
781 11
781 342
782 792
782 601
783 218
783 851
783 645
783 848
783 682
783 641
783 449
783 302
784 661
784 16
784 453
784 14
785 545
785 351
785 739
785 824
785 579
785 192
785 988
785 97
785 543
785 761
785 22
785 918
785 792
785 774
785 501
785 747
786 967
786 513
786 908
786 938
786 483
786 671
786 396
786 367
787 782
787 825
787 451
787 946
787 681
787 292
787 752
787 829
787 399
788 427
788 510
788 785
788 705
789 369
789 993
789 311
789 115
789 372
789 896
789 47
789 556
789 696
790 9
790 775
790 209
790 365
790 626
790 709
790 398
790 216
790 701
790 56
791 454
791 878
791 793
791 918
791 901
791 148
791 305
791 681
791 977
791 493
791 594
791 906
791 557
792 813
792 98
792 394
792 627
792 495
792 372
792 74
792 91
792 472
793 22
793 420
793 918
793 648
793 124
793 584
793 373
794 993
794 854
794 839
794 869
794 689
794 576
794 679
794 916
795 600
795 141
795 129
795 774
795 254
795 496
795 28
795 204
796 673
796 238
796 200
796 732
796 768
796 451
797 94
797 697
797 306
797 675
797 31
797 466
798 859
798 992
798 223
798 263
798 994
798 399
798 856
798 760
799 424
799 718
799 660
799 320
799 478
799 564
799 710
799 751
800 171
800 440
800 522
800 196
800 753
800 400
800 55
800 210
800 368
800 129
800 158
800 689
800 151
800 721
801 542
801 357
801 5
801 595
801 666
801 74
801 821
802 96
802 930
802 192
802 241
802 406
802 411
802 570
802 996
802 888
803 180
803 470
803 778
803 230
803 734
803 953
803 485
804 660
804 617
804 931
804 414
804 643
804 146
804 799
804 916
804 359
804 357
804 978
805 703
805 287
805 927
805 435
805 317
805 683
805 427
806 436
806 11
806 237
806 41
806 714
806 442
806 532
806 265
806 356
807 870
807 627
807 808
807 206
807 754
807 847
807 402
808 921
808 464
808 194
808 803
808 853
808 124
808 169
808 600
808 673
808 626
809 158
809 996
809 434
809 634
809 600
809 426
809 538
809 56
809 708
809 695
809 766
809 621
809 865
809 361
809 176
810 236
810 340
810 268
810 888
810 922
810 905
810 249
811 631
811 892
811 237
811 921
811 202
812 576
812 480
812 219
812 800
812 388
812 328
812 17
812 317
812 482
812 284
812 496
812 52
813 776
813 221
813 182
813 504
813 108
813 509
813 152
813 716
813 545
813 981
813 512
813 611
813 136
813 36
813 523
813 411
813 48
814 460
814 811
814 166
814 136
814 275
814 860
814 417
814 402
814 396
814 64
815 193
815 454
815 85
815 348
815 526
815 113
815 310
816 936
816 205
816 533
816 200
816 585
816 47
817 828
817 619
817 719
818 747
818 137
818 730
818 132
818 231
818 142
819 766
819 753
819 721
819 784
819 538
820 871
820 714
820 341
820 477
820 530
820 909
820 672
820 955
821 730
821 768
821 834
821 734
821 832
821 814
821 157
821 201
821 646
822 519
822 451
822 959
822 180
822 938
822 561
822 616
823 172
823 117
823 536
823 985
823 148
823 741
823 29
824 333
824 891
824 188
824 362
824 304
824 45
824 954
824 442
824 708
825 375
825 979
825 893
825 164
825 863
826 420
826 465
826 712
826 80
826 913
826 895
826 69
826 642
826 499
826 893
826 772
826 153
826 391
826 997
826 921
827 371
827 641
827 599
827 662
827 457
827 72
827 977
827 940
827 529
827 66
827 191
828 544
828 259
828 43
828 411
828 862
828 150
828 406
828 701
828 847
828 517
828 108
829 345
829 246
829 31
829 769
829 277
829 496
829 111
829 594
829 940
830 715
830 0
830 945
830 919
830 916
830 690
830 180
830 38
830 462
831 490
831 7
831 265
831 755
831 526
831 691
831 476
831 388
831 40
832 838
832 287
832 368
832 586
832 395
832 975
832 388
833 211
833 416
833 788
833 826
833 582
833 4
833 649
833 216
834 559
834 405
834 766
834 437
834 849
834 233
834 971
834 252
834 679
834 180
834 586
835 250
835 384
835 233
835 702
835 863
835 509
836 476
836 353
836 2
836 427
836 192
837 46
837 733
837 692
837 810
837 234
837 540
837 405
837 594
837 950
837 114
837 355
837 153
838 278
838 236
838 655
838 111
838 789
838 613
838 639
838 923
838 772
838 184
838 927
838 25
839 26
839 596
839 197
839 283
839 74
840 289
840 221
840 665
840 911
840 542
840 256
840 516
840 753
840 591
841 768
841 516
841 524
841 195
841 506
841 909
841 32
841 509
841 844
841 862
841 897
842 301
842 683
842 733
842 850
842 126
843 26
843 493
843 981
843 593
843 19
844 671
844 365
844 628
844 877
844 316
845 439
845 870
845 750
846 581
846 601
846 479
846 343
847 662
847 422
847 535
847 297
847 578
848 343
848 707
848 601
848 434
848 871
848 296
848 951
848 562
849 728
849 736
849 62
849 29
849 402
849 109
849 182
849 576
850 289
850 217
850 826
850 539
850 184
850 455
850 670
850 804
850 669
850 794
851 519
851 104
851 451
851 166
851 110
851 709
851 764
852 739
852 136
852 462
852 235
852 410
852 68
852 793
852 387
853 872
853 917
853 384
853 284
853 441
853 817
853 66
853 176
853 203
853 641
853 191
853 744
854 803
854 856
854 720
854 49
854 483
854 524
854 503
854 242
855 657
855 382
855 307
855 712
855 748
855 745
855 842
855 299
855 861
855 183
856 693
856 219
856 36
856 812
857 924
857 915
857 964
857 522
857 105
857 88
857 78
857 786
858 365
858 527
858 801
858 744
858 526
858 596
858 857
858 241
859 652
859 531
859 373
859 131
859 775
859 451
860 662
860 598
860 655
860 879
860 695
861 786
861 107
861 356
862 150
862 856
862 211
862 339
862 545
862 974
862 41
862 134
862 552
862 630
862 21
862 244
862 916
862 270
863 618
863 265
863 407
863 838
863 802
863 27
863 443
863 34
863 996
864 46
864 28
864 789
864 668
865 812
865 204
865 462
865 326
865 535
865 410
865 307
865 920
865 37
865 390
865 348
865 211
865 382
865 254
865 646
865 759
865 270
865 128
866 432
866 853
866 224
866 11
866 85
866 290
866 344
866 195
866 796
866 334
867 755
867 939
867 97
867 480
868 211
868 740
868 807
868 191
868 78
868 518
868 28
868 979
868 559
869 471
869 693
869 345
869 362
869 758
869 85
870 256
870 285
870 673
870 472
870 111
870 703
870 246
870 912
870 724
871 492
871 2
871 828
872 982
872 851
872 992
872 758
872 539
872 901
872 510
873 898
873 236
873 268
873 595
873 411
873 742
873 761
873 962
873 280
873 377
873 528
873 148
874 859
874 522
874 84
874 556
874 670
874 712
874 575
874 259
875 855
875 79
875 507
875 597
875 1
875 358
875 889
875 303
875 609
876 422
876 728
876 977
876 117
876 119
876 276
876 373
876 630
876 122
876 795
876 352
876 503
877 11
877 695
877 189
877 415
877 802
878 57
878 894
878 556
878 35
878 170
878 693
878 821
879 881
879 188
879 733
879 343
879 834
879 670
880 728
880 59
880 354
880 785
880 245
880 131
881 838
881 627
881 442
881 319
881 618
881 803
881 902
881 990
881 666
882 86
882 633
882 933
882 11
883 785
883 139
883 876
883 512
883 706
883 781
883 585
883 331
883 85
883 902
884 844
884 318
884 403
884 448
884 996
884 546
884 308
885 472
885 997
885 394
885 124
885 1
885 946
885 140
885 508
885 385
885 652
885 614
885 409
885 841
886 854
886 37
886 31
886 280
886 34
886 946
886 234
886 160
887 228
887 347
887 346
887 681
888 515
888 72
888 580
888 312
888 315
888 187
888 854
889 588
889 413
889 511
889 808
889 58
889 199
890 716
890 487
890 925
890 442
890 837
890 954
890 152
890 834
890 389
890 957
891 454
891 428
891 190
891 706
891 575
891 44
892 608
892 561
892 745
892 323
892 311
892 527
892 902
892 217
893 865
893 900
893 710
893 423
894 209
894 500
894 649
894 744
894 854
895 463
895 524
895 135
895 133
895 632
895 317
895 768
895 381
895 124
895 550
895 787
895 527
896 102
896 497
896 905
896 222
896 482
896 638
896 370
896 964
896 889
896 982
896 965
896 663
896 525
897 162
897 991
897 426
897 677
897 52
897 451
898 842
898 29
898 789
898 939
898 631
898 346
898 818
899 976
899 150
899 938
899 948
899 270
899 756
900 853
900 635
900 74
900 251
901 319
901 817
901 936
901 910
901 255
902 660
902 240
902 890
902 116
902 712
902 261
902 708
902 183
902 933
903 770
903 668
903 91
903 835
903 667
903 39
903 70
903 548
903 607
903 653
903 60
903 13
903 897
903 149
903 156
904 431
904 530
904 97
904 992
904 31
904 739
904 772
904 190
904 109
904 225
904 961
905 692
905 704
905 12
905 324
905 485
905 711
905 644
905 476
905 534
905 635
905 263
906 3
906 522
906 754
906 657
906 456
906 818
906 975
906 899
906 508
907 76
907 985
907 480
907 201
907 425
907 847
908 91
908 540
908 703
908 387
908 479
908 464
908 152
909 783
909 376
909 347
909 861
909 295
909 669
910 172
910 429
910 683
910 851
910 322
910 751
910 245
910 820
910 87
910 873
911 731
911 854
911 777
911 859
912 781
912 973
912 869
912 953
912 164
912 107
912 488
912 142
912 895
912 326
912 192
913 542
913 478
913 734
913 574
913 137
913 607
913 506
913 861
913 684
913 790
914 703
914 39
914 882
914 195
914 694
914 649
914 995
914 548
915 427
915 840
915 468
915 903
915 355
915 141
915 328
915 321
916 494
916 977
916 299
917 432
917 164
917 475
917 257
917 252
917 55
917 710
917 746
917 985
918 437
918 47
918 777
918 295
918 518
919 47
919 50
919 326
919 863
919 813
919 696
919 266
920 796
920 507
920 88
920 797
920 713
920 642
920 93
921 260
921 949
921 310
921 824
921 655
921 490
921 861
921 38
921 255
921 365
921 636
921 182
922 956
922 952
922 351
922 35
922 829
922 822
922 116
922 551
922 863
922 794
922 925
923 801
923 838
923 385
923 822
923 309
923 199
923 728
923 621
923 657
923 618
924 362
924 322
924 731
924 829
924 225
924 920
924 133
924 583
924 324
925 986
925 763
925 87
925 990
926 732
926 121
926 219
926 922
926 741
926 248
927 75
927 177
927 538
927 92
927 408
927 199
927 434
928 603
928 591
928 372
928 499
928 986
928 701
928 226
928 511
928 573
929 468
929 787
929 801
929 5
929 934
929 298
929 378
930 397
930 448
930 355
931 964
931 573
931 973
931 615
931 479
931 5
931 217
932 431
932 570
932 965
932 117
932 98
932 96
932 752
932 976
932 436
932 134
933 738
933 505
933 21
933 628
933 813
933 700
933 408
933 889
934 636
934 592
934 411
934 27
934 643
934 826
934 911
934 16
935 75
935 342
935 890
935 967
935 577
935 174
935 512
935 32
935 578
936 850
936 420
936 912
936 808
936 289
936 589
937 489
937 963
937 576
937 266
938 286
938 79
938 613
938 168
938 864
938 589
939 731
939 278
939 524
939 760
939 479
939 995
939 923
939 169
940 502
940 52
940 350
940 900
940 881
940 497
941 909
941 738
941 141
941 396
941 747
941 210
941 74
942 516
942 692
942 355
942 45
942 155
942 528
942 923
943 159
943 129
943 390
943 765
943 451
943 759
944 562
944 788
944 819
944 24
944 338
945 165
945 106
945 916
945 871
945 756
945 256
945 679
946 421
946 559
946 33
947 519
947 234
947 823
947 385
947 665
947 203
948 654
948 849
948 61
948 553
948 273
948 829
948 721
949 268
949 637
949 369
949 568
949 4
950 624
950 79
950 230
950 923
950 355
950 629
951 684
951 593
951 968
951 881
951 567
951 808
951 528
951 170
952 457
952 781
952 201
952 746
952 390
952 590
952 318
952 933
952 691
952 769
952 686
953 329
953 963
953 554
953 105
953 112
953 29
953 476
954 330
954 249
954 934
954 564
954 215
954 138
954 790
954 199
954 845
955 461
955 189
955 492
955 566
955 945
955 591
955 87
955 746
955 718
955 13
955 351
956 344
956 603
956 256
956 248
956 730
956 228
956 389
956 864
956 954
956 349
956 246
957 504
957 623
957 332
957 18
957 297
957 770
957 844
957 905
957 376
957 690
957 886
958 195
958 115
958 420
959 432
959 599
959 20
959 196
959 513
959 495
960 539
960 677
960 565
960 84
960 15
960 741
960 621
960 483
960 534
961 662
961 223
961 764
961 753
961 906
961 631
961 210
961 697
961 477
961 952
961 940
961 444
961 783
962 292
962 170
962 350
962 200
962 394
962 860
962 222
963 539
963 591
963 284
963 527
963 263
963 821
963 497
963 187
963 58
964 360
964 12
964 89
964 372
964 242
964 284
964 276
964 786
965 466
965 903
965 134
965 964
965 601
965 220
965 812
965 926
965 695
965 289
965 245
966 893
966 981
966 392
966 340
966 230
966 91
967 426
967 110
967 624
967 299
967 92
967 25
967 310
967 247
967 741
967 305
967 984
967 695
968 118
968 313
968 953
968 973
968 950
968 952
968 969
968 306
968 921
969 171
969 202
969 745
969 32
969 700
970 235
970 524
970 891
970 763
970 878
970 530
970 874
970 352
970 254
970 807
970 573
970 904
971 86
971 512
971 477
971 716
971 811
971 89
971 381
971 604
971 63
971 733
971 460
972 695
972 880
972 514
972 217
972 838
973 564
973 18
973 398
973 132
973 804
973 130
974 655
974 449
974 636
974 910
974 280
974 721
974 853
975 843
975 178
975 616
975 746
975 372
975 637
975 107
975 664
976 712
976 614
976 271
976 897
976 225
976 910
977 582
977 869
977 787
977 246
977 146
977 627
977 493
977 213
977 865
977 832
977 630
977 461
978 966
978 411
978 796
979 254
979 544
979 616
979 782
979 654
979 22
979 718
979 510
979 885
980 44
980 996
980 661
980 790
980 933
980 487
980 975
980 699
980 192
981 563
981 574
981 908
981 806
981 449
981 465
982 829
982 641
982 709
982 845
982 118
982 370
982 776
983 592
983 462
983 627
983 122
983 635
983 8
983 964
983 60
983 925
984 478
984 294
984 94
984 325
984 994
984 744
984 86
984 924
985 537
985 290
985 703
985 799
985 904
985 529
985 148
986 491
986 203
986 135
986 602
986 911
986 608
986 947
986 50
986 585
986 661
986 607
987 387
987 104
987 579
987 847
987 211
987 275
988 293
988 689
988 657
988 386
988 725
988 759
988 217
988 799
989 479
989 549
989 988
989 886
989 19
989 585
990 187
990 472
990 590
990 434
990 627
991 728
991 323
991 680
991 867
991 990
991 698
991 356
991 173
991 283
992 122
992 908
992 760
992 146
993 451
993 886
993 784
993 350
994 944
994 538
994 604
994 46
994 62
994 809
995 204
995 233
995 758
995 231
996 874
996 779
996 984
996 704
996 635
997 482
997 429
997 150
997 835
997 723
997 450
997 230
997 639
998 619
998 217
998 854
998 103
998 944
998 955
998 275
998 685
998 764
998 71
998 341
998 967
998 630
999 669
999 746
999 371
999 549
999 139
999 719
999 324
999 421
999 532
999 260
999 685
