0 103 1.0
0 367 1.0
0 477 1.0
0 609 1.0
0 691 1.0
0 854 1.0
0 957 1.0
1 131 1.0
1 304 1.0
1 321 1.0
1 325 1.0
1 394 1.0
1 408 1.0
1 423 1.0
1 492 1.0
1 911 1.0
1 998 1.0
2 256 1.0
2 739 1.0
2 756 1.0
2 822 1.0
2 981 1.0
3 294 1.0
3 329 1.0
3 459 1.0
3 505 1.0
3 866 1.0
4 184 1.0
4 302 1.0
4 319 1.0
4 346 1.0
4 420 1.0
4 424 1.0
4 432 1.0
4 523 1.0
4 546 1.0
4 829 1.0
5 184 1.0
5 630 1.0
5 671 1.0
5 954 1.0
5 967 1.0
6 138 1.0
6 240 1.0
6 267 1.0
6 451 1.0
6 581 1.0
6 654 1.0
6 737 1.0
6 928 1.0
6 939 1.0
6 988 1.0
7 70 1.0
7 143 1.0
7 843 1.0
8 204 1.0
8 389 1.0
8 418 1.0
8 438 1.0
8 469 1.0
8 473 1.0
8 528 1.0
8 627 1.0
8 628 1.0
9 2 1.0
9 55 1.0
9 238 1.0
9 461 1.0
9 505 1.0
9 728 1.0
9 733 1.0
9 837 1.0
10 369 1.0
10 566 1.0
10 621 1.0
10 906 1.0
10 980 1.0
11 53 1.0
11 227 1.0
11 373 1.0
11 431 1.0
11 448 1.0
11 450 1.0
11 560 1.0
11 580 1.0
11 727 1.0
11 831 1.0
11 932 1.0
11 959 1.0
11 986 1.0
12 14 1.0
12 84 1.0
12 253 1.0
12 363 1.0
12 473 1.0
12 656 1.0
12 764 1.0
12 827 1.0
12 907 1.0
13 105 1.0
13 295 1.0
13 308 1.0
13 824 1.0
13 888 1.0
13 937 1.0
14 148 1.0
14 488 1.0
14 910 1.0
14 960 1.0
15 275 1.0
15 317 1.0
15 654 1.0
15 847 1.0
15 871 1.0
15 929 1.0
15 994 1.0
16 354 1.0
16 501 1.0
16 663 1.0
16 810 1.0
16 916 1.0
16 991 1.0
17 189 1.0
17 397 1.0
17 749 1.0
17 834 1.0
17 883 1.0
18 14 1.0
18 176 1.0
18 217 1.0
18 248 1.0
18 273 1.0
18 386 1.0
18 566 1.0
18 582 1.0
18 629 1.0
18 822 1.0
18 988 1.0
19 2 1.0
19 413 1.0
19 496 1.0
19 986 1.0
20 68 1.0
20 320 1.0
20 630 1.0
20 646 1.0
20 700 1.0
20 764 1.0
20 806 1.0
20 982 1.0
21 219 1.0
21 230 1.0
21 248 1.0
21 355 1.0
21 374 1.0
21 434 1.0
21 611 1.0
21 679 1.0
22 238 1.0
22 359 1.0
22 651 1.0
22 798 1.0
22 811 1.0
22 871 1.0
22 970 1.0
22 997 1.0
23 127 1.0
23 280 1.0
23 404 1.0
23 455 1.0
23 527 1.0
23 534 1.0
23 756 1.0
23 770 1.0
23 805 1.0
23 912 1.0
23 942 1.0
23 985 1.0
24 15 1.0
24 410 1.0
24 506 1.0
24 538 1.0
24 633 1.0
24 810 1.0
24 817 1.0
25 93 1.0
25 266 1.0
25 313 1.0
25 355 1.0
25 401 1.0
25 539 1.0
25 558 1.0
25 918 1.0
26 81 1.0
26 610 1.0
26 644 1.0
26 773 1.0
26 910 1.0
27 32 1.0
27 386 1.0
27 485 1.0
27 826 1.0
27 906 1.0
27 967 1.0
28 11 1.0
28 18 1.0
28 283 1.0
28 314 1.0
28 530 1.0
28 784 1.0
28 904 1.0
28 953 1.0
29 222 1.0
29 319 1.0
29 389 1.0
29 757 1.0
30 482 1.0
30 582 1.0
30 625 1.0
31 95 1.0
31 783 1.0
32 73 1.0
32 210 1.0
32 675 1.0
32 907 1.0
33 4 1.0
33 52 1.0
33 216 1.0
33 305 1.0
33 485 1.0
33 542 1.0
33 716 1.0
33 731 1.0
33 906 1.0
34 5 1.0
34 93 1.0
34 128 1.0
34 148 1.0
34 282 1.0
34 376 1.0
34 432 1.0
34 641 1.0
34 729 1.0
34 824 1.0
34 867 1.0
34 868 1.0
34 899 1.0
34 966 1.0
35 54 1.0
35 393 1.0
35 466 1.0
35 594 1.0
35 817 1.0
36 8 1.0
36 158 1.0
36 169 1.0
36 216 1.0
36 262 1.0
36 898 1.0
36 910 1.0
36 999 1.0
37 293 1.0
37 636 1.0
37 824 1.0
38 184 1.0
38 202 1.0
38 511 1.0
38 517 1.0
38 651 1.0
38 673 1.0
38 720 1.0
39 104 1.0
39 149 1.0
39 193 1.0
39 254 1.0
39 409 1.0
39 524 1.0
39 555 1.0
39 567 1.0
39 581 1.0
39 844 1.0
40 36 1.0
40 301 1.0
40 391 1.0
40 475 1.0
40 565 1.0
40 579 1.0
40 719 1.0
40 789 1.0
40 903 1.0
40 911 1.0
41 2 1.0
41 11 1.0
41 115 1.0
41 187 1.0
41 414 1.0
41 570 1.0
41 613 1.0
41 747 1.0
41 775 1.0
41 889 1.0
41 912 1.0
41 964 1.0
42 16 1.0
42 44 1.0
42 104 1.0
42 117 1.0
42 226 1.0
42 450 1.0
42 562 1.0
42 593 1.0
42 599 1.0
42 902 1.0
43 41 1.0
43 63 1.0
43 526 1.0
43 529 1.0
43 639 1.0
43 724 1.0
43 726 1.0
43 736 1.0
44 101 1.0
44 318 1.0
44 540 1.0
44 550 1.0
44 600 1.0
44 733 1.0
44 804 1.0
44 944 1.0
44 960 1.0
44 982 1.0
44 984 1.0
45 139 1.0
45 370 1.0
45 835 1.0
45 867 1.0
45 945 1.0
46 76 1.0
46 109 1.0
46 453 1.0
46 459 1.0
46 826 1.0
46 831 1.0
47 39 1.0
47 226 1.0
47 267 1.0
47 298 1.0
47 396 1.0
47 499 1.0
47 771 1.0
47 805 1.0
47 957 1.0
47 981 1.0
48 242 1.0
48 261 1.0
48 419 1.0
48 459 1.0
48 504 1.0
48 581 1.0
48 665 1.0
48 766 1.0
48 903 1.0
48 962 1.0
48 972 1.0
48 977 1.0
49 106 1.0
49 120 1.0
49 280 1.0
49 310 1.0
49 322 1.0
49 638 1.0
49 866 1.0
49 869 1.0
50 294 1.0
50 344 1.0
50 439 1.0
50 658 1.0
50 781 1.0
50 904 1.0
51 239 1.0
51 319 1.0
51 779 1.0
51 894 1.0
51 943 1.0
52 420 1.0
52 471 1.0
52 607 1.0
52 658 1.0
52 686 1.0
52 858 1.0
52 903 1.0
52 908 1.0
53 256 1.0
53 422 1.0
53 424 1.0
53 589 1.0
53 642 1.0
53 711 1.0
54 72 1.0
54 120 1.0
54 229 1.0
54 243 1.0
54 358 1.0
54 398 1.0
54 609 1.0
54 767 1.0
54 798 1.0
54 827 1.0
55 320 1.0
55 443 1.0
55 444 1.0
55 587 1.0
55 683 1.0
55 877 1.0
55 985 1.0
56 22 1.0
56 123 1.0
56 162 1.0
56 177 1.0
56 236 1.0
56 369 1.0
56 482 1.0
56 492 1.0
56 618 1.0
56 633 1.0
56 790 1.0
57 15 1.0
57 32 1.0
57 128 1.0
57 223 1.0
57 311 1.0
57 398 1.0
57 483 1.0
57 581 1.0
57 808 1.0
57 870 1.0
57 880 1.0
58 124 1.0
58 320 1.0
58 367 1.0
58 429 1.0
58 450 1.0
58 543 1.0
58 651 1.0
58 672 1.0
58 712 1.0
58 740 1.0
58 810 1.0
59 104 1.0
59 388 1.0
59 501 1.0
59 714 1.0
59 723 1.0
59 908 1.0
60 36 1.0
60 63 1.0
60 91 1.0
60 174 1.0
60 203 1.0
60 394 1.0
60 593 1.0
60 659 1.0
60 940 1.0
60 998 1.0
61 13 1.0
61 93 1.0
61 204 1.0
61 428 1.0
61 480 1.0
61 650 1.0
61 814 1.0
61 891 1.0
61 945 1.0
61 952 1.0
62 188 1.0
62 273 1.0
62 400 1.0
62 434 1.0
62 613 1.0
62 731 1.0
62 786 1.0
62 835 1.0
62 843 1.0
62 911 1.0
62 969 1.0
62 987 1.0
63 4 1.0
63 670 1.0
63 753 1.0
63 781 1.0
63 813 1.0
63 901 1.0
63 948 1.0
63 961 1.0
63 977 1.0
64 211 1.0
64 483 1.0
64 512 1.0
64 535 1.0
64 636 1.0
64 819 1.0
64 888 1.0
65 62 1.0
65 87 1.0
65 272 1.0
65 453 1.0
65 478 1.0
65 481 1.0
65 519 1.0
65 839 1.0
65 847 1.0
65 947 1.0
66 3 1.0
66 134 1.0
66 135 1.0
66 552 1.0
66 584 1.0
66 674 1.0
66 898 1.0
67 77 1.0
67 286 1.0
67 433 1.0
67 532 1.0
67 576 1.0
67 673 1.0
67 783 1.0
67 785 1.0
67 790 1.0
67 866 1.0
67 948 1.0
67 967 1.0
68 29 1.0
68 570 1.0
68 669 1.0
68 686 1.0
68 777 1.0
68 778 1.0
68 899 1.0
68 928 1.0
68 990 1.0
69 18 1.0
69 586 1.0
69 888 1.0
70 8 1.0
70 13 1.0
70 16 1.0
70 180 1.0
70 309 1.0
70 385 1.0
70 410 1.0
70 734 1.0
70 854 1.0
70 872 1.0
70 892 1.0
70 927 1.0
70 937 1.0
71 28 1.0
71 88 1.0
71 108 1.0
71 137 1.0
71 548 1.0
71 584 1.0
71 758 1.0
71 783 1.0
71 993 1.0
72 334 1.0
72 369 1.0
72 948 1.0
72 987 1.0
72 998 1.0
73 1 1.0
73 119 1.0
73 788 1.0
73 797 1.0
73 812 1.0
73 838 1.0
73 922 1.0
73 996 1.0
74 25 1.0
74 70 1.0
74 98 1.0
74 141 1.0
74 264 1.0
74 324 1.0
74 395 1.0
74 723 1.0
74 792 1.0
74 868 1.0
74 879 1.0
74 921 1.0
75 53 1.0
75 89 1.0
75 168 1.0
75 191 1.0
75 709 1.0
75 765 1.0
75 832 1.0
75 906 1.0
76 11 1.0
76 64 1.0
76 237 1.0
76 288 1.0
76 330 1.0
76 348 1.0
76 446 1.0
76 533 1.0
76 759 1.0
76 974 1.0
77 110 1.0
77 196 1.0
77 305 1.0
77 590 1.0
77 692 1.0
77 726 1.0
77 870 1.0
77 933 1.0
78 30 1.0
78 243 1.0
78 328 1.0
78 536 1.0
78 601 1.0
79 16 1.0
79 68 1.0
79 317 1.0
79 508 1.0
79 650 1.0
79 708 1.0
79 709 1.0
79 837 1.0
79 878 1.0
79 948 1.0
80 141 1.0
80 183 1.0
80 745 1.0
80 817 1.0
80 826 1.0
80 870 1.0
81 125 1.0
81 307 1.0
81 615 1.0
81 736 1.0
81 817 1.0
81 831 1.0
81 849 1.0
82 3 1.0
82 304 1.0
82 315 1.0
82 840 1.0
82 989 1.0
83 106 1.0
83 238 1.0
83 338 1.0
83 339 1.0
83 622 1.0
83 746 1.0
83 998 1.0
84 81 1.0
84 391 1.0
84 497 1.0
84 534 1.0
84 788 1.0
84 851 1.0
84 912 1.0
84 925 1.0
84 953 1.0
85 28 1.0
85 116 1.0
85 212 1.0
85 314 1.0
85 494 1.0
85 533 1.0
85 664 1.0
85 915 1.0
85 980 1.0
85 997 1.0
86 99 1.0
86 298 1.0
86 360 1.0
86 421 1.0
86 553 1.0
86 659 1.0
86 794 1.0
86 838 1.0
87 321 1.0
87 367 1.0
87 482 1.0
87 561 1.0
87 640 1.0
87 692 1.0
87 700 1.0
87 746 1.0
87 870 1.0
88 108 1.0
88 128 1.0
88 157 1.0
88 174 1.0
88 371 1.0
88 562 1.0
88 579 1.0
88 703 1.0
88 822 1.0
88 838 1.0
88 880 1.0
89 6 1.0
89 29 1.0
89 396 1.0
89 522 1.0
89 584 1.0
89 996 1.0
90 221 1.0
90 264 1.0
90 327 1.0
90 674 1.0
90 786 1.0
90 796 1.0
90 942 1.0
90 975 1.0
91 38 1.0
91 79 1.0
91 561 1.0
91 571 1.0
91 621 1.0
91 639 1.0
91 641 1.0
91 826 1.0
91 890 1.0
92 61 1.0
92 543 1.0
92 625 1.0
92 783 1.0
92 810 1.0
93 163 1.0
93 247 1.0
93 443 1.0
93 771 1.0
94 8 1.0
94 581 1.0
94 982 1.0
95 6 1.0
95 126 1.0
95 630 1.0
95 656 1.0
96 179 1.0
96 204 1.0
96 223 1.0
96 459 1.0
96 848 1.0
96 958 1.0
97 55 1.0
97 807 1.0
97 897 1.0
98 111 1.0
98 194 1.0
98 399 1.0
98 447 1.0
98 526 1.0
98 833 1.0
99 39 1.0
99 73 1.0
99 376 1.0
99 393 1.0
99 703 1.0
99 742 1.0
99 798 1.0
99 979 1.0
100 455 1.0
100 542 1.0
100 676 1.0
100 766 1.0
101 8 1.0
101 76 1.0
101 149 1.0
101 222 1.0
101 292 1.0
101 408 1.0
101 433 1.0
101 798 1.0
101 880 1.0
101 900 1.0
102 103 1.0
102 136 1.0
102 311 1.0
102 455 1.0
102 656 1.0
102 871 1.0
103 460 1.0
103 563 1.0
103 651 1.0
103 808 1.0
103 895 1.0
104 140 1.0
104 143 1.0
104 298 1.0
104 343 1.0
104 483 1.0
104 521 1.0
104 785 1.0
104 882 1.0
104 948 1.0
105 55 1.0
105 429 1.0
105 493 1.0
105 678 1.0
105 925 1.0
106 17 1.0
106 108 1.0
106 133 1.0
106 563 1.0
106 585 1.0
106 621 1.0
106 924 1.0
106 930 1.0
106 987 1.0
106 991 1.0
107 205 1.0
107 398 1.0
107 452 1.0
107 572 1.0
107 587 1.0
107 746 1.0
107 840 1.0
107 867 1.0
107 901 1.0
108 84 1.0
108 106 1.0
108 216 1.0
108 496 1.0
108 554 1.0
109 85 1.0
109 203 1.0
109 215 1.0
109 266 1.0
109 299 1.0
109 356 1.0
109 392 1.0
109 698 1.0
109 715 1.0
109 761 1.0
109 778 1.0
109 902 1.0
110 18 1.0
110 34 1.0
110 173 1.0
110 215 1.0
110 284 1.0
110 394 1.0
110 579 1.0
110 791 1.0
111 28 1.0
111 216 1.0
111 279 1.0
111 366 1.0
111 484 1.0
111 609 1.0
111 807 1.0
111 977 1.0
112 80 1.0
112 322 1.0
112 479 1.0
112 505 1.0
112 520 1.0
112 682 1.0
112 788 1.0
112 953 1.0
113 91 1.0
113 295 1.0
113 373 1.0
113 889 1.0
113 979 1.0
114 3 1.0
114 27 1.0
114 98 1.0
114 285 1.0
114 406 1.0
114 664 1.0
114 687 1.0
114 707 1.0
114 708 1.0
114 759 1.0
114 843 1.0
114 867 1.0
114 899 1.0
115 32 1.0
115 180 1.0
115 235 1.0
115 414 1.0
115 476 1.0
115 488 1.0
115 678 1.0
115 688 1.0
115 839 1.0
115 857 1.0
116 102 1.0
116 107 1.0
116 649 1.0
116 650 1.0
116 665 1.0
116 904 1.0
116 934 1.0
117 140 1.0
117 173 1.0
117 207 1.0
117 257 1.0
117 321 1.0
117 476 1.0
117 594 1.0
117 738 1.0
118 129 1.0
118 331 1.0
118 484 1.0
118 522 1.0
118 673 1.0
118 875 1.0
118 931 1.0
118 990 1.0
118 995 1.0
119 41 1.0
119 237 1.0
119 276 1.0
119 441 1.0
119 446 1.0
119 498 1.0
119 577 1.0
119 604 1.0
119 690 1.0
119 791 1.0
119 802 1.0
119 810 1.0
119 883 1.0
119 891 1.0
120 61 1.0
120 87 1.0
120 198 1.0
120 219 1.0
120 280 1.0
120 365 1.0
120 678 1.0
120 777 1.0
120 962 1.0
121 206 1.0
121 384 1.0
121 455 1.0
121 506 1.0
121 732 1.0
121 763 1.0
121 823 1.0
121 912 1.0
122 3 1.0
122 25 1.0
122 120 1.0
122 171 1.0
122 678 1.0
123 242 1.0
123 509 1.0
123 627 1.0
123 683 1.0
123 927 1.0
123 986 1.0
124 180 1.0
124 290 1.0
124 325 1.0
124 535 1.0
124 605 1.0
124 772 1.0
124 814 1.0
125 200 1.0
125 408 1.0
125 484 1.0
125 743 1.0
125 811 1.0
125 851 1.0
125 870 1.0
125 916 1.0
125 960 1.0
126 110 1.0
126 120 1.0
126 358 1.0
126 383 1.0
126 602 1.0
126 693 1.0
126 733 1.0
126 883 1.0
126 961 1.0
127 28 1.0
127 599 1.0
127 730 1.0
127 872 1.0
128 162 1.0
128 277 1.0
128 337 1.0
128 346 1.0
128 367 1.0
128 467 1.0
128 687 1.0
128 692 1.0
128 708 1.0
128 948 1.0
128 958 1.0
129 65 1.0
129 131 1.0
129 207 1.0
129 394 1.0
129 446 1.0
129 559 1.0
129 561 1.0
129 872 1.0
130 69 1.0
130 129 1.0
130 209 1.0
130 248 1.0
130 444 1.0
130 450 1.0
130 507 1.0
130 919 1.0
131 93 1.0
131 95 1.0
131 281 1.0
131 469 1.0
131 517 1.0
131 537 1.0
131 548 1.0
131 784 1.0
131 895 1.0
131 976 1.0
132 5 1.0
132 78 1.0
132 137 1.0
132 479 1.0
132 584 1.0
132 632 1.0
132 643 1.0
133 159 1.0
133 615 1.0
133 764 1.0
133 892 1.0
133 963 1.0
134 340 1.0
134 403 1.0
134 561 1.0
134 592 1.0
134 820 1.0
135 87 1.0
135 113 1.0
135 178 1.0
135 238 1.0
135 468 1.0
135 658 1.0
135 689 1.0
135 785 1.0
135 997 1.0
136 321 1.0
136 501 1.0
136 663 1.0
136 814 1.0
136 884 1.0
136 984 1.0
137 106 1.0
137 270 1.0
137 467 1.0
137 774 1.0
137 896 1.0
138 154 1.0
138 200 1.0
138 205 1.0
138 274 1.0
138 518 1.0
138 691 1.0
138 898 1.0
138 982 1.0
139 317 1.0
139 380 1.0
139 654 1.0
139 670 1.0
139 682 1.0
139 684 1.0
139 702 1.0
139 783 1.0
139 815 1.0
139 938 1.0
140 12 1.0
140 137 1.0
140 259 1.0
140 327 1.0
140 355 1.0
140 782 1.0
140 886 1.0
140 971 1.0
140 972 1.0
141 216 1.0
141 519 1.0
141 688 1.0
141 702 1.0
141 712 1.0
141 808 1.0
141 983 1.0
142 104 1.0
142 181 1.0
142 188 1.0
142 228 1.0
142 300 1.0
142 433 1.0
142 560 1.0
142 769 1.0
142 834 1.0
142 925 1.0
143 202 1.0
143 208 1.0
143 215 1.0
143 299 1.0
143 341 1.0
143 542 1.0
143 550 1.0
143 710 1.0
143 720 1.0
144 288 1.0
144 406 1.0
144 621 1.0
144 809 1.0
144 849 1.0
144 910 1.0
144 920 1.0
144 929 1.0
145 65 1.0
145 401 1.0
145 448 1.0
145 628 1.0
145 862 1.0
145 905 1.0
145 908 1.0
146 33 1.0
146 106 1.0
146 273 1.0
146 309 1.0
146 310 1.0
146 332 1.0
146 446 1.0
146 492 1.0
146 817 1.0
146 877 1.0
147 499 1.0
147 643 1.0
147 746 1.0
147 942 1.0
148 310 1.0
148 437 1.0
148 450 1.0
148 639 1.0
148 645 1.0
148 749 1.0
148 768 1.0
148 784 1.0
148 852 1.0
149 32 1.0
149 97 1.0
149 183 1.0
149 272 1.0
149 324 1.0
149 341 1.0
149 399 1.0
149 484 1.0
149 545 1.0
149 598 1.0
149 926 1.0
149 933 1.0
149 992 1.0
150 18 1.0
150 35 1.0
150 201 1.0
150 302 1.0
150 442 1.0
150 476 1.0
150 637 1.0
150 651 1.0
150 727 1.0
150 776 1.0
150 876 1.0
150 989 1.0
151 24 1.0
151 221 1.0
151 294 1.0
151 360 1.0
151 427 1.0
151 471 1.0
151 691 1.0
151 800 1.0
151 829 1.0
152 715 1.0
152 820 1.0
153 14 1.0
153 113 1.0
153 530 1.0
153 537 1.0
153 783 1.0
153 844 1.0
153 902 1.0
154 212 1.0
154 292 1.0
154 351 1.0
154 791 1.0
154 819 1.0
155 93 1.0
155 246 1.0
155 417 1.0
155 604 1.0
155 673 1.0
155 879 1.0
155 903 1.0
155 985 1.0
156 134 1.0
156 595 1.0
156 725 1.0
156 939 1.0
156 943 1.0
157 36 1.0
157 52 1.0
157 97 1.0
157 190 1.0
157 214 1.0
157 586 1.0
157 942 1.0
157 967 1.0
158 46 1.0
158 252 1.0
158 302 1.0
158 667 1.0
158 698 1.0
158 859 1.0
158 895 1.0
159 209 1.0
159 512 1.0
159 518 1.0
159 535 1.0
159 580 1.0
159 780 1.0
160 90 1.0
160 236 1.0
160 357 1.0
160 529 1.0
160 748 1.0
161 103 1.0
161 109 1.0
161 256 1.0
161 347 1.0
161 986 1.0
162 334 1.0
162 469 1.0
162 536 1.0
162 748 1.0
163 34 1.0
163 147 1.0
163 278 1.0
163 283 1.0
163 506 1.0
163 589 1.0
163 834 1.0
164 121 1.0
164 337 1.0
164 543 1.0
164 686 1.0
164 760 1.0
164 796 1.0
164 868 1.0
164 871 1.0
164 915 1.0
164 967 1.0
165 359 1.0
165 440 1.0
165 728 1.0
165 773 1.0
165 776 1.0
165 992 1.0
166 101 1.0
166 170 1.0
166 185 1.0
166 366 1.0
166 494 1.0
166 731 1.0
166 812 1.0
166 951 1.0
167 66 1.0
167 205 1.0
167 528 1.0
167 584 1.0
167 712 1.0
167 841 1.0
168 22 1.0
168 225 1.0
168 435 1.0
168 843 1.0
168 855 1.0
169 95 1.0
169 362 1.0
169 395 1.0
169 396 1.0
169 669 1.0
169 725 1.0
169 803 1.0
169 913 1.0
169 957 1.0
169 961 1.0
169 976 1.0
170 67 1.0
170 186 1.0
170 211 1.0
170 346 1.0
170 578 1.0
170 820 1.0
170 960 1.0
171 9 1.0
171 140 1.0
171 216 1.0
171 227 1.0
171 417 1.0
171 492 1.0
171 625 1.0
171 649 1.0
171 682 1.0
171 815 1.0
171 894 1.0
172 58 1.0
172 115 1.0
172 184 1.0
172 238 1.0
172 305 1.0
172 501 1.0
172 545 1.0
172 655 1.0
172 693 1.0
172 711 1.0
172 818 1.0
172 827 1.0
172 834 1.0
172 847 1.0
172 941 1.0
172 968 1.0
173 136 1.0
173 647 1.0
173 772 1.0
173 775 1.0
173 934 1.0
174 690 1.0
174 705 1.0
174 798 1.0
174 918 1.0
174 955 1.0
175 58 1.0
175 377 1.0
175 986 1.0
176 293 1.0
176 348 1.0
176 382 1.0
176 432 1.0
176 471 1.0
176 710 1.0
176 988 1.0
177 455 1.0
177 522 1.0
177 524 1.0
177 760 1.0
177 870 1.0
178 26 1.0
178 326 1.0
178 444 1.0
178 510 1.0
179 43 1.0
179 165 1.0
179 171 1.0
179 292 1.0
179 312 1.0
179 389 1.0
179 534 1.0
179 883 1.0
180 413 1.0
180 440 1.0
180 629 1.0
180 794 1.0
181 39 1.0
181 151 1.0
181 198 1.0
181 323 1.0
181 600 1.0
181 783 1.0
181 900 1.0
181 948 1.0
182 78 1.0
182 93 1.0
182 104 1.0
182 107 1.0
182 235 1.0
182 347 1.0
182 366 1.0
182 388 1.0
182 415 1.0
182 497 1.0
182 777 1.0
183 526 1.0
183 561 1.0
183 856 1.0
184 227 1.0
184 305 1.0
184 490 1.0
184 613 1.0
184 722 1.0
184 756 1.0
185 683 1.0
185 697 1.0
185 814 1.0
185 825 1.0
185 930 1.0
185 978 1.0
186 144 1.0
186 234 1.0
186 241 1.0
186 575 1.0
186 625 1.0
186 797 1.0
187 38 1.0
187 138 1.0
187 456 1.0
187 625 1.0
187 670 1.0
187 757 1.0
187 863 1.0
188 229 1.0
188 273 1.0
188 433 1.0
188 520 1.0
188 715 1.0
188 770 1.0
188 844 1.0
189 68 1.0
189 185 1.0
189 877 1.0
190 46 1.0
190 101 1.0
190 157 1.0
190 540 1.0
191 56 1.0
191 65 1.0
191 150 1.0
191 301 1.0
191 329 1.0
191 345 1.0
191 560 1.0
191 586 1.0
191 645 1.0
191 715 1.0
191 744 1.0
191 760 1.0
191 945 1.0
192 8 1.0
192 44 1.0
192 121 1.0
192 394 1.0
192 395 1.0
192 571 1.0
192 579 1.0
192 597 1.0
192 850 1.0
192 878 1.0
193 31 1.0
193 81 1.0
193 246 1.0
193 287 1.0
193 525 1.0
193 716 1.0
193 734 1.0
193 929 1.0
193 980 1.0
194 49 1.0
194 266 1.0
194 409 1.0
194 757 1.0
194 815 1.0
194 861 1.0
194 966 1.0
195 98 1.0
195 183 1.0
195 332 1.0
195 341 1.0
195 506 1.0
195 647 1.0
195 650 1.0
195 809 1.0
196 47 1.0
196 131 1.0
196 382 1.0
196 614 1.0
196 926 1.0
196 955 1.0
197 467 1.0
197 733 1.0
197 852 1.0
197 988 1.0
198 191 1.0
198 449 1.0
198 646 1.0
198 874 1.0
199 101 1.0
199 209 1.0
199 320 1.0
199 375 1.0
199 511 1.0
199 763 1.0
199 800 1.0
200 30 1.0
200 207 1.0
200 210 1.0
200 248 1.0
200 598 1.0
200 659 1.0
201 100 1.0
201 143 1.0
201 238 1.0
201 461 1.0
201 506 1.0
201 579 1.0
201 990 1.0
202 206 1.0
202 240 1.0
202 426 1.0
202 459 1.0
202 637 1.0
202 642 1.0
202 675 1.0
202 760 1.0
203 262 1.0
203 356 1.0
203 360 1.0
203 422 1.0
203 432 1.0
203 533 1.0
203 576 1.0
203 640 1.0
203 644 1.0
203 671 1.0
203 731 1.0
203 771 1.0
203 831 1.0
203 929 1.0
204 28 1.0
204 78 1.0
204 462 1.0
204 633 1.0
204 749 1.0
204 836 1.0
204 889 1.0
204 983 1.0
204 988 1.0
205 203 1.0
205 210 1.0
205 485 1.0
205 539 1.0
205 615 1.0
205 690 1.0
205 992 1.0
206 32 1.0
206 33 1.0
206 124 1.0
206 325 1.0
206 336 1.0
206 579 1.0
206 954 1.0
207 74 1.0
207 154 1.0
207 222 1.0
207 329 1.0
207 454 1.0
207 657 1.0
207 831 1.0
207 887 1.0
207 889 1.0
207 914 1.0
207 961 1.0
208 367 1.0
208 375 1.0
208 389 1.0
208 451 1.0
208 744 1.0
208 769 1.0
208 937 1.0
208 942 1.0
208 961 1.0
209 168 1.0
209 480 1.0
209 487 1.0
209 583 1.0
209 666 1.0
209 681 1.0
209 736 1.0
209 910 1.0
209 943 1.0
209 979 1.0
210 186 1.0
210 462 1.0
210 632 1.0
210 668 1.0
211 38 1.0
211 282 1.0
211 376 1.0
211 386 1.0
211 437 1.0
211 627 1.0
211 843 1.0
211 908 1.0
212 129 1.0
212 145 1.0
212 148 1.0
212 319 1.0
212 843 1.0
212 870 1.0
212 943 1.0
212 956 1.0
213 22 1.0
213 42 1.0
213 167 1.0
213 326 1.0
214 458 1.0
214 579 1.0
214 753 1.0
214 771 1.0
214 819 1.0
214 932 1.0
215 174 1.0
215 209 1.0
215 260 1.0
215 411 1.0
215 478 1.0
215 622 1.0
216 10 1.0
216 156 1.0
216 580 1.0
216 582 1.0
216 725 1.0
216 940 1.0
217 104 1.0
217 282 1.0
217 296 1.0
217 315 1.0
217 394 1.0
217 428 1.0
217 456 1.0
217 497 1.0
217 861 1.0
217 994 1.0
218 3 1.0
218 247 1.0
218 309 1.0
218 322 1.0
218 443 1.0
218 643 1.0
218 675 1.0
218 679 1.0
218 764 1.0
218 993 1.0
219 127 1.0
219 146 1.0
219 430 1.0
219 452 1.0
219 499 1.0
219 798 1.0
219 873 1.0
220 120 1.0
220 468 1.0
220 541 1.0
220 557 1.0
220 665 1.0
220 698 1.0
220 731 1.0
220 735 1.0
220 751 1.0
220 887 1.0
220 939 1.0
221 73 1.0
221 265 1.0
221 533 1.0
221 783 1.0
221 815 1.0
222 50 1.0
222 54 1.0
222 183 1.0
222 290 1.0
222 420 1.0
222 449 1.0
222 478 1.0
222 605 1.0
222 691 1.0
222 906 1.0
223 324 1.0
223 383 1.0
223 385 1.0
223 425 1.0
223 516 1.0
223 535 1.0
223 849 1.0
223 859 1.0
224 305 1.0
224 464 1.0
224 552 1.0
224 712 1.0
224 760 1.0
224 882 1.0
225 13 1.0
225 292 1.0
225 788 1.0
226 113 1.0
226 241 1.0
226 333 1.0
226 397 1.0
226 507 1.0
226 548 1.0
226 569 1.0
226 607 1.0
226 648 1.0
226 662 1.0
227 5 1.0
227 19 1.0
227 115 1.0
227 160 1.0
227 309 1.0
227 403 1.0
227 686 1.0
227 867 1.0
227 879 1.0
228 50 1.0
228 58 1.0
228 364 1.0
228 673 1.0
228 777 1.0
229 37 1.0
229 381 1.0
229 468 1.0
229 695 1.0
230 46 1.0
230 227 1.0
230 292 1.0
230 499 1.0
230 580 1.0
230 673 1.0
230 699 1.0
231 39 1.0
231 77 1.0
231 237 1.0
231 243 1.0
231 396 1.0
231 614 1.0
231 763 1.0
231 766 1.0
231 934 1.0
232 154 1.0
232 214 1.0
232 254 1.0
232 290 1.0
232 513 1.0
232 766 1.0
233 66 1.0
233 252 1.0
233 372 1.0
233 436 1.0
233 776 1.0
233 887 1.0
234 71 1.0
234 327 1.0
234 409 1.0
234 487 1.0
234 606 1.0
234 614 1.0
234 658 1.0
234 764 1.0
234 799 1.0
234 897 1.0
235 237 1.0
235 368 1.0
235 410 1.0
235 482 1.0
235 581 1.0
235 632 1.0
235 732 1.0
235 786 1.0
235 835 1.0
235 989 1.0
236 62 1.0
236 162 1.0
236 181 1.0
236 231 1.0
236 798 1.0
236 913 1.0
237 24 1.0
237 101 1.0
237 348 1.0
237 425 1.0
237 688 1.0
237 837 1.0
238 17 1.0
238 158 1.0
238 451 1.0
238 588 1.0
238 618 1.0
239 19 1.0
239 26 1.0
239 125 1.0
239 147 1.0
239 401 1.0
239 418 1.0
239 463 1.0
239 471 1.0
239 499 1.0
239 630 1.0
239 751 1.0
239 761 1.0
239 821 1.0
240 8 1.0
240 64 1.0
240 111 1.0
240 241 1.0
240 251 1.0
240 447 1.0
240 519 1.0
240 575 1.0
240 638 1.0
240 651 1.0
240 944 1.0
241 5 1.0
241 242 1.0
241 407 1.0
241 705 1.0
242 240 1.0
242 306 1.0
242 652 1.0
242 662 1.0
242 711 1.0
242 947 1.0
242 984 1.0
243 71 1.0
243 263 1.0
243 393 1.0
243 668 1.0
243 702 1.0
243 708 1.0
244 119 1.0
244 151 1.0
244 205 1.0
244 369 1.0
244 420 1.0
244 439 1.0
244 586 1.0
244 647 1.0
244 679 1.0
244 779 1.0
244 790 1.0
244 908 1.0
244 969 1.0
245 11 1.0
245 360 1.0
245 520 1.0
245 848 1.0
245 967 1.0
246 190 1.0
246 405 1.0
246 481 1.0
246 483 1.0
246 509 1.0
246 535 1.0
246 544 1.0
246 777 1.0
246 802 1.0
246 884 1.0
246 994 1.0
247 253 1.0
247 645 1.0
247 818 1.0
247 830 1.0
248 31 1.0
248 40 1.0
248 140 1.0
248 172 1.0
248 192 1.0
248 309 1.0
248 407 1.0
248 409 1.0
248 578 1.0
248 664 1.0
248 897 1.0
248 922 1.0
248 982 1.0
249 206 1.0
249 301 1.0
249 320 1.0
249 414 1.0
249 734 1.0
249 749 1.0
249 765 1.0
249 874 1.0
250 265 1.0
250 499 1.0
250 905 1.0
250 970 1.0
251 102 1.0
251 126 1.0
251 263 1.0
251 303 1.0
251 939 1.0
252 67 1.0
252 503 1.0
252 666 1.0
252 709 1.0
252 839 1.0
253 252 1.0
253 300 1.0
253 467 1.0
253 760 1.0
254 13 1.0
254 202 1.0
254 658 1.0
254 919 1.0
254 995 1.0
255 21 1.0
255 62 1.0
255 77 1.0
255 298 1.0
255 968 1.0
256 162 1.0
256 457 1.0
256 678 1.0
256 782 1.0
256 943 1.0
256 980 1.0
257 21 1.0
257 49 1.0
257 223 1.0
257 781 1.0
257 856 1.0
258 2 1.0
258 217 1.0
258 245 1.0
258 571 1.0
258 662 1.0
258 678 1.0
258 734 1.0
258 755 1.0
258 939 1.0
258 970 1.0
259 41 1.0
259 103 1.0
259 168 1.0
259 186 1.0
259 291 1.0
259 327 1.0
259 571 1.0
259 896 1.0
259 930 1.0
260 244 1.0
260 646 1.0
260 674 1.0
260 857 1.0
260 914 1.0
260 959 1.0
261 103 1.0
261 112 1.0
261 135 1.0
261 165 1.0
261 184 1.0
261 201 1.0
261 398 1.0
261 401 1.0
261 877 1.0
261 978 1.0
262 192 1.0
262 250 1.0
262 260 1.0
262 390 1.0
262 400 1.0
262 503 1.0
262 627 1.0
262 656 1.0
262 775 1.0
262 985 1.0
262 998 1.0
263 70 1.0
263 210 1.0
263 330 1.0
263 765 1.0
263 932 1.0
264 8 1.0
264 95 1.0
264 123 1.0
264 415 1.0
264 466 1.0
264 504 1.0
264 577 1.0
264 656 1.0
264 753 1.0
264 877 1.0
265 351 1.0
265 406 1.0
265 553 1.0
265 658 1.0
265 815 1.0
265 938 1.0
265 977 1.0
266 146 1.0
266 655 1.0
266 678 1.0
267 289 1.0
267 359 1.0
267 376 1.0
267 477 1.0
267 478 1.0
267 802 1.0
267 806 1.0
268 120 1.0
268 143 1.0
268 286 1.0
268 883 1.0
269 67 1.0
269 347 1.0
269 468 1.0
269 496 1.0
269 620 1.0
269 679 1.0
269 789 1.0
269 921 1.0
270 182 1.0
270 226 1.0
270 250 1.0
270 385 1.0
270 437 1.0
270 791 1.0
271 214 1.0
271 469 1.0
271 552 1.0
271 562 1.0
271 682 1.0
271 732 1.0
271 974 1.0
272 402 1.0
272 594 1.0
272 728 1.0
272 954 1.0
272 957 1.0
273 77 1.0
273 140 1.0
273 147 1.0
273 371 1.0
273 403 1.0
273 594 1.0
273 607 1.0
273 805 1.0
273 828 1.0
273 831 1.0
273 889 1.0
273 995 1.0
274 69 1.0
274 278 1.0
274 325 1.0
275 42 1.0
275 179 1.0
275 200 1.0
275 302 1.0
275 359 1.0
275 565 1.0
275 575 1.0
275 618 1.0
275 700 1.0
276 26 1.0
276 89 1.0
276 177 1.0
276 434 1.0
276 498 1.0
276 566 1.0
276 652 1.0
276 708 1.0
276 965 1.0
276 989 1.0
276 998 1.0
277 117 1.0
277 319 1.0
277 515 1.0
277 546 1.0
277 704 1.0
277 716 1.0
278 287 1.0
278 462 1.0
278 559 1.0
278 675 1.0
278 847 1.0
278 880 1.0
278 935 1.0
278 964 1.0
279 112 1.0
279 140 1.0
279 252 1.0
279 397 1.0
279 529 1.0
279 538 1.0
279 615 1.0
279 690 1.0
279 991 1.0
280 19 1.0
280 78 1.0
280 150 1.0
280 212 1.0
280 239 1.0
280 263 1.0
280 678 1.0
280 868 1.0
280 874 1.0
281 0 1.0
281 76 1.0
281 98 1.0
281 366 1.0
281 543 1.0
281 617 1.0
281 966 1.0
281 981 1.0
282 349 1.0
282 366 1.0
282 384 1.0
282 426 1.0
282 621 1.0
282 706 1.0
282 835 1.0
282 837 1.0
282 885 1.0
282 943 1.0
283 43 1.0
283 264 1.0
283 550 1.0
283 565 1.0
283 634 1.0
283 669 1.0
283 676 1.0
283 899 1.0
283 952 1.0
284 7 1.0
284 34 1.0
284 73 1.0
284 118 1.0
284 238 1.0
284 320 1.0
284 370 1.0
284 431 1.0
284 445 1.0
284 599 1.0
284 718 1.0
284 732 1.0
284 774 1.0
284 853 1.0
285 103 1.0
285 153 1.0
285 269 1.0
285 557 1.0
285 701 1.0
285 887 1.0
285 931 1.0
286 163 1.0
286 369 1.0
286 739 1.0
286 807 1.0
286 982 1.0
286 996 1.0
287 269 1.0
287 442 1.0
287 678 1.0
287 749 1.0
287 995 1.0
288 72 1.0
288 132 1.0
288 145 1.0
288 297 1.0
288 738 1.0
288 860 1.0
289 70 1.0
289 273 1.0
289 564 1.0
289 827 1.0
289 880 1.0
289 969 1.0
289 977 1.0
290 190 1.0
290 470 1.0
290 528 1.0
290 533 1.0
290 582 1.0
290 848 1.0
291 377 1.0
291 458 1.0
291 774 1.0
291 960 1.0
291 996 1.0
292 81 1.0
292 378 1.0
292 667 1.0
292 844 1.0
292 930 1.0
292 968 1.0
293 94 1.0
293 312 1.0
293 322 1.0
293 473 1.0
293 537 1.0
293 755 1.0
293 756 1.0
293 968 1.0
293 973 1.0
294 135 1.0
294 275 1.0
294 313 1.0
294 458 1.0
294 756 1.0
295 382 1.0
295 418 1.0
295 548 1.0
296 59 1.0
296 329 1.0
296 495 1.0
296 620 1.0
296 730 1.0
296 768 1.0
296 966 1.0
297 40 1.0
297 289 1.0
297 597 1.0
297 659 1.0
297 815 1.0
297 879 1.0
297 925 1.0
298 118 1.0
298 121 1.0
298 215 1.0
298 763 1.0
299 0 1.0
299 71 1.0
299 96 1.0
299 108 1.0
299 229 1.0
299 394 1.0
299 411 1.0
299 631 1.0
299 759 1.0
299 965 1.0
300 77 1.0
300 438 1.0
300 739 1.0
300 891 1.0
301 80 1.0
301 236 1.0
301 265 1.0
301 359 1.0
301 436 1.0
301 693 1.0
301 718 1.0
301 864 1.0
301 946 1.0
302 99 1.0
302 114 1.0
302 163 1.0
302 209 1.0
302 250 1.0
302 255 1.0
302 280 1.0
302 727 1.0
302 792 1.0
302 975 1.0
303 97 1.0
303 108 1.0
303 140 1.0
303 192 1.0
303 420 1.0
303 453 1.0
303 618 1.0
303 643 1.0
303 660 1.0
303 672 1.0
304 5 1.0
304 53 1.0
304 353 1.0
304 683 1.0
304 961 1.0
304 971 1.0
305 0 1.0
305 168 1.0
305 273 1.0
305 564 1.0
305 835 1.0
305 859 1.0
306 34 1.0
306 75 1.0
306 261 1.0
306 274 1.0
306 741 1.0
306 820 1.0
306 842 1.0
306 900 1.0
306 937 1.0
306 945 1.0
307 508 1.0
307 550 1.0
307 596 1.0
307 835 1.0
307 843 1.0
307 847 1.0
307 937 1.0
308 184 1.0
308 322 1.0
308 381 1.0
308 443 1.0
308 518 1.0
308 647 1.0
308 669 1.0
308 673 1.0
308 719 1.0
308 854 1.0
309 178 1.0
309 243 1.0
309 314 1.0
309 396 1.0
309 703 1.0
309 761 1.0
309 832 1.0
309 852 1.0
309 897 1.0
309 965 1.0
310 34 1.0
310 243 1.0
310 333 1.0
310 355 1.0
310 758 1.0
311 78 1.0
311 103 1.0
311 161 1.0
311 267 1.0
311 318 1.0
311 331 1.0
311 443 1.0
311 577 1.0
311 661 1.0
311 825 1.0
312 47 1.0
312 55 1.0
312 62 1.0
312 68 1.0
312 193 1.0
312 231 1.0
312 308 1.0
312 528 1.0
312 592 1.0
312 629 1.0
312 799 1.0
313 73 1.0
313 86 1.0
313 141 1.0
313 230 1.0
313 315 1.0
313 415 1.0
313 659 1.0
313 821 1.0
313 845 1.0
314 308 1.0
314 388 1.0
314 430 1.0
314 436 1.0
314 898 1.0
314 939 1.0
315 135 1.0
315 190 1.0
315 250 1.0
315 291 1.0
315 613 1.0
315 833 1.0
315 891 1.0
315 976 1.0
316 25 1.0
316 250 1.0
316 293 1.0
316 727 1.0
317 47 1.0
317 220 1.0
317 495 1.0
317 856 1.0
318 294 1.0
318 316 1.0
318 320 1.0
318 378 1.0
318 468 1.0
318 719 1.0
318 808 1.0
318 969 1.0
319 36 1.0
319 185 1.0
319 198 1.0
319 202 1.0
319 218 1.0
319 227 1.0
319 301 1.0
319 567 1.0
319 644 1.0
319 691 1.0
319 976 1.0
320 134 1.0
320 156 1.0
320 177 1.0
320 388 1.0
320 523 1.0
320 549 1.0
320 807 1.0
320 810 1.0
320 854 1.0
321 65 1.0
321 89 1.0
321 158 1.0
321 372 1.0
321 415 1.0
321 679 1.0
321 795 1.0
321 991 1.0
322 178 1.0
322 612 1.0
322 790 1.0
322 877 1.0
323 173 1.0
323 737 1.0
323 761 1.0
323 803 1.0
323 826 1.0
323 891 1.0
323 940 1.0
324 40 1.0
324 42 1.0
324 163 1.0
324 303 1.0
324 339 1.0
324 478 1.0
324 511 1.0
324 542 1.0
324 891 1.0
324 925 1.0
325 11 1.0
325 225 1.0
325 232 1.0
325 341 1.0
325 567 1.0
325 922 1.0
326 245 1.0
326 389 1.0
326 452 1.0
326 750 1.0
326 918 1.0
326 946 1.0
326 973 1.0
327 311 1.0
327 382 1.0
327 417 1.0
327 527 1.0
327 687 1.0
327 865 1.0
327 888 1.0
328 65 1.0
328 115 1.0
328 129 1.0
328 153 1.0
328 246 1.0
328 260 1.0
328 313 1.0
328 333 1.0
328 373 1.0
328 376 1.0
328 699 1.0
328 737 1.0
329 139 1.0
329 207 1.0
329 232 1.0
329 423 1.0
329 436 1.0
329 458 1.0
329 482 1.0
329 492 1.0
329 512 1.0
329 575 1.0
330 103 1.0
330 159 1.0
330 385 1.0
330 552 1.0
330 926 1.0
331 16 1.0
331 324 1.0
331 636 1.0
331 683 1.0
331 718 1.0
331 744 1.0
331 824 1.0
332 14 1.0
332 128 1.0
332 236 1.0
332 384 1.0
332 428 1.0
332 548 1.0
333 27 1.0
333 112 1.0
333 126 1.0
333 361 1.0
333 388 1.0
333 443 1.0
333 719 1.0
333 722 1.0
333 763 1.0
334 144 1.0
334 243 1.0
334 291 1.0
334 588 1.0
334 623 1.0
335 144 1.0
335 216 1.0
335 248 1.0
335 266 1.0
335 277 1.0
335 374 1.0
335 449 1.0
335 681 1.0
335 752 1.0
335 804 1.0
335 828 1.0
336 53 1.0
336 167 1.0
336 342 1.0
336 431 1.0
336 491 1.0
336 722 1.0
336 724 1.0
336 767 1.0
336 810 1.0
337 55 1.0
337 145 1.0
337 245 1.0
337 374 1.0
337 513 1.0
337 887 1.0
338 42 1.0
338 68 1.0
338 104 1.0
338 105 1.0
338 127 1.0
338 169 1.0
338 282 1.0
338 560 1.0
338 886 1.0
339 89 1.0
339 114 1.0
339 169 1.0
339 338 1.0
339 484 1.0
339 620 1.0
339 755 1.0
340 183 1.0
340 281 1.0
340 282 1.0
340 525 1.0
340 649 1.0
340 666 1.0
340 744 1.0
340 918 1.0
341 162 1.0
341 347 1.0
341 364 1.0
341 368 1.0
341 378 1.0
341 545 1.0
341 691 1.0
341 716 1.0
341 789 1.0
341 799 1.0
341 810 1.0
341 928 1.0
342 95 1.0
342 131 1.0
342 151 1.0
342 153 1.0
342 195 1.0
342 391 1.0
342 444 1.0
342 588 1.0
342 596 1.0
342 794 1.0
342 865 1.0
343 64 1.0
343 185 1.0
343 288 1.0
343 409 1.0
343 427 1.0
343 646 1.0
343 837 1.0
343 860 1.0
344 26 1.0
344 30 1.0
344 299 1.0
344 623 1.0
344 628 1.0
344 937 1.0
345 157 1.0
345 519 1.0
345 528 1.0
345 678 1.0
345 860 1.0
345 882 1.0
345 891 1.0
346 414 1.0
346 524 1.0
346 553 1.0
346 785 1.0
346 827 1.0
346 846 1.0
346 882 1.0
346 927 1.0
346 962 1.0
346 982 1.0
347 277 1.0
347 370 1.0
347 706 1.0
347 963 1.0
348 58 1.0
348 584 1.0
348 642 1.0
349 32 1.0
349 124 1.0
349 168 1.0
349 314 1.0
349 321 1.0
349 329 1.0
349 425 1.0
349 831 1.0
350 14 1.0
350 157 1.0
350 172 1.0
350 242 1.0
350 344 1.0
350 434 1.0
350 443 1.0
350 502 1.0
350 738 1.0
350 817 1.0
350 850 1.0
350 867 1.0
350 878 1.0
350 930 1.0
350 948 1.0
351 81 1.0
351 148 1.0
351 329 1.0
351 532 1.0
351 627 1.0
351 828 1.0
351 833 1.0
351 935 1.0
352 10 1.0
352 24 1.0
352 54 1.0
352 367 1.0
352 381 1.0
352 393 1.0
352 476 1.0
352 598 1.0
352 682 1.0
352 828 1.0
352 877 1.0
352 884 1.0
352 964 1.0
353 40 1.0
353 232 1.0
353 277 1.0
353 333 1.0
353 358 1.0
353 639 1.0
353 957 1.0
353 987 1.0
354 436 1.0
354 493 1.0
354 581 1.0
354 787 1.0
354 823 1.0
354 834 1.0
354 940 1.0
354 972 1.0
355 24 1.0
355 61 1.0
355 177 1.0
355 548 1.0
355 852 1.0
356 121 1.0
356 216 1.0
356 235 1.0
356 236 1.0
356 436 1.0
356 453 1.0
356 581 1.0
356 604 1.0
356 660 1.0
356 830 1.0
357 136 1.0
357 440 1.0
357 453 1.0
357 572 1.0
357 854 1.0
357 885 1.0
358 79 1.0
358 192 1.0
358 249 1.0
358 281 1.0
358 326 1.0
358 371 1.0
358 628 1.0
358 671 1.0
358 861 1.0
358 887 1.0
358 910 1.0
358 911 1.0
358 943 1.0
358 947 1.0
359 5 1.0
359 445 1.0
359 478 1.0
359 730 1.0
359 814 1.0
360 233 1.0
360 274 1.0
360 283 1.0
360 385 1.0
360 452 1.0
360 559 1.0
360 627 1.0
360 836 1.0
360 974 1.0
361 9 1.0
361 72 1.0
361 115 1.0
361 369 1.0
361 376 1.0
361 448 1.0
361 678 1.0
361 947 1.0
362 180 1.0
362 438 1.0
362 574 1.0
362 577 1.0
362 593 1.0
362 742 1.0
362 778 1.0
363 4 1.0
363 225 1.0
363 226 1.0
363 240 1.0
363 392 1.0
363 419 1.0
363 466 1.0
363 478 1.0
363 482 1.0
363 614 1.0
363 617 1.0
363 720 1.0
363 950 1.0
364 5 1.0
364 112 1.0
364 162 1.0
364 239 1.0
364 293 1.0
364 406 1.0
364 486 1.0
364 665 1.0
364 713 1.0
365 293 1.0
365 380 1.0
365 436 1.0
365 536 1.0
365 717 1.0
365 792 1.0
366 33 1.0
366 167 1.0
366 240 1.0
366 497 1.0
366 872 1.0
367 476 1.0
367 504 1.0
367 515 1.0
367 842 1.0
367 990 1.0
368 20 1.0
368 93 1.0
368 475 1.0
368 756 1.0
368 803 1.0
368 838 1.0
368 848 1.0
369 34 1.0
369 361 1.0
369 526 1.0
369 652 1.0
369 751 1.0
369 767 1.0
369 770 1.0
369 830 1.0
369 856 1.0
370 329 1.0
370 331 1.0
370 333 1.0
370 585 1.0
370 619 1.0
370 672 1.0
370 775 1.0
371 281 1.0
371 490 1.0
371 516 1.0
371 535 1.0
371 747 1.0
371 828 1.0
371 900 1.0
371 973 1.0
372 17 1.0
372 234 1.0
372 279 1.0
372 354 1.0
372 431 1.0
372 524 1.0
372 781 1.0
372 930 1.0
373 20 1.0
373 49 1.0
373 113 1.0
373 251 1.0
373 302 1.0
373 453 1.0
373 706 1.0
373 768 1.0
373 789 1.0
374 46 1.0
374 79 1.0
374 80 1.0
374 175 1.0
374 223 1.0
374 225 1.0
374 268 1.0
374 323 1.0
374 365 1.0
374 404 1.0
374 465 1.0
374 503 1.0
374 528 1.0
374 595 1.0
374 632 1.0
375 130 1.0
375 144 1.0
375 417 1.0
375 555 1.0
375 843 1.0
376 15 1.0
376 42 1.0
376 224 1.0
376 273 1.0
376 280 1.0
376 322 1.0
376 340 1.0
376 576 1.0
376 601 1.0
376 617 1.0
376 643 1.0
376 756 1.0
376 923 1.0
377 60 1.0
377 199 1.0
377 331 1.0
377 459 1.0
377 478 1.0
377 563 1.0
377 837 1.0
378 21 1.0
378 94 1.0
378 256 1.0
378 278 1.0
378 464 1.0
378 519 1.0
378 543 1.0
378 548 1.0
378 613 1.0
378 634 1.0
378 932 1.0
379 29 1.0
379 131 1.0
379 437 1.0
380 156 1.0
380 345 1.0
380 480 1.0
380 505 1.0
380 905 1.0
381 198 1.0
381 241 1.0
381 379 1.0
381 451 1.0
381 744 1.0
381 746 1.0
381 768 1.0
381 812 1.0
381 835 1.0
381 867 1.0
382 284 1.0
382 672 1.0
382 712 1.0
382 790 1.0
383 114 1.0
383 338 1.0
383 697 1.0
383 745 1.0
383 813 1.0
383 916 1.0
383 945 1.0
384 427 1.0
384 470 1.0
385 113 1.0
385 117 1.0
385 516 1.0
385 591 1.0
385 768 1.0
386 69 1.0
386 86 1.0
386 166 1.0
386 197 1.0
386 246 1.0
386 345 1.0
386 739 1.0
386 776 1.0
387 20 1.0
387 235 1.0
387 274 1.0
387 285 1.0
387 650 1.0
387 687 1.0
387 812 1.0
387 846 1.0
387 957 1.0
388 31 1.0
388 106 1.0
388 250 1.0
388 370 1.0
388 403 1.0
388 715 1.0
388 733 1.0
388 747 1.0
389 118 1.0
389 162 1.0
389 172 1.0
389 299 1.0
389 308 1.0
389 352 1.0
389 390 1.0
389 405 1.0
389 781 1.0
390 53 1.0
390 198 1.0
390 353 1.0
390 659 1.0
390 674 1.0
390 746 1.0
390 988 1.0
391 279 1.0
391 304 1.0
391 411 1.0
391 414 1.0
391 454 1.0
391 471 1.0
391 564 1.0
392 171 1.0
392 308 1.0
392 333 1.0
392 643 1.0
392 716 1.0
392 729 1.0
392 775 1.0
392 822 1.0
393 157 1.0
393 416 1.0
393 690 1.0
393 704 1.0
393 858 1.0
393 907 1.0
393 921 1.0
394 240 1.0
394 274 1.0
394 340 1.0
394 434 1.0
394 507 1.0
394 554 1.0
394 607 1.0
394 617 1.0
394 655 1.0
394 673 1.0
394 863 1.0
394 888 1.0
394 941 1.0
395 168 1.0
395 249 1.0
395 297 1.0
395 476 1.0
395 513 1.0
395 562 1.0
395 651 1.0
395 997 1.0
396 47 1.0
396 135 1.0
396 294 1.0
396 318 1.0
396 323 1.0
396 400 1.0
396 612 1.0
396 722 1.0
396 861 1.0
397 31 1.0
397 220 1.0
397 268 1.0
397 450 1.0
397 460 1.0
397 601 1.0
397 778 1.0
398 50 1.0
398 352 1.0
398 415 1.0
398 438 1.0
398 501 1.0
398 564 1.0
398 611 1.0
398 766 1.0
398 767 1.0
399 113 1.0
399 217 1.0
399 375 1.0
399 402 1.0
399 470 1.0
399 481 1.0
399 677 1.0
399 892 1.0
399 968 1.0
400 42 1.0
400 53 1.0
400 131 1.0
400 142 1.0
400 161 1.0
400 304 1.0
400 450 1.0
400 481 1.0
400 535 1.0
400 559 1.0
400 655 1.0
400 670 1.0
400 704 1.0
400 730 1.0
400 738 1.0
400 845 1.0
400 872 1.0
400 939 1.0
400 962 1.0
400 972 1.0
401 50 1.0
401 259 1.0
401 412 1.0
401 587 1.0
401 785 1.0
402 227 1.0
402 231 1.0
402 289 1.0
402 328 1.0
402 378 1.0
402 645 1.0
402 664 1.0
402 966 1.0
402 978 1.0
403 1 1.0
403 172 1.0
403 186 1.0
403 381 1.0
403 542 1.0
403 547 1.0
403 590 1.0
403 679 1.0
403 851 1.0
404 246 1.0
404 289 1.0
404 333 1.0
404 372 1.0
404 387 1.0
404 631 1.0
404 638 1.0
404 731 1.0
404 748 1.0
404 789 1.0
404 946 1.0
405 29 1.0
405 107 1.0
405 231 1.0
405 308 1.0
405 743 1.0
405 859 1.0
406 65 1.0
406 299 1.0
406 575 1.0
406 673 1.0
406 733 1.0
406 809 1.0
406 936 1.0
407 110 1.0
407 122 1.0
407 165 1.0
407 448 1.0
407 452 1.0
407 810 1.0
407 852 1.0
407 864 1.0
408 58 1.0
408 107 1.0
408 124 1.0
408 405 1.0
408 746 1.0
408 903 1.0
408 929 1.0
409 260 1.0
409 497 1.0
409 748 1.0
409 800 1.0
409 855 1.0
409 861 1.0
409 986 1.0
410 42 1.0
410 90 1.0
410 133 1.0
410 496 1.0
410 703 1.0
410 788 1.0
410 808 1.0
410 929 1.0
411 253 1.0
411 356 1.0
411 901 1.0
412 598 1.0
412 651 1.0
412 673 1.0
412 775 1.0
412 852 1.0
412 955 1.0
413 367 1.0
413 691 1.0
413 755 1.0
414 116 1.0
414 326 1.0
414 712 1.0
414 938 1.0
414 944 1.0
414 952 1.0
415 27 1.0
415 82 1.0
415 128 1.0
415 187 1.0
415 218 1.0
415 219 1.0
415 371 1.0
415 478 1.0
415 576 1.0
415 771 1.0
416 321 1.0
416 795 1.0
416 866 1.0
417 141 1.0
417 400 1.0
417 422 1.0
417 859 1.0
417 870 1.0
418 119 1.0
418 216 1.0
418 278 1.0
418 372 1.0
418 814 1.0
418 907 1.0
419 87 1.0
419 181 1.0
419 213 1.0
419 300 1.0
419 602 1.0
419 876 1.0
419 905 1.0
420 1 1.0
420 129 1.0
420 353 1.0
420 616 1.0
420 875 1.0
420 915 1.0
420 931 1.0
421 61 1.0
421 172 1.0
421 241 1.0
421 326 1.0
421 403 1.0
421 450 1.0
421 492 1.0
421 578 1.0
421 873 1.0
422 100 1.0
422 220 1.0
422 321 1.0
422 409 1.0
422 497 1.0
422 644 1.0
422 697 1.0
422 945 1.0
422 969 1.0
423 18 1.0
423 81 1.0
423 90 1.0
423 196 1.0
423 231 1.0
423 352 1.0
423 472 1.0
423 584 1.0
423 600 1.0
423 733 1.0
423 816 1.0
423 831 1.0
424 26 1.0
424 303 1.0
424 311 1.0
424 377 1.0
424 602 1.0
424 627 1.0
424 753 1.0
424 773 1.0
424 805 1.0
424 899 1.0
424 943 1.0
425 55 1.0
425 288 1.0
425 317 1.0
425 331 1.0
425 406 1.0
425 647 1.0
425 745 1.0
425 828 1.0
425 963 1.0
426 28 1.0
426 138 1.0
426 313 1.0
426 351 1.0
426 357 1.0
426 509 1.0
426 592 1.0
426 780 1.0
426 818 1.0
426 898 1.0
426 930 1.0
427 62 1.0
427 311 1.0
427 409 1.0
427 458 1.0
427 505 1.0
427 635 1.0
427 637 1.0
427 774 1.0
427 829 1.0
427 910 1.0
428 36 1.0
428 73 1.0
428 88 1.0
428 123 1.0
428 343 1.0
428 547 1.0
428 593 1.0
428 620 1.0
428 701 1.0
428 717 1.0
428 726 1.0
428 883 1.0
429 11 1.0
429 12 1.0
429 16 1.0
429 84 1.0
429 490 1.0
429 533 1.0
429 590 1.0
429 701 1.0
429 783 1.0
429 852 1.0
429 865 1.0
429 909 1.0
429 949 1.0
430 29 1.0
430 222 1.0
430 353 1.0
430 646 1.0
430 664 1.0
430 671 1.0
430 770 1.0
431 20 1.0
431 115 1.0
431 273 1.0
431 312 1.0
431 495 1.0
432 65 1.0
432 421 1.0
432 620 1.0
432 650 1.0
432 716 1.0
432 856 1.0
433 213 1.0
433 226 1.0
433 379 1.0
433 452 1.0
433 501 1.0
433 513 1.0
433 572 1.0
434 647 1.0
434 665 1.0
434 698 1.0
434 802 1.0
434 965 1.0
435 57 1.0
435 107 1.0
435 556 1.0
435 632 1.0
435 780 1.0
435 916 1.0
436 186 1.0
436 586 1.0
436 697 1.0
436 774 1.0
436 918 1.0
437 49 1.0
437 462 1.0
437 846 1.0
437 864 1.0
438 19 1.0
438 32 1.0
438 115 1.0
438 393 1.0
438 511 1.0
438 693 1.0
438 796 1.0
439 6 1.0
439 318 1.0
439 539 1.0
439 653 1.0
439 756 1.0
439 808 1.0
440 32 1.0
440 70 1.0
440 133 1.0
440 180 1.0
440 182 1.0
440 918 1.0
440 961 1.0
441 258 1.0
441 314 1.0
441 340 1.0
441 365 1.0
441 416 1.0
441 465 1.0
441 476 1.0
441 533 1.0
441 671 1.0
441 863 1.0
442 177 1.0
442 205 1.0
442 380 1.0
442 916 1.0
442 919 1.0
443 192 1.0
443 293 1.0
443 491 1.0
443 799 1.0
443 877 1.0
443 931 1.0
444 32 1.0
444 154 1.0
444 344 1.0
444 721 1.0
445 408 1.0
445 515 1.0
445 641 1.0
445 881 1.0
445 901 1.0
445 982 1.0
445 991 1.0
446 42 1.0
446 80 1.0
446 224 1.0
446 283 1.0
446 293 1.0
446 567 1.0
446 694 1.0
447 4 1.0
447 14 1.0
447 113 1.0
447 628 1.0
447 880 1.0
447 912 1.0
447 937 1.0
448 38 1.0
448 85 1.0
448 345 1.0
448 699 1.0
448 763 1.0
448 831 1.0
448 873 1.0
448 979 1.0
449 249 1.0
449 319 1.0
449 335 1.0
449 370 1.0
449 398 1.0
449 455 1.0
449 518 1.0
449 940 1.0
450 63 1.0
450 79 1.0
450 169 1.0
450 204 1.0
450 301 1.0
450 307 1.0
450 388 1.0
450 505 1.0
450 530 1.0
450 551 1.0
450 793 1.0
450 876 1.0
451 233 1.0
451 280 1.0
451 363 1.0
451 540 1.0
451 557 1.0
451 648 1.0
451 652 1.0
451 664 1.0
451 781 1.0
451 787 1.0
451 933 1.0
452 103 1.0
452 125 1.0
452 231 1.0
452 279 1.0
452 526 1.0
452 538 1.0
452 558 1.0
452 769 1.0
452 830 1.0
452 992 1.0
453 40 1.0
453 276 1.0
453 452 1.0
453 881 1.0
454 32 1.0
454 63 1.0
454 225 1.0
454 325 1.0
454 484 1.0
454 587 1.0
454 757 1.0
454 793 1.0
454 836 1.0
454 837 1.0
454 876 1.0
454 973 1.0
455 82 1.0
455 162 1.0
455 373 1.0
455 397 1.0
455 731 1.0
455 748 1.0
456 29 1.0
456 70 1.0
456 89 1.0
456 176 1.0
456 345 1.0
456 421 1.0
456 731 1.0
456 753 1.0
456 835 1.0
456 900 1.0
456 945 1.0
456 996 1.0
457 142 1.0
457 352 1.0
457 476 1.0
457 501 1.0
457 726 1.0
457 849 1.0
457 935 1.0
458 243 1.0
458 540 1.0
458 834 1.0
459 60 1.0
459 211 1.0
459 244 1.0
459 469 1.0
459 512 1.0
459 571 1.0
459 960 1.0
460 6 1.0
460 15 1.0
460 303 1.0
460 408 1.0
460 597 1.0
460 782 1.0
461 16 1.0
461 21 1.0
461 375 1.0
461 420 1.0
461 485 1.0
461 550 1.0
461 611 1.0
461 726 1.0
461 751 1.0
462 112 1.0
462 224 1.0
462 364 1.0
462 366 1.0
462 457 1.0
462 506 1.0
462 540 1.0
462 597 1.0
462 893 1.0
462 938 1.0
463 63 1.0
463 256 1.0
463 350 1.0
463 391 1.0
463 456 1.0
463 731 1.0
463 777 1.0
464 158 1.0
464 278 1.0
464 500 1.0
464 508 1.0
464 561 1.0
464 619 1.0
464 734 1.0
464 949 1.0
465 152 1.0
465 251 1.0
465 271 1.0
465 293 1.0
465 359 1.0
465 363 1.0
465 389 1.0
465 394 1.0
465 952 1.0
465 999 1.0
466 15 1.0
466 69 1.0
466 79 1.0
466 494 1.0
466 767 1.0
467 242 1.0
467 646 1.0
467 784 1.0
467 889 1.0
468 62 1.0
468 497 1.0
468 527 1.0
468 700 1.0
468 796 1.0
468 800 1.0
469 29 1.0
469 77 1.0
469 102 1.0
469 157 1.0
469 186 1.0
469 477 1.0
469 542 1.0
469 681 1.0
469 711 1.0
469 765 1.0
469 809 1.0
469 837 1.0
469 949 1.0
470 102 1.0
470 336 1.0
470 409 1.0
470 433 1.0
470 436 1.0
470 585 1.0
470 620 1.0
470 699 1.0
470 777 1.0
470 881 1.0
470 893 1.0
471 3 1.0
471 30 1.0
471 276 1.0
471 376 1.0
471 564 1.0
471 617 1.0
471 770 1.0
471 817 1.0
471 894 1.0
471 901 1.0
472 102 1.0
472 168 1.0
472 186 1.0
472 291 1.0
472 752 1.0
472 945 1.0
472 971 1.0
473 61 1.0
473 123 1.0
473 173 1.0
473 185 1.0
473 238 1.0
473 335 1.0
473 681 1.0
473 799 1.0
473 880 1.0
474 234 1.0
474 303 1.0
474 365 1.0
474 395 1.0
474 525 1.0
474 675 1.0
474 921 1.0
475 39 1.0
475 405 1.0
475 438 1.0
475 453 1.0
475 672 1.0
475 693 1.0
475 704 1.0
476 78 1.0
476 197 1.0
476 428 1.0
476 474 1.0
476 820 1.0
476 898 1.0
477 77 1.0
477 118 1.0
477 203 1.0
477 253 1.0
477 478 1.0
477 649 1.0
477 659 1.0
477 889 1.0
478 40 1.0
478 199 1.0
478 217 1.0
478 445 1.0
478 464 1.0
478 491 1.0
478 615 1.0
478 653 1.0
478 687 1.0
478 793 1.0
478 821 1.0
478 860 1.0
479 61 1.0
479 132 1.0
479 145 1.0
479 207 1.0
479 210 1.0
479 353 1.0
479 633 1.0
479 830 1.0
480 350 1.0
480 368 1.0
480 413 1.0
480 776 1.0
480 965 1.0
481 253 1.0
481 423 1.0
481 514 1.0
481 690 1.0
481 839 1.0
481 932 1.0
482 185 1.0
482 248 1.0
482 474 1.0
482 544 1.0
482 618 1.0
482 721 1.0
482 894 1.0
483 43 1.0
483 222 1.0
483 279 1.0
483 361 1.0
483 441 1.0
483 567 1.0
483 609 1.0
483 803 1.0
484 34 1.0
484 134 1.0
484 507 1.0
484 517 1.0
484 570 1.0
484 703 1.0
484 730 1.0
484 811 1.0
484 881 1.0
485 17 1.0
485 104 1.0
485 673 1.0
485 830 1.0
486 73 1.0
486 201 1.0
486 439 1.0
486 697 1.0
486 735 1.0
486 814 1.0
487 268 1.0
487 361 1.0
487 497 1.0
487 747 1.0
487 781 1.0
487 853 1.0
488 307 1.0
488 486 1.0
488 677 1.0
488 751 1.0
489 208 1.0
489 414 1.0
489 516 1.0
489 762 1.0
490 21 1.0
490 80 1.0
490 84 1.0
490 98 1.0
490 182 1.0
490 273 1.0
490 465 1.0
490 616 1.0
490 759 1.0
490 926 1.0
490 958 1.0
490 980 1.0
491 106 1.0
491 282 1.0
491 320 1.0
491 367 1.0
491 521 1.0
491 651 1.0
491 715 1.0
491 819 1.0
491 821 1.0
491 846 1.0
492 47 1.0
492 54 1.0
492 347 1.0
492 363 1.0
492 495 1.0
492 645 1.0
492 670 1.0
492 803 1.0
492 830 1.0
492 937 1.0
493 50 1.0
493 184 1.0
493 457 1.0
493 582 1.0
493 721 1.0
493 735 1.0
494 82 1.0
494 141 1.0
494 274 1.0
494 283 1.0
494 383 1.0
494 424 1.0
494 484 1.0
494 573 1.0
494 590 1.0
494 897 1.0
495 288 1.0
495 492 1.0
495 576 1.0
495 607 1.0
495 752 1.0
495 834 1.0
495 921 1.0
496 30 1.0
496 114 1.0
496 150 1.0
496 224 1.0
496 267 1.0
496 711 1.0
497 163 1.0
497 455 1.0
497 463 1.0
497 485 1.0
497 494 1.0
497 503 1.0
497 510 1.0
497 634 1.0
497 642 1.0
497 647 1.0
497 768 1.0
497 968 1.0
498 279 1.0
498 361 1.0
498 547 1.0
498 598 1.0
498 818 1.0
499 126 1.0
499 304 1.0
499 559 1.0
499 674 1.0
499 814 1.0
499 904 1.0
499 945 1.0
500 94 1.0
500 228 1.0
500 242 1.0
500 249 1.0
500 447 1.0
500 729 1.0
500 952 1.0
501 12 1.0
501 85 1.0
501 198 1.0
501 299 1.0
501 324 1.0
501 440 1.0
501 768 1.0
501 779 1.0
502 128 1.0
502 147 1.0
502 158 1.0
502 256 1.0
502 932 1.0
503 100 1.0
503 131 1.0
504 12 1.0
504 130 1.0
504 131 1.0
504 287 1.0
504 288 1.0
504 488 1.0
504 605 1.0
504 689 1.0
504 712 1.0
504 849 1.0
504 866 1.0
505 216 1.0
505 491 1.0
505 575 1.0
505 782 1.0
505 804 1.0
506 24 1.0
506 29 1.0
506 203 1.0
506 300 1.0
506 389 1.0
506 549 1.0
506 570 1.0
506 644 1.0
506 817 1.0
506 907 1.0
507 11 1.0
507 122 1.0
507 198 1.0
507 368 1.0
507 381 1.0
507 542 1.0
507 785 1.0
507 895 1.0
508 143 1.0
508 520 1.0
508 563 1.0
508 701 1.0
508 796 1.0
508 913 1.0
509 32 1.0
509 34 1.0
509 63 1.0
509 514 1.0
509 613 1.0
509 619 1.0
509 633 1.0
509 738 1.0
510 19 1.0
510 61 1.0
510 297 1.0
510 316 1.0
510 331 1.0
510 369 1.0
510 508 1.0
510 628 1.0
510 814 1.0
510 925 1.0
511 246 1.0
511 255 1.0
511 281 1.0
511 294 1.0
511 330 1.0
511 435 1.0
511 584 1.0
512 326 1.0
512 717 1.0
513 110 1.0
513 145 1.0
513 198 1.0
513 236 1.0
513 294 1.0
513 415 1.0
513 420 1.0
513 441 1.0
513 489 1.0
513 512 1.0
513 700 1.0
513 942 1.0
514 186 1.0
514 339 1.0
514 393 1.0
514 422 1.0
514 793 1.0
515 27 1.0
515 47 1.0
515 233 1.0
515 263 1.0
515 471 1.0
515 717 1.0
515 919 1.0
515 928 1.0
516 349 1.0
516 354 1.0
516 397 1.0
516 468 1.0
516 815 1.0
516 886 1.0
517 81 1.0
517 334 1.0
517 378 1.0
517 566 1.0
517 642 1.0
517 820 1.0
517 897 1.0
518 205 1.0
518 318 1.0
518 332 1.0
518 418 1.0
518 601 1.0
518 953 1.0
519 86 1.0
519 337 1.0
519 420 1.0
519 442 1.0
519 601 1.0
519 682 1.0
519 940 1.0
520 0 1.0
520 72 1.0
520 136 1.0
520 217 1.0
520 327 1.0
520 337 1.0
520 596 1.0
520 879 1.0
521 76 1.0
521 795 1.0
521 897 1.0
522 36 1.0
522 200 1.0
522 734 1.0
522 764 1.0
522 835 1.0
522 936 1.0
523 141 1.0
523 212 1.0
523 248 1.0
523 433 1.0
523 519 1.0
524 471 1.0
524 537 1.0
524 689 1.0
524 819 1.0
524 903 1.0
525 307 1.0
525 414 1.0
525 866 1.0
525 867 1.0
525 898 1.0
526 149 1.0
526 383 1.0
526 645 1.0
526 664 1.0
526 778 1.0
526 883 1.0
527 54 1.0
527 141 1.0
527 266 1.0
527 284 1.0
527 577 1.0
527 613 1.0
527 684 1.0
527 772 1.0
527 865 1.0
528 61 1.0
528 90 1.0
528 247 1.0
528 323 1.0
528 518 1.0
528 608 1.0
528 897 1.0
529 148 1.0
529 422 1.0
529 716 1.0
529 743 1.0
529 979 1.0
530 52 1.0
530 54 1.0
530 106 1.0
530 212 1.0
530 362 1.0
530 451 1.0
530 609 1.0
530 615 1.0
530 658 1.0
531 243 1.0
531 258 1.0
531 281 1.0
531 332 1.0
531 347 1.0
531 570 1.0
531 600 1.0
531 688 1.0
531 748 1.0
531 784 1.0
531 795 1.0
531 807 1.0
531 857 1.0
531 976 1.0
532 20 1.0
532 76 1.0
532 560 1.0
532 642 1.0
532 936 1.0
532 983 1.0
532 990 1.0
533 83 1.0
533 148 1.0
533 167 1.0
533 515 1.0
533 717 1.0
533 800 1.0
534 199 1.0
534 415 1.0
534 509 1.0
534 649 1.0
534 715 1.0
534 823 1.0
535 144 1.0
535 738 1.0
535 873 1.0
536 45 1.0
536 90 1.0
536 139 1.0
536 318 1.0
536 404 1.0
536 572 1.0
536 961 1.0
536 974 1.0
537 57 1.0
537 71 1.0
537 122 1.0
537 155 1.0
537 336 1.0
537 337 1.0
537 555 1.0
537 666 1.0
538 94 1.0
538 564 1.0
538 587 1.0
538 620 1.0
538 671 1.0
539 29 1.0
539 189 1.0
539 250 1.0
539 464 1.0
539 756 1.0
540 33 1.0
540 239 1.0
540 599 1.0
540 833 1.0
540 982 1.0
541 111 1.0
541 231 1.0
541 256 1.0
541 653 1.0
541 774 1.0
541 918 1.0
541 927 1.0
542 64 1.0
542 435 1.0
542 470 1.0
542 605 1.0
542 629 1.0
542 667 1.0
542 831 1.0
542 890 1.0
543 185 1.0
543 330 1.0
543 411 1.0
543 656 1.0
543 688 1.0
543 767 1.0
543 843 1.0
544 8 1.0
544 61 1.0
544 104 1.0
544 202 1.0
544 234 1.0
544 608 1.0
544 658 1.0
544 781 1.0
544 858 1.0
544 972 1.0
545 214 1.0
545 296 1.0
545 706 1.0
545 723 1.0
546 1 1.0
546 14 1.0
546 255 1.0
546 349 1.0
546 399 1.0
546 473 1.0
546 530 1.0
546 663 1.0
546 896 1.0
546 970 1.0
547 460 1.0
547 627 1.0
547 709 1.0
548 40 1.0
548 131 1.0
548 587 1.0
548 747 1.0
548 881 1.0
548 917 1.0
549 342 1.0
549 445 1.0
549 483 1.0
549 598 1.0
549 620 1.0
549 642 1.0
549 658 1.0
549 892 1.0
549 894 1.0
549 902 1.0
549 924 1.0
549 981 1.0
550 268 1.0
550 398 1.0
550 754 1.0
550 835 1.0
550 950 1.0
550 991 1.0
551 152 1.0
551 188 1.0
551 535 1.0
551 713 1.0
551 913 1.0
551 946 1.0
552 66 1.0
552 158 1.0
552 359 1.0
552 401 1.0
552 441 1.0
552 789 1.0
552 865 1.0
552 974 1.0
552 976 1.0
553 99 1.0
553 199 1.0
553 314 1.0
553 319 1.0
553 412 1.0
553 415 1.0
553 527 1.0
553 691 1.0
553 800 1.0
553 891 1.0
554 149 1.0
554 287 1.0
554 589 1.0
554 728 1.0
554 737 1.0
554 822 1.0
554 848 1.0
554 882 1.0
555 18 1.0
555 25 1.0
555 130 1.0
555 248 1.0
555 413 1.0
555 432 1.0
555 452 1.0
555 462 1.0
555 588 1.0
555 749 1.0
556 70 1.0
556 145 1.0
556 184 1.0
556 217 1.0
556 228 1.0
556 500 1.0
556 802 1.0
556 919 1.0
556 950 1.0
557 310 1.0
557 324 1.0
557 496 1.0
557 684 1.0
557 759 1.0
557 806 1.0
557 877 1.0
557 992 1.0
558 321 1.0
558 773 1.0
559 26 1.0
559 225 1.0
559 336 1.0
559 578 1.0
560 209 1.0
560 888 1.0
561 89 1.0
561 291 1.0
561 344 1.0
561 352 1.0
561 457 1.0
561 498 1.0
561 573 1.0
561 600 1.0
561 642 1.0
561 647 1.0
561 815 1.0
561 865 1.0
561 873 1.0
562 15 1.0
562 55 1.0
562 374 1.0
562 523 1.0
562 624 1.0
562 677 1.0
562 751 1.0
562 790 1.0
562 830 1.0
562 936 1.0
562 942 1.0
562 989 1.0
562 997 1.0
563 4 1.0
563 63 1.0
563 83 1.0
563 161 1.0
563 180 1.0
563 181 1.0
563 302 1.0
563 656 1.0
563 734 1.0
563 896 1.0
564 64 1.0
564 211 1.0
564 270 1.0
564 329 1.0
564 473 1.0
564 553 1.0
564 905 1.0
564 928 1.0
565 166 1.0
565 226 1.0
565 262 1.0
565 466 1.0
565 518 1.0
565 602 1.0
565 690 1.0
566 40 1.0
566 53 1.0
566 132 1.0
566 235 1.0
566 252 1.0
566 406 1.0
566 418 1.0
566 507 1.0
566 625 1.0
566 814 1.0
566 818 1.0
567 26 1.0
567 71 1.0
567 135 1.0
567 179 1.0
567 233 1.0
567 510 1.0
567 579 1.0
567 681 1.0
567 754 1.0
567 807 1.0
567 869 1.0
567 896 1.0
567 902 1.0
568 102 1.0
568 174 1.0
568 252 1.0
568 268 1.0
568 322 1.0
568 372 1.0
568 391 1.0
568 441 1.0
568 563 1.0
568 712 1.0
568 721 1.0
568 730 1.0
568 822 1.0
568 872 1.0
569 14 1.0
569 83 1.0
569 396 1.0
569 490 1.0
569 555 1.0
569 594 1.0
569 606 1.0
569 662 1.0
569 843 1.0
570 198 1.0
570 888 1.0
570 900 1.0
571 363 1.0
571 455 1.0
571 491 1.0
571 495 1.0
571 807 1.0
571 900 1.0
571 903 1.0
572 183 1.0
572 313 1.0
572 342 1.0
572 687 1.0
572 799 1.0
573 300 1.0
573 533 1.0
574 52 1.0
574 222 1.0
574 729 1.0
574 804 1.0
574 805 1.0
575 183 1.0
575 371 1.0
575 423 1.0
575 482 1.0
575 514 1.0
575 585 1.0
575 910 1.0
576 129 1.0
576 151 1.0
576 222 1.0
576 598 1.0
576 604 1.0
576 646 1.0
576 657 1.0
576 677 1.0
576 950 1.0
577 80 1.0
577 182 1.0
577 257 1.0
577 317 1.0
577 320 1.0
577 524 1.0
577 535 1.0
577 813 1.0
578 26 1.0
578 72 1.0
578 138 1.0
578 216 1.0
578 356 1.0
578 533 1.0
578 644 1.0
578 711 1.0
578 965 1.0
579 64 1.0
579 317 1.0
579 330 1.0
579 369 1.0
579 387 1.0
579 573 1.0
579 772 1.0
579 846 1.0
579 891 1.0
580 5 1.0
580 220 1.0
580 571 1.0
580 988 1.0
581 48 1.0
581 113 1.0
581 153 1.0
581 222 1.0
581 439 1.0
581 689 1.0
581 704 1.0
582 255 1.0
582 257 1.0
582 383 1.0
582 408 1.0
582 466 1.0
582 512 1.0
582 668 1.0
582 855 1.0
582 901 1.0
583 326 1.0
583 418 1.0
583 563 1.0
583 599 1.0
583 750 1.0
584 57 1.0
584 95 1.0
584 123 1.0
584 229 1.0
584 235 1.0
584 351 1.0
584 579 1.0
584 700 1.0
584 956 1.0
584 969 1.0
584 977 1.0
585 58 1.0
585 174 1.0
585 223 1.0
586 68 1.0
586 313 1.0
586 665 1.0
587 36 1.0
587 38 1.0
587 44 1.0
587 63 1.0
587 367 1.0
587 843 1.0
588 10 1.0
588 126 1.0
588 221 1.0
588 242 1.0
588 316 1.0
588 341 1.0
588 932 1.0
589 166 1.0
589 570 1.0
589 936 1.0
590 23 1.0
590 44 1.0
590 450 1.0
590 737 1.0
590 935 1.0
591 243 1.0
591 258 1.0
591 524 1.0
591 581 1.0
591 631 1.0
591 746 1.0
591 979 1.0
592 66 1.0
592 73 1.0
592 142 1.0
592 225 1.0
592 327 1.0
592 419 1.0
592 591 1.0
592 776 1.0
592 792 1.0
592 848 1.0
592 866 1.0
592 914 1.0
593 24 1.0
593 119 1.0
593 158 1.0
593 230 1.0
593 309 1.0
593 484 1.0
593 871 1.0
593 939 1.0
593 993 1.0
594 14 1.0
594 79 1.0
594 219 1.0
594 339 1.0
594 629 1.0
594 676 1.0
594 699 1.0
594 780 1.0
594 795 1.0
595 6 1.0
595 176 1.0
595 183 1.0
595 184 1.0
595 313 1.0
595 499 1.0
595 518 1.0
595 631 1.0
595 840 1.0
596 63 1.0
596 210 1.0
596 399 1.0
596 544 1.0
596 844 1.0
597 176 1.0
597 220 1.0
597 326 1.0
597 498 1.0
597 566 1.0
597 604 1.0
597 747 1.0
597 787 1.0
598 40 1.0
598 724 1.0
598 900 1.0
598 956 1.0
598 974 1.0
599 87 1.0
599 450 1.0
599 817 1.0
599 827 1.0
599 828 1.0
600 149 1.0
600 219 1.0
600 403 1.0
600 508 1.0
600 569 1.0
600 581 1.0
600 707 1.0
601 214 1.0
601 271 1.0
601 510 1.0
601 709 1.0
601 755 1.0
601 783 1.0
601 794 1.0
601 803 1.0
601 892 1.0
601 927 1.0
602 3 1.0
602 32 1.0
602 471 1.0
602 595 1.0
602 781 1.0
602 999 1.0
603 154 1.0
603 434 1.0
603 753 1.0
603 933 1.0
604 327 1.0
604 507 1.0
604 710 1.0
604 835 1.0
605 84 1.0
605 169 1.0
605 205 1.0
605 360 1.0
605 502 1.0
605 611 1.0
605 715 1.0
605 824 1.0
605 964 1.0
605 995 1.0
606 111 1.0
606 172 1.0
606 323 1.0
606 480 1.0
606 805 1.0
606 839 1.0
606 864 1.0
606 919 1.0
606 926 1.0
607 328 1.0
607 397 1.0
607 453 1.0
607 455 1.0
607 513 1.0
607 657 1.0
607 663 1.0
607 756 1.0
607 759 1.0
607 885 1.0
607 907 1.0
608 26 1.0
608 90 1.0
608 92 1.0
608 125 1.0
608 363 1.0
608 371 1.0
608 377 1.0
608 425 1.0
608 797 1.0
608 939 1.0
608 940 1.0
608 990 1.0
609 49 1.0
609 133 1.0
609 223 1.0
609 292 1.0
609 922 1.0
609 966 1.0
610 157 1.0
610 274 1.0
610 312 1.0
610 659 1.0
610 861 1.0
610 968 1.0
610 997 1.0
611 34 1.0
611 167 1.0
611 276 1.0
611 317 1.0
611 523 1.0
611 628 1.0
611 684 1.0
611 707 1.0
612 96 1.0
612 112 1.0
612 244 1.0
612 497 1.0
612 675 1.0
612 733 1.0
612 778 1.0
612 788 1.0
613 83 1.0
613 132 1.0
613 317 1.0
613 326 1.0
613 349 1.0
613 363 1.0
613 437 1.0
613 446 1.0
613 506 1.0
613 521 1.0
613 600 1.0
613 647 1.0
613 754 1.0
613 815 1.0
613 854 1.0
613 880 1.0
614 41 1.0
614 128 1.0
614 207 1.0
614 225 1.0
614 660 1.0
614 710 1.0
614 768 1.0
614 940 1.0
615 44 1.0
615 164 1.0
615 175 1.0
615 345 1.0
615 389 1.0
615 568 1.0
615 759 1.0
615 808 1.0
615 860 1.0
615 871 1.0
616 128 1.0
616 336 1.0
616 348 1.0
616 362 1.0
616 396 1.0
616 438 1.0
616 567 1.0
616 630 1.0
616 668 1.0
616 821 1.0
617 177 1.0
617 697 1.0
617 704 1.0
617 755 1.0
617 808 1.0
617 877 1.0
617 906 1.0
617 948 1.0
618 330 1.0
618 368 1.0
618 413 1.0
618 473 1.0
618 855 1.0
618 856 1.0
619 66 1.0
619 101 1.0
619 355 1.0
619 644 1.0
619 672 1.0
620 160 1.0
620 336 1.0
620 373 1.0
620 409 1.0
620 413 1.0
620 450 1.0
620 484 1.0
620 762 1.0
621 103 1.0
621 200 1.0
621 425 1.0
621 529 1.0
621 569 1.0
621 676 1.0
621 723 1.0
621 791 1.0
621 880 1.0
622 267 1.0
622 272 1.0
622 307 1.0
622 317 1.0
622 387 1.0
622 550 1.0
622 580 1.0
622 632 1.0
622 639 1.0
622 895 1.0
622 915 1.0
623 223 1.0
623 339 1.0
623 468 1.0
623 567 1.0
623 732 1.0
623 907 1.0
624 52 1.0
624 59 1.0
624 233 1.0
624 495 1.0
624 576 1.0
624 797 1.0
624 813 1.0
624 952 1.0
625 68 1.0
625 226 1.0
625 434 1.0
625 474 1.0
625 672 1.0
625 749 1.0
625 854 1.0
625 858 1.0
625 898 1.0
625 967 1.0
626 464 1.0
626 645 1.0
627 80 1.0
627 91 1.0
627 200 1.0
627 318 1.0
627 364 1.0
627 534 1.0
627 563 1.0
627 577 1.0
627 644 1.0
627 684 1.0
627 832 1.0
627 898 1.0
628 17 1.0
628 57 1.0
628 95 1.0
628 195 1.0
628 327 1.0
628 437 1.0
628 490 1.0
628 526 1.0
628 683 1.0
628 687 1.0
628 722 1.0
628 887 1.0
628 896 1.0
628 901 1.0
629 4 1.0
629 205 1.0
629 221 1.0
629 252 1.0
629 495 1.0
629 712 1.0
629 795 1.0
630 667 1.0
630 750 1.0
630 844 1.0
630 881 1.0
631 5 1.0
631 82 1.0
631 188 1.0
631 193 1.0
631 260 1.0
631 692 1.0
631 700 1.0
631 747 1.0
631 849 1.0
631 936 1.0
632 81 1.0
632 97 1.0
632 206 1.0
632 489 1.0
632 490 1.0
632 507 1.0
632 889 1.0
633 282 1.0
633 395 1.0
633 410 1.0
633 462 1.0
633 525 1.0
633 529 1.0
633 596 1.0
633 607 1.0
633 678 1.0
633 805 1.0
633 891 1.0
634 119 1.0
634 189 1.0
634 469 1.0
634 562 1.0
634 620 1.0
634 649 1.0
634 671 1.0
634 713 1.0
634 740 1.0
634 763 1.0
634 856 1.0
634 882 1.0
635 178 1.0
635 218 1.0
635 267 1.0
635 274 1.0
635 476 1.0
635 590 1.0
635 660 1.0
636 9 1.0
636 68 1.0
636 124 1.0
636 229 1.0
636 307 1.0
636 319 1.0
636 776 1.0
636 811 1.0
637 261 1.0
637 368 1.0
637 450 1.0
637 767 1.0
638 221 1.0
638 222 1.0
638 274 1.0
638 445 1.0
638 448 1.0
638 449 1.0
638 466 1.0
638 803 1.0
638 835 1.0
638 921 1.0
638 942 1.0
639 2 1.0
639 183 1.0
639 244 1.0
639 319 1.0
639 556 1.0
639 616 1.0
639 659 1.0
639 694 1.0
639 748 1.0
639 811 1.0
639 834 1.0
640 70 1.0
640 263 1.0
640 489 1.0
640 596 1.0
640 808 1.0
640 818 1.0
640 907 1.0
640 967 1.0
641 62 1.0
641 126 1.0
641 438 1.0
641 448 1.0
641 506 1.0
641 717 1.0
641 727 1.0
641 735 1.0
641 739 1.0
641 826 1.0
641 841 1.0
641 862 1.0
641 874 1.0
642 201 1.0
642 426 1.0
642 750 1.0
642 934 1.0
642 945 1.0
642 995 1.0
643 85 1.0
643 114 1.0
643 337 1.0
643 404 1.0
643 429 1.0
643 528 1.0
643 821 1.0
643 956 1.0
643 978 1.0
644 263 1.0
644 281 1.0
644 332 1.0
645 13 1.0
645 86 1.0
645 345 1.0
645 354 1.0
645 369 1.0
645 464 1.0
645 626 1.0
645 690 1.0
645 693 1.0
645 715 1.0
645 746 1.0
645 777 1.0
645 843 1.0
645 899 1.0
646 264 1.0
646 421 1.0
646 424 1.0
646 486 1.0
646 718 1.0
646 864 1.0
646 881 1.0
647 6 1.0
647 29 1.0
647 37 1.0
647 142 1.0
647 419 1.0
647 644 1.0
647 649 1.0
647 744 1.0
647 746 1.0
647 821 1.0
647 889 1.0
647 999 1.0
648 20 1.0
648 452 1.0
648 703 1.0
648 733 1.0
648 807 1.0
648 843 1.0
649 11 1.0
649 238 1.0
649 567 1.0
649 800 1.0
649 802 1.0
649 921 1.0
650 73 1.0
650 85 1.0
650 129 1.0
650 168 1.0
650 329 1.0
650 379 1.0
650 388 1.0
650 495 1.0
650 505 1.0
650 666 1.0
650 789 1.0
650 900 1.0
651 157 1.0
651 368 1.0
651 404 1.0
651 460 1.0
651 656 1.0
651 894 1.0
652 333 1.0
652 496 1.0
652 616 1.0
652 807 1.0
652 999 1.0
653 102 1.0
653 140 1.0
653 247 1.0
653 521 1.0
653 524 1.0
653 587 1.0
653 701 1.0
653 814 1.0
654 6 1.0
654 18 1.0
654 86 1.0
654 337 1.0
654 571 1.0
654 598 1.0
654 663 1.0
654 806 1.0
654 815 1.0
654 902 1.0
655 77 1.0
655 110 1.0
655 112 1.0
655 113 1.0
655 414 1.0
655 542 1.0
655 959 1.0
655 985 1.0
656 79 1.0
656 151 1.0
656 205 1.0
656 310 1.0
656 390 1.0
656 509 1.0
656 548 1.0
656 777 1.0
656 852 1.0
656 959 1.0
657 113 1.0
657 178 1.0
657 386 1.0
657 680 1.0
657 880 1.0
657 986 1.0
658 3 1.0
658 10 1.0
658 188 1.0
658 247 1.0
658 298 1.0
658 458 1.0
658 480 1.0
658 516 1.0
658 561 1.0
659 19 1.0
659 30 1.0
659 151 1.0
659 277 1.0
659 493 1.0
659 530 1.0
659 604 1.0
659 607 1.0
659 620 1.0
659 700 1.0
659 941 1.0
659 959 1.0
660 78 1.0
660 173 1.0
660 312 1.0
660 335 1.0
660 385 1.0
660 525 1.0
660 808 1.0
660 863 1.0
661 78 1.0
661 104 1.0
661 153 1.0
661 303 1.0
661 343 1.0
661 525 1.0
661 828 1.0
661 852 1.0
661 864 1.0
661 870 1.0
661 914 1.0
661 942 1.0
662 103 1.0
662 106 1.0
662 192 1.0
662 223 1.0
662 228 1.0
662 387 1.0
662 502 1.0
662 657 1.0
662 791 1.0
662 872 1.0
663 221 1.0
663 707 1.0
663 742 1.0
663 917 1.0
664 74 1.0
664 222 1.0
664 374 1.0
664 478 1.0
664 560 1.0
664 758 1.0
664 859 1.0
664 862 1.0
665 212 1.0
665 449 1.0
665 544 1.0
665 565 1.0
665 569 1.0
666 150 1.0
666 493 1.0
666 710 1.0
666 717 1.0
666 916 1.0
667 32 1.0
667 196 1.0
667 204 1.0
667 292 1.0
667 402 1.0
667 444 1.0
667 458 1.0
667 556 1.0
667 581 1.0
667 756 1.0
667 804 1.0
668 299 1.0
668 331 1.0
668 564 1.0
668 640 1.0
668 648 1.0
668 720 1.0
669 255 1.0
669 360 1.0
669 397 1.0
669 456 1.0
669 487 1.0
669 580 1.0
669 625 1.0
670 45 1.0
670 83 1.0
670 111 1.0
670 133 1.0
670 291 1.0
670 324 1.0
670 468 1.0
670 569 1.0
670 602 1.0
670 623 1.0
671 202 1.0
671 326 1.0
671 427 1.0
671 520 1.0
671 590 1.0
671 623 1.0
671 640 1.0
671 675 1.0
671 702 1.0
671 719 1.0
671 732 1.0
671 750 1.0
671 893 1.0
672 97 1.0
672 329 1.0
672 483 1.0
672 722 1.0
673 11 1.0
673 27 1.0
673 82 1.0
673 117 1.0
673 228 1.0
673 262 1.0
673 389 1.0
673 486 1.0
673 507 1.0
673 835 1.0
674 27 1.0
674 200 1.0
674 254 1.0
674 491 1.0
674 582 1.0
674 842 1.0
674 987 1.0
675 153 1.0
675 196 1.0
675 252 1.0
675 468 1.0
675 490 1.0
675 549 1.0
675 643 1.0
675 745 1.0
675 821 1.0
675 956 1.0
676 57 1.0
676 252 1.0
676 254 1.0
676 562 1.0
676 596 1.0
676 717 1.0
676 748 1.0
677 93 1.0
677 808 1.0
678 347 1.0
678 466 1.0
678 647 1.0
679 50 1.0
679 370 1.0
679 705 1.0
679 825 1.0
680 531 1.0
680 583 1.0
680 619 1.0
680 662 1.0
680 715 1.0
680 788 1.0
681 407 1.0
681 546 1.0
681 867 1.0
681 878 1.0
681 887 1.0
682 122 1.0
682 130 1.0
682 350 1.0
682 800 1.0
682 878 1.0
682 936 1.0
683 27 1.0
683 365 1.0
683 424 1.0
683 515 1.0
683 702 1.0
683 711 1.0
683 863 1.0
683 911 1.0
683 939 1.0
684 97 1.0
684 160 1.0
684 181 1.0
684 204 1.0
684 352 1.0
684 443 1.0
684 460 1.0
684 506 1.0
684 528 1.0
684 708 1.0
684 715 1.0
684 888 1.0
684 902 1.0
685 166 1.0
685 256 1.0
685 356 1.0
685 378 1.0
685 438 1.0
685 439 1.0
685 504 1.0
685 608 1.0
685 888 1.0
686 39 1.0
686 124 1.0
686 125 1.0
686 301 1.0
686 355 1.0
686 500 1.0
686 550 1.0
686 568 1.0
686 621 1.0
686 661 1.0
686 695 1.0
686 762 1.0
686 936 1.0
686 975 1.0
687 166 1.0
687 368 1.0
687 377 1.0
687 406 1.0
687 442 1.0
687 559 1.0
687 560 1.0
687 706 1.0
687 721 1.0
687 803 1.0
688 105 1.0
688 299 1.0
688 374 1.0
688 402 1.0
688 403 1.0
688 426 1.0
688 448 1.0
688 458 1.0
688 775 1.0
688 924 1.0
688 951 1.0
688 972 1.0
689 73 1.0
689 143 1.0
689 240 1.0
689 601 1.0
689 623 1.0
689 641 1.0
689 823 1.0
690 159 1.0
690 344 1.0
690 356 1.0
690 444 1.0
690 590 1.0
690 851 1.0
691 30 1.0
691 61 1.0
691 308 1.0
691 440 1.0
691 771 1.0
691 809 1.0
691 844 1.0
691 892 1.0
692 11 1.0
692 29 1.0
692 30 1.0
692 33 1.0
692 52 1.0
692 58 1.0
692 157 1.0
692 386 1.0
692 415 1.0
692 569 1.0
692 601 1.0
692 914 1.0
693 109 1.0
693 158 1.0
693 174 1.0
693 292 1.0
693 302 1.0
693 434 1.0
693 464 1.0
693 469 1.0
693 878 1.0
693 921 1.0
693 980 1.0
694 340 1.0
694 358 1.0
694 426 1.0
694 504 1.0
694 533 1.0
694 678 1.0
694 724 1.0
694 821 1.0
694 825 1.0
694 994 1.0
695 55 1.0
695 72 1.0
695 269 1.0
695 349 1.0
695 560 1.0
695 633 1.0
695 931 1.0
695 994 1.0
696 14 1.0
696 237 1.0
696 262 1.0
696 333 1.0
696 352 1.0
696 353 1.0
696 375 1.0
696 476 1.0
696 577 1.0
696 641 1.0
696 704 1.0
696 793 1.0
696 830 1.0
696 846 1.0
696 962 1.0
697 125 1.0
697 180 1.0
697 384 1.0
697 739 1.0
697 889 1.0
697 929 1.0
697 942 1.0
698 156 1.0
698 205 1.0
698 427 1.0
698 491 1.0
698 493 1.0
698 515 1.0
698 536 1.0
698 609 1.0
698 649 1.0
699 264 1.0
699 653 1.0
699 829 1.0
700 222 1.0
700 348 1.0
700 406 1.0
700 474 1.0
701 100 1.0
701 235 1.0
701 304 1.0
701 396 1.0
701 414 1.0
701 466 1.0
701 709 1.0
701 769 1.0
701 788 1.0
701 844 1.0
701 922 1.0
702 247 1.0
702 249 1.0
702 254 1.0
702 665 1.0
702 926 1.0
703 142 1.0
703 222 1.0
703 284 1.0
703 456 1.0
703 496 1.0
703 568 1.0
703 574 1.0
703 755 1.0
703 820 1.0
703 940 1.0
704 30 1.0
704 317 1.0
704 563 1.0
704 662 1.0
705 566 1.0
705 603 1.0
705 605 1.0
705 883 1.0
706 261 1.0
706 499 1.0
706 536 1.0
706 881 1.0
707 28 1.0
707 316 1.0
708 36 1.0
708 70 1.0
708 277 1.0
708 392 1.0
708 487 1.0
708 904 1.0
709 165 1.0
709 877 1.0
710 133 1.0
710 475 1.0
710 481 1.0
710 517 1.0
710 545 1.0
710 548 1.0
710 685 1.0
710 837 1.0
711 141 1.0
711 567 1.0
711 630 1.0
711 645 1.0
712 94 1.0
712 120 1.0
712 134 1.0
712 155 1.0
712 282 1.0
712 500 1.0
712 507 1.0
712 605 1.0
712 717 1.0
712 806 1.0
712 822 1.0
712 833 1.0
712 902 1.0
712 925 1.0
712 934 1.0
712 990 1.0
713 48 1.0
713 251 1.0
713 292 1.0
713 308 1.0
713 450 1.0
713 676 1.0
713 699 1.0
714 187 1.0
714 234 1.0
714 247 1.0
714 283 1.0
714 589 1.0
714 734 1.0
714 744 1.0
714 798 1.0
714 824 1.0
714 939 1.0
715 20 1.0
715 129 1.0
715 169 1.0
715 311 1.0
715 331 1.0
715 353 1.0
715 643 1.0
715 686 1.0
715 845 1.0
716 20 1.0
716 853 1.0
717 208 1.0
717 273 1.0
717 342 1.0
717 496 1.0
717 554 1.0
717 561 1.0
717 635 1.0
717 674 1.0
717 831 1.0
717 852 1.0
717 892 1.0
717 902 1.0
718 84 1.0
718 220 1.0
718 393 1.0
718 540 1.0
718 618 1.0
718 682 1.0
719 52 1.0
719 134 1.0
719 199 1.0
719 321 1.0
719 405 1.0
719 434 1.0
719 541 1.0
719 564 1.0
719 584 1.0
719 737 1.0
719 793 1.0
719 880 1.0
719 926 1.0
720 47 1.0
720 158 1.0
720 272 1.0
720 706 1.0
720 832 1.0
720 943 1.0
720 962 1.0
721 45 1.0
721 77 1.0
721 231 1.0
721 560 1.0
721 865 1.0
722 75 1.0
722 131 1.0
722 378 1.0
722 525 1.0
722 526 1.0
722 890 1.0
722 990 1.0
723 103 1.0
723 145 1.0
723 516 1.0
723 540 1.0
723 628 1.0
723 635 1.0
723 678 1.0
723 685 1.0
723 811 1.0
723 957 1.0
723 960 1.0
724 211 1.0
724 378 1.0
724 414 1.0
724 506 1.0
724 548 1.0
724 659 1.0
725 66 1.0
725 137 1.0
725 154 1.0
725 204 1.0
725 419 1.0
725 431 1.0
725 437 1.0
725 877 1.0
726 43 1.0
726 185 1.0
726 221 1.0
726 328 1.0
726 430 1.0
726 443 1.0
726 576 1.0
726 584 1.0
726 724 1.0
726 754 1.0
726 766 1.0
726 911 1.0
726 931 1.0
727 129 1.0
727 134 1.0
727 596 1.0
727 704 1.0
727 718 1.0
727 725 1.0
727 914 1.0
727 942 1.0
728 154 1.0
728 203 1.0
728 714 1.0
728 785 1.0
728 844 1.0
729 33 1.0
729 57 1.0
729 252 1.0
729 573 1.0
729 633 1.0
729 746 1.0
729 862 1.0
730 103 1.0
730 165 1.0
730 171 1.0
730 454 1.0
730 559 1.0
730 585 1.0
730 626 1.0
730 668 1.0
730 820 1.0
730 851 1.0
730 858 1.0
730 868 1.0
731 250 1.0
731 476 1.0
731 698 1.0
731 878 1.0
732 169 1.0
732 254 1.0
732 325 1.0
732 474 1.0
732 483 1.0
732 491 1.0
732 627 1.0
732 942 1.0
733 33 1.0
733 371 1.0
733 393 1.0
733 413 1.0
733 552 1.0
733 575 1.0
733 738 1.0
733 795 1.0
733 828 1.0
733 933 1.0
734 134 1.0
734 178 1.0
734 186 1.0
734 230 1.0
734 291 1.0
734 424 1.0
734 512 1.0
734 646 1.0
734 664 1.0
734 785 1.0
734 796 1.0
734 863 1.0
734 962 1.0
735 208 1.0
735 532 1.0
735 680 1.0
735 681 1.0
735 804 1.0
735 826 1.0
736 48 1.0
736 191 1.0
736 341 1.0
736 504 1.0
736 511 1.0
736 523 1.0
736 643 1.0
736 674 1.0
736 696 1.0
736 771 1.0
736 795 1.0
736 925 1.0
737 12 1.0
737 56 1.0
737 778 1.0
737 843 1.0
737 992 1.0
738 124 1.0
738 134 1.0
738 378 1.0
738 717 1.0
738 932 1.0
739 32 1.0
739 44 1.0
739 107 1.0
739 150 1.0
739 152 1.0
739 156 1.0
739 209 1.0
739 224 1.0
739 397 1.0
739 581 1.0
739 758 1.0
739 902 1.0
739 940 1.0
740 2 1.0
740 35 1.0
740 158 1.0
740 165 1.0
740 444 1.0
740 585 1.0
740 793 1.0
740 915 1.0
741 87 1.0
741 206 1.0
741 262 1.0
741 351 1.0
741 379 1.0
741 441 1.0
741 489 1.0
741 610 1.0
741 781 1.0
741 807 1.0
741 879 1.0
741 925 1.0
742 11 1.0
742 77 1.0
742 98 1.0
742 109 1.0
742 141 1.0
742 237 1.0
742 310 1.0
742 324 1.0
742 348 1.0
742 380 1.0
742 460 1.0
742 513 1.0
742 600 1.0
742 631 1.0
742 668 1.0
742 739 1.0
742 744 1.0
742 758 1.0
742 765 1.0
742 806 1.0
742 892 1.0
743 574 1.0
743 753 1.0
744 208 1.0
744 427 1.0
744 609 1.0
744 613 1.0
744 648 1.0
744 808 1.0
744 811 1.0
744 977 1.0
745 14 1.0
745 16 1.0
745 431 1.0
746 90 1.0
746 182 1.0
746 333 1.0
746 478 1.0
746 517 1.0
746 519 1.0
746 552 1.0
746 701 1.0
746 709 1.0
746 723 1.0
746 736 1.0
746 753 1.0
746 785 1.0
746 874 1.0
747 377 1.0
747 460 1.0
747 490 1.0
747 638 1.0
747 865 1.0
747 894 1.0
747 921 1.0
748 278 1.0
748 380 1.0
748 429 1.0
748 647 1.0
748 714 1.0
748 743 1.0
748 786 1.0
748 902 1.0
749 407 1.0
749 487 1.0
749 668 1.0
749 746 1.0
750 44 1.0
750 108 1.0
750 295 1.0
750 350 1.0
750 353 1.0
750 530 1.0
750 661 1.0
750 853 1.0
750 943 1.0
751 9 1.0
751 199 1.0
751 206 1.0
751 347 1.0
751 379 1.0
751 594 1.0
751 665 1.0
751 672 1.0
751 737 1.0
752 141 1.0
752 290 1.0
752 432 1.0
752 470 1.0
752 531 1.0
752 567 1.0
752 647 1.0
752 754 1.0
752 836 1.0
752 858 1.0
752 863 1.0
752 874 1.0
753 84 1.0
753 91 1.0
753 353 1.0
753 375 1.0
753 450 1.0
753 472 1.0
753 595 1.0
753 774 1.0
754 117 1.0
754 354 1.0
754 400 1.0
754 557 1.0
754 616 1.0
754 874 1.0
755 549 1.0
755 645 1.0
755 655 1.0
755 799 1.0
755 814 1.0
755 828 1.0
755 872 1.0
755 943 1.0
756 27 1.0
756 122 1.0
756 134 1.0
756 194 1.0
756 242 1.0
756 473 1.0
756 573 1.0
756 736 1.0
757 190 1.0
757 227 1.0
757 429 1.0
757 640 1.0
757 695 1.0
757 730 1.0
758 30 1.0
758 87 1.0
758 444 1.0
758 641 1.0
758 662 1.0
758 960 1.0
759 213 1.0
759 250 1.0
759 380 1.0
759 722 1.0
759 816 1.0
759 819 1.0
759 942 1.0
759 944 1.0
760 303 1.0
760 404 1.0
760 455 1.0
760 538 1.0
760 628 1.0
760 673 1.0
760 681 1.0
760 713 1.0
761 52 1.0
761 122 1.0
761 144 1.0
761 151 1.0
761 163 1.0
761 186 1.0
761 200 1.0
761 349 1.0
761 381 1.0
761 419 1.0
761 497 1.0
761 655 1.0
761 684 1.0
761 715 1.0
762 5 1.0
762 339 1.0
762 516 1.0
762 568 1.0
762 633 1.0
762 782 1.0
763 89 1.0
763 182 1.0
763 230 1.0
763 386 1.0
763 391 1.0
763 544 1.0
763 846 1.0
763 886 1.0
763 946 1.0
764 172 1.0
764 219 1.0
764 448 1.0
764 462 1.0
764 697 1.0
764 740 1.0
764 908 1.0
765 139 1.0
765 339 1.0
765 341 1.0
765 394 1.0
765 588 1.0
765 611 1.0
765 628 1.0
765 760 1.0
765 872 1.0
765 887 1.0
765 929 1.0
766 273 1.0
766 300 1.0
766 407 1.0
766 415 1.0
766 649 1.0
766 666 1.0
766 883 1.0
767 11 1.0
767 38 1.0
767 226 1.0
767 252 1.0
767 338 1.0
767 416 1.0
767 506 1.0
767 677 1.0
768 196 1.0
768 383 1.0
768 595 1.0
768 716 1.0
768 769 1.0
768 807 1.0
768 829 1.0
768 958 1.0
769 117 1.0
769 161 1.0
769 184 1.0
769 442 1.0
769 573 1.0
769 594 1.0
769 640 1.0
769 764 1.0
769 813 1.0
769 877 1.0
770 151 1.0
770 168 1.0
770 343 1.0
770 406 1.0
770 414 1.0
770 512 1.0
770 573 1.0
770 592 1.0
770 602 1.0
770 660 1.0
770 671 1.0
770 728 1.0
770 824 1.0
770 946 1.0
771 225 1.0
771 237 1.0
771 255 1.0
771 322 1.0
771 846 1.0
771 862 1.0
771 878 1.0
771 967 1.0
772 192 1.0
772 226 1.0
772 599 1.0
772 849 1.0
772 877 1.0
773 17 1.0
773 49 1.0
773 209 1.0
773 271 1.0
773 300 1.0
773 310 1.0
773 369 1.0
773 457 1.0
773 459 1.0
773 473 1.0
773 549 1.0
773 761 1.0
773 968 1.0
773 991 1.0
774 35 1.0
774 45 1.0
774 101 1.0
774 129 1.0
774 145 1.0
774 211 1.0
774 391 1.0
774 481 1.0
774 486 1.0
774 489 1.0
774 498 1.0
774 519 1.0
774 582 1.0
774 679 1.0
774 738 1.0
774 932 1.0
775 60 1.0
775 129 1.0
775 262 1.0
775 377 1.0
775 383 1.0
775 397 1.0
775 438 1.0
775 772 1.0
775 820 1.0
776 80 1.0
776 106 1.0
776 183 1.0
776 294 1.0
776 330 1.0
776 432 1.0
776 500 1.0
777 44 1.0
777 190 1.0
777 195 1.0
777 507 1.0
777 558 1.0
777 892 1.0
778 590 1.0
778 682 1.0
778 789 1.0
779 125 1.0
779 130 1.0
779 135 1.0
779 220 1.0
779 693 1.0
779 709 1.0
780 512 1.0
780 684 1.0
780 715 1.0
780 728 1.0
780 745 1.0
781 323 1.0
781 454 1.0
781 504 1.0
781 639 1.0
781 677 1.0
781 830 1.0
782 150 1.0
782 191 1.0
782 614 1.0
782 693 1.0
782 697 1.0
782 730 1.0
782 775 1.0
782 792 1.0
782 794 1.0
783 172 1.0
783 429 1.0
783 495 1.0
783 535 1.0
783 587 1.0
783 894 1.0
783 913 1.0
783 971 1.0
784 28 1.0
784 110 1.0
784 141 1.0
784 164 1.0
784 510 1.0
784 703 1.0
784 936 1.0
785 42 1.0
785 178 1.0
785 289 1.0
785 315 1.0
785 344 1.0
785 671 1.0
785 909 1.0
786 157 1.0
786 356 1.0
786 822 1.0
786 850 1.0
786 930 1.0
786 969 1.0
786 994 1.0
787 65 1.0
787 75 1.0
787 146 1.0
787 372 1.0
787 400 1.0
787 443 1.0
787 476 1.0
787 610 1.0
787 675 1.0
787 734 1.0
787 850 1.0
787 852 1.0
787 869 1.0
787 877 1.0
787 947 1.0
788 62 1.0
788 68 1.0
788 181 1.0
788 352 1.0
788 435 1.0
788 503 1.0
788 572 1.0
788 609 1.0
788 629 1.0
788 896 1.0
788 972 1.0
789 40 1.0
789 101 1.0
789 143 1.0
789 247 1.0
789 386 1.0
789 391 1.0
789 494 1.0
789 518 1.0
789 665 1.0
789 807 1.0
789 821 1.0
790 0 1.0
790 172 1.0
790 440 1.0
790 656 1.0
790 678 1.0
790 872 1.0
790 875 1.0
790 901 1.0
791 7 1.0
791 252 1.0
791 369 1.0
791 453 1.0
791 467 1.0
791 500 1.0
791 657 1.0
791 717 1.0
792 273 1.0
792 349 1.0
792 369 1.0
792 376 1.0
792 559 1.0
792 798 1.0
793 4 1.0
793 201 1.0
793 206 1.0
793 396 1.0
793 555 1.0
793 617 1.0
793 749 1.0
793 787 1.0
794 172 1.0
794 222 1.0
794 240 1.0
794 417 1.0
794 533 1.0
794 559 1.0
794 645 1.0
794 728 1.0
794 809 1.0
794 924 1.0
795 222 1.0
795 238 1.0
795 365 1.0
795 486 1.0
795 822 1.0
795 950 1.0
796 2 1.0
796 182 1.0
796 335 1.0
796 407 1.0
796 453 1.0
796 962 1.0
797 43 1.0
797 107 1.0
797 146 1.0
797 223 1.0
797 337 1.0
797 514 1.0
797 567 1.0
797 696 1.0
797 771 1.0
797 906 1.0
797 971 1.0
798 24 1.0
798 104 1.0
798 175 1.0
798 225 1.0
798 265 1.0
798 584 1.0
798 607 1.0
798 623 1.0
798 734 1.0
798 750 1.0
798 879 1.0
798 883 1.0
799 25 1.0
799 187 1.0
799 270 1.0
799 569 1.0
799 959 1.0
799 974 1.0
800 211 1.0
800 244 1.0
800 275 1.0
800 493 1.0
800 516 1.0
800 564 1.0
800 632 1.0
800 715 1.0
800 867 1.0
801 31 1.0
801 185 1.0
801 483 1.0
801 486 1.0
801 493 1.0
801 730 1.0
801 804 1.0
801 821 1.0
801 854 1.0
802 119 1.0
802 287 1.0
802 649 1.0
802 696 1.0
802 810 1.0
803 19 1.0
803 25 1.0
803 470 1.0
803 566 1.0
803 932 1.0
804 299 1.0
804 347 1.0
804 596 1.0
804 638 1.0
804 835 1.0
804 980 1.0
805 418 1.0
805 712 1.0
805 829 1.0
806 325 1.0
806 456 1.0
806 554 1.0
806 574 1.0
807 283 1.0
807 402 1.0
807 509 1.0
807 551 1.0
807 629 1.0
808 282 1.0
808 325 1.0
808 414 1.0
808 536 1.0
808 574 1.0
808 670 1.0
808 830 1.0
808 907 1.0
809 28 1.0
809 58 1.0
809 102 1.0
809 383 1.0
809 549 1.0
809 691 1.0
809 996 1.0
810 175 1.0
810 207 1.0
810 275 1.0
810 433 1.0
810 513 1.0
810 636 1.0
810 637 1.0
810 755 1.0
810 765 1.0
810 787 1.0
810 994 1.0
811 97 1.0
811 103 1.0
811 429 1.0
811 495 1.0
811 672 1.0
811 726 1.0
812 64 1.0
812 129 1.0
812 224 1.0
812 368 1.0
812 390 1.0
812 440 1.0
812 701 1.0
812 754 1.0
813 62 1.0
813 168 1.0
813 181 1.0
813 193 1.0
813 271 1.0
813 365 1.0
813 420 1.0
813 609 1.0
813 706 1.0
813 778 1.0
813 831 1.0
813 873 1.0
814 46 1.0
814 460 1.0
814 480 1.0
814 683 1.0
814 764 1.0
814 816 1.0
815 174 1.0
815 285 1.0
815 291 1.0
815 363 1.0
815 625 1.0
815 675 1.0
815 707 1.0
815 710 1.0
815 802 1.0
816 35 1.0
816 209 1.0
816 658 1.0
816 773 1.0
817 73 1.0
817 82 1.0
817 98 1.0
817 497 1.0
817 747 1.0
817 871 1.0
817 880 1.0
817 918 1.0
818 230 1.0
818 347 1.0
818 500 1.0
818 501 1.0
818 569 1.0
818 706 1.0
818 762 1.0
818 817 1.0
819 124 1.0
819 354 1.0
819 429 1.0
819 505 1.0
819 620 1.0
819 737 1.0
820 571 1.0
820 623 1.0
820 629 1.0
820 660 1.0
820 837 1.0
821 21 1.0
821 38 1.0
821 127 1.0
821 143 1.0
821 201 1.0
821 232 1.0
821 257 1.0
821 321 1.0
821 519 1.0
821 526 1.0
821 598 1.0
821 816 1.0
821 872 1.0
821 927 1.0
822 26 1.0
822 33 1.0
822 252 1.0
822 387 1.0
822 421 1.0
822 589 1.0
822 763 1.0
822 798 1.0
822 946 1.0
823 27 1.0
823 43 1.0
823 635 1.0
823 750 1.0
824 36 1.0
824 121 1.0
824 194 1.0
824 201 1.0
824 242 1.0
824 257 1.0
824 291 1.0
824 309 1.0
824 330 1.0
824 363 1.0
824 371 1.0
824 390 1.0
824 440 1.0
824 509 1.0
824 614 1.0
824 721 1.0
824 773 1.0
824 876 1.0
825 11 1.0
825 80 1.0
825 185 1.0
825 214 1.0
825 276 1.0
825 316 1.0
825 326 1.0
825 412 1.0
825 757 1.0
825 813 1.0
825 996 1.0
826 90 1.0
826 457 1.0
826 717 1.0
826 895 1.0
827 27 1.0
827 73 1.0
827 181 1.0
827 201 1.0
827 533 1.0
827 702 1.0
827 768 1.0
827 930 1.0
828 80 1.0
828 327 1.0
828 344 1.0
828 449 1.0
828 658 1.0
828 720 1.0
828 968 1.0
829 104 1.0
829 234 1.0
829 244 1.0
829 450 1.0
829 640 1.0
829 666 1.0
829 687 1.0
829 868 1.0
830 2 1.0
830 469 1.0
830 789 1.0
831 487 1.0
831 513 1.0
831 720 1.0
831 811 1.0
831 858 1.0
831 933 1.0
831 942 1.0
832 79 1.0
832 247 1.0
832 497 1.0
832 530 1.0
832 548 1.0
832 637 1.0
832 675 1.0
832 819 1.0
832 952 1.0
833 1 1.0
833 74 1.0
833 288 1.0
833 340 1.0
833 484 1.0
833 570 1.0
833 581 1.0
833 815 1.0
833 847 1.0
834 110 1.0
834 112 1.0
834 115 1.0
834 263 1.0
834 334 1.0
834 354 1.0
834 402 1.0
834 480 1.0
834 598 1.0
834 691 1.0
834 756 1.0
835 11 1.0
835 179 1.0
835 395 1.0
835 660 1.0
835 763 1.0
835 970 1.0
835 982 1.0
836 34 1.0
836 53 1.0
836 162 1.0
836 530 1.0
836 658 1.0
836 782 1.0
836 851 1.0
837 178 1.0
837 325 1.0
837 637 1.0
837 696 1.0
837 794 1.0
837 839 1.0
837 957 1.0
838 55 1.0
838 124 1.0
838 233 1.0
838 336 1.0
838 691 1.0
838 746 1.0
838 993 1.0
839 302 1.0
839 589 1.0
839 595 1.0
839 633 1.0
839 764 1.0
839 798 1.0
839 859 1.0
839 940 1.0
840 11 1.0
840 601 1.0
840 889 1.0
841 80 1.0
841 132 1.0
841 313 1.0
841 489 1.0
841 558 1.0
841 669 1.0
841 742 1.0
841 746 1.0
841 834 1.0
841 859 1.0
841 960 1.0
841 999 1.0
842 292 1.0
842 301 1.0
842 384 1.0
842 426 1.0
842 520 1.0
842 804 1.0
842 946 1.0
842 975 1.0
843 1 1.0
843 117 1.0
843 133 1.0
843 366 1.0
843 375 1.0
843 389 1.0
843 450 1.0
843 485 1.0
843 585 1.0
843 620 1.0
843 801 1.0
843 902 1.0
843 947 1.0
843 950 1.0
844 30 1.0
844 33 1.0
844 36 1.0
844 153 1.0
844 223 1.0
844 267 1.0
844 814 1.0
844 902 1.0
845 217 1.0
845 328 1.0
845 329 1.0
845 647 1.0
846 68 1.0
846 177 1.0
846 296 1.0
846 298 1.0
846 492 1.0
846 553 1.0
846 814 1.0
847 54 1.0
847 189 1.0
847 393 1.0
847 488 1.0
847 561 1.0
847 769 1.0
848 145 1.0
848 370 1.0
848 464 1.0
848 679 1.0
848 794 1.0
848 797 1.0
848 881 1.0
848 909 1.0
848 911 1.0
849 207 1.0
849 295 1.0
849 306 1.0
849 501 1.0
849 535 1.0
849 580 1.0
849 707 1.0
849 859 1.0
850 403 1.0
850 673 1.0
850 824 1.0
850 857 1.0
850 963 1.0
851 199 1.0
851 477 1.0
851 617 1.0
851 706 1.0
851 814 1.0
852 117 1.0
852 126 1.0
852 128 1.0
852 300 1.0
852 362 1.0
852 441 1.0
852 501 1.0
852 524 1.0
852 600 1.0
852 730 1.0
852 748 1.0
853 95 1.0
853 212 1.0
853 351 1.0
853 459 1.0
853 474 1.0
853 499 1.0
853 606 1.0
853 630 1.0
853 847 1.0
853 862 1.0
853 918 1.0
853 919 1.0
853 933 1.0
854 49 1.0
854 155 1.0
854 406 1.0
854 429 1.0
854 643 1.0
854 941 1.0
855 28 1.0
855 328 1.0
855 599 1.0
855 750 1.0
855 779 1.0
855 802 1.0
855 895 1.0
856 143 1.0
856 257 1.0
856 718 1.0
856 894 1.0
856 904 1.0
856 928 1.0
857 239 1.0
857 603 1.0
857 813 1.0
858 243 1.0
858 302 1.0
858 778 1.0
858 866 1.0
858 892 1.0
859 109 1.0
859 174 1.0
859 229 1.0
859 248 1.0
859 628 1.0
859 671 1.0
859 675 1.0
859 848 1.0
859 889 1.0
859 993 1.0
860 13 1.0
860 37 1.0
860 56 1.0
860 66 1.0
860 84 1.0
860 142 1.0
860 149 1.0
860 522 1.0
860 579 1.0
860 621 1.0
860 634 1.0
860 635 1.0
860 732 1.0
860 795 1.0
860 854 1.0
860 971 1.0
861 30 1.0
861 90 1.0
861 102 1.0
861 180 1.0
861 215 1.0
861 411 1.0
861 504 1.0
861 701 1.0
861 734 1.0
861 915 1.0
861 942 1.0
861 984 1.0
862 12 1.0
862 250 1.0
862 307 1.0
862 453 1.0
862 462 1.0
862 508 1.0
862 603 1.0
862 612 1.0
862 667 1.0
862 674 1.0
863 3 1.0
863 434 1.0
863 485 1.0
863 497 1.0
863 625 1.0
863 716 1.0
863 779 1.0
863 856 1.0
864 71 1.0
864 191 1.0
864 405 1.0
864 457 1.0
864 807 1.0
864 936 1.0
864 964 1.0
864 995 1.0
865 84 1.0
865 145 1.0
865 368 1.0
865 442 1.0
865 456 1.0
865 514 1.0
865 666 1.0
866 81 1.0
866 164 1.0
866 233 1.0
866 305 1.0
866 409 1.0
866 649 1.0
866 713 1.0
866 781 1.0
866 811 1.0
867 694 1.0
867 739 1.0
867 814 1.0
867 819 1.0
868 100 1.0
868 135 1.0
868 157 1.0
868 182 1.0
868 309 1.0
868 465 1.0
868 742 1.0
868 828 1.0
868 852 1.0
868 908 1.0
868 926 1.0
869 130 1.0
869 455 1.0
869 483 1.0
869 516 1.0
869 547 1.0
869 579 1.0
869 650 1.0
869 697 1.0
869 751 1.0
869 984 1.0
870 37 1.0
870 185 1.0
870 522 1.0
870 617 1.0
870 659 1.0
870 666 1.0
870 840 1.0
870 945 1.0
870 951 1.0
871 134 1.0
871 304 1.0
871 310 1.0
871 337 1.0
871 407 1.0
871 446 1.0
871 800 1.0
871 860 1.0
872 285 1.0
872 471 1.0
873 52 1.0
873 157 1.0
873 240 1.0
873 245 1.0
873 412 1.0
873 452 1.0
873 673 1.0
873 708 1.0
873 936 1.0
874 44 1.0
874 281 1.0
874 417 1.0
874 739 1.0
875 44 1.0
875 47 1.0
875 253 1.0
875 309 1.0
875 661 1.0
875 774 1.0
875 822 1.0
875 960 1.0
876 82 1.0
876 86 1.0
876 484 1.0
876 610 1.0
876 676 1.0
876 757 1.0
876 758 1.0
877 243 1.0
877 294 1.0
877 347 1.0
877 467 1.0
877 604 1.0
877 623 1.0
877 785 1.0
877 905 1.0
878 34 1.0
878 109 1.0
878 333 1.0
878 525 1.0
878 755 1.0
878 783 1.0
878 822 1.0
878 881 1.0
878 910 1.0
879 189 1.0
879 293 1.0
879 366 1.0
879 589 1.0
879 592 1.0
879 625 1.0
879 691 1.0
879 762 1.0
879 783 1.0
879 798 1.0
880 126 1.0
880 215 1.0
880 305 1.0
880 307 1.0
880 344 1.0
880 556 1.0
880 694 1.0
880 876 1.0
880 996 1.0
881 81 1.0
881 725 1.0
881 937 1.0
881 940 1.0
882 114 1.0
882 209 1.0
882 236 1.0
882 695 1.0
882 703 1.0
882 878 1.0
882 955 1.0
883 70 1.0
883 85 1.0
883 169 1.0
883 189 1.0
883 388 1.0
883 414 1.0
883 512 1.0
884 216 1.0
884 353 1.0
884 476 1.0
884 488 1.0
884 546 1.0
884 564 1.0
884 575 1.0
884 665 1.0
884 937 1.0
885 5 1.0
885 284 1.0
885 359 1.0
885 446 1.0
885 748 1.0
885 762 1.0
885 890 1.0
885 980 1.0
886 337 1.0
886 378 1.0
886 426 1.0
887 5 1.0
887 207 1.0
887 456 1.0
887 546 1.0
887 586 1.0
887 918 1.0
887 926 1.0
888 89 1.0
888 91 1.0
888 110 1.0
888 127 1.0
888 411 1.0
888 416 1.0
888 544 1.0
888 714 1.0
888 919 1.0
888 928 1.0
889 21 1.0
889 388 1.0
889 482 1.0
889 596 1.0
889 700 1.0
889 774 1.0
889 847 1.0
890 16 1.0
890 26 1.0
890 391 1.0
890 565 1.0
890 604 1.0
890 611 1.0
890 787 1.0
890 867 1.0
891 31 1.0
891 70 1.0
891 166 1.0
891 324 1.0
891 489 1.0
891 550 1.0
891 551 1.0
891 848 1.0
891 921 1.0
892 275 1.0
892 400 1.0
892 562 1.0
892 769 1.0
892 810 1.0
892 868 1.0
893 253 1.0
893 466 1.0
893 549 1.0
893 917 1.0
894 74 1.0
894 160 1.0
894 272 1.0
894 562 1.0
894 584 1.0
894 823 1.0
895 161 1.0
895 265 1.0
895 456 1.0
895 694 1.0
895 722 1.0
895 879 1.0
895 945 1.0
896 49 1.0
896 332 1.0
896 474 1.0
896 479 1.0
896 839 1.0
896 857 1.0
897 134 1.0
897 200 1.0
897 377 1.0
897 700 1.0
897 709 1.0
898 42 1.0
898 148 1.0
898 337 1.0
898 493 1.0
898 502 1.0
898 879 1.0
898 985 1.0
899 122 1.0
899 152 1.0
899 371 1.0
899 429 1.0
899 721 1.0
899 727 1.0
900 23 1.0
900 320 1.0
900 536 1.0
900 749 1.0
900 780 1.0
901 99 1.0
901 158 1.0
901 244 1.0
901 645 1.0
901 718 1.0
901 830 1.0
901 872 1.0
901 969 1.0
902 32 1.0
902 401 1.0
902 533 1.0
903 193 1.0
903 223 1.0
903 366 1.0
903 495 1.0
903 632 1.0
903 784 1.0
904 57 1.0
904 260 1.0
904 527 1.0
904 622 1.0
904 684 1.0
904 809 1.0
905 4 1.0
905 255 1.0
905 350 1.0
905 542 1.0
905 605 1.0
906 74 1.0
906 219 1.0
906 337 1.0
906 597 1.0
906 879 1.0
906 952 1.0
907 162 1.0
907 502 1.0
907 541 1.0
907 566 1.0
907 650 1.0
907 769 1.0
907 839 1.0
907 922 1.0
908 28 1.0
908 98 1.0
908 105 1.0
908 311 1.0
908 453 1.0
908 528 1.0
908 917 1.0
909 131 1.0
909 189 1.0
909 205 1.0
909 237 1.0
909 312 1.0
909 538 1.0
909 751 1.0
909 805 1.0
909 890 1.0
909 981 1.0
910 217 1.0
910 234 1.0
910 236 1.0
910 244 1.0
910 326 1.0
910 331 1.0
910 370 1.0
910 575 1.0
910 693 1.0
910 823 1.0
910 909 1.0
911 18 1.0
911 283 1.0
911 314 1.0
911 357 1.0
911 481 1.0
911 656 1.0
911 732 1.0
911 804 1.0
911 844 1.0
911 862 1.0
912 108 1.0
912 185 1.0
912 400 1.0
913 20 1.0
913 186 1.0
913 412 1.0
913 472 1.0
913 490 1.0
913 572 1.0
914 15 1.0
914 79 1.0
914 460 1.0
914 508 1.0
914 513 1.0
914 539 1.0
914 592 1.0
914 643 1.0
914 703 1.0
915 200 1.0
915 213 1.0
915 422 1.0
915 454 1.0
915 599 1.0
915 629 1.0
915 662 1.0
915 715 1.0
915 726 1.0
915 744 1.0
915 863 1.0
915 896 1.0
916 162 1.0
916 190 1.0
916 212 1.0
916 278 1.0
916 332 1.0
916 375 1.0
916 820 1.0
917 54 1.0
917 177 1.0
917 250 1.0
917 271 1.0
917 474 1.0
917 501 1.0
917 513 1.0
917 564 1.0
917 782 1.0
917 950 1.0
917 987 1.0
918 12 1.0
918 263 1.0
918 271 1.0
918 342 1.0
918 353 1.0
918 747 1.0
919 127 1.0
919 210 1.0
919 233 1.0
919 275 1.0
919 444 1.0
919 574 1.0
919 660 1.0
919 773 1.0
919 860 1.0
919 882 1.0
919 918 1.0
920 84 1.0
920 219 1.0
920 322 1.0
920 373 1.0
920 850 1.0
920 932 1.0
920 966 1.0
921 24 1.0
921 85 1.0
921 103 1.0
921 235 1.0
921 285 1.0
921 290 1.0
921 294 1.0
921 406 1.0
921 660 1.0
921 703 1.0
921 935 1.0
922 111 1.0
922 877 1.0
922 906 1.0
922 908 1.0
922 926 1.0
923 224 1.0
923 242 1.0
923 334 1.0
923 504 1.0
923 546 1.0
923 725 1.0
923 768 1.0
923 832 1.0
923 836 1.0
923 861 1.0
924 59 1.0
924 362 1.0
924 438 1.0
924 454 1.0
924 489 1.0
924 576 1.0
924 679 1.0
924 696 1.0
924 772 1.0
924 968 1.0
925 207 1.0
925 491 1.0
925 660 1.0
925 798 1.0
925 838 1.0
926 18 1.0
926 123 1.0
926 125 1.0
926 379 1.0
926 538 1.0
926 765 1.0
926 981 1.0
927 267 1.0
927 427 1.0
927 604 1.0
927 623 1.0
927 684 1.0
927 813 1.0
927 866 1.0
928 215 1.0
928 258 1.0
928 585 1.0
928 675 1.0
928 854 1.0
928 866 1.0
929 391 1.0
929 757 1.0
929 920 1.0
930 242 1.0
930 487 1.0
930 518 1.0
930 587 1.0
930 622 1.0
930 681 1.0
930 743 1.0
930 843 1.0
931 41 1.0
931 182 1.0
931 464 1.0
931 664 1.0
931 751 1.0
931 889 1.0
931 946 1.0
932 427 1.0
932 443 1.0
932 537 1.0
932 547 1.0
932 767 1.0
932 865 1.0
933 111 1.0
933 351 1.0
933 609 1.0
933 672 1.0
933 738 1.0
933 805 1.0
934 8 1.0
934 56 1.0
934 115 1.0
934 440 1.0
934 565 1.0
934 595 1.0
934 603 1.0
934 881 1.0
934 918 1.0
934 978 1.0
935 87 1.0
935 280 1.0
935 308 1.0
935 455 1.0
935 706 1.0
935 880 1.0
935 944 1.0
936 141 1.0
936 276 1.0
936 503 1.0
936 511 1.0
936 666 1.0
936 760 1.0
936 861 1.0
937 47 1.0
937 128 1.0
937 193 1.0
937 468 1.0
937 558 1.0
937 579 1.0
937 580 1.0
937 867 1.0
937 903 1.0
938 97 1.0
938 201 1.0
938 262 1.0
938 368 1.0
938 552 1.0
938 807 1.0
938 974 1.0
939 19 1.0
939 456 1.0
939 523 1.0
939 558 1.0
939 844 1.0
940 177 1.0
940 414 1.0
940 450 1.0
940 563 1.0
940 595 1.0
941 165 1.0
941 270 1.0
941 306 1.0
941 338 1.0
941 646 1.0
941 663 1.0
941 691 1.0
941 826 1.0
941 940 1.0
942 115 1.0
942 139 1.0
942 722 1.0
942 865 1.0
943 332 1.0
943 429 1.0
943 745 1.0
943 844 1.0
944 43 1.0
944 58 1.0
944 512 1.0
944 576 1.0
944 770 1.0
944 900 1.0
945 194 1.0
945 220 1.0
945 222 1.0
945 720 1.0
945 983 1.0
946 603 1.0
946 667 1.0
946 832 1.0
946 935 1.0
947 143 1.0
947 219 1.0
947 409 1.0
947 428 1.0
947 459 1.0
947 607 1.0
947 686 1.0
947 795 1.0
948 67 1.0
948 96 1.0
948 207 1.0
948 262 1.0
948 323 1.0
948 590 1.0
948 598 1.0
948 651 1.0
948 726 1.0
948 814 1.0
948 900 1.0
948 921 1.0
949 132 1.0
949 307 1.0
949 352 1.0
949 401 1.0
949 506 1.0
949 523 1.0
949 636 1.0
949 651 1.0
949 682 1.0
949 708 1.0
950 363 1.0
950 550 1.0
950 556 1.0
950 576 1.0
950 795 1.0
950 843 1.0
950 917 1.0
950 995 1.0
951 166 1.0
951 688 1.0
951 870 1.0
952 61 1.0
952 283 1.0
952 414 1.0
952 465 1.0
952 500 1.0
952 624 1.0
952 832 1.0
952 906 1.0
953 28 1.0
953 84 1.0
953 112 1.0
953 518 1.0
954 5 1.0
954 206 1.0
954 272 1.0
954 960 1.0
955 174 1.0
955 196 1.0
955 412 1.0
955 882 1.0
955 983 1.0
956 212 1.0
956 584 1.0
956 598 1.0
956 643 1.0
956 675 1.0
957 0 1.0
957 47 1.0
957 169 1.0
957 272 1.0
957 353 1.0
957 387 1.0
957 723 1.0
957 837 1.0
958 96 1.0
958 128 1.0
958 490 1.0
958 768 1.0
959 11 1.0
959 260 1.0
959 655 1.0
959 656 1.0
959 659 1.0
959 799 1.0
960 14 1.0
960 44 1.0
960 125 1.0
960 170 1.0
960 291 1.0
960 459 1.0
960 723 1.0
960 758 1.0
960 841 1.0
960 875 1.0
960 954 1.0
961 63 1.0
961 126 1.0
961 169 1.0
961 207 1.0
961 208 1.0
961 304 1.0
961 440 1.0
961 536 1.0
962 48 1.0
962 120 1.0
962 346 1.0
962 400 1.0
962 696 1.0
962 720 1.0
962 734 1.0
962 796 1.0
963 133 1.0
963 347 1.0
963 425 1.0
963 850 1.0
964 41 1.0
964 278 1.0
964 352 1.0
964 605 1.0
964 864 1.0
964 982 1.0
965 276 1.0
965 299 1.0
965 309 1.0
965 434 1.0
965 480 1.0
965 578 1.0
965 994 1.0
966 34 1.0
966 194 1.0
966 281 1.0
966 296 1.0
966 402 1.0
966 609 1.0
966 920 1.0
967 5 1.0
967 27 1.0
967 67 1.0
967 157 1.0
967 164 1.0
967 245 1.0
967 625 1.0
967 640 1.0
967 771 1.0
968 172 1.0
968 255 1.0
968 292 1.0
968 293 1.0
968 399 1.0
968 497 1.0
968 610 1.0
968 773 1.0
968 828 1.0
968 924 1.0
969 62 1.0
969 244 1.0
969 289 1.0
969 318 1.0
969 422 1.0
969 584 1.0
969 786 1.0
969 901 1.0
970 22 1.0
970 250 1.0
970 258 1.0
970 546 1.0
970 835 1.0
971 140 1.0
971 304 1.0
971 472 1.0
971 783 1.0
971 797 1.0
971 860 1.0
972 48 1.0
972 140 1.0
972 354 1.0
972 400 1.0
972 544 1.0
972 688 1.0
972 788 1.0
973 293 1.0
973 326 1.0
973 371 1.0
973 454 1.0
974 76 1.0
974 271 1.0
974 360 1.0
974 536 1.0
974 552 1.0
974 598 1.0
974 799 1.0
974 938 1.0
975 90 1.0
975 302 1.0
975 686 1.0
975 842 1.0
976 131 1.0
976 169 1.0
976 315 1.0
976 319 1.0
976 531 1.0
976 552 1.0
977 48 1.0
977 63 1.0
977 111 1.0
977 265 1.0
977 289 1.0
977 584 1.0
977 744 1.0
978 185 1.0
978 261 1.0
978 402 1.0
978 643 1.0
978 934 1.0
979 99 1.0
979 113 1.0
979 209 1.0
979 448 1.0
979 529 1.0
979 591 1.0
980 10 1.0
980 85 1.0
980 193 1.0
980 256 1.0
980 490 1.0
980 693 1.0
980 804 1.0
980 885 1.0
981 2 1.0
981 47 1.0
981 281 1.0
981 549 1.0
981 909 1.0
981 926 1.0
982 20 1.0
982 44 1.0
982 94 1.0
982 138 1.0
982 248 1.0
982 286 1.0
982 346 1.0
982 445 1.0
982 540 1.0
982 835 1.0
982 964 1.0
983 141 1.0
983 204 1.0
983 532 1.0
983 945 1.0
983 955 1.0
984 44 1.0
984 136 1.0
984 242 1.0
984 861 1.0
984 869 1.0
985 23 1.0
985 55 1.0
985 155 1.0
985 262 1.0
985 655 1.0
985 898 1.0
986 11 1.0
986 19 1.0
986 123 1.0
986 161 1.0
986 175 1.0
986 409 1.0
986 657 1.0
987 62 1.0
987 72 1.0
987 106 1.0
987 353 1.0
987 674 1.0
987 917 1.0
988 6 1.0
988 18 1.0
988 176 1.0
988 197 1.0
988 204 1.0
988 390 1.0
988 580 1.0
989 82 1.0
989 150 1.0
989 235 1.0
989 276 1.0
989 562 1.0
990 68 1.0
990 118 1.0
990 201 1.0
990 367 1.0
990 532 1.0
990 608 1.0
990 712 1.0
990 722 1.0
991 16 1.0
991 106 1.0
991 279 1.0
991 321 1.0
991 445 1.0
991 550 1.0
991 773 1.0
992 149 1.0
992 165 1.0
992 205 1.0
992 452 1.0
992 557 1.0
992 737 1.0
993 71 1.0
993 218 1.0
993 593 1.0
993 838 1.0
993 859 1.0
994 15 1.0
994 217 1.0
994 246 1.0
994 694 1.0
994 695 1.0
994 786 1.0
994 810 1.0
994 965 1.0
995 118 1.0
995 254 1.0
995 273 1.0
995 287 1.0
995 605 1.0
995 642 1.0
995 864 1.0
995 950 1.0
996 73 1.0
996 89 1.0
996 286 1.0
996 291 1.0
996 456 1.0
996 809 1.0
996 825 1.0
996 880 1.0
997 22 1.0
997 85 1.0
997 135 1.0
997 395 1.0
997 562 1.0
997 610 1.0
998 1 1.0
998 60 1.0
998 72 1.0
998 83 1.0
998 262 1.0
998 276 1.0
998 998 1.0
999 36 1.0
999 465 1.0
999 602 1.0
999 647 1.0
999 652 1.0
999 841 1.0
