0 202
0 912
0 764
0 993
1 82
1 674
1 436
1 951
1 797
1 113
1 444
1 887
2 136
2 690
2 981
2 550
2 916
2 746
2 480
2 6
2 244
2 720
3 771
3 721
3 900
4 186
4 223
4 277
4 813
4 184
4 368
4 116
4 696
4 465
4 951
4 508
4 432
4 386
4 879
5 774
5 993
5 701
5 969
5 854
5 150
5 758
6 137
6 345
6 902
6 322
7 650
7 132
7 999
7 617
7 242
7 938
7 789
7 828
8 937
8 13
8 738
9 387
9 14
9 481
9 111
9 777
9 642
9 298
10 103
10 758
10 559
10 888
10 171
10 315
11 545
11 738
11 384
11 50
11 375
11 908
12 76
12 709
12 391
12 165
12 716
12 461
12 109
12 643
13 305
13 838
13 98
13 874
13 564
13 137
13 396
13 583
13 515
13 884
14 344
14 704
14 995
14 925
14 136
15 332
15 54
15 208
15 971
15 326
15 551
15 668
16 421
16 859
16 239
16 714
16 866
16 472
16 621
16 251
16 92
17 834
17 440
17 983
17 212
17 882
17 780
17 880
17 705
17 749
18 837
18 969
18 164
19 430
19 521
19 604
19 325
19 332
19 553
19 121
20 273
20 551
20 523
20 336
20 190
20 91
20 886
20 911
20 818
21 103
21 948
21 364
21 820
21 624
21 963
21 537
21 869
22 156
22 187
22 638
22 834
22 701
22 135
22 965
23 193
23 665
23 542
23 370
23 432
23 92
23 801
23 425
23 437
23 663
24 263
24 175
24 699
24 947
24 924
24 976
24 716
24 432
24 521
24 428
24 176
24 135
24 456
24 873
24 724
24 600
25 145
25 310
25 287
25 845
25 223
26 501
26 130
26 39
26 472
26 824
26 524
26 315
27 771
27 456
28 460
28 653
29 12
29 867
29 292
29 306
29 106
29 776
30 12
30 45
30 715
30 364
30 113
30 482
31 35
31 719
31 512
31 663
31 846
31 144
31 159
31 659
33 900
33 238
33 204
34 278
34 103
34 963
34 164
34 851
34 307
35 803
35 152
35 368
35 955
35 239
35 992
35 310
35 462
35 367
36 814
36 541
36 221
36 405
36 757
36 254
37 205
37 271
37 695
37 93
37 994
37 626
38 389
38 779
38 170
39 704
39 174
39 444
39 841
39 61
39 15
39 324
39 896
40 508
40 465
40 995
40 277
40 475
40 397
40 203
41 545
41 529
41 90
41 28
41 567
41 683
42 743
42 890
42 786
42 857
42 221
43 171
43 387
43 930
43 391
43 604
43 400
43 463
44 572
44 347
44 11
44 747
45 631
45 601
45 343
45 885
45 216
45 375
45 841
45 4
45 988
46 886
46 208
46 513
46 480
47 798
47 985
47 20
47 787
47 928
47 695
48 113
48 896
48 717
48 585
48 202
48 841
48 84
48 501
49 857
49 957
49 668
49 659
50 317
50 59
50 242
50 631
50 35
50 844
50 650
50 717
52 683
52 695
52 731
52 699
52 916
52 790
52 764
52 1
53 455
53 629
53 598
53 826
53 37
53 737
53 268
53 89
54 370
54 160
54 134
54 611
56 144
56 671
56 875
56 291
56 136
56 218
56 277
56 67
57 563
57 331
57 539
57 36
57 856
57 198
58 976
58 962
58 317
58 885
58 660
58 335
58 639
58 159
58 768
58 825
58 90
58 800
59 928
59 492
59 218
59 186
59 202
59 658
59 427
59 565
59 99
59 610
60 799
60 577
60 877
60 538
60 417
61 592
61 216
61 839
61 418
61 443
61 310
61 669
61 743
62 999
62 766
62 935
62 322
62 665
62 843
63 875
63 422
63 533
63 424
63 16
63 70
64 97
64 958
64 681
65 391
65 433
65 988
65 744
65 827
65 927
65 909
65 992
65 521
66 414
66 987
66 755
66 138
66 126
66 876
66 74
66 592
66 814
66 5
66 140
66 558
67 844
67 345
67 215
67 6
67 869
68 116
68 427
68 774
68 895
68 146
68 287
68 612
70 973
70 29
70 926
70 276
70 682
70 254
70 83
71 243
71 596
71 369
71 300
71 296
71 597
72 419
72 41
72 478
72 753
72 287
72 819
72 862
72 890
73 949
73 511
73 999
73 21
73 595
74 218
74 408
74 509
74 418
74 342
74 320
74 354
74 993
74 176
74 196
74 684
75 624
75 312
75 633
75 519
75 465
75 74
76 112
76 854
76 943
76 488
76 856
76 175
77 861
77 474
77 520
78 41
78 765
78 822
78 839
78 453
78 404
78 459
78 388
78 251
78 525
78 14
78 71
78 233
79 853
79 67
79 403
80 921
80 291
80 146
80 809
81 852
81 832
81 603
81 715
81 153
81 108
81 400
81 37
81 332
82 954
82 228
82 953
82 889
82 13
82 182
82 531
82 816
82 249
82 606
82 629
83 472
83 490
83 153
83 880
83 664
83 596
83 66
83 691
83 750
83 780
84 327
84 420
84 736
84 302
85 697
85 669
85 465
85 430
85 816
85 523
85 152
85 853
86 853
86 972
86 811
86 269
86 167
86 591
86 638
86 891
86 368
86 750
86 491
87 100
87 125
87 296
87 617
87 983
87 972
87 443
88 128
88 982
88 863
88 365
88 91
88 831
88 591
88 562
88 880
88 180
88 958
89 432
89 927
89 938
89 667
89 679
89 265
90 766
90 969
90 608
90 456
90 4
90 778
90 408
90 330
90 149
90 413
91 961
91 976
91 157
91 542
92 47
92 380
92 72
92 615
92 167
92 912
93 175
93 266
93 736
93 750
93 351
93 116
95 847
95 488
95 658
95 631
95 843
95 280
95 844
96 724
96 13
96 749
96 650
96 874
97 272
97 898
97 586
97 39
97 555
97 133
97 324
97 971
98 539
98 706
98 198
98 78
98 528
99 905
99 427
99 423
99 734
99 933
99 940
100 881
100 800
100 477
100 75
100 649
100 225
100 498
101 921
101 478
101 747
101 834
101 733
101 498
101 72
101 782
102 883
102 37
102 518
102 164
102 771
102 867
102 444
103 428
103 324
103 581
103 40
104 509
104 190
104 419
104 43
104 378
105 357
105 142
105 254
105 424
105 330
105 990
106 967
106 405
106 108
106 409
106 191
106 768
106 396
106 589
106 453
107 13
107 867
107 788
107 632
107 300
107 134
108 564
108 173
108 655
108 766
108 752
108 548
108 380
109 491
109 552
109 860
109 644
109 7
109 616
109 320
109 220
111 910
111 915
111 388
111 519
111 548
111 422
111 460
111 91
111 549
111 215
112 122
112 78
112 369
112 709
112 157
112 465
113 597
113 226
113 658
113 822
113 19
113 641
114 452
114 785
114 466
114 340
114 997
114 727
114 327
114 520
114 436
114 282
115 72
115 785
115 278
115 464
115 258
115 790
115 705
115 474
115 496
115 393
116 363
116 156
116 608
116 810
116 757
116 928
117 612
117 373
117 581
117 678
117 644
118 298
118 105
118 499
118 45
118 678
119 994
119 816
119 578
119 786
119 802
119 528
120 688
120 239
120 276
120 240
120 630
120 739
120 16
120 224
120 912
120 124
120 145
121 57
121 29
121 937
121 272
122 928
122 456
122 449
122 79
122 848
122 671
123 826
123 687
123 19
123 764
123 338
123 8
123 539
123 573
124 593
124 980
124 251
124 102
124 114
124 190
124 215
124 568
124 276
124 823
124 121
125 229
125 217
125 293
125 79
125 162
125 235
125 339
125 778
125 220
125 953
125 784
125 433
125 512
125 965
126 766
126 896
126 775
126 779
126 33
127 887
127 196
127 408
127 892
127 108
127 355
127 730
127 112
127 153
127 846
128 185
128 803
128 109
128 280
128 646
128 231
128 666
128 615
129 255
129 219
129 251
129 809
129 423
129 163
129 991
129 212
129 231
130 872
130 21
130 755
130 22
130 645
131 796
131 633
131 172
131 552
131 265
131 714
131 532
131 120
132 360
132 193
132 141
132 376
132 317
132 877
132 603
132 590
132 808
132 854
133 84
133 767
133 327
133 747
133 323
133 567
134 807
134 627
134 409
134 853
135 603
135 688
135 281
135 308
135 169
135 1
135 402
135 488
135 421
136 857
136 912
136 215
136 467
136 42
136 778
137 663
137 714
137 398
137 517
137 3
137 103
138 514
138 525
138 372
138 939
139 615
139 4
139 956
139 730
139 936
139 928
140 266
140 947
140 570
140 952
140 269
140 540
141 929
141 974
141 855
141 597
141 931
141 659
141 54
141 451
141 496
142 277
142 428
142 20
142 844
142 544
142 666
142 609
143 267
143 779
143 965
143 987
143 878
143 632
143 691
143 791
143 108
143 605
143 955
143 93
144 275
144 187
144 287
144 797
144 816
144 25
144 87
144 775
144 671
145 310
145 839
145 399
145 941
146 933
146 283
146 3
146 807
146 589
146 935
146 712
147 203
147 769
147 711
147 798
147 648
147 340
147 835
147 893
148 456
149 219
149 282
149 721
149 636
149 603
149 40
150 363
150 560
150 365
150 709
150 885
150 693
150 853
152 509
152 990
152 783
152 215
152 198
152 468
152 459
152 305
152 422
153 169
153 534
153 396
153 241
154 458
154 362
154 789
154 102
154 980
154 349
154 293
154 969
154 424
154 291
154 352
155 641
155 44
155 655
155 57
155 455
155 644
155 646
155 534
155 732
155 481
155 325
155 697
156 603
156 553
156 185
156 187
156 214
156 52
156 616
156 407
157 134
157 290
157 878
157 913
157 293
157 140
157 783
157 644
158 115
158 382
158 375
158 801
158 784
158 534
159 544
159 193
159 463
159 136
159 164
159 799
159 592
159 664
159 645
159 565
159 921
159 389
159 74
160 359
160 555
160 981
160 328
160 62
160 438
160 864
160 918
160 738
160 433
161 869
161 623
161 299
161 390
161 707
162 383
162 188
162 131
162 582
162 992
162 656
162 641
163 466
163 105
163 963
163 119
163 448
163 972
163 332
163 381
163 944
164 514
164 678
164 630
164 918
164 306
164 61
165 11
165 118
165 261
165 357
165 401
165 298
166 253
166 157
166 870
166 670
166 894
166 89
166 346
166 986
167 366
167 735
167 7
167 905
167 144
167 71
168 88
168 138
168 321
168 339
168 974
168 437
168 682
168 851
168 113
169 551
169 137
169 223
169 857
169 14
169 141
169 327
169 571
169 642
169 60
169 601
169 40
169 742
170 521
170 439
170 795
170 9
170 790
170 458
170 405
170 936
171 731
171 895
171 748
171 202
171 280
171 954
171 79
171 89
171 724
171 797
171 292
172 481
172 26
172 905
172 409
172 638
172 863
172 721
173 60
173 244
173 42
173 609
173 613
173 455
174 285
174 435
174 946
174 323
174 854
175 485
175 794
175 884
175 719
175 337
175 356
175 739
175 414
175 91
176 875
176 553
176 982
176 384
176 740
176 240
178 836
178 650
178 522
178 468
178 164
178 793
178 14
178 622
178 707
178 914
178 574
178 972
178 277
178 357
179 955
179 169
179 489
179 238
179 386
179 971
179 703
179 328
179 735
179 435
180 804
180 926
180 82
180 669
180 71
180 853
181 745
181 36
181 704
181 280
182 982
182 3
182 670
182 866
182 990
182 541
182 495
182 510
182 857
182 27
182 703
182 397
183 574
183 185
183 814
183 519
184 133
184 284
184 518
184 809
184 442
184 301
184 800
185 225
185 639
185 767
185 472
185 45
185 697
185 148
185 98
185 671
185 62
185 101
186 280
186 531
186 287
186 172
186 705
186 695
187 57
187 866
187 627
187 816
187 939
188 98
188 185
188 194
188 472
188 893
188 88
188 505
188 224
189 374
189 881
189 790
189 133
189 50
189 882
190 221
190 913
190 444
191 575
191 835
191 492
191 193
191 190
191 705
191 852
191 352
191 155
191 962
191 157
192 7
192 484
192 976
192 639
192 25
192 871
192 372
192 997
192 578
192 655
192 892
193 884
193 816
193 736
193 741
193 676
193 877
193 740
194 249
194 774
194 748
195 789
195 666
195 44
195 130
195 961
195 539
195 551
195 0
196 329
196 742
196 526
196 661
196 454
196 649
196 136
197 360
197 597
197 108
197 133
197 888
197 159
197 97
197 697
198 499
198 592
198 918
198 603
198 912
198 624
198 718
198 955
199 671
199 340
199 948
199 131
199 639
199 226
201 476
201 304
201 308
201 553
201 823
201 17
202 768
202 718
202 4
202 825
202 834
203 261
203 522
203 913
203 723
203 933
204 643
204 12
204 201
204 412
205 482
205 713
205 682
205 347
205 544
205 567
205 392
205 174
205 279
205 379
205 331
205 182
206 560
206 752
206 236
206 43
206 366
206 875
208 740
208 251
208 665
208 245
208 510
208 525
209 326
209 814
209 212
209 60
209 270
209 91
209 424
209 719
209 652
209 454
209 726
211 556
211 606
211 30
212 80
212 924
213 812
213 821
213 426
214 643
214 267
214 781
214 695
214 918
214 314
214 266
214 66
214 208
215 663
215 993
216 416
216 432
216 463
216 383
216 374
217 974
217 775
217 632
217 299
217 400
218 438
218 197
218 178
218 608
218 101
218 243
218 824
218 23
218 741
218 612
219 384
219 895
219 115
219 143
219 751
219 333
219 905
220 641
220 566
220 425
220 277
220 349
221 832
221 266
221 790
221 811
221 395
221 531
221 837
221 518
222 783
222 362
222 537
222 143
222 307
222 914
222 841
222 276
223 746
223 714
223 107
223 521
223 367
224 990
224 667
224 932
224 947
224 384
224 557
225 959
225 868
225 874
225 699
225 944
225 511
226 595
226 7
226 820
226 906
226 152
227 11
227 954
227 509
227 755
227 83
227 416
228 507
228 357
228 418
228 252
228 735
228 664
228 287
228 557
228 429
228 291
228 89
228 82
228 265
229 219
229 631
230 643
230 595
230 858
230 598
230 485
230 205
231 498
231 322
231 243
231 963
231 611
231 118
231 969
232 959
232 505
232 551
232 668
232 579
232 315
232 258
232 538
233 329
233 293
233 344
233 215
233 934
233 248
234 701
234 355
234 583
234 529
234 523
234 458
234 615
234 213
234 43
234 367
234 159
234 253
235 771
235 855
235 388
235 580
235 596
235 433
236 852
236 364
236 988
236 776
238 508
238 992
238 886
238 429
238 353
238 850
238 397
238 44
238 519
238 489
239 996
239 435
239 676
239 880
240 434
240 660
240 744
240 582
240 83
240 649
240 789
241 562
241 535
241 508
241 45
241 249
241 677
241 517
242 500
242 280
242 985
242 128
242 21
242 14
242 551
242 329
243 280
243 526
243 622
243 455
243 428
243 52
243 425
243 820
243 707
243 930
244 916
244 426
244 775
244 117
244 267
244 917
245 699
245 310
245 787
245 623
245 158
245 788
245 190
245 335
245 152
245 156
246 487
246 915
246 340
246 588
246 111
246 758
246 680
246 727
247 573
247 376
247 203
247 976
248 175
248 533
248 898
248 64
248 186
248 895
248 418
248 967
249 102
249 760
249 658
249 575
250 480
250 511
250 509
250 491
250 359
250 854
250 786
250 205
251 795
251 883
251 50
251 556
251 681
252 9
252 462
252 636
252 209
252 231
252 997
252 109
253 356
253 330
253 564
253 364
253 570
253 835
253 529
254 193
254 980
254 334
254 834
254 488
255 871
255 501
255 862
255 740
255 292
256 498
256 879
256 770
256 852
258 90
258 781
258 716
258 367
258 545
258 551
258 843
258 718
260 419
260 658
260 72
260 416
260 656
261 353
261 820
261 22
261 154
263 235
263 886
264 499
264 887
264 789
264 23
264 385
264 895
264 804
264 891
265 498
265 931
265 796
265 439
265 625
265 370
265 501
266 365
266 191
266 13
266 933
266 355
267 746
267 695
267 653
267 782
267 307
267 353
267 629
267 723
267 850
267 781
268 749
268 30
268 325
268 119
268 600
268 656
268 404
269 122
269 1
269 944
269 812
269 497
269 798
269 822
269 838
269 704
269 549
270 928
270 180
270 691
270 524
270 986
270 889
270 236
270 707
271 253
271 876
271 228
271 295
271 804
271 840
271 676
271 315
271 898
272 933
272 153
272 485
272 664
272 616
272 718
273 653
273 805
273 627
273 789
273 356
273 927
274 176
274 954
274 989
274 734
274 622
274 630
274 158
274 235
275 248
275 203
275 931
275 132
276 986
276 426
277 298
277 139
277 103
277 871
277 385
277 979
277 433
277 758
278 335
278 581
278 577
278 182
278 277
278 932
279 345
279 629
279 840
279 412
279 866
279 330
279 453
279 454
280 914
280 704
280 981
280 613
281 774
281 74
281 793
282 352
282 362
282 353
282 587
282 834
282 619
282 215
283 593
283 863
283 985
283 764
283 446
283 29
284 461
284 670
284 847
284 101
284 90
284 810
284 973
284 545
284 13
284 487
284 165
284 281
285 731
285 372
285 872
285 382
285 803
285 85
285 88
285 933
285 816
285 253
286 15
286 651
286 174
286 677
286 743
286 684
286 625
287 910
287 991
287 424
287 234
287 274
287 580
287 602
288 440
288 669
288 636
288 83
288 254
289 538
289 477
289 90
289 625
289 557
290 841
290 902
290 832
290 730
290 752
290 982
290 407
290 992
291 707
291 555
291 552
291 994
291 644
291 142
291 655
292 723
292 226
292 779
292 742
292 644
292 99
292 586
292 16
292 138
293 884
293 707
293 882
293 545
293 850
293 592
293 298
293 738
293 147
293 70
293 726
293 36
294 971
294 11
294 845
294 933
294 440
294 863
294 368
294 395
294 792
294 739
294 542
295 779
295 930
295 455
295 234
295 64
295 62
295 985
295 822
295 787
296 364
296 268
296 839
296 624
296 501
296 179
296 397
296 5
296 996
297 380
297 91
297 329
297 525
297 854
297 240
297 710
297 686
297 3
297 676
297 173
298 541
298 455
298 735
298 62
298 56
299 974
299 295
299 109
299 242
299 19
299 558
299 692
300 140
300 869
300 707
300 881
300 545
300 158
300 448
301 862
301 746
301 289
301 675
301 907
301 822
302 485
302 540
302 590
302 928
302 561
302 82
302 772
303 718
303 533
303 287
303 610
303 898
303 242
303 595
304 751
304 854
304 619
304 834
304 586
305 85
305 727
305 501
305 909
305 709
305 845
305 978
305 15
306 229
306 80
306 292
306 425
306 881
306 148
306 521
306 520
306 957
306 37
307 697
307 939
307 286
307 48
307 532
308 179
308 170
308 107
308 495
308 620
308 225
308 654
308 147
308 98
310 986
310 586
310 302
310 837
310 9
310 949
310 56
310 448
310 819
310 7
310 974
310 967
311 144
311 734
311 480
311 649
311 975
312 685
312 353
312 183
312 13
312 861
312 218
313 537
313 251
313 348
313 643
313 278
313 119
314 99
314 17
314 174
314 278
314 945
314 817
314 607
314 88
314 705
314 25
314 605
315 797
315 265
315 383
315 895
315 804
315 767
315 499
315 234
317 527
317 400
317 875
317 873
317 690
317 753
318 16
318 945
318 445
318 437
318 520
318 270
318 690
318 787
318 811
319 86
319 290
319 10
319 710
319 445
319 474
319 460
320 235
320 799
320 118
320 505
320 528
320 630
320 641
320 155
320 357
320 354
320 433
320 843
320 720
320 197
320 639
320 295
321 342
321 421
321 335
321 248
321 533
321 66
321 975
321 788
321 223
321 933
321 857
322 111
322 86
322 495
322 215
322 360
323 47
323 387
323 359
323 465
323 452
323 566
324 807
324 99
324 5
324 495
324 970
324 167
324 596
324 523
324 627
324 229
325 172
325 731
325 715
325 776
325 706
325 332
325 139
325 683
326 355
326 829
326 353
326 91
326 699
326 881
326 235
327 120
327 386
327 457
327 671
327 123
327 42
328 24
328 831
328 288
328 765
328 675
328 420
328 112
328 780
328 476
328 776
329 79
329 837
329 961
329 590
329 930
329 688
329 218
329 607
329 952
329 349
329 566
329 294
329 591
329 159
329 190
329 562
329 767
329 118
330 146
330 652
330 841
330 965
330 719
330 85
330 411
330 501
330 454
331 474
331 492
331 779
332 65
332 33
332 790
332 796
332 375
332 163
332 536
332 238
332 40
333 423
333 199
333 97
333 460
334 329
334 999
334 21
335 559
335 530
335 597
335 958
335 105
335 420
335 195
336 458
336 794
336 1
336 282
336 695
336 432
336 614
337 330
337 725
337 206
337 147
337 668
337 395
337 985
337 241
337 308
337 724
338 673
338 98
338 11
338 623
338 425
338 710
338 149
339 92
339 957
339 308
339 66
339 568
340 954
340 711
340 657
340 230
340 494
340 981
340 921
341 757
341 935
341 721
341 662
341 11
341 824
341 27
341 222
341 191
342 244
342 889
342 197
342 693
342 281
342 535
343 544
343 487
343 914
343 766
343 382
343 930
344 103
344 937
344 442
344 655
344 161
344 596
344 417
345 14
345 225
345 346
345 664
345 773
346 73
346 889
346 299
346 686
346 287
347 485
348 374
348 283
348 302
348 355
348 586
348 77
348 487
348 646
348 685
348 439
348 27
349 353
349 476
349 60
349 202
349 740
349 498
349 590
349 448
349 792
350 474
350 451
350 135
350 632
350 209
350 654
350 356
351 130
351 870
351 474
351 987
351 104
351 776
351 997
351 93
352 313
352 29
352 223
352 31
352 718
352 124
352 699
352 427
353 446
353 336
353 96
353 685
353 702
353 801
354 937
354 664
354 787
354 455
354 385
354 100
354 771
354 983
355 4
355 633
355 326
355 287
356 654
356 396
356 148
356 191
356 952
356 343
356 278
356 345
356 50
357 873
357 428
357 765
357 986
357 805
357 414
357 161
357 821
358 510
358 874
358 928
359 122
359 459
359 538
359 663
359 834
359 66
359 82
360 348
360 155
360 865
360 49
360 491
360 741
361 428
361 879
361 82
361 834
361 499
361 875
362 761
362 735
362 463
362 553
362 490
363 606
363 132
363 469
363 73
363 771
363 871
364 936
364 287
364 834
364 129
364 595
364 500
364 48
364 308
364 159
365 231
365 54
365 243
365 926
365 344
365 411
366 310
366 496
366 808
366 490
366 15
366 527
367 144
367 846
367 588
367 132
367 85
367 160
367 579
367 199
367 928
368 641
368 590
368 540
368 833
368 796
368 85
368 789
368 834
369 552
369 435
369 815
369 838
369 965
370 780
370 504
370 127
370 826
370 394
370 294
370 390
371 16
371 522
371 888
371 875
371 175
371 82
371 143
372 624
372 347
372 383
372 989
372 845
372 617
373 761
373 957
373 391
374 202
374 753
374 162
374 885
374 231
374 738
375 304
375 738
375 912
375 556
375 132
375 349
376 522
376 118
376 86
376 925
376 168
376 426
376 895
376 68
378 240
378 996
378 294
378 130
378 743
379 540
379 768
379 795
379 888
379 469
379 997
380 232
380 980
380 945
380 16
380 364
380 75
380 125
380 683
380 492
380 204
380 602
380 398
381 29
381 407
381 353
381 796
381 513
381 162
382 499
382 683
382 339
383 425
383 720
383 962
383 607
383 37
383 726
384 856
384 142
384 533
384 322
384 998
384 778
385 513
385 140
385 690
385 567
385 413
386 138
386 86
386 37
386 59
386 458
386 38
386 108
386 185
386 464
387 782
387 282
387 276
387 955
387 961
387 745
388 103
388 343
388 83
388 534
388 232
388 538
388 724
389 338
389 779
389 882
389 372
389 702
389 13
389 530
389 583
390 341
390 100
391 646
391 576
391 45
391 236
391 416
391 971
391 597
391 113
392 903
392 90
392 396
392 211
392 388
392 887
392 46
392 195
392 93
392 987
392 171
392 340
393 687
393 547
393 168
393 127
393 752
393 379
394 425
394 400
394 742
394 287
394 867
394 992
394 836
394 241
394 860
394 336
394 457
394 575
395 665
395 791
395 610
395 794
395 727
395 685
395 565
395 862
395 153
395 567
395 838
395 711
395 556
396 7
396 818
396 963
397 563
397 192
397 297
397 909
398 395
398 518
398 440
398 188
398 267
398 198
398 400
398 560
399 519
399 752
399 771
399 649
399 361
399 492
399 477
399 561
400 7
400 826
400 201
400 989
401 59
401 994
401 247
401 681
401 227
401 816
401 301
402 451
402 463
402 718
402 249
402 575
402 515
402 890
403 146
403 250
403 660
403 511
403 251
403 893
403 958
403 904
403 334
404 979
404 660
404 849
404 31
404 631
404 254
405 877
405 115
405 672
405 308
405 717
405 220
405 273
407 885
407 415
407 780
407 105
407 862
407 404
407 954
408 206
408 897
408 773
408 983
408 901
408 426
408 178
409 951
409 712
409 404
409 564
409 356
409 212
409 211
409 958
409 79
409 897
409 795
410 729
410 464
410 695
410 580
410 592
410 791
411 805
411 833
411 896
411 549
411 178
411 380
411 938
411 812
411 481
412 471
412 560
412 183
412 304
412 538
412 603
412 854
412 225
413 591
413 373
413 145
413 533
413 116
413 810
414 915
414 598
414 199
414 127
415 308
415 706
415 714
415 454
415 325
415 507
415 630
415 100
416 18
416 391
417 454
417 555
417 457
417 146
417 165
417 530
417 78
417 88
417 314
417 31
417 240
417 108
417 973
417 693
417 353
417 581
418 876
418 524
418 697
418 365
418 119
418 759
419 733
419 229
419 216
419 976
419 932
419 270
419 657
420 454
420 417
420 434
420 898
420 365
421 493
421 477
421 808
421 434
421 879
422 34
422 843
422 812
422 844
422 236
422 724
422 716
422 731
423 333
423 962
423 381
423 931
423 805
423 212
423 888
423 511
423 912
424 671
424 649
424 547
424 703
424 786
425 179
425 790
425 313
425 865
425 359
425 393
425 505
425 164
425 803
425 387
425 661
425 622
426 956
426 613
426 27
426 894
426 56
426 549
426 363
426 871
426 313
426 612
426 387
426 891
427 962
427 225
428 802
428 100
428 840
428 242
428 995
428 49
428 433
428 289
428 826
428 547
429 336
429 181
429 804
429 274
429 650
429 230
430 884
430 846
430 992
430 582
430 859
430 714
430 852
430 503
431 145
431 356
431 206
431 975
431 306
431 130
432 192
432 175
432 297
432 272
432 402
432 955
432 610
432 911
432 178
432 253
432 302
433 278
433 46
433 307
433 48
433 139
433 928
433 326
433 354
434 407
434 657
434 649
434 732
434 350
435 606
435 173
435 921
435 711
435 407
435 72
435 462
436 413
436 63
436 26
436 557
436 335
437 310
437 882
437 781
437 189
438 12
438 879
438 730
438 420
438 508
438 769
438 945
438 601
439 680
439 939
439 410
439 591
439 515
440 24
440 229
442 493
442 217
442 448
442 970
442 571
442 99
442 608
442 755
442 48
442 817
443 896
443 605
443 304
443 429
443 560
443 109
444 453
444 70
444 415
444 621
445 632
445 331
445 826
445 596
445 557
446 629
446 967
448 833
448 375
448 961
448 841
448 119
448 63
449 857
449 755
449 820
449 123
449 833
449 759
449 49
449 251
449 378
450 860
450 813
450 325
450 926
450 617
450 812
450 608
451 602
451 547
451 26
451 21
451 62
451 424
451 58
452 497
452 745
452 969
452 407
452 559
452 851
452 880
452 305
452 249
453 145
453 472
453 389
453 133
453 536
453 250
453 778
453 525
454 6
454 502
454 600
454 194
454 381
454 276
454 575
454 176
454 773
455 910
455 800
455 374
455 616
455 234
455 152
456 479
456 230
456 690
456 272
456 892
457 185
457 905
457 202
457 146
457 272
457 338
457 263
457 332
457 217
457 856
458 206
458 966
458 201
458 188
458 764
459 91
459 590
459 145
459 593
459 981
459 650
459 74
459 710
459 692
460 431
460 571
460 905
460 747
460 93
460 397
460 457
460 749
461 500
461 709
461 574
462 218
462 872
462 511
463 145
463 696
463 893
463 325
463 996
464 735
464 366
464 87
464 36
464 744
464 843
464 205
465 686
465 372
466 348
466 553
466 464
466 916
466 386
466 0
466 34
466 660
466 18
467 557
467 456
467 832
467 350
467 215
467 664
467 471
468 652
468 431
469 102
469 369
469 619
469 166
469 389
469 278
469 230
471 154
471 646
471 431
471 312
471 538
471 95
472 303
472 408
472 278
472 646
472 458
472 348
472 765
472 532
472 315
474 496
474 302
474 271
474 775
474 598
474 540
475 373
475 486
475 649
475 342
475 407
475 493
476 594
476 446
476 656
476 366
476 689
476 294
477 80
477 611
478 271
478 789
478 649
478 690
478 674
479 37
479 124
479 494
479 183
479 503
479 764
479 521
479 740
479 472
479 563
479 854
480 175
480 807
480 505
480 981
481 219
481 783
481 668
482 53
482 936
482 645
482 380
482 763
482 158
483 678
483 730
483 541
483 961
483 838
483 102
483 602
483 866
483 133
483 248
484 989
484 48
484 934
485 528
485 61
485 558
485 505
485 471
485 585
486 548
487 40
487 483
487 120
487 253
488 414
488 767
488 731
488 886
488 547
488 205
488 219
489 359
489 819
489 167
489 845
489 903
489 972
489 793
489 760
489 763
489 128
489 922
489 486
490 987
490 897
490 414
490 702
490 422
490 147
491 260
491 644
491 966
491 412
491 463
491 633
491 553
491 651
491 763
491 603
492 102
492 161
492 824
492 45
492 472
493 757
493 242
493 488
493 695
493 305
493 351
493 864
493 171
493 710
493 116
493 973
493 424
494 999
494 373
494 844
494 357
494 308
495 111
495 957
495 977
495 931
495 81
495 566
496 181
496 402
496 736
496 973
496 367
496 594
496 789
496 486
496 63
497 162
497 432
497 318
497 324
497 787
498 970
498 124
498 469
498 620
498 757
498 547
498 726
498 416
498 501
499 984
499 768
499 954
499 476
499 511
499 562
499 531
499 809
499 264
500 982
500 653
500 661
500 652
500 586
500 907
500 683
500 614
500 333
501 961
501 585
501 918
501 342
501 966
501 346
501 49
502 286
502 20
502 139
502 358
502 702
503 897
503 407
503 987
503 154
503 505
503 500
503 959
503 183
503 112
503 736
503 148
503 671
503 895
503 396
504 334
504 385
504 860
504 147
504 995
504 320
504 664
505 581
505 990
505 937
505 660
505 437
505 521
505 212
505 893
505 715
507 658
507 726
507 699
507 548
507 550
507 504
508 133
508 289
509 662
509 610
509 372
509 960
510 666
510 939
510 103
510 251
510 436
510 405
510 97
510 771
511 642
511 553
511 105
511 232
511 329
511 182
511 39
512 545
512 701
512 610
512 356
512 449
512 755
512 355
512 407
512 139
512 590
512 127
512 855
512 858
512 28
512 129
512 548
512 137
513 458
513 362
513 226
513 702
513 738
513 946
513 514
513 839
513 364
514 976
514 572
515 981
515 758
515 246
515 625
515 290
515 809
515 25
515 631
515 159
515 714
515 593
515 749
517 274
517 928
517 853
517 679
517 413
517 558
517 327
517 112
518 179
518 481
518 976
518 234
518 157
518 617
518 130
518 882
518 565
518 486
518 743
518 483
519 881
519 931
519 88
519 85
519 749
519 993
520 611
520 657
520 961
520 934
520 854
521 621
521 911
521 414
521 139
521 742
521 511
521 68
521 108
521 2
522 772
522 940
522 871
522 766
522 100
522 105
522 278
522 990
522 358
522 112
522 782
522 780
523 714
523 467
523 264
523 746
523 517
523 189
523 678
524 819
524 977
524 442
524 381
525 742
525 328
525 557
525 225
526 921
526 517
526 802
526 929
526 299
526 951
526 674
526 775
527 87
527 871
527 7
527 837
527 147
527 970
527 991
527 324
527 274
528 261
528 989
528 750
529 16
529 759
529 801
529 451
529 792
529 303
529 108
529 720
530 372
531 748
531 486
531 891
531 589
531 322
532 198
532 816
532 792
532 345
532 645
532 354
533 166
533 739
533 579
533 226
533 276
533 503
533 856
534 979
534 97
534 907
534 642
534 480
534 574
534 36
534 412
534 603
534 179
535 654
535 641
535 798
535 255
535 106
535 410
535 559
535 184
535 863
536 338
536 991
536 864
536 966
536 476
536 737
537 278
537 913
538 255
538 191
538 187
538 993
538 562
539 31
539 213
539 328
539 688
539 325
539 390
539 379
539 695
540 270
540 925
540 801
540 303
540 574
540 279
540 478
541 547
541 684
541 184
541 238
541 858
541 866
541 590
542 248
542 229
542 975
542 949
542 525
542 746
542 792
543 300
543 330
543 882
543 315
543 987
543 180
543 267
543 393
543 310
543 772
544 42
544 512
544 537
544 203
544 298
545 54
545 330
545 280
545 881
545 223
545 793
547 614
547 223
547 308
547 2
547 752
547 432
547 999
548 827
548 626
548 586
548 362
548 324
548 38
549 672
549 396
549 388
549 533
549 580
549 449
549 169
549 810
549 743
550 392
550 462
550 518
550 910
550 650
550 25
550 300
550 664
551 220
551 236
551 298
551 719
551 490
551 208
551 289
551 961
551 507
552 790
552 668
552 607
552 991
552 267
552 876
552 720
553 515
553 279
553 93
553 642
553 159
555 859
555 104
555 602
555 948
555 674
555 886
555 52
555 127
556 848
556 140
556 837
556 640
556 594
556 189
556 935
556 442
556 135
557 558
557 76
557 701
557 425
557 403
557 361
557 751
558 354
558 395
558 972
558 620
558 745
558 65
558 115
558 136
558 492
558 370
559 394
559 531
559 229
560 509
560 367
560 751
560 955
560 885
560 917
560 269
560 699
560 130
561 437
561 364
561 166
561 809
561 118
561 194
561 348
562 667
562 350
562 828
562 411
563 28
563 607
563 328
563 885
564 905
564 76
564 152
564 798
564 646
564 53
564 970
565 268
565 459
565 127
565 808
565 181
565 904
565 419
565 178
565 422
566 68
566 868
566 981
566 669
567 904
567 701
567 427
567 47
567 625
567 15
567 993
567 300
568 706
568 373
568 160
568 231
568 649
568 171
568 848
568 513
570 872
570 914
570 901
570 702
570 928
570 628
570 80
571 18
571 278
571 343
571 496
571 194
572 896
572 499
572 827
572 214
572 68
572 644
572 397
572 90
573 763
573 430
574 236
574 130
574 387
574 848
574 867
574 348
575 645
575 300
575 417
575 589
576 604
576 774
576 997
576 5
576 499
576 61
576 678
576 276
576 407
576 8
576 671
576 102
576 829
576 598
577 641
577 76
577 270
577 169
577 922
577 613
577 275
577 893
577 962
577 587
578 396
578 515
578 689
578 148
578 297
578 449
578 808
578 410
578 525
579 363
579 21
579 84
579 866
580 911
580 840
580 914
580 179
580 224
580 856
580 620
580 616
581 460
581 198
581 9
581 247
581 759
582 755
582 953
582 460
582 812
583 301
583 933
583 461
583 269
583 330
583 407
583 419
583 397
583 63
585 152
585 491
585 884
585 928
585 461
585 497
586 36
587 977
587 240
587 145
587 648
587 410
587 776
587 936
587 59
587 442
587 786
587 901
587 867
587 622
587 607
588 927
588 983
588 204
588 648
588 744
588 899
588 490
588 340
589 348
589 243
589 42
589 497
589 184
589 690
589 560
590 921
590 182
590 342
590 255
590 15
591 466
591 125
591 171
591 488
591 533
591 577
591 780
592 907
592 6
592 277
592 789
592 678
592 707
592 490
592 527
592 774
592 777
593 688
593 779
593 246
593 490
593 329
593 139
593 798
593 390
594 737
594 980
594 650
594 533
594 431
595 373
595 823
595 454
595 685
595 593
595 199
595 341
596 858
596 688
596 509
596 52
596 497
596 89
597 961
597 812
597 978
597 116
597 910
597 457
597 233
597 523
597 979
598 361
598 154
598 817
598 171
600 589
600 885
600 365
600 53
600 515
600 114
600 819
600 264
601 823
601 366
601 398
601 234
601 930
601 88
601 736
602 322
602 342
602 965
602 748
602 688
603 388
603 78
603 96
603 1
603 771
603 658
604 777
604 768
604 44
604 416
604 578
604 564
605 512
605 933
605 20
605 77
605 684
606 244
606 642
606 448
606 56
606 324
606 557
607 975
607 785
607 801
607 433
607 109
607 423
607 531
608 982
608 774
608 540
608 402
608 781
609 34
609 227
609 7
609 251
609 926
609 452
609 984
610 7
610 900
610 416
610 845
610 78
610 632
610 509
610 310
610 67
611 667
611 402
611 553
611 894
611 139
611 884
612 556
612 159
612 702
612 393
613 874
613 2
613 172
613 872
614 178
614 131
614 298
614 4
614 459
615 7
615 686
615 499
615 997
616 949
616 344
616 641
616 71
616 870
616 26
617 429
617 306
617 162
617 636
619 938
619 566
619 686
619 642
619 219
619 360
619 433
620 736
620 858
620 164
620 179
620 906
620 76
620 19
621 871
621 681
621 474
621 33
621 745
621 969
621 113
621 125
621 662
621 548
621 680
621 283
622 962
622 264
622 173
622 830
622 780
622 626
623 804
623 872
623 7
623 263
623 130
623 392
624 800
624 227
624 351
624 643
624 966
624 186
624 4
625 524
625 266
625 994
625 709
625 527
625 609
625 297
626 908
626 854
626 813
626 444
626 274
626 840
626 983
626 435
627 148
627 458
627 604
627 823
627 196
627 43
627 323
627 436
627 949
627 744
627 161
628 146
628 450
628 890
628 244
628 894
628 124
628 661
628 570
628 26
629 800
629 954
629 182
629 766
629 404
629 196
630 157
630 92
630 188
630 382
630 41
630 36
630 57
631 841
631 735
631 984
631 128
631 578
631 585
631 555
631 963
631 213
632 347
632 811
632 549
632 887
632 82
633 487
633 610
633 632
633 70
633 697
633 748
633 96
633 606
636 665
636 832
638 244
638 141
638 773
638 880
638 484
638 960
638 795
638 322
638 155
638 108
639 146
639 166
639 601
639 329
640 256
640 142
640 231
640 478
640 454
640 958
641 729
641 607
641 178
641 775
642 480
642 783
642 681
642 533
642 567
642 912
642 750
642 482
642 764
642 939
642 555
642 565
642 176
643 223
643 958
643 949
643 983
643 477
643 843
643 102
643 480
643 711
643 777
643 651
643 424
644 648
644 126
644 721
644 604
644 819
644 178
644 967
644 242
644 66
645 661
645 924
645 670
645 672
645 748
645 826
645 339
645 586
645 609
645 208
646 681
646 320
646 829
646 296
646 46
648 886
648 520
648 568
648 856
648 291
648 767
648 192
648 992
648 208
649 189
649 738
649 646
649 966
649 335
649 999
649 25
649 788
649 822
649 588
650 951
650 658
650 946
650 296
650 789
650 591
650 799
650 403
650 842
651 667
651 526
651 103
651 255
651 457
651 381
651 543
652 397
652 146
652 405
652 742
652 677
653 346
653 476
653 558
653 52
653 260
653 534
653 514
653 370
654 45
654 219
654 208
654 751
654 525
654 507
654 488
654 960
654 846
655 848
655 126
655 745
656 916
656 334
656 913
656 8
656 603
656 579
656 300
656 817
657 945
657 933
657 273
657 888
657 226
657 1
657 696
657 561
658 938
659 973
659 166
659 54
659 180
659 768
659 678
659 887
660 457
660 560
660 597
660 96
661 939
661 906
661 213
661 202
661 198
661 527
661 182
661 402
661 181
661 736
661 561
662 645
662 337
662 60
662 5
662 571
662 653
662 991
663 500
663 281
663 789
663 356
663 727
663 275
663 958
663 780
663 842
664 602
664 291
664 867
664 346
664 117
664 988
664 831
664 376
664 941
665 482
665 164
665 302
665 622
665 873
665 33
666 135
666 341
666 218
666 334
666 519
666 145
666 791
666 299
666 311
666 426
666 298
666 255
666 660
667 788
667 753
667 715
667 174
667 170
667 203
667 658
667 302
667 900
668 195
668 910
668 766
668 369
668 566
668 544
668 843
669 82
669 474
669 234
670 994
671 30
671 194
671 402
671 524
671 208
671 21
671 986
672 290
672 699
672 944
672 125
672 224
672 118
672 331
673 127
673 688
674 809
674 43
674 841
674 354
674 355
674 681
675 730
675 587
675 628
675 135
675 76
675 543
676 118
676 49
676 645
676 111
676 103
676 135
676 995
676 682
676 233
676 899
677 873
677 570
677 420
677 27
677 116
677 342
677 18
677 552
677 188
678 853
678 127
678 398
678 143
678 47
678 189
679 268
679 214
679 424
679 266
679 838
679 959
680 103
680 820
680 52
680 66
681 665
681 399
681 144
681 994
681 970
681 300
681 248
681 891
681 229
682 979
682 759
682 930
682 396
682 322
682 104
683 318
683 404
683 736
683 901
683 783
683 813
683 755
684 739
684 499
684 86
684 990
684 173
684 654
684 170
684 995
685 428
685 666
685 832
685 664
685 936
685 704
685 751
685 593
685 166
685 58
685 799
685 701
686 324
686 125
686 176
686 613
686 206
687 888
688 718
688 648
688 697
688 573
688 861
688 852
688 597
688 559
688 564
689 608
689 791
689 626
689 11
689 684
689 924
690 359
690 347
690 986
690 363
690 323
690 910
690 834
690 776
691 764
691 596
691 881
691 526
691 592
691 67
692 499
692 670
692 705
692 809
692 444
692 198
692 767
692 218
693 72
693 436
693 834
693 581
693 454
693 90
695 529
695 83
695 280
695 128
696 165
696 855
696 948
696 451
697 143
697 108
697 436
697 373
697 997
697 791
697 459
697 364
699 907
699 938
699 380
699 535
699 307
699 472
699 607
699 62
701 807
701 829
701 675
701 147
701 453
702 434
702 230
703 918
703 961
703 238
703 223
703 107
703 78
703 675
703 998
704 7
704 673
704 300
704 467
705 122
705 681
705 181
705 342
705 391
705 997
705 855
705 289
705 575
705 244
705 964
706 835
706 623
706 518
706 640
706 272
706 251
706 691
706 883
706 261
707 27
707 812
707 631
707 135
707 969
707 70
707 813
709 464
709 613
709 476
710 586
710 98
710 432
710 194
710 485
710 477
710 88
710 397
710 295
710 601
711 119
711 860
711 456
712 717
712 677
712 279
712 75
712 593
712 333
712 184
712 697
713 568
713 853
713 17
713 732
713 670
713 91
713 563
713 612
713 440
714 875
714 523
714 739
714 271
714 501
715 38
715 913
715 432
715 662
715 435
715 131
715 414
716 85
716 347
716 154
716 356
716 955
716 276
716 891
716 102
716 199
717 126
717 679
717 874
717 28
717 315
717 962
717 472
717 481
717 420
717 348
718 536
718 764
719 847
719 99
719 250
719 179
719 213
719 195
720 693
720 235
720 934
720 422
720 324
720 664
720 264
720 398
720 399
720 148
721 4
721 805
721 225
721 608
723 883
723 150
723 282
723 753
724 620
724 517
724 43
724 826
724 932
725 292
725 358
725 582
725 842
725 491
725 972
725 526
725 233
726 725
726 638
726 744
726 236
726 958
726 971
727 372
727 34
727 614
727 742
727 511
727 214
727 835
727 46
727 713
727 159
729 22
729 674
729 41
729 543
730 511
730 277
730 731
730 408
730 193
730 486
730 265
731 850
731 322
731 837
731 455
731 463
731 757
732 311
732 336
732 989
732 932
732 771
732 945
732 381
732 807
732 364
732 949
732 995
732 961
733 410
733 578
733 25
733 487
733 741
733 870
733 830
733 606
733 956
733 80
734 720
734 565
734 520
734 320
734 381
734 853
735 997
735 899
735 754
735 388
735 114
735 281
735 994
735 421
735 448
735 157
736 92
736 175
736 853
737 591
737 980
737 9
737 648
737 889
737 127
738 947
738 954
738 665
738 355
738 348
738 212
738 597
738 740
738 144
738 93
738 553
738 475
739 963
739 858
739 133
739 302
740 964
740 419
740 454
740 965
740 869
740 953
740 455
740 552
740 319
740 867
741 433
741 214
741 241
741 895
741 44
741 386
742 330
742 672
742 823
742 731
742 955
742 129
743 20
743 630
743 896
743 664
743 395
743 508
743 542
744 935
744 404
744 295
744 843
744 513
745 997
745 789
745 34
745 721
745 511
746 163
746 706
747 726
747 154
747 163
748 350
748 632
748 497
748 738
749 778
749 820
749 382
749 345
749 156
749 166
749 663
749 203
749 36
750 144
750 338
750 373
750 821
751 157
751 361
751 442
751 44
751 624
751 578
751 394
751 509
751 118
751 246
751 715
752 969
752 890
752 548
752 741
752 320
752 332
752 328
753 807
753 620
753 245
753 780
754 580
754 888
754 8
754 627
754 293
754 663
754 357
754 692
754 664
754 601
755 12
755 289
755 16
755 930
755 346
755 670
755 523
755 384
757 133
757 327
757 827
757 130
757 965
758 487
758 744
758 432
758 346
758 141
758 880
759 717
760 597
760 106
760 471
760 295
760 415
760 889
760 20
760 315
760 93
761 538
761 100
761 465
761 398
761 206
761 512
761 117
761 170
761 125
761 322
763 127
763 275
763 678
763 263
763 956
763 362
764 827
764 521
764 365
764 432
764 44
764 932
764 438
765 65
765 208
765 526
765 191
765 222
765 580
766 508
766 119
766 882
766 173
766 322
766 909
766 881
766 409
766 189
767 378
767 315
767 7
767 523
767 600
767 967
768 174
768 358
768 371
768 550
768 376
768 732
769 454
769 839
769 550
769 804
769 31
769 14
769 333
769 164
770 549
770 779
770 507
770 303
770 875
770 999
770 702
770 801
770 464
770 276
771 962
771 977
771 461
771 567
771 758
771 280
771 557
772 92
772 695
772 988
772 978
772 199
772 822
772 741
772 856
773 680
773 697
773 986
773 159
773 242
774 280
774 753
774 612
774 642
774 883
774 233
774 744
774 515
774 450
774 189
775 60
775 665
775 255
775 97
775 685
775 204
776 748
776 788
776 645
776 218
776 50
776 365
776 572
776 835
777 821
777 985
778 421
778 234
778 528
778 798
778 886
778 95
778 600
779 996
779 29
779 114
779 457
779 2
779 661
779 280
780 510
780 117
780 504
780 446
780 832
781 890
781 906
781 884
781 359
781 45
781 839
782 610
782 14
782 64
782 287
782 564
782 738
782 360
782 347
782 957
782 911
783 218
783 426
783 521
783 642
783 480
783 578
783 202
784 234
784 181
784 865
784 617
784 510
784 615
784 590
784 59
784 333
784 751
785 171
785 503
786 842
786 719
786 45
786 957
786 680
786 320
787 780
787 583
787 626
787 70
787 784
787 131
788 83
788 423
788 883
788 683
788 284
788 971
788 888
789 65
789 204
789 877
789 557
789 80
790 342
790 460
790 636
790 199
791 519
791 826
791 949
791 650
791 443
792 901
792 951
792 369
792 907
792 184
792 838
792 446
792 111
793 60
793 830
793 38
793 707
793 824
793 527
793 799
793 917
793 436
793 656
793 750
793 930
793 703
794 7
794 604
794 787
795 72
795 270
795 274
795 321
796 820
796 785
796 268
796 236
796 914
796 560
797 713
797 59
797 276
797 642
797 539
797 260
797 324
797 681
798 823
798 780
798 518
798 481
798 864
799 282
799 731
799 624
799 454
799 661
799 295
799 725
800 767
800 405
800 458
800 111
800 307
800 682
800 833
800 301
800 19
801 937
801 349
801 962
802 425
802 899
802 240
803 451
803 572
803 222
803 282
803 449
803 785
803 212
803 798
803 670
803 873
804 1
804 434
804 255
804 963
805 134
805 814
805 764
805 820
805 310
805 33
805 966
807 773
807 590
807 983
807 492
807 226
807 566
807 575
807 126
807 254
808 415
808 238
808 88
808 557
808 39
808 497
808 499
808 723
809 873
809 774
809 380
809 926
809 685
809 395
809 294
809 411
809 58
809 931
809 247
809 911
809 732
810 209
810 313
810 885
810 741
810 829
810 977
810 291
811 143
811 420
811 910
811 872
811 615
811 307
811 56
811 265
811 315
812 712
812 415
813 196
813 934
813 910
813 403
813 852
813 346
813 455
813 194
813 735
813 228
814 691
814 805
814 537
814 830
814 902
814 75
814 419
815 955
815 810
815 702
815 29
815 946
815 238
816 132
816 587
816 245
816 227
816 520
816 881
816 424
816 14
817 689
818 37
818 341
818 960
818 887
819 797
819 254
819 989
819 497
819 840
819 460
819 264
819 116
820 205
820 932
821 334
821 303
821 80
822 475
823 833
823 872
823 490
823 333
823 678
823 768
823 571
823 282
823 159
823 536
823 380
823 870
823 284
824 264
824 752
824 620
824 987
824 510
824 196
825 73
825 245
825 494
825 992
825 614
825 467
825 116
825 543
825 815
825 10
826 331
826 713
826 400
826 664
826 896
826 970
827 688
827 630
827 250
827 27
827 551
827 799
828 89
828 820
828 186
828 176
828 591
828 401
828 439
828 0
828 127
829 692
829 930
829 300
829 788
829 488
829 189
830 558
830 240
830 199
830 22
831 981
831 985
831 395
831 958
831 429
832 963
832 898
832 153
832 379
832 61
832 633
832 846
832 41
832 949
832 399
832 967
832 956
833 357
833 999
833 228
833 531
833 301
834 173
834 944
834 425
834 347
834 566
834 645
834 932
834 913
834 558
834 579
835 815
835 954
835 559
835 25
835 938
835 401
835 234
835 112
835 157
836 757
836 591
836 505
836 362
837 772
837 353
837 42
837 755
837 868
837 757
837 866
837 985
838 175
838 861
838 772
838 429
838 358
839 846
839 715
839 283
839 929
839 976
839 625
840 433
840 711
840 139
840 979
840 632
840 320
840 65
840 745
840 738
841 20
841 356
841 301
841 983
841 860
841 49
841 43
841 216
842 789
842 753
842 607
842 104
842 785
842 870
842 792
842 513
843 389
843 106
843 5
843 476
843 275
843 107
843 145
843 891
843 136
843 7
844 892
844 573
844 89
845 386
845 732
845 44
845 215
845 622
845 719
845 209
845 535
845 48
845 864
845 825
845 687
846 862
846 917
846 824
846 680
846 791
847 358
847 162
847 692
847 172
847 718
847 561
848 191
848 157
848 829
849 991
849 573
849 857
850 336
850 697
850 795
850 176
850 70
850 54
850 894
851 611
851 501
851 64
852 799
852 557
852 160
852 729
853 99
853 872
853 141
853 615
853 175
853 275
854 540
854 443
854 5
854 143
854 596
854 438
854 396
854 671
855 451
855 526
855 85
855 186
855 626
855 244
856 17
856 538
856 736
856 943
857 816
857 623
857 707
857 228
857 398
857 53
858 596
858 44
858 638
858 97
859 909
859 946
859 509
859 699
859 495
860 572
860 404
860 91
860 954
860 545
860 580
860 577
860 880
860 413
861 808
861 388
861 464
861 22
861 646
862 937
862 798
862 904
863 82
863 943
863 542
863 101
863 813
863 834
863 426
863 556
863 579
863 322
863 590
864 82
864 146
864 854
864 865
864 247
864 567
864 230
864 747
865 289
865 870
865 7
865 422
865 371
865 678
865 969
865 966
866 376
866 932
866 593
866 234
866 304
867 487
867 95
867 659
867 255
867 620
867 985
867 30
867 868
868 163
868 90
868 341
868 105
869 418
869 484
869 707
869 779
869 822
869 289
869 771
869 951
870 380
870 23
870 922
870 797
871 783
871 815
871 193
871 776
871 979
871 872
871 893
872 974
872 467
872 443
872 389
872 847
872 630
872 198
872 690
872 225
872 518
873 880
873 675
873 253
873 483
873 6
873 540
873 120
874 532
874 66
874 497
874 178
874 904
874 188
874 616
874 593
874 385
875 971
875 953
875 798
875 842
875 925
875 956
876 282
876 786
876 607
876 573
876 251
876 307
876 218
876 560
877 291
877 363
877 17
877 139
877 558
877 922
877 152
877 401
877 328
878 136
878 102
878 95
878 821
878 336
878 145
878 104
878 134
879 883
879 1
879 999
879 184
880 899
880 981
880 860
880 82
880 959
880 608
880 596
880 29
881 191
881 99
881 547
881 793
881 79
881 170
882 138
882 480
882 693
882 788
883 250
883 201
883 245
883 746
883 288
883 642
883 966
883 924
883 498
883 507
884 614
884 966
884 772
884 894
884 75
884 985
885 894
885 35
885 997
885 353
885 654
885 524
885 642
885 661
886 463
886 331
886 804
886 823
887 264
887 704
887 760
887 624
888 465
888 949
888 590
888 330
888 571
888 855
888 917
889 41
889 956
889 803
889 388
889 538
889 731
890 125
890 883
890 23
890 74
890 641
890 834
890 867
890 186
891 410
891 620
891 641
891 742
891 256
891 565
892 859
892 358
892 838
892 733
892 379
892 984
892 754
892 197
892 788
893 592
893 987
893 234
893 364
893 705
893 367
893 190
893 213
893 96
893 846
893 358
893 102
894 359
894 83
894 339
894 777
894 689
895 625
895 624
895 986
895 347
895 269
895 602
895 617
895 198
895 926
895 523
896 373
896 559
896 876
896 101
896 405
896 125
896 258
896 42
896 15
896 12
896 363
897 78
897 905
897 318
897 67
897 677
898 957
898 184
898 596
898 899
898 328
898 706
898 381
898 492
898 543
898 768
899 81
899 356
899 39
899 468
899 433
900 3
900 530
900 300
900 431
900 153
900 737
901 969
901 163
901 665
901 872
901 861
902 671
902 980
902 193
902 878
902 613
902 703
903 199
903 727
903 665
903 906
903 951
903 224
903 603
903 747
904 330
904 171
904 47
905 615
905 907
905 354
905 78
905 452
905 681
906 664
906 37
906 983
906 204
906 349
906 268
907 50
907 795
907 161
907 2
907 111
908 707
908 252
908 588
908 395
908 298
908 314
908 56
908 320
908 628
909 122
909 854
909 800
909 781
909 137
909 26
909 248
909 341
910 678
910 347
910 559
910 22
911 609
911 769
911 803
911 711
911 786
911 553
912 738
912 276
912 697
912 865
912 753
912 948
912 114
912 184
912 880
912 240
912 551
912 714
913 571
913 56
913 638
913 329
913 368
913 126
913 250
914 691
914 703
914 855
914 313
914 35
915 717
915 297
915 240
915 35
915 154
915 742
915 780
915 949
915 918
916 29
916 71
916 651
916 939
917 640
917 615
917 152
917 505
917 348
917 72
917 701
918 883
918 838
918 529
918 704
918 7
918 917
921 649
921 992
921 184
921 982
921 458
922 753
922 368
922 285
922 964
922 607
922 111
922 855
922 314
922 378
922 749
924 903
924 755
924 331
924 822
924 313
924 692
924 572
924 150
924 659
925 616
925 785
925 964
925 385
925 849
925 602
925 79
926 320
926 479
926 705
926 937
926 944
927 184
927 549
927 614
927 666
927 320
927 938
928 327
928 559
928 320
929 356
929 523
929 861
929 555
929 331
930 235
930 740
930 688
930 717
931 863
931 941
931 898
932 419
932 65
932 466
932 313
933 31
933 223
933 90
933 409
933 591
933 862
933 478
933 424
933 416
934 437
934 444
934 841
934 288
935 82
935 603
935 305
935 594
935 932
935 231
935 403
935 964
935 286
936 20
936 990
936 232
936 491
936 234
936 133
936 50
937 944
937 396
937 347
938 339
938 393
938 550
938 785
938 488
938 486
938 160
939 587
939 386
939 532
939 423
939 976
939 922
939 730
940 173
940 121
940 680
940 422
940 831
940 683
941 970
941 462
941 693
941 557
941 188
941 471
943 229
943 130
943 118
943 695
943 23
943 58
944 933
944 64
944 885
944 79
944 418
944 39
944 650
944 162
944 337
944 252
945 1
945 571
945 509
945 847
946 26
946 153
946 310
946 930
946 29
946 805
947 678
947 300
947 221
947 214
947 867
947 858
947 362
947 376
947 938
947 918
947 380
947 73
948 46
948 874
948 505
948 966
948 620
948 438
948 439
948 317
948 229
948 984
949 322
949 872
949 450
949 272
949 960
949 425
951 399
951 836
951 147
951 202
951 591
951 243
951 4
951 477
952 652
952 106
952 864
952 405
952 269
952 643
952 62
952 565
953 357
953 458
953 387
953 716
953 912
953 103
953 573
954 211
954 16
954 471
954 967
954 344
954 648
954 21
954 286
954 279
955 687
955 202
955 380
956 234
956 625
956 627
956 185
957 362
957 394
957 524
957 90
957 907
957 716
957 299
957 134
957 772
958 366
958 559
958 25
958 909
958 536
958 985
958 539
958 969
959 839
960 30
960 813
960 856
960 354
960 800
960 147
960 636
960 35
960 296
960 730
960 499
960 369
961 601
961 842
961 869
961 486
961 873
961 612
961 790
962 464
962 82
962 308
962 109
962 63
962 981
962 453
963 731
963 137
963 755
963 538
963 353
963 369
964 109
964 916
964 631
964 426
964 208
964 648
965 335
965 777
965 254
965 153
965 122
965 760
965 89
966 537
966 563
966 224
966 365
966 47
966 911
966 1
966 870
966 961
966 452
966 650
966 753
966 555
966 234
967 654
967 171
967 230
967 2
967 517
967 723
967 321
967 803
969 673
969 451
969 219
969 796
969 310
969 84
969 539
969 655
969 444
970 240
970 211
970 82
970 844
971 44
971 297
971 347
971 145
971 501
972 667
972 165
972 283
972 732
972 874
972 307
972 466
973 77
973 804
973 204
974 555
974 430
974 709
974 282
974 716
974 855
974 134
974 961
974 43
974 729
974 559
974 745
975 738
975 135
975 276
975 887
975 231
975 648
975 840
976 754
976 697
976 403
976 616
976 890
976 389
976 362
976 876
977 737
977 978
978 678
978 56
978 855
978 367
978 898
978 219
978 984
978 768
978 842
978 883
978 10
978 266
979 442
979 58
979 323
979 633
979 656
979 115
979 494
980 686
980 522
980 662
980 619
980 936
980 20
980 375
980 427
980 468
981 718
981 270
981 966
981 933
982 804
982 571
982 18
983 191
983 478
983 749
983 946
983 128
983 692
983 742
983 653
984 477
984 484
984 8
984 430
984 536
984 382
984 199
984 998
984 746
984 809
984 328
984 412
984 213
985 626
985 597
985 986
985 196
985 76
985 332
985 163
985 900
985 931
985 86
985 692
985 83
985 184
985 419
986 858
986 895
986 735
986 419
986 468
986 160
986 214
986 100
987 892
987 386
987 609
987 684
988 726
988 972
988 965
988 102
988 928
988 983
988 142
988 715
989 976
989 724
989 666
989 264
989 640
989 651
990 141
990 856
990 640
990 91
990 604
990 304
990 651
990 783
990 66
990 230
990 366
991 129
991 444
991 705
991 111
991 624
991 120
991 589
992 352
992 612
992 322
992 446
992 758
993 261
993 95
993 445
993 630
993 365
993 231
994 591
994 740
994 472
994 40
994 59
994 991
994 201
994 116
994 130
994 407
994 370
995 489
995 234
995 795
995 7
995 577
995 396
995 483
995 784
995 976
996 24
996 922
996 34
996 33
996 428
996 184
996 79
997 371
997 699
997 717
997 893
997 667
998 11
998 755
998 941
998 718
998 291
998 880
998 597
998 414
998 765
998 570
999 912
999 471
999 588
999 586
999 783
999 846
999 758
