0 275 1.0
0 323 1.0
0 429 1.0
0 512 1.0
0 971 1.0
1 98 1.0
1 332 1.0
1 437 1.0
1 470 1.0
1 574 1.0
1 600 1.0
1 606 1.0
1 976 1.0
2 56 1.0
2 123 1.0
2 269 1.0
2 389 1.0
2 450 1.0
2 543 1.0
2 722 1.0
2 734 1.0
2 765 1.0
2 873 1.0
3 31 1.0
3 54 1.0
3 110 1.0
3 147 1.0
3 156 1.0
3 360 1.0
3 540 1.0
3 663 1.0
3 688 1.0
3 797 1.0
3 951 1.0
4 64 1.0
4 133 1.0
4 176 1.0
4 310 1.0
4 459 1.0
4 641 1.0
4 667 1.0
4 685 1.0
4 862 1.0
4 976 1.0
4 998 1.0
5 13 1.0
5 32 1.0
5 91 1.0
5 282 1.0
5 472 1.0
5 709 1.0
5 716 1.0
5 788 1.0
5 875 1.0
5 967 1.0
6 73 1.0
6 222 1.0
6 503 1.0
6 678 1.0
6 708 1.0
6 904 1.0
7 109 1.0
7 142 1.0
7 187 1.0
7 509 1.0
7 704 1.0
7 865 1.0
7 981 1.0
8 346 1.0
8 438 1.0
8 482 1.0
8 620 1.0
8 853 1.0
8 871 1.0
8 957 1.0
8 963 1.0
8 964 1.0
8 973 1.0
8 997 1.0
9 23 1.0
9 110 1.0
9 225 1.0
9 256 1.0
9 368 1.0
9 500 1.0
9 661 1.0
9 887 1.0
9 942 1.0
9 984 1.0
9 987 1.0
10 77 1.0
10 110 1.0
10 466 1.0
10 514 1.0
10 538 1.0
10 592 1.0
10 776 1.0
10 965 1.0
10 978 1.0
11 652 1.0
11 953 1.0
11 954 1.0
12 133 1.0
12 234 1.0
12 442 1.0
12 470 1.0
12 492 1.0
12 540 1.0
12 566 1.0
12 790 1.0
12 915 1.0
13 483 1.0
13 657 1.0
13 672 1.0
13 786 1.0
13 928 1.0
14 96 1.0
14 159 1.0
14 508 1.0
14 548 1.0
14 600 1.0
14 683 1.0
14 730 1.0
14 844 1.0
14 966 1.0
15 584 1.0
15 682 1.0
15 961 1.0
16 315 1.0
16 470 1.0
16 477 1.0
16 580 1.0
16 593 1.0
16 667 1.0
16 759 1.0
17 76 1.0
17 121 1.0
17 391 1.0
17 402 1.0
17 442 1.0
17 458 1.0
17 517 1.0
17 619 1.0
17 747 1.0
17 855 1.0
17 946 1.0
17 999 1.0
18 48 1.0
18 136 1.0
18 203 1.0
18 479 1.0
18 770 1.0
18 834 1.0
18 857 1.0
18 941 1.0
19 52 1.0
19 360 1.0
19 363 1.0
19 467 1.0
19 479 1.0
19 530 1.0
19 582 1.0
19 847 1.0
19 896 1.0
20 101 1.0
20 172 1.0
20 191 1.0
20 261 1.0
20 279 1.0
20 283 1.0
20 378 1.0
20 543 1.0
20 626 1.0
20 779 1.0
20 805 1.0
21 19 1.0
21 125 1.0
21 315 1.0
21 519 1.0
21 841 1.0
21 984 1.0
22 192 1.0
22 215 1.0
22 413 1.0
22 442 1.0
22 543 1.0
22 625 1.0
22 638 1.0
22 893 1.0
22 980 1.0
22 987 1.0
23 131 1.0
23 306 1.0
23 312 1.0
23 676 1.0
23 681 1.0
23 964 1.0
24 92 1.0
24 97 1.0
24 338 1.0
24 511 1.0
24 814 1.0
24 916 1.0
24 973 1.0
25 211 1.0
25 270 1.0
25 322 1.0
25 449 1.0
25 860 1.0
25 961 1.0
25 986 1.0
26 292 1.0
26 406 1.0
26 498 1.0
26 895 1.0
27 302 1.0
27 390 1.0
27 474 1.0
27 524 1.0
27 525 1.0
27 829 1.0
27 987 1.0
28 139 1.0
28 275 1.0
28 374 1.0
28 410 1.0
28 453 1.0
28 488 1.0
28 521 1.0
28 667 1.0
28 725 1.0
28 886 1.0
29 47 1.0
29 56 1.0
29 443 1.0
29 483 1.0
29 494 1.0
29 512 1.0
29 518 1.0
29 553 1.0
29 593 1.0
29 665 1.0
29 696 1.0
29 793 1.0
29 864 1.0
30 288 1.0
30 705 1.0
30 714 1.0
30 750 1.0
30 890 1.0
31 25 1.0
31 125 1.0
31 165 1.0
31 185 1.0
31 198 1.0
31 347 1.0
31 379 1.0
31 912 1.0
31 986 1.0
32 94 1.0
32 364 1.0
32 387 1.0
32 456 1.0
32 468 1.0
32 475 1.0
32 655 1.0
32 767 1.0
32 769 1.0
32 822 1.0
32 927 1.0
32 975 1.0
33 38 1.0
33 115 1.0
33 342 1.0
33 446 1.0
33 474 1.0
33 502 1.0
33 519 1.0
33 532 1.0
33 703 1.0
33 807 1.0
33 985 1.0
34 92 1.0
34 187 1.0
34 763 1.0
34 857 1.0
34 960 1.0
34 970 1.0
35 6 1.0
35 31 1.0
35 191 1.0
35 299 1.0
35 568 1.0
35 879 1.0
35 880 1.0
35 911 1.0
36 336 1.0
36 350 1.0
36 638 1.0
36 761 1.0
37 16 1.0
37 494 1.0
37 592 1.0
37 706 1.0
37 807 1.0
37 853 1.0
37 870 1.0
37 970 1.0
37 977 1.0
38 2 1.0
38 96 1.0
38 111 1.0
38 261 1.0
38 299 1.0
38 463 1.0
38 694 1.0
38 720 1.0
38 751 1.0
38 782 1.0
38 938 1.0
39 348 1.0
39 412 1.0
39 420 1.0
39 496 1.0
39 616 1.0
39 695 1.0
39 801 1.0
40 108 1.0
40 117 1.0
40 221 1.0
40 350 1.0
40 411 1.0
40 594 1.0
40 852 1.0
40 938 1.0
41 62 1.0
41 170 1.0
41 183 1.0
41 629 1.0
41 725 1.0
41 738 1.0
41 952 1.0
42 226 1.0
42 243 1.0
42 288 1.0
42 432 1.0
42 451 1.0
42 521 1.0
42 546 1.0
42 620 1.0
42 800 1.0
42 866 1.0
43 438 1.0
43 465 1.0
44 3 1.0
44 60 1.0
44 127 1.0
44 237 1.0
44 695 1.0
44 701 1.0
44 821 1.0
44 877 1.0
44 902 1.0
44 965 1.0
45 4 1.0
45 36 1.0
45 86 1.0
45 373 1.0
45 589 1.0
46 152 1.0
46 161 1.0
46 178 1.0
46 276 1.0
46 503 1.0
46 546 1.0
46 603 1.0
46 710 1.0
46 781 1.0
46 784 1.0
47 129 1.0
47 214 1.0
47 425 1.0
48 173 1.0
48 196 1.0
48 272 1.0
48 276 1.0
48 483 1.0
48 694 1.0
48 953 1.0
49 82 1.0
49 246 1.0
49 359 1.0
49 400 1.0
49 619 1.0
49 662 1.0
49 720 1.0
49 721 1.0
49 831 1.0
50 90 1.0
50 123 1.0
50 479 1.0
50 602 1.0
50 665 1.0
50 703 1.0
50 730 1.0
50 813 1.0
50 904 1.0
51 345 1.0
51 390 1.0
51 417 1.0
51 426 1.0
51 652 1.0
52 115 1.0
52 297 1.0
52 343 1.0
52 499 1.0
52 502 1.0
52 679 1.0
52 711 1.0
52 865 1.0
52 877 1.0
53 124 1.0
53 172 1.0
53 184 1.0
53 333 1.0
53 395 1.0
53 486 1.0
53 575 1.0
53 679 1.0
53 743 1.0
53 858 1.0
53 930 1.0
53 972 1.0
53 973 1.0
54 184 1.0
54 185 1.0
54 331 1.0
54 604 1.0
54 609 1.0
54 697 1.0
54 727 1.0
55 505 1.0
55 571 1.0
55 592 1.0
55 644 1.0
55 666 1.0
55 897 1.0
56 144 1.0
56 228 1.0
56 550 1.0
56 699 1.0
56 865 1.0
56 901 1.0
56 965 1.0
57 98 1.0
57 128 1.0
57 426 1.0
57 453 1.0
57 460 1.0
57 556 1.0
57 558 1.0
57 605 1.0
57 773 1.0
57 994 1.0
57 995 1.0
58 120 1.0
58 130 1.0
58 231 1.0
58 247 1.0
58 458 1.0
58 549 1.0
58 729 1.0
58 916 1.0
58 996 1.0
59 21 1.0
59 41 1.0
59 85 1.0
59 292 1.0
59 342 1.0
59 355 1.0
59 538 1.0
59 651 1.0
59 719 1.0
59 798 1.0
59 880 1.0
59 896 1.0
60 115 1.0
60 408 1.0
60 751 1.0
60 891 1.0
61 58 1.0
61 230 1.0
61 245 1.0
61 292 1.0
61 404 1.0
61 610 1.0
61 647 1.0
61 682 1.0
61 687 1.0
61 741 1.0
61 802 1.0
61 864 1.0
61 984 1.0
62 364 1.0
62 477 1.0
62 523 1.0
62 856 1.0
62 912 1.0
63 85 1.0
63 118 1.0
63 257 1.0
63 376 1.0
63 385 1.0
63 429 1.0
63 495 1.0
63 638 1.0
63 852 1.0
64 9 1.0
64 121 1.0
64 272 1.0
64 366 1.0
64 572 1.0
64 744 1.0
64 787 1.0
64 813 1.0
64 871 1.0
64 997 1.0
65 96 1.0
65 206 1.0
65 294 1.0
65 501 1.0
65 568 1.0
65 857 1.0
65 865 1.0
66 125 1.0
66 200 1.0
66 661 1.0
66 748 1.0
66 840 1.0
67 77 1.0
67 113 1.0
67 165 1.0
67 301 1.0
67 485 1.0
67 534 1.0
67 582 1.0
67 603 1.0
67 792 1.0
67 896 1.0
67 901 1.0
67 944 1.0
68 11 1.0
68 153 1.0
68 177 1.0
68 181 1.0
68 202 1.0
68 391 1.0
68 556 1.0
68 639 1.0
68 809 1.0
69 223 1.0
69 561 1.0
69 753 1.0
69 781 1.0
69 964 1.0
69 965 1.0
69 972 1.0
70 33 1.0
70 136 1.0
70 529 1.0
70 658 1.0
70 689 1.0
70 830 1.0
70 837 1.0
70 956 1.0
71 141 1.0
71 160 1.0
71 239 1.0
71 593 1.0
71 723 1.0
71 776 1.0
71 861 1.0
72 157 1.0
72 431 1.0
72 441 1.0
72 572 1.0
72 667 1.0
72 684 1.0
72 850 1.0
73 36 1.0
73 544 1.0
73 877 1.0
73 926 1.0
73 981 1.0
74 161 1.0
74 328 1.0
74 549 1.0
74 681 1.0
74 730 1.0
74 758 1.0
74 876 1.0
75 38 1.0
75 147 1.0
75 294 1.0
75 302 1.0
75 415 1.0
75 675 1.0
76 3 1.0
76 488 1.0
76 657 1.0
76 766 1.0
76 784 1.0
76 829 1.0
77 27 1.0
77 131 1.0
77 218 1.0
77 265 1.0
77 326 1.0
77 365 1.0
77 466 1.0
77 582 1.0
77 950 1.0
78 83 1.0
78 108 1.0
78 342 1.0
78 390 1.0
78 638 1.0
78 764 1.0
78 829 1.0
79 228 1.0
79 611 1.0
79 830 1.0
79 845 1.0
79 961 1.0
80 454 1.0
80 473 1.0
80 656 1.0
80 680 1.0
80 692 1.0
80 972 1.0
81 29 1.0
81 35 1.0
81 313 1.0
81 394 1.0
81 400 1.0
81 439 1.0
81 845 1.0
81 987 1.0
82 32 1.0
82 207 1.0
82 451 1.0
82 562 1.0
82 675 1.0
82 853 1.0
82 884 1.0
82 992 1.0
83 45 1.0
83 146 1.0
83 190 1.0
83 243 1.0
83 260 1.0
83 765 1.0
83 864 1.0
83 876 1.0
84 16 1.0
84 70 1.0
84 110 1.0
84 115 1.0
84 335 1.0
84 400 1.0
84 426 1.0
84 528 1.0
84 626 1.0
84 669 1.0
84 760 1.0
84 857 1.0
85 553 1.0
85 675 1.0
85 904 1.0
85 996 1.0
86 104 1.0
86 384 1.0
86 463 1.0
86 828 1.0
87 103 1.0
87 298 1.0
87 380 1.0
87 495 1.0
87 638 1.0
87 784 1.0
87 891 1.0
87 910 1.0
87 996 1.0
88 187 1.0
88 240 1.0
88 290 1.0
88 298 1.0
88 526 1.0
88 876 1.0
89 41 1.0
89 138 1.0
89 154 1.0
89 280 1.0
89 377 1.0
89 455 1.0
89 564 1.0
89 647 1.0
89 704 1.0
89 965 1.0
90 197 1.0
90 224 1.0
90 280 1.0
90 290 1.0
90 487 1.0
90 512 1.0
90 686 1.0
90 871 1.0
90 916 1.0
91 155 1.0
91 165 1.0
91 224 1.0
91 526 1.0
91 530 1.0
91 694 1.0
91 716 1.0
92 464 1.0
92 542 1.0
92 650 1.0
92 869 1.0
93 253 1.0
93 527 1.0
93 561 1.0
93 577 1.0
93 719 1.0
93 987 1.0
94 386 1.0
94 441 1.0
94 456 1.0
94 464 1.0
94 492 1.0
94 625 1.0
94 671 1.0
94 702 1.0
94 724 1.0
94 899 1.0
95 55 1.0
95 70 1.0
95 126 1.0
95 203 1.0
95 225 1.0
95 446 1.0
95 495 1.0
95 864 1.0
95 897 1.0
96 48 1.0
96 298 1.0
96 536 1.0
96 608 1.0
96 694 1.0
96 726 1.0
96 982 1.0
97 71 1.0
97 492 1.0
97 591 1.0
97 668 1.0
97 670 1.0
97 988 1.0
98 224 1.0
98 246 1.0
98 298 1.0
98 730 1.0
98 847 1.0
99 93 1.0
99 194 1.0
99 269 1.0
99 372 1.0
99 396 1.0
99 491 1.0
99 568 1.0
99 646 1.0
99 701 1.0
100 178 1.0
100 217 1.0
100 236 1.0
100 318 1.0
100 332 1.0
100 376 1.0
100 460 1.0
100 466 1.0
100 692 1.0
100 775 1.0
100 825 1.0
101 205 1.0
101 268 1.0
101 276 1.0
101 318 1.0
101 407 1.0
101 836 1.0
101 913 1.0
101 925 1.0
101 959 1.0
102 10 1.0
102 139 1.0
102 382 1.0
102 428 1.0
102 460 1.0
102 462 1.0
102 583 1.0
102 595 1.0
102 748 1.0
103 157 1.0
103 175 1.0
103 309 1.0
103 311 1.0
103 568 1.0
103 569 1.0
104 276 1.0
104 388 1.0
104 715 1.0
104 846 1.0
104 927 1.0
105 12 1.0
105 94 1.0
105 147 1.0
105 200 1.0
105 212 1.0
105 216 1.0
105 422 1.0
105 585 1.0
105 653 1.0
105 833 1.0
105 858 1.0
105 861 1.0
105 936 1.0
106 76 1.0
106 144 1.0
106 388 1.0
106 446 1.0
106 454 1.0
106 610 1.0
106 670 1.0
106 756 1.0
106 830 1.0
107 60 1.0
107 73 1.0
107 206 1.0
107 220 1.0
107 228 1.0
107 379 1.0
107 446 1.0
107 976 1.0
108 86 1.0
108 116 1.0
108 257 1.0
108 262 1.0
108 277 1.0
108 396 1.0
108 530 1.0
108 612 1.0
108 732 1.0
108 836 1.0
108 917 1.0
108 934 1.0
109 73 1.0
109 124 1.0
109 214 1.0
109 429 1.0
109 626 1.0
109 641 1.0
109 718 1.0
109 804 1.0
109 813 1.0
109 847 1.0
109 912 1.0
109 916 1.0
109 930 1.0
109 936 1.0
110 25 1.0
110 229 1.0
110 301 1.0
110 317 1.0
110 591 1.0
110 769 1.0
110 816 1.0
111 3 1.0
111 97 1.0
111 325 1.0
111 330 1.0
111 604 1.0
112 25 1.0
112 29 1.0
112 340 1.0
112 688 1.0
112 771 1.0
112 808 1.0
113 121 1.0
113 194 1.0
113 207 1.0
113 252 1.0
113 319 1.0
113 321 1.0
113 392 1.0
113 496 1.0
113 621 1.0
114 1 1.0
114 163 1.0
114 211 1.0
114 345 1.0
114 366 1.0
114 408 1.0
114 438 1.0
114 775 1.0
114 900 1.0
115 56 1.0
115 79 1.0
115 128 1.0
115 221 1.0
115 310 1.0
115 360 1.0
115 364 1.0
115 527 1.0
115 692 1.0
115 708 1.0
115 721 1.0
115 753 1.0
115 770 1.0
115 854 1.0
115 918 1.0
115 943 1.0
116 3 1.0
116 92 1.0
116 255 1.0
116 418 1.0
116 463 1.0
116 678 1.0
116 691 1.0
116 804 1.0
117 35 1.0
117 324 1.0
117 713 1.0
117 798 1.0
117 955 1.0
118 89 1.0
118 147 1.0
118 327 1.0
118 346 1.0
118 371 1.0
118 485 1.0
118 528 1.0
118 740 1.0
119 173 1.0
119 516 1.0
119 551 1.0
119 557 1.0
119 582 1.0
119 655 1.0
119 690 1.0
120 461 1.0
120 488 1.0
120 635 1.0
120 655 1.0
120 732 1.0
121 366 1.0
121 469 1.0
121 508 1.0
121 640 1.0
121 751 1.0
121 876 1.0
121 899 1.0
122 119 1.0
122 276 1.0
122 521 1.0
122 685 1.0
122 703 1.0
122 836 1.0
122 847 1.0
123 113 1.0
123 187 1.0
123 194 1.0
123 413 1.0
124 300 1.0
124 400 1.0
124 432 1.0
124 467 1.0
124 657 1.0
124 756 1.0
125 94 1.0
125 156 1.0
125 285 1.0
126 64 1.0
126 89 1.0
126 105 1.0
126 136 1.0
126 506 1.0
126 515 1.0
126 537 1.0
126 591 1.0
126 592 1.0
126 669 1.0
126 745 1.0
126 907 1.0
127 156 1.0
127 242 1.0
127 317 1.0
127 333 1.0
127 364 1.0
127 450 1.0
127 595 1.0
127 695 1.0
127 947 1.0
128 73 1.0
128 105 1.0
128 203 1.0
128 234 1.0
128 315 1.0
128 380 1.0
128 608 1.0
128 671 1.0
128 801 1.0
128 961 1.0
128 975 1.0
128 979 1.0
128 995 1.0
129 152 1.0
129 317 1.0
129 329 1.0
129 720 1.0
129 736 1.0
129 760 1.0
129 997 1.0
130 159 1.0
130 224 1.0
130 325 1.0
130 507 1.0
130 544 1.0
130 774 1.0
130 882 1.0
130 922 1.0
130 965 1.0
130 977 1.0
131 41 1.0
131 337 1.0
131 517 1.0
131 642 1.0
131 667 1.0
131 718 1.0
131 732 1.0
131 841 1.0
132 31 1.0
132 257 1.0
132 373 1.0
132 374 1.0
132 377 1.0
132 385 1.0
132 391 1.0
132 517 1.0
132 576 1.0
132 710 1.0
132 790 1.0
132 828 1.0
132 884 1.0
132 903 1.0
132 920 1.0
133 34 1.0
133 160 1.0
133 279 1.0
133 464 1.0
133 563 1.0
133 603 1.0
133 667 1.0
133 756 1.0
133 803 1.0
133 841 1.0
133 870 1.0
134 219 1.0
134 307 1.0
134 362 1.0
134 382 1.0
134 794 1.0
134 805 1.0
135 195 1.0
135 252 1.0
135 391 1.0
135 468 1.0
135 538 1.0
135 771 1.0
136 142 1.0
136 233 1.0
136 479 1.0
136 653 1.0
136 699 1.0
136 828 1.0
137 11 1.0
137 169 1.0
137 242 1.0
137 391 1.0
137 528 1.0
137 575 1.0
137 597 1.0
137 627 1.0
137 655 1.0
137 781 1.0
137 860 1.0
137 926 1.0
138 433 1.0
138 509 1.0
138 755 1.0
138 761 1.0
138 807 1.0
138 933 1.0
138 976 1.0
138 987 1.0
139 61 1.0
139 377 1.0
139 381 1.0
139 473 1.0
139 483 1.0
139 620 1.0
139 784 1.0
139 850 1.0
139 871 1.0
139 967 1.0
140 141 1.0
140 147 1.0
140 157 1.0
140 200 1.0
140 365 1.0
140 413 1.0
140 501 1.0
140 550 1.0
140 813 1.0
140 875 1.0
141 209 1.0
141 504 1.0
141 527 1.0
141 532 1.0
141 854 1.0
142 46 1.0
142 312 1.0
142 363 1.0
142 392 1.0
142 705 1.0
142 930 1.0
143 3 1.0
143 290 1.0
144 8 1.0
144 51 1.0
144 68 1.0
144 260 1.0
144 287 1.0
144 412 1.0
144 588 1.0
144 595 1.0
144 650 1.0
144 685 1.0
144 909 1.0
145 87 1.0
145 280 1.0
145 442 1.0
145 528 1.0
145 823 1.0
145 838 1.0
145 854 1.0
146 223 1.0
146 304 1.0
146 564 1.0
146 681 1.0
146 740 1.0
146 856 1.0
146 915 1.0
147 36 1.0
147 86 1.0
147 356 1.0
147 368 1.0
147 557 1.0
147 625 1.0
147 724 1.0
147 832 1.0
147 868 1.0
148 27 1.0
148 360 1.0
148 365 1.0
148 582 1.0
148 739 1.0
148 888 1.0
148 944 1.0
148 970 1.0
149 46 1.0
149 195 1.0
149 242 1.0
149 439 1.0
149 476 1.0
149 509 1.0
149 519 1.0
149 546 1.0
149 751 1.0
149 876 1.0
149 902 1.0
149 967 1.0
149 991 1.0
150 106 1.0
150 220 1.0
150 345 1.0
150 376 1.0
150 430 1.0
150 510 1.0
150 551 1.0
151 157 1.0
151 200 1.0
151 330 1.0
151 384 1.0
151 407 1.0
151 446 1.0
151 482 1.0
151 520 1.0
151 539 1.0
151 562 1.0
151 565 1.0
151 702 1.0
151 756 1.0
151 765 1.0
151 863 1.0
151 915 1.0
151 989 1.0
152 22 1.0
152 128 1.0
152 245 1.0
152 260 1.0
152 286 1.0
152 352 1.0
153 132 1.0
153 143 1.0
153 195 1.0
153 299 1.0
153 527 1.0
153 740 1.0
153 831 1.0
154 222 1.0
154 264 1.0
154 286 1.0
154 378 1.0
155 269 1.0
155 397 1.0
155 423 1.0
155 547 1.0
155 878 1.0
155 973 1.0
156 76 1.0
156 204 1.0
156 247 1.0
156 282 1.0
156 514 1.0
156 786 1.0
156 839 1.0
156 882 1.0
157 16 1.0
157 40 1.0
157 249 1.0
157 345 1.0
157 350 1.0
157 366 1.0
157 489 1.0
157 850 1.0
157 900 1.0
158 237 1.0
158 324 1.0
158 383 1.0
158 463 1.0
158 469 1.0
158 481 1.0
158 485 1.0
158 531 1.0
158 647 1.0
158 689 1.0
158 699 1.0
158 749 1.0
158 830 1.0
158 844 1.0
159 294 1.0
159 396 1.0
159 570 1.0
159 804 1.0
159 901 1.0
159 928 1.0
160 122 1.0
160 131 1.0
160 424 1.0
160 488 1.0
160 567 1.0
160 949 1.0
161 12 1.0
161 259 1.0
161 286 1.0
161 313 1.0
161 437 1.0
161 599 1.0
161 663 1.0
162 0 1.0
162 101 1.0
162 158 1.0
162 257 1.0
162 543 1.0
162 676 1.0
162 707 1.0
163 100 1.0
163 239 1.0
163 793 1.0
163 840 1.0
164 173 1.0
164 202 1.0
164 397 1.0
164 402 1.0
164 558 1.0
164 621 1.0
164 956 1.0
164 989 1.0
165 25 1.0
165 330 1.0
165 495 1.0
165 543 1.0
165 568 1.0
165 691 1.0
165 940 1.0
165 956 1.0
165 990 1.0
166 136 1.0
166 192 1.0
166 575 1.0
166 730 1.0
166 809 1.0
166 827 1.0
166 960 1.0
167 383 1.0
167 504 1.0
167 677 1.0
167 912 1.0
167 946 1.0
167 981 1.0
168 57 1.0
168 292 1.0
168 681 1.0
168 794 1.0
168 841 1.0
169 24 1.0
169 179 1.0
169 202 1.0
169 396 1.0
169 418 1.0
169 480 1.0
169 546 1.0
169 639 1.0
169 861 1.0
169 997 1.0
170 56 1.0
170 364 1.0
170 406 1.0
170 548 1.0
170 837 1.0
170 908 1.0
170 939 1.0
171 122 1.0
171 133 1.0
171 277 1.0
171 344 1.0
171 385 1.0
171 402 1.0
171 517 1.0
171 520 1.0
171 571 1.0
171 604 1.0
171 681 1.0
171 703 1.0
171 759 1.0
171 800 1.0
171 872 1.0
172 181 1.0
172 818 1.0
172 870 1.0
173 21 1.0
173 54 1.0
173 202 1.0
173 276 1.0
173 342 1.0
173 441 1.0
173 579 1.0
173 936 1.0
174 18 1.0
174 24 1.0
174 80 1.0
174 397 1.0
174 399 1.0
174 502 1.0
174 552 1.0
174 577 1.0
174 647 1.0
174 936 1.0
175 229 1.0
175 277 1.0
175 830 1.0
176 83 1.0
176 230 1.0
176 340 1.0
176 401 1.0
176 445 1.0
176 463 1.0
176 474 1.0
176 655 1.0
176 764 1.0
176 920 1.0
177 175 1.0
177 204 1.0
177 248 1.0
177 362 1.0
177 687 1.0
177 978 1.0
177 979 1.0
178 112 1.0
178 150 1.0
178 479 1.0
178 511 1.0
178 559 1.0
178 588 1.0
178 716 1.0
178 843 1.0
178 886 1.0
179 52 1.0
179 65 1.0
179 198 1.0
179 647 1.0
179 759 1.0
179 782 1.0
179 968 1.0
180 222 1.0
180 595 1.0
180 644 1.0
180 740 1.0
180 942 1.0
181 240 1.0
181 315 1.0
181 642 1.0
181 649 1.0
181 792 1.0
181 941 1.0
181 966 1.0
181 998 1.0
182 175 1.0
182 261 1.0
182 424 1.0
182 480 1.0
182 808 1.0
182 858 1.0
182 997 1.0
183 105 1.0
183 305 1.0
183 461 1.0
183 658 1.0
183 694 1.0
183 825 1.0
183 920 1.0
184 33 1.0
184 478 1.0
184 549 1.0
184 822 1.0
185 57 1.0
185 126 1.0
185 191 1.0
185 602 1.0
185 627 1.0
185 942 1.0
186 334 1.0
186 362 1.0
186 427 1.0
186 443 1.0
186 585 1.0
186 678 1.0
186 841 1.0
186 883 1.0
187 87 1.0
187 323 1.0
187 330 1.0
187 393 1.0
187 482 1.0
187 484 1.0
187 649 1.0
187 673 1.0
187 699 1.0
187 742 1.0
187 833 1.0
187 991 1.0
188 291 1.0
188 382 1.0
188 396 1.0
188 498 1.0
188 693 1.0
188 724 1.0
188 731 1.0
188 882 1.0
189 67 1.0
189 636 1.0
189 749 1.0
189 775 1.0
189 888 1.0
189 903 1.0
189 907 1.0
190 0 1.0
190 329 1.0
190 415 1.0
190 431 1.0
190 432 1.0
190 580 1.0
190 583 1.0
190 611 1.0
190 822 1.0
190 913 1.0
191 84 1.0
191 163 1.0
191 208 1.0
191 354 1.0
191 567 1.0
191 716 1.0
191 815 1.0
192 5 1.0
192 259 1.0
192 390 1.0
192 740 1.0
192 821 1.0
193 99 1.0
193 591 1.0
193 607 1.0
193 623 1.0
193 729 1.0
193 750 1.0
194 51 1.0
194 165 1.0
194 195 1.0
194 222 1.0
194 345 1.0
194 356 1.0
194 506 1.0
194 508 1.0
194 574 1.0
195 19 1.0
195 172 1.0
195 181 1.0
195 203 1.0
195 289 1.0
195 327 1.0
196 189 1.0
196 263 1.0
196 281 1.0
196 329 1.0
196 351 1.0
196 454 1.0
196 568 1.0
196 572 1.0
196 708 1.0
196 846 1.0
196 858 1.0
196 884 1.0
197 154 1.0
197 539 1.0
197 694 1.0
197 740 1.0
197 833 1.0
197 881 1.0
198 203 1.0
198 264 1.0
199 346 1.0
199 627 1.0
199 710 1.0
199 765 1.0
199 844 1.0
199 929 1.0
200 588 1.0
200 794 1.0
200 975 1.0
201 9 1.0
201 91 1.0
201 255 1.0
201 363 1.0
201 833 1.0
201 933 1.0
201 981 1.0
202 89 1.0
202 214 1.0
202 265 1.0
202 549 1.0
202 565 1.0
202 574 1.0
202 771 1.0
202 785 1.0
202 942 1.0
203 41 1.0
203 183 1.0
203 303 1.0
203 854 1.0
203 901 1.0
203 955 1.0
204 5 1.0
204 124 1.0
204 136 1.0
204 166 1.0
204 209 1.0
204 487 1.0
204 646 1.0
204 692 1.0
204 819 1.0
204 854 1.0
204 872 1.0
204 903 1.0
205 384 1.0
205 595 1.0
205 640 1.0
205 703 1.0
205 722 1.0
205 732 1.0
206 188 1.0
206 409 1.0
206 459 1.0
206 702 1.0
206 941 1.0
206 953 1.0
207 125 1.0
207 324 1.0
207 514 1.0
208 242 1.0
208 263 1.0
208 304 1.0
208 427 1.0
208 719 1.0
208 722 1.0
208 727 1.0
208 861 1.0
208 872 1.0
208 911 1.0
208 955 1.0
209 28 1.0
209 75 1.0
209 87 1.0
209 169 1.0
209 248 1.0
209 323 1.0
209 365 1.0
209 531 1.0
209 558 1.0
209 617 1.0
209 659 1.0
209 905 1.0
210 40 1.0
210 52 1.0
210 91 1.0
210 226 1.0
210 233 1.0
210 387 1.0
210 466 1.0
210 549 1.0
210 615 1.0
210 864 1.0
211 119 1.0
211 120 1.0
211 163 1.0
211 224 1.0
211 276 1.0
211 296 1.0
211 299 1.0
211 374 1.0
211 433 1.0
211 546 1.0
212 61 1.0
212 97 1.0
212 255 1.0
212 319 1.0
212 638 1.0
212 920 1.0
213 351 1.0
213 494 1.0
213 671 1.0
213 883 1.0
213 906 1.0
214 78 1.0
214 191 1.0
214 327 1.0
214 442 1.0
214 626 1.0
214 822 1.0
214 989 1.0
215 547 1.0
215 789 1.0
216 220 1.0
216 347 1.0
216 811 1.0
216 869 1.0
217 298 1.0
217 343 1.0
217 550 1.0
217 566 1.0
217 805 1.0
218 71 1.0
218 103 1.0
218 165 1.0
218 243 1.0
218 422 1.0
218 438 1.0
218 513 1.0
218 663 1.0
218 737 1.0
218 957 1.0
219 56 1.0
219 69 1.0
219 125 1.0
219 314 1.0
219 431 1.0
219 913 1.0
220 175 1.0
220 370 1.0
220 468 1.0
220 610 1.0
220 614 1.0
220 735 1.0
220 747 1.0
220 763 1.0
220 792 1.0
220 851 1.0
220 853 1.0
221 198 1.0
221 229 1.0
221 338 1.0
221 631 1.0
221 654 1.0
221 656 1.0
221 820 1.0
221 824 1.0
221 923 1.0
222 99 1.0
222 250 1.0
222 310 1.0
222 555 1.0
222 603 1.0
222 656 1.0
222 977 1.0
223 30 1.0
223 93 1.0
223 142 1.0
223 230 1.0
223 323 1.0
224 145 1.0
224 214 1.0
224 236 1.0
224 536 1.0
224 581 1.0
224 806 1.0
224 879 1.0
224 915 1.0
225 28 1.0
225 133 1.0
225 193 1.0
225 207 1.0
225 296 1.0
225 339 1.0
225 629 1.0
225 710 1.0
226 32 1.0
226 193 1.0
226 236 1.0
226 605 1.0
226 691 1.0
226 752 1.0
226 992 1.0
226 996 1.0
227 40 1.0
227 87 1.0
227 167 1.0
227 426 1.0
227 565 1.0
227 657 1.0
228 69 1.0
228 168 1.0
228 179 1.0
228 213 1.0
228 220 1.0
228 359 1.0
228 586 1.0
228 629 1.0
228 782 1.0
229 11 1.0
229 224 1.0
229 261 1.0
229 276 1.0
229 296 1.0
229 328 1.0
229 595 1.0
229 607 1.0
229 687 1.0
229 864 1.0
229 941 1.0
229 946 1.0
230 91 1.0
230 160 1.0
230 236 1.0
230 307 1.0
230 445 1.0
230 452 1.0
230 464 1.0
230 718 1.0
230 721 1.0
230 773 1.0
230 861 1.0
231 112 1.0
231 168 1.0
231 622 1.0
231 675 1.0
231 801 1.0
231 921 1.0
231 952 1.0
232 144 1.0
232 243 1.0
232 318 1.0
232 515 1.0
232 761 1.0
232 994 1.0
233 835 1.0
233 899 1.0
234 138 1.0
234 411 1.0
234 417 1.0
234 649 1.0
234 819 1.0
235 132 1.0
235 425 1.0
235 634 1.0
235 668 1.0
235 739 1.0
235 747 1.0
235 807 1.0
235 946 1.0
236 238 1.0
236 312 1.0
236 329 1.0
236 378 1.0
236 804 1.0
236 997 1.0
237 233 1.0
237 265 1.0
237 508 1.0
237 581 1.0
237 904 1.0
238 57 1.0
238 324 1.0
238 526 1.0
238 549 1.0
238 569 1.0
238 579 1.0
238 679 1.0
239 30 1.0
239 54 1.0
239 173 1.0
239 275 1.0
239 306 1.0
239 342 1.0
239 670 1.0
239 708 1.0
239 743 1.0
239 824 1.0
239 832 1.0
239 867 1.0
239 930 1.0
240 103 1.0
240 379 1.0
240 543 1.0
240 667 1.0
240 706 1.0
240 788 1.0
240 848 1.0
241 24 1.0
241 50 1.0
241 342 1.0
241 368 1.0
241 372 1.0
241 429 1.0
241 455 1.0
241 791 1.0
241 962 1.0
242 8 1.0
242 284 1.0
242 306 1.0
242 901 1.0
242 989 1.0
243 226 1.0
243 368 1.0
243 687 1.0
243 786 1.0
243 848 1.0
243 935 1.0
243 994 1.0
244 45 1.0
244 74 1.0
244 159 1.0
244 165 1.0
244 176 1.0
244 189 1.0
244 232 1.0
244 563 1.0
244 938 1.0
245 3 1.0
245 18 1.0
245 284 1.0
245 492 1.0
245 500 1.0
245 556 1.0
245 663 1.0
245 724 1.0
245 788 1.0
245 856 1.0
245 941 1.0
246 252 1.0
246 327 1.0
246 394 1.0
246 568 1.0
246 599 1.0
246 763 1.0
246 779 1.0
246 789 1.0
246 836 1.0
247 214 1.0
247 221 1.0
247 354 1.0
247 766 1.0
247 858 1.0
247 898 1.0
247 952 1.0
248 129 1.0
248 148 1.0
248 481 1.0
248 691 1.0
248 757 1.0
248 875 1.0
249 45 1.0
249 183 1.0
249 653 1.0
249 798 1.0
250 11 1.0
250 169 1.0
250 270 1.0
250 288 1.0
250 640 1.0
250 693 1.0
250 780 1.0
250 791 1.0
250 916 1.0
251 77 1.0
251 277 1.0
251 311 1.0
251 316 1.0
251 416 1.0
251 620 1.0
251 628 1.0
251 692 1.0
251 716 1.0
251 833 1.0
251 891 1.0
251 976 1.0
252 54 1.0
252 312 1.0
252 334 1.0
252 480 1.0
252 768 1.0
253 158 1.0
253 322 1.0
253 342 1.0
253 346 1.0
253 738 1.0
253 901 1.0
253 939 1.0
253 950 1.0
253 970 1.0
254 57 1.0
254 79 1.0
254 605 1.0
254 625 1.0
254 638 1.0
254 650 1.0
255 85 1.0
255 154 1.0
255 241 1.0
255 284 1.0
255 533 1.0
255 562 1.0
255 569 1.0
255 680 1.0
255 709 1.0
255 751 1.0
255 766 1.0
256 7 1.0
256 85 1.0
256 243 1.0
256 626 1.0
256 989 1.0
257 121 1.0
257 157 1.0
257 493 1.0
257 612 1.0
257 965 1.0
258 38 1.0
258 137 1.0
258 237 1.0
258 251 1.0
258 339 1.0
258 377 1.0
258 481 1.0
258 642 1.0
259 17 1.0
259 60 1.0
259 280 1.0
259 286 1.0
259 335 1.0
259 380 1.0
259 796 1.0
259 902 1.0
260 310 1.0
260 351 1.0
260 773 1.0
260 983 1.0
261 561 1.0
261 779 1.0
261 868 1.0
261 958 1.0
262 246 1.0
262 280 1.0
262 421 1.0
262 789 1.0
262 816 1.0
262 849 1.0
263 187 1.0
263 256 1.0
263 480 1.0
264 106 1.0
264 190 1.0
264 490 1.0
264 744 1.0
264 919 1.0
264 962 1.0
265 12 1.0
265 504 1.0
265 651 1.0
265 720 1.0
265 997 1.0
266 29 1.0
266 317 1.0
266 363 1.0
266 679 1.0
266 737 1.0
266 944 1.0
267 571 1.0
267 683 1.0
267 723 1.0
267 875 1.0
267 886 1.0
267 971 1.0
268 28 1.0
268 107 1.0
268 299 1.0
268 329 1.0
268 397 1.0
269 22 1.0
269 56 1.0
269 253 1.0
269 486 1.0
269 617 1.0
269 640 1.0
269 664 1.0
269 706 1.0
269 790 1.0
269 951 1.0
270 128 1.0
270 218 1.0
270 391 1.0
270 860 1.0
270 912 1.0
271 152 1.0
271 370 1.0
271 443 1.0
271 641 1.0
271 645 1.0
271 670 1.0
271 872 1.0
272 40 1.0
272 277 1.0
272 345 1.0
272 468 1.0
272 724 1.0
272 803 1.0
272 822 1.0
272 856 1.0
272 960 1.0
273 80 1.0
273 517 1.0
273 762 1.0
274 1 1.0
274 56 1.0
274 121 1.0
274 196 1.0
274 296 1.0
274 352 1.0
274 590 1.0
274 627 1.0
274 729 1.0
274 993 1.0
275 193 1.0
275 433 1.0
275 581 1.0
275 712 1.0
275 742 1.0
275 939 1.0
276 86 1.0
276 123 1.0
276 157 1.0
276 162 1.0
276 390 1.0
276 715 1.0
276 731 1.0
276 960 1.0
277 179 1.0
277 212 1.0
277 276 1.0
277 545 1.0
277 549 1.0
277 699 1.0
277 805 1.0
277 873 1.0
277 935 1.0
277 992 1.0
278 26 1.0
278 299 1.0
278 340 1.0
278 556 1.0
278 915 1.0
279 244 1.0
279 345 1.0
279 368 1.0
279 434 1.0
279 659 1.0
279 715 1.0
279 771 1.0
279 853 1.0
280 46 1.0
280 170 1.0
280 419 1.0
280 435 1.0
280 515 1.0
280 549 1.0
280 974 1.0
280 979 1.0
281 143 1.0
281 226 1.0
281 269 1.0
281 302 1.0
281 437 1.0
281 484 1.0
281 489 1.0
281 550 1.0
281 610 1.0
281 764 1.0
281 775 1.0
282 83 1.0
282 215 1.0
282 250 1.0
282 350 1.0
282 504 1.0
282 537 1.0
282 626 1.0
282 791 1.0
282 814 1.0
283 218 1.0
283 452 1.0
283 792 1.0
283 826 1.0
283 998 1.0
284 66 1.0
284 523 1.0
284 524 1.0
284 571 1.0
284 611 1.0
284 617 1.0
285 358 1.0
285 409 1.0
285 423 1.0
285 424 1.0
285 556 1.0
285 628 1.0
285 718 1.0
285 764 1.0
286 31 1.0
286 194 1.0
286 361 1.0
286 582 1.0
286 747 1.0
286 758 1.0
286 831 1.0
286 928 1.0
287 104 1.0
287 119 1.0
287 178 1.0
287 266 1.0
287 293 1.0
287 394 1.0
287 408 1.0
287 772 1.0
287 903 1.0
288 85 1.0
288 164 1.0
288 240 1.0
288 335 1.0
288 346 1.0
288 571 1.0
288 717 1.0
288 731 1.0
288 768 1.0
289 142 1.0
289 401 1.0
289 467 1.0
289 584 1.0
289 626 1.0
289 858 1.0
289 948 1.0
290 359 1.0
290 382 1.0
290 471 1.0
290 474 1.0
290 529 1.0
290 822 1.0
290 829 1.0
290 882 1.0
291 112 1.0
291 540 1.0
291 555 1.0
291 970 1.0
292 276 1.0
292 324 1.0
292 473 1.0
292 532 1.0
292 533 1.0
292 691 1.0
292 708 1.0
292 777 1.0
292 859 1.0
293 66 1.0
293 211 1.0
293 344 1.0
293 384 1.0
293 584 1.0
293 770 1.0
293 790 1.0
293 970 1.0
294 178 1.0
294 225 1.0
294 378 1.0
294 423 1.0
294 793 1.0
294 888 1.0
294 957 1.0
295 15 1.0
295 57 1.0
295 302 1.0
295 545 1.0
295 861 1.0
295 885 1.0
295 978 1.0
296 218 1.0
296 446 1.0
296 504 1.0
296 528 1.0
296 759 1.0
296 794 1.0
297 13 1.0
297 53 1.0
297 91 1.0
297 725 1.0
297 957 1.0
297 990 1.0
298 257 1.0
298 271 1.0
298 501 1.0
298 689 1.0
298 738 1.0
298 815 1.0
298 825 1.0
298 950 1.0
298 957 1.0
298 980 1.0
299 167 1.0
299 184 1.0
299 209 1.0
299 232 1.0
299 286 1.0
299 310 1.0
299 456 1.0
299 495 1.0
299 605 1.0
299 614 1.0
299 714 1.0
299 761 1.0
299 772 1.0
299 927 1.0
300 7 1.0
300 90 1.0
300 105 1.0
300 128 1.0
300 146 1.0
300 162 1.0
300 537 1.0
300 548 1.0
300 638 1.0
300 791 1.0
300 831 1.0
300 839 1.0
300 998 1.0
301 344 1.0
301 435 1.0
301 475 1.0
301 477 1.0
301 548 1.0
301 555 1.0
301 754 1.0
301 757 1.0
301 811 1.0
301 920 1.0
302 25 1.0
302 30 1.0
302 76 1.0
302 99 1.0
302 168 1.0
302 400 1.0
302 433 1.0
302 435 1.0
302 640 1.0
302 661 1.0
302 776 1.0
302 908 1.0
303 197 1.0
303 253 1.0
303 284 1.0
303 288 1.0
303 337 1.0
303 355 1.0
303 589 1.0
303 662 1.0
303 664 1.0
303 902 1.0
304 73 1.0
304 511 1.0
304 566 1.0
304 649 1.0
304 701 1.0
304 743 1.0
304 904 1.0
305 75 1.0
305 469 1.0
305 577 1.0
305 622 1.0
305 749 1.0
305 758 1.0
305 767 1.0
305 935 1.0
306 93 1.0
306 94 1.0
306 104 1.0
306 320 1.0
306 337 1.0
306 366 1.0
306 405 1.0
306 522 1.0
307 140 1.0
307 395 1.0
307 457 1.0
307 597 1.0
307 707 1.0
307 745 1.0
307 882 1.0
308 6 1.0
308 129 1.0
308 328 1.0
308 374 1.0
308 441 1.0
308 471 1.0
308 639 1.0
308 805 1.0
308 868 1.0
309 54 1.0
309 229 1.0
309 252 1.0
309 277 1.0
309 439 1.0
309 459 1.0
309 470 1.0
309 588 1.0
309 622 1.0
309 835 1.0
310 352 1.0
310 480 1.0
310 572 1.0
310 584 1.0
311 43 1.0
311 206 1.0
311 877 1.0
311 893 1.0
311 896 1.0
311 898 1.0
312 254 1.0
312 405 1.0
312 420 1.0
312 445 1.0
312 500 1.0
312 559 1.0
312 633 1.0
312 705 1.0
312 727 1.0
312 888 1.0
312 942 1.0
313 59 1.0
313 157 1.0
313 299 1.0
313 390 1.0
313 405 1.0
313 528 1.0
313 572 1.0
313 913 1.0
314 211 1.0
314 651 1.0
314 723 1.0
314 987 1.0
315 27 1.0
315 88 1.0
315 151 1.0
315 160 1.0
315 206 1.0
315 278 1.0
315 554 1.0
315 613 1.0
315 700 1.0
315 832 1.0
315 865 1.0
315 905 1.0
316 517 1.0
316 673 1.0
316 677 1.0
316 701 1.0
316 943 1.0
316 961 1.0
317 0 1.0
317 286 1.0
317 417 1.0
317 544 1.0
317 796 1.0
317 884 1.0
318 113 1.0
318 158 1.0
318 333 1.0
318 334 1.0
318 347 1.0
318 365 1.0
318 395 1.0
318 824 1.0
319 22 1.0
319 213 1.0
319 276 1.0
319 298 1.0
319 400 1.0
319 617 1.0
319 677 1.0
319 874 1.0
319 970 1.0
320 56 1.0
320 91 1.0
320 224 1.0
320 280 1.0
320 391 1.0
320 414 1.0
320 474 1.0
320 724 1.0
320 742 1.0
320 988 1.0
321 40 1.0
321 135 1.0
321 337 1.0
321 345 1.0
321 355 1.0
321 380 1.0
321 489 1.0
321 505 1.0
321 507 1.0
321 960 1.0
322 12 1.0
322 105 1.0
322 271 1.0
322 419 1.0
322 505 1.0
322 582 1.0
322 602 1.0
322 617 1.0
322 698 1.0
322 846 1.0
322 854 1.0
322 915 1.0
322 948 1.0
323 52 1.0
323 198 1.0
323 227 1.0
323 365 1.0
323 384 1.0
323 514 1.0
323 554 1.0
323 858 1.0
323 968 1.0
324 71 1.0
324 214 1.0
324 363 1.0
324 528 1.0
324 695 1.0
324 778 1.0
324 793 1.0
325 17 1.0
325 322 1.0
325 499 1.0
325 555 1.0
325 895 1.0
326 45 1.0
326 198 1.0
326 274 1.0
326 290 1.0
326 482 1.0
326 520 1.0
326 986 1.0
327 68 1.0
327 160 1.0
327 302 1.0
327 455 1.0
327 596 1.0
327 612 1.0
327 776 1.0
328 101 1.0
328 305 1.0
328 504 1.0
328 558 1.0
328 860 1.0
328 943 1.0
329 175 1.0
329 232 1.0
329 483 1.0
329 631 1.0
329 668 1.0
329 683 1.0
329 776 1.0
329 876 1.0
329 906 1.0
330 53 1.0
330 104 1.0
330 221 1.0
330 510 1.0
330 513 1.0
330 758 1.0
330 800 1.0
330 945 1.0
331 129 1.0
331 224 1.0
331 258 1.0
331 326 1.0
331 490 1.0
331 629 1.0
331 768 1.0
331 978 1.0
332 59 1.0
332 165 1.0
332 203 1.0
332 476 1.0
332 503 1.0
332 510 1.0
332 593 1.0
332 650 1.0
332 716 1.0
332 843 1.0
333 320 1.0
333 855 1.0
333 941 1.0
334 11 1.0
334 386 1.0
334 543 1.0
334 559 1.0
334 682 1.0
334 995 1.0
335 252 1.0
335 262 1.0
335 305 1.0
335 552 1.0
335 616 1.0
335 622 1.0
335 640 1.0
335 665 1.0
335 970 1.0
336 3 1.0
336 60 1.0
336 377 1.0
336 681 1.0
336 746 1.0
336 960 1.0
337 7 1.0
337 43 1.0
337 116 1.0
337 326 1.0
337 542 1.0
337 649 1.0
337 982 1.0
338 19 1.0
338 238 1.0
338 246 1.0
338 571 1.0
338 577 1.0
338 706 1.0
339 112 1.0
339 190 1.0
339 191 1.0
339 342 1.0
339 485 1.0
339 547 1.0
339 559 1.0
339 700 1.0
339 724 1.0
339 780 1.0
339 833 1.0
339 891 1.0
339 929 1.0
340 23 1.0
340 107 1.0
340 334 1.0
340 428 1.0
340 644 1.0
340 820 1.0
341 24 1.0
341 83 1.0
341 235 1.0
341 245 1.0
341 383 1.0
341 438 1.0
341 517 1.0
341 706 1.0
341 712 1.0
341 727 1.0
342 70 1.0
342 187 1.0
342 310 1.0
342 500 1.0
342 685 1.0
342 746 1.0
343 113 1.0
343 419 1.0
343 765 1.0
343 909 1.0
343 924 1.0
343 941 1.0
344 90 1.0
344 334 1.0
344 353 1.0
344 709 1.0
344 726 1.0
344 801 1.0
345 90 1.0
345 197 1.0
345 294 1.0
345 584 1.0
345 599 1.0
345 951 1.0
346 27 1.0
346 208 1.0
346 227 1.0
346 381 1.0
346 519 1.0
346 805 1.0
346 825 1.0
347 80 1.0
347 196 1.0
347 205 1.0
347 277 1.0
347 496 1.0
347 881 1.0
348 456 1.0
348 787 1.0
348 858 1.0
348 900 1.0
349 214 1.0
349 242 1.0
349 360 1.0
349 436 1.0
349 551 1.0
349 757 1.0
349 772 1.0
349 844 1.0
350 9 1.0
350 56 1.0
350 117 1.0
350 141 1.0
350 146 1.0
350 197 1.0
350 349 1.0
350 434 1.0
350 527 1.0
350 641 1.0
350 815 1.0
350 927 1.0
351 270 1.0
351 426 1.0
351 560 1.0
351 640 1.0
351 697 1.0
351 748 1.0
351 911 1.0
351 918 1.0
352 461 1.0
352 473 1.0
352 869 1.0
353 23 1.0
353 163 1.0
353 658 1.0
353 743 1.0
353 882 1.0
353 883 1.0
353 974 1.0
353 993 1.0
354 75 1.0
354 77 1.0
354 185 1.0
354 211 1.0
354 351 1.0
354 440 1.0
354 566 1.0
354 632 1.0
354 644 1.0
354 804 1.0
354 901 1.0
355 63 1.0
355 186 1.0
355 214 1.0
355 561 1.0
355 631 1.0
355 822 1.0
356 20 1.0
356 234 1.0
356 269 1.0
356 370 1.0
356 403 1.0
356 866 1.0
357 28 1.0
357 301 1.0
357 360 1.0
357 378 1.0
357 384 1.0
357 466 1.0
357 491 1.0
357 700 1.0
358 129 1.0
358 263 1.0
358 381 1.0
358 432 1.0
358 493 1.0
358 507 1.0
358 581 1.0
358 671 1.0
358 750 1.0
358 757 1.0
358 958 1.0
359 3 1.0
359 26 1.0
359 40 1.0
359 108 1.0
359 112 1.0
359 114 1.0
359 161 1.0
359 396 1.0
359 437 1.0
359 557 1.0
359 575 1.0
359 617 1.0
359 756 1.0
359 781 1.0
359 922 1.0
359 923 1.0
360 73 1.0
360 826 1.0
360 827 1.0
360 832 1.0
360 859 1.0
360 909 1.0
360 961 1.0
360 986 1.0
361 171 1.0
361 297 1.0
361 720 1.0
361 832 1.0
361 866 1.0
362 104 1.0
362 146 1.0
362 169 1.0
362 338 1.0
362 383 1.0
362 558 1.0
362 593 1.0
362 653 1.0
362 745 1.0
363 155 1.0
363 243 1.0
363 410 1.0
363 463 1.0
363 537 1.0
363 561 1.0
363 604 1.0
363 704 1.0
363 983 1.0
364 102 1.0
364 164 1.0
364 284 1.0
364 314 1.0
364 315 1.0
364 419 1.0
364 498 1.0
364 822 1.0
364 885 1.0
364 949 1.0
365 64 1.0
365 80 1.0
365 262 1.0
365 287 1.0
365 301 1.0
365 496 1.0
365 713 1.0
365 729 1.0
365 802 1.0
365 816 1.0
365 885 1.0
365 893 1.0
365 921 1.0
366 58 1.0
366 164 1.0
366 178 1.0
366 367 1.0
366 384 1.0
366 449 1.0
366 632 1.0
366 732 1.0
366 748 1.0
367 170 1.0
367 183 1.0
367 213 1.0
367 226 1.0
367 415 1.0
367 582 1.0
367 879 1.0
368 75 1.0
368 83 1.0
368 204 1.0
368 218 1.0
368 436 1.0
368 580 1.0
368 679 1.0
368 787 1.0
369 19 1.0
369 120 1.0
369 201 1.0
369 385 1.0
369 475 1.0
369 646 1.0
369 675 1.0
369 791 1.0
369 811 1.0
369 828 1.0
370 435 1.0
370 492 1.0
370 559 1.0
370 574 1.0
370 581 1.0
370 982 1.0
371 145 1.0
371 263 1.0
371 324 1.0
371 369 1.0
371 535 1.0
372 2 1.0
372 133 1.0
372 197 1.0
372 311 1.0
372 433 1.0
372 446 1.0
372 461 1.0
372 747 1.0
373 76 1.0
373 528 1.0
373 549 1.0
373 849 1.0
374 50 1.0
374 304 1.0
374 316 1.0
374 530 1.0
374 674 1.0
374 687 1.0
374 896 1.0
374 905 1.0
375 17 1.0
375 328 1.0
375 412 1.0
375 433 1.0
375 439 1.0
375 547 1.0
375 777 1.0
375 839 1.0
376 255 1.0
376 508 1.0
376 588 1.0
376 589 1.0
376 685 1.0
377 152 1.0
377 154 1.0
377 164 1.0
377 318 1.0
377 636 1.0
377 667 1.0
377 695 1.0
377 998 1.0
378 74 1.0
378 136 1.0
378 281 1.0
378 322 1.0
378 369 1.0
378 422 1.0
378 474 1.0
378 573 1.0
378 701 1.0
379 118 1.0
379 740 1.0
379 742 1.0
379 766 1.0
379 772 1.0
380 472 1.0
380 476 1.0
380 580 1.0
380 682 1.0
380 711 1.0
380 894 1.0
381 150 1.0
381 159 1.0
381 179 1.0
381 228 1.0
381 235 1.0
381 555 1.0
381 638 1.0
381 721 1.0
381 808 1.0
381 956 1.0
382 13 1.0
382 23 1.0
382 154 1.0
382 267 1.0
382 546 1.0
382 571 1.0
382 783 1.0
383 36 1.0
383 154 1.0
383 315 1.0
383 493 1.0
383 677 1.0
383 678 1.0
383 746 1.0
383 757 1.0
383 961 1.0
384 157 1.0
384 170 1.0
384 197 1.0
384 478 1.0
384 503 1.0
384 687 1.0
384 689 1.0
384 767 1.0
384 857 1.0
384 887 1.0
384 930 1.0
384 972 1.0
385 312 1.0
385 342 1.0
385 357 1.0
385 360 1.0
385 406 1.0
385 411 1.0
385 438 1.0
385 570 1.0
385 572 1.0
385 685 1.0
385 997 1.0
386 35 1.0
386 75 1.0
386 219 1.0
386 251 1.0
386 306 1.0
386 407 1.0
386 439 1.0
386 449 1.0
386 450 1.0
386 460 1.0
386 492 1.0
386 513 1.0
386 560 1.0
386 620 1.0
386 664 1.0
386 739 1.0
386 742 1.0
386 760 1.0
386 905 1.0
386 936 1.0
386 941 1.0
387 0 1.0
387 49 1.0
387 85 1.0
387 595 1.0
387 901 1.0
387 967 1.0
388 233 1.0
388 335 1.0
388 404 1.0
388 678 1.0
388 725 1.0
389 271 1.0
389 338 1.0
389 368 1.0
389 419 1.0
389 510 1.0
389 587 1.0
389 599 1.0
389 603 1.0
389 637 1.0
389 668 1.0
389 735 1.0
389 748 1.0
389 760 1.0
389 791 1.0
389 805 1.0
389 886 1.0
390 167 1.0
390 245 1.0
390 368 1.0
390 385 1.0
390 488 1.0
390 578 1.0
390 608 1.0
390 644 1.0
390 794 1.0
390 956 1.0
391 8 1.0
391 153 1.0
391 205 1.0
391 246 1.0
391 430 1.0
391 569 1.0
391 645 1.0
391 650 1.0
391 786 1.0
391 838 1.0
391 843 1.0
392 54 1.0
392 59 1.0
392 401 1.0
392 507 1.0
392 518 1.0
392 574 1.0
392 699 1.0
393 47 1.0
393 169 1.0
393 214 1.0
393 388 1.0
393 517 1.0
393 519 1.0
393 550 1.0
393 766 1.0
393 795 1.0
393 814 1.0
394 130 1.0
394 382 1.0
394 387 1.0
394 542 1.0
394 621 1.0
394 751 1.0
394 761 1.0
394 993 1.0
395 22 1.0
395 34 1.0
395 164 1.0
395 254 1.0
395 453 1.0
395 571 1.0
396 43 1.0
396 191 1.0
396 286 1.0
396 356 1.0
396 444 1.0
396 598 1.0
396 824 1.0
396 877 1.0
396 880 1.0
397 203 1.0
397 312 1.0
397 536 1.0
397 610 1.0
397 718 1.0
397 738 1.0
398 83 1.0
398 114 1.0
398 502 1.0
398 513 1.0
398 971 1.0
399 74 1.0
399 150 1.0
399 154 1.0
399 275 1.0
399 704 1.0
399 816 1.0
399 909 1.0
399 921 1.0
400 285 1.0
400 617 1.0
400 690 1.0
401 375 1.0
401 473 1.0
401 492 1.0
401 626 1.0
401 805 1.0
401 844 1.0
401 987 1.0
401 992 1.0
402 38 1.0
402 58 1.0
402 174 1.0
402 267 1.0
402 522 1.0
402 686 1.0
402 779 1.0
403 179 1.0
403 198 1.0
403 218 1.0
403 298 1.0
403 454 1.0
403 581 1.0
403 685 1.0
403 823 1.0
403 985 1.0
404 10 1.0
404 164 1.0
404 425 1.0
404 508 1.0
404 958 1.0
405 300 1.0
405 342 1.0
405 385 1.0
405 529 1.0
405 579 1.0
405 691 1.0
405 792 1.0
406 48 1.0
406 178 1.0
406 208 1.0
406 268 1.0
406 368 1.0
406 635 1.0
406 733 1.0
406 792 1.0
406 798 1.0
407 60 1.0
407 191 1.0
407 354 1.0
407 374 1.0
407 418 1.0
407 721 1.0
407 810 1.0
408 9 1.0
408 11 1.0
408 163 1.0
408 420 1.0
408 751 1.0
408 794 1.0
408 969 1.0
409 70 1.0
409 125 1.0
409 323 1.0
409 542 1.0
409 567 1.0
409 886 1.0
409 909 1.0
410 16 1.0
410 23 1.0
410 526 1.0
410 634 1.0
410 778 1.0
410 800 1.0
410 912 1.0
410 984 1.0
411 327 1.0
411 481 1.0
411 797 1.0
411 812 1.0
411 813 1.0
411 867 1.0
412 150 1.0
412 188 1.0
412 215 1.0
412 340 1.0
412 581 1.0
412 801 1.0
412 866 1.0
412 893 1.0
413 79 1.0
413 345 1.0
413 361 1.0
413 390 1.0
413 414 1.0
413 567 1.0
413 811 1.0
414 8 1.0
414 59 1.0
414 393 1.0
414 457 1.0
414 505 1.0
414 525 1.0
414 699 1.0
415 35 1.0
415 53 1.0
415 156 1.0
415 213 1.0
415 237 1.0
415 282 1.0
415 325 1.0
415 369 1.0
415 489 1.0
415 564 1.0
415 575 1.0
415 702 1.0
415 765 1.0
415 917 1.0
415 919 1.0
416 192 1.0
416 210 1.0
416 341 1.0
416 630 1.0
416 769 1.0
416 977 1.0
417 62 1.0
417 143 1.0
417 274 1.0
417 555 1.0
417 592 1.0
417 726 1.0
418 180 1.0
418 355 1.0
418 373 1.0
418 413 1.0
418 555 1.0
418 625 1.0
418 638 1.0
418 748 1.0
418 751 1.0
419 93 1.0
419 123 1.0
419 200 1.0
419 278 1.0
419 483 1.0
419 506 1.0
419 548 1.0
419 608 1.0
419 887 1.0
420 89 1.0
420 211 1.0
420 213 1.0
420 297 1.0
420 316 1.0
420 699 1.0
420 785 1.0
420 949 1.0
421 266 1.0
421 307 1.0
421 360 1.0
421 424 1.0
421 495 1.0
421 644 1.0
421 660 1.0
422 44 1.0
422 60 1.0
422 626 1.0
422 687 1.0
423 132 1.0
423 402 1.0
423 709 1.0
423 785 1.0
423 952 1.0
424 83 1.0
424 179 1.0
424 266 1.0
424 267 1.0
424 314 1.0
424 349 1.0
424 403 1.0
424 515 1.0
424 551 1.0
424 552 1.0
424 629 1.0
424 846 1.0
424 875 1.0
424 969 1.0
425 6 1.0
425 153 1.0
425 176 1.0
425 338 1.0
425 351 1.0
425 430 1.0
425 447 1.0
425 557 1.0
425 631 1.0
426 74 1.0
426 128 1.0
426 610 1.0
426 759 1.0
426 760 1.0
426 781 1.0
426 789 1.0
426 823 1.0
426 842 1.0
426 872 1.0
426 942 1.0
427 45 1.0
427 383 1.0
427 593 1.0
427 701 1.0
427 716 1.0
427 727 1.0
427 802 1.0
427 805 1.0
427 960 1.0
428 149 1.0
428 189 1.0
428 267 1.0
428 334 1.0
428 480 1.0
428 567 1.0
428 666 1.0
428 742 1.0
428 830 1.0
428 847 1.0
429 44 1.0
429 79 1.0
429 98 1.0
429 351 1.0
429 400 1.0
429 421 1.0
429 486 1.0
430 146 1.0
430 346 1.0
430 431 1.0
430 463 1.0
430 816 1.0
431 77 1.0
431 280 1.0
431 694 1.0
431 811 1.0
432 105 1.0
432 309 1.0
432 394 1.0
432 527 1.0
432 563 1.0
432 691 1.0
432 696 1.0
432 737 1.0
432 915 1.0
433 212 1.0
433 324 1.0
433 356 1.0
433 681 1.0
433 818 1.0
433 926 1.0
434 15 1.0
434 118 1.0
434 178 1.0
434 194 1.0
434 533 1.0
434 571 1.0
434 691 1.0
435 461 1.0
435 550 1.0
435 682 1.0
435 834 1.0
436 80 1.0
436 138 1.0
436 169 1.0
436 366 1.0
436 422 1.0
436 431 1.0
436 581 1.0
436 626 1.0
437 196 1.0
437 431 1.0
437 575 1.0
437 797 1.0
437 940 1.0
437 949 1.0
438 11 1.0
438 402 1.0
438 558 1.0
438 559 1.0
438 737 1.0
438 831 1.0
438 853 1.0
438 869 1.0
438 982 1.0
439 1 1.0
439 95 1.0
439 222 1.0
439 444 1.0
439 539 1.0
439 713 1.0
439 740 1.0
439 784 1.0
439 843 1.0
440 39 1.0
440 152 1.0
440 181 1.0
440 356 1.0
440 518 1.0
440 688 1.0
441 51 1.0
441 55 1.0
441 82 1.0
441 192 1.0
441 328 1.0
441 422 1.0
441 574 1.0
441 795 1.0
441 872 1.0
441 900 1.0
442 308 1.0
442 465 1.0
442 547 1.0
442 609 1.0
442 770 1.0
442 771 1.0
442 833 1.0
443 480 1.0
443 531 1.0
443 532 1.0
443 555 1.0
443 800 1.0
444 32 1.0
444 47 1.0
444 87 1.0
444 460 1.0
444 806 1.0
445 130 1.0
445 238 1.0
445 345 1.0
445 728 1.0
445 773 1.0
445 774 1.0
445 847 1.0
446 58 1.0
446 90 1.0
446 415 1.0
446 667 1.0
446 801 1.0
447 85 1.0
447 94 1.0
447 361 1.0
447 518 1.0
448 47 1.0
448 78 1.0
448 194 1.0
448 211 1.0
448 354 1.0
448 434 1.0
448 447 1.0
448 473 1.0
448 737 1.0
448 789 1.0
448 823 1.0
448 935 1.0
449 62 1.0
449 586 1.0
449 593 1.0
449 629 1.0
449 734 1.0
449 849 1.0
450 57 1.0
450 442 1.0
450 448 1.0
450 685 1.0
450 800 1.0
451 30 1.0
451 42 1.0
451 132 1.0
451 139 1.0
451 175 1.0
451 267 1.0
451 302 1.0
451 438 1.0
451 547 1.0
451 689 1.0
452 165 1.0
452 238 1.0
452 395 1.0
452 652 1.0
452 747 1.0
452 949 1.0
453 3 1.0
453 212 1.0
453 227 1.0
453 267 1.0
453 655 1.0
453 785 1.0
453 943 1.0
454 66 1.0
454 147 1.0
454 195 1.0
454 314 1.0
454 396 1.0
454 434 1.0
454 570 1.0
454 766 1.0
454 782 1.0
454 809 1.0
454 903 1.0
455 6 1.0
455 138 1.0
455 283 1.0
455 330 1.0
455 339 1.0
455 384 1.0
455 695 1.0
455 751 1.0
455 763 1.0
455 854 1.0
455 977 1.0
456 41 1.0
456 94 1.0
456 175 1.0
456 315 1.0
456 721 1.0
456 762 1.0
456 767 1.0
456 879 1.0
457 98 1.0
457 106 1.0
457 138 1.0
457 316 1.0
457 514 1.0
457 749 1.0
458 14 1.0
458 38 1.0
458 101 1.0
458 306 1.0
458 565 1.0
458 581 1.0
458 739 1.0
458 820 1.0
459 60 1.0
459 379 1.0
459 527 1.0
459 656 1.0
459 713 1.0
459 727 1.0
460 262 1.0
460 341 1.0
460 458 1.0
460 517 1.0
460 550 1.0
460 655 1.0
460 723 1.0
460 760 1.0
460 820 1.0
460 911 1.0
461 15 1.0
461 40 1.0
461 67 1.0
461 104 1.0
461 146 1.0
461 238 1.0
461 265 1.0
461 454 1.0
461 522 1.0
461 539 1.0
461 769 1.0
461 790 1.0
462 87 1.0
462 515 1.0
462 556 1.0
462 796 1.0
462 805 1.0
463 42 1.0
463 109 1.0
463 546 1.0
463 843 1.0
464 31 1.0
464 142 1.0
464 188 1.0
464 269 1.0
464 418 1.0
464 504 1.0
464 725 1.0
464 921 1.0
464 936 1.0
465 59 1.0
465 179 1.0
465 460 1.0
465 479 1.0
465 500 1.0
465 548 1.0
465 563 1.0
465 579 1.0
465 783 1.0
465 822 1.0
465 828 1.0
466 211 1.0
466 374 1.0
466 410 1.0
466 470 1.0
466 502 1.0
466 562 1.0
466 690 1.0
466 906 1.0
467 118 1.0
467 162 1.0
467 277 1.0
467 425 1.0
467 705 1.0
467 877 1.0
468 142 1.0
468 183 1.0
468 287 1.0
468 737 1.0
468 788 1.0
468 825 1.0
468 920 1.0
468 935 1.0
469 47 1.0
469 57 1.0
469 254 1.0
469 368 1.0
469 506 1.0
469 584 1.0
469 619 1.0
469 685 1.0
469 966 1.0
470 152 1.0
470 156 1.0
470 412 1.0
470 488 1.0
470 542 1.0
470 557 1.0
471 32 1.0
471 185 1.0
471 243 1.0
471 468 1.0
471 495 1.0
471 625 1.0
471 724 1.0
471 898 1.0
472 68 1.0
472 116 1.0
472 129 1.0
472 576 1.0
472 923 1.0
473 32 1.0
473 169 1.0
473 197 1.0
473 273 1.0
473 510 1.0
473 544 1.0
473 607 1.0
473 721 1.0
473 726 1.0
473 876 1.0
474 60 1.0
474 116 1.0
474 174 1.0
474 345 1.0
474 702 1.0
474 723 1.0
474 841 1.0
475 1 1.0
475 529 1.0
475 595 1.0
475 696 1.0
475 821 1.0
475 887 1.0
475 969 1.0
476 122 1.0
476 299 1.0
476 331 1.0
476 406 1.0
476 817 1.0
476 838 1.0
477 77 1.0
477 216 1.0
477 298 1.0
477 305 1.0
477 378 1.0
477 410 1.0
477 527 1.0
477 854 1.0
477 896 1.0
478 88 1.0
478 297 1.0
478 372 1.0
478 476 1.0
478 565 1.0
478 626 1.0
478 678 1.0
478 862 1.0
478 931 1.0
479 69 1.0
479 290 1.0
479 470 1.0
479 806 1.0
479 828 1.0
479 907 1.0
479 913 1.0
480 97 1.0
480 336 1.0
480 534 1.0
480 746 1.0
480 778 1.0
480 934 1.0
481 261 1.0
481 385 1.0
481 544 1.0
481 783 1.0
482 101 1.0
482 141 1.0
482 372 1.0
482 617 1.0
482 902 1.0
483 154 1.0
483 287 1.0
483 360 1.0
483 498 1.0
483 573 1.0
484 44 1.0
484 60 1.0
484 73 1.0
484 156 1.0
484 190 1.0
484 314 1.0
484 661 1.0
484 786 1.0
484 808 1.0
484 946 1.0
484 952 1.0
484 971 1.0
485 30 1.0
485 64 1.0
485 211 1.0
485 530 1.0
485 559 1.0
485 726 1.0
485 746 1.0
485 818 1.0
485 918 1.0
485 934 1.0
486 1 1.0
486 226 1.0
486 340 1.0
486 342 1.0
486 440 1.0
486 594 1.0
486 601 1.0
486 721 1.0
486 849 1.0
486 938 1.0
487 216 1.0
487 285 1.0
487 485 1.0
487 701 1.0
487 955 1.0
487 958 1.0
488 164 1.0
488 249 1.0
488 265 1.0
488 406 1.0
488 482 1.0
488 683 1.0
488 892 1.0
489 197 1.0
489 300 1.0
489 440 1.0
489 574 1.0
489 679 1.0
489 745 1.0
489 817 1.0
489 874 1.0
489 896 1.0
490 3 1.0
490 342 1.0
490 358 1.0
490 465 1.0
490 518 1.0
490 615 1.0
490 649 1.0
490 844 1.0
490 937 1.0
491 203 1.0
491 261 1.0
491 449 1.0
491 472 1.0
491 547 1.0
491 559 1.0
491 661 1.0
492 25 1.0
492 31 1.0
492 83 1.0
492 84 1.0
492 127 1.0
492 272 1.0
492 290 1.0
492 498 1.0
492 543 1.0
492 659 1.0
492 988 1.0
493 46 1.0
493 85 1.0
493 139 1.0
493 140 1.0
493 143 1.0
493 513 1.0
493 648 1.0
493 649 1.0
493 760 1.0
493 876 1.0
494 43 1.0
494 61 1.0
494 63 1.0
494 294 1.0
494 437 1.0
494 714 1.0
494 980 1.0
495 8 1.0
495 54 1.0
495 150 1.0
495 504 1.0
495 602 1.0
495 756 1.0
495 776 1.0
495 864 1.0
496 8 1.0
496 146 1.0
496 202 1.0
496 387 1.0
496 575 1.0
496 623 1.0
496 848 1.0
496 867 1.0
497 412 1.0
497 469 1.0
497 482 1.0
497 883 1.0
497 904 1.0
497 944 1.0
498 162 1.0
498 280 1.0
498 318 1.0
498 408 1.0
498 928 1.0
498 985 1.0
499 131 1.0
499 195 1.0
499 496 1.0
499 544 1.0
499 560 1.0
499 719 1.0
500 136 1.0
500 247 1.0
500 465 1.0
500 503 1.0
500 518 1.0
500 545 1.0
500 708 1.0
500 892 1.0
501 6 1.0
501 63 1.0
501 100 1.0
501 112 1.0
501 184 1.0
501 477 1.0
501 747 1.0
501 949 1.0
502 5 1.0
502 81 1.0
502 138 1.0
502 233 1.0
502 242 1.0
502 258 1.0
502 340 1.0
502 367 1.0
502 421 1.0
502 518 1.0
502 568 1.0
502 707 1.0
503 231 1.0
503 294 1.0
503 325 1.0
503 395 1.0
503 480 1.0
503 614 1.0
503 678 1.0
503 770 1.0
504 319 1.0
504 515 1.0
504 582 1.0
504 587 1.0
504 603 1.0
504 634 1.0
504 635 1.0
504 692 1.0
504 847 1.0
504 941 1.0
505 149 1.0
505 171 1.0
505 242 1.0
505 252 1.0
505 480 1.0
505 702 1.0
505 816 1.0
505 825 1.0
505 881 1.0
505 949 1.0
506 3 1.0
506 148 1.0
506 168 1.0
506 230 1.0
506 325 1.0
506 432 1.0
506 774 1.0
507 64 1.0
507 164 1.0
507 186 1.0
507 242 1.0
507 801 1.0
507 827 1.0
507 910 1.0
508 131 1.0
508 167 1.0
508 171 1.0
508 270 1.0
508 312 1.0
508 632 1.0
508 821 1.0
508 872 1.0
508 928 1.0
509 272 1.0
509 450 1.0
509 456 1.0
509 498 1.0
509 585 1.0
509 881 1.0
510 300 1.0
510 388 1.0
510 408 1.0
510 412 1.0
510 444 1.0
510 627 1.0
510 677 1.0
510 699 1.0
510 765 1.0
510 911 1.0
510 942 1.0
511 32 1.0
511 77 1.0
511 148 1.0
511 360 1.0
511 454 1.0
511 483 1.0
511 521 1.0
511 531 1.0
511 559 1.0
511 615 1.0
511 764 1.0
511 824 1.0
511 840 1.0
511 862 1.0
511 926 1.0
512 91 1.0
512 117 1.0
512 139 1.0
512 149 1.0
512 457 1.0
512 486 1.0
512 832 1.0
512 866 1.0
512 914 1.0
512 921 1.0
512 938 1.0
513 50 1.0
513 122 1.0
513 230 1.0
513 601 1.0
513 687 1.0
513 809 1.0
514 195 1.0
514 366 1.0
514 519 1.0
514 782 1.0
515 53 1.0
515 202 1.0
515 285 1.0
515 290 1.0
515 687 1.0
515 697 1.0
515 821 1.0
515 842 1.0
515 898 1.0
515 905 1.0
515 972 1.0
516 158 1.0
516 226 1.0
516 344 1.0
516 386 1.0
516 431 1.0
516 461 1.0
516 528 1.0
516 836 1.0
516 890 1.0
516 905 1.0
517 99 1.0
517 140 1.0
517 161 1.0
517 196 1.0
517 262 1.0
517 373 1.0
517 564 1.0
517 573 1.0
517 736 1.0
518 35 1.0
518 145 1.0
518 199 1.0
518 230 1.0
518 287 1.0
518 326 1.0
518 784 1.0
518 788 1.0
518 947 1.0
518 990 1.0
519 20 1.0
519 91 1.0
519 234 1.0
519 281 1.0
519 316 1.0
519 529 1.0
519 568 1.0
519 601 1.0
519 903 1.0
519 979 1.0
520 48 1.0
520 105 1.0
520 446 1.0
520 542 1.0
520 547 1.0
520 592 1.0
520 639 1.0
520 711 1.0
520 797 1.0
520 831 1.0
520 948 1.0
520 984 1.0
521 13 1.0
521 221 1.0
521 282 1.0
521 318 1.0
521 395 1.0
521 403 1.0
521 450 1.0
521 917 1.0
521 932 1.0
521 996 1.0
522 107 1.0
522 373 1.0
522 375 1.0
522 746 1.0
523 302 1.0
523 310 1.0
523 398 1.0
523 567 1.0
523 999 1.0
524 33 1.0
524 188 1.0
524 394 1.0
524 453 1.0
524 463 1.0
524 484 1.0
524 517 1.0
524 572 1.0
524 791 1.0
524 813 1.0
524 829 1.0
524 921 1.0
525 40 1.0
525 159 1.0
525 165 1.0
525 433 1.0
525 459 1.0
525 567 1.0
525 636 1.0
525 971 1.0
526 53 1.0
526 190 1.0
526 389 1.0
526 609 1.0
526 919 1.0
527 12 1.0
527 88 1.0
527 182 1.0
527 244 1.0
527 299 1.0
527 384 1.0
527 894 1.0
527 951 1.0
528 345 1.0
528 402 1.0
528 752 1.0
528 762 1.0
529 3 1.0
529 144 1.0
529 299 1.0
529 316 1.0
529 547 1.0
529 682 1.0
529 703 1.0
529 734 1.0
529 871 1.0
529 953 1.0
529 982 1.0
530 22 1.0
530 476 1.0
530 603 1.0
530 728 1.0
530 845 1.0
530 877 1.0
530 999 1.0
531 28 1.0
531 57 1.0
531 116 1.0
531 247 1.0
531 468 1.0
531 582 1.0
531 584 1.0
531 608 1.0
531 780 1.0
531 851 1.0
531 944 1.0
531 956 1.0
532 102 1.0
532 140 1.0
532 207 1.0
532 353 1.0
532 464 1.0
532 491 1.0
532 541 1.0
532 588 1.0
532 611 1.0
532 845 1.0
532 953 1.0
533 216 1.0
533 221 1.0
533 425 1.0
533 499 1.0
533 508 1.0
533 610 1.0
533 665 1.0
533 885 1.0
534 22 1.0
534 106 1.0
534 117 1.0
534 305 1.0
534 402 1.0
534 465 1.0
534 476 1.0
534 615 1.0
534 625 1.0
534 695 1.0
534 923 1.0
535 107 1.0
535 252 1.0
535 407 1.0
535 480 1.0
535 536 1.0
535 847 1.0
535 879 1.0
535 886 1.0
536 46 1.0
536 145 1.0
536 295 1.0
536 353 1.0
536 522 1.0
536 558 1.0
536 676 1.0
536 912 1.0
536 918 1.0
537 103 1.0
537 150 1.0
537 236 1.0
537 368 1.0
537 392 1.0
537 404 1.0
537 494 1.0
537 563 1.0
537 659 1.0
537 690 1.0
537 763 1.0
538 110 1.0
538 270 1.0
538 363 1.0
538 365 1.0
538 460 1.0
538 608 1.0
538 696 1.0
538 936 1.0
538 944 1.0
539 57 1.0
539 123 1.0
539 357 1.0
539 696 1.0
539 842 1.0
539 853 1.0
539 871 1.0
539 961 1.0
540 58 1.0
540 317 1.0
540 345 1.0
540 374 1.0
540 450 1.0
540 456 1.0
540 498 1.0
540 546 1.0
540 579 1.0
541 190 1.0
541 307 1.0
541 416 1.0
541 436 1.0
541 504 1.0
541 695 1.0
541 915 1.0
541 983 1.0
542 65 1.0
542 275 1.0
542 330 1.0
542 431 1.0
542 754 1.0
542 926 1.0
543 47 1.0
543 77 1.0
543 130 1.0
543 151 1.0
543 173 1.0
543 184 1.0
543 237 1.0
543 646 1.0
543 763 1.0
543 825 1.0
543 857 1.0
543 920 1.0
543 988 1.0
543 990 1.0
544 220 1.0
544 245 1.0
544 248 1.0
544 551 1.0
545 138 1.0
545 422 1.0
545 449 1.0
545 592 1.0
545 619 1.0
545 752 1.0
545 771 1.0
546 174 1.0
546 222 1.0
546 224 1.0
546 452 1.0
546 715 1.0
546 737 1.0
546 884 1.0
547 70 1.0
547 259 1.0
547 456 1.0
547 638 1.0
547 677 1.0
548 268 1.0
548 322 1.0
548 413 1.0
548 440 1.0
548 503 1.0
548 830 1.0
548 895 1.0
549 8 1.0
549 41 1.0
549 536 1.0
549 614 1.0
549 632 1.0
549 842 1.0
550 113 1.0
550 237 1.0
550 248 1.0
550 299 1.0
550 492 1.0
550 544 1.0
550 636 1.0
550 755 1.0
550 814 1.0
550 887 1.0
551 64 1.0
551 310 1.0
551 352 1.0
551 450 1.0
551 456 1.0
551 747 1.0
551 809 1.0
551 981 1.0
552 171 1.0
552 265 1.0
552 324 1.0
552 663 1.0
552 894 1.0
553 45 1.0
553 127 1.0
553 241 1.0
553 253 1.0
553 416 1.0
553 467 1.0
553 752 1.0
553 914 1.0
554 110 1.0
554 432 1.0
554 473 1.0
554 548 1.0
554 586 1.0
554 615 1.0
554 634 1.0
554 665 1.0
554 815 1.0
554 977 1.0
555 94 1.0
555 98 1.0
555 153 1.0
555 158 1.0
555 295 1.0
555 342 1.0
555 530 1.0
555 776 1.0
555 786 1.0
556 44 1.0
556 255 1.0
556 498 1.0
556 523 1.0
556 659 1.0
556 745 1.0
556 858 1.0
556 874 1.0
557 170 1.0
557 264 1.0
557 413 1.0
558 82 1.0
558 310 1.0
558 412 1.0
558 739 1.0
558 750 1.0
558 854 1.0
558 897 1.0
558 918 1.0
558 980 1.0
559 68 1.0
559 99 1.0
559 392 1.0
559 453 1.0
559 530 1.0
559 567 1.0
559 751 1.0
560 399 1.0
560 906 1.0
560 950 1.0
561 238 1.0
561 442 1.0
561 667 1.0
561 736 1.0
561 762 1.0
561 908 1.0
562 28 1.0
562 151 1.0
562 227 1.0
562 407 1.0
562 519 1.0
562 773 1.0
562 832 1.0
562 918 1.0
562 923 1.0
562 985 1.0
563 73 1.0
563 197 1.0
563 257 1.0
563 435 1.0
563 600 1.0
563 852 1.0
563 882 1.0
563 897 1.0
564 47 1.0
564 109 1.0
564 388 1.0
564 636 1.0
564 938 1.0
564 960 1.0
564 966 1.0
565 71 1.0
565 594 1.0
565 746 1.0
565 840 1.0
565 862 1.0
565 922 1.0
565 965 1.0
566 63 1.0
566 92 1.0
566 110 1.0
566 119 1.0
566 165 1.0
566 210 1.0
566 294 1.0
566 466 1.0
567 114 1.0
567 292 1.0
567 430 1.0
567 595 1.0
567 699 1.0
567 908 1.0
568 38 1.0
568 41 1.0
568 88 1.0
568 593 1.0
568 623 1.0
568 805 1.0
568 958 1.0
569 137 1.0
569 250 1.0
569 388 1.0
569 404 1.0
569 469 1.0
569 471 1.0
569 487 1.0
569 553 1.0
569 659 1.0
569 819 1.0
570 41 1.0
570 105 1.0
570 498 1.0
570 542 1.0
570 640 1.0
570 761 1.0
571 62 1.0
571 93 1.0
571 205 1.0
571 230 1.0
571 256 1.0
571 275 1.0
571 303 1.0
571 575 1.0
571 598 1.0
571 747 1.0
571 763 1.0
571 867 1.0
572 75 1.0
572 247 1.0
572 578 1.0
572 782 1.0
572 784 1.0
572 841 1.0
572 905 1.0
572 945 1.0
573 88 1.0
573 95 1.0
573 450 1.0
573 525 1.0
573 698 1.0
573 710 1.0
573 782 1.0
574 75 1.0
574 85 1.0
574 257 1.0
574 258 1.0
574 329 1.0
574 538 1.0
574 605 1.0
574 692 1.0
574 743 1.0
574 856 1.0
574 859 1.0
574 873 1.0
574 891 1.0
574 921 1.0
575 29 1.0
575 34 1.0
575 148 1.0
575 261 1.0
575 401 1.0
575 600 1.0
575 715 1.0
575 911 1.0
576 25 1.0
576 225 1.0
576 274 1.0
576 467 1.0
576 684 1.0
576 826 1.0
577 153 1.0
577 157 1.0
577 191 1.0
577 312 1.0
577 407 1.0
577 584 1.0
577 630 1.0
578 201 1.0
578 349 1.0
578 600 1.0
578 805 1.0
578 815 1.0
578 828 1.0
578 877 1.0
579 45 1.0
579 51 1.0
579 238 1.0
579 271 1.0
579 351 1.0
579 372 1.0
579 490 1.0
579 748 1.0
579 760 1.0
579 928 1.0
580 89 1.0
580 232 1.0
580 386 1.0
580 453 1.0
580 454 1.0
580 789 1.0
580 799 1.0
581 1 1.0
581 145 1.0
581 233 1.0
581 560 1.0
581 648 1.0
581 650 1.0
581 685 1.0
581 792 1.0
581 793 1.0
581 930 1.0
582 77 1.0
582 288 1.0
582 292 1.0
582 366 1.0
582 376 1.0
582 409 1.0
582 453 1.0
582 462 1.0
582 647 1.0
582 656 1.0
582 665 1.0
582 885 1.0
583 36 1.0
583 61 1.0
583 276 1.0
583 294 1.0
583 387 1.0
583 424 1.0
583 595 1.0
583 617 1.0
583 664 1.0
583 665 1.0
583 732 1.0
583 752 1.0
583 758 1.0
583 890 1.0
584 31 1.0
584 37 1.0
584 82 1.0
584 602 1.0
584 888 1.0
584 913 1.0
584 919 1.0
585 36 1.0
585 209 1.0
585 242 1.0
585 254 1.0
585 279 1.0
585 366 1.0
585 595 1.0
585 678 1.0
585 754 1.0
585 776 1.0
586 71 1.0
586 83 1.0
586 150 1.0
586 203 1.0
586 544 1.0
586 650 1.0
586 737 1.0
586 795 1.0
586 917 1.0
587 70 1.0
587 378 1.0
587 463 1.0
587 627 1.0
587 829 1.0
587 844 1.0
588 140 1.0
588 284 1.0
588 324 1.0
588 376 1.0
588 479 1.0
588 488 1.0
588 715 1.0
588 799 1.0
589 77 1.0
589 171 1.0
589 212 1.0
589 232 1.0
589 281 1.0
589 322 1.0
589 549 1.0
589 577 1.0
589 590 1.0
589 626 1.0
589 644 1.0
589 734 1.0
589 770 1.0
589 806 1.0
589 992 1.0
590 0 1.0
590 56 1.0
590 207 1.0
590 246 1.0
590 432 1.0
590 639 1.0
590 733 1.0
590 842 1.0
590 921 1.0
590 954 1.0
590 976 1.0
591 257 1.0
591 342 1.0
591 431 1.0
591 528 1.0
591 649 1.0
591 752 1.0
591 789 1.0
591 877 1.0
591 937 1.0
592 126 1.0
592 204 1.0
592 417 1.0
592 702 1.0
592 794 1.0
592 857 1.0
592 904 1.0
592 958 1.0
593 82 1.0
593 142 1.0
593 211 1.0
593 246 1.0
593 364 1.0
593 653 1.0
593 719 1.0
593 768 1.0
594 219 1.0
594 430 1.0
594 740 1.0
594 815 1.0
594 994 1.0
595 179 1.0
595 471 1.0
595 510 1.0
595 752 1.0
595 797 1.0
596 72 1.0
596 266 1.0
596 568 1.0
596 630 1.0
596 635 1.0
596 749 1.0
596 764 1.0
596 767 1.0
596 904 1.0
597 68 1.0
597 576 1.0
597 884 1.0
597 945 1.0
598 70 1.0
598 156 1.0
598 384 1.0
598 403 1.0
598 794 1.0
598 870 1.0
599 3 1.0
599 6 1.0
599 49 1.0
599 248 1.0
599 328 1.0
599 588 1.0
599 592 1.0
599 686 1.0
599 748 1.0
599 825 1.0
599 935 1.0
600 67 1.0
600 140 1.0
600 250 1.0
600 373 1.0
600 460 1.0
600 641 1.0
600 651 1.0
601 148 1.0
601 197 1.0
601 354 1.0
601 491 1.0
601 642 1.0
601 771 1.0
601 946 1.0
602 26 1.0
602 151 1.0
602 160 1.0
602 262 1.0
602 377 1.0
602 390 1.0
602 909 1.0
603 205 1.0
603 215 1.0
603 245 1.0
603 384 1.0
603 440 1.0
603 498 1.0
603 577 1.0
603 746 1.0
603 747 1.0
603 922 1.0
604 19 1.0
604 49 1.0
604 65 1.0
604 959 1.0
605 105 1.0
605 202 1.0
605 288 1.0
605 453 1.0
605 528 1.0
605 672 1.0
605 676 1.0
605 765 1.0
605 843 1.0
605 859 1.0
605 900 1.0
606 204 1.0
606 482 1.0
606 594 1.0
606 701 1.0
606 722 1.0
606 795 1.0
606 819 1.0
606 869 1.0
606 933 1.0
607 49 1.0
607 274 1.0
607 307 1.0
607 320 1.0
607 406 1.0
607 724 1.0
607 802 1.0
608 61 1.0
608 245 1.0
608 526 1.0
608 962 1.0
609 80 1.0
609 108 1.0
609 257 1.0
609 269 1.0
609 328 1.0
609 506 1.0
609 658 1.0
610 318 1.0
610 372 1.0
610 399 1.0
610 445 1.0
610 886 1.0
610 947 1.0
611 51 1.0
611 213 1.0
611 408 1.0
611 414 1.0
611 470 1.0
611 732 1.0
611 745 1.0
611 804 1.0
611 940 1.0
612 181 1.0
612 252 1.0
612 361 1.0
612 367 1.0
612 456 1.0
612 536 1.0
612 761 1.0
612 854 1.0
612 971 1.0
613 39 1.0
613 177 1.0
613 202 1.0
613 246 1.0
613 326 1.0
613 344 1.0
613 565 1.0
613 734 1.0
614 53 1.0
614 160 1.0
614 166 1.0
614 245 1.0
614 344 1.0
614 410 1.0
614 489 1.0
614 596 1.0
614 666 1.0
614 703 1.0
614 837 1.0
615 259 1.0
615 422 1.0
615 432 1.0
615 602 1.0
615 664 1.0
615 715 1.0
615 937 1.0
615 974 1.0
616 42 1.0
616 103 1.0
616 201 1.0
616 266 1.0
616 315 1.0
616 582 1.0
616 954 1.0
617 196 1.0
617 918 1.0
618 113 1.0
618 323 1.0
618 533 1.0
618 557 1.0
618 760 1.0
618 826 1.0
619 117 1.0
619 153 1.0
619 294 1.0
619 517 1.0
619 549 1.0
619 555 1.0
619 663 1.0
619 719 1.0
619 858 1.0
620 76 1.0
620 334 1.0
620 402 1.0
620 408 1.0
620 551 1.0
620 774 1.0
620 801 1.0
620 835 1.0
620 949 1.0
621 497 1.0
621 720 1.0
621 820 1.0
621 907 1.0
622 28 1.0
622 115 1.0
622 289 1.0
622 655 1.0
622 701 1.0
622 851 1.0
622 911 1.0
622 927 1.0
623 157 1.0
623 180 1.0
624 87 1.0
624 94 1.0
624 281 1.0
624 342 1.0
624 541 1.0
624 549 1.0
624 816 1.0
624 842 1.0
625 10 1.0
625 135 1.0
625 204 1.0
625 371 1.0
625 383 1.0
625 451 1.0
625 507 1.0
625 522 1.0
625 617 1.0
625 851 1.0
626 90 1.0
626 211 1.0
626 532 1.0
627 45 1.0
627 160 1.0
627 226 1.0
627 262 1.0
627 442 1.0
627 668 1.0
627 685 1.0
627 741 1.0
627 815 1.0
627 838 1.0
627 875 1.0
628 62 1.0
628 124 1.0
628 673 1.0
628 816 1.0
628 839 1.0
628 977 1.0
629 36 1.0
629 42 1.0
629 152 1.0
629 167 1.0
629 234 1.0
629 304 1.0
629 522 1.0
629 539 1.0
629 554 1.0
629 592 1.0
629 626 1.0
630 5 1.0
630 91 1.0
630 204 1.0
630 269 1.0
630 317 1.0
631 231 1.0
631 232 1.0
631 342 1.0
631 377 1.0
631 426 1.0
631 563 1.0
631 581 1.0
631 592 1.0
631 729 1.0
631 730 1.0
631 732 1.0
631 783 1.0
631 805 1.0
631 956 1.0
631 964 1.0
632 55 1.0
632 131 1.0
632 253 1.0
632 280 1.0
632 384 1.0
632 525 1.0
632 529 1.0
632 533 1.0
632 608 1.0
632 810 1.0
633 40 1.0
633 52 1.0
633 105 1.0
633 116 1.0
633 328 1.0
633 429 1.0
633 598 1.0
633 719 1.0
633 727 1.0
633 747 1.0
634 14 1.0
634 182 1.0
634 247 1.0
634 712 1.0
634 736 1.0
634 872 1.0
635 25 1.0
635 37 1.0
635 144 1.0
635 162 1.0
635 357 1.0
635 445 1.0
635 454 1.0
635 577 1.0
635 604 1.0
635 606 1.0
635 884 1.0
635 889 1.0
636 61 1.0
636 122 1.0
636 200 1.0
636 259 1.0
636 268 1.0
636 424 1.0
636 544 1.0
636 630 1.0
636 895 1.0
637 72 1.0
637 133 1.0
637 283 1.0
637 309 1.0
637 521 1.0
637 873 1.0
637 901 1.0
638 27 1.0
638 159 1.0
638 195 1.0
638 200 1.0
638 303 1.0
638 364 1.0
638 366 1.0
638 756 1.0
638 758 1.0
639 297 1.0
639 387 1.0
639 400 1.0
639 483 1.0
639 809 1.0
639 913 1.0
640 6 1.0
640 284 1.0
640 338 1.0
640 906 1.0
640 999 1.0
641 2 1.0
641 75 1.0
641 763 1.0
641 866 1.0
641 894 1.0
642 305 1.0
642 385 1.0
642 427 1.0
642 474 1.0
642 527 1.0
642 786 1.0
642 817 1.0
643 65 1.0
643 224 1.0
643 293 1.0
643 304 1.0
643 331 1.0
643 450 1.0
643 461 1.0
643 472 1.0
643 529 1.0
643 542 1.0
643 922 1.0
644 2 1.0
644 125 1.0
644 376 1.0
644 425 1.0
644 593 1.0
644 860 1.0
645 256 1.0
645 261 1.0
645 412 1.0
645 474 1.0
645 736 1.0
645 785 1.0
645 843 1.0
645 895 1.0
646 126 1.0
646 139 1.0
646 565 1.0
646 667 1.0
646 682 1.0
646 730 1.0
646 918 1.0
647 17 1.0
647 21 1.0
647 68 1.0
647 98 1.0
647 120 1.0
647 269 1.0
647 606 1.0
647 635 1.0
647 751 1.0
647 763 1.0
647 845 1.0
647 866 1.0
647 872 1.0
647 907 1.0
647 931 1.0
647 946 1.0
648 29 1.0
648 344 1.0
648 569 1.0
648 880 1.0
648 914 1.0
648 949 1.0
649 207 1.0
649 468 1.0
649 694 1.0
649 854 1.0
650 2 1.0
650 271 1.0
650 279 1.0
650 537 1.0
650 615 1.0
650 673 1.0
650 861 1.0
651 292 1.0
651 433 1.0
651 608 1.0
651 657 1.0
651 679 1.0
651 818 1.0
652 44 1.0
652 68 1.0
652 285 1.0
652 403 1.0
652 420 1.0
652 441 1.0
652 660 1.0
652 765 1.0
652 968 1.0
653 47 1.0
653 163 1.0
653 276 1.0
653 281 1.0
653 325 1.0
653 518 1.0
653 693 1.0
653 744 1.0
653 770 1.0
654 22 1.0
654 73 1.0
654 115 1.0
654 504 1.0
654 509 1.0
654 517 1.0
654 545 1.0
654 557 1.0
654 690 1.0
654 864 1.0
655 30 1.0
655 53 1.0
655 122 1.0
655 301 1.0
655 393 1.0
655 840 1.0
655 861 1.0
656 16 1.0
656 19 1.0
656 144 1.0
656 269 1.0
656 328 1.0
656 617 1.0
656 907 1.0
656 912 1.0
657 0 1.0
657 81 1.0
657 125 1.0
657 229 1.0
657 254 1.0
657 257 1.0
657 341 1.0
657 438 1.0
657 499 1.0
657 808 1.0
657 836 1.0
657 883 1.0
658 42 1.0
658 189 1.0
658 235 1.0
658 237 1.0
658 400 1.0
658 610 1.0
658 672 1.0
658 815 1.0
658 858 1.0
658 920 1.0
659 71 1.0
659 281 1.0
659 874 1.0
659 959 1.0
660 233 1.0
660 349 1.0
660 405 1.0
660 450 1.0
660 493 1.0
660 605 1.0
660 706 1.0
660 921 1.0
661 94 1.0
661 323 1.0
661 670 1.0
661 745 1.0
661 770 1.0
662 44 1.0
662 116 1.0
662 148 1.0
662 209 1.0
662 535 1.0
662 600 1.0
662 603 1.0
662 685 1.0
662 844 1.0
662 899 1.0
663 8 1.0
663 190 1.0
663 204 1.0
663 268 1.0
663 289 1.0
663 448 1.0
663 480 1.0
663 572 1.0
663 627 1.0
663 814 1.0
664 4 1.0
664 42 1.0
664 221 1.0
664 772 1.0
664 940 1.0
665 120 1.0
665 302 1.0
665 317 1.0
665 473 1.0
665 581 1.0
665 649 1.0
665 685 1.0
665 713 1.0
665 761 1.0
665 787 1.0
665 937 1.0
666 277 1.0
666 794 1.0
666 812 1.0
666 994 1.0
667 29 1.0
667 198 1.0
667 480 1.0
667 587 1.0
667 684 1.0
668 2 1.0
668 539 1.0
668 571 1.0
668 607 1.0
668 666 1.0
668 684 1.0
668 787 1.0
669 97 1.0
669 238 1.0
669 254 1.0
669 319 1.0
669 347 1.0
669 503 1.0
669 535 1.0
669 947 1.0
670 118 1.0
670 203 1.0
670 253 1.0
670 417 1.0
670 485 1.0
670 509 1.0
670 566 1.0
670 599 1.0
671 320 1.0
671 549 1.0
671 551 1.0
671 600 1.0
671 755 1.0
671 771 1.0
672 119 1.0
672 138 1.0
672 443 1.0
672 606 1.0
672 699 1.0
672 830 1.0
672 875 1.0
673 161 1.0
673 206 1.0
673 267 1.0
673 322 1.0
673 380 1.0
673 465 1.0
673 532 1.0
673 620 1.0
673 686 1.0
673 749 1.0
673 959 1.0
673 998 1.0
674 27 1.0
674 391 1.0
674 492 1.0
674 698 1.0
674 709 1.0
674 747 1.0
674 764 1.0
674 915 1.0
675 124 1.0
675 141 1.0
675 203 1.0
675 278 1.0
675 307 1.0
675 455 1.0
675 773 1.0
675 784 1.0
675 827 1.0
675 844 1.0
675 935 1.0
676 98 1.0
676 708 1.0
676 800 1.0
676 816 1.0
676 923 1.0
677 85 1.0
677 389 1.0
677 470 1.0
677 493 1.0
677 524 1.0
677 543 1.0
677 559 1.0
677 572 1.0
677 928 1.0
678 33 1.0
678 141 1.0
678 190 1.0
678 537 1.0
678 551 1.0
678 600 1.0
678 788 1.0
678 815 1.0
678 845 1.0
679 101 1.0
679 483 1.0
679 505 1.0
679 596 1.0
679 741 1.0
680 129 1.0
680 183 1.0
680 389 1.0
680 404 1.0
680 577 1.0
680 580 1.0
680 657 1.0
680 774 1.0
680 802 1.0
680 899 1.0
681 113 1.0
681 401 1.0
681 406 1.0
681 451 1.0
681 488 1.0
681 519 1.0
681 711 1.0
681 849 1.0
681 918 1.0
681 928 1.0
682 102 1.0
682 191 1.0
682 316 1.0
682 504 1.0
682 607 1.0
682 634 1.0
682 703 1.0
682 713 1.0
682 860 1.0
682 895 1.0
683 542 1.0
683 680 1.0
683 949 1.0
684 239 1.0
684 304 1.0
684 409 1.0
684 470 1.0
684 562 1.0
684 641 1.0
684 774 1.0
684 807 1.0
684 930 1.0
685 142 1.0
685 296 1.0
685 298 1.0
685 561 1.0
685 575 1.0
685 665 1.0
685 670 1.0
685 921 1.0
686 179 1.0
686 469 1.0
686 918 1.0
686 942 1.0
687 105 1.0
687 264 1.0
687 357 1.0
687 370 1.0
687 499 1.0
687 534 1.0
687 616 1.0
687 642 1.0
687 663 1.0
687 752 1.0
688 149 1.0
688 307 1.0
688 315 1.0
688 365 1.0
688 382 1.0
688 684 1.0
688 979 1.0
689 56 1.0
689 358 1.0
689 578 1.0
689 700 1.0
689 704 1.0
689 895 1.0
689 937 1.0
690 10 1.0
690 437 1.0
690 540 1.0
690 556 1.0
690 561 1.0
690 582 1.0
690 727 1.0
690 746 1.0
690 823 1.0
690 964 1.0
691 118 1.0
691 154 1.0
691 160 1.0
691 199 1.0
691 311 1.0
691 416 1.0
691 425 1.0
691 830 1.0
692 53 1.0
692 111 1.0
692 219 1.0
692 243 1.0
692 346 1.0
692 347 1.0
692 538 1.0
692 598 1.0
692 659 1.0
692 854 1.0
692 870 1.0
692 888 1.0
692 925 1.0
693 132 1.0
693 186 1.0
693 369 1.0
693 487 1.0
693 640 1.0
693 719 1.0
693 787 1.0
693 897 1.0
694 66 1.0
694 143 1.0
694 156 1.0
694 162 1.0
694 178 1.0
694 452 1.0
694 614 1.0
694 815 1.0
694 857 1.0
695 9 1.0
695 144 1.0
695 582 1.0
695 594 1.0
695 794 1.0
696 96 1.0
696 427 1.0
696 565 1.0
696 586 1.0
696 631 1.0
696 767 1.0
696 839 1.0
696 891 1.0
696 907 1.0
697 186 1.0
697 473 1.0
697 675 1.0
697 727 1.0
697 732 1.0
697 735 1.0
697 781 1.0
697 985 1.0
698 60 1.0
698 129 1.0
698 224 1.0
698 239 1.0
698 346 1.0
698 357 1.0
698 412 1.0
698 471 1.0
698 554 1.0
698 562 1.0
698 634 1.0
698 714 1.0
699 406 1.0
699 575 1.0
699 632 1.0
699 857 1.0
699 861 1.0
700 45 1.0
700 90 1.0
700 307 1.0
700 375 1.0
700 485 1.0
700 663 1.0
700 732 1.0
700 782 1.0
700 837 1.0
701 101 1.0
701 261 1.0
701 366 1.0
701 566 1.0
701 602 1.0
701 631 1.0
701 668 1.0
701 684 1.0
701 694 1.0
701 775 1.0
701 780 1.0
702 3 1.0
702 34 1.0
702 56 1.0
702 112 1.0
702 207 1.0
702 343 1.0
702 864 1.0
702 879 1.0
702 909 1.0
702 914 1.0
702 930 1.0
703 111 1.0
703 211 1.0
703 455 1.0
703 743 1.0
703 777 1.0
703 825 1.0
703 871 1.0
704 166 1.0
704 180 1.0
704 244 1.0
704 285 1.0
704 313 1.0
704 325 1.0
704 622 1.0
704 647 1.0
704 738 1.0
704 801 1.0
704 867 1.0
704 955 1.0
705 30 1.0
705 227 1.0
705 321 1.0
705 334 1.0
705 720 1.0
705 724 1.0
705 725 1.0
705 879 1.0
706 454 1.0
706 721 1.0
706 812 1.0
706 866 1.0
706 958 1.0
707 76 1.0
707 126 1.0
707 170 1.0
707 263 1.0
707 287 1.0
707 323 1.0
707 433 1.0
707 626 1.0
707 689 1.0
707 756 1.0
707 942 1.0
708 2 1.0
708 10 1.0
708 53 1.0
708 98 1.0
708 302 1.0
708 342 1.0
708 380 1.0
708 425 1.0
708 533 1.0
708 556 1.0
708 614 1.0
708 625 1.0
708 637 1.0
708 983 1.0
709 29 1.0
709 314 1.0
709 752 1.0
709 935 1.0
710 68 1.0
710 129 1.0
710 139 1.0
710 140 1.0
710 170 1.0
710 616 1.0
710 707 1.0
711 13 1.0
711 72 1.0
711 112 1.0
711 183 1.0
711 263 1.0
711 339 1.0
712 19 1.0
712 71 1.0
712 101 1.0
712 184 1.0
712 197 1.0
712 229 1.0
712 324 1.0
712 349 1.0
712 420 1.0
712 628 1.0
712 908 1.0
713 242 1.0
713 322 1.0
713 414 1.0
713 726 1.0
713 816 1.0
713 935 1.0
714 11 1.0
714 72 1.0
714 149 1.0
714 263 1.0
714 278 1.0
714 295 1.0
714 306 1.0
714 383 1.0
714 387 1.0
714 551 1.0
714 587 1.0
714 720 1.0
714 759 1.0
714 765 1.0
715 11 1.0
715 54 1.0
715 84 1.0
715 167 1.0
715 206 1.0
715 352 1.0
715 358 1.0
715 400 1.0
715 428 1.0
715 458 1.0
715 505 1.0
715 521 1.0
715 613 1.0
715 687 1.0
716 260 1.0
716 316 1.0
716 516 1.0
716 963 1.0
717 38 1.0
717 129 1.0
717 144 1.0
717 229 1.0
717 281 1.0
717 398 1.0
717 564 1.0
717 822 1.0
717 858 1.0
717 951 1.0
718 6 1.0
718 427 1.0
718 596 1.0
719 140 1.0
719 218 1.0
719 496 1.0
719 531 1.0
719 535 1.0
719 665 1.0
719 949 1.0
720 15 1.0
720 66 1.0
720 238 1.0
720 294 1.0
720 362 1.0
720 381 1.0
720 580 1.0
720 653 1.0
721 23 1.0
721 79 1.0
721 372 1.0
721 763 1.0
721 790 1.0
721 910 1.0
722 56 1.0
722 110 1.0
722 207 1.0
722 280 1.0
722 366 1.0
722 389 1.0
722 455 1.0
722 513 1.0
722 521 1.0
722 667 1.0
722 700 1.0
722 850 1.0
722 916 1.0
722 960 1.0
723 99 1.0
723 361 1.0
723 548 1.0
723 556 1.0
723 692 1.0
723 831 1.0
724 126 1.0
724 149 1.0
724 209 1.0
724 224 1.0
724 421 1.0
724 576 1.0
724 818 1.0
724 873 1.0
725 299 1.0
725 392 1.0
725 482 1.0
725 809 1.0
725 864 1.0
726 11 1.0
726 35 1.0
726 182 1.0
726 292 1.0
726 330 1.0
726 367 1.0
726 744 1.0
726 776 1.0
726 792 1.0
727 66 1.0
727 328 1.0
727 386 1.0
727 496 1.0
727 751 1.0
727 797 1.0
727 893 1.0
728 284 1.0
728 524 1.0
728 603 1.0
728 616 1.0
728 736 1.0
728 999 1.0
729 4 1.0
729 77 1.0
729 137 1.0
729 197 1.0
729 335 1.0
729 340 1.0
729 618 1.0
730 169 1.0
730 233 1.0
730 235 1.0
730 745 1.0
731 86 1.0
731 115 1.0
731 172 1.0
731 325 1.0
731 354 1.0
731 454 1.0
731 553 1.0
731 787 1.0
732 335 1.0
732 498 1.0
732 707 1.0
732 749 1.0
732 861 1.0
732 983 1.0
733 68 1.0
733 228 1.0
733 473 1.0
733 541 1.0
733 619 1.0
733 665 1.0
733 684 1.0
734 559 1.0
734 579 1.0
734 750 1.0
734 776 1.0
734 883 1.0
734 931 1.0
735 114 1.0
735 442 1.0
735 453 1.0
735 527 1.0
735 773 1.0
735 786 1.0
735 857 1.0
736 282 1.0
736 298 1.0
736 445 1.0
736 582 1.0
736 714 1.0
736 756 1.0
736 811 1.0
737 217 1.0
737 281 1.0
737 474 1.0
737 611 1.0
737 646 1.0
737 662 1.0
737 693 1.0
737 696 1.0
737 783 1.0
738 14 1.0
738 48 1.0
738 192 1.0
738 226 1.0
738 383 1.0
738 408 1.0
738 567 1.0
738 689 1.0
738 853 1.0
738 947 1.0
739 3 1.0
739 238 1.0
739 284 1.0
739 313 1.0
739 418 1.0
739 492 1.0
739 539 1.0
739 543 1.0
740 135 1.0
740 288 1.0
740 300 1.0
740 543 1.0
740 826 1.0
740 841 1.0
740 885 1.0
741 12 1.0
741 16 1.0
741 82 1.0
741 349 1.0
741 414 1.0
741 499 1.0
741 569 1.0
742 106 1.0
742 202 1.0
742 265 1.0
742 410 1.0
742 711 1.0
742 718 1.0
742 880 1.0
743 299 1.0
743 336 1.0
743 696 1.0
743 893 1.0
743 963 1.0
744 13 1.0
744 63 1.0
744 153 1.0
744 338 1.0
744 348 1.0
744 386 1.0
744 468 1.0
744 488 1.0
744 528 1.0
744 630 1.0
744 716 1.0
744 879 1.0
744 974 1.0
745 60 1.0
745 149 1.0
745 359 1.0
745 457 1.0
745 486 1.0
745 509 1.0
745 522 1.0
745 886 1.0
746 68 1.0
746 539 1.0
746 567 1.0
746 617 1.0
746 782 1.0
746 849 1.0
747 330 1.0
747 383 1.0
747 517 1.0
747 591 1.0
747 622 1.0
747 742 1.0
747 828 1.0
748 203 1.0
748 245 1.0
748 322 1.0
748 347 1.0
748 492 1.0
748 710 1.0
748 818 1.0
749 187 1.0
749 608 1.0
749 818 1.0
750 137 1.0
750 158 1.0
750 440 1.0
750 559 1.0
750 567 1.0
750 776 1.0
751 151 1.0
751 254 1.0
751 574 1.0
751 656 1.0
751 678 1.0
751 756 1.0
752 14 1.0
752 28 1.0
752 114 1.0
752 354 1.0
752 413 1.0
752 446 1.0
752 484 1.0
752 577 1.0
752 992 1.0
753 510 1.0
753 565 1.0
753 634 1.0
753 682 1.0
753 816 1.0
753 941 1.0
753 962 1.0
754 422 1.0
754 546 1.0
754 588 1.0
754 753 1.0
754 832 1.0
754 912 1.0
755 71 1.0
755 127 1.0
755 132 1.0
755 157 1.0
755 580 1.0
755 600 1.0
755 630 1.0
755 686 1.0
755 884 1.0
755 897 1.0
755 917 1.0
755 948 1.0
756 202 1.0
756 254 1.0
756 344 1.0
756 394 1.0
756 447 1.0
756 512 1.0
756 531 1.0
756 623 1.0
756 662 1.0
756 737 1.0
757 174 1.0
757 238 1.0
757 363 1.0
757 681 1.0
757 779 1.0
757 784 1.0
757 845 1.0
757 852 1.0
757 922 1.0
757 987 1.0
758 18 1.0
758 121 1.0
758 356 1.0
758 673 1.0
758 798 1.0
759 349 1.0
759 605 1.0
759 757 1.0
759 762 1.0
759 778 1.0
759 789 1.0
760 515 1.0
760 761 1.0
760 775 1.0
761 210 1.0
761 478 1.0
761 539 1.0
761 599 1.0
761 609 1.0
761 633 1.0
761 674 1.0
761 814 1.0
761 931 1.0
762 92 1.0
762 126 1.0
762 131 1.0
762 498 1.0
762 676 1.0
763 179 1.0
763 250 1.0
763 462 1.0
763 610 1.0
763 623 1.0
763 872 1.0
763 883 1.0
763 951 1.0
764 151 1.0
764 398 1.0
764 640 1.0
764 682 1.0
764 863 1.0
764 928 1.0
765 187 1.0
765 279 1.0
765 296 1.0
765 297 1.0
765 340 1.0
765 397 1.0
765 543 1.0
765 580 1.0
765 735 1.0
765 794 1.0
766 160 1.0
766 226 1.0
766 227 1.0
766 416 1.0
766 493 1.0
766 530 1.0
766 798 1.0
766 861 1.0
766 921 1.0
767 32 1.0
767 62 1.0
767 446 1.0
767 448 1.0
767 482 1.0
767 659 1.0
767 799 1.0
767 886 1.0
767 998 1.0
768 2 1.0
768 136 1.0
768 215 1.0
768 441 1.0
768 501 1.0
768 536 1.0
768 568 1.0
768 608 1.0
768 620 1.0
768 681 1.0
768 686 1.0
768 717 1.0
768 796 1.0
768 880 1.0
768 969 1.0
768 995 1.0
769 285 1.0
769 345 1.0
769 391 1.0
769 399 1.0
769 722 1.0
769 788 1.0
769 869 1.0
769 896 1.0
770 76 1.0
770 301 1.0
770 333 1.0
770 375 1.0
770 395 1.0
770 633 1.0
770 675 1.0
770 710 1.0
770 778 1.0
770 903 1.0
770 981 1.0
771 102 1.0
771 206 1.0
771 521 1.0
771 661 1.0
771 805 1.0
771 866 1.0
772 18 1.0
772 97 1.0
772 98 1.0
772 229 1.0
772 231 1.0
772 337 1.0
772 390 1.0
772 397 1.0
772 572 1.0
772 578 1.0
772 956 1.0
773 10 1.0
773 59 1.0
773 283 1.0
773 421 1.0
773 509 1.0
773 732 1.0
773 835 1.0
774 63 1.0
774 66 1.0
774 349 1.0
774 756 1.0
774 808 1.0
774 971 1.0
775 314 1.0
775 496 1.0
775 512 1.0
775 526 1.0
775 873 1.0
775 976 1.0
776 235 1.0
776 264 1.0
776 327 1.0
776 586 1.0
776 655 1.0
776 778 1.0
776 873 1.0
777 39 1.0
777 195 1.0
777 251 1.0
777 663 1.0
777 767 1.0
777 839 1.0
778 4 1.0
778 44 1.0
778 181 1.0
778 317 1.0
778 346 1.0
778 348 1.0
778 476 1.0
778 573 1.0
778 642 1.0
778 720 1.0
778 729 1.0
778 787 1.0
779 188 1.0
779 197 1.0
779 248 1.0
779 249 1.0
779 382 1.0
779 525 1.0
779 607 1.0
779 684 1.0
779 707 1.0
779 726 1.0
779 743 1.0
779 788 1.0
780 116 1.0
780 250 1.0
780 293 1.0
780 394 1.0
780 628 1.0
780 676 1.0
780 960 1.0
781 64 1.0
781 289 1.0
781 448 1.0
781 531 1.0
781 640 1.0
781 832 1.0
782 158 1.0
782 392 1.0
782 419 1.0
782 496 1.0
782 705 1.0
783 247 1.0
783 969 1.0
784 19 1.0
784 128 1.0
784 334 1.0
784 557 1.0
784 822 1.0
785 185 1.0
785 554 1.0
785 561 1.0
785 591 1.0
785 679 1.0
785 815 1.0
785 844 1.0
785 930 1.0
785 944 1.0
786 370 1.0
786 773 1.0
787 55 1.0
787 102 1.0
787 151 1.0
787 303 1.0
787 349 1.0
787 924 1.0
787 928 1.0
788 136 1.0
788 330 1.0
788 588 1.0
788 765 1.0
789 179 1.0
789 329 1.0
789 702 1.0
789 826 1.0
790 58 1.0
790 167 1.0
790 334 1.0
790 350 1.0
790 544 1.0
790 721 1.0
790 749 1.0
790 991 1.0
791 27 1.0
791 202 1.0
791 319 1.0
791 553 1.0
791 901 1.0
791 921 1.0
792 243 1.0
792 264 1.0
792 299 1.0
792 946 1.0
792 963 1.0
793 326 1.0
793 339 1.0
793 372 1.0
793 483 1.0
793 518 1.0
793 521 1.0
793 645 1.0
793 716 1.0
794 320 1.0
794 351 1.0
794 370 1.0
794 568 1.0
794 626 1.0
794 648 1.0
794 678 1.0
795 7 1.0
795 103 1.0
795 417 1.0
795 502 1.0
795 788 1.0
795 905 1.0
796 39 1.0
796 255 1.0
796 279 1.0
796 285 1.0
796 341 1.0
796 392 1.0
796 493 1.0
796 594 1.0
796 803 1.0
796 886 1.0
797 254 1.0
797 441 1.0
797 737 1.0
797 751 1.0
798 109 1.0
798 147 1.0
798 267 1.0
798 320 1.0
798 338 1.0
798 584 1.0
799 96 1.0
799 126 1.0
799 179 1.0
799 292 1.0
799 512 1.0
799 582 1.0
799 692 1.0
799 785 1.0
799 838 1.0
800 166 1.0
800 236 1.0
800 422 1.0
800 428 1.0
800 614 1.0
800 746 1.0
801 15 1.0
801 107 1.0
801 212 1.0
801 368 1.0
801 404 1.0
801 414 1.0
801 546 1.0
801 557 1.0
801 695 1.0
801 832 1.0
801 844 1.0
801 869 1.0
801 948 1.0
801 957 1.0
801 979 1.0
802 21 1.0
802 123 1.0
802 185 1.0
802 565 1.0
802 654 1.0
802 722 1.0
802 739 1.0
802 868 1.0
802 884 1.0
803 342 1.0
803 371 1.0
803 519 1.0
803 649 1.0
803 663 1.0
803 804 1.0
804 106 1.0
804 139 1.0
804 158 1.0
804 278 1.0
804 527 1.0
804 613 1.0
804 775 1.0
804 841 1.0
804 934 1.0
805 270 1.0
805 545 1.0
805 547 1.0
805 817 1.0
806 6 1.0
806 29 1.0
806 66 1.0
806 209 1.0
806 256 1.0
806 852 1.0
807 46 1.0
807 173 1.0
807 819 1.0
807 900 1.0
808 39 1.0
808 99 1.0
808 227 1.0
808 503 1.0
808 728 1.0
808 765 1.0
808 825 1.0
808 925 1.0
808 939 1.0
808 980 1.0
809 22 1.0
809 229 1.0
809 509 1.0
809 514 1.0
809 552 1.0
809 675 1.0
810 16 1.0
810 50 1.0
810 232 1.0
810 525 1.0
810 543 1.0
810 638 1.0
811 111 1.0
811 183 1.0
811 276 1.0
811 608 1.0
811 620 1.0
811 895 1.0
811 925 1.0
812 165 1.0
812 182 1.0
812 312 1.0
812 340 1.0
812 513 1.0
812 708 1.0
812 726 1.0
812 771 1.0
812 895 1.0
813 86 1.0
813 203 1.0
813 225 1.0
813 262 1.0
813 323 1.0
813 355 1.0
813 479 1.0
813 499 1.0
813 595 1.0
813 817 1.0
813 873 1.0
813 913 1.0
814 36 1.0
814 98 1.0
814 143 1.0
814 375 1.0
814 430 1.0
814 746 1.0
814 747 1.0
814 974 1.0
815 480 1.0
815 483 1.0
815 650 1.0
815 788 1.0
815 856 1.0
815 966 1.0
816 303 1.0
816 409 1.0
816 514 1.0
816 626 1.0
816 667 1.0
816 687 1.0
816 858 1.0
817 224 1.0
817 332 1.0
817 361 1.0
817 463 1.0
817 493 1.0
817 565 1.0
817 882 1.0
818 213 1.0
818 301 1.0
818 594 1.0
818 671 1.0
818 733 1.0
818 766 1.0
818 786 1.0
818 929 1.0
819 52 1.0
819 101 1.0
819 165 1.0
819 199 1.0
819 332 1.0
819 415 1.0
819 425 1.0
819 432 1.0
819 441 1.0
820 48 1.0
820 124 1.0
820 177 1.0
820 414 1.0
820 495 1.0
820 730 1.0
820 806 1.0
820 842 1.0
820 878 1.0
820 949 1.0
821 30 1.0
821 53 1.0
821 298 1.0
821 331 1.0
821 385 1.0
821 416 1.0
821 469 1.0
821 479 1.0
821 586 1.0
822 99 1.0
822 129 1.0
822 309 1.0
822 318 1.0
822 430 1.0
822 454 1.0
822 688 1.0
822 701 1.0
822 719 1.0
823 7 1.0
823 22 1.0
823 57 1.0
823 66 1.0
823 549 1.0
823 613 1.0
823 616 1.0
823 632 1.0
823 652 1.0
823 917 1.0
824 42 1.0
824 237 1.0
824 466 1.0
824 546 1.0
824 655 1.0
824 710 1.0
824 717 1.0
825 80 1.0
825 266 1.0
825 358 1.0
825 373 1.0
825 378 1.0
825 405 1.0
825 411 1.0
825 520 1.0
825 532 1.0
825 876 1.0
825 943 1.0
826 10 1.0
826 39 1.0
826 59 1.0
826 214 1.0
826 363 1.0
826 393 1.0
826 464 1.0
826 914 1.0
827 212 1.0
827 375 1.0
827 552 1.0
827 569 1.0
827 643 1.0
827 708 1.0
827 709 1.0
827 838 1.0
828 58 1.0
828 120 1.0
828 160 1.0
828 552 1.0
828 725 1.0
829 315 1.0
829 375 1.0
829 435 1.0
829 566 1.0
829 656 1.0
829 687 1.0
829 702 1.0
829 845 1.0
830 110 1.0
830 218 1.0
830 306 1.0
830 329 1.0
830 435 1.0
830 520 1.0
830 522 1.0
830 695 1.0
830 943 1.0
831 320 1.0
831 326 1.0
831 465 1.0
831 490 1.0
831 615 1.0
831 684 1.0
831 691 1.0
831 893 1.0
832 193 1.0
832 311 1.0
832 425 1.0
832 438 1.0
832 807 1.0
832 815 1.0
832 910 1.0
832 989 1.0
833 48 1.0
833 231 1.0
833 373 1.0
833 428 1.0
833 855 1.0
834 178 1.0
834 204 1.0
834 205 1.0
834 210 1.0
834 462 1.0
834 483 1.0
834 588 1.0
834 732 1.0
834 743 1.0
835 154 1.0
835 238 1.0
835 486 1.0
835 490 1.0
835 525 1.0
835 608 1.0
835 670 1.0
835 706 1.0
835 867 1.0
836 197 1.0
836 616 1.0
836 845 1.0
837 280 1.0
837 311 1.0
837 441 1.0
837 610 1.0
837 661 1.0
837 776 1.0
837 798 1.0
837 831 1.0
837 929 1.0
838 155 1.0
838 163 1.0
838 198 1.0
838 224 1.0
838 259 1.0
838 311 1.0
838 421 1.0
838 523 1.0
838 569 1.0
838 656 1.0
838 847 1.0
838 891 1.0
839 256 1.0
839 310 1.0
839 467 1.0
839 607 1.0
839 640 1.0
840 132 1.0
840 139 1.0
840 178 1.0
840 233 1.0
840 438 1.0
840 444 1.0
840 496 1.0
840 630 1.0
840 804 1.0
840 895 1.0
841 148 1.0
841 259 1.0
841 694 1.0
841 702 1.0
841 710 1.0
841 839 1.0
842 319 1.0
842 500 1.0
842 517 1.0
842 539 1.0
842 702 1.0
842 826 1.0
842 929 1.0
842 948 1.0
843 7 1.0
843 194 1.0
843 327 1.0
843 713 1.0
843 730 1.0
844 74 1.0
844 107 1.0
844 134 1.0
844 368 1.0
844 491 1.0
844 599 1.0
844 889 1.0
844 941 1.0
844 953 1.0
845 61 1.0
845 203 1.0
845 360 1.0
845 461 1.0
845 668 1.0
845 883 1.0
845 995 1.0
846 33 1.0
846 264 1.0
846 581 1.0
846 631 1.0
846 734 1.0
846 744 1.0
846 888 1.0
846 892 1.0
847 82 1.0
847 102 1.0
847 107 1.0
847 136 1.0
847 176 1.0
847 187 1.0
847 254 1.0
847 295 1.0
847 399 1.0
847 530 1.0
847 545 1.0
847 632 1.0
847 736 1.0
847 882 1.0
847 892 1.0
847 906 1.0
848 150 1.0
848 178 1.0
848 341 1.0
848 468 1.0
848 953 1.0
849 263 1.0
849 447 1.0
849 619 1.0
849 633 1.0
849 757 1.0
849 822 1.0
849 845 1.0
849 918 1.0
850 102 1.0
850 176 1.0
850 417 1.0
850 533 1.0
850 544 1.0
850 590 1.0
850 904 1.0
850 917 1.0
851 139 1.0
851 718 1.0
851 737 1.0
851 867 1.0
851 966 1.0
852 77 1.0
852 204 1.0
852 269 1.0
852 334 1.0
852 385 1.0
852 460 1.0
852 496 1.0
852 710 1.0
852 726 1.0
852 821 1.0
852 872 1.0
853 117 1.0
853 189 1.0
853 596 1.0
853 693 1.0
853 776 1.0
853 927 1.0
854 15 1.0
854 249 1.0
854 473 1.0
854 589 1.0
854 738 1.0
854 739 1.0
854 782 1.0
855 24 1.0
855 268 1.0
855 273 1.0
855 319 1.0
855 325 1.0
855 424 1.0
855 474 1.0
855 640 1.0
855 688 1.0
855 754 1.0
856 41 1.0
856 141 1.0
856 267 1.0
856 397 1.0
856 448 1.0
856 631 1.0
856 748 1.0
856 786 1.0
856 790 1.0
856 797 1.0
856 934 1.0
857 30 1.0
857 58 1.0
857 172 1.0
857 267 1.0
857 372 1.0
857 546 1.0
857 634 1.0
857 756 1.0
857 794 1.0
857 813 1.0
858 182 1.0
858 287 1.0
858 335 1.0
858 387 1.0
858 422 1.0
858 762 1.0
858 898 1.0
858 961 1.0
859 46 1.0
859 228 1.0
859 501 1.0
859 805 1.0
859 854 1.0
859 864 1.0
859 946 1.0
859 954 1.0
860 205 1.0
860 510 1.0
860 535 1.0
860 624 1.0
860 701 1.0
860 788 1.0
861 176 1.0
861 709 1.0
862 341 1.0
862 534 1.0
862 613 1.0
862 712 1.0
862 935 1.0
863 38 1.0
863 104 1.0
863 123 1.0
863 233 1.0
863 399 1.0
863 502 1.0
863 642 1.0
863 862 1.0
864 61 1.0
864 205 1.0
864 274 1.0
864 430 1.0
864 618 1.0
864 647 1.0
864 656 1.0
864 683 1.0
864 784 1.0
864 973 1.0
865 129 1.0
865 183 1.0
865 242 1.0
865 319 1.0
865 341 1.0
865 351 1.0
865 631 1.0
865 811 1.0
865 822 1.0
865 913 1.0
865 975 1.0
866 9 1.0
866 106 1.0
866 140 1.0
866 260 1.0
866 496 1.0
866 538 1.0
866 565 1.0
866 788 1.0
867 27 1.0
867 263 1.0
867 440 1.0
867 587 1.0
867 588 1.0
867 636 1.0
867 683 1.0
867 745 1.0
868 54 1.0
868 295 1.0
868 430 1.0
868 633 1.0
868 668 1.0
868 670 1.0
868 795 1.0
868 845 1.0
868 858 1.0
868 879 1.0
868 931 1.0
869 116 1.0
869 370 1.0
869 560 1.0
870 39 1.0
870 80 1.0
870 315 1.0
870 498 1.0
870 911 1.0
871 323 1.0
871 406 1.0
871 494 1.0
871 584 1.0
871 674 1.0
871 797 1.0
871 880 1.0
872 40 1.0
872 78 1.0
872 229 1.0
872 696 1.0
872 786 1.0
873 14 1.0
873 170 1.0
873 276 1.0
873 461 1.0
873 484 1.0
873 723 1.0
873 773 1.0
873 940 1.0
873 971 1.0
874 18 1.0
874 344 1.0
874 419 1.0
874 436 1.0
874 724 1.0
875 85 1.0
875 128 1.0
875 164 1.0
875 545 1.0
875 558 1.0
875 618 1.0
875 812 1.0
876 175 1.0
876 214 1.0
876 411 1.0
876 460 1.0
876 555 1.0
876 599 1.0
876 613 1.0
876 771 1.0
876 855 1.0
876 918 1.0
877 59 1.0
877 102 1.0
877 112 1.0
877 276 1.0
877 489 1.0
878 5 1.0
878 59 1.0
878 212 1.0
878 333 1.0
878 597 1.0
878 640 1.0
878 729 1.0
878 920 1.0
879 31 1.0
879 50 1.0
879 69 1.0
879 371 1.0
879 482 1.0
879 491 1.0
879 667 1.0
879 776 1.0
879 820 1.0
880 54 1.0
880 117 1.0
880 121 1.0
880 134 1.0
880 171 1.0
880 257 1.0
880 321 1.0
880 414 1.0
880 772 1.0
880 816 1.0
880 903 1.0
880 954 1.0
881 73 1.0
881 511 1.0
881 967 1.0
882 45 1.0
882 98 1.0
882 441 1.0
882 446 1.0
882 570 1.0
882 590 1.0
882 660 1.0
882 661 1.0
882 687 1.0
883 38 1.0
883 181 1.0
883 214 1.0
883 239 1.0
883 272 1.0
883 635 1.0
883 692 1.0
883 863 1.0
884 266 1.0
884 310 1.0
884 332 1.0
884 431 1.0
884 869 1.0
884 919 1.0
885 123 1.0
885 254 1.0
885 281 1.0
885 327 1.0
885 878 1.0
885 936 1.0
886 24 1.0
886 121 1.0
886 143 1.0
886 614 1.0
886 710 1.0
886 820 1.0
886 840 1.0
887 219 1.0
887 326 1.0
887 396 1.0
887 400 1.0
887 466 1.0
887 492 1.0
887 501 1.0
887 936 1.0
888 23 1.0
888 85 1.0
888 213 1.0
888 621 1.0
888 670 1.0
888 734 1.0
888 861 1.0
888 904 1.0
888 944 1.0
889 128 1.0
889 279 1.0
889 463 1.0
889 616 1.0
889 819 1.0
889 881 1.0
890 111 1.0
890 200 1.0
890 263 1.0
890 362 1.0
890 380 1.0
890 458 1.0
890 519 1.0
890 591 1.0
890 631 1.0
890 792 1.0
891 263 1.0
891 357 1.0
891 476 1.0
891 756 1.0
891 794 1.0
892 316 1.0
892 436 1.0
892 572 1.0
892 765 1.0
892 900 1.0
892 924 1.0
893 117 1.0
893 465 1.0
893 620 1.0
893 700 1.0
893 775 1.0
894 39 1.0
894 105 1.0
894 180 1.0
894 410 1.0
894 545 1.0
894 729 1.0
894 825 1.0
894 932 1.0
895 696 1.0
895 746 1.0
895 871 1.0
896 144 1.0
896 227 1.0
896 359 1.0
896 394 1.0
896 457 1.0
896 579 1.0
896 622 1.0
896 716 1.0
896 725 1.0
897 194 1.0
897 302 1.0
897 551 1.0
897 590 1.0
897 610 1.0
897 847 1.0
897 903 1.0
897 954 1.0
898 234 1.0
898 335 1.0
898 396 1.0
898 511 1.0
898 554 1.0
898 593 1.0
898 634 1.0
898 750 1.0
898 793 1.0
898 909 1.0
899 8 1.0
899 117 1.0
899 378 1.0
899 571 1.0
899 721 1.0
899 762 1.0
900 27 1.0
900 442 1.0
900 495 1.0
900 499 1.0
900 505 1.0
900 524 1.0
900 558 1.0
900 565 1.0
900 643 1.0
900 644 1.0
900 839 1.0
900 898 1.0
901 40 1.0
901 131 1.0
901 237 1.0
901 389 1.0
901 395 1.0
901 398 1.0
901 634 1.0
901 663 1.0
901 726 1.0
901 759 1.0
901 770 1.0
901 868 1.0
902 248 1.0
902 410 1.0
902 434 1.0
902 455 1.0
902 526 1.0
902 546 1.0
902 791 1.0
902 794 1.0
902 809 1.0
902 937 1.0
902 988 1.0
903 452 1.0
903 844 1.0
903 880 1.0
904 35 1.0
904 91 1.0
904 180 1.0
904 211 1.0
904 302 1.0
904 326 1.0
904 503 1.0
904 526 1.0
904 548 1.0
904 569 1.0
904 584 1.0
904 625 1.0
904 770 1.0
904 872 1.0
905 191 1.0
905 296 1.0
905 383 1.0
905 398 1.0
905 432 1.0
905 573 1.0
905 579 1.0
905 712 1.0
905 759 1.0
905 911 1.0
906 288 1.0
906 519 1.0
906 755 1.0
906 874 1.0
907 41 1.0
907 46 1.0
907 132 1.0
907 265 1.0
907 550 1.0
907 737 1.0
907 854 1.0
908 111 1.0
908 144 1.0
908 159 1.0
908 286 1.0
908 320 1.0
908 456 1.0
908 476 1.0
908 822 1.0
909 2 1.0
909 295 1.0
909 772 1.0
910 73 1.0
910 107 1.0
910 715 1.0
910 738 1.0
910 920 1.0
911 143 1.0
911 299 1.0
911 323 1.0
911 346 1.0
911 524 1.0
911 694 1.0
911 778 1.0
911 884 1.0
911 930 1.0
912 50 1.0
912 141 1.0
912 426 1.0
912 537 1.0
912 679 1.0
912 993 1.0
912 996 1.0
913 139 1.0
913 338 1.0
913 408 1.0
913 409 1.0
913 410 1.0
913 511 1.0
913 518 1.0
913 557 1.0
913 652 1.0
913 818 1.0
913 984 1.0
914 44 1.0
914 64 1.0
914 289 1.0
914 354 1.0
914 466 1.0
914 586 1.0
914 694 1.0
915 74 1.0
915 85 1.0
915 182 1.0
915 191 1.0
915 309 1.0
915 558 1.0
915 601 1.0
916 323 1.0
916 610 1.0
916 757 1.0
916 839 1.0
917 429 1.0
917 578 1.0
917 852 1.0
917 944 1.0
918 241 1.0
918 442 1.0
918 466 1.0
918 621 1.0
918 679 1.0
918 736 1.0
918 808 1.0
919 71 1.0
919 232 1.0
919 274 1.0
919 327 1.0
919 711 1.0
919 875 1.0
920 55 1.0
920 75 1.0
920 105 1.0
920 268 1.0
920 395 1.0
920 447 1.0
920 496 1.0
920 824 1.0
921 149 1.0
921 332 1.0
921 376 1.0
921 479 1.0
921 609 1.0
921 834 1.0
922 184 1.0
922 713 1.0
922 809 1.0
923 22 1.0
923 346 1.0
923 381 1.0
923 529 1.0
923 789 1.0
923 871 1.0
924 48 1.0
924 81 1.0
924 261 1.0
924 286 1.0
924 319 1.0
924 484 1.0
924 695 1.0
925 100 1.0
925 141 1.0
925 311 1.0
925 313 1.0
925 418 1.0
925 503 1.0
925 572 1.0
925 721 1.0
925 724 1.0
925 798 1.0
926 122 1.0
926 435 1.0
926 534 1.0
926 665 1.0
926 935 1.0
927 157 1.0
927 263 1.0
927 473 1.0
927 893 1.0
928 94 1.0
928 205 1.0
928 296 1.0
928 321 1.0
928 338 1.0
928 352 1.0
928 434 1.0
929 0 1.0
929 55 1.0
929 167 1.0
929 198 1.0
929 251 1.0
929 427 1.0
929 726 1.0
929 745 1.0
929 823 1.0
930 361 1.0
930 409 1.0
930 469 1.0
930 497 1.0
930 716 1.0
930 731 1.0
931 95 1.0
931 188 1.0
931 344 1.0
931 418 1.0
931 583 1.0
931 801 1.0
931 809 1.0
931 826 1.0
931 993 1.0
932 125 1.0
932 239 1.0
932 699 1.0
933 41 1.0
933 48 1.0
933 177 1.0
933 226 1.0
933 325 1.0
933 444 1.0
933 501 1.0
933 594 1.0
933 667 1.0
933 787 1.0
933 856 1.0
933 919 1.0
934 47 1.0
934 162 1.0
934 227 1.0
934 734 1.0
934 937 1.0
935 120 1.0
935 199 1.0
935 302 1.0
935 322 1.0
935 343 1.0
935 371 1.0
935 488 1.0
935 495 1.0
935 901 1.0
936 301 1.0
936 371 1.0
936 453 1.0
936 458 1.0
936 573 1.0
936 640 1.0
936 710 1.0
936 987 1.0
937 234 1.0
937 268 1.0
937 273 1.0
937 313 1.0
937 579 1.0
937 621 1.0
937 690 1.0
938 141 1.0
938 177 1.0
938 323 1.0
938 548 1.0
938 765 1.0
939 116 1.0
939 286 1.0
939 331 1.0
939 472 1.0
939 689 1.0
939 915 1.0
940 90 1.0
940 390 1.0
940 491 1.0
940 544 1.0
940 555 1.0
940 796 1.0
940 811 1.0
940 836 1.0
940 986 1.0
941 97 1.0
941 265 1.0
941 313 1.0
941 346 1.0
941 495 1.0
941 523 1.0
941 561 1.0
941 658 1.0
941 661 1.0
941 787 1.0
941 850 1.0
942 42 1.0
942 91 1.0
942 105 1.0
942 290 1.0
942 326 1.0
942 401 1.0
942 605 1.0
942 718 1.0
942 748 1.0
942 974 1.0
943 70 1.0
943 160 1.0
943 164 1.0
943 199 1.0
943 520 1.0
943 676 1.0
943 800 1.0
944 48 1.0
944 97 1.0
944 248 1.0
944 281 1.0
944 289 1.0
944 474 1.0
944 541 1.0
944 544 1.0
944 555 1.0
944 572 1.0
944 643 1.0
944 753 1.0
944 761 1.0
944 821 1.0
944 870 1.0
945 17 1.0
945 61 1.0
945 728 1.0
945 744 1.0
945 804 1.0
945 807 1.0
945 916 1.0
946 47 1.0
946 112 1.0
946 220 1.0
946 333 1.0
946 470 1.0
946 693 1.0
946 712 1.0
946 749 1.0
947 204 1.0
947 557 1.0
947 722 1.0
947 744 1.0
948 93 1.0
948 228 1.0
948 466 1.0
948 558 1.0
948 578 1.0
948 584 1.0
948 794 1.0
948 851 1.0
949 105 1.0
949 788 1.0
949 846 1.0
950 77 1.0
950 253 1.0
950 298 1.0
950 560 1.0
951 3 1.0
951 269 1.0
951 345 1.0
951 527 1.0
951 717 1.0
951 763 1.0
951 988 1.0
952 41 1.0
952 231 1.0
952 247 1.0
952 423 1.0
952 484 1.0
953 11 1.0
953 48 1.0
953 206 1.0
953 529 1.0
953 532 1.0
953 844 1.0
953 848 1.0
954 11 1.0
954 590 1.0
954 616 1.0
954 859 1.0
954 880 1.0
954 897 1.0
955 117 1.0
955 203 1.0
955 208 1.0
955 487 1.0
955 704 1.0
956 70 1.0
956 164 1.0
956 165 1.0
956 381 1.0
956 390 1.0
956 531 1.0
956 631 1.0
956 772 1.0
957 8 1.0
957 218 1.0
957 294 1.0
957 297 1.0
957 298 1.0
957 801 1.0
958 261 1.0
958 358 1.0
958 404 1.0
958 487 1.0
958 568 1.0
958 592 1.0
958 706 1.0
959 101 1.0
959 604 1.0
959 659 1.0
959 673 1.0
959 990 1.0
960 34 1.0
960 166 1.0
960 272 1.0
960 276 1.0
960 321 1.0
960 336 1.0
960 427 1.0
960 564 1.0
960 722 1.0
960 780 1.0
960 991 1.0
961 15 1.0
961 25 1.0
961 79 1.0
961 128 1.0
961 316 1.0
961 360 1.0
961 383 1.0
961 539 1.0
961 858 1.0
962 241 1.0
962 264 1.0
962 608 1.0
962 753 1.0
963 8 1.0
963 716 1.0
963 743 1.0
963 792 1.0
964 8 1.0
964 23 1.0
964 69 1.0
964 631 1.0
964 690 1.0
965 10 1.0
965 44 1.0
965 56 1.0
965 69 1.0
965 89 1.0
965 130 1.0
965 257 1.0
965 565 1.0
966 14 1.0
966 181 1.0
966 469 1.0
966 564 1.0
966 815 1.0
966 851 1.0
967 5 1.0
967 139 1.0
967 149 1.0
967 387 1.0
967 881 1.0
968 179 1.0
968 323 1.0
968 652 1.0
968 983 1.0
969 408 1.0
969 424 1.0
969 475 1.0
969 768 1.0
969 783 1.0
970 34 1.0
970 37 1.0
970 148 1.0
970 253 1.0
970 291 1.0
970 293 1.0
970 319 1.0
970 335 1.0
971 0 1.0
971 267 1.0
971 398 1.0
971 484 1.0
971 525 1.0
971 612 1.0
971 774 1.0
971 873 1.0
972 53 1.0
972 69 1.0
972 80 1.0
972 384 1.0
972 515 1.0
973 8 1.0
973 24 1.0
973 53 1.0
973 155 1.0
973 864 1.0
974 280 1.0
974 353 1.0
974 615 1.0
974 744 1.0
974 814 1.0
974 942 1.0
975 32 1.0
975 128 1.0
975 200 1.0
975 865 1.0
976 1 1.0
976 4 1.0
976 107 1.0
976 138 1.0
976 251 1.0
976 590 1.0
976 775 1.0
977 37 1.0
977 130 1.0
977 222 1.0
977 416 1.0
977 455 1.0
977 554 1.0
977 628 1.0
978 10 1.0
978 177 1.0
978 295 1.0
978 331 1.0
979 128 1.0
979 177 1.0
979 280 1.0
979 519 1.0
979 688 1.0
979 801 1.0
980 22 1.0
980 298 1.0
980 494 1.0
980 558 1.0
980 808 1.0
981 7 1.0
981 73 1.0
981 167 1.0
981 201 1.0
981 551 1.0
981 770 1.0
982 96 1.0
982 337 1.0
982 370 1.0
982 438 1.0
982 529 1.0
983 260 1.0
983 363 1.0
983 541 1.0
983 708 1.0
983 732 1.0
983 968 1.0
984 9 1.0
984 21 1.0
984 61 1.0
984 410 1.0
984 520 1.0
984 913 1.0
985 33 1.0
985 403 1.0
985 498 1.0
985 562 1.0
985 697 1.0
986 25 1.0
986 31 1.0
986 326 1.0
986 360 1.0
986 940 1.0
987 9 1.0
987 22 1.0
987 27 1.0
987 81 1.0
987 93 1.0
987 138 1.0
987 314 1.0
987 401 1.0
987 757 1.0
987 936 1.0
988 97 1.0
988 320 1.0
988 492 1.0
988 543 1.0
988 902 1.0
988 951 1.0
989 151 1.0
989 164 1.0
989 214 1.0
989 242 1.0
989 256 1.0
989 832 1.0
990 165 1.0
990 297 1.0
990 518 1.0
990 543 1.0
990 959 1.0
991 149 1.0
991 187 1.0
991 790 1.0
991 960 1.0
992 82 1.0
992 226 1.0
992 277 1.0
992 401 1.0
992 589 1.0
992 752 1.0
993 274 1.0
993 353 1.0
993 394 1.0
993 912 1.0
993 931 1.0
993 994 1.0
994 57 1.0
994 232 1.0
994 243 1.0
994 594 1.0
994 666 1.0
994 993 1.0
995 57 1.0
995 128 1.0
995 334 1.0
995 768 1.0
995 845 1.0
996 58 1.0
996 85 1.0
996 87 1.0
996 226 1.0
996 521 1.0
996 912 1.0
997 8 1.0
997 64 1.0
997 129 1.0
997 169 1.0
997 182 1.0
997 236 1.0
997 265 1.0
997 385 1.0
998 4 1.0
998 181 1.0
998 283 1.0
998 300 1.0
998 377 1.0
998 673 1.0
998 767 1.0
999 17 1.0
999 523 1.0
999 530 1.0
999 640 1.0
999 728 1.0
