0 53
0 75
0 138
0 51
0 76
0 125
0 18
0 88
0 57
0 145
0 84
0 14
1 112
1 15
1 34
1 19
1 97
1 121
1 99
1 87
1 127
1 61
2 7
2 30
2 85
2 118
2 123
2 138
2 78
3 70
3 82
3 51
3 22
4 86
4 15
4 84
4 115
4 62
4 0
4 95
5 78
5 18
5 144
5 19
5 65
5 51
6 116
6 55
6 9
6 69
6 22
6 38
6 135
6 27
7 41
7 26
7 140
7 42
7 87
7 118
7 112
7 117
7 40
7 73
7 85
7 34
7 90
7 104
7 49
7 12
8 5
8 103
8 55
8 49
8 142
8 63
9 79
9 90
9 137
9 109
9 129
10 142
10 34
10 59
10 121
10 73
10 105
10 149
11 61
11 36
11 143
11 34
11 44
11 1
11 32
12 86
12 62
12 83
12 56
12 129
12 42
12 11
12 95
12 21
12 98
12 41
13 19
13 25
13 47
13 62
13 147
13 31
13 118
13 81
14 47
14 123
14 18
14 27
14 116
14 21
14 107
15 128
15 121
15 83
15 114
15 39
15 61
15 4
15 41
15 79
15 22
16 80
16 20
16 66
16 50
16 21
16 58
16 54
16 105
16 76
17 65
17 42
17 66
17 56
17 53
17 44
17 83
17 104
18 51
18 95
18 77
18 89
18 100
18 69
18 53
18 120
18 47
18 128
18 126
19 13
19 85
19 38
19 46
19 144
19 56
19 134
19 101
20 38
20 91
20 55
20 56
20 139
20 133
21 73
21 135
21 130
21 145
21 37
21 27
21 148
22 142
22 107
22 69
22 113
22 24
22 54
22 29
22 62
22 40
23 107
23 75
23 139
23 81
23 61
23 133
23 102
23 54
23 91
23 128
23 130
23 13
24 87
24 115
24 6
24 77
24 16
25 64
25 146
25 77
25 112
25 54
25 143
25 47
25 11
25 149
25 39
25 107
26 50
26 92
26 93
26 114
26 146
26 143
26 129
27 71
27 44
27 47
27 54
27 4
28 129
28 21
28 9
28 71
28 70
28 7
29 82
29 35
30 62
30 76
30 92
30 46
30 133
30 10
30 89
30 98
31 24
31 89
31 145
31 72
31 93
31 127
31 98
31 67
31 15
31 116
32 141
32 59
32 106
32 96
32 80
32 112
32 21
32 17
32 91
32 1
33 13
33 9
33 82
33 32
33 99
33 133
33 112
33 66
34 82
34 18
34 57
34 70
34 41
35 68
35 33
35 106
35 76
35 9
35 55
36 42
36 88
36 129
36 122
36 22
37 61
37 103
37 89
37 83
37 121
37 80
37 60
37 11
37 67
38 65
38 148
39 1
39 0
39 111
39 93
39 22
39 119
39 132
40 106
40 123
40 13
40 28
40 135
40 67
40 49
40 142
40 16
40 87
40 32
40 58
41 43
41 104
41 87
41 57
41 109
42 56
42 123
42 5
42 118
42 74
42 53
42 48
42 57
43 11
43 69
43 130
43 134
43 35
43 73
43 81
43 133
43 15
44 140
44 83
44 0
44 138
44 9
44 38
44 119
45 1
45 42
45 46
45 125
45 111
45 49
45 145
46 126
46 127
46 48
46 121
46 96
46 131
46 68
46 37
46 103
46 41
46 9
46 90
46 130
46 66
46 47
47 109
47 92
47 61
47 50
47 23
48 41
48 0
48 67
48 129
48 39
48 130
48 35
48 66
48 38
48 53
48 78
49 36
49 19
49 84
49 25
49 137
49 40
50 45
50 35
50 144
50 3
50 71
50 53
51 13
51 120
51 48
51 36
51 98
51 57
51 68
51 40
51 61
51 43
51 114
51 46
52 82
52 36
52 14
52 64
53 139
53 20
53 69
53 117
53 47
53 83
53 79
53 45
54 96
54 64
54 72
54 7
54 66
54 80
54 6
54 18
54 49
54 141
54 139
54 123
55 50
55 54
55 81
55 24
55 144
55 80
55 5
55 98
56 111
56 50
56 131
56 146
57 52
57 15
57 45
57 97
57 44
57 41
58 138
58 128
58 44
58 120
58 61
58 49
58 9
58 134
58 146
59 138
59 74
59 101
59 104
59 77
59 126
59 105
59 20
59 6
59 91
59 84
59 98
59 68
59 107
60 98
60 53
60 119
60 87
60 139
60 83
60 62
61 114
61 132
61 140
61 48
61 45
61 98
61 31
61 107
62 2
62 58
62 140
62 87
62 123
63 78
63 59
63 10
63 20
63 65
63 72
63 135
63 129
63 68
64 74
64 84
64 23
65 36
65 20
65 28
65 103
65 9
65 96
65 126
65 108
65 72
65 0
65 143
65 3
65 117
65 45
65 76
66 127
66 24
66 48
66 33
66 102
66 47
66 38
66 107
66 138
66 28
66 148
66 86
66 149
67 23
67 146
67 69
67 60
67 95
67 91
68 81
68 36
68 23
68 96
68 9
69 52
69 22
69 83
69 76
69 111
69 143
69 54
69 37
69 110
70 34
70 89
70 1
70 16
70 92
70 142
70 111
70 143
71 92
71 108
71 106
71 40
71 67
71 46
71 45
71 22
71 144
72 15
72 56
72 140
72 37
72 133
73 106
73 40
73 120
73 68
73 133
73 102
73 39
74 88
74 112
74 36
74 51
74 35
74 145
74 104
75 14
75 35
75 51
75 30
75 4
75 55
75 40
75 133
76 75
76 140
76 66
76 91
76 1
76 19
76 98
76 79
76 114
77 6
77 143
77 127
77 115
77 68
77 56
77 78
77 102
77 9
77 63
77 130
77 83
77 121
78 25
78 2
78 54
78 100
78 131
78 85
78 73
78 127
78 94
79 22
79 85
79 143
79 126
79 46
79 57
79 80
80 110
80 123
80 48
81 80
81 86
81 116
81 53
81 59
81 43
81 46
81 108
81 107
81 114
82 49
82 13
82 45
82 133
82 122
82 87
82 129
82 56
82 54
82 28
82 136
83 133
83 65
83 106
83 68
83 137
83 4
83 75
84 54
84 0
84 91
84 104
84 138
85 40
85 61
85 67
85 107
86 88
86 102
86 126
86 45
86 96
87 14
87 68
87 84
87 17
87 18
87 100
88 99
88 63
88 31
89 50
89 22
89 59
89 86
89 61
89 130
89 103
90 28
90 138
90 59
90 16
90 107
91 47
91 75
91 54
91 140
91 46
91 20
91 112
92 31
92 12
92 135
92 38
92 59
92 4
92 98
92 100
92 45
92 119
92 32
92 54
92 69
92 144
93 95
93 100
93 52
93 3
93 20
93 116
93 78
93 142
94 112
94 91
94 120
94 21
94 109
95 18
95 134
95 58
95 19
95 33
95 149
95 3
95 25
95 107
95 143
96 82
96 9
96 144
96 6
96 18
96 142
96 145
96 111
97 138
97 37
97 43
97 83
97 106
97 129
97 145
98 36
98 7
98 27
98 69
98 86
98 119
98 129
98 56
98 31
98 146
99 132
99 123
99 35
99 111
99 48
99 104
100 4
100 52
100 126
100 51
100 68
100 25
101 71
101 85
101 9
101 63
101 96
101 39
101 97
101 125
101 38
102 126
102 107
102 14
102 109
102 26
103 137
103 66
103 16
103 4
103 98
103 141
103 58
103 47
104 33
104 80
104 130
104 131
104 77
104 9
104 31
105 144
105 76
105 71
105 49
105 117
105 86
106 37
106 23
106 38
106 98
106 4
106 120
106 66
106 64
107 84
107 38
107 116
108 11
108 105
108 126
108 23
109 6
109 10
109 144
110 130
110 20
110 45
110 141
110 61
110 84
110 62
111 18
111 41
111 38
111 84
111 9
111 137
111 26
111 135
112 25
112 37
112 145
112 16
112 18
112 117
112 78
112 82
113 49
113 129
113 145
113 118
114 57
114 45
114 91
114 80
114 66
114 14
114 138
115 21
115 130
115 103
115 93
115 63
115 111
115 20
116 1
116 21
116 18
116 121
116 65
116 106
116 84
116 38
117 46
117 47
117 23
117 62
117 7
117 3
118 12
118 97
118 99
118 0
118 140
119 72
119 48
119 8
119 113
119 96
119 64
119 68
119 40
119 120
120 106
120 139
120 103
120 138
120 105
121 114
121 94
121 62
121 59
121 73
121 51
121 103
122 108
122 94
122 103
122 124
122 3
122 146
122 131
122 88
122 148
122 59
122 121
123 43
123 11
123 37
123 59
123 124
123 126
123 14
123 146
123 36
123 38
123 128
124 69
124 15
124 90
124 45
124 118
124 114
124 126
124 68
124 80
125 118
125 10
125 52
125 62
126 149
126 82
126 85
126 10
127 115
127 24
127 145
127 106
127 62
127 102
127 7
128 13
128 55
128 49
128 138
128 71
128 73
129 108
129 143
129 89
129 127
129 49
129 106
129 139
130 22
130 39
130 86
130 94
130 104
131 42
131 102
131 149
131 95
131 121
131 87
131 90
132 129
132 131
132 17
132 61
132 25
133 82
133 75
133 8
133 103
133 72
133 80
133 145
133 131
134 141
134 122
134 93
134 138
134 116
134 18
135 72
135 50
135 30
135 63
135 43
135 6
135 117
135 124
135 113
135 123
135 105
136 14
136 146
136 52
136 72
136 64
136 98
136 2
136 107
137 140
137 62
137 146
137 53
137 71
137 18
137 57
137 116
138 33
138 4
138 15
138 103
138 52
138 34
138 59
138 114
138 119
138 140
138 112
138 68
139 82
139 107
139 34
139 91
139 114
139 15
139 77
139 83
140 146
140 107
140 12
140 134
140 99
140 49
140 144
140 129
140 125
141 101
141 117
141 97
141 63
141 48
141 77
141 27
141 111
142 93
142 3
142 102
142 128
142 70
142 17
142 73
142 129
143 71
143 66
143 15
143 63
143 21
143 4
143 58
143 0
143 47
143 7
144 111
144 128
144 26
144 115
144 137
144 14
144 147
144 12
145 89
145 55
145 47
145 73
145 53
145 101
145 59
145 147
145 102
145 16
146 100
146 143
146 33
146 91
146 14
146 140
146 4
147 105
147 114
147 70
147 118
147 87
147 61
147 9
147 6
148 34
148 30
148 116
148 57
148 127
148 71
148 60
148 147
148 143
149 66
149 147
149 34
149 19
149 60
149 57
149 0
149 36
