0 132
0 57
0 59
0 65
0 126
1 0
1 42
1 67
1 92
1 62
1 33
1 131
1 57
1 134
2 64
2 51
2 5
2 38
2 10
2 120
2 76
2 36
2 70
3 31
3 75
3 71
3 50
3 89
3 103
3 76
3 66
3 73
4 60
4 27
4 118
4 56
4 149
5 46
5 129
5 124
5 100
5 118
7 102
7 63
7 95
7 131
7 91
7 108
8 113
8 18
8 46
9 93
9 112
9 105
10 115
10 126
10 35
10 73
10 59
10 31
10 145
11 8
11 22
11 145
12 149
12 96
12 114
12 130
12 21
12 7
13 84
13 136
13 128
13 20
13 40
13 46
13 135
14 59
14 121
14 85
15 141
15 51
15 52
15 43
15 42
15 58
16 131
16 27
16 74
16 63
16 78
16 28
16 32
18 3
18 73
18 121
18 144
18 25
19 30
19 142
20 145
20 141
20 52
20 95
21 59
21 4
22 144
22 106
22 1
22 114
24 85
24 56
24 5
25 56
25 73
26 131
27 19
27 130
27 128
27 145
27 20
27 31
27 38
28 59
28 81
28 120
29 107
29 57
29 4
30 120
30 136
30 85
30 113
30 117
30 45
31 83
31 104
31 79
31 145
31 128
31 45
32 127
32 51
32 106
32 83
32 95
33 92
33 28
33 42
33 122
33 40
35 144
35 46
36 9
36 129
37 80
37 5
37 77
37 8
37 9
37 71
37 59
37 132
38 75
38 76
38 136
38 79
38 63
38 77
38 2
38 96
40 58
40 44
40 126
40 145
40 11
41 105
42 137
42 10
42 8
42 111
43 147
44 42
44 122
44 77
44 45
44 35
45 104
45 50
45 66
45 28
45 121
46 74
46 92
46 83
46 29
46 16
46 4
46 109
47 121
47 44
47 93
47 26
47 54
47 9
47 45
49 43
49 5
49 7
49 33
49 101
49 44
50 60
50 32
50 123
50 129
50 120
50 137
50 111
50 66
50 58
50 43
51 26
51 107
51 123
51 87
52 127
52 113
52 126
52 116
52 135
52 117
52 60
53 120
53 83
53 110
53 141
53 65
53 94
53 98
53 59
54 115
54 32
54 100
54 64
55 127
55 86
56 2
56 61
56 115
57 58
57 14
57 147
57 62
57 63
57 124
58 118
58 2
58 95
59 60
59 89
59 55
59 15
59 32
59 12
59 142
60 54
60 144
60 51
60 40
61 21
61 118
61 2
61 51
62 111
62 81
62 33
62 149
62 1
63 30
63 149
64 118
64 52
64 144
64 102
64 57
65 98
65 31
65 112
65 56
66 98
67 16
67 78
68 9
68 81
68 56
68 77
68 127
68 4
69 36
69 100
69 81
69 142
69 12
70 105
70 123
70 42
70 28
70 77
70 126
70 63
70 65
71 121
71 72
72 18
72 20
72 52
72 145
73 53
73 83
73 100
73 144
74 129
74 145
74 57
74 93
74 24
75 1
75 129
75 105
75 5
75 90
75 120
76 45
76 42
76 81
76 37
76 27
77 32
77 55
77 130
77 0
77 93
77 140
77 14
77 135
78 25
78 71
78 115
78 139
79 124
79 65
79 100
79 141
79 91
79 130
79 4
80 66
80 13
80 121
80 144
80 43
80 149
80 73
81 149
81 26
81 125
82 10
82 65
82 78
82 101
82 147
82 83
82 142
83 78
83 144
83 11
83 42
83 136
83 69
83 66
84 127
84 101
84 12
84 88
84 14
84 62
85 140
85 67
86 25
86 85
86 125
86 58
86 98
87 72
87 129
87 140
87 100
88 136
88 42
88 109
89 77
89 147
89 11
89 52
89 8
89 61
90 5
90 52
90 1
90 85
90 49
90 81
91 130
91 36
91 106
92 127
92 65
92 147
92 123
92 61
92 74
92 112
93 129
93 136
93 37
93 92
94 36
94 83
94 27
94 76
94 129
94 42
94 28
95 118
95 101
95 20
95 36
95 88
96 15
96 33
96 58
96 31
96 76
96 141
98 12
98 56
98 96
98 125
98 43
99 2
100 144
100 106
100 65
100 7
101 57
101 47
102 145
102 21
102 73
102 66
102 83
102 2
102 121
103 90
103 31
103 107
103 114
103 5
104 115
104 112
104 118
104 76
104 36
104 58
105 35
105 136
105 29
106 93
106 83
106 22
106 135
106 10
107 22
107 126
108 10
108 131
108 116
109 124
109 96
109 30
109 44
109 26
110 74
110 146
110 78
110 108
110 12
110 87
111 10
111 119
111 63
111 124
112 144
112 141
112 102
112 105
112 12
112 58
112 96
112 108
112 5
113 72
113 116
113 57
113 63
114 4
114 37
114 117
114 116
114 26
114 86
114 126
115 82
115 105
115 121
115 122
115 18
115 103
115 16
116 82
116 30
117 73
117 110
117 67
118 57
118 27
118 65
118 56
118 121
118 12
118 98
119 66
119 8
119 37
120 74
120 131
121 38
121 104
121 100
121 50
121 88
122 7
123 53
123 101
123 18
123 121
123 70
124 45
124 5
125 103
125 126
125 50
125 45
125 91
126 144
126 84
126 104
126 90
126 63
126 33
126 2
127 118
127 9
127 42
127 111
128 68
128 145
128 49
129 93
129 62
129 144
129 38
129 42
129 99
129 9
129 49
130 86
130 59
130 131
130 108
130 62
130 109
131 15
131 31
131 11
131 104
131 71
131 32
132 136
132 71
132 47
133 46
133 63
133 18
133 79
133 130
134 47
134 31
135 129
135 119
135 147
135 66
136 79
136 120
136 104
136 13
136 147
136 18
136 92
137 37
139 41
139 135
139 121
139 14
139 79
140 147
140 112
140 82
140 4
140 101
141 147
141 110
141 41
141 107
141 40
142 102
142 78
142 114
142 126
142 89
144 24
144 149
144 58
144 89
144 99
144 29
144 142
144 40
144 67
145 108
145 58
145 8
145 38
145 101
146 80
146 31
146 124
146 145
146 60
146 46
146 26
146 38
146 61
146 77
147 4
147 13
147 33
147 104
149 99
