0 34 1.0
0 43 1.0
0 86 1.0
0 122 1.0
1 55 1.0
1 57 1.0
1 59 1.0
1 69 1.0
1 76 1.0
1 91 1.0
1 96 1.0
1 105 1.0
1 112 1.0
2 4 1.0
2 8 1.0
2 42 1.0
2 47 1.0
2 49 1.0
2 65 1.0
2 72 1.0
2 74 1.0
2 75 1.0
2 81 1.0
2 108 1.0
3 11 1.0
3 45 1.0
3 58 1.0
3 71 1.0
3 88 1.0
3 107 1.0
4 0 1.0
4 6 1.0
4 21 1.0
4 51 1.0
4 52 1.0
4 53 1.0
4 59 1.0
4 87 1.0
4 102 1.0
4 104 1.0
4 113 1.0
4 114 1.0
4 124 1.0
4 149 1.0
5 31 1.0
5 37 1.0
5 45 1.0
5 54 1.0
5 69 1.0
5 71 1.0
5 106 1.0
5 129 1.0
6 28 1.0
6 37 1.0
6 41 1.0
6 66 1.0
6 69 1.0
6 82 1.0
6 121 1.0
6 125 1.0
6 139 1.0
7 6 1.0
7 9 1.0
7 47 1.0
7 53 1.0
7 64 1.0
7 65 1.0
7 88 1.0
8 10 1.0
8 24 1.0
8 29 1.0
8 46 1.0
8 83 1.0
8 98 1.0
8 99 1.0
8 136 1.0
9 25 1.0
9 31 1.0
9 40 1.0
9 49 1.0
9 72 1.0
9 84 1.0
9 85 1.0
9 104 1.0
9 118 1.0
10 22 1.0
10 23 1.0
10 33 1.0
10 55 1.0
10 63 1.0
10 69 1.0
10 71 1.0
10 76 1.0
10 83 1.0
10 105 1.0
10 116 1.0
10 139 1.0
11 10 1.0
11 22 1.0
11 32 1.0
11 37 1.0
11 48 1.0
11 87 1.0
11 93 1.0
11 100 1.0
11 113 1.0
11 132 1.0
12 16 1.0
12 27 1.0
12 37 1.0
12 38 1.0
12 41 1.0
12 64 1.0
12 76 1.0
12 128 1.0
12 139 1.0
13 52 1.0
13 85 1.0
13 107 1.0
13 112 1.0
13 129 1.0
14 27 1.0
14 30 1.0
14 32 1.0
14 82 1.0
14 115 1.0
15 34 1.0
15 43 1.0
15 51 1.0
15 56 1.0
15 74 1.0
15 82 1.0
15 88 1.0
15 103 1.0
15 126 1.0
15 132 1.0
16 11 1.0
16 74 1.0
16 88 1.0
16 108 1.0
16 114 1.0
16 126 1.0
16 138 1.0
17 13 1.0
17 25 1.0
17 62 1.0
17 64 1.0
17 89 1.0
17 100 1.0
18 0 1.0
18 3 1.0
18 10 1.0
18 12 1.0
18 40 1.0
18 41 1.0
18 43 1.0
19 28 1.0
19 64 1.0
19 74 1.0
19 78 1.0
19 89 1.0
19 120 1.0
19 134 1.0
20 1 1.0
20 16 1.0
20 29 1.0
20 31 1.0
20 57 1.0
20 67 1.0
20 100 1.0
20 105 1.0
20 118 1.0
21 5 1.0
21 26 1.0
21 36 1.0
21 54 1.0
21 86 1.0
21 103 1.0
21 121 1.0
21 131 1.0
22 5 1.0
22 20 1.0
22 31 1.0
22 78 1.0
22 93 1.0
22 98 1.0
22 117 1.0
23 4 1.0
23 58 1.0
23 101 1.0
24 25 1.0
24 43 1.0
24 122 1.0
24 127 1.0
24 128 1.0
25 33 1.0
25 122 1.0
25 124 1.0
26 1 1.0
26 23 1.0
26 24 1.0
26 39 1.0
26 53 1.0
26 58 1.0
26 72 1.0
26 86 1.0
26 95 1.0
26 147 1.0
27 13 1.0
27 52 1.0
27 110 1.0
27 113 1.0
27 120 1.0
27 122 1.0
28 21 1.0
28 40 1.0
28 59 1.0
28 100 1.0
28 128 1.0
28 139 1.0
29 41 1.0
29 56 1.0
29 92 1.0
29 96 1.0
29 99 1.0
29 128 1.0
30 4 1.0
30 15 1.0
30 28 1.0
30 40 1.0
30 41 1.0
30 53 1.0
30 61 1.0
30 70 1.0
30 97 1.0
30 117 1.0
31 8 1.0
31 13 1.0
31 15 1.0
31 18 1.0
31 23 1.0
31 25 1.0
31 33 1.0
31 49 1.0
31 50 1.0
31 60 1.0
31 81 1.0
31 83 1.0
31 99 1.0
31 123 1.0
32 21 1.0
32 57 1.0
33 24 1.0
33 36 1.0
33 52 1.0
33 65 1.0
33 73 1.0
33 78 1.0
34 4 1.0
34 38 1.0
34 61 1.0
34 87 1.0
34 95 1.0
34 109 1.0
35 7 1.0
35 51 1.0
35 61 1.0
35 79 1.0
35 87 1.0
35 98 1.0
35 126 1.0
35 136 1.0
36 4 1.0
36 7 1.0
36 12 1.0
36 29 1.0
36 31 1.0
36 42 1.0
36 55 1.0
36 115 1.0
36 116 1.0
37 4 1.0
37 8 1.0
37 17 1.0
37 19 1.0
37 34 1.0
37 42 1.0
37 56 1.0
37 58 1.0
37 69 1.0
37 78 1.0
37 79 1.0
37 86 1.0
37 103 1.0
37 126 1.0
38 28 1.0
38 48 1.0
38 62 1.0
38 67 1.0
38 100 1.0
38 134 1.0
39 18 1.0
39 21 1.0
39 35 1.0
39 40 1.0
39 42 1.0
39 52 1.0
39 74 1.0
39 114 1.0
39 115 1.0
39 133 1.0
40 0 1.0
40 15 1.0
40 31 1.0
40 81 1.0
40 82 1.0
41 26 1.0
41 69 1.0
41 70 1.0
41 81 1.0
41 127 1.0
41 146 1.0
41 148 1.0
42 2 1.0
42 49 1.0
42 53 1.0
42 59 1.0
42 70 1.0
42 88 1.0
42 106 1.0
42 109 1.0
42 118 1.0
42 121 1.0
43 7 1.0
43 44 1.0
43 73 1.0
43 79 1.0
43 81 1.0
43 86 1.0
43 97 1.0
43 102 1.0
43 110 1.0
44 32 1.0
44 47 1.0
44 65 1.0
44 92 1.0
44 113 1.0
44 126 1.0
44 144 1.0
45 1 1.0
45 4 1.0
45 7 1.0
45 23 1.0
45 44 1.0
45 53 1.0
45 107 1.0
45 126 1.0
46 60 1.0
46 92 1.0
46 107 1.0
46 120 1.0
46 141 1.0
46 149 1.0
47 2 1.0
47 10 1.0
47 22 1.0
47 23 1.0
47 35 1.0
47 41 1.0
47 55 1.0
47 79 1.0
47 112 1.0
47 117 1.0
47 122 1.0
48 16 1.0
48 28 1.0
48 33 1.0
48 52 1.0
48 78 1.0
48 86 1.0
48 96 1.0
48 129 1.0
49 6 1.0
49 46 1.0
49 71 1.0
49 77 1.0
49 86 1.0
49 94 1.0
49 111 1.0
50 42 1.0
50 68 1.0
50 106 1.0
50 147 1.0
51 29 1.0
51 32 1.0
51 55 1.0
51 71 1.0
51 134 1.0
52 6 1.0
52 56 1.0
52 77 1.0
52 81 1.0
52 135 1.0
52 137 1.0
53 44 1.0
53 60 1.0
53 70 1.0
53 73 1.0
53 83 1.0
53 117 1.0
54 7 1.0
54 14 1.0
54 32 1.0
54 64 1.0
54 80 1.0
54 88 1.0
54 94 1.0
54 96 1.0
54 105 1.0
54 116 1.0
54 143 1.0
55 14 1.0
55 18 1.0
55 31 1.0
55 32 1.0
55 49 1.0
55 50 1.0
55 52 1.0
55 62 1.0
55 120 1.0
56 20 1.0
56 33 1.0
56 60 1.0
56 72 1.0
56 110 1.0
56 128 1.0
57 2 1.0
57 12 1.0
57 27 1.0
57 38 1.0
57 51 1.0
57 77 1.0
57 80 1.0
57 83 1.0
57 99 1.0
57 119 1.0
58 37 1.0
58 70 1.0
58 93 1.0
58 115 1.0
58 116 1.0
59 8 1.0
59 44 1.0
59 63 1.0
59 69 1.0
59 70 1.0
59 109 1.0
59 127 1.0
60 4 1.0
60 8 1.0
60 14 1.0
60 22 1.0
60 24 1.0
60 31 1.0
60 42 1.0
60 63 1.0
60 65 1.0
60 76 1.0
60 144 1.0
61 2 1.0
61 44 1.0
61 94 1.0
62 0 1.0
62 36 1.0
62 48 1.0
62 67 1.0
62 70 1.0
62 99 1.0
62 106 1.0
62 116 1.0
62 142 1.0
63 9 1.0
63 15 1.0
63 22 1.0
63 45 1.0
63 47 1.0
63 91 1.0
63 108 1.0
64 1 1.0
64 84 1.0
64 127 1.0
65 16 1.0
65 33 1.0
65 39 1.0
65 69 1.0
65 89 1.0
65 98 1.0
65 104 1.0
65 111 1.0
65 116 1.0
65 140 1.0
66 6 1.0
66 29 1.0
66 31 1.0
66 49 1.0
66 74 1.0
66 84 1.0
67 21 1.0
67 73 1.0
67 87 1.0
67 92 1.0
67 93 1.0
68 15 1.0
68 43 1.0
68 53 1.0
68 71 1.0
68 72 1.0
68 74 1.0
68 85 1.0
68 131 1.0
69 9 1.0
69 15 1.0
69 20 1.0
69 65 1.0
69 121 1.0
70 31 1.0
70 52 1.0
70 63 1.0
70 81 1.0
70 84 1.0
70 87 1.0
70 97 1.0
70 104 1.0
70 108 1.0
70 118 1.0
70 123 1.0
70 124 1.0
71 17 1.0
71 48 1.0
71 66 1.0
71 68 1.0
71 132 1.0
72 94 1.0
72 127 1.0
72 142 1.0
72 145 1.0
73 14 1.0
73 34 1.0
73 38 1.0
73 58 1.0
73 83 1.0
73 112 1.0
73 118 1.0
73 145 1.0
74 4 1.0
74 8 1.0
74 28 1.0
74 38 1.0
74 39 1.0
74 47 1.0
74 59 1.0
74 68 1.0
74 83 1.0
74 89 1.0
74 143 1.0
75 48 1.0
75 87 1.0
75 98 1.0
76 5 1.0
76 6 1.0
76 9 1.0
76 37 1.0
76 70 1.0
76 91 1.0
76 141 1.0
76 146 1.0
77 1 1.0
77 19 1.0
77 25 1.0
77 34 1.0
77 39 1.0
77 100 1.0
77 106 1.0
77 108 1.0
78 0 1.0
78 13 1.0
78 47 1.0
78 105 1.0
78 112 1.0
78 114 1.0
78 129 1.0
79 15 1.0
79 51 1.0
79 54 1.0
79 58 1.0
79 65 1.0
79 76 1.0
79 96 1.0
79 107 1.0
79 109 1.0
80 48 1.0
80 49 1.0
80 63 1.0
80 87 1.0
80 120 1.0
80 131 1.0
81 30 1.0
81 51 1.0
81 59 1.0
81 72 1.0
81 86 1.0
81 104 1.0
81 114 1.0
82 10 1.0
82 23 1.0
82 61 1.0
82 72 1.0
82 98 1.0
83 16 1.0
83 46 1.0
83 50 1.0
83 51 1.0
83 70 1.0
83 75 1.0
83 91 1.0
83 100 1.0
83 106 1.0
83 112 1.0
83 118 1.0
84 13 1.0
84 32 1.0
84 69 1.0
84 97 1.0
84 98 1.0
84 144 1.0
85 17 1.0
85 29 1.0
85 36 1.0
85 50 1.0
85 76 1.0
85 113 1.0
85 125 1.0
86 1 1.0
86 42 1.0
86 52 1.0
86 53 1.0
86 83 1.0
86 100 1.0
86 106 1.0
87 79 1.0
87 83 1.0
87 104 1.0
87 113 1.0
88 4 1.0
88 8 1.0
88 19 1.0
88 27 1.0
88 47 1.0
88 77 1.0
88 83 1.0
88 90 1.0
88 123 1.0
88 133 1.0
89 19 1.0
89 27 1.0
89 32 1.0
89 82 1.0
89 92 1.0
89 106 1.0
89 124 1.0
90 7 1.0
90 29 1.0
90 33 1.0
90 40 1.0
90 61 1.0
90 67 1.0
90 78 1.0
90 81 1.0
90 87 1.0
90 102 1.0
90 113 1.0
90 122 1.0
90 128 1.0
91 0 1.0
91 17 1.0
91 19 1.0
91 23 1.0
91 43 1.0
91 44 1.0
91 46 1.0
91 57 1.0
91 108 1.0
91 114 1.0
91 119 1.0
91 128 1.0
92 16 1.0
92 17 1.0
92 25 1.0
92 49 1.0
92 108 1.0
92 112 1.0
92 120 1.0
93 34 1.0
93 39 1.0
93 68 1.0
93 75 1.0
93 99 1.0
93 109 1.0
93 119 1.0
93 123 1.0
93 131 1.0
94 7 1.0
94 11 1.0
94 21 1.0
94 29 1.0
94 33 1.0
94 51 1.0
94 65 1.0
94 70 1.0
94 129 1.0
94 149 1.0
95 13 1.0
95 21 1.0
95 53 1.0
95 80 1.0
95 126 1.0
96 10 1.0
96 12 1.0
96 14 1.0
96 32 1.0
96 70 1.0
96 130 1.0
96 147 1.0
97 19 1.0
97 80 1.0
97 89 1.0
97 94 1.0
97 107 1.0
97 114 1.0
97 130 1.0
98 17 1.0
98 64 1.0
98 66 1.0
98 69 1.0
98 80 1.0
98 96 1.0
99 14 1.0
99 28 1.0
99 48 1.0
99 51 1.0
99 77 1.0
99 92 1.0
99 127 1.0
99 135 1.0
99 137 1.0
100 6 1.0
100 16 1.0
100 61 1.0
100 135 1.0
101 25 1.0
101 51 1.0
101 65 1.0
101 94 1.0
101 103 1.0
101 104 1.0
101 114 1.0
101 123 1.0
101 127 1.0
101 132 1.0
102 1 1.0
102 19 1.0
102 38 1.0
102 62 1.0
102 88 1.0
103 4 1.0
103 21 1.0
103 26 1.0
103 36 1.0
103 71 1.0
103 90 1.0
103 91 1.0
103 119 1.0
103 122 1.0
104 9 1.0
104 47 1.0
104 55 1.0
104 65 1.0
104 83 1.0
104 88 1.0
104 108 1.0
104 146 1.0
105 26 1.0
105 66 1.0
105 70 1.0
105 75 1.0
105 104 1.0
105 122 1.0
105 133 1.0
105 138 1.0
106 0 1.0
106 12 1.0
106 28 1.0
106 30 1.0
106 33 1.0
106 42 1.0
106 80 1.0
106 98 1.0
106 130 1.0
107 8 1.0
107 13 1.0
107 20 1.0
107 63 1.0
107 73 1.0
107 93 1.0
108 19 1.0
108 40 1.0
108 135 1.0
109 15 1.0
109 25 1.0
109 42 1.0
109 54 1.0
109 56 1.0
109 59 1.0
109 74 1.0
109 76 1.0
109 111 1.0
109 115 1.0
109 116 1.0
109 124 1.0
110 0 1.0
110 48 1.0
110 52 1.0
110 113 1.0
110 149 1.0
111 9 1.0
111 23 1.0
111 24 1.0
111 25 1.0
111 34 1.0
111 35 1.0
111 44 1.0
111 74 1.0
111 76 1.0
111 79 1.0
111 135 1.0
112 19 1.0
112 26 1.0
112 77 1.0
112 109 1.0
112 121 1.0
113 54 1.0
113 77 1.0
114 42 1.0
114 54 1.0
114 59 1.0
114 62 1.0
114 74 1.0
114 107 1.0
114 120 1.0
114 121 1.0
114 145 1.0
115 3 1.0
115 7 1.0
115 29 1.0
115 34 1.0
115 56 1.0
115 57 1.0
115 63 1.0
115 72 1.0
115 96 1.0
115 113 1.0
115 118 1.0
115 119 1.0
116 4 1.0
116 21 1.0
116 62 1.0
116 96 1.0
116 97 1.0
116 129 1.0
117 0 1.0
117 18 1.0
117 24 1.0
117 93 1.0
117 138 1.0
118 4 1.0
118 17 1.0
118 42 1.0
118 56 1.0
118 107 1.0
119 5 1.0
119 15 1.0
119 16 1.0
119 22 1.0
119 24 1.0
119 35 1.0
119 64 1.0
119 68 1.0
120 61 1.0
120 93 1.0
120 148 1.0
121 17 1.0
121 27 1.0
121 32 1.0
121 34 1.0
121 102 1.0
121 104 1.0
122 16 1.0
122 17 1.0
122 32 1.0
122 45 1.0
122 48 1.0
122 70 1.0
122 72 1.0
122 95 1.0
122 114 1.0
122 118 1.0
122 128 1.0
123 14 1.0
123 25 1.0
123 33 1.0
123 37 1.0
123 42 1.0
123 63 1.0
123 113 1.0
123 120 1.0
123 125 1.0
124 4 1.0
124 6 1.0
124 7 1.0
124 35 1.0
124 49 1.0
124 62 1.0
124 82 1.0
124 98 1.0
124 110 1.0
124 112 1.0
124 118 1.0
125 26 1.0
125 38 1.0
125 41 1.0
125 73 1.0
125 93 1.0
125 95 1.0
125 109 1.0
126 16 1.0
126 32 1.0
126 57 1.0
126 84 1.0
126 115 1.0
126 129 1.0
126 130 1.0
127 12 1.0
128 23 1.0
128 25 1.0
128 31 1.0
128 44 1.0
128 85 1.0
128 94 1.0
128 102 1.0
129 8 1.0
129 23 1.0
129 24 1.0
129 39 1.0
129 49 1.0
129 52 1.0
129 67 1.0
129 75 1.0
129 88 1.0
129 147 1.0
130 96 1.0
130 97 1.0
130 106 1.0
130 126 1.0
131 21 1.0
131 68 1.0
131 80 1.0
131 93 1.0
131 137 1.0
132 11 1.0
132 15 1.0
132 71 1.0
132 101 1.0
132 136 1.0
133 39 1.0
133 88 1.0
133 105 1.0
134 19 1.0
134 38 1.0
134 51 1.0
134 137 1.0
135 52 1.0
135 99 1.0
135 100 1.0
135 108 1.0
135 111 1.0
136 8 1.0
136 35 1.0
136 132 1.0
137 52 1.0
137 99 1.0
137 131 1.0
137 134 1.0
137 149 1.0
138 16 1.0
138 105 1.0
138 117 1.0
138 148 1.0
139 6 1.0
139 10 1.0
139 12 1.0
139 28 1.0
140 65 1.0
141 46 1.0
141 76 1.0
141 145 1.0
142 62 1.0
142 72 1.0
143 54 1.0
143 74 1.0
144 44 1.0
144 60 1.0
144 84 1.0
145 72 1.0
145 73 1.0
145 114 1.0
145 141 1.0
146 41 1.0
146 76 1.0
146 104 1.0
147 26 1.0
147 50 1.0
147 96 1.0
147 129 1.0
148 41 1.0
148 120 1.0
148 138 1.0
149 4 1.0
149 46 1.0
149 94 1.0
149 110 1.0
149 137 1.0
