0 60
0 23
0 137
0 136
0 48
0 62
0 30
0 38
0 138
0 33
1 36
1 97
1 9
1 142
1 32
1 113
1 4
1 131
1 16
1 51
1 120
1 26
2 60
2 14
2 42
2 13
2 30
2 28
2 117
2 101
2 73
3 25
3 141
3 117
3 81
3 100
3 44
3 23
3 8
3 106
3 36
4 34
4 43
4 62
4 41
4 55
4 52
4 33
4 13
4 143
4 84
4 7
5 54
5 21
5 78
5 109
5 103
5 56
5 87
6 143
6 105
6 16
6 78
6 60
6 82
6 69
6 119
6 75
6 123
7 84
7 30
7 0
7 120
7 6
7 101
7 34
7 52
7 37
7 94
8 53
8 29
8 92
8 147
8 30
8 93
9 46
9 135
9 37
9 147
9 88
9 74
9 73
9 17
9 75
9 89
10 65
10 16
10 120
10 73
10 41
10 124
10 105
10 92
10 51
10 104
11 24
11 99
11 32
11 81
11 118
11 70
11 3
11 53
12 53
12 31
12 37
12 40
12 97
12 33
12 98
12 50
12 69
13 142
13 90
13 133
13 137
13 33
13 81
13 107
13 83
13 95
13 31
14 119
14 125
14 121
14 84
14 98
14 64
14 1
14 128
14 32
14 34
14 55
15 18
15 94
15 36
15 138
15 107
15 81
15 86
15 139
15 75
16 7
16 50
16 90
16 26
16 11
16 87
16 55
17 42
17 109
17 113
17 76
17 3
17 127
17 107
17 108
17 132
17 88
17 51
18 79
18 0
18 131
18 5
18 112
18 68
18 121
19 10
19 142
19 120
19 80
19 89
19 28
19 111
19 24
19 97
19 43
19 115
19 75
20 4
20 53
20 78
20 11
20 13
21 70
21 103
21 136
22 28
22 105
22 51
22 41
22 26
22 106
22 101
23 14
23 56
23 80
23 142
23 78
23 25
23 55
24 10
24 67
24 141
24 26
24 17
24 55
24 34
24 44
25 133
25 144
25 97
25 24
25 26
25 58
25 50
25 105
26 76
26 93
26 109
26 58
26 127
26 25
26 74
27 110
27 56
27 83
27 7
27 141
27 32
27 148
27 65
28 13
28 1
28 83
28 61
28 111
28 131
28 95
29 122
29 8
29 107
29 136
29 24
29 110
29 34
29 53
30 132
30 39
30 13
30 79
30 38
30 117
30 5
30 102
31 132
31 130
31 93
31 67
31 124
31 61
31 15
31 145
31 83
31 66
31 46
32 68
32 12
32 44
32 79
32 108
32 17
32 33
32 146
32 9
32 80
32 129
33 41
33 3
33 66
33 13
33 50
34 65
34 90
34 119
34 16
34 94
34 125
34 21
34 133
34 70
34 31
35 134
35 12
35 137
35 28
35 11
35 144
35 60
35 102
35 10
35 147
35 7
36 130
36 25
36 70
36 66
36 109
36 97
37 50
37 129
37 78
37 147
37 146
37 139
37 121
38 114
38 113
38 128
38 140
38 68
38 57
38 34
38 148
38 146
39 64
39 37
39 115
39 7
39 91
39 26
39 46
39 139
39 77
39 97
40 42
40 51
40 110
40 20
40 147
41 85
41 73
41 138
41 0
41 117
41 47
41 147
41 64
42 103
42 128
42 126
42 78
42 15
42 10
43 100
43 34
43 14
43 115
43 6
43 123
43 127
43 135
44 72
44 144
44 46
44 61
44 41
44 52
44 123
44 141
44 64
44 84
44 121
45 75
45 96
45 65
45 117
45 41
45 25
46 109
46 117
46 83
46 92
46 84
46 33
46 124
46 2
46 128
46 116
46 43
47 137
47 77
47 75
47 38
47 57
47 49
47 32
47 133
47 69
47 61
47 126
47 24
47 14
47 135
48 72
48 123
48 50
48 98
48 89
48 52
48 7
48 54
48 4
49 12
49 64
49 22
49 139
49 125
49 29
49 121
49 124
49 138
49 28
49 85
49 78
49 141
50 97
50 147
50 40
50 31
50 62
50 46
50 119
50 39
50 44
50 86
51 14
51 126
51 91
51 60
51 65
51 53
51 89
51 23
51 141
52 100
52 131
52 45
52 80
52 74
53 27
53 87
53 118
53 55
54 69
54 31
54 89
54 11
54 133
54 142
54 55
54 105
55 73
55 16
55 90
55 31
55 15
55 0
56 116
56 74
56 66
56 103
56 93
56 37
57 63
57 111
57 78
57 33
57 64
57 80
57 148
57 100
57 13
57 91
57 28
58 51
58 106
58 10
58 44
58 25
59 149
59 114
59 32
59 27
59 54
59 67
60 14
60 90
60 136
60 148
60 120
60 29
61 102
61 114
61 35
61 42
61 110
61 40
62 69
62 12
62 48
62 134
62 9
62 139
62 103
63 100
63 36
63 67
63 17
63 134
63 28
64 56
64 7
64 147
64 113
64 106
65 41
65 21
65 63
65 8
65 61
65 0
65 147
65 64
66 149
66 134
66 12
66 94
66 73
66 116
66 68
66 86
67 96
67 12
67 90
67 32
67 93
67 1
67 66
67 98
67 55
67 86
67 4
68 137
68 92
68 24
68 116
68 96
68 16
68 125
68 120
68 74
69 89
69 43
69 74
69 122
69 22
69 20
69 2
70 67
70 110
70 4
70 87
71 33
71 2
71 21
71 22
71 62
71 127
71 113
72 84
72 118
72 80
72 30
72 127
72 24
73 123
73 99
73 51
73 100
73 33
73 72
73 136
73 132
74 12
74 6
74 65
74 124
74 143
74 119
74 28
74 2
75 72
75 55
75 8
75 27
75 125
75 128
75 11
75 66
76 121
76 43
76 83
76 149
76 110
76 13
76 71
76 123
76 143
76 22
77 19
77 139
77 24
77 49
77 13
77 48
77 66
77 92
78 27
78 9
78 68
79 90
79 18
79 84
79 76
79 29
80 131
80 62
80 104
80 109
80 133
80 124
80 97
80 58
80 13
80 92
81 142
81 6
82 39
82 0
82 79
82 35
82 77
82 125
82 5
82 103
82 140
82 33
83 143
83 20
83 92
83 111
83 139
83 130
83 9
83 78
83 114
83 47
83 91
84 148
84 28
84 55
84 91
84 58
84 98
84 43
84 30
85 55
85 64
85 41
85 135
85 103
85 127
85 118
85 136
85 72
86 141
86 47
86 118
86 109
87 38
87 42
87 133
87 84
88 95
88 85
88 75
88 19
88 25
88 108
88 23
88 129
88 110
89 61
89 79
89 83
89 80
89 54
89 116
89 2
89 69
89 33
89 66
90 76
90 8
90 110
90 105
90 52
90 130
90 142
90 143
90 138
90 45
90 22
91 122
91 75
91 39
91 57
91 141
91 3
91 68
91 55
91 94
91 25
91 72
92 53
92 54
92 137
92 29
92 49
92 4
92 106
92 59
93 20
93 8
93 70
93 53
93 75
93 33
93 90
93 88
93 99
93 54
94 30
94 62
94 149
94 131
94 26
94 8
94 87
95 36
95 59
95 106
95 82
95 81
95 20
96 147
96 84
96 129
96 56
96 9
96 136
96 122
96 31
97 39
97 29
97 130
97 124
97 2
97 92
97 110
98 107
98 60
98 109
98 146
98 15
98 19
98 67
98 27
98 66
99 111
99 97
99 82
99 14
99 13
99 24
99 36
99 137
99 136
99 21
100 26
100 35
100 0
100 92
101 132
101 114
101 135
101 134
101 106
101 138
101 1
101 120
102 5
102 138
102 36
102 17
102 40
102 83
102 66
102 19
103 27
103 5
103 35
103 122
103 52
103 3
103 136
103 146
103 149
103 139
103 49
103 137
104 79
104 13
104 27
104 77
104 94
104 58
104 7
105 59
105 15
105 113
105 10
105 99
105 50
105 103
106 0
106 41
106 3
106 75
106 138
106 35
106 148
107 2
108 134
108 79
108 15
108 48
108 31
108 70
108 52
108 94
109 71
109 46
109 28
109 112
109 73
109 8
109 20
109 129
109 124
110 5
110 117
110 55
110 109
110 144
111 105
111 142
111 71
111 80
111 116
111 124
111 112
111 31
111 61
112 74
112 37
112 133
112 49
112 25
112 12
112 28
112 39
112 110
112 48
113 69
113 20
113 109
113 148
113 43
113 146
113 19
114 95
114 84
114 129
114 128
114 17
114 61
114 101
114 133
114 60
114 10
115 48
115 58
115 122
115 111
115 39
115 4
115 34
115 141
115 38
115 50
116 104
116 42
116 139
116 106
116 133
116 18
116 0
117 93
117 113
117 119
117 98
117 112
117 75
117 99
118 78
118 125
118 50
118 75
119 54
119 0
119 125
119 42
119 138
119 121
119 83
119 53
119 110
119 23
119 142
119 63
119 128
119 33
119 80
119 59
120 98
120 88
120 4
120 2
120 96
120 95
120 114
120 62
120 85
120 81
120 34
120 140
121 140
121 28
121 12
121 73
121 27
121 85
122 32
122 77
122 74
122 33
122 2
122 134
122 50
122 121
122 86
123 88
123 115
123 107
123 60
123 33
123 114
123 53
124 100
125 115
125 45
125 92
125 38
125 76
125 129
125 98
126 130
126 30
126 105
126 31
126 15
126 51
127 9
127 27
127 75
127 26
127 145
127 136
127 46
127 95
127 4
127 39
127 64
127 71
127 85
128 16
128 65
128 2
128 121
128 8
128 143
128 82
128 114
129 126
129 121
129 25
129 14
129 8
129 33
129 60
129 34
130 89
130 1
130 81
130 25
130 128
130 78
131 85
131 69
131 149
131 126
131 143
131 45
132 56
132 63
132 147
132 30
132 121
132 86
132 99
132 1
132 100
133 57
133 62
133 83
133 139
133 4
134 61
134 142
134 114
134 115
134 39
134 11
134 53
134 119
135 55
135 13
135 104
135 52
135 86
135 114
135 127
136 128
136 117
136 124
136 149
136 42
136 31
136 122
137 77
137 64
137 9
137 118
137 112
137 36
137 47
137 13
138 33
138 46
138 99
138 1
138 148
138 93
138 95
138 115
139 2
139 47
139 81
139 125
139 61
139 147
139 119
139 16
139 86
139 33
140 32
140 80
140 67
140 94
141 111
141 33
141 119
141 87
141 31
141 130
141 45
141 16
141 13
142 70
142 29
142 111
142 37
142 90
142 18
142 136
142 39
143 127
143 142
143 72
143 108
143 129
143 70
144 87
144 11
144 68
144 42
144 109
144 41
144 61
144 32
144 12
145 137
145 79
145 39
145 48
145 134
145 11
145 110
145 56
146 76
146 127
146 59
146 130
146 92
146 60
146 74
147 43
147 114
147 92
147 90
147 113
147 121
147 47
147 91
147 71
148 83
148 55
148 139
148 142
148 100
148 136
148 28
148 81
148 35
148 8
149 66
149 92
149 10
149 67
149 16
149 54
149 127
149 30
