0 3 1.0
0 10 1.0
0 23 1.0
0 30 1.0
0 50 1.0
0 90 1.0
0 111 1.0
0 113 1.0
0 114 1.0
0 144 1.0
1 47 1.0
1 79 1.0
1 98 1.0
1 125 1.0
2 28 1.0
2 33 1.0
2 35 1.0
2 88 1.0
2 97 1.0
2 105 1.0
2 114 1.0
2 119 1.0
3 8 1.0
3 21 1.0
3 60 1.0
3 104 1.0
3 139 1.0
4 6 1.0
4 8 1.0
4 9 1.0
4 14 1.0
4 34 1.0
4 53 1.0
4 54 1.0
4 58 1.0
4 76 1.0
4 112 1.0
4 118 1.0
4 129 1.0
5 1 1.0
5 14 1.0
5 38 1.0
5 54 1.0
5 61 1.0
5 75 1.0
5 83 1.0
6 0 1.0
6 19 1.0
6 22 1.0
6 26 1.0
6 57 1.0
6 74 1.0
6 89 1.0
6 129 1.0
7 32 1.0
7 33 1.0
7 72 1.0
7 93 1.0
7 94 1.0
7 104 1.0
7 129 1.0
7 136 1.0
8 3 1.0
8 6 1.0
8 21 1.0
8 32 1.0
8 58 1.0
8 66 1.0
8 71 1.0
8 80 1.0
8 117 1.0
9 14 1.0
9 71 1.0
9 88 1.0
9 90 1.0
9 94 1.0
9 98 1.0
9 105 1.0
9 124 1.0
10 8 1.0
10 25 1.0
10 39 1.0
10 53 1.0
10 57 1.0
10 59 1.0
10 71 1.0
10 108 1.0
10 112 1.0
11 16 1.0
11 20 1.0
11 66 1.0
11 72 1.0
11 74 1.0
11 75 1.0
11 109 1.0
11 117 1.0
11 121 1.0
11 135 1.0
12 52 1.0
12 87 1.0
12 113 1.0
12 121 1.0
12 131 1.0
13 20 1.0
13 24 1.0
13 46 1.0
13 122 1.0
13 140 1.0
14 13 1.0
14 33 1.0
14 44 1.0
14 67 1.0
14 68 1.0
14 90 1.0
14 102 1.0
14 103 1.0
14 116 1.0
14 148 1.0
15 16 1.0
15 49 1.0
15 52 1.0
15 83 1.0
15 91 1.0
15 95 1.0
15 110 1.0
15 116 1.0
15 118 1.0
16 26 1.0
16 52 1.0
16 57 1.0
16 84 1.0
16 105 1.0
16 110 1.0
16 133 1.0
16 145 1.0
17 1 1.0
17 8 1.0
17 64 1.0
17 102 1.0
17 106 1.0
17 120 1.0
17 126 1.0
17 146 1.0
18 21 1.0
18 25 1.0
18 29 1.0
18 60 1.0
18 65 1.0
18 77 1.0
18 84 1.0
18 106 1.0
18 122 1.0
19 0 1.0
19 21 1.0
19 43 1.0
19 97 1.0
20 17 1.0
20 23 1.0
20 91 1.0
20 117 1.0
20 144 1.0
21 6 1.0
21 31 1.0
21 61 1.0
21 66 1.0
21 104 1.0
21 120 1.0
22 16 1.0
22 38 1.0
22 49 1.0
22 61 1.0
22 77 1.0
22 98 1.0
22 102 1.0
22 105 1.0
22 141 1.0
23 1 1.0
23 9 1.0
23 10 1.0
23 31 1.0
23 47 1.0
23 58 1.0
23 78 1.0
23 87 1.0
23 114 1.0
23 144 1.0
24 1 1.0
24 15 1.0
24 54 1.0
24 68 1.0
24 96 1.0
24 107 1.0
24 126 1.0
25 61 1.0
25 99 1.0
25 122 1.0
25 143 1.0
26 1 1.0
26 92 1.0
26 118 1.0
27 7 1.0
27 24 1.0
27 39 1.0
27 45 1.0
27 92 1.0
27 101 1.0
27 110 1.0
27 117 1.0
28 14 1.0
28 41 1.0
28 62 1.0
28 88 1.0
28 110 1.0
28 118 1.0
28 130 1.0
29 1 1.0
29 16 1.0
29 38 1.0
29 49 1.0
29 50 1.0
29 72 1.0
30 12 1.0
30 23 1.0
30 71 1.0
30 83 1.0
30 85 1.0
30 91 1.0
30 115 1.0
30 116 1.0
30 144 1.0
31 22 1.0
31 38 1.0
31 40 1.0
31 67 1.0
31 82 1.0
31 92 1.0
31 96 1.0
31 142 1.0
32 1 1.0
32 22 1.0
32 40 1.0
32 63 1.0
32 78 1.0
32 141 1.0
32 142 1.0
33 93 1.0
33 106 1.0
33 107 1.0
34 24 1.0
34 25 1.0
34 57 1.0
34 73 1.0
34 90 1.0
35 2 1.0
35 90 1.0
35 95 1.0
35 103 1.0
35 131 1.0
35 135 1.0
36 13 1.0
36 33 1.0
36 39 1.0
36 44 1.0
36 58 1.0
36 121 1.0
37 3 1.0
37 19 1.0
37 25 1.0
37 61 1.0
37 72 1.0
37 115 1.0
37 120 1.0
38 1 1.0
38 12 1.0
38 22 1.0
38 29 1.0
38 30 1.0
38 139 1.0
39 2 1.0
39 12 1.0
39 17 1.0
39 67 1.0
39 70 1.0
39 77 1.0
39 87 1.0
39 92 1.0
39 104 1.0
39 118 1.0
39 123 1.0
40 13 1.0
40 19 1.0
40 70 1.0
40 75 1.0
40 90 1.0
40 102 1.0
40 104 1.0
40 107 1.0
41 4 1.0
41 12 1.0
41 46 1.0
41 72 1.0
41 77 1.0
41 101 1.0
41 118 1.0
41 139 1.0
42 1 1.0
42 23 1.0
42 30 1.0
42 91 1.0
42 93 1.0
42 104 1.0
42 120 1.0
42 137 1.0
43 31 1.0
43 39 1.0
43 54 1.0
43 74 1.0
43 97 1.0
43 103 1.0
43 108 1.0
44 14 1.0
44 15 1.0
44 36 1.0
44 70 1.0
44 112 1.0
44 117 1.0
44 126 1.0
45 23 1.0
45 33 1.0
45 42 1.0
45 70 1.0
45 79 1.0
45 118 1.0
45 120 1.0
45 144 1.0
46 2 1.0
46 36 1.0
46 38 1.0
46 53 1.0
46 67 1.0
46 77 1.0
46 97 1.0
46 117 1.0
46 121 1.0
47 33 1.0
47 63 1.0
47 72 1.0
47 73 1.0
47 83 1.0
48 3 1.0
48 4 1.0
48 19 1.0
48 28 1.0
48 57 1.0
48 63 1.0
48 83 1.0
48 87 1.0
48 91 1.0
48 125 1.0
49 32 1.0
49 36 1.0
49 40 1.0
49 47 1.0
49 68 1.0
49 86 1.0
49 92 1.0
49 146 1.0
50 27 1.0
50 60 1.0
50 76 1.0
50 78 1.0
50 90 1.0
50 103 1.0
50 149 1.0
51 45 1.0
51 65 1.0
51 95 1.0
51 98 1.0
51 111 1.0
52 2 1.0
52 16 1.0
52 29 1.0
52 42 1.0
52 71 1.0
52 72 1.0
52 75 1.0
52 137 1.0
53 21 1.0
53 45 1.0
53 65 1.0
53 71 1.0
53 78 1.0
53 91 1.0
53 100 1.0
53 108 1.0
53 114 1.0
53 126 1.0
54 1 1.0
54 21 1.0
54 22 1.0
54 27 1.0
54 61 1.0
54 102 1.0
55 8 1.0
55 17 1.0
55 18 1.0
55 60 1.0
55 61 1.0
55 109 1.0
55 127 1.0
56 11 1.0
56 16 1.0
56 36 1.0
56 65 1.0
56 88 1.0
56 114 1.0
57 0 1.0
57 5 1.0
57 41 1.0
57 78 1.0
57 80 1.0
57 104 1.0
58 10 1.0
58 39 1.0
58 52 1.0
58 56 1.0
58 60 1.0
58 65 1.0
58 76 1.0
58 85 1.0
58 108 1.0
58 123 1.0
58 135 1.0
58 139 1.0
59 16 1.0
59 26 1.0
59 38 1.0
59 69 1.0
60 108 1.0
60 126 1.0
60 128 1.0
60 137 1.0
61 65 1.0
61 102 1.0
61 133 1.0
61 136 1.0
62 0 1.0
62 13 1.0
62 24 1.0
62 35 1.0
62 40 1.0
62 49 1.0
62 64 1.0
62 86 1.0
62 111 1.0
63 15 1.0
63 19 1.0
63 26 1.0
63 46 1.0
63 68 1.0
63 73 1.0
63 125 1.0
63 126 1.0
64 63 1.0
64 74 1.0
64 78 1.0
64 80 1.0
64 102 1.0
65 18 1.0
65 70 1.0
65 74 1.0
65 93 1.0
65 97 1.0
65 103 1.0
65 124 1.0
65 145 1.0
66 35 1.0
66 71 1.0
67 11 1.0
67 13 1.0
67 51 1.0
67 69 1.0
67 100 1.0
67 112 1.0
68 0 1.0
68 22 1.0
68 28 1.0
68 58 1.0
68 93 1.0
68 102 1.0
68 117 1.0
68 139 1.0
69 63 1.0
69 74 1.0
69 129 1.0
70 6 1.0
70 8 1.0
70 38 1.0
70 64 1.0
70 81 1.0
70 82 1.0
70 112 1.0
70 118 1.0
71 2 1.0
71 32 1.0
71 35 1.0
71 45 1.0
71 70 1.0
71 94 1.0
72 8 1.0
72 60 1.0
72 121 1.0
72 147 1.0
73 122 1.0
74 4 1.0
74 99 1.0
74 104 1.0
74 108 1.0
74 118 1.0
75 6 1.0
75 22 1.0
75 36 1.0
75 77 1.0
75 87 1.0
75 127 1.0
76 35 1.0
76 63 1.0
76 100 1.0
76 103 1.0
77 34 1.0
77 68 1.0
77 114 1.0
77 119 1.0
77 126 1.0
78 1 1.0
78 11 1.0
78 30 1.0
78 48 1.0
78 56 1.0
78 57 1.0
78 61 1.0
78 112 1.0
79 52 1.0
79 63 1.0
79 75 1.0
79 89 1.0
79 103 1.0
79 109 1.0
79 117 1.0
79 120 1.0
79 128 1.0
80 3 1.0
80 8 1.0
80 71 1.0
80 86 1.0
80 103 1.0
80 119 1.0
80 133 1.0
80 141 1.0
81 9 1.0
81 34 1.0
81 42 1.0
81 43 1.0
81 60 1.0
81 67 1.0
81 112 1.0
81 119 1.0
81 127 1.0
82 18 1.0
82 40 1.0
82 62 1.0
82 88 1.0
82 100 1.0
83 6 1.0
83 9 1.0
83 43 1.0
83 68 1.0
84 16 1.0
84 49 1.0
84 60 1.0
84 93 1.0
84 125 1.0
84 134 1.0
85 43 1.0
85 44 1.0
85 77 1.0
85 81 1.0
85 91 1.0
85 92 1.0
85 95 1.0
85 103 1.0
85 114 1.0
86 23 1.0
86 40 1.0
86 51 1.0
86 96 1.0
87 5 1.0
87 9 1.0
87 14 1.0
87 59 1.0
87 91 1.0
87 98 1.0
87 116 1.0
87 125 1.0
88 9 1.0
88 22 1.0
88 27 1.0
88 39 1.0
88 45 1.0
88 53 1.0
88 60 1.0
88 74 1.0
88 80 1.0
88 89 1.0
88 122 1.0
88 125 1.0
89 17 1.0
89 61 1.0
89 64 1.0
89 92 1.0
89 101 1.0
89 104 1.0
89 121 1.0
89 135 1.0
90 13 1.0
90 20 1.0
90 57 1.0
90 70 1.0
90 97 1.0
90 108 1.0
90 123 1.0
91 5 1.0
91 46 1.0
91 57 1.0
91 88 1.0
91 93 1.0
92 51 1.0
92 62 1.0
92 69 1.0
92 82 1.0
92 117 1.0
92 122 1.0
93 17 1.0
93 35 1.0
93 95 1.0
94 6 1.0
94 11 1.0
94 21 1.0
94 35 1.0
94 81 1.0
94 82 1.0
94 95 1.0
94 105 1.0
94 112 1.0
95 3 1.0
95 21 1.0
95 24 1.0
95 39 1.0
95 100 1.0
95 106 1.0
95 110 1.0
95 114 1.0
96 26 1.0
96 40 1.0
96 41 1.0
96 55 1.0
96 57 1.0
96 60 1.0
96 105 1.0
96 109 1.0
96 117 1.0
97 11 1.0
97 15 1.0
97 29 1.0
97 37 1.0
97 102 1.0
97 104 1.0
97 109 1.0
97 123 1.0
98 27 1.0
98 46 1.0
98 93 1.0
98 99 1.0
98 128 1.0
99 1 1.0
99 4 1.0
99 26 1.0
99 29 1.0
99 47 1.0
99 63 1.0
99 95 1.0
100 7 1.0
100 14 1.0
100 51 1.0
100 71 1.0
100 77 1.0
100 78 1.0
100 81 1.0
100 90 1.0
101 21 1.0
101 45 1.0
101 51 1.0
101 73 1.0
101 78 1.0
101 96 1.0
101 104 1.0
101 107 1.0
101 122 1.0
101 127 1.0
102 32 1.0
102 44 1.0
102 58 1.0
102 88 1.0
102 115 1.0
102 116 1.0
102 149 1.0
103 23 1.0
103 41 1.0
103 90 1.0
103 91 1.0
103 97 1.0
103 104 1.0
103 114 1.0
104 10 1.0
104 32 1.0
104 48 1.0
104 57 1.0
104 59 1.0
104 62 1.0
104 91 1.0
104 113 1.0
104 115 1.0
105 6 1.0
105 12 1.0
105 59 1.0
105 82 1.0
106 48 1.0
106 73 1.0
106 116 1.0
106 122 1.0
106 149 1.0
107 22 1.0
107 32 1.0
107 46 1.0
107 53 1.0
107 95 1.0
108 24 1.0
108 35 1.0
108 49 1.0
108 52 1.0
108 64 1.0
108 77 1.0
108 90 1.0
108 95 1.0
108 109 1.0
108 118 1.0
109 38 1.0
109 73 1.0
110 27 1.0
110 31 1.0
110 59 1.0
110 82 1.0
110 89 1.0
110 117 1.0
111 43 1.0
111 45 1.0
111 61 1.0
111 63 1.0
111 79 1.0
111 85 1.0
111 112 1.0
111 129 1.0
112 23 1.0
112 38 1.0
112 40 1.0
112 50 1.0
112 52 1.0
112 94 1.0
112 110 1.0
113 17 1.0
113 22 1.0
113 46 1.0
114 6 1.0
114 66 1.0
114 77 1.0
114 82 1.0
114 96 1.0
114 105 1.0
114 119 1.0
114 142 1.0
115 23 1.0
115 67 1.0
115 74 1.0
115 117 1.0
115 118 1.0
115 139 1.0
115 145 1.0
116 2 1.0
116 9 1.0
116 35 1.0
116 65 1.0
116 74 1.0
116 105 1.0
116 110 1.0
116 142 1.0
117 4 1.0
117 19 1.0
117 29 1.0
117 33 1.0
117 34 1.0
117 45 1.0
117 92 1.0
117 101 1.0
117 119 1.0
117 122 1.0
118 20 1.0
118 50 1.0
118 125 1.0
119 0 1.0
119 23 1.0
119 27 1.0
119 36 1.0
119 47 1.0
119 58 1.0
119 70 1.0
119 88 1.0
119 128 1.0
120 13 1.0
120 46 1.0
120 87 1.0
120 91 1.0
120 92 1.0
120 94 1.0
121 10 1.0
121 27 1.0
121 31 1.0
121 57 1.0
121 61 1.0
121 65 1.0
121 66 1.0
121 72 1.0
121 94 1.0
121 102 1.0
122 10 1.0
122 49 1.0
122 65 1.0
122 127 1.0
122 128 1.0
123 11 1.0
123 87 1.0
123 96 1.0
123 113 1.0
124 35 1.0
124 40 1.0
124 44 1.0
124 60 1.0
124 64 1.0
124 97 1.0
124 101 1.0
124 116 1.0
125 5 1.0
125 8 1.0
125 19 1.0
125 53 1.0
125 105 1.0
125 114 1.0
126 4 1.0
126 70 1.0
126 76 1.0
126 80 1.0
126 100 1.0
127 0 1.0
127 10 1.0
127 45 1.0
127 70 1.0
128 9 1.0
128 26 1.0
128 28 1.0
128 65 1.0
128 98 1.0
128 114 1.0
128 138 1.0
129 10 1.0
129 42 1.0
129 56 1.0
129 109 1.0
130 28 1.0
131 12 1.0
131 35 1.0
132 136 1.0
132 147 1.0
133 16 1.0
133 61 1.0
133 80 1.0
134 84 1.0
134 140 1.0
134 143 1.0
134 146 1.0
135 11 1.0
135 35 1.0
135 58 1.0
135 89 1.0
135 143 1.0
136 7 1.0
136 61 1.0
136 132 1.0
136 146 1.0
136 148 1.0
137 42 1.0
137 52 1.0
137 60 1.0
138 128 1.0
139 3 1.0
139 38 1.0
139 41 1.0
139 58 1.0
139 68 1.0
139 115 1.0
140 13 1.0
140 134 1.0
141 22 1.0
141 32 1.0
141 80 1.0
142 31 1.0
142 32 1.0
142 114 1.0
142 116 1.0
142 143 1.0
142 148 1.0
143 25 1.0
143 134 1.0
143 135 1.0
143 142 1.0
144 0 1.0
144 20 1.0
144 23 1.0
144 30 1.0
144 45 1.0
144 144 1.0
145 16 1.0
145 65 1.0
145 115 1.0
146 17 1.0
146 49 1.0
146 134 1.0
146 136 1.0
147 72 1.0
147 132 1.0
148 14 1.0
148 136 1.0
148 142 1.0
149 50 1.0
149 102 1.0
149 106 1.0
