0 96
0 28
0 145
0 114
0 144
1 39
1 137
2 120
2 27
2 111
2 87
2 110
2 146
2 109
2 142
3 86
3 13
3 7
3 126
3 0
3 111
3 14
3 9
3 34
3 77
4 93
4 119
4 145
5 115
5 127
5 145
5 29
5 106
5 35
7 51
7 14
8 87
8 110
8 119
8 93
8 94
8 115
8 22
8 120
9 94
9 15
9 122
9 68
9 1
9 99
9 53
9 95
10 53
10 95
10 47
11 117
11 103
11 136
11 114
11 57
11 95
12 105
12 10
12 16
12 149
12 147
12 47
12 121
12 42
13 74
13 140
13 117
13 110
13 128
13 146
14 105
14 15
15 110
15 59
15 82
15 65
15 48
15 105
16 111
16 22
16 44
16 141
16 137
16 54
17 144
17 130
17 94
17 77
17 19
17 103
17 4
18 127
19 105
19 0
19 28
19 78
20 16
20 3
20 131
20 59
20 105
21 50
21 55
21 2
21 145
21 78
21 106
21 120
21 128
21 31
22 57
22 147
23 129
23 75
23 96
23 3
23 18
23 137
23 115
23 127
23 20
25 106
25 90
25 7
25 78
25 1
25 86
26 55
26 98
26 79
26 54
26 13
26 30
26 149
27 116
27 60
27 89
27 18
27 129
27 125
27 3
27 144
28 19
28 120
28 142
28 8
29 131
29 34
29 90
29 15
29 149
30 43
30 120
30 74
30 44
30 130
30 113
30 50
31 5
31 10
31 93
31 80
31 100
31 130
32 144
32 8
33 143
33 54
34 89
34 59
34 143
34 137
34 30
34 131
35 43
35 98
35 2
35 65
35 51
36 145
36 131
36 147
36 10
36 31
36 136
36 9
37 120
37 33
37 86
37 75
37 137
37 29
37 114
37 124
37 51
37 21
38 22
38 94
38 26
39 96
39 120
39 121
40 96
40 25
40 148
40 105
41 48
41 111
41 46
41 96
41 143
41 20
41 19
41 84
41 142
42 112
42 131
42 132
42 103
42 50
42 15
43 94
43 143
43 126
43 127
43 67
43 71
44 78
44 45
44 90
44 50
44 100
44 149
44 112
45 65
45 72
45 55
45 100
45 22
45 39
46 86
46 113
47 114
47 1
47 90
47 8
47 128
47 120
47 16
47 136
48 62
48 86
50 28
50 30
50 36
50 19
50 96
51 7
51 50
51 101
51 149
51 100
52 130
52 22
52 20
52 137
53 7
53 48
53 84
53 8
53 26
53 132
53 122
54 78
54 46
54 94
55 50
55 19
55 63
55 10
55 30
55 149
55 14
55 1
55 124
55 35
55 59
55 42
57 116
57 139
57 38
57 16
57 104
58 29
58 136
58 113
58 27
58 28
58 122
58 89
58 30
58 87
58 104
58 60
59 72
59 79
59 34
59 63
59 37
60 59
60 1
60 74
60 17
60 48
60 39
60 82
60 53
62 63
62 29
62 30
62 122
62 80
62 37
63 50
63 74
63 92
63 87
63 8
63 99
63 9
64 17
64 71
64 4
64 33
64 12
65 128
65 18
65 100
65 96
65 44
65 142
65 149
65 87
67 38
67 33
67 64
67 2
68 112
68 23
68 136
68 121
68 91
68 111
71 0
71 98
71 53
72 67
72 96
72 64
72 115
72 106
72 82
74 8
74 54
74 40
74 33
74 75
74 15
74 146
74 34
74 131
74 91
75 110
75 11
75 139
75 116
75 32
75 106
75 72
75 114
77 89
77 137
77 35
77 29
78 71
78 100
78 114
78 112
78 129
79 4
79 142
79 92
79 34
80 13
80 139
80 51
80 52
82 137
82 1
82 60
82 40
84 130
84 103
84 142
84 85
84 106
84 65
84 51
84 131
84 147
84 38
85 146
85 17
85 34
85 25
85 58
85 128
85 105
85 142
86 67
86 0
86 29
86 42
86 22
87 52
87 85
87 80
88 94
88 46
88 95
88 42
88 32
88 144
89 7
89 86
89 13
89 84
89 92
89 2
89 127
89 116
89 57
90 91
90 22
90 60
90 40
90 35
90 141
90 137
90 148
90 2
91 32
91 4
91 60
91 145
91 52
91 7
92 79
92 128
92 141
92 55
92 149
93 84
93 86
93 2
93 52
93 97
93 47
93 126
93 42
94 149
94 113
94 43
94 39
94 132
94 129
94 92
95 122
95 3
95 55
95 71
95 29
95 131
95 132
95 113
96 29
96 86
96 39
96 15
96 105
97 89
97 68
97 23
97 19
97 33
98 57
98 77
98 48
99 3
99 0
99 137
99 126
99 17
100 98
100 111
100 19
100 121
101 63
101 105
101 143
101 149
101 129
101 90
101 88
101 41
103 124
103 31
103 131
103 12
103 114
103 55
103 13
104 42
104 106
104 126
104 110
104 143
104 75
105 0
105 50
105 59
105 21
105 42
106 23
106 1
106 18
106 33
106 138
109 14
109 80
109 20
109 62
109 122
110 9
110 12
110 15
111 100
111 124
111 37
111 148
111 67
111 119
111 58
111 99
112 130
112 35
112 94
113 34
113 35
113 125
113 110
113 126
113 20
114 85
114 87
114 32
114 120
115 2
115 15
115 96
115 141
115 5
116 33
116 63
116 48
116 16
116 77
117 143
117 42
117 8
117 139
117 106
117 46
117 37
119 128
119 117
119 105
119 93
119 39
119 4
119 16
119 68
120 122
120 109
120 129
120 36
120 51
121 78
121 87
121 30
121 119
121 130
121 13
122 84
122 131
122 10
124 42
124 130
124 63
125 116
125 59
125 92
125 109
125 105
126 53
126 119
126 15
126 50
126 3
127 58
127 8
127 113
127 89
127 22
127 106
127 2
128 67
128 119
128 48
128 91
128 17
128 130
129 26
129 39
129 149
129 4
130 13
130 114
130 3
130 78
130 53
131 75
131 25
131 98
131 31
132 30
132 0
132 112
136 28
136 86
136 33
136 143
136 116
136 15
137 64
137 72
137 20
137 7
138 91
138 55
138 1
139 42
139 93
139 64
139 144
139 77
139 112
139 72
140 38
140 21
140 72
140 78
140 44
140 18
140 26
140 15
140 41
140 104
141 124
141 51
141 5
142 54
142 12
142 113
143 98
143 75
143 146
143 148
144 86
144 13
144 106
144 60
144 127
144 72
144 87
144 100
144 136
144 126
145 8
145 48
145 148
145 87
145 16
145 14
146 39
146 31
146 103
146 128
146 9
146 82
146 110
146 60
146 72
146 23
146 136
146 87
146 35
146 137
147 106
147 52
147 146
147 25
147 23
148 11
148 77
148 36
148 124
148 79
148 21
148 119
149 88
149 87
149 46
149 55
149 32
