0 39
0 70
0 109
0 38
0 68
0 81
0 116
0 143
1 7
1 125
2 99
2 15
2 20
2 128
2 35
3 55
3 23
3 28
3 17
3 13
3 136
4 71
4 16
4 61
4 87
5 121
5 127
5 117
5 57
6 132
6 105
7 42
7 5
7 75
7 74
7 43
8 35
8 16
8 80
8 122
8 48
9 14
9 54
9 114
9 64
9 22
9 148
9 141
10 1
10 34
10 110
10 45
10 104
11 114
11 119
11 18
11 36
11 111
11 147
11 116
12 65
12 149
12 93
12 115
12 17
12 77
13 36
13 94
13 136
13 80
13 86
13 147
14 57
14 146
14 53
14 135
14 34
14 77
14 5
15 135
15 125
15 42
15 48
15 143
15 147
15 14
15 129
16 126
16 85
16 40
16 47
16 86
17 135
17 121
18 111
18 28
18 46
18 87
18 146
18 108
19 83
19 132
19 39
19 42
20 107
20 18
20 90
21 69
21 137
21 106
21 119
22 41
22 63
22 28
22 104
23 63
23 131
23 31
23 120
23 30
23 102
23 103
24 144
24 37
24 22
24 135
24 10
24 84
25 35
25 24
25 147
25 65
26 27
26 102
26 143
26 107
27 31
27 112
27 56
27 17
27 146
27 44
28 144
28 0
28 113
28 110
28 10
28 78
29 10
29 124
29 118
29 138
29 54
30 11
30 80
30 44
30 81
30 57
30 67
31 30
31 83
31 128
31 118
31 99
32 16
32 9
32 34
32 60
32 23
32 71
33 108
33 82
33 83
33 26
33 144
33 68
34 43
34 60
34 29
35 18
35 88
35 114
35 40
35 32
35 49
36 112
36 44
37 145
37 54
37 84
37 89
37 45
37 50
38 72
38 3
38 54
38 35
39 105
39 58
39 116
39 98
39 136
39 73
40 59
40 29
40 50
40 137
41 49
41 143
41 149
41 105
42 104
42 12
42 13
42 33
42 148
43 87
43 51
43 116
43 34
43 30
43 39
44 91
44 18
44 92
44 58
44 127
44 69
45 8
45 42
45 88
45 108
45 26
45 145
45 63
46 57
46 96
46 21
46 108
46 4
46 25
46 76
46 79
46 49
46 41
46 104
47 64
47 114
47 149
47 12
47 30
47 69
47 94
47 133
48 34
48 74
48 57
48 140
49 148
49 33
49 3
49 100
49 126
49 10
49 112
49 27
50 96
50 125
50 86
51 32
51 16
51 122
51 90
51 14
51 126
51 56
51 134
51 113
51 131
52 105
52 106
52 125
52 13
52 96
52 22
53 105
53 148
53 28
53 52
53 132
53 71
54 85
54 44
54 14
54 146
54 24
54 117
55 45
55 75
55 134
55 19
56 139
56 126
56 71
56 88
56 26
56 124
57 85
57 148
57 121
58 20
58 96
58 62
59 44
59 17
59 41
60 131
60 73
60 116
60 101
60 105
60 88
60 28
60 97
61 56
61 88
62 72
62 68
62 79
62 127
62 84
62 17
62 10
62 143
62 31
62 4
63 30
63 42
63 25
63 82
63 145
63 20
63 65
64 128
64 133
64 134
64 4
64 3
65 19
65 69
65 99
65 121
65 111
65 53
65 102
66 80
66 93
66 3
67 2
67 24
67 148
67 51
67 48
68 18
69 41
69 59
70 10
71 113
71 123
71 133
71 33
72 23
72 94
72 53
72 42
72 51
73 69
73 4
73 17
73 103
73 132
73 130
73 8
73 58
73 20
73 74
73 82
74 139
74 103
74 77
74 21
74 61
74 88
75 105
75 119
75 12
75 121
76 22
76 2
76 82
76 139
77 47
77 80
78 103
78 30
78 27
78 96
78 19
78 95
78 15
79 10
79 135
80 68
80 94
80 111
81 100
81 56
82 43
82 26
82 136
82 20
82 33
82 68
83 99
83 52
83 105
83 34
83 97
83 125
83 121
84 114
84 75
84 32
84 66
84 148
84 40
84 113
85 98
85 31
85 57
85 2
85 37
86 18
86 36
86 22
86 7
87 131
87 117
87 14
87 64
87 96
88 76
88 129
88 139
88 95
88 74
88 57
89 16
89 81
89 122
89 34
90 147
90 9
90 68
90 132
90 58
91 137
91 23
91 85
91 77
91 25
91 130
92 133
93 5
93 83
93 92
94 6
94 80
94 33
94 137
95 116
95 11
95 62
95 5
95 29
95 112
95 65
96 139
96 6
96 107
96 84
96 137
96 26
97 143
97 22
97 34
97 73
97 17
97 49
97 87
97 75
97 24
98 57
98 141
98 142
98 23
98 129
99 78
99 130
99 126
99 20
99 43
99 80
100 59
100 15
101 114
101 43
102 129
102 67
102 66
102 115
102 54
103 0
103 81
104 74
104 87
104 59
104 80
105 131
105 28
105 126
105 124
105 7
106 6
106 72
106 147
106 54
106 119
106 73
106 115
106 116
107 46
107 130
107 109
107 6
107 137
108 65
108 92
108 131
108 9
108 106
108 38
108 26
109 137
109 127
109 22
109 25
110 115
110 146
110 12
111 61
111 93
111 114
111 51
111 97
111 142
112 32
112 73
112 125
112 7
112 78
112 18
112 68
113 66
113 85
113 61
114 100
114 74
114 111
114 40
114 54
114 87
115 73
115 62
115 135
115 28
115 63
116 128
116 142
116 88
116 47
116 143
116 147
117 100
117 89
117 35
117 90
117 49
117 75
117 121
117 8
117 83
118 148
118 49
118 122
118 17
118 73
119 14
119 55
119 51
120 25
120 132
120 60
120 69
121 128
121 89
121 72
121 17
121 101
121 32
122 50
122 72
122 18
123 73
123 29
123 109
123 38
124 110
124 11
124 60
124 85
125 142
125 53
125 58
126 3
126 78
126 85
126 18
126 15
127 134
127 92
128 63
128 59
128 141
128 113
128 137
128 3
128 139
128 124
129 99
129 37
129 77
129 118
129 1
129 17
129 116
130 29
130 51
130 127
130 34
130 47
130 121
130 20
131 105
131 143
131 32
131 31
132 116
132 86
132 125
132 124
132 4
132 81
132 21
132 70
132 143
133 51
133 77
133 62
133 47
133 88
133 79
133 94
133 96
134 54
134 123
134 59
134 117
135 30
135 39
135 9
135 110
135 75
135 13
136 22
136 125
136 5
136 60
136 148
136 13
136 96
136 58
137 104
137 18
137 16
137 12
137 103
137 116
138 20
138 31
138 75
138 57
138 77
138 108
139 87
139 26
140 109
140 69
140 108
140 30
140 90
140 53
140 148
141 32
141 108
141 53
141 73
141 40
141 35
142 90
142 132
142 0
143 124
143 40
143 106
143 130
143 47
143 33
143 46
143 68
143 73
143 22
143 134
144 65
144 37
144 31
144 10
145 26
145 14
145 76
145 0
146 19
146 100
146 73
146 142
146 40
146 75
146 28
146 87
146 123
146 11
146 43
147 63
147 106
147 21
148 34
148 121
148 37
148 98
148 117
148 64
148 29
149 116
149 79
149 35
