0 81
0 126
0 90
0 114
0 77
1 16
1 90
1 56
1 50
1 123
1 140
2 75
2 140
2 47
2 106
2 64
3 66
3 97
3 49
3 36
3 90
4 16
4 55
4 5
4 37
4 111
4 139
4 81
4 145
4 1
5 27
5 127
5 14
6 122
6 119
6 52
6 90
6 109
6 38
7 76
7 65
7 17
7 63
7 88
8 134
8 127
8 59
8 87
8 7
8 129
8 49
8 94
8 103
8 101
8 132
9 140
9 3
9 149
9 138
9 102
9 15
9 88
9 16
10 128
10 5
11 113
12 98
12 65
12 130
12 73
13 71
13 119
13 133
14 143
14 1
14 49
15 54
15 34
15 39
15 21
16 14
16 27
16 41
16 143
17 92
17 86
17 67
17 140
18 93
18 140
18 141
19 1
19 15
19 105
19 145
19 4
19 95
20 81
20 116
20 141
20 66
21 28
21 63
21 9
21 141
21 26
22 139
22 146
22 142
22 94
22 30
22 144
23 107
23 127
23 27
23 51
23 61
23 41
24 3
24 11
24 137
25 142
25 17
25 14
25 97
25 36
26 145
26 57
26 98
26 63
26 148
26 73
26 52
27 4
27 126
27 39
28 137
28 119
28 133
28 55
28 115
28 118
29 124
29 22
29 114
29 49
30 3
30 53
30 51
30 93
30 113
30 112
30 83
30 32
31 136
31 107
32 18
33 134
33 135
33 99
33 21
33 124
33 148
33 89
34 12
34 129
34 84
34 135
34 9
35 46
35 12
35 146
35 103
36 111
36 147
36 1
36 79
37 41
37 52
38 56
38 134
38 33
38 64
39 40
39 52
39 143
40 68
40 147
40 2
41 18
41 132
41 101
41 75
41 25
41 40
42 84
42 46
43 51
43 144
44 101
44 107
44 54
44 115
44 110
45 23
45 49
45 47
46 57
46 79
47 54
47 111
47 104
47 122
47 106
47 109
48 119
48 61
48 50
49 96
49 136
49 37
50 110
50 134
50 101
50 31
50 149
51 7
51 58
52 112
52 80
52 91
52 149
52 42
53 60
53 64
53 81
53 10
53 90
54 74
54 72
54 3
54 71
54 149
55 63
55 34
55 41
55 129
55 40
56 36
56 34
56 149
56 42
56 31
56 8
57 24
57 101
58 86
58 44
58 127
58 51
59 120
59 42
59 112
59 46
59 81
59 119
59 52
60 80
60 110
60 136
61 44
62 75
62 59
62 77
62 24
63 31
63 87
63 141
63 24
63 61
63 122
63 7
64 65
64 16
64 123
64 117
65 17
65 34
65 9
65 134
66 57
66 4
66 145
66 55
66 24
66 1
67 0
67 6
67 70
67 111
68 93
68 69
68 50
68 23
68 114
69 89
69 81
69 140
69 5
69 50
69 102
70 7
70 49
70 59
71 140
71 79
71 131
71 146
71 12
72 106
72 82
72 9
73 46
73 130
73 127
73 139
74 11
74 99
74 0
74 67
74 41
75 35
75 46
75 82
75 96
75 43
75 84
75 91
76 48
76 132
76 104
76 73
76 120
76 41
76 107
77 31
77 39
77 65
78 28
78 108
78 30
78 117
78 22
78 124
78 41
78 135
79 10
79 15
79 114
79 81
80 30
80 121
80 92
80 117
81 119
81 35
81 23
81 72
82 146
82 43
82 7
82 22
82 32
83 27
83 129
83 101
83 147
83 137
83 53
84 49
84 79
84 74
84 94
84 15
84 139
84 88
85 72
85 133
85 48
85 40
85 78
86 149
86 133
86 113
86 36
87 38
87 6
87 20
87 21
87 56
87 145
87 74
88 23
88 104
88 141
88 47
88 16
88 107
88 136
89 93
89 36
89 90
90 103
90 27
90 104
90 132
90 148
90 82
91 136
91 0
91 39
91 119
92 41
92 105
92 144
92 63
93 20
93 0
93 120
93 11
93 2
93 64
93 137
93 25
94 95
94 118
94 41
94 43
94 28
95 121
95 105
95 71
95 39
95 85
96 50
96 124
96 117
96 132
96 66
96 95
96 62
97 52
97 18
97 38
97 7
97 25
97 49
97 73
97 127
98 149
98 35
98 33
98 123
98 148
98 82
99 122
99 141
99 7
99 46
99 144
99 26
100 84
100 40
100 70
100 11
101 56
101 22
101 41
101 108
101 84
101 133
102 62
102 28
102 5
102 139
102 113
102 13
102 36
102 63
102 22
103 60
104 120
104 58
104 16
105 20
105 44
105 134
105 46
105 6
105 143
105 141
105 140
106 79
106 139
106 123
106 9
107 110
107 140
107 16
108 130
108 86
108 21
108 40
108 133
109 70
109 107
109 68
109 146
109 81
110 56
110 20
110 13
110 92
110 33
110 86
111 83
111 68
111 70
111 42
111 57
112 9
112 134
112 32
113 47
113 13
113 88
113 30
113 130
114 107
115 149
115 57
115 74
115 47
115 121
115 127
115 139
115 60
116 1
116 39
117 103
117 16
117 20
117 149
117 31
117 66
117 121
118 104
118 3
118 115
118 107
119 95
119 67
119 87
119 53
119 36
119 32
119 128
119 40
120 93
120 115
121 19
121 108
121 88
121 109
121 87
122 93
122 47
122 4
122 64
122 134
123 96
123 2
123 50
123 4
124 15
124 5
124 78
124 18
125 67
125 16
125 28
125 104
125 43
126 7
126 105
127 31
128 67
128 15
128 40
128 19
128 34
128 53
128 125
129 67
129 38
129 55
129 92
129 15
129 56
129 88
129 50
130 13
130 17
130 56
130 69
130 80
130 38
131 47
131 117
131 30
131 130
131 141
131 138
131 2
131 44
132 44
132 13
132 56
132 112
132 82
132 92
132 67
132 105
132 97
133 40
133 129
133 11
133 138
133 26
133 100
134 82
134 72
134 39
135 124
135 73
135 139
135 52
135 9
136 82
136 28
136 31
136 6
136 36
136 73
136 40
137 78
137 120
137 123
138 58
138 112
139 93
139 129
139 0
139 7
139 3
140 70
140 44
140 53
140 93
141 113
141 122
141 118
142 29
142 139
142 57
143 113
143 123
143 81
143 9
143 2
144 7
144 74
144 26
144 89
144 121
145 102
145 92
145 11
145 71
145 29
146 65
146 45
146 41
146 71
146 147
146 76
147 57
147 44
148 39
148 40
149 33
149 60
149 28
