0 10 1.0
0 16 1.0
0 24 1.0
0 61 1.0
0 125 1.0
0 133 1.0
0 149 1.0
1 18 1.0
1 35 1.0
1 36 1.0
1 53 1.0
1 62 1.0
1 70 1.0
1 85 1.0
1 105 1.0
1 131 1.0
2 42 1.0
2 58 1.0
2 67 1.0
2 109 1.0
2 113 1.0
2 138 1.0
2 141 1.0
3 47 1.0
3 100 1.0
3 126 1.0
3 134 1.0
4 40 1.0
4 52 1.0
4 73 1.0
4 86 1.0
4 114 1.0
4 128 1.0
5 1 1.0
5 55 1.0
5 68 1.0
5 85 1.0
6 11 1.0
6 13 1.0
6 72 1.0
6 118 1.0
6 119 1.0
6 130 1.0
6 146 1.0
7 9 1.0
7 20 1.0
7 39 1.0
7 70 1.0
7 78 1.0
7 135 1.0
8 45 1.0
8 53 1.0
8 72 1.0
8 81 1.0
8 89 1.0
8 95 1.0
8 98 1.0
8 112 1.0
8 113 1.0
8 114 1.0
8 129 1.0
8 148 1.0
9 77 1.0
9 84 1.0
9 99 1.0
9 112 1.0
9 144 1.0
10 12 1.0
10 19 1.0
10 42 1.0
10 47 1.0
10 64 1.0
10 86 1.0
11 0 1.0
11 9 1.0
11 13 1.0
11 34 1.0
11 45 1.0
11 70 1.0
11 82 1.0
11 91 1.0
11 124 1.0
12 34 1.0
12 59 1.0
12 71 1.0
12 124 1.0
12 128 1.0
12 143 1.0
13 6 1.0
13 23 1.0
13 27 1.0
13 40 1.0
13 108 1.0
13 131 1.0
13 144 1.0
13 146 1.0
14 4 1.0
14 25 1.0
14 106 1.0
14 108 1.0
14 109 1.0
15 1 1.0
15 14 1.0
15 18 1.0
15 44 1.0
15 70 1.0
15 82 1.0
15 141 1.0
16 0 1.0
16 4 1.0
16 48 1.0
16 50 1.0
16 58 1.0
16 86 1.0
16 94 1.0
17 1 1.0
17 25 1.0
17 91 1.0
17 117 1.0
18 27 1.0
18 28 1.0
18 43 1.0
18 114 1.0
19 8 1.0
19 66 1.0
19 84 1.0
19 90 1.0
19 96 1.0
19 101 1.0
19 145 1.0
20 5 1.0
20 95 1.0
20 108 1.0
21 79 1.0
21 84 1.0
21 115 1.0
21 116 1.0
22 12 1.0
22 18 1.0
22 26 1.0
22 43 1.0
22 47 1.0
22 114 1.0
22 123 1.0
23 10 1.0
23 27 1.0
23 89 1.0
23 109 1.0
23 124 1.0
23 126 1.0
23 137 1.0
24 28 1.0
24 36 1.0
24 49 1.0
24 71 1.0
24 100 1.0
24 107 1.0
24 113 1.0
24 115 1.0
25 3 1.0
25 13 1.0
25 36 1.0
25 47 1.0
25 56 1.0
25 58 1.0
25 81 1.0
25 117 1.0
25 142 1.0
26 10 1.0
26 33 1.0
26 37 1.0
26 90 1.0
26 92 1.0
26 104 1.0
26 124 1.0
27 10 1.0
27 23 1.0
27 102 1.0
28 2 1.0
28 18 1.0
28 43 1.0
28 55 1.0
28 63 1.0
28 90 1.0
28 102 1.0
28 113 1.0
28 129 1.0
29 70 1.0
29 72 1.0
29 90 1.0
29 95 1.0
29 107 1.0
29 119 1.0
29 121 1.0
29 129 1.0
30 52 1.0
30 58 1.0
30 68 1.0
30 78 1.0
30 101 1.0
31 28 1.0
31 53 1.0
31 68 1.0
31 74 1.0
31 80 1.0
32 47 1.0
32 50 1.0
32 100 1.0
32 117 1.0
32 137 1.0
33 55 1.0
33 75 1.0
33 79 1.0
33 134 1.0
34 7 1.0
34 51 1.0
34 55 1.0
34 107 1.0
34 122 1.0
35 27 1.0
35 47 1.0
35 55 1.0
35 116 1.0
36 1 1.0
36 53 1.0
37 2 1.0
37 34 1.0
37 59 1.0
37 78 1.0
37 90 1.0
38 10 1.0
38 16 1.0
38 21 1.0
38 27 1.0
38 40 1.0
38 42 1.0
38 59 1.0
38 64 1.0
38 91 1.0
38 139 1.0
39 9 1.0
39 38 1.0
39 44 1.0
39 49 1.0
39 52 1.0
39 81 1.0
39 101 1.0
39 107 1.0
40 0 1.0
40 13 1.0
40 38 1.0
40 46 1.0
40 69 1.0
40 119 1.0
40 120 1.0
40 130 1.0
40 131 1.0
40 147 1.0
41 1 1.0
41 34 1.0
41 65 1.0
41 76 1.0
41 82 1.0
41 87 1.0
41 89 1.0
41 149 1.0
42 11 1.0
42 20 1.0
42 33 1.0
42 43 1.0
42 50 1.0
42 101 1.0
42 142 1.0
42 149 1.0
43 15 1.0
43 64 1.0
43 71 1.0
43 138 1.0
43 140 1.0
44 0 1.0
44 23 1.0
44 33 1.0
44 48 1.0
44 51 1.0
44 143 1.0
44 146 1.0
44 149 1.0
45 37 1.0
45 38 1.0
45 102 1.0
46 24 1.0
46 30 1.0
46 38 1.0
46 66 1.0
46 67 1.0
46 68 1.0
46 72 1.0
46 91 1.0
46 96 1.0
46 148 1.0
47 15 1.0
47 32 1.0
47 78 1.0
47 109 1.0
48 3 1.0
48 13 1.0
48 15 1.0
48 93 1.0
48 125 1.0
48 138 1.0
49 11 1.0
49 38 1.0
49 44 1.0
49 53 1.0
49 65 1.0
49 78 1.0
49 112 1.0
50 0 1.0
50 8 1.0
50 9 1.0
50 54 1.0
50 68 1.0
50 81 1.0
50 108 1.0
51 10 1.0
51 26 1.0
51 65 1.0
51 110 1.0
51 135 1.0
52 1 1.0
52 5 1.0
52 35 1.0
52 66 1.0
52 78 1.0
52 85 1.0
52 106 1.0
52 124 1.0
52 128 1.0
52 135 1.0
52 147 1.0
53 24 1.0
53 41 1.0
53 64 1.0
53 86 1.0
53 146 1.0
54 12 1.0
54 31 1.0
54 43 1.0
54 67 1.0
54 95 1.0
54 107 1.0
54 112 1.0
54 139 1.0
55 4 1.0
55 24 1.0
55 31 1.0
55 45 1.0
55 48 1.0
55 49 1.0
55 54 1.0
56 90 1.0
56 146 1.0
57 11 1.0
57 12 1.0
57 26 1.0
57 48 1.0
57 56 1.0
57 62 1.0
57 83 1.0
57 92 1.0
57 117 1.0
58 25 1.0
58 41 1.0
58 78 1.0
58 97 1.0
59 1 1.0
60 12 1.0
60 45 1.0
60 56 1.0
60 69 1.0
60 77 1.0
60 78 1.0
61 20 1.0
61 38 1.0
61 101 1.0
61 112 1.0
61 114 1.0
61 129 1.0
62 1 1.0
62 89 1.0
62 97 1.0
62 107 1.0
62 114 1.0
63 16 1.0
63 94 1.0
63 96 1.0
63 100 1.0
63 106 1.0
63 115 1.0
63 144 1.0
64 20 1.0
64 43 1.0
64 45 1.0
64 110 1.0
64 117 1.0
64 122 1.0
64 149 1.0
65 9 1.0
65 39 1.0
65 48 1.0
65 57 1.0
65 64 1.0
65 95 1.0
65 99 1.0
65 119 1.0
65 131 1.0
65 148 1.0
66 37 1.0
66 45 1.0
66 73 1.0
66 89 1.0
66 91 1.0
66 94 1.0
66 105 1.0
66 122 1.0
67 5 1.0
67 7 1.0
67 95 1.0
67 103 1.0
68 20 1.0
68 102 1.0
68 122 1.0
69 77 1.0
69 85 1.0
69 93 1.0
70 1 1.0
70 10 1.0
70 21 1.0
70 34 1.0
70 65 1.0
70 110 1.0
71 82 1.0
71 97 1.0
72 7 1.0
72 10 1.0
72 19 1.0
72 78 1.0
72 95 1.0
72 119 1.0
72 133 1.0
72 134 1.0
72 140 1.0
73 13 1.0
73 86 1.0
73 100 1.0
73 106 1.0
73 136 1.0
74 27 1.0
74 128 1.0
74 137 1.0
75 1 1.0
75 21 1.0
75 28 1.0
75 34 1.0
75 37 1.0
75 77 1.0
75 92 1.0
75 110 1.0
75 111 1.0
76 3 1.0
76 15 1.0
77 12 1.0
77 30 1.0
77 39 1.0
77 42 1.0
77 43 1.0
77 81 1.0
77 84 1.0
77 103 1.0
77 126 1.0
78 69 1.0
78 91 1.0
78 96 1.0
78 130 1.0
78 139 1.0
79 32 1.0
79 84 1.0
79 85 1.0
79 104 1.0
80 8 1.0
80 37 1.0
80 40 1.0
80 86 1.0
80 104 1.0
80 121 1.0
80 130 1.0
80 149 1.0
81 13 1.0
81 112 1.0
81 132 1.0
82 67 1.0
82 132 1.0
82 138 1.0
83 18 1.0
83 43 1.0
83 46 1.0
83 49 1.0
83 60 1.0
83 71 1.0
83 82 1.0
83 101 1.0
83 126 1.0
84 5 1.0
84 11 1.0
84 31 1.0
84 58 1.0
84 85 1.0
84 89 1.0
84 103 1.0
84 133 1.0
85 26 1.0
86 2 1.0
86 3 1.0
86 55 1.0
87 21 1.0
87 22 1.0
87 23 1.0
87 54 1.0
87 56 1.0
87 67 1.0
87 74 1.0
87 81 1.0
87 111 1.0
88 1 1.0
88 2 1.0
88 6 1.0
88 43 1.0
88 142 1.0
89 6 1.0
89 16 1.0
89 46 1.0
89 87 1.0
89 94 1.0
90 5 1.0
90 95 1.0
91 31 1.0
91 43 1.0
91 133 1.0
92 16 1.0
92 40 1.0
92 42 1.0
92 86 1.0
92 89 1.0
92 101 1.0
92 112 1.0
92 113 1.0
93 8 1.0
93 34 1.0
93 36 1.0
93 76 1.0
93 79 1.0
93 103 1.0
94 6 1.0
94 27 1.0
94 32 1.0
94 33 1.0
94 42 1.0
94 44 1.0
94 59 1.0
94 70 1.0
94 101 1.0
95 29 1.0
95 72 1.0
95 79 1.0
95 94 1.0
95 148 1.0
96 37 1.0
96 95 1.0
96 114 1.0
97 2 1.0
97 54 1.0
97 115 1.0
97 117 1.0
98 64 1.0
98 93 1.0
98 102 1.0
98 121 1.0
99 4 1.0
99 16 1.0
99 36 1.0
99 66 1.0
99 76 1.0
99 79 1.0
100 22 1.0
100 34 1.0
100 37 1.0
100 43 1.0
100 46 1.0
100 64 1.0
100 71 1.0
100 112 1.0
100 119 1.0
100 128 1.0
101 29 1.0
101 48 1.0
101 51 1.0
101 131 1.0
101 140 1.0
101 143 1.0
102 11 1.0
102 16 1.0
102 83 1.0
102 88 1.0
102 117 1.0
102 124 1.0
102 136 1.0
103 23 1.0
103 88 1.0
103 106 1.0
103 108 1.0
103 137 1.0
104 7 1.0
104 53 1.0
104 71 1.0
104 136 1.0
105 25 1.0
105 32 1.0
105 45 1.0
105 48 1.0
105 80 1.0
105 101 1.0
106 0 1.0
106 7 1.0
106 18 1.0
106 39 1.0
106 74 1.0
106 93 1.0
106 116 1.0
106 118 1.0
107 6 1.0
107 21 1.0
107 28 1.0
107 35 1.0
107 36 1.0
107 52 1.0
107 69 1.0
108 20 1.0
108 92 1.0
108 114 1.0
109 25 1.0
109 38 1.0
109 48 1.0
109 52 1.0
109 54 1.0
109 66 1.0
109 75 1.0
109 82 1.0
109 96 1.0
109 106 1.0
109 108 1.0
109 141 1.0
110 51 1.0
110 64 1.0
110 70 1.0
110 75 1.0
110 121 1.0
111 75 1.0
111 87 1.0
111 124 1.0
112 8 1.0
112 9 1.0
112 49 1.0
112 54 1.0
112 61 1.0
112 81 1.0
112 92 1.0
112 100 1.0
112 117 1.0
112 124 1.0
112 127 1.0
112 136 1.0
113 2 1.0
113 8 1.0
113 24 1.0
113 28 1.0
113 92 1.0
114 4 1.0
114 8 1.0
114 18 1.0
114 22 1.0
114 61 1.0
114 62 1.0
114 96 1.0
114 108 1.0
114 129 1.0
114 132 1.0
115 21 1.0
115 24 1.0
115 63 1.0
115 97 1.0
115 132 1.0
115 134 1.0
116 21 1.0
116 35 1.0
116 106 1.0
116 119 1.0
117 17 1.0
117 25 1.0
117 32 1.0
117 57 1.0
117 64 1.0
117 97 1.0
117 102 1.0
117 112 1.0
117 141 1.0
118 6 1.0
118 106 1.0
118 124 1.0
119 6 1.0
119 29 1.0
119 40 1.0
119 65 1.0
119 72 1.0
119 100 1.0
119 116 1.0
120 40 1.0
120 129 1.0
121 29 1.0
121 80 1.0
121 98 1.0
121 110 1.0
121 134 1.0
121 140 1.0
121 143 1.0
122 34 1.0
122 64 1.0
122 66 1.0
122 68 1.0
122 145 1.0
123 22 1.0
123 140 1.0
123 148 1.0
124 11 1.0
124 12 1.0
124 23 1.0
124 26 1.0
124 52 1.0
124 102 1.0
124 111 1.0
124 112 1.0
124 118 1.0
125 0 1.0
125 48 1.0
125 132 1.0
125 139 1.0
126 3 1.0
126 23 1.0
126 77 1.0
126 83 1.0
126 146 1.0
126 149 1.0
127 112 1.0
127 128 1.0
127 130 1.0
128 4 1.0
128 12 1.0
128 52 1.0
128 74 1.0
128 100 1.0
128 127 1.0
128 141 1.0
129 8 1.0
129 28 1.0
129 29 1.0
129 61 1.0
129 114 1.0
129 120 1.0
130 6 1.0
130 40 1.0
130 78 1.0
130 80 1.0
130 127 1.0
131 1 1.0
131 13 1.0
131 40 1.0
131 65 1.0
131 101 1.0
132 81 1.0
132 82 1.0
132 114 1.0
132 115 1.0
132 125 1.0
132 142 1.0
133 0 1.0
133 72 1.0
133 84 1.0
133 91 1.0
133 144 1.0
134 3 1.0
134 33 1.0
134 72 1.0
134 115 1.0
134 121 1.0
135 7 1.0
135 51 1.0
135 52 1.0
136 73 1.0
136 102 1.0
136 104 1.0
136 112 1.0
137 23 1.0
137 32 1.0
137 74 1.0
137 103 1.0
137 138 1.0
138 2 1.0
138 43 1.0
138 48 1.0
138 82 1.0
138 137 1.0
138 147 1.0
139 38 1.0
139 54 1.0
139 78 1.0
139 125 1.0
139 142 1.0
140 43 1.0
140 72 1.0
140 101 1.0
140 121 1.0
140 123 1.0
140 149 1.0
141 2 1.0
141 15 1.0
141 109 1.0
141 117 1.0
141 128 1.0
141 145 1.0
142 25 1.0
142 42 1.0
142 88 1.0
142 132 1.0
142 139 1.0
142 142 1.0
143 12 1.0
143 44 1.0
143 101 1.0
143 121 1.0
144 9 1.0
144 13 1.0
144 63 1.0
144 133 1.0
145 19 1.0
145 122 1.0
145 141 1.0
145 145 1.0
145 149 1.0
146 6 1.0
146 13 1.0
146 44 1.0
146 53 1.0
146 56 1.0
146 126 1.0
146 149 1.0
147 40 1.0
147 52 1.0
147 138 1.0
148 8 1.0
148 46 1.0
148 65 1.0
148 95 1.0
148 123 1.0
149 0 1.0
149 41 1.0
149 42 1.0
149 44 1.0
149 64 1.0
149 80 1.0
149 126 1.0
149 140 1.0
149 145 1.0
149 146 1.0
