0 18 1.0
0 20 1.0
0 25 1.0
0 33 1.0
0 39 1.0
0 91 1.0
0 100 1.0
0 149 1.0
1 45 1.0
1 72 1.0
1 73 1.0
1 124 1.0
1 134 1.0
1 145 1.0
2 26 1.0
2 78 1.0
2 87 1.0
2 139 1.0
3 20 1.0
3 40 1.0
3 62 1.0
3 83 1.0
3 98 1.0
3 123 1.0
3 124 1.0
3 133 1.0
3 141 1.0
3 147 1.0
4 11 1.0
4 30 1.0
4 38 1.0
4 50 1.0
4 76 1.0
4 98 1.0
4 139 1.0
5 27 1.0
5 29 1.0
5 36 1.0
5 135 1.0
6 1 1.0
6 39 1.0
6 51 1.0
6 102 1.0
6 128 1.0
7 4 1.0
7 13 1.0
7 22 1.0
7 42 1.0
7 76 1.0
7 79 1.0
7 90 1.0
7 101 1.0
7 104 1.0
7 123 1.0
7 134 1.0
7 147 1.0
8 31 1.0
8 79 1.0
8 110 1.0
8 133 1.0
8 143 1.0
9 10 1.0
9 33 1.0
9 77 1.0
9 87 1.0
9 96 1.0
9 131 1.0
10 32 1.0
10 38 1.0
10 42 1.0
10 69 1.0
10 72 1.0
10 76 1.0
10 81 1.0
10 99 1.0
11 43 1.0
11 80 1.0
11 87 1.0
11 117 1.0
11 120 1.0
11 125 1.0
11 144 1.0
11 145 1.0
12 0 1.0
12 37 1.0
12 45 1.0
12 84 1.0
12 115 1.0
12 145 1.0
13 26 1.0
13 32 1.0
13 51 1.0
13 62 1.0
13 81 1.0
13 83 1.0
13 121 1.0
13 129 1.0
13 130 1.0
13 148 1.0
14 3 1.0
14 84 1.0
14 112 1.0
15 3 1.0
15 12 1.0
15 28 1.0
15 43 1.0
15 47 1.0
15 48 1.0
15 68 1.0
15 76 1.0
15 85 1.0
15 87 1.0
16 11 1.0
16 43 1.0
16 53 1.0
16 58 1.0
16 80 1.0
16 101 1.0
17 39 1.0
17 42 1.0
17 60 1.0
17 61 1.0
17 65 1.0
17 107 1.0
17 113 1.0
17 144 1.0
18 20 1.0
18 70 1.0
18 124 1.0
18 139 1.0
19 47 1.0
19 69 1.0
20 14 1.0
20 16 1.0
20 17 1.0
20 31 1.0
20 53 1.0
20 74 1.0
20 76 1.0
20 80 1.0
21 1 1.0
21 59 1.0
21 138 1.0
22 58 1.0
22 77 1.0
22 118 1.0
22 128 1.0
22 129 1.0
23 15 1.0
23 19 1.0
23 20 1.0
23 44 1.0
23 46 1.0
23 67 1.0
23 81 1.0
23 89 1.0
23 111 1.0
23 118 1.0
23 119 1.0
23 136 1.0
24 9 1.0
24 26 1.0
24 83 1.0
25 7 1.0
25 99 1.0
25 104 1.0
26 61 1.0
26 87 1.0
26 111 1.0
26 134 1.0
27 10 1.0
27 63 1.0
27 116 1.0
28 40 1.0
28 132 1.0
29 24 1.0
29 63 1.0
30 42 1.0
30 44 1.0
30 48 1.0
30 67 1.0
30 86 1.0
31 18 1.0
31 55 1.0
31 63 1.0
31 95 1.0
31 116 1.0
31 142 1.0
32 25 1.0
32 66 1.0
32 80 1.0
32 85 1.0
32 99 1.0
32 105 1.0
32 110 1.0
32 114 1.0
32 117 1.0
32 125 1.0
32 149 1.0
33 43 1.0
33 52 1.0
33 105 1.0
33 131 1.0
34 17 1.0
34 19 1.0
34 25 1.0
34 86 1.0
34 90 1.0
35 75 1.0
35 79 1.0
35 132 1.0
36 0 1.0
36 42 1.0
36 133 1.0
37 3 1.0
37 26 1.0
37 60 1.0
37 62 1.0
37 67 1.0
38 17 1.0
38 53 1.0
38 72 1.0
38 80 1.0
38 89 1.0
38 120 1.0
38 132 1.0
39 19 1.0
39 96 1.0
39 97 1.0
39 104 1.0
39 113 1.0
39 146 1.0
40 8 1.0
40 18 1.0
40 56 1.0
40 57 1.0
40 142 1.0
41 2 1.0
41 28 1.0
41 58 1.0
41 77 1.0
41 101 1.0
41 103 1.0
41 117 1.0
41 122 1.0
41 125 1.0
41 149 1.0
42 30 1.0
43 21 1.0
43 31 1.0
43 48 1.0
43 49 1.0
43 52 1.0
43 70 1.0
43 72 1.0
43 123 1.0
43 146 1.0
44 30 1.0
44 47 1.0
44 76 1.0
44 87 1.0
44 121 1.0
44 127 1.0
45 41 1.0
45 55 1.0
45 69 1.0
45 73 1.0
45 89 1.0
45 121 1.0
45 140 1.0
46 22 1.0
46 23 1.0
46 73 1.0
46 87 1.0
46 92 1.0
46 106 1.0
47 14 1.0
47 60 1.0
47 124 1.0
48 15 1.0
48 44 1.0
48 89 1.0
48 104 1.0
48 122 1.0
49 2 1.0
49 4 1.0
49 14 1.0
49 66 1.0
49 92 1.0
49 112 1.0
49 121 1.0
49 126 1.0
49 130 1.0
50 24 1.0
50 26 1.0
50 35 1.0
50 56 1.0
50 74 1.0
50 116 1.0
50 124 1.0
51 23 1.0
51 30 1.0
51 40 1.0
51 54 1.0
51 59 1.0
51 64 1.0
51 90 1.0
51 99 1.0
51 131 1.0
51 138 1.0
52 38 1.0
52 89 1.0
52 95 1.0
52 112 1.0
52 130 1.0
52 148 1.0
53 0 1.0
53 2 1.0
53 4 1.0
53 20 1.0
53 40 1.0
53 47 1.0
53 70 1.0
53 113 1.0
54 7 1.0
54 28 1.0
54 29 1.0
54 78 1.0
54 122 1.0
54 140 1.0
55 1 1.0
55 32 1.0
55 59 1.0
55 119 1.0
55 134 1.0
56 6 1.0
56 53 1.0
56 59 1.0
56 62 1.0
56 126 1.0
56 144 1.0
57 38 1.0
57 45 1.0
57 70 1.0
57 88 1.0
57 93 1.0
57 107 1.0
57 108 1.0
57 131 1.0
58 36 1.0
58 44 1.0
58 46 1.0
58 57 1.0
58 60 1.0
58 103 1.0
59 11 1.0
59 22 1.0
59 47 1.0
59 80 1.0
59 102 1.0
59 144 1.0
60 21 1.0
60 42 1.0
60 46 1.0
60 106 1.0
60 117 1.0
60 140 1.0
61 12 1.0
61 71 1.0
61 130 1.0
61 132 1.0
62 4 1.0
62 20 1.0
62 22 1.0
62 108 1.0
62 116 1.0
62 146 1.0
62 149 1.0
63 7 1.0
63 114 1.0
64 20 1.0
64 129 1.0
65 3 1.0
65 12 1.0
65 29 1.0
65 35 1.0
65 64 1.0
65 73 1.0
65 125 1.0
66 63 1.0
66 69 1.0
66 78 1.0
66 85 1.0
66 89 1.0
66 91 1.0
66 102 1.0
66 113 1.0
67 45 1.0
67 47 1.0
67 57 1.0
67 87 1.0
67 113 1.0
67 132 1.0
68 0 1.0
68 1 1.0
68 3 1.0
68 28 1.0
68 69 1.0
68 88 1.0
68 131 1.0
69 0 1.0
70 22 1.0
70 49 1.0
70 54 1.0
70 86 1.0
70 104 1.0
70 145 1.0
71 4 1.0
71 11 1.0
71 13 1.0
71 14 1.0
71 65 1.0
71 82 1.0
71 83 1.0
71 110 1.0
72 7 1.0
72 10 1.0
72 18 1.0
72 57 1.0
72 83 1.0
72 96 1.0
72 115 1.0
73 42 1.0
73 82 1.0
73 93 1.0
73 96 1.0
73 128 1.0
74 56 1.0
74 66 1.0
74 112 1.0
74 132 1.0
75 41 1.0
75 79 1.0
75 83 1.0
75 86 1.0
75 102 1.0
75 107 1.0
75 117 1.0
76 2 1.0
76 18 1.0
76 33 1.0
76 52 1.0
76 80 1.0
76 103 1.0
76 119 1.0
77 8 1.0
77 10 1.0
77 16 1.0
77 17 1.0
77 19 1.0
77 46 1.0
77 64 1.0
77 82 1.0
77 89 1.0
77 109 1.0
78 8 1.0
78 38 1.0
78 41 1.0
78 44 1.0
79 54 1.0
79 82 1.0
79 117 1.0
80 12 1.0
80 31 1.0
80 43 1.0
80 51 1.0
80 66 1.0
80 82 1.0
80 91 1.0
80 114 1.0
80 131 1.0
80 146 1.0
81 31 1.0
81 46 1.0
81 108 1.0
81 122 1.0
81 126 1.0
81 129 1.0
82 36 1.0
82 39 1.0
82 64 1.0
82 80 1.0
82 107 1.0
82 108 1.0
82 138 1.0
83 9 1.0
83 12 1.0
83 14 1.0
83 51 1.0
83 87 1.0
83 125 1.0
83 143 1.0
84 30 1.0
84 37 1.0
84 53 1.0
84 80 1.0
84 95 1.0
84 96 1.0
85 43 1.0
85 71 1.0
85 73 1.0
85 83 1.0
85 112 1.0
85 116 1.0
85 125 1.0
86 2 1.0
86 25 1.0
86 31 1.0
86 39 1.0
86 40 1.0
86 47 1.0
86 50 1.0
86 105 1.0
86 115 1.0
86 120 1.0
87 3 1.0
87 47 1.0
87 103 1.0
87 144 1.0
88 11 1.0
88 30 1.0
88 45 1.0
88 77 1.0
89 3 1.0
89 34 1.0
89 45 1.0
90 13 1.0
90 18 1.0
90 23 1.0
90 95 1.0
90 129 1.0
90 135 1.0
91 33 1.0
91 38 1.0
91 72 1.0
91 86 1.0
92 8 1.0
92 63 1.0
92 98 1.0
92 121 1.0
92 129 1.0
93 2 1.0
93 13 1.0
93 26 1.0
93 74 1.0
93 121 1.0
94 43 1.0
94 73 1.0
95 3 1.0
95 16 1.0
95 27 1.0
95 31 1.0
95 47 1.0
95 67 1.0
95 68 1.0
95 106 1.0
95 139 1.0
96 87 1.0
96 99 1.0
96 102 1.0
96 106 1.0
96 137 1.0
97 38 1.0
97 45 1.0
97 50 1.0
97 74 1.0
97 114 1.0
97 122 1.0
97 138 1.0
98 96 1.0
98 110 1.0
98 117 1.0
98 135 1.0
99 45 1.0
99 141 1.0
99 144 1.0
99 148 1.0
100 17 1.0
100 104 1.0
100 111 1.0
100 112 1.0
100 128 1.0
100 140 1.0
101 21 1.0
101 26 1.0
101 45 1.0
101 49 1.0
101 62 1.0
101 67 1.0
101 111 1.0
101 117 1.0
101 130 1.0
101 134 1.0
101 147 1.0
102 7 1.0
102 13 1.0
102 22 1.0
102 32 1.0
102 98 1.0
102 120 1.0
102 136 1.0
102 142 1.0
103 9 1.0
103 10 1.0
103 12 1.0
103 22 1.0
103 23 1.0
103 33 1.0
103 50 1.0
103 127 1.0
104 67 1.0
104 70 1.0
104 83 1.0
104 89 1.0
104 117 1.0
105 64 1.0
105 70 1.0
105 74 1.0
105 77 1.0
105 94 1.0
105 130 1.0
106 17 1.0
106 19 1.0
106 64 1.0
106 112 1.0
107 7 1.0
107 8 1.0
107 9 1.0
107 47 1.0
107 51 1.0
107 69 1.0
107 83 1.0
107 84 1.0
107 86 1.0
108 8 1.0
108 17 1.0
108 25 1.0
108 32 1.0
108 42 1.0
108 48 1.0
108 98 1.0
108 99 1.0
108 136 1.0
108 145 1.0
109 13 1.0
109 36 1.0
109 105 1.0
109 112 1.0
109 121 1.0
109 124 1.0
109 141 1.0
110 67 1.0
110 75 1.0
110 143 1.0
111 21 1.0
111 22 1.0
111 51 1.0
111 52 1.0
111 60 1.0
111 75 1.0
111 96 1.0
112 1 1.0
112 9 1.0
112 13 1.0
112 60 1.0
112 102 1.0
112 143 1.0
112 147 1.0
113 90 1.0
113 123 1.0
113 125 1.0
114 53 1.0
114 71 1.0
114 83 1.0
114 101 1.0
115 6 1.0
115 10 1.0
115 13 1.0
115 21 1.0
115 34 1.0
115 36 1.0
115 75 1.0
115 114 1.0
115 119 1.0
115 132 1.0
115 136 1.0
115 145 1.0
116 50 1.0
116 61 1.0
116 66 1.0
116 71 1.0
116 82 1.0
116 96 1.0
116 111 1.0
116 138 1.0
117 56 1.0
117 98 1.0
117 109 1.0
117 116 1.0
117 128 1.0
117 129 1.0
117 132 1.0
117 137 1.0
117 146 1.0
117 149 1.0
118 25 1.0
118 42 1.0
118 85 1.0
118 88 1.0
118 96 1.0
118 128 1.0
119 26 1.0
119 57 1.0
120 18 1.0
120 30 1.0
120 52 1.0
120 77 1.0
120 119 1.0
120 145 1.0
121 120 1.0
121 132 1.0
122 40 1.0
122 62 1.0
122 93 1.0
122 100 1.0
122 108 1.0
122 110 1.0
122 137 1.0
123 45 1.0
123 80 1.0
124 0 1.0
124 16 1.0
124 20 1.0
124 23 1.0
124 101 1.0
124 143 1.0
125 20 1.0
125 28 1.0
125 34 1.0
125 63 1.0
125 78 1.0
125 86 1.0
125 99 1.0
125 107 1.0
125 108 1.0
125 115 1.0
126 19 1.0
126 91 1.0
126 110 1.0
127 49 1.0
127 78 1.0
127 93 1.0
128 16 1.0
128 24 1.0
128 37 1.0
128 51 1.0
128 55 1.0
128 92 1.0
128 144 1.0
129 5 1.0
129 13 1.0
129 80 1.0
129 98 1.0
129 107 1.0
129 126 1.0
129 142 1.0
130 12 1.0
130 13 1.0
130 50 1.0
130 56 1.0
130 58 1.0
130 127 1.0
131 20 1.0
131 33 1.0
131 41 1.0
131 91 1.0
132 3 1.0
132 7 1.0
132 86 1.0
132 100 1.0
133 4 1.0
133 11 1.0
133 15 1.0
133 35 1.0
133 58 1.0
133 70 1.0
134 17 1.0
134 43 1.0
134 82 1.0
134 96 1.0
134 111 1.0
134 113 1.0
134 121 1.0
135 0 1.0
135 4 1.0
135 67 1.0
135 84 1.0
135 85 1.0
135 91 1.0
135 116 1.0
136 2 1.0
136 6 1.0
136 7 1.0
136 31 1.0
136 119 1.0
136 146 1.0
137 7 1.0
137 10 1.0
137 23 1.0
137 42 1.0
137 44 1.0
137 49 1.0
137 60 1.0
137 70 1.0
137 110 1.0
137 131 1.0
137 133 1.0
137 135 1.0
138 7 1.0
138 29 1.0
138 86 1.0
138 90 1.0
138 127 1.0
138 144 1.0
139 11 1.0
139 71 1.0
139 120 1.0
139 125 1.0
140 45 1.0
140 54 1.0
140 60 1.0
140 100 1.0
141 3 1.0
141 99 1.0
141 109 1.0
142 31 1.0
142 40 1.0
142 102 1.0
142 129 1.0
143 8 1.0
143 83 1.0
143 110 1.0
143 112 1.0
143 124 1.0
144 11 1.0
144 17 1.0
144 56 1.0
144 59 1.0
144 87 1.0
144 99 1.0
144 128 1.0
144 138 1.0
144 147 1.0
145 1 1.0
145 11 1.0
145 12 1.0
145 70 1.0
145 108 1.0
145 115 1.0
145 120 1.0
146 39 1.0
146 43 1.0
146 62 1.0
146 80 1.0
146 117 1.0
146 136 1.0
147 3 1.0
147 7 1.0
147 101 1.0
147 112 1.0
147 144 1.0
148 13 1.0
148 52 1.0
148 99 1.0
149 0 1.0
149 32 1.0
149 41 1.0
149 62 1.0
149 117 1.0
