0 39
0 36
0 72
0 147
0 77
0 83
0 102
0 123
0 50
1 81
1 148
1 76
1 49
1 116
1 65
1 47
1 51
1 60
1 139
1 15
1 12
2 24
2 100
2 138
3 49
3 47
3 22
3 127
3 21
4 19
4 37
4 61
4 59
5 111
5 18
5 93
5 24
5 42
5 15
6 7
6 78
6 67
6 3
6 112
7 135
7 108
7 54
7 24
7 53
7 3
7 124
8 64
8 144
8 102
8 142
8 77
8 14
9 5
9 77
9 147
9 139
9 66
10 7
11 55
11 13
11 104
11 98
12 62
12 0
12 108
13 57
13 9
13 113
13 14
13 99
13 101
13 93
13 73
13 70
13 60
14 127
14 122
14 89
14 128
14 125
15 11
15 74
16 72
16 58
16 35
17 45
18 28
18 95
18 105
18 144
18 122
18 39
19 13
19 47
19 147
19 30
19 68
19 104
20 98
20 112
20 59
20 0
20 85
20 83
20 115
21 49
21 6
21 65
21 124
21 122
22 77
22 36
22 47
22 60
22 13
22 9
22 49
23 49
23 31
23 35
23 102
23 4
24 127
24 95
24 56
24 107
24 144
24 19
25 108
25 68
25 127
25 52
25 56
26 96
26 81
26 21
26 7
26 9
26 109
27 65
27 111
27 24
27 58
27 55
27 112
28 94
28 8
28 105
28 127
28 144
28 116
28 97
28 30
29 129
29 78
29 3
29 75
29 6
30 116
30 113
30 53
30 83
31 100
31 77
31 91
31 49
31 109
31 92
31 53
32 75
32 146
32 104
32 66
32 106
32 70
34 144
34 4
34 111
34 124
34 19
34 86
34 146
34 110
34 115
34 69
35 28
35 52
35 135
35 82
35 122
35 86
35 67
35 57
35 15
36 86
36 67
36 8
36 76
36 123
36 131
36 7
36 11
36 130
36 10
36 12
36 97
37 79
37 41
37 56
37 147
37 38
38 124
38 20
38 93
38 82
38 95
39 97
39 94
39 77
39 108
39 141
39 24
39 72
39 14
40 86
40 42
40 113
40 62
40 108
40 112
40 79
40 102
40 116
41 106
41 83
41 11
41 61
41 32
41 136
41 122
42 116
42 115
42 57
42 132
42 66
42 64
42 22
44 114
44 1
44 129
44 103
44 73
45 61
45 107
45 124
45 101
45 19
46 68
46 117
46 7
46 110
46 35
46 139
46 45
46 114
46 61
46 37
47 69
47 77
47 117
47 38
48 105
48 55
48 125
48 39
48 85
48 38
48 20
48 8
48 142
49 1
49 127
49 77
49 25
49 36
49 131
50 100
50 136
50 11
51 95
51 109
51 16
51 118
51 12
51 73
51 97
52 72
52 102
52 142
52 138
52 148
52 146
52 96
53 12
53 48
53 47
53 102
53 57
53 118
53 106
53 34
53 141
53 129
54 96
54 47
54 137
54 13
54 64
54 25
54 114
54 63
55 132
55 6
55 106
55 129
56 139
56 39
56 127
56 45
57 124
57 56
57 46
57 65
57 115
57 123
58 77
58 81
58 117
59 26
59 44
59 96
59 78
59 35
59 16
59 4
59 68
59 106
60 106
60 44
60 135
60 97
60 74
61 7
61 2
62 128
62 28
62 64
62 137
62 142
62 9
62 109
63 51
63 97
63 69
63 68
63 75
63 36
63 16
64 63
64 122
64 82
64 11
64 102
64 38
65 84
65 9
65 38
65 54
65 148
65 127
65 70
65 109
66 7
66 84
66 81
66 148
66 59
66 12
67 100
67 127
67 83
67 118
67 51
67 122
68 103
68 9
68 82
69 16
69 101
69 15
69 62
70 40
70 3
70 131
70 127
70 106
70 134
70 28
70 46
72 78
72 96
72 108
72 8
72 137
72 129
72 70
73 135
73 2
73 57
73 15
74 58
74 82
74 120
74 128
74 8
74 101
74 109
74 11
74 9
74 105
75 59
75 28
75 42
75 111
75 35
75 45
75 131
75 32
76 17
76 83
77 41
77 52
77 84
77 16
77 96
78 17
78 118
78 116
78 3
78 137
78 46
78 94
78 59
79 123
79 110
79 35
79 116
79 29
79 105
79 122
81 137
81 18
81 118
81 108
81 0
81 53
82 141
82 119
82 39
82 146
83 68
83 130
83 44
83 110
83 102
83 46
83 128
84 104
84 21
84 8
84 19
84 122
84 27
84 54
84 135
85 105
85 49
85 36
85 61
86 61
86 4
86 73
86 36
86 65
86 117
87 22
87 32
87 25
87 46
87 26
87 11
87 77
87 35
87 37
89 130
89 134
89 40
89 29
89 48
89 112
90 23
90 62
90 102
90 12
90 59
90 104
90 69
91 86
91 42
91 78
91 30
91 117
91 59
91 93
91 53
91 1
92 24
92 70
92 6
92 78
92 95
92 15
92 141
92 35
93 13
93 117
93 132
93 7
93 14
93 64
93 100
94 68
94 45
94 8
94 133
94 122
95 107
95 31
95 82
95 37
95 70
96 26
96 92
96 87
97 35
97 101
98 52
98 117
98 84
98 54
98 104
99 78
99 27
99 53
100 132
100 146
100 124
100 3
100 21
100 91
100 105
100 60
100 92
101 26
101 148
101 61
101 15
101 82
102 18
102 90
102 29
102 124
102 32
102 5
102 31
102 13
103 148
103 58
103 117
103 102
103 108
103 135
103 63
103 11
103 16
103 77
104 31
104 53
104 45
104 144
104 123
105 7
105 136
106 35
106 6
106 108
106 66
107 18
107 124
107 115
107 22
107 58
108 45
108 101
108 106
108 74
108 96
108 87
108 54
109 146
109 127
109 54
109 62
109 112
109 102
109 83
109 57
109 111
109 105
109 115
110 92
110 13
110 79
110 81
110 120
110 85
110 57
110 73
111 73
111 44
111 15
111 105
111 117
112 38
112 15
112 59
112 37
112 74
112 124
113 63
113 124
113 118
113 38
113 17
113 111
114 87
114 119
114 101
114 112
114 135
114 82
114 11
114 28
114 7
114 103
114 34
115 52
115 99
115 8
115 62
116 120
116 124
116 61
116 79
116 147
117 76
117 0
117 81
117 134
117 139
117 98
117 48
117 148
117 8
117 54
118 15
118 19
118 8
118 84
118 68
119 70
119 135
119 34
119 27
120 77
120 72
120 131
120 24
120 37
120 139
120 48
120 93
122 10
122 16
122 79
122 112
122 32
122 41
122 141
122 111
123 107
123 32
123 8
123 70
123 28
123 108
123 90
123 44
123 22
123 30
124 149
124 133
124 84
124 23
124 97
124 18
125 53
125 60
125 65
125 67
127 122
127 100
127 95
127 5
127 30
127 107
128 39
128 69
128 146
128 120
128 84
128 35
129 116
129 15
129 136
129 14
129 128
130 55
131 97
131 89
131 0
131 144
131 104
131 8
131 70
131 45
131 49
133 22
133 32
133 44
133 21
133 130
133 18
133 4
134 132
134 83
134 42
134 117
134 66
135 42
135 90
135 35
135 52
135 72
135 3
135 131
136 56
136 36
136 6
136 89
136 19
136 112
136 29
136 97
136 127
136 72
136 15
136 16
136 30
137 139
137 107
137 1
138 30
138 112
138 61
138 60
138 105
138 39
138 79
139 45
139 123
139 94
139 91
139 110
139 66
141 132
141 136
141 87
141 69
141 81
142 90
142 11
142 120
142 108
142 104
142 139
142 39
142 68
144 13
144 21
144 20
144 99
144 81
146 84
146 58
146 47
146 2
146 101
146 91
146 37
146 51
146 99
146 27
146 77
147 107
147 89
147 74
147 119
147 149
147 96
147 120
147 60
148 60
148 22
148 83
148 110
148 102
148 141
148 69
149 142
149 91
149 17
149 53
149 67
149 114
149 5
149 101
149 60
