0 8
0 33
2 50
2 104
2 74
2 88
3 69
4 56
4 15
5 66
5 123
5 95
6 127
6 105
7 129
7 119
8 91
8 77
8 35
8 44
8 128
9 119
9 85
9 33
9 140
10 32
10 71
10 122
10 8
10 44
10 55
10 37
12 87
12 112
12 33
12 16
15 7
15 54
15 77
15 87
15 26
15 144
15 100
16 3
16 7
16 107
16 145
16 9
17 27
17 70
18 60
18 51
18 61
20 75
20 131
20 23
20 60
20 146
20 5
21 122
21 33
21 105
21 6
21 100
21 57
22 37
22 87
22 3
23 21
23 145
23 25
23 51
23 116
23 122
25 50
25 126
25 6
25 63
25 139
25 37
25 9
25 108
25 58
25 118
26 131
26 62
26 6
26 70
27 85
27 123
27 87
27 144
30 51
30 39
30 133
30 10
30 73
30 62
30 108
30 88
30 139
30 144
32 121
32 108
32 117
32 25
32 73
33 66
34 58
34 49
34 109
34 26
35 117
35 32
35 27
35 88
35 74
36 4
37 145
37 97
37 47
37 108
37 53
37 88
38 148
38 142
38 43
38 75
38 8
39 18
39 128
39 6
40 61
40 63
40 35
40 111
43 49
44 34
44 58
44 62
44 8
44 148
44 89
44 57
44 53
44 88
44 96
44 25
47 107
49 57
49 18
49 147
49 129
49 7
49 40
49 89
49 142
49 10
50 34
50 97
50 119
50 15
50 30
50 18
51 59
51 119
51 78
52 40
52 131
52 77
52 87
52 119
52 34
52 124
52 127
53 7
53 70
53 35
53 58
54 7
54 70
54 119
54 88
54 33
54 76
54 78
55 127
55 12
55 95
55 47
55 70
56 57
56 34
56 0
56 18
57 69
57 130
58 36
58 121
59 63
59 54
59 130
59 71
59 100
60 108
60 66
60 89
60 51
60 62
60 84
60 128
61 62
61 130
61 77
61 20
61 40
61 15
62 144
62 95
62 123
62 86
62 55
62 75
63 34
63 109
63 21
63 5
63 3
63 16
64 146
64 65
64 147
64 17
64 3
65 25
65 0
65 145
65 140
65 82
65 21
66 140
66 131
66 7
66 57
66 119
66 95
67 6
67 70
67 97
67 47
67 78
67 121
67 64
67 10
69 114
69 8
69 25
69 30
69 9
70 35
70 27
70 87
70 53
70 50
70 64
70 22
71 108
71 112
71 17
71 74
71 64
72 126
72 7
72 60
73 72
73 34
73 8
74 43
74 23
75 52
75 3
76 121
76 72
76 22
76 66
76 3
77 25
77 8
77 85
77 142
77 118
78 77
78 136
78 89
78 44
78 91
78 25
82 127
82 36
82 129
82 88
82 128
82 12
82 107
82 51
82 9
82 124
84 119
84 74
84 71
85 23
85 17
85 97
85 121
85 141
86 52
86 50
86 72
86 127
86 20
86 70
86 121
86 118
86 59
86 144
87 61
87 9
87 2
87 40
87 59
87 53
87 12
87 63
88 70
88 33
88 69
88 53
88 142
88 105
89 121
89 128
89 4
89 20
89 131
89 33
89 84
90 87
90 136
90 118
90 58
90 17
90 7
91 49
91 130
91 69
91 74
91 100
91 51
95 145
95 38
95 62
95 116
95 2
96 70
96 117
96 136
97 25
97 72
97 51
97 75
97 95
97 70
97 142
97 15
97 129
100 26
100 52
100 141
100 114
100 53
100 73
104 90
104 85
104 109
104 39
104 67
104 114
105 51
105 145
105 25
105 21
105 38
105 104
105 54
107 74
108 74
108 47
108 73
108 0
109 147
109 39
111 3
111 87
111 147
111 122
112 26
112 20
112 21
112 44
112 51
112 117
114 22
114 35
114 61
114 75
114 15
116 4
116 64
117 59
117 74
117 64
118 123
118 3
118 95
118 97
118 9
119 128
119 5
119 40
119 95
119 87
119 58
119 17
121 32
121 16
121 119
121 147
121 33
121 38
122 66
122 35
122 112
122 78
123 133
123 63
123 17
123 23
124 95
126 131
126 144
126 70
126 33
127 71
127 53
127 40
128 124
128 54
129 10
129 61
130 75
130 69
130 56
130 40
131 87
131 77
131 33
131 64
133 36
136 127
136 60
136 35
136 85
136 90
136 71
136 34
139 51
139 104
140 147
140 75
140 17
140 142
140 32
140 59
140 69
141 72
141 39
141 62
141 82
142 148
142 144
144 107
144 59
144 73
144 78
144 74
144 67
144 89
144 57
145 44
145 91
145 26
145 139
145 10
146 55
146 5
146 96
146 38
147 50
147 76
147 44
147 21
147 87
147 116
147 114
147 111
148 37
