0 28
0 81
0 63
0 5
0 66
0 38
0 147
0 65
1 29
1 80
1 105
1 125
2 19
2 26
2 106
2 1
2 134
2 36
3 101
3 143
3 0
3 75
3 47
4 122
4 44
4 59
4 5
4 119
4 65
4 45
4 92
5 64
5 52
5 104
5 47
5 19
5 121
6 113
6 137
6 82
6 89
6 18
7 121
7 11
7 101
7 131
8 92
8 69
8 47
9 33
9 145
9 76
9 128
9 66
9 40
9 10
9 148
10 139
10 71
10 44
10 122
10 76
10 82
11 94
11 63
11 7
11 133
11 115
11 30
11 59
12 126
12 110
12 71
12 22
12 81
12 83
12 120
14 79
14 32
14 109
14 45
16 124
16 18
16 123
16 120
16 82
16 121
16 29
16 115
16 117
16 27
16 128
17 83
17 131
17 103
17 127
17 105
17 130
18 5
18 89
18 94
18 103
18 68
18 44
18 11
19 27
19 81
19 5
19 141
19 48
19 104
19 51
19 145
19 17
19 118
19 122
20 90
20 19
20 1
20 127
20 10
20 117
20 62
20 104
21 113
21 90
21 71
21 46
22 133
22 36
22 24
22 126
22 35
22 5
22 12
23 39
23 5
23 110
23 40
23 118
23 48
24 104
24 63
24 52
24 125
24 147
24 55
24 108
24 134
26 126
26 92
26 16
26 119
26 7
26 115
26 91
26 106
27 71
27 16
27 139
27 95
27 89
27 30
27 147
27 105
27 14
28 37
28 128
28 23
28 17
28 135
28 112
28 131
29 131
29 11
29 105
29 138
29 104
29 139
29 145
29 84
29 44
29 76
29 33
30 48
30 68
30 65
30 2
30 119
30 45
30 64
31 134
31 135
31 110
31 23
31 76
31 115
31 89
31 147
31 18
31 52
31 120
31 67
31 98
31 38
32 105
32 68
32 0
32 113
32 78
32 122
32 81
33 31
33 82
33 119
33 44
33 85
33 124
33 139
33 64
34 21
34 107
34 121
34 141
34 40
34 32
34 80
35 106
35 119
36 91
36 34
36 108
36 95
36 140
37 74
37 9
37 133
37 119
37 83
38 44
38 62
38 14
38 48
38 102
38 141
38 55
38 128
38 147
39 17
39 137
39 119
39 148
39 109
39 46
39 24
39 106
40 35
40 140
40 28
40 58
42 103
42 124
42 10
42 28
42 12
42 130
42 62
42 138
42 6
42 9
42 118
44 23
45 118
45 105
45 44
45 57
45 143
45 56
45 30
46 33
46 22
46 79
46 17
46 50
47 69
47 5
47 28
47 120
47 33
47 138
47 24
47 110
47 89
47 32
47 63
47 148
47 91
48 78
48 90
48 5
48 3
48 94
48 123
48 26
48 22
48 75
48 10
50 120
50 147
50 140
50 34
50 47
50 54
50 75
50 127
50 141
50 8
50 21
51 108
51 24
51 148
51 59
51 143
51 11
51 4
51 103
52 3
52 129
52 9
52 21
52 73
52 143
52 40
53 40
53 16
53 48
54 115
54 89
54 143
54 71
54 27
54 121
55 122
55 146
55 119
55 63
55 140
56 145
56 130
56 102
56 54
56 52
57 92
57 140
57 86
57 80
57 3
58 91
58 11
58 52
58 45
59 40
59 131
59 30
59 75
59 90
59 141
59 31
59 148
59 24
62 21
62 46
63 83
63 19
63 86
63 74
64 129
64 52
64 146
64 23
65 90
65 110
65 91
65 54
66 80
66 84
66 101
66 134
66 50
66 82
67 0
67 5
67 94
67 119
67 47
67 149
68 20
68 134
68 71
69 23
69 75
69 105
69 44
69 86
69 133
69 119
69 38
69 51
71 24
71 11
71 7
71 86
71 91
71 57
72 63
72 66
72 113
72 99
72 48
73 16
73 34
73 125
73 115
73 142
73 18
73 141
73 149
73 95
73 148
73 110
74 56
74 29
74 32
74 14
74 39
74 121
74 107
74 66
75 105
75 56
75 44
75 129
75 30
76 44
76 34
76 64
76 107
76 67
78 86
78 76
78 102
78 138
78 126
78 32
79 59
79 78
80 128
80 12
80 67
80 28
81 108
81 136
81 103
82 36
82 54
82 131
82 110
83 143
83 95
83 74
83 121
83 138
84 4
84 72
84 53
84 119
84 103
84 99
84 10
84 78
84 86
85 5
85 103
85 133
86 124
86 42
86 90
86 137
86 117
88 78
88 17
88 28
88 83
89 139
89 40
89 115
89 34
89 45
89 145
89 71
89 122
90 74
90 66
90 79
90 2
91 94
91 65
91 28
91 52
91 39
92 8
92 140
92 6
92 14
92 33
92 26
94 90
94 59
94 107
94 92
94 1
94 138
94 110
95 16
95 103
95 90
95 14
95 126
95 40
95 34
95 55
95 125
95 84
95 85
95 51
95 130
98 88
98 128
98 129
98 134
99 29
99 44
101 65
101 33
101 95
101 59
101 14
101 67
101 68
101 55
102 52
102 2
102 18
102 59
102 57
102 5
103 71
103 135
103 134
103 107
103 20
104 129
104 6
104 108
104 12
104 28
104 16
104 52
104 8
105 71
105 80
105 106
106 23
106 56
106 62
106 145
106 103
106 69
106 17
107 136
107 31
107 108
107 90
107 0
107 78
107 148
108 119
108 11
108 0
108 140
109 85
109 12
109 122
109 52
109 31
109 64
109 21
109 119
110 127
110 22
110 29
110 102
110 83
110 131
110 38
110 57
110 64
110 139
110 85
110 63
112 138
112 140
112 4
112 131
112 27
112 31
112 14
112 129
112 3
112 22
113 47
113 21
113 14
113 65
115 55
115 36
115 131
117 141
117 37
117 94
118 126
118 55
118 46
118 44
118 120
118 85
118 50
118 38
119 18
119 91
119 99
119 135
119 108
119 78
119 88
119 125
119 65
119 28
120 117
120 17
120 137
120 9
120 86
120 39
120 48
121 75
121 129
121 76
121 86
121 142
121 29
122 2
122 29
122 92
122 78
122 52
122 18
122 56
122 109
123 48
123 89
123 117
123 2
123 1
123 88
123 18
124 137
124 119
124 39
124 105
124 50
124 141
124 143
124 113
124 146
124 18
124 24
125 42
125 91
125 119
125 50
125 141
125 107
125 95
125 75
125 7
125 103
125 71
125 127
125 137
125 121
126 30
126 17
126 66
126 135
126 72
127 109
127 36
127 99
127 68
127 44
127 121
127 21
127 47
127 137
128 40
128 53
128 36
128 8
128 92
128 84
128 0
129 59
129 94
129 66
129 137
129 69
129 19
129 95
130 29
130 50
130 19
130 149
130 131
130 48
130 30
130 28
130 45
131 32
131 62
131 54
131 12
131 42
131 16
131 17
131 127
131 7
131 58
131 74
131 23
133 131
133 59
133 3
133 69
133 85
134 24
134 146
134 67
134 34
134 40
134 9
134 33
134 36
135 67
135 83
135 115
135 105
135 35
135 131
135 99
135 36
136 74
136 147
136 110
136 135
136 101
136 67
136 58
137 147
137 19
137 99
137 143
137 85
137 26
137 140
137 45
138 83
138 110
138 135
138 48
138 112
138 64
138 94
138 89
138 22
138 99
139 120
139 108
139 53
139 110
139 101
139 82
139 135
140 8
140 101
140 104
140 90
141 118
141 79
141 14
142 105
142 139
142 118
142 66
142 138
142 107
142 65
143 75
143 80
143 73
143 94
143 138
143 108
143 68
145 140
145 34
145 94
145 108
145 148
145 104
146 89
146 24
146 124
146 45
146 149
146 47
146 71
146 90
146 55
147 112
147 19
147 139
147 74
147 88
147 31
147 102
147 145
148 131
148 85
148 14
148 68
148 82
148 135
148 124
149 146
149 74
149 42
149 18
