0 134
0 49
0 147
0 107
0 130
1 64
1 73
1 18
1 87
1 14
1 53
1 57
1 52
1 84
1 112
2 119
2 102
2 92
2 125
2 144
3 145
3 114
3 44
3 123
3 35
3 134
3 55
4 131
4 122
4 3
4 28
4 102
4 32
4 1
4 137
4 126
5 133
5 42
5 90
6 114
6 116
6 135
6 84
7 89
7 78
8 57
8 53
8 123
8 75
8 5
8 95
8 91
8 131
8 147
8 99
9 37
9 72
9 53
9 144
9 21
9 67
9 74
9 137
10 148
10 72
10 80
10 146
10 58
10 123
10 48
10 124
11 149
11 109
11 98
11 47
11 91
11 129
11 125
12 51
12 27
12 107
12 52
12 78
12 81
13 57
13 8
13 127
13 1
13 10
13 82
13 129
14 18
14 72
14 37
14 128
15 97
15 109
15 124
15 29
16 20
16 48
16 53
16 119
16 136
16 32
16 23
16 70
16 42
17 86
17 114
17 133
17 88
17 103
17 104
17 76
17 149
17 142
17 117
18 11
18 148
18 34
18 66
18 133
19 33
19 108
19 132
19 51
19 149
19 131
19 102
19 3
20 61
20 75
20 133
20 98
21 80
21 97
21 106
21 18
21 83
21 145
21 64
22 81
22 24
22 5
22 19
22 97
22 63
23 4
23 116
23 92
23 72
23 101
23 20
23 139
24 12
24 122
24 28
24 133
24 79
24 56
24 72
24 125
24 82
24 46
25 4
25 114
25 59
25 116
25 95
25 117
25 45
25 98
26 73
26 57
26 25
26 41
26 74
26 110
26 18
26 30
26 100
27 146
27 80
27 39
27 130
27 148
28 56
28 93
28 85
28 111
28 102
28 45
28 132
29 40
29 49
29 139
30 110
30 127
30 108
30 55
31 103
31 15
31 141
31 123
31 39
31 53
31 121
32 33
32 86
32 130
32 65
32 142
32 88
32 106
32 104
32 54
32 23
33 54
33 9
34 75
34 74
34 29
34 126
34 9
34 8
34 105
34 115
35 131
35 101
35 141
35 63
35 41
35 67
35 24
36 56
36 94
36 93
36 74
36 52
36 111
37 41
37 74
37 115
37 136
37 57
37 1
38 78
38 66
38 65
38 142
38 68
38 133
39 79
39 21
39 9
39 64
39 90
40 79
40 59
40 62
40 140
41 47
41 11
41 28
41 99
42 100
42 127
42 33
43 58
43 16
43 25
43 75
43 52
43 15
43 34
43 57
44 84
44 22
44 11
45 96
45 132
45 23
45 35
45 113
45 27
45 28
45 104
46 38
46 2
46 145
46 78
46 55
46 12
46 48
46 131
47 126
47 58
47 87
47 18
48 57
48 147
48 96
48 54
49 73
49 82
49 71
49 100
50 129
50 71
50 149
50 25
50 147
51 117
51 16
51 85
51 31
51 92
51 63
51 17
52 69
52 5
52 130
52 18
52 37
52 129
53 107
53 140
53 39
53 18
53 20
53 103
53 48
54 64
54 17
54 20
54 65
54 34
54 36
54 108
55 125
55 90
55 94
55 54
55 12
55 64
55 49
55 66
55 8
55 33
55 70
56 20
56 16
56 68
56 38
57 80
57 84
57 116
57 123
57 65
57 7
57 118
57 135
57 2
57 5
57 115
57 127
58 28
58 69
58 52
58 40
58 46
59 8
59 146
59 149
59 60
59 89
59 78
60 124
60 16
60 107
60 131
60 83
60 9
60 29
60 14
60 48
60 104
61 106
61 45
61 144
61 48
61 8
61 4
61 98
61 39
61 81
61 27
61 36
61 13
61 78
61 83
62 56
62 22
62 116
62 19
62 73
63 105
63 114
63 14
63 96
63 11
63 99
64 119
64 71
64 89
64 28
64 112
64 54
64 3
65 106
65 26
65 37
65 99
65 33
65 51
65 129
66 139
66 145
66 76
66 112
66 131
66 51
66 107
66 115
66 86
67 54
67 104
67 124
67 27
67 133
67 74
67 92
67 88
68 144
68 72
68 10
68 116
68 69
68 130
69 137
69 79
70 15
70 132
70 53
70 128
70 93
70 7
70 65
70 69
71 33
71 9
71 124
71 89
71 144
72 55
72 3
72 37
72 24
72 143
72 148
73 78
74 50
74 55
74 146
75 148
75 4
75 144
75 31
75 78
75 55
75 100
75 110
76 19
76 98
76 137
76 32
77 9
77 41
77 31
77 144
77 136
78 94
78 49
78 82
78 130
78 65
79 16
79 148
79 97
79 131
79 10
79 78
79 135
80 126
80 78
80 3
80 36
80 4
81 142
81 29
81 5
81 106
81 120
81 40
82 104
82 75
82 45
83 48
83 1
83 138
83 19
84 111
84 71
84 40
84 38
84 14
85 24
85 35
85 127
85 112
85 122
85 44
86 148
86 27
86 44
86 33
86 11
86 99
87 30
87 136
87 124
87 110
87 70
87 8
87 58
88 87
88 20
88 39
88 30
88 112
88 41
88 94
89 30
89 83
89 126
89 59
89 86
90 129
90 105
90 54
90 39
90 104
90 0
91 70
91 113
91 84
92 24
92 47
92 100
92 56
92 122
92 144
92 53
92 17
93 94
93 146
93 39
93 11
93 40
93 138
93 109
93 52
93 2
93 123
93 121
93 127
94 17
94 101
94 127
94 137
94 80
95 88
95 101
95 4
95 6
95 62
95 76
96 140
96 66
96 36
96 95
97 110
97 60
97 39
97 2
98 112
98 17
99 145
99 42
99 21
99 41
99 9
99 71
99 38
99 29
100 50
100 90
100 137
100 117
100 144
101 76
101 117
101 55
101 139
101 20
101 111
101 46
101 128
102 12
102 22
102 65
103 95
103 136
103 125
104 34
104 82
104 52
104 21
104 61
104 60
105 27
105 115
105 64
105 81
105 144
106 6
106 12
106 63
106 39
107 57
107 49
107 74
107 125
107 2
107 43
108 76
108 16
108 23
108 85
108 44
108 33
108 29
109 72
109 38
109 69
109 85
109 79
109 8
110 147
110 88
110 126
110 74
110 79
111 63
111 54
111 67
111 110
111 77
112 104
112 128
112 60
112 76
112 25
112 40
112 125
112 21
112 19
112 26
112 51
112 73
112 4
113 107
113 35
113 48
113 7
113 58
113 10
114 129
114 51
114 108
114 44
115 59
115 63
115 26
115 95
115 28
115 146
115 61
115 141
115 130
116 62
116 129
116 32
116 48
116 120
116 41
116 102
117 97
117 91
117 25
117 110
117 51
117 111
117 26
117 71
117 61
118 99
118 84
119 83
119 68
119 75
119 122
119 85
119 133
119 31
120 121
120 32
120 146
120 131
120 13
120 35
121 149
121 47
121 131
121 28
121 56
122 50
122 47
122 15
122 3
122 73
122 96
122 148
122 111
123 9
123 50
123 105
123 26
124 68
124 140
124 13
124 148
124 119
124 74
124 97
125 17
125 97
125 87
125 139
125 117
125 124
126 68
126 33
126 53
126 59
126 62
126 98
126 51
127 148
127 138
127 59
128 130
128 149
128 17
129 140
129 86
129 141
129 48
130 133
130 99
130 48
131 34
131 91
131 103
131 116
132 22
132 114
132 49
133 80
133 28
133 36
133 128
133 106
133 69
134 108
134 146
134 149
134 3
134 138
134 112
134 71
134 4
134 145
134 139
135 98
135 49
135 99
135 67
135 2
136 116
136 133
136 2
137 133
138 145
138 31
138 99
139 19
139 116
139 105
139 62
139 9
139 121
140 54
140 104
140 94
141 50
141 2
141 126
141 102
141 129
141 95
141 17
141 3
141 125
142 85
142 50
142 84
142 70
142 65
143 30
143 40
143 1
143 142
143 15
144 37
144 123
144 135
145 37
145 29
145 119
146 84
146 11
146 4
147 110
147 87
147 136
147 36
147 17
147 102
148 94
148 37
148 85
148 110
148 15
148 62
148 126
148 44
149 68
149 119
149 84
149 23
149 100
149 82
