0 109
0 14
0 18
0 127
0 95
0 25
1 73
1 47
1 126
1 41
1 26
1 127
2 105
2 15
2 43
2 51
2 133
3 72
3 103
3 113
3 81
3 97
3 94
3 13
4 70
4 113
4 145
4 136
4 72
4 37
4 85
4 140
4 17
5 88
5 105
5 95
5 138
6 74
6 94
6 149
6 128
6 89
6 4
6 84
6 75
6 40
7 139
7 41
7 29
7 97
8 39
8 58
8 1
8 36
8 130
8 101
8 69
8 148
8 88
9 46
9 59
9 66
9 118
10 33
10 72
10 133
10 102
10 85
11 5
11 28
11 126
11 38
11 99
12 20
12 1
12 101
12 64
12 141
12 137
12 38
12 106
13 4
13 85
13 127
13 139
13 60
13 8
13 10
13 135
14 12
14 124
14 58
14 106
14 134
14 129
14 119
14 41
15 18
15 107
15 28
15 78
15 84
15 126
15 128
15 71
16 38
16 110
16 53
16 95
16 43
16 124
17 19
17 115
17 103
17 145
17 16
17 43
18 78
18 143
18 129
18 4
18 133
18 7
18 24
18 20
18 34
18 49
18 84
19 16
19 139
19 110
20 141
20 80
20 84
20 26
20 97
21 52
21 10
21 49
22 105
22 65
22 138
22 52
23 88
23 26
23 77
23 8
23 13
23 3
23 60
23 53
23 91
24 70
24 140
24 114
24 80
24 55
24 54
24 65
24 63
25 140
25 107
25 0
25 26
25 62
25 128
25 39
26 35
26 108
26 94
26 125
26 74
27 37
27 63
27 148
27 82
27 2
27 6
27 91
27 146
27 96
28 60
28 56
28 93
28 114
28 67
28 8
28 99
29 102
29 141
29 17
29 118
29 104
29 57
30 105
30 27
30 63
30 83
31 25
31 11
32 140
32 85
32 99
32 116
33 133
33 61
34 119
34 121
34 32
34 60
34 16
34 117
35 118
35 72
35 62
35 123
35 10
36 29
36 22
36 53
36 66
36 120
36 77
36 12
36 32
36 140
36 148
37 116
37 133
37 62
37 109
37 121
37 38
37 110
38 26
38 32
38 112
39 78
39 114
39 137
39 48
39 61
39 8
39 42
39 0
39 122
39 1
39 132
40 42
40 109
40 16
41 136
41 126
42 145
42 6
42 28
42 104
42 112
42 93
42 114
43 134
43 97
43 78
43 133
43 122
44 136
44 47
44 115
44 126
44 39
44 117
44 2
44 87
44 118
44 50
44 134
45 3
45 113
45 92
45 17
46 18
46 113
46 72
46 124
46 1
47 119
47 130
47 129
47 94
47 40
47 90
48 96
48 138
48 86
48 145
48 25
48 51
49 82
49 30
49 6
49 27
49 95
49 143
49 2
49 119
50 5
50 10
50 132
50 128
50 111
50 91
50 57
50 1
51 67
51 136
51 78
51 36
51 95
51 99
51 33
51 41
52 66
52 48
52 101
52 32
52 102
53 133
53 58
53 22
53 30
53 92
53 83
54 24
54 74
54 18
54 96
54 50
54 121
55 0
55 59
55 136
56 146
56 69
56 104
56 9
56 123
56 20
56 90
57 71
57 5
57 143
57 53
57 51
57 16
57 101
57 72
57 28
57 111
58 11
58 43
58 129
58 72
58 16
58 116
58 104
58 32
59 33
59 32
59 24
59 66
59 56
59 28
59 133
59 99
59 8
59 81
60 124
60 76
60 19
60 129
60 59
60 142
61 102
61 140
61 80
61 7
61 18
61 101
62 108
62 79
62 94
62 2
62 148
62 145
62 123
63 105
63 49
63 35
63 34
63 122
63 16
63 149
63 7
64 76
64 26
64 131
64 97
64 18
64 2
65 127
65 1
65 72
66 25
66 5
66 80
66 95
67 30
67 73
67 125
67 85
67 14
68 116
68 139
68 82
68 83
68 64
68 103
68 141
69 20
69 76
69 143
69 137
69 112
69 103
70 78
70 19
70 1
70 33
70 147
70 93
70 131
70 74
71 40
71 136
71 51
71 100
71 27
71 86
71 75
71 5
71 22
71 18
72 14
72 45
72 135
72 63
72 56
72 111
72 35
72 81
73 116
73 111
73 136
73 3
73 92
73 35
73 18
74 93
74 87
74 148
74 14
74 1
74 92
75 30
76 98
76 55
76 85
76 57
76 144
76 14
76 24
76 86
76 61
77 3
77 81
77 69
77 90
77 33
78 63
78 43
78 139
78 49
78 51
79 85
79 69
79 81
79 106
79 134
79 67
79 36
80 121
80 78
80 37
80 98
80 29
80 69
80 138
81 60
81 93
81 20
82 21
82 63
82 104
82 102
82 55
82 106
82 65
82 140
82 147
82 73
83 6
83 28
83 93
83 80
83 110
84 128
84 52
84 129
84 61
84 122
84 112
85 2
85 73
85 43
85 141
85 6
85 92
86 69
86 38
86 9
86 114
86 133
86 99
86 59
86 56
86 47
87 85
87 103
87 42
87 63
88 38
88 10
88 41
88 127
88 40
88 114
88 67
88 78
88 9
88 43
89 72
89 146
89 69
89 20
89 1
90 128
90 132
90 41
90 107
90 117
90 31
91 108
91 106
91 41
91 34
91 15
91 79
91 24
91 95
92 111
92 45
92 62
92 17
92 83
92 57
93 114
93 98
93 148
93 77
93 123
94 14
94 128
94 92
94 132
94 91
94 47
94 70
94 50
94 89
94 32
94 105
95 104
95 31
95 119
95 60
96 54
96 31
96 80
96 34
96 12
96 62
96 9
97 91
97 45
97 103
97 42
97 92
97 71
98 106
98 86
98 72
98 132
99 79
99 20
99 107
99 148
99 128
99 70
100 128
100 52
100 149
100 90
100 148
100 54
100 93
101 115
101 149
101 143
101 1
101 75
101 127
101 86
102 141
102 118
102 80
102 5
102 123
102 42
103 136
103 104
103 112
104 31
104 65
104 143
105 112
105 90
105 40
105 77
105 134
105 41
105 111
105 115
105 43
105 23
106 91
106 2
106 23
107 103
107 66
107 14
107 75
108 117
108 134
108 38
108 14
109 78
109 118
109 17
109 136
109 82
109 4
109 61
109 7
109 24
109 0
109 36
110 124
110 64
110 68
110 6
110 105
110 128
110 15
111 27
111 83
111 49
111 96
112 95
112 102
112 113
112 56
113 30
113 139
114 91
114 13
114 130
114 12
115 88
115 32
115 16
115 47
115 58
115 86
115 79
115 107
115 10
115 65
115 57
116 18
116 2
116 112
117 96
117 133
117 129
117 61
117 55
117 106
117 145
118 108
118 48
118 33
118 18
118 34
119 79
119 109
119 52
119 74
119 42
119 33
119 54
119 102
119 39
119 34
120 96
120 74
121 122
121 149
121 64
122 117
122 90
122 1
122 31
122 126
123 32
123 87
123 1
123 104
124 90
124 83
124 19
124 61
124 121
124 25
125 23
125 51
125 18
125 34
125 134
125 137
125 26
126 3
126 7
126 92
127 78
127 128
127 87
127 35
127 48
127 44
127 147
128 44
128 141
128 40
129 131
129 36
129 90
129 111
129 41
129 114
129 2
129 17
130 8
130 19
130 72
130 105
130 148
130 25
130 117
130 75
130 70
131 85
131 41
131 1
131 101
131 45
131 40
131 130
131 68
132 46
132 75
132 70
132 102
132 49
132 8
133 107
133 78
133 92
134 130
134 124
134 37
134 109
134 120
134 145
134 11
134 118
134 63
134 4
135 129
135 90
135 31
135 49
135 102
135 104
135 25
136 109
136 119
136 141
136 65
136 14
136 122
137 39
137 86
137 65
138 29
138 69
138 40
138 143
138 18
138 131
138 104
139 86
139 42
139 118
139 33
139 10
140 47
140 99
140 82
140 73
140 138
140 108
140 13
140 51
140 81
140 131
141 61
141 47
141 53
141 118
141 0
141 124
142 90
142 63
142 18
142 47
142 143
142 2
142 148
143 14
143 85
143 120
143 126
143 89
143 68
143 6
143 3
143 21
144 76
144 141
144 60
144 78
144 9
145 80
145 33
145 94
145 66
145 50
145 60
146 76
146 10
146 48
146 131
146 108
147 72
147 67
147 16
147 100
147 128
147 136
148 102
148 87
148 38
148 53
148 144
148 143
149 104
149 76
149 48
149 143
149 111
149 58
149 101
