0 10 1.0
0 31 1.0
0 66 1.0
0 90 1.0
0 121 1.0
0 127 1.0
1 19 1.0
1 22 1.0
1 39 1.0
1 73 1.0
1 84 1.0
1 117 1.0
1 118 1.0
1 132 1.0
2 5 1.0
2 27 1.0
2 51 1.0
2 59 1.0
2 61 1.0
2 63 1.0
2 64 1.0
2 69 1.0
2 73 1.0
2 87 1.0
2 104 1.0
2 117 1.0
2 123 1.0
2 127 1.0
2 142 1.0
3 16 1.0
3 23 1.0
3 77 1.0
3 83 1.0
3 88 1.0
3 98 1.0
3 102 1.0
3 120 1.0
3 142 1.0
4 21 1.0
4 46 1.0
4 62 1.0
4 73 1.0
4 76 1.0
4 78 1.0
4 142 1.0
5 43 1.0
5 141 1.0
5 147 1.0
6 3 1.0
6 50 1.0
6 81 1.0
6 85 1.0
6 95 1.0
6 108 1.0
6 113 1.0
6 116 1.0
6 136 1.0
7 16 1.0
7 25 1.0
7 35 1.0
7 55 1.0
7 64 1.0
7 77 1.0
7 78 1.0
7 86 1.0
7 141 1.0
8 39 1.0
8 50 1.0
8 71 1.0
8 109 1.0
8 121 1.0
8 134 1.0
8 144 1.0
9 30 1.0
9 46 1.0
9 136 1.0
10 26 1.0
10 29 1.0
10 36 1.0
10 56 1.0
10 63 1.0
10 82 1.0
10 93 1.0
10 104 1.0
11 8 1.0
11 22 1.0
11 49 1.0
11 56 1.0
11 114 1.0
12 15 1.0
12 26 1.0
12 29 1.0
12 105 1.0
12 124 1.0
12 140 1.0
13 129 1.0
13 135 1.0
13 138 1.0
14 44 1.0
14 98 1.0
14 105 1.0
14 132 1.0
15 48 1.0
15 79 1.0
15 93 1.0
15 120 1.0
15 124 1.0
15 139 1.0
16 2 1.0
16 35 1.0
16 41 1.0
16 44 1.0
16 71 1.0
16 86 1.0
16 90 1.0
16 97 1.0
16 127 1.0
16 143 1.0
17 25 1.0
17 29 1.0
17 73 1.0
17 75 1.0
17 86 1.0
17 89 1.0
17 109 1.0
18 14 1.0
18 46 1.0
18 47 1.0
18 51 1.0
18 94 1.0
18 100 1.0
18 139 1.0
19 21 1.0
19 56 1.0
19 83 1.0
19 106 1.0
19 123 1.0
19 128 1.0
20 35 1.0
20 57 1.0
20 95 1.0
20 98 1.0
20 107 1.0
20 122 1.0
20 131 1.0
20 135 1.0
21 30 1.0
21 40 1.0
21 59 1.0
21 68 1.0
21 104 1.0
22 1 1.0
22 13 1.0
22 15 1.0
22 52 1.0
22 104 1.0
23 16 1.0
23 51 1.0
23 65 1.0
23 88 1.0
23 125 1.0
23 146 1.0
24 13 1.0
24 29 1.0
24 48 1.0
24 63 1.0
24 72 1.0
24 107 1.0
24 128 1.0
25 1 1.0
25 132 1.0
25 148 1.0
26 14 1.0
26 30 1.0
26 32 1.0
26 40 1.0
26 53 1.0
26 63 1.0
26 64 1.0
26 107 1.0
26 113 1.0
27 15 1.0
27 19 1.0
27 22 1.0
27 72 1.0
27 88 1.0
27 115 1.0
27 134 1.0
28 18 1.0
28 21 1.0
28 30 1.0
28 41 1.0
28 44 1.0
28 67 1.0
28 71 1.0
28 79 1.0
28 98 1.0
28 136 1.0
29 54 1.0
29 81 1.0
29 129 1.0
30 25 1.0
30 27 1.0
30 58 1.0
30 63 1.0
30 70 1.0
30 95 1.0
31 5 1.0
31 9 1.0
31 15 1.0
31 73 1.0
31 92 1.0
32 2 1.0
32 37 1.0
32 47 1.0
32 51 1.0
32 74 1.0
32 127 1.0
32 145 1.0
32 146 1.0
32 149 1.0
33 22 1.0
33 40 1.0
33 90 1.0
33 99 1.0
33 116 1.0
34 109 1.0
34 111 1.0
34 112 1.0
34 113 1.0
34 119 1.0
34 126 1.0
34 135 1.0
34 142 1.0
35 22 1.0
35 54 1.0
35 86 1.0
35 105 1.0
35 126 1.0
35 144 1.0
36 11 1.0
36 52 1.0
36 69 1.0
36 147 1.0
37 35 1.0
37 48 1.0
37 132 1.0
38 3 1.0
38 12 1.0
38 19 1.0
38 57 1.0
38 72 1.0
38 84 1.0
38 89 1.0
38 93 1.0
38 113 1.0
39 16 1.0
39 20 1.0
39 45 1.0
39 91 1.0
39 98 1.0
39 105 1.0
39 144 1.0
40 87 1.0
40 106 1.0
40 110 1.0
40 118 1.0
40 129 1.0
40 131 1.0
40 147 1.0
41 15 1.0
41 64 1.0
41 96 1.0
41 112 1.0
41 148 1.0
42 28 1.0
42 50 1.0
42 111 1.0
42 112 1.0
42 132 1.0
43 34 1.0
43 48 1.0
43 78 1.0
43 91 1.0
43 101 1.0
44 55 1.0
44 64 1.0
44 123 1.0
45 47 1.0
45 77 1.0
45 93 1.0
45 109 1.0
46 63 1.0
46 77 1.0
46 91 1.0
46 122 1.0
46 147 1.0
47 30 1.0
47 34 1.0
47 72 1.0
47 92 1.0
47 102 1.0
47 118 1.0
47 133 1.0
48 44 1.0
48 91 1.0
48 111 1.0
48 112 1.0
48 146 1.0
49 17 1.0
49 75 1.0
49 88 1.0
49 110 1.0
49 133 1.0
49 137 1.0
49 138 1.0
49 145 1.0
49 148 1.0
49 149 1.0
50 30 1.0
50 35 1.0
50 46 1.0
50 87 1.0
50 104 1.0
51 33 1.0
51 44 1.0
51 75 1.0
51 97 1.0
51 137 1.0
52 10 1.0
52 16 1.0
52 17 1.0
52 53 1.0
52 65 1.0
52 75 1.0
52 102 1.0
52 107 1.0
52 138 1.0
52 144 1.0
53 2 1.0
53 3 1.0
53 4 1.0
53 22 1.0
53 36 1.0
53 43 1.0
53 67 1.0
53 118 1.0
53 130 1.0
54 8 1.0
54 15 1.0
54 16 1.0
54 17 1.0
54 116 1.0
54 119 1.0
54 142 1.0
55 20 1.0
55 27 1.0
55 54 1.0
55 61 1.0
55 68 1.0
55 80 1.0
55 137 1.0
56 8 1.0
56 26 1.0
56 41 1.0
56 61 1.0
56 74 1.0
56 78 1.0
56 94 1.0
56 102 1.0
56 111 1.0
56 136 1.0
56 144 1.0
57 32 1.0
57 33 1.0
57 114 1.0
57 125 1.0
57 144 1.0
58 0 1.0
58 13 1.0
58 33 1.0
58 36 1.0
58 65 1.0
58 130 1.0
58 145 1.0
59 39 1.0
59 105 1.0
59 132 1.0
60 19 1.0
61 2 1.0
61 66 1.0
61 95 1.0
61 122 1.0
62 9 1.0
62 16 1.0
62 42 1.0
62 61 1.0
63 10 1.0
63 22 1.0
63 32 1.0
63 37 1.0
63 75 1.0
63 78 1.0
63 134 1.0
64 46 1.0
64 61 1.0
64 65 1.0
64 120 1.0
64 124 1.0
64 126 1.0
64 129 1.0
64 138 1.0
65 52 1.0
65 62 1.0
65 67 1.0
65 102 1.0
65 138 1.0
66 67 1.0
66 95 1.0
66 117 1.0
66 134 1.0
67 15 1.0
67 25 1.0
67 35 1.0
67 49 1.0
67 76 1.0
67 89 1.0
67 130 1.0
67 134 1.0
67 139 1.0
68 46 1.0
68 55 1.0
68 72 1.0
68 119 1.0
68 133 1.0
68 140 1.0
68 143 1.0
69 16 1.0
69 25 1.0
69 62 1.0
69 78 1.0
69 148 1.0
70 84 1.0
71 7 1.0
71 93 1.0
71 115 1.0
71 126 1.0
72 0 1.0
72 10 1.0
72 20 1.0
72 57 1.0
72 78 1.0
73 0 1.0
73 43 1.0
73 70 1.0
73 75 1.0
73 91 1.0
74 24 1.0
74 100 1.0
74 128 1.0
75 19 1.0
75 36 1.0
75 68 1.0
75 81 1.0
75 94 1.0
75 97 1.0
76 13 1.0
76 21 1.0
76 28 1.0
76 48 1.0
76 92 1.0
76 101 1.0
76 104 1.0
76 106 1.0
77 14 1.0
77 41 1.0
77 43 1.0
77 57 1.0
77 90 1.0
77 93 1.0
77 120 1.0
78 2 1.0
78 39 1.0
78 57 1.0
78 100 1.0
79 21 1.0
79 107 1.0
79 109 1.0
80 3 1.0
80 5 1.0
80 66 1.0
80 103 1.0
80 143 1.0
81 30 1.0
81 63 1.0
81 73 1.0
81 96 1.0
81 112 1.0
81 133 1.0
81 137 1.0
81 139 1.0
82 40 1.0
82 77 1.0
82 80 1.0
82 106 1.0
82 126 1.0
82 133 1.0
82 141 1.0
83 2 1.0
83 29 1.0
83 32 1.0
83 33 1.0
83 50 1.0
83 53 1.0
83 60 1.0
83 108 1.0
83 109 1.0
83 117 1.0
83 124 1.0
83 149 1.0
84 44 1.0
84 48 1.0
84 66 1.0
84 75 1.0
84 104 1.0
84 149 1.0
85 40 1.0
85 45 1.0
85 55 1.0
85 73 1.0
86 58 1.0
86 66 1.0
86 95 1.0
86 96 1.0
86 98 1.0
86 105 1.0
86 134 1.0
86 143 1.0
86 146 1.0
87 4 1.0
87 79 1.0
87 84 1.0
87 114 1.0
87 123 1.0
87 149 1.0
88 24 1.0
88 26 1.0
88 29 1.0
88 59 1.0
88 82 1.0
88 107 1.0
89 49 1.0
89 80 1.0
89 138 1.0
90 10 1.0
90 23 1.0
90 67 1.0
90 72 1.0
91 54 1.0
91 65 1.0
91 71 1.0
92 0 1.0
92 9 1.0
92 12 1.0
92 26 1.0
92 102 1.0
92 113 1.0
93 29 1.0
93 34 1.0
93 39 1.0
93 42 1.0
93 70 1.0
94 30 1.0
94 56 1.0
94 59 1.0
94 72 1.0
94 95 1.0
95 36 1.0
96 19 1.0
96 46 1.0
96 84 1.0
96 109 1.0
96 119 1.0
97 22 1.0
97 45 1.0
97 76 1.0
97 100 1.0
97 102 1.0
97 107 1.0
97 143 1.0
98 25 1.0
98 75 1.0
98 81 1.0
98 82 1.0
98 100 1.0
98 101 1.0
98 134 1.0
99 25 1.0
99 64 1.0
99 88 1.0
99 117 1.0
99 122 1.0
100 0 1.0
100 85 1.0
100 89 1.0
100 94 1.0
100 128 1.0
101 48 1.0
101 58 1.0
101 60 1.0
101 92 1.0
101 100 1.0
101 105 1.0
101 120 1.0
101 148 1.0
102 16 1.0
102 40 1.0
102 119 1.0
103 16 1.0
103 23 1.0
103 25 1.0
103 30 1.0
103 58 1.0
104 23 1.0
104 27 1.0
104 30 1.0
104 33 1.0
104 49 1.0
104 51 1.0
104 80 1.0
104 99 1.0
105 2 1.0
105 13 1.0
105 21 1.0
105 22 1.0
105 38 1.0
105 55 1.0
105 83 1.0
105 84 1.0
105 110 1.0
105 140 1.0
106 4 1.0
106 9 1.0
106 34 1.0
106 38 1.0
106 60 1.0
106 77 1.0
106 109 1.0
107 21 1.0
107 23 1.0
107 62 1.0
107 83 1.0
107 123 1.0
107 126 1.0
108 12 1.0
108 79 1.0
108 88 1.0
108 89 1.0
108 100 1.0
108 112 1.0
108 123 1.0
109 11 1.0
109 30 1.0
109 40 1.0
109 91 1.0
109 101 1.0
109 121 1.0
109 122 1.0
109 144 1.0
110 40 1.0
110 49 1.0
110 105 1.0
110 117 1.0
110 131 1.0
110 140 1.0
111 34 1.0
111 42 1.0
111 48 1.0
111 56 1.0
111 111 1.0
111 115 1.0
111 126 1.0
112 34 1.0
112 41 1.0
112 42 1.0
112 48 1.0
112 81 1.0
112 108 1.0
112 128 1.0
112 146 1.0
113 6 1.0
113 26 1.0
113 34 1.0
113 38 1.0
113 92 1.0
113 147 1.0
114 11 1.0
114 57 1.0
114 87 1.0
114 126 1.0
115 27 1.0
115 71 1.0
115 111 1.0
115 121 1.0
116 6 1.0
116 33 1.0
116 54 1.0
117 1 1.0
117 2 1.0
117 66 1.0
117 83 1.0
117 99 1.0
117 110 1.0
117 120 1.0
117 148 1.0
118 1 1.0
118 40 1.0
118 47 1.0
118 53 1.0
118 132 1.0
119 34 1.0
119 54 1.0
119 68 1.0
119 96 1.0
119 102 1.0
119 121 1.0
119 136 1.0
119 141 1.0
119 149 1.0
120 3 1.0
120 15 1.0
120 64 1.0
120 77 1.0
120 101 1.0
120 117 1.0
121 0 1.0
121 8 1.0
121 109 1.0
121 115 1.0
121 119 1.0
121 126 1.0
121 127 1.0
121 140 1.0
122 20 1.0
122 46 1.0
122 61 1.0
122 99 1.0
122 109 1.0
122 122 1.0
123 2 1.0
123 19 1.0
123 44 1.0
123 87 1.0
123 107 1.0
123 108 1.0
124 12 1.0
124 15 1.0
124 64 1.0
124 83 1.0
124 140 1.0
125 23 1.0
125 57 1.0
125 127 1.0
126 34 1.0
126 35 1.0
126 64 1.0
126 71 1.0
126 82 1.0
126 107 1.0
126 111 1.0
126 114 1.0
126 121 1.0
127 0 1.0
127 2 1.0
127 16 1.0
127 32 1.0
127 121 1.0
127 125 1.0
128 19 1.0
128 24 1.0
128 74 1.0
128 100 1.0
128 112 1.0
128 135 1.0
128 141 1.0
129 13 1.0
129 29 1.0
129 40 1.0
129 64 1.0
130 53 1.0
130 58 1.0
130 67 1.0
131 20 1.0
131 40 1.0
131 110 1.0
131 142 1.0
131 147 1.0
132 1 1.0
132 14 1.0
132 25 1.0
132 37 1.0
132 42 1.0
132 59 1.0
132 118 1.0
133 47 1.0
133 49 1.0
133 68 1.0
133 81 1.0
133 82 1.0
133 136 1.0
134 8 1.0
134 27 1.0
134 63 1.0
134 66 1.0
134 67 1.0
134 86 1.0
134 98 1.0
135 13 1.0
135 20 1.0
135 34 1.0
135 128 1.0
135 144 1.0
136 6 1.0
136 9 1.0
136 28 1.0
136 56 1.0
136 119 1.0
136 133 1.0
137 49 1.0
137 51 1.0
137 55 1.0
137 81 1.0
138 13 1.0
138 49 1.0
138 52 1.0
138 64 1.0
138 65 1.0
138 89 1.0
139 15 1.0
139 18 1.0
139 67 1.0
139 81 1.0
139 143 1.0
139 145 1.0
140 12 1.0
140 68 1.0
140 105 1.0
140 110 1.0
140 121 1.0
140 124 1.0
141 5 1.0
141 7 1.0
141 82 1.0
141 119 1.0
141 128 1.0
142 2 1.0
142 3 1.0
142 4 1.0
142 34 1.0
142 54 1.0
142 131 1.0
143 16 1.0
143 68 1.0
143 80 1.0
143 86 1.0
143 97 1.0
143 139 1.0
144 8 1.0
144 35 1.0
144 39 1.0
144 52 1.0
144 56 1.0
144 57 1.0
144 109 1.0
144 135 1.0
145 32 1.0
145 49 1.0
145 58 1.0
145 139 1.0
145 146 1.0
146 23 1.0
146 32 1.0
146 48 1.0
146 86 1.0
146 112 1.0
146 145 1.0
147 5 1.0
147 36 1.0
147 40 1.0
147 46 1.0
147 113 1.0
147 131 1.0
148 25 1.0
148 41 1.0
148 49 1.0
148 69 1.0
148 101 1.0
148 117 1.0
149 32 1.0
149 49 1.0
149 83 1.0
149 84 1.0
149 87 1.0
149 119 1.0
