0 36 1.0
0 85 1.0
0 103 1.0
0 129 1.0
1 19 1.0
1 24 1.0
1 62 1.0
1 114 1.0
1 132 1.0
1 133 1.0
2 0 1.0
2 23 1.0
2 73 1.0
2 74 1.0
2 82 1.0
2 120 1.0
2 130 1.0
2 149 1.0
3 1 1.0
3 30 1.0
3 38 1.0
3 42 1.0
3 99 1.0
3 103 1.0
3 110 1.0
3 129 1.0
3 130 1.0
4 16 1.0
4 68 1.0
4 71 1.0
4 77 1.0
4 89 1.0
4 113 1.0
4 125 1.0
4 144 1.0
5 10 1.0
5 49 1.0
5 57 1.0
5 137 1.0
6 73 1.0
6 98 1.0
6 115 1.0
6 117 1.0
7 51 1.0
7 77 1.0
7 89 1.0
7 100 1.0
7 138 1.0
7 143 1.0
7 146 1.0
8 50 1.0
8 64 1.0
8 92 1.0
8 97 1.0
8 119 1.0
8 121 1.0
9 21 1.0
9 25 1.0
9 27 1.0
9 61 1.0
9 83 1.0
9 106 1.0
9 112 1.0
9 145 1.0
10 19 1.0
10 21 1.0
10 40 1.0
10 53 1.0
10 58 1.0
10 75 1.0
10 92 1.0
10 130 1.0
10 137 1.0
10 144 1.0
11 25 1.0
11 32 1.0
11 36 1.0
11 102 1.0
11 113 1.0
12 4 1.0
12 10 1.0
12 22 1.0
12 68 1.0
12 71 1.0
12 79 1.0
12 83 1.0
12 128 1.0
12 147 1.0
13 28 1.0
13 61 1.0
13 62 1.0
13 95 1.0
13 114 1.0
13 134 1.0
14 30 1.0
14 43 1.0
14 79 1.0
14 98 1.0
15 22 1.0
15 62 1.0
15 76 1.0
15 90 1.0
15 119 1.0
15 131 1.0
16 62 1.0
16 83 1.0
16 107 1.0
16 136 1.0
16 148 1.0
16 149 1.0
17 15 1.0
17 84 1.0
17 123 1.0
17 143 1.0
18 16 1.0
18 57 1.0
18 66 1.0
18 99 1.0
18 105 1.0
18 135 1.0
19 8 1.0
19 27 1.0
19 112 1.0
19 115 1.0
19 116 1.0
19 124 1.0
19 143 1.0
19 148 1.0
20 49 1.0
20 54 1.0
20 60 1.0
20 66 1.0
20 74 1.0
20 104 1.0
20 134 1.0
20 142 1.0
20 147 1.0
21 7 1.0
21 43 1.0
21 66 1.0
21 99 1.0
21 108 1.0
21 122 1.0
22 2 1.0
22 16 1.0
22 21 1.0
22 33 1.0
22 43 1.0
22 47 1.0
22 55 1.0
22 64 1.0
22 77 1.0
22 119 1.0
22 143 1.0
22 148 1.0
23 32 1.0
23 54 1.0
23 83 1.0
23 107 1.0
24 21 1.0
24 45 1.0
24 86 1.0
24 100 1.0
24 102 1.0
24 103 1.0
25 7 1.0
25 36 1.0
25 38 1.0
25 81 1.0
25 97 1.0
25 109 1.0
25 117 1.0
25 122 1.0
26 6 1.0
26 22 1.0
26 23 1.0
26 24 1.0
26 36 1.0
26 47 1.0
26 61 1.0
26 85 1.0
26 99 1.0
26 100 1.0
26 122 1.0
27 83 1.0
27 129 1.0
28 10 1.0
28 24 1.0
28 78 1.0
28 101 1.0
28 124 1.0
28 128 1.0
29 15 1.0
29 21 1.0
29 23 1.0
29 58 1.0
29 64 1.0
29 65 1.0
29 100 1.0
29 113 1.0
29 125 1.0
29 137 1.0
30 2 1.0
30 17 1.0
30 21 1.0
30 74 1.0
30 105 1.0
30 118 1.0
30 127 1.0
31 54 1.0
31 58 1.0
31 64 1.0
31 75 1.0
31 93 1.0
31 107 1.0
31 114 1.0
31 140 1.0
32 7 1.0
32 9 1.0
32 49 1.0
32 54 1.0
32 60 1.0
32 67 1.0
32 101 1.0
32 114 1.0
32 117 1.0
32 147 1.0
33 12 1.0
33 19 1.0
33 25 1.0
33 50 1.0
33 52 1.0
33 68 1.0
33 81 1.0
33 89 1.0
33 110 1.0
33 116 1.0
33 125 1.0
33 141 1.0
34 11 1.0
34 23 1.0
34 31 1.0
34 39 1.0
34 43 1.0
34 65 1.0
34 98 1.0
34 132 1.0
36 6 1.0
36 20 1.0
36 25 1.0
36 53 1.0
36 91 1.0
36 135 1.0
37 9 1.0
37 28 1.0
37 34 1.0
37 44 1.0
37 125 1.0
37 137 1.0
38 5 1.0
38 39 1.0
38 41 1.0
38 66 1.0
38 76 1.0
38 87 1.0
38 107 1.0
38 140 1.0
39 16 1.0
39 20 1.0
39 36 1.0
39 41 1.0
39 51 1.0
39 62 1.0
39 64 1.0
39 68 1.0
39 76 1.0
39 79 1.0
40 10 1.0
40 29 1.0
40 88 1.0
41 12 1.0
41 17 1.0
41 44 1.0
41 64 1.0
41 93 1.0
42 7 1.0
42 11 1.0
42 56 1.0
42 63 1.0
42 117 1.0
42 134 1.0
42 142 1.0
43 5 1.0
43 38 1.0
43 46 1.0
43 65 1.0
43 72 1.0
43 74 1.0
43 82 1.0
43 91 1.0
43 120 1.0
43 140 1.0
44 10 1.0
44 16 1.0
44 29 1.0
44 65 1.0
44 112 1.0
45 7 1.0
45 26 1.0
45 68 1.0
45 70 1.0
45 79 1.0
45 92 1.0
45 117 1.0
45 141 1.0
46 16 1.0
46 20 1.0
46 24 1.0
46 28 1.0
46 54 1.0
46 74 1.0
46 78 1.0
46 130 1.0
47 26 1.0
47 42 1.0
47 49 1.0
47 59 1.0
47 68 1.0
47 105 1.0
47 110 1.0
48 20 1.0
48 26 1.0
48 44 1.0
48 64 1.0
48 110 1.0
48 120 1.0
48 140 1.0
49 37 1.0
49 42 1.0
49 66 1.0
49 101 1.0
49 106 1.0
49 140 1.0
49 149 1.0
50 31 1.0
50 45 1.0
51 34 1.0
51 103 1.0
51 131 1.0
52 12 1.0
52 36 1.0
52 57 1.0
52 65 1.0
52 73 1.0
52 81 1.0
52 126 1.0
52 141 1.0
52 142 1.0
53 33 1.0
53 103 1.0
53 142 1.0
54 10 1.0
54 25 1.0
54 31 1.0
54 36 1.0
54 40 1.0
54 57 1.0
54 79 1.0
54 81 1.0
54 82 1.0
54 83 1.0
54 90 1.0
54 142 1.0
54 143 1.0
55 34 1.0
55 88 1.0
55 103 1.0
55 136 1.0
56 37 1.0
56 48 1.0
56 50 1.0
56 57 1.0
56 88 1.0
56 120 1.0
57 58 1.0
57 100 1.0
57 107 1.0
57 109 1.0
57 146 1.0
57 148 1.0
58 1 1.0
58 20 1.0
58 46 1.0
58 55 1.0
59 3 1.0
59 31 1.0
59 36 1.0
59 39 1.0
59 62 1.0
59 68 1.0
60 55 1.0
60 65 1.0
61 6 1.0
61 25 1.0
61 47 1.0
61 107 1.0
61 145 1.0
62 4 1.0
62 26 1.0
62 40 1.0
62 67 1.0
62 87 1.0
63 0 1.0
63 2 1.0
63 99 1.0
64 20 1.0
64 32 1.0
64 55 1.0
64 66 1.0
64 67 1.0
64 79 1.0
64 118 1.0
64 136 1.0
65 31 1.0
65 36 1.0
65 51 1.0
65 61 1.0
65 87 1.0
65 139 1.0
66 5 1.0
66 22 1.0
66 124 1.0
66 144 1.0
67 33 1.0
67 69 1.0
67 89 1.0
67 96 1.0
67 130 1.0
67 132 1.0
67 135 1.0
68 8 1.0
68 82 1.0
68 111 1.0
68 125 1.0
68 132 1.0
69 16 1.0
69 52 1.0
69 53 1.0
69 58 1.0
69 81 1.0
69 92 1.0
69 106 1.0
69 129 1.0
69 138 1.0
70 29 1.0
70 35 1.0
70 69 1.0
70 98 1.0
70 138 1.0
71 13 1.0
71 20 1.0
71 22 1.0
71 126 1.0
72 62 1.0
72 73 1.0
72 111 1.0
72 119 1.0
72 136 1.0
72 139 1.0
73 43 1.0
73 87 1.0
73 92 1.0
73 121 1.0
73 136 1.0
74 52 1.0
74 63 1.0
74 120 1.0
74 133 1.0
74 136 1.0
75 7 1.0
75 13 1.0
75 130 1.0
76 0 1.0
76 21 1.0
76 53 1.0
76 68 1.0
76 122 1.0
77 14 1.0
77 44 1.0
77 79 1.0
77 117 1.0
78 1 1.0
78 16 1.0
78 42 1.0
78 98 1.0
78 100 1.0
79 12 1.0
79 34 1.0
79 38 1.0
79 66 1.0
79 74 1.0
79 89 1.0
79 100 1.0
79 145 1.0
80 36 1.0
80 88 1.0
80 127 1.0
80 135 1.0
80 136 1.0
81 23 1.0
81 65 1.0
81 95 1.0
81 108 1.0
81 113 1.0
82 16 1.0
82 23 1.0
82 53 1.0
82 64 1.0
82 124 1.0
82 126 1.0
82 131 1.0
82 148 1.0
83 7 1.0
83 62 1.0
83 77 1.0
83 113 1.0
84 15 1.0
84 25 1.0
84 38 1.0
84 57 1.0
84 61 1.0
84 98 1.0
84 101 1.0
84 147 1.0
85 17 1.0
85 18 1.0
85 28 1.0
85 93 1.0
85 102 1.0
85 108 1.0
85 120 1.0
85 122 1.0
86 16 1.0
86 22 1.0
86 29 1.0
86 63 1.0
86 81 1.0
86 99 1.0
86 131 1.0
87 4 1.0
87 20 1.0
87 61 1.0
87 73 1.0
87 83 1.0
87 98 1.0
87 102 1.0
87 104 1.0
87 108 1.0
87 124 1.0
87 148 1.0
88 28 1.0
88 51 1.0
88 54 1.0
88 57 1.0
88 71 1.0
88 126 1.0
89 32 1.0
89 57 1.0
89 62 1.0
89 75 1.0
89 129 1.0
90 0 1.0
90 21 1.0
90 28 1.0
90 34 1.0
90 48 1.0
91 0 1.0
91 16 1.0
91 36 1.0
91 75 1.0
91 87 1.0
91 109 1.0
91 148 1.0
92 12 1.0
92 26 1.0
92 48 1.0
92 85 1.0
93 1 1.0
93 6 1.0
93 23 1.0
93 33 1.0
93 43 1.0
93 79 1.0
94 0 1.0
94 17 1.0
94 18 1.0
94 21 1.0
94 44 1.0
94 83 1.0
94 123 1.0
95 5 1.0
95 7 1.0
95 19 1.0
95 52 1.0
95 65 1.0
95 92 1.0
95 103 1.0
96 0 1.0
96 9 1.0
96 38 1.0
96 69 1.0
96 72 1.0
96 123 1.0
96 124 1.0
96 138 1.0
97 6 1.0
97 57 1.0
97 95 1.0
97 123 1.0
97 129 1.0
98 24 1.0
98 30 1.0
98 38 1.0
98 47 1.0
98 58 1.0
98 121 1.0
99 0 1.0
99 55 1.0
99 66 1.0
99 97 1.0
99 137 1.0
100 13 1.0
100 49 1.0
100 91 1.0
100 107 1.0
100 127 1.0
100 128 1.0
100 137 1.0
100 147 1.0
101 27 1.0
101 47 1.0
101 51 1.0
101 117 1.0
101 131 1.0
101 138 1.0
102 18 1.0
102 62 1.0
102 66 1.0
102 72 1.0
102 74 1.0
102 94 1.0
102 123 1.0
102 142 1.0
103 1 1.0
103 7 1.0
103 51 1.0
103 54 1.0
103 86 1.0
103 108 1.0
103 139 1.0
104 60 1.0
104 67 1.0
104 97 1.0
104 141 1.0
104 149 1.0
105 26 1.0
105 52 1.0
105 82 1.0
106 26 1.0
106 55 1.0
106 62 1.0
106 65 1.0
106 80 1.0
106 85 1.0
106 121 1.0
106 123 1.0
107 4 1.0
107 49 1.0
107 63 1.0
107 64 1.0
107 106 1.0
108 32 1.0
108 139 1.0
109 85 1.0
109 118 1.0
109 133 1.0
110 3 1.0
110 33 1.0
110 47 1.0
110 48 1.0
110 123 1.0
111 68 1.0
111 72 1.0
111 120 1.0
111 121 1.0
111 130 1.0
111 134 1.0
112 9 1.0
112 19 1.0
112 44 1.0
112 126 1.0
113 4 1.0
113 11 1.0
113 29 1.0
113 81 1.0
113 83 1.0
113 135 1.0
114 1 1.0
114 13 1.0
114 31 1.0
114 32 1.0
114 147 1.0
115 6 1.0
115 19 1.0
115 123 1.0
115 141 1.0
116 19 1.0
116 33 1.0
116 126 1.0
117 6 1.0
117 25 1.0
117 32 1.0
117 42 1.0
117 45 1.0
117 77 1.0
117 101 1.0
118 30 1.0
118 64 1.0
118 109 1.0
119 8 1.0
119 15 1.0
119 22 1.0
119 72 1.0
119 142 1.0
120 2 1.0
120 43 1.0
120 48 1.0
120 56 1.0
120 74 1.0
120 85 1.0
120 111 1.0
120 132 1.0
120 139 1.0
120 144 1.0
121 8 1.0
121 73 1.0
121 98 1.0
121 106 1.0
121 111 1.0
122 21 1.0
122 25 1.0
122 26 1.0
122 76 1.0
122 85 1.0
122 128 1.0
122 134 1.0
123 17 1.0
123 94 1.0
123 96 1.0
123 97 1.0
123 102 1.0
123 106 1.0
123 110 1.0
123 115 1.0
123 146 1.0
124 19 1.0
124 28 1.0
124 66 1.0
124 82 1.0
124 87 1.0
124 96 1.0
125 4 1.0
125 29 1.0
125 33 1.0
125 37 1.0
125 68 1.0
125 129 1.0
126 52 1.0
126 71 1.0
126 82 1.0
126 88 1.0
126 112 1.0
126 116 1.0
127 30 1.0
127 80 1.0
127 100 1.0
128 12 1.0
128 28 1.0
128 100 1.0
128 122 1.0
128 134 1.0
129 0 1.0
129 3 1.0
129 27 1.0
129 69 1.0
129 89 1.0
129 97 1.0
129 125 1.0
130 2 1.0
130 3 1.0
130 10 1.0
130 46 1.0
130 67 1.0
130 75 1.0
130 111 1.0
131 15 1.0
131 51 1.0
131 82 1.0
131 86 1.0
131 101 1.0
132 1 1.0
132 34 1.0
132 67 1.0
132 68 1.0
132 120 1.0
133 1 1.0
133 74 1.0
133 109 1.0
133 134 1.0
133 145 1.0
134 13 1.0
134 20 1.0
134 42 1.0
134 111 1.0
134 122 1.0
134 128 1.0
134 133 1.0
135 18 1.0
135 36 1.0
135 67 1.0
135 80 1.0
135 113 1.0
136 16 1.0
136 55 1.0
136 64 1.0
136 72 1.0
136 73 1.0
136 74 1.0
136 80 1.0
136 139 1.0
137 5 1.0
137 10 1.0
137 29 1.0
137 37 1.0
137 99 1.0
137 100 1.0
138 7 1.0
138 69 1.0
138 70 1.0
138 96 1.0
138 101 1.0
138 145 1.0
139 65 1.0
139 72 1.0
139 103 1.0
139 108 1.0
139 120 1.0
139 136 1.0
140 31 1.0
140 38 1.0
140 43 1.0
140 48 1.0
140 49 1.0
141 33 1.0
141 45 1.0
141 52 1.0
141 104 1.0
141 115 1.0
142 20 1.0
142 42 1.0
142 52 1.0
142 53 1.0
142 54 1.0
142 102 1.0
142 119 1.0
143 7 1.0
143 17 1.0
143 19 1.0
143 22 1.0
143 54 1.0
143 145 1.0
144 4 1.0
144 10 1.0
144 66 1.0
144 120 1.0
144 146 1.0
145 9 1.0
145 61 1.0
145 79 1.0
145 133 1.0
145 138 1.0
145 143 1.0
146 7 1.0
146 57 1.0
146 123 1.0
146 144 1.0
147 12 1.0
147 20 1.0
147 32 1.0
147 84 1.0
147 100 1.0
147 114 1.0
148 16 1.0
148 19 1.0
148 22 1.0
148 57 1.0
148 82 1.0
148 87 1.0
148 91 1.0
149 2 1.0
149 16 1.0
149 49 1.0
149 104 1.0
