0 31 1.0
0 52 1.0
0 54 1.0
0 91 1.0
0 135 1.0
1 6 1.0
1 9 1.0
1 45 1.0
1 46 1.0
1 116 1.0
1 117 1.0
1 126 1.0
1 130 1.0
2 56 1.0
2 148 1.0
3 0 1.0
3 108 1.0
3 125 1.0
3 135 1.0
3 143 1.0
4 11 1.0
4 16 1.0
4 25 1.0
4 53 1.0
4 93 1.0
4 138 1.0
5 19 1.0
5 28 1.0
5 62 1.0
5 67 1.0
5 95 1.0
6 30 1.0
6 105 1.0
7 5 1.0
7 21 1.0
7 39 1.0
7 54 1.0
7 63 1.0
7 67 1.0
7 77 1.0
7 104 1.0
8 15 1.0
8 107 1.0
8 125 1.0
9 17 1.0
9 109 1.0
10 30 1.0
10 66 1.0
10 77 1.0
10 98 1.0
10 126 1.0
10 142 1.0
11 33 1.0
11 44 1.0
11 60 1.0
12 19 1.0
12 22 1.0
12 31 1.0
12 129 1.0
13 10 1.0
13 15 1.0
13 21 1.0
13 63 1.0
13 77 1.0
13 113 1.0
13 140 1.0
14 35 1.0
14 75 1.0
14 92 1.0
14 108 1.0
14 131 1.0
15 100 1.0
16 4 1.0
16 20 1.0
16 21 1.0
16 40 1.0
16 84 1.0
16 117 1.0
16 121 1.0
16 142 1.0
16 146 1.0
16 147 1.0
17 27 1.0
17 69 1.0
17 114 1.0
17 139 1.0
17 146 1.0
18 15 1.0
18 28 1.0
18 110 1.0
18 126 1.0
18 133 1.0
18 134 1.0
19 3 1.0
19 59 1.0
19 67 1.0
19 71 1.0
19 92 1.0
19 113 1.0
19 135 1.0
20 17 1.0
20 34 1.0
20 143 1.0
21 49 1.0
21 61 1.0
21 90 1.0
21 100 1.0
21 119 1.0
21 138 1.0
21 143 1.0
22 19 1.0
22 73 1.0
22 136 1.0
22 142 1.0
23 11 1.0
23 24 1.0
23 39 1.0
23 84 1.0
23 105 1.0
23 115 1.0
23 127 1.0
24 74 1.0
24 82 1.0
24 88 1.0
24 93 1.0
24 126 1.0
24 131 1.0
25 22 1.0
25 28 1.0
25 29 1.0
25 60 1.0
25 91 1.0
25 106 1.0
25 135 1.0
26 5 1.0
26 41 1.0
26 43 1.0
26 57 1.0
26 69 1.0
26 131 1.0
27 42 1.0
27 58 1.0
27 67 1.0
27 70 1.0
27 84 1.0
28 5 1.0
28 13 1.0
28 40 1.0
28 66 1.0
28 68 1.0
28 102 1.0
28 111 1.0
29 19 1.0
29 25 1.0
29 31 1.0
29 62 1.0
29 110 1.0
30 37 1.0
31 38 1.0
31 65 1.0
31 143 1.0
32 39 1.0
32 60 1.0
32 67 1.0
32 78 1.0
32 133 1.0
32 147 1.0
33 8 1.0
33 32 1.0
33 57 1.0
33 61 1.0
33 86 1.0
33 102 1.0
34 18 1.0
34 37 1.0
34 114 1.0
34 118 1.0
34 119 1.0
34 148 1.0
35 6 1.0
35 38 1.0
35 110 1.0
35 125 1.0
36 12 1.0
36 99 1.0
36 108 1.0
36 137 1.0
36 138 1.0
37 5 1.0
37 12 1.0
37 64 1.0
37 65 1.0
37 103 1.0
37 134 1.0
37 139 1.0
37 146 1.0
38 24 1.0
38 39 1.0
39 42 1.0
40 34 1.0
40 46 1.0
40 67 1.0
40 110 1.0
40 126 1.0
40 133 1.0
40 139 1.0
40 145 1.0
41 22 1.0
41 35 1.0
41 48 1.0
41 99 1.0
41 100 1.0
41 112 1.0
42 73 1.0
42 80 1.0
42 100 1.0
42 134 1.0
42 140 1.0
43 21 1.0
43 36 1.0
43 39 1.0
43 109 1.0
43 139 1.0
44 3 1.0
44 20 1.0
44 41 1.0
45 71 1.0
45 83 1.0
46 34 1.0
46 90 1.0
46 142 1.0
47 16 1.0
47 24 1.0
47 26 1.0
47 32 1.0
47 55 1.0
47 81 1.0
47 90 1.0
47 92 1.0
48 1 1.0
48 43 1.0
48 74 1.0
48 88 1.0
48 91 1.0
48 112 1.0
48 113 1.0
48 144 1.0
49 15 1.0
49 72 1.0
50 9 1.0
50 27 1.0
50 34 1.0
50 44 1.0
50 66 1.0
51 6 1.0
51 7 1.0
51 9 1.0
51 35 1.0
51 77 1.0
51 107 1.0
51 145 1.0
52 8 1.0
52 16 1.0
52 22 1.0
52 33 1.0
52 41 1.0
52 53 1.0
53 24 1.0
53 36 1.0
53 62 1.0
53 84 1.0
53 141 1.0
54 5 1.0
54 16 1.0
54 38 1.0
54 39 1.0
54 56 1.0
54 145 1.0
55 25 1.0
55 36 1.0
55 110 1.0
56 25 1.0
56 86 1.0
56 139 1.0
57 46 1.0
57 63 1.0
57 87 1.0
57 98 1.0
57 124 1.0
58 45 1.0
58 64 1.0
58 67 1.0
58 77 1.0
58 82 1.0
58 103 1.0
59 7 1.0
59 19 1.0
59 33 1.0
59 46 1.0
59 63 1.0
59 67 1.0
59 96 1.0
59 127 1.0
60 2 1.0
60 21 1.0
60 22 1.0
60 81 1.0
60 98 1.0
60 106 1.0
60 119 1.0
60 127 1.0
61 27 1.0
61 54 1.0
61 78 1.0
61 105 1.0
61 109 1.0
62 10 1.0
62 17 1.0
62 24 1.0
62 63 1.0
63 9 1.0
63 23 1.0
63 84 1.0
63 92 1.0
63 100 1.0
64 8 1.0
64 10 1.0
64 18 1.0
64 29 1.0
64 40 1.0
64 76 1.0
64 87 1.0
64 88 1.0
64 128 1.0
64 132 1.0
64 141 1.0
65 15 1.0
65 17 1.0
65 41 1.0
65 45 1.0
65 60 1.0
65 78 1.0
65 104 1.0
66 39 1.0
66 88 1.0
66 89 1.0
66 123 1.0
66 130 1.0
67 11 1.0
67 21 1.0
67 25 1.0
67 52 1.0
67 56 1.0
67 60 1.0
67 126 1.0
67 139 1.0
68 3 1.0
68 114 1.0
69 28 1.0
69 127 1.0
69 132 1.0
69 147 1.0
70 27 1.0
70 40 1.0
71 37 1.0
71 57 1.0
71 74 1.0
71 108 1.0
71 116 1.0
71 117 1.0
72 11 1.0
72 18 1.0
72 38 1.0
72 42 1.0
72 55 1.0
72 95 1.0
72 122 1.0
73 30 1.0
73 37 1.0
73 70 1.0
73 102 1.0
73 121 1.0
74 78 1.0
74 90 1.0
74 129 1.0
74 140 1.0
75 9 1.0
75 31 1.0
75 33 1.0
75 49 1.0
75 106 1.0
75 112 1.0
76 5 1.0
76 16 1.0
76 32 1.0
77 6 1.0
77 26 1.0
77 41 1.0
77 63 1.0
77 97 1.0
78 52 1.0
78 81 1.0
78 123 1.0
79 19 1.0
79 63 1.0
79 76 1.0
79 99 1.0
79 104 1.0
79 113 1.0
79 140 1.0
80 8 1.0
80 38 1.0
80 43 1.0
80 81 1.0
80 116 1.0
80 126 1.0
81 6 1.0
81 13 1.0
81 15 1.0
81 41 1.0
81 58 1.0
81 104 1.0
81 125 1.0
81 128 1.0
81 134 1.0
82 79 1.0
82 132 1.0
83 42 1.0
83 48 1.0
83 101 1.0
83 102 1.0
83 147 1.0
84 103 1.0
84 136 1.0
85 32 1.0
85 40 1.0
85 65 1.0
85 114 1.0
85 144 1.0
86 12 1.0
86 103 1.0
87 5 1.0
87 29 1.0
87 57 1.0
87 79 1.0
87 83 1.0
87 91 1.0
88 4 1.0
88 11 1.0
88 61 1.0
88 68 1.0
88 77 1.0
88 92 1.0
88 93 1.0
88 137 1.0
89 5 1.0
89 22 1.0
89 42 1.0
89 51 1.0
89 58 1.0
89 63 1.0
90 15 1.0
90 33 1.0
90 70 1.0
91 0 1.0
91 5 1.0
91 9 1.0
91 37 1.0
91 44 1.0
91 45 1.0
92 1 1.0
92 2 1.0
92 33 1.0
92 62 1.0
92 99 1.0
92 105 1.0
93 17 1.0
93 27 1.0
93 98 1.0
93 112 1.0
94 14 1.0
94 31 1.0
94 62 1.0
94 68 1.0
94 77 1.0
94 90 1.0
95 15 1.0
95 62 1.0
95 118 1.0
95 138 1.0
96 58 1.0
96 64 1.0
96 76 1.0
96 84 1.0
96 91 1.0
96 104 1.0
96 122 1.0
96 125 1.0
96 141 1.0
97 59 1.0
97 99 1.0
97 134 1.0
97 139 1.0
98 32 1.0
98 69 1.0
98 108 1.0
99 27 1.0
99 52 1.0
99 70 1.0
99 93 1.0
99 134 1.0
100 19 1.0
100 42 1.0
100 47 1.0
100 51 1.0
101 74 1.0
101 120 1.0
102 19 1.0
102 22 1.0
102 27 1.0
102 37 1.0
102 88 1.0
102 98 1.0
103 3 1.0
103 40 1.0
103 70 1.0
103 88 1.0
103 104 1.0
103 131 1.0
104 15 1.0
104 16 1.0
104 140 1.0
105 27 1.0
105 40 1.0
105 60 1.0
105 80 1.0
105 148 1.0
106 5 1.0
106 24 1.0
106 40 1.0
106 44 1.0
107 8 1.0
107 56 1.0
107 77 1.0
108 76 1.0
108 77 1.0
108 91 1.0
108 95 1.0
108 127 1.0
108 141 1.0
109 80 1.0
109 95 1.0
109 106 1.0
109 115 1.0
110 31 1.0
111 93 1.0
111 113 1.0
111 118 1.0
111 139 1.0
112 33 1.0
112 53 1.0
112 87 1.0
112 129 1.0
113 9 1.0
113 18 1.0
113 22 1.0
113 55 1.0
113 68 1.0
113 86 1.0
113 91 1.0
113 97 1.0
114 3 1.0
114 21 1.0
114 26 1.0
114 41 1.0
114 49 1.0
114 60 1.0
114 100 1.0
114 122 1.0
114 128 1.0
114 132 1.0
114 142 1.0
114 149 1.0
115 13 1.0
115 22 1.0
115 27 1.0
115 32 1.0
115 92 1.0
115 147 1.0
116 10 1.0
116 14 1.0
116 43 1.0
116 98 1.0
116 124 1.0
117 2 1.0
117 5 1.0
117 7 1.0
117 37 1.0
117 101 1.0
118 18 1.0
118 21 1.0
118 22 1.0
118 70 1.0
118 93 1.0
118 94 1.0
118 117 1.0
119 105 1.0
120 72 1.0
120 89 1.0
120 112 1.0
120 130 1.0
121 4 1.0
121 40 1.0
121 50 1.0
121 89 1.0
122 34 1.0
122 68 1.0
122 79 1.0
122 138 1.0
123 13 1.0
123 28 1.0
123 32 1.0
123 47 1.0
123 55 1.0
123 93 1.0
124 60 1.0
124 84 1.0
124 96 1.0
124 113 1.0
124 143 1.0
124 144 1.0
125 51 1.0
125 52 1.0
125 76 1.0
125 92 1.0
126 3 1.0
126 21 1.0
126 81 1.0
126 115 1.0
126 120 1.0
127 5 1.0
127 10 1.0
127 26 1.0
127 31 1.0
127 92 1.0
127 111 1.0
128 14 1.0
128 33 1.0
128 50 1.0
128 66 1.0
128 103 1.0
129 11 1.0
129 24 1.0
129 27 1.0
129 32 1.0
129 54 1.0
130 5 1.0
130 56 1.0
130 70 1.0
130 86 1.0
130 97 1.0
130 108 1.0
130 119 1.0
130 142 1.0
131 8 1.0
131 17 1.0
131 31 1.0
131 45 1.0
131 67 1.0
131 111 1.0
131 133 1.0
131 143 1.0
131 144 1.0
132 5 1.0
132 28 1.0
132 40 1.0
132 42 1.0
132 114 1.0
132 119 1.0
132 141 1.0
132 149 1.0
133 18 1.0
133 34 1.0
133 38 1.0
133 41 1.0
133 55 1.0
133 58 1.0
133 68 1.0
133 77 1.0
133 79 1.0
133 103 1.0
133 104 1.0
133 123 1.0
134 7 1.0
134 11 1.0
134 21 1.0
134 28 1.0
134 39 1.0
134 47 1.0
134 68 1.0
134 88 1.0
134 116 1.0
134 119 1.0
134 120 1.0
135 46 1.0
135 70 1.0
135 90 1.0
135 112 1.0
135 118 1.0
136 5 1.0
136 9 1.0
136 37 1.0
136 95 1.0
136 106 1.0
136 121 1.0
136 124 1.0
137 17 1.0
137 61 1.0
137 65 1.0
137 80 1.0
137 91 1.0
138 5 1.0
138 51 1.0
138 75 1.0
138 89 1.0
138 104 1.0
138 106 1.0
138 124 1.0
139 18 1.0
139 52 1.0
139 64 1.0
139 65 1.0
139 99 1.0
139 105 1.0
140 13 1.0
140 42 1.0
140 74 1.0
140 79 1.0
140 104 1.0
141 53 1.0
141 64 1.0
141 96 1.0
141 108 1.0
141 132 1.0
142 10 1.0
142 16 1.0
142 22 1.0
142 46 1.0
142 114 1.0
142 130 1.0
143 3 1.0
143 20 1.0
143 21 1.0
143 31 1.0
143 124 1.0
143 131 1.0
144 48 1.0
144 85 1.0
144 124 1.0
144 131 1.0
145 40 1.0
145 51 1.0
145 54 1.0
146 16 1.0
146 17 1.0
146 37 1.0
147 16 1.0
147 32 1.0
147 69 1.0
147 83 1.0
147 115 1.0
148 2 1.0
148 34 1.0
148 105 1.0
149 114 1.0
149 132 1.0
