0 66
0 108
0 76
0 84
0 128
0 92
0 48
0 111
1 57
1 17
1 69
1 149
2 114
2 115
3 77
3 84
3 143
3 68
3 135
3 104
4 38
4 31
4 43
4 77
5 49
5 97
5 148
5 7
5 135
6 49
6 148
6 72
6 136
7 112
7 123
7 128
7 93
7 11
7 0
7 103
7 48
7 87
8 143
8 23
8 148
8 46
8 45
8 87
8 25
8 4
9 23
9 78
9 108
9 48
9 22
9 31
9 58
9 14
9 6
9 67
10 101
10 80
11 26
11 83
11 97
11 15
11 29
11 2
11 9
11 141
12 77
12 115
12 47
13 2
13 82
13 52
13 78
14 107
14 70
14 69
14 139
14 39
14 19
14 77
14 83
14 82
15 136
15 45
15 53
16 59
16 80
16 130
16 58
17 112
17 102
17 113
17 24
17 72
18 39
18 102
18 133
18 114
18 50
19 54
19 51
19 110
19 149
19 25
19 97
19 66
19 76
20 92
20 124
20 17
20 28
20 129
20 147
21 12
21 72
21 142
21 120
22 46
22 20
22 89
22 94
22 102
23 130
24 33
24 4
24 25
24 0
24 99
24 28
25 15
25 137
25 30
25 93
25 40
25 119
26 78
26 129
26 91
26 60
26 133
26 56
27 81
27 86
27 140
27 88
27 129
27 117
27 26
28 88
28 91
28 86
28 78
28 95
28 96
28 6
28 32
29 68
29 44
29 131
29 46
29 47
29 79
29 43
29 108
29 120
29 83
30 111
30 63
30 127
30 139
30 26
30 23
31 129
31 69
31 29
32 108
32 12
32 116
32 140
33 34
33 84
33 1
33 99
33 85
33 105
33 88
33 5
33 130
34 20
34 28
34 86
34 44
34 101
34 119
35 25
35 69
35 0
35 132
35 96
36 82
36 97
36 8
36 142
36 30
36 18
36 96
37 44
37 87
37 73
38 64
38 108
38 94
38 122
38 36
38 26
38 29
38 84
39 123
39 54
39 124
39 133
39 85
39 114
40 21
40 2
41 84
41 27
41 137
41 132
41 103
41 22
41 88
42 40
42 100
42 77
42 143
42 11
43 112
43 145
43 138
44 96
44 130
44 90
44 78
44 129
44 6
44 148
45 78
45 20
45 3
45 106
45 9
46 83
46 143
46 30
46 15
46 118
46 23
46 2
47 136
47 68
47 75
47 80
47 52
47 2
48 61
48 106
48 41
48 79
49 63
49 28
49 54
49 60
50 53
50 109
50 58
50 49
50 147
51 84
51 53
51 70
52 109
52 148
52 125
52 37
52 145
52 40
52 104
53 8
53 42
53 82
54 9
54 106
54 28
54 72
55 10
56 13
56 22
56 6
56 20
56 3
57 138
57 79
57 116
57 139
57 146
58 15
58 7
58 107
58 121
58 101
58 19
58 147
59 22
59 40
59 53
59 0
59 6
59 106
59 123
59 111
60 53
60 65
60 52
61 51
61 8
61 70
61 138
62 61
62 1
62 18
63 97
63 143
63 112
64 101
64 74
64 75
64 92
64 120
64 137
65 108
65 11
65 49
65 22
66 19
66 10
66 26
67 142
67 53
67 37
67 48
67 52
67 68
68 48
68 14
68 130
68 5
68 28
68 4
68 42
69 96
69 72
69 52
69 104
69 27
69 45
69 149
70 126
70 132
70 20
70 129
70 142
70 102
70 127
71 149
71 81
71 27
71 113
71 34
71 128
71 104
71 108
72 63
72 100
72 108
72 122
72 95
73 135
73 52
73 14
73 130
73 121
73 86
73 63
73 53
74 110
74 141
74 134
74 6
74 39
74 2
74 69
74 96
75 115
75 82
75 27
75 104
76 149
76 43
76 4
76 74
77 71
77 143
77 23
78 116
78 18
79 33
79 60
79 137
79 20
79 117
79 112
79 101
80 138
80 52
80 83
81 10
81 149
81 92
81 102
81 8
81 99
81 134
81 109
82 11
82 148
82 16
82 118
82 143
83 79
83 86
83 59
83 12
84 1
84 50
84 2
84 136
84 137
84 143
85 54
85 31
85 127
85 99
85 45
86 120
86 14
86 83
86 55
87 121
87 106
87 84
87 8
87 49
87 128
87 20
87 78
87 90
88 118
88 10
88 97
88 116
88 37
88 124
89 10
89 144
89 11
89 53
89 86
90 26
90 23
90 25
91 68
91 143
91 31
91 82
91 118
91 107
92 82
92 123
92 3
92 46
92 135
92 39
93 53
93 129
93 92
93 101
93 88
93 103
94 64
94 93
94 86
94 50
94 90
94 54
94 87
94 16
95 45
95 146
95 38
95 55
95 60
96 114
96 95
96 121
96 76
97 104
97 105
97 65
97 0
98 19
98 66
98 65
98 124
98 15
98 136
98 117
99 112
99 111
99 121
99 113
99 16
99 93
99 102
100 121
100 89
100 19
100 62
100 74
100 38
100 102
101 88
101 4
101 149
101 3
101 46
102 120
102 81
102 5
102 103
103 134
103 94
104 54
104 41
104 40
104 45
105 28
105 24
105 70
105 9
106 37
106 121
106 110
106 98
107 78
107 114
107 110
107 14
107 20
107 109
108 123
108 134
108 11
108 131
108 58
108 89
109 2
109 71
109 37
109 61
109 12
109 129
109 29
109 123
110 50
110 87
110 93
110 99
111 120
111 65
111 97
111 95
111 43
111 53
111 33
111 10
112 12
112 51
112 87
112 145
113 20
113 67
113 84
113 99
114 125
114 96
114 71
114 83
114 47
114 46
115 140
116 94
116 72
116 77
117 63
117 52
117 85
118 137
118 83
118 124
118 91
118 31
118 95
119 34
119 44
119 55
120 78
120 134
120 68
120 132
120 93
121 39
121 58
121 93
121 78
121 115
121 131
122 26
122 100
122 110
123 76
123 83
123 54
123 121
123 144
123 39
123 134
123 97
123 88
123 33
124 25
124 48
125 141
125 2
125 74
125 60
125 5
125 56
125 90
125 147
125 103
125 137
126 143
126 76
126 64
126 48
127 117
127 91
127 145
127 146
127 37
128 117
128 111
128 14
128 96
128 143
128 109
128 34
129 128
129 36
129 49
129 105
129 35
129 31
129 121
129 62
129 5
129 11
129 106
130 148
130 86
130 118
130 78
130 5
130 53
131 67
131 43
131 40
132 64
132 148
132 28
132 87
132 52
132 46
133 47
133 48
133 30
133 9
134 22
134 13
134 76
134 26
134 73
134 77
134 18
134 30
135 42
135 106
135 3
135 66
135 103
135 56
136 23
136 90
136 81
136 109
136 117
136 131
136 29
136 108
136 95
137 81
137 146
137 64
137 99
137 102
137 140
137 46
137 59
138 141
138 41
138 78
139 84
139 43
139 104
140 29
140 16
140 36
140 68
140 92
141 21
141 113
141 86
142 113
142 115
142 138
142 144
142 123
142 65
142 8
142 23
142 124
143 66
143 123
144 114
144 23
144 77
144 29
144 68
144 90
145 28
145 118
145 71
145 128
145 64
146 32
146 126
146 21
147 63
148 108
148 3
148 141
148 4
148 130
148 42
148 124
149 35
149 146
149 92
