0 21 1.0
0 33 1.0
0 37 1.0
0 50 1.0
0 61 1.0
0 75 1.0
0 81 1.0
0 84 1.0
0 86 1.0
1 52 1.0
1 53 1.0
1 80 1.0
2 22 1.0
2 45 1.0
2 75 1.0
2 80 1.0
3 40 1.0
3 82 1.0
4 53 1.0
4 81 1.0
7 10 1.0
7 23 1.0
7 33 1.0
7 37 1.0
7 45 1.0
7 69 1.0
8 4 1.0
8 66 1.0
8 85 1.0
10 5 1.0
10 17 1.0
12 4 1.0
12 50 1.0
12 54 1.0
12 83 1.0
13 2 1.0
13 47 1.0
14 0 1.0
14 10 1.0
14 44 1.0
15 42 1.0
15 44 1.0
15 45 1.0
15 66 1.0
16 23 1.0
16 52 1.0
16 58 1.0
16 62 1.0
16 84 1.0
17 1 1.0
17 8 1.0
19 64 1.0
20 1 1.0
20 5 1.0
20 9 1.0
20 55 1.0
20 67 1.0
20 84 1.0
21 18 1.0
21 28 1.0
21 39 1.0
21 48 1.0
21 72 1.0
22 23 1.0
22 27 1.0
22 30 1.0
23 48 1.0
24 3 1.0
24 71 1.0
26 39 1.0
26 54 1.0
26 64 1.0
26 65 1.0
27 32 1.0
28 34 1.0
28 64 1.0
29 28 1.0
30 45 1.0
30 67 1.0
30 77 1.0
31 36 1.0
32 22 1.0
32 50 1.0
32 73 1.0
32 79 1.0
33 3 1.0
33 7 1.0
34 59 1.0
34 60 1.0
34 66 1.0
34 78 1.0
35 41 1.0
35 50 1.0
35 61 1.0
35 69 1.0
36 42 1.0
36 53 1.0
36 82 1.0
37 19 1.0
37 69 1.0
38 54 1.0
39 13 1.0
39 27 1.0
40 64 1.0
41 3 1.0
41 47 1.0
41 51 1.0
41 63 1.0
41 69 1.0
41 76 1.0
42 55 1.0
42 67 1.0
43 3 1.0
44 37 1.0
44 52 1.0
44 56 1.0
45 0 1.0
45 32 1.0
46 5 1.0
46 7 1.0
46 32 1.0
46 33 1.0
46 58 1.0
47 56 1.0
48 46 1.0
48 56 1.0
49 38 1.0
49 51 1.0
49 52 1.0
50 43 1.0
50 63 1.0
50 74 1.0
50 79 1.0
51 1 1.0
51 4 1.0
51 28 1.0
51 35 1.0
52 20 1.0
52 35 1.0
52 44 1.0
52 74 1.0
55 11 1.0
55 58 1.0
56 16 1.0
56 38 1.0
56 53 1.0
56 86 1.0
58 10 1.0
58 21 1.0
58 72 1.0
59 21 1.0
59 31 1.0
59 37 1.0
59 67 1.0
61 44 1.0
61 51 1.0
61 67 1.0
62 21 1.0
63 37 1.0
64 18 1.0
64 38 1.0
65 19 1.0
66 9 1.0
66 32 1.0
66 53 1.0
66 58 1.0
66 64 1.0
67 33 1.0
68 30 1.0
68 74 1.0
69 14 1.0
71 24 1.0
71 71 1.0
72 21 1.0
72 58 1.0
73 32 1.0
73 77 1.0
74 50 1.0
74 52 1.0
74 68 1.0
74 85 1.0
75 0 1.0
75 2 1.0
76 41 1.0
76 80 1.0
77 30 1.0
77 73 1.0
77 77 1.0
77 78 1.0
78 34 1.0
78 77 1.0
79 32 1.0
79 50 1.0
79 84 1.0
80 1 1.0
80 2 1.0
80 76 1.0
81 0 1.0
81 4 1.0
82 3 1.0
82 36 1.0
83 12 1.0
84 0 1.0
84 16 1.0
84 20 1.0
84 79 1.0
85 8 1.0
85 74 1.0
85 86 1.0
86 0 1.0
86 56 1.0
86 85 1.0
