0 139
0 99
0 86
0 79
1 75
1 114
1 127
1 77
2 145
2 70
2 54
2 117
2 123
3 117
3 58
3 35
3 64
3 7
3 95
3 72
3 127
4 137
4 133
4 116
4 3
4 125
4 84
4 45
5 138
5 130
5 114
5 144
5 41
5 87
6 126
6 26
6 71
6 97
6 116
7 44
7 95
7 136
7 69
7 29
8 109
9 63
9 117
9 41
9 33
9 110
9 129
10 119
10 80
10 5
11 44
11 3
11 104
11 95
11 128
12 71
12 102
12 109
12 56
12 1
13 113
13 42
13 111
14 83
15 70
15 21
15 16
16 58
16 80
16 0
16 47
17 140
17 117
17 55
17 98
17 57
17 122
17 33
18 19
18 78
18 94
18 114
18 85
18 57
18 23
18 25
18 103
19 28
19 66
19 63
19 106
19 21
19 48
20 97
20 108
20 129
20 34
20 135
20 12
20 39
20 125
21 79
21 52
21 105
22 70
22 12
22 107
22 98
22 100
22 111
22 8
23 18
23 104
23 115
23 31
23 65
24 79
24 92
25 73
25 13
25 115
25 125
25 54
26 46
26 115
26 39
26 149
26 76
27 106
27 82
27 114
27 104
28 66
28 0
28 33
28 129
28 64
28 95
28 133
29 53
29 110
29 118
29 128
29 30
29 131
30 51
30 24
30 131
30 39
30 15
30 120
31 58
31 18
31 123
31 6
31 115
31 8
31 139
31 16
31 48
32 54
32 3
32 67
33 88
33 95
33 36
33 31
33 91
34 71
34 144
34 52
35 105
35 127
36 17
36 33
36 71
36 78
37 112
37 35
37 84
37 128
37 29
37 74
37 92
37 11
38 68
38 112
38 97
39 148
39 140
39 45
40 103
40 33
40 21
40 53
40 65
41 49
41 78
41 35
41 89
41 149
42 23
42 52
42 7
42 37
42 40
42 8
42 72
42 45
43 112
43 30
43 47
43 27
44 141
44 139
44 69
44 16
44 119
44 82
44 43
44 71
44 53
44 2
44 149
45 0
45 97
45 137
45 67
45 113
45 63
45 131
46 97
46 136
46 60
46 102
47 70
47 93
47 20
47 142
47 69
47 75
48 103
48 62
48 116
48 104
48 63
49 111
49 20
49 75
49 5
50 0
50 145
50 84
51 143
51 41
51 17
51 50
51 45
51 141
51 4
51 131
52 3
52 148
52 79
53 122
53 38
54 60
54 2
54 15
55 73
55 68
55 14
55 135
56 112
56 144
56 64
56 147
57 47
57 93
58 127
58 69
58 126
58 89
59 14
59 35
59 116
59 20
59 66
60 127
60 122
60 92
60 8
60 111
60 94
60 52
61 41
61 53
61 110
61 74
62 77
62 76
62 49
62 141
62 131
62 100
62 118
62 30
62 142
63 18
63 135
63 89
63 46
63 110
63 41
64 79
64 82
64 63
64 67
64 13
64 124
64 7
65 94
65 127
65 66
65 72
65 16
65 139
65 129
66 140
66 127
67 135
67 122
67 52
68 53
68 73
68 55
68 122
68 141
69 37
69 57
69 0
69 29
70 64
70 19
70 73
70 112
70 44
70 42
70 148
71 18
71 39
71 47
71 72
71 35
71 100
71 42
71 33
71 128
71 49
72 92
72 127
72 58
72 124
72 118
72 110
72 111
72 146
73 122
73 14
74 54
74 47
74 122
75 148
75 130
75 137
75 14
75 30
75 19
75 4
76 127
76 26
76 124
76 84
76 3
76 144
76 22
76 16
76 128
76 21
76 78
77 23
77 44
77 1
77 92
77 39
78 148
78 2
78 137
78 94
78 123
78 45
78 68
78 41
78 74
78 52
79 126
79 132
79 133
79 114
79 76
79 50
80 120
80 143
80 90
80 20
81 130
81 113
81 107
81 13
82 18
82 106
82 130
82 28
82 109
83 102
83 45
83 76
83 96
83 141
84 45
84 28
84 69
84 139
84 146
84 51
84 97
84 133
85 123
85 86
85 88
85 57
85 11
85 50
85 56
86 12
86 33
86 48
86 123
86 78
86 140
86 88
86 135
86 141
87 92
87 47
87 127
87 62
87 143
88 37
89 107
89 142
89 146
90 119
90 131
90 89
90 41
90 148
90 106
90 22
90 58
91 52
91 103
91 115
91 128
91 147
92 95
92 70
92 57
92 111
92 125
92 49
92 102
92 40
93 124
93 102
93 12
94 19
94 138
94 145
94 102
94 20
94 79
94 59
94 124
94 143
94 55
94 105
94 44
95 103
95 38
95 120
95 138
95 69
95 5
95 132
95 114
95 127
96 95
96 102
96 49
96 22
97 139
97 112
97 37
97 13
97 90
97 2
97 14
98 13
98 61
98 93
98 20
99 148
99 33
99 4
99 47
99 109
100 70
100 110
100 88
100 30
100 10
100 49
100 3
101 80
101 64
101 68
101 108
101 31
101 147
101 140
102 116
102 41
102 114
102 117
102 30
102 3
103 13
103 137
103 109
103 30
104 120
104 114
104 88
104 144
104 83
104 66
104 53
105 134
106 42
106 56
106 100
106 143
106 33
106 55
107 86
107 32
107 98
108 135
108 45
108 82
108 127
108 142
108 115
108 113
109 4
109 40
109 60
109 75
109 82
109 25
110 23
110 2
110 149
111 73
111 26
112 38
112 135
112 72
113 14
113 61
113 144
113 72
113 19
113 134
113 115
114 31
114 38
114 6
115 47
115 136
115 111
115 15
115 16
115 56
116 145
116 106
116 112
116 148
116 17
116 143
117 43
117 124
117 64
117 42
117 143
117 83
117 129
118 44
118 88
118 18
118 120
118 71
118 101
119 91
119 48
119 104
119 24
119 111
119 82
119 50
119 73
119 89
120 12
120 61
120 9
120 29
120 44
120 107
120 91
121 60
121 67
121 50
121 82
121 10
121 37
122 28
122 2
122 108
122 103
122 82
122 71
122 51
123 74
123 20
124 13
124 53
125 143
125 99
125 107
125 82
125 123
125 68
125 142
125 147
126 89
126 138
126 135
126 61
126 80
126 77
126 113
126 58
127 75
127 120
128 13
128 17
128 131
128 96
128 136
128 63
129 114
129 33
129 5
129 53
130 106
130 117
130 93
130 26
130 110
130 45
131 133
131 6
132 112
132 70
132 83
132 11
132 60
133 56
133 5
134 112
134 32
135 98
135 121
135 96
135 8
135 114
136 107
137 101
137 86
138 132
138 38
138 0
138 91
138 29
138 7
139 81
139 64
139 57
139 77
139 137
140 4
140 17
140 7
140 98
140 84
140 2
141 139
141 69
141 84
142 57
142 83
142 25
142 116
142 91
142 78
142 146
143 135
143 7
143 122
143 103
143 31
143 86
143 96
143 4
144 42
144 127
144 102
144 46
145 123
145 21
145 58
145 76
145 42
145 80
145 104
145 79
145 2
146 34
146 0
146 113
146 137
146 116
146 78
147 37
147 108
147 111
147 85
147 13
147 46
148 98
148 128
148 61
148 66
148 138
148 94
148 47
148 118
148 32
149 140
149 138
149 46
149 137
149 28
149 45
149 5
