0 27 1.0
0 69 1.0
1 22 1.0
1 56 1.0
1 61 1.0
2 64 1.0
3 54 1.0
4 57 1.0
4 87 1.0
4 101 1.0
5 29 1.0
5 54 1.0
6 40 1.0
7 8 1.0
7 93 1.0
9 10 1.0
9 12 1.0
9 30 1.0
9 37 1.0
9 50 1.0
9 74 1.0
9 79 1.0
9 94 1.0
9 102 1.0
10 14 1.0
10 24 1.0
10 32 1.0
11 44 1.0
11 101 1.0
12 27 1.0
12 33 1.0
13 19 1.0
13 23 1.0
14 61 1.0
15 26 1.0
15 68 1.0
16 52 1.0
16 59 1.0
16 83 1.0
16 96 1.0
17 16 1.0
17 34 1.0
17 44 1.0
17 60 1.0
18 46 1.0
18 83 1.0
19 22 1.0
19 93 1.0
20 50 1.0
20 88 1.0
22 32 1.0
22 46 1.0
23 46 1.0
23 64 1.0
23 72 1.0
24 32 1.0
24 50 1.0
24 51 1.0
24 56 1.0
25 69 1.0
25 97 1.0
27 0 1.0
27 7 1.0
28 6 1.0
28 33 1.0
28 63 1.0
28 96 1.0
29 68 1.0
30 45 1.0
31 34 1.0
32 9 1.0
32 23 1.0
32 63 1.0
32 97 1.0
32 103 1.0
33 6 1.0
33 86 1.0
34 27 1.0
34 71 1.0
34 81 1.0
34 83 1.0
34 97 1.0
35 1 1.0
35 6 1.0
35 10 1.0
35 100 1.0
35 112 1.0
36 19 1.0
36 44 1.0
37 0 1.0
37 22 1.0
37 26 1.0
37 34 1.0
37 80 1.0
38 53 1.0
38 102 1.0
39 9 1.0
39 14 1.0
39 54 1.0
40 22 1.0
40 66 1.0
41 44 1.0
41 59 1.0
42 17 1.0
42 84 1.0
43 26 1.0
43 50 1.0
43 60 1.0
43 105 1.0
44 20 1.0
44 30 1.0
44 55 1.0
45 5 1.0
45 58 1.0
46 0 1.0
46 6 1.0
46 17 1.0
46 65 1.0
47 31 1.0
47 45 1.0
48 4 1.0
48 42 1.0
48 85 1.0
50 54 1.0
50 90 1.0
51 40 1.0
51 42 1.0
51 68 1.0
51 77 1.0
52 62 1.0
53 47 1.0
53 96 1.0
54 1 1.0
54 12 1.0
54 20 1.0
54 35 1.0
54 39 1.0
55 13 1.0
55 33 1.0
56 69 1.0
56 74 1.0
56 96 1.0
57 11 1.0
57 24 1.0
57 25 1.0
57 33 1.0
57 39 1.0
57 43 1.0
57 51 1.0
57 55 1.0
57 98 1.0
58 85 1.0
59 35 1.0
60 32 1.0
60 64 1.0
61 29 1.0
63 3 1.0
63 47 1.0
64 53 1.0
64 101 1.0
65 30 1.0
65 36 1.0
65 38 1.0
66 65 1.0
67 12 1.0
67 30 1.0
67 37 1.0
67 40 1.0
67 43 1.0
67 56 1.0
68 23 1.0
68 59 1.0
68 76 1.0
69 0 1.0
69 51 1.0
69 105 1.0
70 75 1.0
70 110 1.0
71 34 1.0
71 77 1.0
72 23 1.0
73 82 1.0
74 9 1.0
74 56 1.0
74 75 1.0
75 70 1.0
75 74 1.0
76 68 1.0
76 85 1.0
77 51 1.0
77 71 1.0
78 80 1.0
78 112 1.0
79 9 1.0
80 37 1.0
80 78 1.0
81 34 1.0
81 100 1.0
82 73 1.0
82 95 1.0
83 16 1.0
83 18 1.0
83 34 1.0
84 42 1.0
85 48 1.0
85 58 1.0
85 76 1.0
86 33 1.0
86 88 1.0
87 4 1.0
87 90 1.0
88 20 1.0
88 86 1.0
88 106 1.0
89 99 1.0
90 50 1.0
90 87 1.0
91 104 1.0
92 106 1.0
93 7 1.0
93 19 1.0
94 9 1.0
94 107 1.0
95 82 1.0
96 16 1.0
96 28 1.0
96 53 1.0
96 56 1.0
97 25 1.0
97 32 1.0
97 34 1.0
98 57 1.0
98 111 1.0
99 89 1.0
100 35 1.0
100 81 1.0
101 4 1.0
101 11 1.0
101 64 1.0
102 9 1.0
102 38 1.0
103 32 1.0
104 91 1.0
104 107 1.0
105 43 1.0
105 69 1.0
106 88 1.0
106 92 1.0
107 94 1.0
107 104 1.0
108 109 1.0
108 111 1.0
109 108 1.0
110 70 1.0
111 98 1.0
111 108 1.0
112 35 1.0
112 78 1.0
