0 118
1 8
1 109
1 35
3 60
5 131
5 18
5 44
5 138
8 138
14 63
14 147
18 111
19 91
21 108
22 135
22 8
22 42
26 3
27 44
27 5
27 147
28 126
31 89
31 147
32 41
32 146
33 73
33 18
35 4
36 32
38 95
41 136
44 91
44 69
45 101
45 0
45 60
47 85
47 120
47 73
51 138
51 36
52 60
52 130
52 146
56 8
60 78
60 109
61 120
61 85
63 94
63 146
63 31
64 36
64 69
64 51
65 31
65 99
65 136
69 131
69 45
73 68
73 94
76 1
76 33
78 90
78 87
78 147
81 32
82 99
82 111
82 42
82 2
85 28
85 82
87 22
87 109
89 85
89 44
89 41
90 146
90 60
91 52
91 106
92 38
92 21
92 1
92 111
92 108
95 14
98 68
98 76
99 100
99 89
100 135
106 35
106 138
106 26
108 85
108 81
108 135
108 136
111 60
112 47
112 120
112 19
116 32
118 0
118 89
118 28
118 65
118 56
118 69
119 100
119 63
120 100
120 87
120 146
126 3
130 21
131 69
135 65
135 60
135 19
135 147
136 36
136 14
138 101
138 56
138 131
138 5
146 98
147 100
147 21
147 91
