0 60
1 56
1 64
5 34
9 45
9 57
10 145
10 78
11 75
12 66
12 136
12 43
12 37
12 58
13 119
13 45
19 76
20 46
20 30
20 13
22 5
23 62
23 81
23 58
23 11
23 28
28 47
28 119
28 97
28 13
29 71
29 83
29 79
30 4
30 57
30 58
34 80
34 107
34 10
34 28
34 11
34 39
37 34
37 20
39 69
39 149
39 108
39 49
43 110
43 107
44 122
44 37
44 69
45 122
45 28
45 23
45 39
46 60
46 34
46 30
47 79
48 127
48 37
48 39
49 29
49 141
49 125
49 22
49 44
56 44
57 28
57 4
58 43
58 16
58 146
58 10
58 62
60 75
62 95
64 60
66 85
66 127
68 76
68 57
68 149
71 13
71 60
75 127
75 149
75 13
75 11
76 143
76 23
79 82
79 127
79 5
79 81
79 34
79 12
79 20
80 69
80 66
80 119
80 39
81 64
81 43
82 95
82 60
82 138
82 45
83 107
84 93
84 57
85 46
85 39
87 66
93 146
93 56
95 134
97 134
97 79
97 102
102 12
102 9
104 22
104 108
110 4
110 85
110 9
119 29
119 39
119 138
122 110
122 102
122 23
122 68
125 75
125 79
125 10
125 108
127 49
127 93
134 145
134 149
136 119
136 83
136 69
136 147
138 0
138 47
143 64
143 9
143 60
143 108
145 121
145 104
145 138
145 136
146 48
146 147
147 66
147 78
147 10
147 64
147 79
149 62
149 85
149 23
149 81
