1 40
7 40
7 108
7 128
14 105
15 146
16 23
20 9
22 16
22 15
22 127
22 44
24 22
24 136
24 113
27 81
31 134
34 64
34 100
34 110
34 106
35 64
35 135
40 69
40 56
40 126
44 100
44 25
44 94
44 124
45 62
45 92
45 50
46 116
46 128
46 24
50 25
50 124
53 130
53 102
53 61
53 1
56 146
61 15
61 94
62 138
62 146
64 106
65 130
65 7
65 53
65 94
72 45
76 24
76 15
76 25
76 78
76 44
78 101
78 66
81 23
81 22
85 44
86 15
86 1
86 50
86 25
88 108
88 86
88 97
92 134
92 14
92 81
94 14
94 22
98 16
98 121
98 86
100 78
100 64
100 134
100 15
100 24
101 116
101 24
102 97
104 69
105 62
106 50
106 97
107 139
107 110
107 81
107 25
107 31
107 100
107 44
108 7
113 124
116 45
116 139
117 92
124 62
124 88
124 45
124 25
126 81
126 146
126 148
126 106
127 31
127 94
128 107
128 102
129 65
130 124
130 107
130 148
132 92
134 117
135 104
135 81
138 100
138 66
138 134
139 1
139 107
139 81
140 16
140 65
140 116
143 110
148 81
148 65
148 124
149 98
