0 15 1.0
0 78 1.0
1 15 1.0
1 47 1.0
1 56 1.0
1 74 1.0
2 77 1.0
2 89 1.0
3 44 1.0
3 76 1.0
3 85 1.0
4 67 1.0
4 90 1.0
5 8 1.0
5 87 1.0
6 2 1.0
6 79 1.0
7 4 1.0
7 5 1.0
7 17 1.0
7 55 1.0
9 7 1.0
9 49 1.0
9 62 1.0
9 71 1.0
10 81 1.0
11 32 1.0
11 94 1.0
12 60 1.0
12 84 1.0
12 88 1.0
13 25 1.0
13 40 1.0
13 45 1.0
13 48 1.0
14 25 1.0
14 61 1.0
14 84 1.0
15 22 1.0
15 28 1.0
15 54 1.0
16 72 1.0
16 83 1.0
16 86 1.0
17 10 1.0
17 37 1.0
17 40 1.0
17 53 1.0
17 100 1.0
17 101 1.0
18 20 1.0
18 24 1.0
18 36 1.0
18 72 1.0
19 9 1.0
19 50 1.0
19 56 1.0
19 93 1.0
19 102 1.0
20 10 1.0
20 53 1.0
21 0 1.0
21 23 1.0
21 42 1.0
21 58 1.0
21 93 1.0
22 67 1.0
22 76 1.0
23 4 1.0
23 37 1.0
24 63 1.0
24 67 1.0
24 81 1.0
25 45 1.0
26 1 1.0
26 21 1.0
26 37 1.0
26 58 1.0
29 18 1.0
29 99 1.0
30 4 1.0
30 9 1.0
30 10 1.0
30 17 1.0
30 31 1.0
31 27 1.0
31 41 1.0
32 7 1.0
32 8 1.0
32 85 1.0
33 17 1.0
34 0 1.0
34 4 1.0
34 10 1.0
34 20 1.0
34 71 1.0
35 34 1.0
35 38 1.0
35 47 1.0
36 3 1.0
36 32 1.0
36 60 1.0
36 70 1.0
36 73 1.0
37 3 1.0
37 7 1.0
38 70 1.0
39 5 1.0
39 34 1.0
39 52 1.0
39 79 1.0
40 4 1.0
40 9 1.0
40 25 1.0
40 31 1.0
40 60 1.0
41 9 1.0
41 50 1.0
41 86 1.0
42 38 1.0
42 97 1.0
43 28 1.0
43 99 1.0
44 24 1.0
45 20 1.0
45 38 1.0
46 10 1.0
46 12 1.0
46 17 1.0
46 32 1.0
46 40 1.0
46 48 1.0
46 64 1.0
47 1 1.0
49 53 1.0
50 18 1.0
50 64 1.0
51 36 1.0
53 10 1.0
53 18 1.0
53 24 1.0
53 35 1.0
53 92 1.0
54 32 1.0
54 45 1.0
54 67 1.0
54 68 1.0
54 84 1.0
54 97 1.0
55 12 1.0
55 37 1.0
55 75 1.0
56 42 1.0
56 46 1.0
57 26 1.0
58 46 1.0
58 53 1.0
58 68 1.0
58 87 1.0
59 36 1.0
60 51 1.0
60 71 1.0
60 81 1.0
61 32 1.0
61 43 1.0
62 88 1.0
63 27 1.0
63 40 1.0
63 60 1.0
63 73 1.0
64 0 1.0
64 32 1.0
64 46 1.0
65 5 1.0
65 26 1.0
65 50 1.0
66 48 1.0
66 87 1.0
68 26 1.0
68 32 1.0
68 53 1.0
69 39 1.0
69 100 1.0
70 36 1.0
70 38 1.0
71 9 1.0
71 34 1.0
71 60 1.0
72 16 1.0
72 18 1.0
73 36 1.0
73 63 1.0
74 1 1.0
74 95 1.0
75 55 1.0
75 100 1.0
76 3 1.0
76 22 1.0
77 2 1.0
78 0 1.0
78 85 1.0
79 6 1.0
79 39 1.0
80 84 1.0
80 91 1.0
81 10 1.0
81 24 1.0
81 60 1.0
82 88 1.0
82 96 1.0
83 16 1.0
83 90 1.0
84 12 1.0
84 14 1.0
84 54 1.0
84 80 1.0
85 3 1.0
85 32 1.0
85 78 1.0
86 16 1.0
86 41 1.0
86 92 1.0
87 5 1.0
87 58 1.0
87 66 1.0
88 12 1.0
88 62 1.0
88 82 1.0
89 2 1.0
90 4 1.0
90 83 1.0
91 80 1.0
92 53 1.0
92 86 1.0
93 19 1.0
93 21 1.0
94 11 1.0
94 96 1.0
95 74 1.0
96 82 1.0
96 94 1.0
96 102 1.0
97 42 1.0
97 54 1.0
98 98 1.0
99 29 1.0
99 43 1.0
100 17 1.0
100 69 1.0
100 75 1.0
101 17 1.0
102 19 1.0
102 96 1.0
