0 27 1.0
0 30 1.0
0 44 1.0
0 45 1.0
0 73 1.0
1 2 1.0
1 25 1.0
1 41 1.0
2 42 1.0
2 45 1.0
2 85 1.0
3 36 1.0
3 60 1.0
4 12 1.0
5 16 1.0
5 30 1.0
5 51 1.0
5 53 1.0
5 71 1.0
6 54 1.0
7 19 1.0
7 21 1.0
7 28 1.0
7 37 1.0
7 45 1.0
8 38 1.0
9 15 1.0
9 37 1.0
9 46 1.0
9 47 1.0
9 63 1.0
10 37 1.0
10 56 1.0
10 92 1.0
11 25 1.0
11 38 1.0
11 56 1.0
11 66 1.0
12 39 1.0
12 41 1.0
13 22 1.0
13 33 1.0
13 44 1.0
13 60 1.0
14 7 1.0
14 9 1.0
14 41 1.0
14 80 1.0
15 3 1.0
15 18 1.0
15 29 1.0
15 66 1.0
16 54 1.0
16 96 1.0
17 12 1.0
17 27 1.0
17 48 1.0
18 9 1.0
18 29 1.0
18 39 1.0
18 73 1.0
19 5 1.0
19 17 1.0
19 49 1.0
19 57 1.0
20 4 1.0
20 31 1.0
20 40 1.0
20 45 1.0
20 55 1.0
20 93 1.0
21 11 1.0
21 24 1.0
21 34 1.0
21 50 1.0
22 1 1.0
22 17 1.0
23 59 1.0
24 8 1.0
24 10 1.0
24 59 1.0
25 19 1.0
25 61 1.0
25 98 1.0
26 18 1.0
26 28 1.0
26 75 1.0
27 2 1.0
27 38 1.0
28 32 1.0
28 47 1.0
28 62 1.0
30 0 1.0
30 42 1.0
31 1 1.0
31 21 1.0
31 54 1.0
32 19 1.0
32 28 1.0
32 62 1.0
33 45 1.0
33 61 1.0
34 5 1.0
35 30 1.0
35 49 1.0
35 71 1.0
36 34 1.0
36 62 1.0
36 81 1.0
36 89 1.0
37 23 1.0
37 29 1.0
37 33 1.0
37 42 1.0
37 43 1.0
37 44 1.0
37 45 1.0
37 53 1.0
38 31 1.0
38 70 1.0
39 33 1.0
40 33 1.0
40 51 1.0
40 54 1.0
40 81 1.0
40 94 1.0
41 54 1.0
41 74 1.0
42 36 1.0
42 60 1.0
42 64 1.0
43 11 1.0
43 31 1.0
43 41 1.0
43 56 1.0
44 45 1.0
44 61 1.0
44 65 1.0
45 67 1.0
46 17 1.0
46 23 1.0
46 29 1.0
47 0 1.0
47 65 1.0
48 24 1.0
48 87 1.0
49 50 1.0
49 58 1.0
49 82 1.0
49 84 1.0
50 2 1.0
50 41 1.0
50 59 1.0
50 66 1.0
50 83 1.0
51 7 1.0
51 40 1.0
51 42 1.0
51 48 1.0
51 69 1.0
51 94 1.0
52 8 1.0
52 35 1.0
52 50 1.0
52 62 1.0
53 1 1.0
53 14 1.0
53 24 1.0
53 27 1.0
54 37 1.0
54 40 1.0
54 57 1.0
55 39 1.0
55 42 1.0
56 5 1.0
56 10 1.0
56 25 1.0
56 30 1.0
56 83 1.0
57 9 1.0
57 11 1.0
57 35 1.0
57 41 1.0
57 68 1.0
58 15 1.0
58 36 1.0
58 59 1.0
58 91 1.0
59 12 1.0
60 2 1.0
60 14 1.0
60 17 1.0
60 50 1.0
60 52 1.0
60 79 1.0
61 34 1.0
61 55 1.0
61 66 1.0
62 18 1.0
62 44 1.0
62 66 1.0
63 7 1.0
63 11 1.0
63 12 1.0
63 66 1.0
64 59 1.0
64 66 1.0
64 76 1.0
64 80 1.0
65 21 1.0
65 56 1.0
65 61 1.0
65 66 1.0
65 91 1.0
66 4 1.0
66 14 1.0
66 29 1.0
66 74 1.0
66 76 1.0
66 86 1.0
67 7 1.0
67 11 1.0
67 24 1.0
67 36 1.0
67 71 1.0
68 7 1.0
68 16 1.0
68 18 1.0
68 73 1.0
69 37 1.0
69 59 1.0
69 96 1.0
70 38 1.0
70 81 1.0
71 5 1.0
71 35 1.0
71 67 1.0
72 72 1.0
72 98 1.0
73 0 1.0
73 18 1.0
73 68 1.0
73 82 1.0
73 99 1.0
74 41 1.0
74 66 1.0
75 26 1.0
75 82 1.0
75 85 1.0
76 64 1.0
76 66 1.0
76 100 1.0
77 79 1.0
77 95 1.0
78 78 1.0
78 98 1.0
79 60 1.0
79 77 1.0
80 14 1.0
80 64 1.0
81 36 1.0
81 40 1.0
81 70 1.0
82 49 1.0
82 73 1.0
82 75 1.0
83 50 1.0
83 56 1.0
84 49 1.0
84 84 1.0
85 2 1.0
85 75 1.0
86 66 1.0
87 48 1.0
88 88 1.0
89 36 1.0
89 90 1.0
90 89 1.0
90 90 1.0
90 91 1.0
91 58 1.0
91 65 1.0
91 90 1.0
92 10 1.0
92 94 1.0
92 97 1.0
93 20 1.0
94 40 1.0
94 51 1.0
94 92 1.0
95 77 1.0
95 96 1.0
96 16 1.0
96 69 1.0
96 95 1.0
97 92 1.0
97 97 1.0
98 25 1.0
98 72 1.0
98 78 1.0
99 73 1.0
100 76 1.0
