0 4 1.0
0 10 1.0
0 25 1.0
0 68 1.0
1 10 1.0
1 59 1.0
2 8 1.0
2 33 1.0
2 42 1.0
2 71 1.0
3 21 1.0
3 29 1.0
3 30 1.0
3 34 1.0
3 42 1.0
4 16 1.0
4 18 1.0
4 24 1.0
4 42 1.0
5 18 1.0
5 24 1.0
5 40 1.0
5 64 1.0
6 10 1.0
6 17 1.0
7 1 1.0
7 31 1.0
7 53 1.0
7 63 1.0
8 2 1.0
8 15 1.0
8 23 1.0
8 64 1.0
8 66 1.0
9 1 1.0
9 25 1.0
10 19 1.0
10 28 1.0
10 57 1.0
10 63 1.0
11 8 1.0
11 15 1.0
11 45 1.0
11 53 1.0
11 54 1.0
11 64 1.0
12 7 1.0
12 21 1.0
12 42 1.0
12 58 1.0
13 10 1.0
14 43 1.0
14 44 1.0
15 0 1.0
15 5 1.0
15 20 1.0
15 36 1.0
15 71 1.0
16 10 1.0
16 29 1.0
16 33 1.0
16 38 1.0
17 13 1.0
17 36 1.0
17 69 1.0
17 74 1.0
18 35 1.0
18 51 1.0
19 5 1.0
19 12 1.0
19 24 1.0
20 7 1.0
20 18 1.0
20 21 1.0
20 32 1.0
20 33 1.0
20 43 1.0
20 44 1.0
20 68 1.0
21 11 1.0
21 59 1.0
22 14 1.0
22 26 1.0
22 50 1.0
23 9 1.0
23 17 1.0
23 57 1.0
24 7 1.0
24 11 1.0
24 39 1.0
24 60 1.0
25 34 1.0
25 43 1.0
26 25 1.0
26 33 1.0
26 45 1.0
26 46 1.0
26 82 1.0
27 19 1.0
27 45 1.0
27 46 1.0
28 2 1.0
28 31 1.0
28 50 1.0
28 69 1.0
29 0 1.0
29 5 1.0
29 15 1.0
29 46 1.0
29 49 1.0
29 51 1.0
30 39 1.0
30 77 1.0
31 18 1.0
31 40 1.0
31 63 1.0
32 17 1.0
32 57 1.0
32 68 1.0
32 72 1.0
33 45 1.0
34 13 1.0
34 36 1.0
34 48 1.0
34 52 1.0
34 54 1.0
34 67 1.0
35 21 1.0
35 43 1.0
35 50 1.0
36 38 1.0
37 17 1.0
37 30 1.0
37 67 1.0
38 29 1.0
38 42 1.0
38 55 1.0
38 66 1.0
38 67 1.0
39 50 1.0
40 80 1.0
41 1 1.0
41 60 1.0
42 13 1.0
42 45 1.0
43 8 1.0
43 38 1.0
43 61 1.0
44 5 1.0
44 19 1.0
44 30 1.0
44 42 1.0
45 25 1.0
45 50 1.0
46 6 1.0
46 8 1.0
46 38 1.0
46 50 1.0
46 64 1.0
47 81 1.0
48 22 1.0
48 26 1.0
48 36 1.0
48 37 1.0
48 63 1.0
49 1 1.0
49 10 1.0
49 32 1.0
49 39 1.0
49 45 1.0
50 17 1.0
50 32 1.0
50 75 1.0
51 7 1.0
51 24 1.0
51 26 1.0
51 34 1.0
51 35 1.0
51 38 1.0
52 3 1.0
52 5 1.0
52 7 1.0
52 19 1.0
52 20 1.0
53 22 1.0
53 50 1.0
53 59 1.0
54 1 1.0
54 9 1.0
54 32 1.0
54 58 1.0
54 62 1.0
55 30 1.0
55 68 1.0
56 26 1.0
56 37 1.0
56 65 1.0
56 86 1.0
57 9 1.0
57 10 1.0
57 14 1.0
57 26 1.0
57 29 1.0
57 34 1.0
58 23 1.0
58 31 1.0
58 43 1.0
58 69 1.0
58 79 1.0
59 44 1.0
59 67 1.0
59 79 1.0
60 35 1.0
61 11 1.0
61 63 1.0
62 56 1.0
62 63 1.0
62 64 1.0
62 72 1.0
63 5 1.0
63 9 1.0
63 31 1.0
63 48 1.0
63 62 1.0
64 4 1.0
64 12 1.0
64 17 1.0
65 30 1.0
65 51 1.0
65 59 1.0
65 68 1.0
65 76 1.0
65 77 1.0
66 11 1.0
66 21 1.0
66 36 1.0
66 55 1.0
66 56 1.0
66 83 1.0
67 11 1.0
67 15 1.0
67 21 1.0
67 26 1.0
67 39 1.0
67 47 1.0
67 48 1.0
68 5 1.0
68 24 1.0
68 32 1.0
68 33 1.0
68 54 1.0
68 64 1.0
69 50 1.0
69 54 1.0
70 73 1.0
70 74 1.0
71 2 1.0
71 15 1.0
72 32 1.0
72 62 1.0
73 70 1.0
73 74 1.0
74 17 1.0
74 70 1.0
74 73 1.0
75 50 1.0
76 65 1.0
77 30 1.0
77 65 1.0
77 82 1.0
79 58 1.0
79 59 1.0
79 85 1.0
80 40 1.0
80 85 1.0
81 47 1.0
82 26 1.0
82 77 1.0
83 66 1.0
85 79 1.0
85 80 1.0
86 56 1.0
