0 135
0 134
0 133
0 138
0 100
0 35
1 54
1 51
1 32
1 28
1 122
2 60
2 49
2 87
2 77
2 149
2 50
2 59
2 135
2 137
3 9
3 116
3 52
3 93
3 12
3 136
3 10
3 144
3 2
3 97
4 140
4 2
4 31
4 50
4 38
5 13
5 104
5 115
5 36
5 81
5 28
6 43
6 40
6 5
6 145
6 59
6 1
7 75
7 46
7 109
7 132
8 54
8 7
8 73
8 23
8 34
8 48
8 38
8 15
8 87
8 121
8 72
8 81
8 42
9 2
9 93
9 99
9 59
9 127
9 69
9 134
10 37
10 95
10 84
11 58
11 117
11 134
11 110
11 142
11 146
11 5
12 67
12 76
12 3
12 79
12 85
12 90
13 6
13 91
13 83
14 139
14 27
14 140
14 137
15 19
15 111
15 69
15 106
15 63
15 141
15 147
15 128
16 146
16 71
16 24
16 78
17 60
17 131
17 2
17 13
18 133
18 14
18 137
18 65
19 87
19 72
19 110
19 98
19 91
19 139
19 51
19 3
20 37
20 32
20 143
20 134
20 52
20 149
20 2
21 139
21 145
21 26
21 7
21 76
21 50
21 108
21 68
22 82
22 47
22 5
22 75
23 124
23 133
23 27
23 30
23 56
23 45
23 141
24 25
24 84
24 122
24 73
25 14
25 63
25 73
26 68
26 140
26 4
26 27
26 92
26 125
26 109
26 69
27 65
27 138
27 85
27 28
27 23
28 102
28 87
28 34
28 58
28 140
28 123
29 113
29 9
29 100
29 104
29 19
29 122
29 86
29 59
29 61
30 141
30 21
30 33
30 31
31 44
31 145
31 55
31 138
31 51
31 147
32 117
32 15
32 4
32 14
32 46
32 63
32 137
32 124
33 17
33 126
33 111
33 128
33 40
34 41
34 98
34 51
34 103
34 148
34 62
34 122
34 117
35 53
35 133
35 107
35 54
35 34
35 7
35 137
36 112
36 144
36 92
36 39
36 139
36 126
36 89
37 89
37 112
37 8
37 53
38 4
38 139
38 13
38 16
39 98
39 103
39 19
39 124
39 50
39 38
39 110
40 139
40 57
40 32
40 136
40 74
40 53
40 132
41 79
41 74
41 125
41 135
42 126
42 48
42 54
42 84
42 22
42 69
43 112
43 133
43 67
43 13
43 129
43 130
43 56
43 9
43 113
43 41
43 76
44 90
44 132
44 55
44 4
44 65
44 113
45 10
45 112
45 102
45 26
45 28
45 43
45 61
46 124
46 75
46 17
46 13
47 147
47 105
47 85
47 46
47 52
47 13
47 27
48 61
48 40
48 86
48 133
49 1
49 18
49 94
49 111
49 76
49 14
49 21
49 114
50 83
50 117
50 48
51 111
51 78
51 73
51 87
51 56
51 7
52 96
52 36
52 84
52 110
52 5
52 146
52 24
53 139
53 31
53 78
53 30
53 44
53 38
53 116
54 99
54 83
54 86
54 44
54 43
54 9
55 16
55 133
55 120
55 30
55 3
55 22
55 36
55 8
55 10
55 138
55 14
55 96
56 67
56 29
56 97
56 23
56 22
57 7
57 80
57 68
57 100
57 125
57 116
57 47
57 88
57 146
57 113
57 142
58 86
58 49
58 121
58 0
58 132
59 133
59 15
59 55
59 92
59 23
60 113
60 131
60 118
60 86
60 55
60 65
60 115
60 8
61 137
61 98
61 79
61 129
61 69
61 56
61 136
61 46
62 67
62 89
62 44
62 7
62 25
63 14
63 24
63 147
63 44
63 78
63 62
63 41
64 2
64 117
64 7
64 147
64 113
64 89
64 9
65 142
65 141
65 69
65 0
66 65
66 10
66 78
67 148
67 78
67 116
67 73
67 86
67 65
67 53
67 56
67 82
68 129
68 29
68 99
68 44
68 72
68 118
68 27
68 40
68 57
69 51
69 15
69 20
69 115
69 47
70 72
70 61
70 87
70 141
70 86
71 116
71 13
71 89
72 78
72 148
72 54
72 91
72 113
72 30
72 45
72 29
72 135
72 140
73 35
73 36
73 42
73 41
73 122
73 123
73 91
74 10
74 137
75 34
75 22
75 44
75 128
75 13
75 40
75 31
75 16
75 20
75 112
76 131
76 34
76 71
76 122
77 61
77 27
77 34
77 88
77 76
77 32
78 91
79 23
79 63
79 85
79 53
79 109
79 142
79 105
80 5
80 16
80 102
80 76
80 20
80 137
80 101
80 148
80 67
81 65
81 139
81 102
81 64
81 67
81 12
81 6
82 103
82 69
82 4
83 10
83 69
83 71
83 124
83 80
83 130
83 140
84 16
84 93
84 120
84 4
85 47
85 124
85 22
85 18
85 128
85 77
85 105
85 15
86 60
86 82
86 88
86 12
86 1
87 23
87 118
87 26
88 109
88 94
88 18
88 17
88 129
88 20
88 38
89 74
89 56
89 57
90 114
90 79
90 67
90 48
90 131
90 83
91 122
91 0
91 38
91 92
92 10
92 84
92 88
92 22
92 17
92 58
92 126
92 2
93 125
93 63
94 30
94 93
94 114
94 98
94 85
95 57
95 14
95 68
95 92
95 35
95 3
95 78
95 77
95 81
96 129
96 141
96 126
96 108
97 132
97 19
97 129
97 128
97 119
97 13
97 6
97 31
97 9
98 124
98 48
98 145
99 22
99 104
99 103
99 140
99 49
99 28
100 111
100 29
100 121
100 145
100 43
100 142
100 0
100 74
100 115
101 143
101 146
101 83
101 135
102 148
102 105
102 5
102 114
102 65
102 95
102 14
103 67
103 66
103 24
103 39
103 19
103 56
103 89
103 79
103 81
104 148
104 71
104 29
104 17
105 68
105 116
105 12
105 131
105 110
105 46
105 66
105 20
105 44
105 145
105 74
106 128
106 131
106 101
106 123
106 6
106 122
106 3
107 104
107 99
108 76
108 82
108 144
109 76
109 9
109 57
109 96
109 7
109 88
109 30
110 114
110 85
110 25
110 139
110 57
110 1
111 63
111 106
111 23
111 94
111 113
111 143
111 21
111 62
112 92
112 27
112 84
112 45
112 64
112 50
112 1
112 85
112 60
112 130
113 108
113 112
113 38
114 56
114 149
115 105
115 26
115 81
115 104
115 30
115 73
115 99
115 146
115 34
116 146
116 148
116 52
116 106
117 30
117 25
117 89
117 144
117 55
117 65
117 147
117 7
117 136
118 145
118 67
118 74
118 146
118 5
118 40
118 41
119 49
119 126
119 69
119 114
119 56
119 17
119 25
119 142
120 20
120 111
120 39
120 134
120 45
120 55
120 90
121 119
121 57
121 32
121 33
122 52
122 74
122 98
123 26
123 38
123 18
124 148
124 77
124 10
124 66
124 7
124 145
125 37
125 130
125 87
125 102
125 144
126 91
126 97
126 20
126 2
126 63
126 17
127 96
127 104
127 92
127 2
127 21
128 12
128 29
128 107
128 63
129 99
129 87
129 56
129 12
129 94
129 14
129 31
129 133
129 110
129 137
129 123
130 80
130 89
130 4
130 147
130 39
131 100
131 105
131 49
131 4
131 82
132 10
132 33
132 4
132 130
132 60
132 34
133 95
133 112
133 65
133 41
133 29
134 31
134 76
134 20
134 149
135 10
135 16
135 122
135 53
135 72
135 83
136 20
136 17
136 59
136 131
136 31
137 49
137 15
137 64
137 147
137 92
137 129
138 58
138 107
139 113
139 81
139 95
139 46
140 138
140 51
140 60
140 5
140 33
140 70
141 127
141 89
141 76
141 23
141 39
141 37
141 47
142 40
142 137
142 62
143 47
143 37
144 67
144 81
144 147
144 126
144 0
145 128
145 42
145 67
145 148
146 116
146 33
146 60
146 61
146 127
146 29
146 50
146 45
146 120
146 125
146 46
147 78
147 91
147 54
147 141
148 78
148 113
148 20
148 96
148 63
148 40
148 11
149 61
