0 5 1.0
1 12 1.0
2 6 1.0
2 17 1.0
3 46 1.0
3 77 1.0
4 0 1.0
4 3 1.0
4 77 1.0
4 83 1.0
5 18 1.0
5 22 1.0
5 39 1.0
5 58 1.0
5 73 1.0
5 84 1.0
6 16 1.0
6 20 1.0
6 32 1.0
6 51 1.0
6 87 1.0
7 1 1.0
8 6 1.0
8 44 1.0
8 60 1.0
9 69 1.0
10 31 1.0
10 51 1.0
10 61 1.0
11 25 1.0
14 37 1.0
14 48 1.0
15 1 1.0
15 22 1.0
15 43 1.0
15 65 1.0
16 32 1.0
16 54 1.0
16 79 1.0
17 3 1.0
17 7 1.0
17 39 1.0
18 54 1.0
19 23 1.0
19 58 1.0
20 17 1.0
21 1 1.0
21 14 1.0
21 38 1.0
22 23 1.0
24 29 1.0
24 53 1.0
24 85 1.0
25 12 1.0
25 85 1.0
26 8 1.0
26 9 1.0
26 52 1.0
28 22 1.0
28 51 1.0
28 67 1.0
29 58 1.0
30 11 1.0
30 34 1.0
30 89 1.0
32 0 1.0
32 22 1.0
32 23 1.0
32 55 1.0
32 72 1.0
33 40 1.0
33 50 1.0
33 68 1.0
34 11 1.0
34 23 1.0
34 64 1.0
35 42 1.0
35 62 1.0
35 67 1.0
36 45 1.0
36 57 1.0
36 65 1.0
37 7 1.0
37 20 1.0
37 52 1.0
37 57 1.0
38 1 1.0
38 11 1.0
38 59 1.0
38 61 1.0
38 66 1.0
39 13 1.0
39 42 1.0
39 56 1.0
40 4 1.0
41 9 1.0
41 58 1.0
41 69 1.0
42 2 1.0
42 36 1.0
42 38 1.0
43 1 1.0
43 2 1.0
43 35 1.0
43 68 1.0
44 41 1.0
44 46 1.0
44 53 1.0
45 6 1.0
45 13 1.0
45 56 1.0
46 66 1.0
47 7 1.0
47 9 1.0
47 65 1.0
48 19 1.0
48 25 1.0
48 53 1.0
48 65 1.0
48 66 1.0
49 20 1.0
49 24 1.0
49 71 1.0
50 24 1.0
50 56 1.0
51 31 1.0
51 67 1.0
52 27 1.0
53 9 1.0
53 59 1.0
53 63 1.0
53 83 1.0
54 39 1.0
55 24 1.0
55 26 1.0
56 12 1.0
56 18 1.0
57 37 1.0
58 8 1.0
58 27 1.0
58 43 1.0
59 36 1.0
59 89 1.0
60 20 1.0
61 11 1.0
61 36 1.0
61 38 1.0
61 75 1.0
62 68 1.0
63 47 1.0
63 48 1.0
63 53 1.0
63 58 1.0
64 36 1.0
64 49 1.0
64 63 1.0
65 15 1.0
66 25 1.0
66 31 1.0
66 45 1.0
67 49 1.0
68 44 1.0
69 4 1.0
69 7 1.0
69 41 1.0
71 49 1.0
71 81 1.0
72 32 1.0
73 5 1.0
74 74 1.0
74 81 1.0
74 83 1.0
75 61 1.0
75 84 1.0
76 79 1.0
76 82 1.0
77 3 1.0
77 4 1.0
79 16 1.0
79 76 1.0
79 86 1.0
81 71 1.0
81 74 1.0
82 76 1.0
82 87 1.0
83 4 1.0
83 53 1.0
83 74 1.0
84 5 1.0
84 75 1.0
85 24 1.0
85 25 1.0
86 79 1.0
87 6 1.0
87 82 1.0
89 30 1.0
89 59 1.0
