0 87
0 128
0 143
0 34
0 94
1 15
1 26
10 94
10 120
12 140
14 134
15 127
15 146
15 118
16 14
16 41
16 1
18 112
18 134
18 52
18 83
21 56
25 112
25 68
26 61
26 122
26 80
29 95
29 103
30 16
32 30
34 56
34 80
34 127
34 88
34 52
36 52
36 114
36 84
40 140
40 113
40 118
40 26
41 84
41 93
45 132
45 95
45 122
46 99
46 14
47 52
47 54
49 140
49 146
52 122
52 72
54 122
54 104
54 21
54 99
54 15
55 61
56 122
56 34
56 120
56 118
56 49
58 130
58 114
60 141
61 12
61 137
61 56
68 140
68 26
72 130
72 149
75 136
80 10
80 136
83 36
83 94
84 25
84 94
84 58
87 30
88 130
88 1
93 56
93 32
93 29
93 103
95 80
95 134
95 100
96 130
96 143
96 21
96 18
99 18
103 56
103 36
104 139
108 141
108 45
108 112
108 125
108 140
110 41
110 122
110 40
110 113
110 16
111 88
111 14
111 112
111 83
112 54
112 80
112 34
113 32
113 34
114 58
114 55
118 146
118 16
120 128
120 21
120 111
122 72
125 139
125 30
125 100
125 113
127 141
128 41
132 36
132 58
134 130
134 14
134 47
137 83
137 75
137 134
138 47
139 45
139 104
139 14
139 114
140 21
140 29
141 47
143 103
143 10
143 83
143 18
146 26
146 68
148 108
