0 2 1.0
0 39 1.0
0 44 1.0
0 56 1.0
0 63 1.0
0 78 1.0
0 81 1.0
0 89 1.0
0 93 1.0
1 0 1.0
1 5 1.0
1 15 1.0
1 28 1.0
1 29 1.0
1 68 1.0
1 71 1.0
1 76 1.0
2 1 1.0
2 3 1.0
2 13 1.0
2 46 1.0
2 47 1.0
2 74 1.0
2 86 1.0
3 9 1.0
3 58 1.0
3 67 1.0
3 93 1.0
4 16 1.0
4 43 1.0
4 47 1.0
5 3 1.0
5 8 1.0
5 15 1.0
5 43 1.0
5 49 1.0
5 69 1.0
6 40 1.0
6 67 1.0
7 20 1.0
8 13 1.0
8 17 1.0
8 30 1.0
8 63 1.0
8 80 1.0
8 81 1.0
8 83 1.0
9 11 1.0
10 7 1.0
10 20 1.0
12 50 1.0
14 21 1.0
14 31 1.0
14 32 1.0
14 33 1.0
14 69 1.0
14 76 1.0
14 78 1.0
14 79 1.0
15 22 1.0
15 31 1.0
15 46 1.0
16 39 1.0
16 53 1.0
17 5 1.0
17 53 1.0
18 9 1.0
18 46 1.0
19 41 1.0
19 83 1.0
20 14 1.0
20 23 1.0
21 11 1.0
22 33 1.0
22 67 1.0
22 70 1.0
23 14 1.0
23 37 1.0
23 41 1.0
24 2 1.0
24 9 1.0
24 68 1.0
24 96 1.0
25 59 1.0
26 3 1.0
26 4 1.0
26 36 1.0
26 46 1.0
26 56 1.0
26 57 1.0
26 61 1.0
27 39 1.0
28 86 1.0
29 5 1.0
29 38 1.0
29 58 1.0
30 48 1.0
30 51 1.0
30 80 1.0
31 0 1.0
31 9 1.0
31 10 1.0
31 25 1.0
31 62 1.0
31 84 1.0
32 8 1.0
32 22 1.0
32 31 1.0
32 38 1.0
32 44 1.0
32 68 1.0
32 71 1.0
32 74 1.0
32 78 1.0
32 92 1.0
32 94 1.0
33 13 1.0
33 26 1.0
33 34 1.0
33 35 1.0
34 1 1.0
34 10 1.0
34 90 1.0
35 21 1.0
35 28 1.0
35 58 1.0
35 78 1.0
36 15 1.0
36 44 1.0
37 14 1.0
39 70 1.0
40 8 1.0
40 44 1.0
40 66 1.0
40 78 1.0
40 81 1.0
41 16 1.0
41 34 1.0
41 87 1.0
42 0 1.0
42 35 1.0
43 8 1.0
43 16 1.0
43 31 1.0
43 33 1.0
43 34 1.0
43 42 1.0
43 50 1.0
43 60 1.0
43 63 1.0
43 65 1.0
44 37 1.0
44 59 1.0
45 38 1.0
46 48 1.0
46 76 1.0
47 27 1.0
47 31 1.0
47 55 1.0
47 88 1.0
48 5 1.0
48 24 1.0
48 46 1.0
49 22 1.0
49 58 1.0
49 74 1.0
49 75 1.0
49 95 1.0
50 22 1.0
50 29 1.0
50 36 1.0
51 15 1.0
51 27 1.0
51 54 1.0
51 63 1.0
51 68 1.0
51 69 1.0
52 18 1.0
52 23 1.0
52 48 1.0
52 51 1.0
52 55 1.0
52 62 1.0
52 89 1.0
53 20 1.0
53 32 1.0
53 48 1.0
54 42 1.0
55 0 1.0
55 26 1.0
55 43 1.0
55 50 1.0
56 10 1.0
56 68 1.0
57 8 1.0
57 38 1.0
57 50 1.0
57 52 1.0
57 61 1.0
58 24 1.0
58 29 1.0
58 35 1.0
58 45 1.0
59 32 1.0
59 67 1.0
60 31 1.0
60 34 1.0
60 50 1.0
61 36 1.0
62 2 1.0
62 27 1.0
62 45 1.0
62 69 1.0
63 32 1.0
63 59 1.0
64 5 1.0
64 10 1.0
64 28 1.0
64 49 1.0
64 71 1.0
64 94 1.0
65 13 1.0
65 16 1.0
65 40 1.0
65 43 1.0
65 58 1.0
66 12 1.0
66 28 1.0
66 29 1.0
66 56 1.0
66 75 1.0
67 35 1.0
67 51 1.0
67 68 1.0
67 95 1.0
68 14 1.0
68 33 1.0
69 1 1.0
69 21 1.0
69 44 1.0
69 54 1.0
70 22 1.0
70 39 1.0
70 92 1.0
71 1 1.0
71 32 1.0
71 64 1.0
71 78 1.0
71 91 1.0
73 75 1.0
73 77 1.0
73 96 1.0
74 2 1.0
74 32 1.0
74 49 1.0
75 49 1.0
75 66 1.0
75 73 1.0
75 75 1.0
75 92 1.0
76 1 1.0
76 14 1.0
76 46 1.0
77 73 1.0
78 0 1.0
78 14 1.0
78 32 1.0
78 35 1.0
78 40 1.0
78 71 1.0
78 87 1.0
79 14 1.0
79 82 1.0
80 8 1.0
80 30 1.0
81 0 1.0
81 8 1.0
81 40 1.0
81 83 1.0
81 87 1.0
82 79 1.0
83 8 1.0
83 19 1.0
83 81 1.0
84 31 1.0
85 89 1.0
85 92 1.0
86 2 1.0
86 28 1.0
86 89 1.0
87 41 1.0
87 78 1.0
87 81 1.0
88 47 1.0
89 0 1.0
89 52 1.0
89 85 1.0
89 86 1.0
89 90 1.0
89 91 1.0
90 34 1.0
90 89 1.0
91 71 1.0
91 89 1.0
92 32 1.0
92 70 1.0
92 75 1.0
92 85 1.0
92 92 1.0
93 0 1.0
93 3 1.0
94 32 1.0
94 64 1.0
94 94 1.0
95 49 1.0
95 67 1.0
96 24 1.0
96 73 1.0
