0 31
0 98
0 110
0 10
0 16
0 85
0 97
0 60
1 87
1 93
1 90
1 139
2 34
2 135
2 14
2 56
2 19
2 40
2 126
3 29
3 17
3 15
3 64
3 109
3 136
4 146
4 111
4 74
4 9
5 59
5 8
5 143
5 130
5 14
5 7
6 5
6 66
6 137
6 22
7 120
7 28
7 115
8 95
8 80
9 17
9 56
9 148
9 93
9 36
9 27
9 71
10 30
10 87
11 47
12 39
12 140
12 100
12 137
12 81
12 18
12 141
13 94
13 39
13 31
13 145
13 17
13 3
14 102
14 38
14 70
14 8
15 136
15 108
15 16
15 13
15 44
15 119
15 139
16 43
16 101
16 42
16 124
17 65
17 95
17 83
17 69
17 123
17 32
17 99
17 128
17 117
18 1
18 26
18 107
18 7
18 60
18 20
18 102
19 113
19 140
19 28
19 3
19 70
20 52
20 66
20 145
20 95
20 111
21 67
21 7
21 86
21 20
21 38
21 80
21 64
22 60
22 102
22 37
22 136
22 73
22 117
22 45
22 4
22 35
23 100
23 136
23 67
23 26
24 31
24 94
24 138
24 115
24 99
25 41
25 50
25 29
25 104
25 97
26 70
26 1
26 17
26 106
26 22
26 102
26 131
27 81
27 37
27 123
27 92
27 67
27 65
28 30
28 58
28 94
28 146
28 95
28 119
29 102
29 100
29 37
29 17
29 125
30 8
30 26
30 131
31 147
31 139
32 135
32 31
32 16
32 110
32 125
32 112
32 68
32 65
32 51
32 144
32 62
33 85
33 41
33 96
33 42
33 76
34 77
34 39
34 36
34 30
34 29
34 121
34 28
35 111
35 4
35 43
35 89
36 109
36 84
36 96
37 35
37 110
37 86
37 19
38 12
38 102
38 142
38 29
38 77
38 115
39 116
40 16
40 76
40 124
40 106
40 99
41 25
41 123
41 20
41 49
41 16
41 54
42 66
42 31
42 80
43 5
43 13
43 141
43 24
43 130
44 120
44 94
44 6
44 71
44 109
44 47
44 65
45 108
45 86
45 19
45 35
45 25
46 3
46 19
46 140
46 74
46 103
46 50
46 143
46 49
47 115
47 49
47 94
48 118
48 18
48 68
48 24
48 78
48 12
48 39
48 133
49 2
49 86
50 134
50 77
50 59
51 19
51 148
51 105
51 47
51 141
51 119
51 72
52 110
52 115
52 119
52 71
53 148
53 126
53 50
53 24
53 46
54 109
54 86
54 76
54 61
54 93
54 73
54 126
55 32
55 14
55 27
55 49
56 86
56 130
56 33
56 88
56 61
56 18
56 137
56 31
56 28
56 87
57 131
57 26
57 40
57 138
57 119
57 130
58 131
58 76
58 36
58 51
58 82
59 70
59 107
59 51
59 95
59 123
59 17
60 129
60 118
60 131
60 98
60 92
60 108
60 27
60 50
60 11
60 10
61 24
61 65
61 105
61 18
61 53
62 56
62 41
62 54
62 36
62 98
62 25
62 57
63 16
63 117
63 69
63 86
63 112
63 50
64 99
65 84
65 109
65 45
65 97
65 34
65 92
65 13
65 125
65 91
65 76
66 56
66 11
66 115
66 33
66 5
66 20
66 69
66 54
67 130
67 72
67 32
67 137
67 41
67 66
67 108
67 30
68 133
68 60
68 136
68 0
68 79
68 100
69 51
69 129
69 99
69 118
69 42
69 33
69 41
70 111
70 43
70 109
70 74
71 124
71 48
71 120
71 16
71 146
71 5
72 149
72 10
72 133
73 26
73 55
73 90
73 36
73 147
73 135
74 92
74 119
74 52
74 13
75 145
75 68
75 42
75 39
75 106
75 18
76 32
76 53
76 133
76 24
76 140
76 128
76 120
76 105
76 80
76 36
76 109
77 40
77 89
77 108
77 10
77 33
77 88
77 68
78 53
78 41
78 20
78 59
78 28
78 85
78 65
79 23
79 135
79 44
79 61
80 26
80 103
80 13
80 99
80 75
81 103
81 28
81 58
81 26
81 72
82 44
82 67
82 41
82 117
82 107
82 29
82 20
82 5
83 2
83 7
83 38
83 5
83 100
83 146
83 119
83 108
83 42
84 136
84 92
84 21
84 118
85 13
85 102
85 36
85 34
85 26
85 82
85 75
86 44
86 91
86 9
86 128
86 37
86 93
86 80
86 110
86 18
87 4
87 66
87 134
87 21
87 8
88 31
88 76
88 46
88 104
88 98
89 90
89 25
89 148
89 70
89 64
90 114
90 116
90 4
90 26
90 41
90 71
90 37
90 67
90 89
91 138
91 38
91 77
91 95
91 28
91 83
91 0
91 122
91 86
91 42
91 75
91 53
91 132
92 90
92 115
92 49
92 122
93 32
93 10
93 30
93 112
93 68
93 120
93 78
93 18
93 52
93 149
93 61
94 72
94 129
94 142
94 124
95 76
95 8
95 15
95 69
95 39
95 121
95 43
95 64
96 33
96 111
96 133
96 2
96 112
96 61
97 40
97 65
97 142
97 111
97 110
97 6
97 52
97 137
97 20
97 77
98 78
98 148
98 109
98 134
98 56
98 17
98 68
98 27
98 20
99 2
99 82
99 54
99 76
99 36
99 126
99 74
100 36
100 75
100 1
100 106
100 59
100 39
100 138
100 88
101 114
101 100
101 14
102 139
102 135
102 118
102 134
103 113
103 71
103 147
103 24
103 89
104 120
104 85
104 93
104 32
104 99
104 142
105 50
105 77
105 131
105 4
105 78
106 83
106 138
106 40
106 85
106 82
106 115
106 36
106 67
107 43
107 122
107 22
107 55
107 19
108 23
108 60
108 86
108 18
108 119
108 50
109 132
109 78
110 148
110 85
110 32
110 136
110 125
110 72
110 84
111 51
111 125
111 7
111 134
111 112
111 120
111 123
112 55
112 140
112 48
113 28
113 82
113 126
113 127
113 2
113 136
114 73
114 89
114 59
114 147
114 92
114 63
114 84
115 65
115 59
115 39
115 47
115 2
115 37
115 96
116 79
116 123
116 82
116 44
116 48
116 118
116 55
117 34
117 42
117 93
117 112
117 18
117 91
117 140
118 45
118 15
118 105
118 99
118 11
118 130
118 97
118 122
118 51
119 96
119 26
119 132
120 81
120 26
120 36
120 76
120 37
120 11
120 4
120 27
120 18
120 111
120 20
121 139
121 134
121 2
121 44
121 125
122 66
122 17
123 74
123 42
123 39
123 6
124 79
124 123
124 46
124 23
125 41
125 57
125 30
125 33
125 67
126 113
126 96
126 116
126 22
126 55
126 89
126 33
126 61
127 119
127 11
127 66
127 69
127 59
127 145
127 74
128 105
128 96
128 94
129 40
129 100
129 139
129 143
129 29
130 81
130 83
130 54
130 92
130 52
131 53
131 51
131 63
131 103
131 60
131 105
131 9
132 5
132 45
132 96
132 126
132 0
132 24
132 128
133 49
133 25
133 44
133 33
133 91
133 43
133 138
133 10
133 105
133 148
134 90
134 102
134 30
134 136
134 83
134 44
134 145
134 142
135 121
135 125
135 128
135 112
135 33
135 124
136 34
136 70
136 87
137 28
137 121
137 15
138 80
138 8
138 68
138 84
138 107
138 104
138 146
138 128
138 1
139 102
139 7
139 92
139 52
139 110
139 96
139 108
140 117
140 114
141 88
141 76
141 36
141 108
141 55
141 103
141 104
141 35
141 29
142 51
142 88
142 128
142 140
142 44
142 108
143 51
143 69
143 41
144 38
144 149
144 67
145 0
145 98
145 140
145 14
145 2
145 106
145 116
145 97
146 112
146 24
146 132
146 51
147 148
147 67
147 39
148 37
148 92
148 94
148 16
148 111
149 85
