0 7 1.0
0 10 1.0
0 19 1.0
0 42 1.0
1 45 1.0
1 76 1.0
1 79 1.0
2 9 1.0
2 12 1.0
2 20 1.0
2 62 1.0
3 67 1.0
3 79 1.0
3 91 1.0
4 6 1.0
4 9 1.0
4 61 1.0
4 72 1.0
4 75 1.0
4 92 1.0
5 4 1.0
5 34 1.0
5 64 1.0
6 46 1.0
6 75 1.0
7 18 1.0
7 79 1.0
8 28 1.0
9 6 1.0
9 89 1.0
10 25 1.0
10 26 1.0
11 1 1.0
11 16 1.0
11 52 1.0
11 71 1.0
13 33 1.0
14 16 1.0
14 63 1.0
14 92 1.0
15 19 1.0
15 47 1.0
15 55 1.0
16 1 1.0
16 51 1.0
17 23 1.0
17 40 1.0
17 44 1.0
17 59 1.0
17 72 1.0
18 6 1.0
18 16 1.0
18 92 1.0
18 96 1.0
19 68 1.0
20 18 1.0
20 22 1.0
20 24 1.0
20 38 1.0
20 57 1.0
20 71 1.0
21 3 1.0
21 26 1.0
22 41 1.0
22 53 1.0
23 12 1.0
23 21 1.0
23 70 1.0
24 83 1.0
25 19 1.0
25 34 1.0
25 80 1.0
26 4 1.0
26 15 1.0
26 61 1.0
26 65 1.0
27 12 1.0
27 21 1.0
28 55 1.0
28 79 1.0
28 90 1.0
29 38 1.0
30 45 1.0
30 53 1.0
31 16 1.0
31 56 1.0
31 61 1.0
32 22 1.0
32 91 1.0
33 47 1.0
34 4 1.0
34 8 1.0
34 30 1.0
34 36 1.0
34 55 1.0
34 80 1.0
35 0 1.0
35 39 1.0
35 63 1.0
35 96 1.0
36 25 1.0
36 47 1.0
36 85 1.0
37 7 1.0
37 69 1.0
38 7 1.0
38 35 1.0
38 43 1.0
39 14 1.0
39 62 1.0
40 16 1.0
40 32 1.0
40 37 1.0
40 48 1.0
41 13 1.0
41 44 1.0
41 63 1.0
41 95 1.0
42 16 1.0
42 20 1.0
42 22 1.0
43 19 1.0
43 49 1.0
44 55 1.0
44 58 1.0
44 78 1.0
44 89 1.0
45 7 1.0
45 11 1.0
45 18 1.0
45 35 1.0
45 54 1.0
45 69 1.0
45 90 1.0
46 6 1.0
46 24 1.0
46 26 1.0
46 33 1.0
46 36 1.0
46 57 1.0
47 2 1.0
47 22 1.0
47 30 1.0
48 15 1.0
48 68 1.0
48 94 1.0
49 42 1.0
49 45 1.0
49 47 1.0
49 66 1.0
50 3 1.0
50 29 1.0
50 38 1.0
51 22 1.0
51 42 1.0
51 55 1.0
51 77 1.0
52 12 1.0
52 26 1.0
52 58 1.0
54 73 1.0
55 2 1.0
55 23 1.0
55 24 1.0
55 28 1.0
56 16 1.0
56 87 1.0
57 2 1.0
58 34 1.0
59 5 1.0
59 24 1.0
59 25 1.0
60 50 1.0
61 30 1.0
61 40 1.0
61 44 1.0
62 54 1.0
62 57 1.0
62 60 1.0
63 20 1.0
64 57 1.0
64 75 1.0
65 21 1.0
65 22 1.0
65 43 1.0
65 48 1.0
65 49 1.0
66 43 1.0
66 60 1.0
67 15 1.0
67 54 1.0
68 24 1.0
68 72 1.0
68 78 1.0
68 93 1.0
69 42 1.0
70 23 1.0
70 84 1.0
70 86 1.0
71 11 1.0
71 20 1.0
71 83 1.0
72 4 1.0
72 17 1.0
72 68 1.0
73 54 1.0
73 76 1.0
75 4 1.0
75 6 1.0
75 64 1.0
76 1 1.0
76 73 1.0
76 84 1.0
76 89 1.0
77 51 1.0
77 88 1.0
78 44 1.0
78 68 1.0
79 1 1.0
79 3 1.0
79 7 1.0
79 28 1.0
79 81 1.0
80 25 1.0
80 34 1.0
81 79 1.0
82 93 1.0
83 24 1.0
83 71 1.0
83 90 1.0
84 70 1.0
84 76 1.0
84 85 1.0
85 36 1.0
85 84 1.0
86 70 1.0
86 96 1.0
87 56 1.0
88 77 1.0
88 91 1.0
89 9 1.0
89 44 1.0
89 76 1.0
90 28 1.0
90 45 1.0
90 83 1.0
91 3 1.0
91 32 1.0
91 88 1.0
92 4 1.0
92 14 1.0
92 18 1.0
93 68 1.0
93 82 1.0
94 48 1.0
95 41 1.0
96 18 1.0
96 35 1.0
96 86 1.0
