6 130
6 59
6 139
7 122
7 116
8 17
9 116
9 137
12 88
12 128
13 123
13 17
13 117
16 12
16 64
17 37
18 36
18 9
18 67
19 34
19 103
19 61
21 47
21 88
21 31
24 66
24 31
24 19
26 9
26 136
26 109
26 21
27 123
27 109
27 43
29 140
29 98
31 130
34 53
34 134
36 109
36 19
36 47
36 53
41 144
43 130
43 53
43 132
43 7
44 131
44 78
46 43
46 128
46 136
46 6
46 67
47 134
47 8
47 122
48 47
53 84
55 12
55 116
55 132
57 9
59 67
59 108
60 19
60 34
60 108
60 57
61 102
61 53
61 93
61 6
64 140
64 17
65 116
65 57
65 132
65 37
66 59
66 46
66 109
67 36
67 44
74 60
74 136
74 130
74 93
74 27
74 9
74 48
75 36
83 17
83 57
85 24
85 47
85 6
85 123
85 93
92 101
92 37
93 29
93 78
98 27
98 92
98 93
102 136
103 36
103 134
103 27
103 92
108 66
108 136
108 83
110 6
110 13
110 41
111 137
116 66
116 27
117 111
117 13
119 24
119 43
119 44
119 139
119 34
121 6
121 65
122 148
122 61
123 136
123 144
125 130
128 125
130 17
130 57
130 19
131 19
131 27
131 111
131 18
132 59
134 139
134 61
136 44
136 109
137 55
137 144
139 74
139 24
139 122
140 12
144 36
144 57
148 102
