0 144
0 1800
0 934
0 1810
0 1986
0 1446
2 0
2 1278
2 1912
2 803
2 458
3 0
3 2
3 1856
3 309
3 778
3 802
4 0
4 2
4 3
4 1179
4 1151
7 0
7 2
7 1731
7 1194
7 1828
7 1203
7 1660
10 0
10 2
10 3
10 4
12 0
12 498
12 1939
13 0
13 1679
13 1420
13 778
13 536
13 1101
13 511
13 1139
13 984
14 0
14 1740
14 36
14 681
14 121
14 573
14 827
14 1201
14 1185
14 477
14 1297
14 1260
14 1771
14 928
15 0
17 0
17 935
17 380
17 1403
17 1480
17 409
19 0
19 2
19 722
19 1145
19 739
19 1292
19 438
19 1692
19 636
19 1457
19 137
19 1574
19 1939
21 0
21 17
22 0
22 2
22 3
22 1386
22 201
22 1801
22 1494
24 0
24 2
24 7
24 826
24 326
24 1740
24 1408
24 31
25 0
25 1063
25 1728
25 1214
25 1443
25 813
25 1191
25 1244
25 153
26 0
26 2
26 3
26 1358
26 558
26 709
26 1068
26 1298
26 1862
27 0
27 2
27 7
27 1129
27 1070
27 1692
27 1967
27 278
27 1429
28 0
28 2
28 3
28 4
28 1261
28 537
29 0
29 2
29 3
30 0
30 2
30 19
31 0
31 2
31 7
31 189
31 1151
32 0
32 2
32 1475
32 1679
32 984
32 1749
32 1801
32 929
32 1725
34 0
34 1446
34 803
35 0
35 2
35 7
35 27
35 1742
35 107
35 650
35 529
35 1889
35 818
35 1728
35 1217
35 1869
35 1212
36 0
37 0
37 15
37 93
37 729
37 214
37 1953
37 1868
37 1066
37 1439
45 0
45 2
45 7
45 24
45 560
45 1969
45 373
45 894
45 1064
45 1516
45 470
45 534
45 1345
45 921
45 603
45 1742
46 0
46 2
46 3
46 4
46 1931
46 931
46 739
46 1297
46 1071
46 1150
46 1790
47 0
47 2
47 3
47 4
47 46
47 1150
47 1782
47 1798
47 95
47 179
47 50
47 1293
47 1458
47 66
47 1248
47 818
47 933
47 1896
48 0
48 2
48 19
48 826
48 1240
48 719
48 974
48 1319
48 1086
48 972
48 1344
49 0
49 17
49 21
49 128
49 673
49 1189
49 1983
49 1937
49 677
49 1752
50 0
50 2
50 3
50 29
50 1813
50 1444
53 0
53 2
53 3
53 4
53 46
53 1724
53 1808
53 407
53 771
53 1304
53 700
53 1028
53 1781
53 1032
53 865
54 0
54 2
54 3
54 4
54 28
54 1512
54 736
54 352
54 845
54 59
54 790
54 1371
54 107
54 511
54 809
59 0
59 2
59 7
59 27
59 1757
59 789
59 645
59 1386
64 0
64 1701
64 475
64 1605
65 0
65 2
65 19
65 95
65 687
65 1718
66 0
66 64
66 1770
66 626
66 17
66 194
68 0
68 13
68 1469
68 126
68 1567
68 1939
68 1029
68 281
68 184
68 1311
68 679
68 421
69 0
69 1075
69 1335
69 1839
69 307
69 555
69 313
69 981
69 1143
69 1981
73 0
73 2
73 3
73 4
73 1774
73 366
73 671
73 1689
73 967
75 0
75 934
75 426
77 0
77 1436
77 1996
77 1145
77 1837
77 131
77 1388
77 691
77 1679
78 0
78 2
78 19
78 1850
78 1482
78 1689
78 156
81 0
81 2
81 19
81 48
81 1281
81 1179
81 816
81 1317
81 977
81 281
83 0
83 2
83 3
83 29
83 1290
83 847
83 1540
83 564
83 373
83 1588
83 1682
84 0
84 2
84 7
91 0
91 1798
91 1514
91 654
91 1412
91 1202
92 0
92 2
92 3
92 29
92 81
92 141
93 0
93 555
93 1706
95 0
95 2
95 3
95 4
95 46
95 47
96 0
96 34
100 0
100 1569
100 47
100 180
100 1375
104 0
104 75
104 294
107 0
107 2
107 7
107 27
107 227
107 1071
107 861
107 931
107 919
107 1214
107 1244
107 1882
107 1323
107 1543
107 856
107 723
107 1057
107 312
107 968
110 0
110 17
110 21
113 0
113 17
113 21
113 49
113 382
113 565
117 0
117 2
117 7
117 27
117 1750
117 170
119 0
121 0
121 12
121 637
121 1139
125 0
125 13
125 68
125 1514
125 1750
125 1734
125 156
125 1257
126 0
126 75
126 104
126 1162
126 1240
126 645
126 1305
126 1522
126 668
126 1981
126 972
126 1041
127 0
127 2
127 3
127 29
127 1381
127 1386
127 1910
128 0
128 2
128 19
128 48
128 81
128 858
128 297
128 1897
128 1311
128 390
128 1731
128 517
131 0
131 2
131 3
131 4
131 46
131 47
131 1212
131 1621
131 801
131 1779
131 920
131 526
131 91
131 1458
131 24
131 1459
132 0
132 2
132 7
132 84
132 583
132 560
132 1118
132 1781
134 0
134 17
134 21
137 0
137 2
137 19
137 45
137 1435
137 191
137 758
137 77
137 1888
137 817
137 1486
137 1064
141 0
141 2
141 32
141 315
141 422
141 1882
141 928
141 357
141 351
141 1418
141 914
143 0
143 2
143 3
143 1342
143 119
143 448
143 571
143 1781
143 128
143 1422
144 0
144 1353
144 4
146 0
146 1850
146 1167
146 1601
146 1461
147 0
147 17
147 494
147 479
147 1500
147 1086
148 0
148 2
148 19
149 0
149 2
149 7
149 1003
149 423
149 1429
149 1644
149 1916
149 1092
149 1160
149 3
149 376
149 366
149 422
149 729
149 1098
149 461
149 947
149 1294
149 77
150 0
150 17
150 21
150 49
150 1353
150 1024
150 1688
150 1093
150 1071
150 610
150 1242
151 0
151 2
151 3
151 4
151 46
151 47
151 131
151 1244
151 1110
151 700
151 1342
151 1172
151 705
151 1047
151 1644
153 0
153 2
153 19
153 48
153 81
155 0
155 13
156 0
156 596
156 435
156 1274
156 772
157 0
157 75
157 104
157 126
157 29
157 1207
157 1666
157 260
158 0
158 2
158 3
158 4
158 46
158 47
158 131
158 711
158 1808
158 284
162 0
162 2
162 3
162 1559
162 1718
162 53
162 848
162 458
162 794
163 0
163 2
163 3
163 162
165 0
165 2
165 739
165 939
167 0
167 2
167 7
167 538
167 298
167 1342
167 396
167 1828
167 1246
167 157
167 1595
168 0
168 2
168 3
168 29
170 0
170 2
170 19
170 48
170 81
175 0
175 146
175 121
175 1356
175 1558
175 1796
175 1964
175 192
175 301
175 1962
177 0
177 2
177 3
177 4
177 46
177 47
177 300
177 1461
177 1358
177 1415
177 558
179 0
179 2
179 7
179 27
179 59
179 567
179 509
179 1024
179 198
179 327
180 0
180 2
180 19
180 1374
182 0
182 2
182 3
182 423
182 1695
182 141
182 788
183 0
183 2
183 7
183 954
183 1674
183 912
183 189
183 1749
183 679
183 711
183 974
183 1457
183 1390
183 671
183 1513
183 1602
184 0
184 2
184 3
184 29
184 1995
184 1561
184 912
184 1012
184 32
184 1628
184 1457
186 0
186 69
186 1422
186 1547
186 1494
188 0
188 93
188 92
188 1422
188 1771
188 1041
188 438
189 0
189 2
189 7
189 50
189 1772
189 794
189 1595
189 1808
189 1166
189 1746
189 678
189 1687
190 0
190 2
190 7
190 27
190 487
190 132
190 671
190 417
191 0
191 2
191 7
191 27
191 1806
191 1041
191 1704
191 1498
191 1952
192 0
192 2
192 3
192 4
192 46
192 47
192 131
192 158
194 0
194 2
194 7
194 27
194 1248
194 1666
198 0
198 2
198 19
198 48
198 81
198 77
198 294
201 0
201 2
201 3
201 29
201 1734
201 107
204 0
204 2
204 7
204 24
204 1375
204 695
204 914
204 75
204 1969
204 975
204 1488
204 1909
204 1655
204 1769
204 1678
204 1706
204 1438
204 1374
209 0
209 2
209 3
209 4
209 1261
209 1354
209 523
209 939
209 1297
211 0
211 64
211 1988
211 1792
211 1856
212 0
212 64
212 211
212 491
212 561
212 1203
212 407
212 467
212 1876
212 1675
213 0
213 2
213 3
213 4
213 10
213 1644
213 1728
213 1910
213 530
213 558
213 931
213 1298
213 1746
213 911
213 1724
214 0
214 91
214 204
214 1373
214 573
214 1536
214 747
214 338
214 371
214 24
214 561
214 1068
214 428
214 1682
216 0
216 13
216 155
216 312
216 1414
216 814
216 1575
216 390
216 227
216 1494
216 1083
216 1457
216 1317
216 1047
216 151
220 0
220 17
220 21
220 49
220 435
220 1140
220 1345
220 1356
220 1470
220 544
220 1326
222 0
222 2
222 3
227 0
227 2
227 19
227 148
227 1047
227 1746
227 1122
227 1699
227 1493
227 1964
227 799
227 1350
227 543
227 271
227 179
227 1601
227 814
227 1513
227 1814
227 709
228 0
228 2
228 3
228 29
228 83
233 0
233 2
233 7
233 27
233 59
233 153
233 880
233 1967
233 1535
233 891
233 767
233 1674
233 26
235 0
235 17
235 446
235 415
235 533
235 757
235 294
236 0
236 2
236 19
236 30
244 0
244 2
244 3
244 4
244 10
249 0
249 2
249 19
249 48
249 81
249 1847
249 534
249 4
249 645
250 0
250 17
250 235
250 48
250 1175
250 947
250 92
252 0
252 2
252 19
252 48
252 81
252 249
252 1579
252 1464
252 1741
252 1461
252 1880
252 1051
252 1780
252 294
253 0
253 778
253 37
253 1840
253 956
253 1260
253 1124
253 213
253 654
253 1577
253 1746
253 1818
253 733
253 1294
253 830
253 790
253 388
253 1068
253 1785
260 0
260 2
260 19
260 332
260 968
260 1429
260 211
265 0
265 2
265 7
265 24
265 757
265 506
265 1421
266 0
266 64
266 211
266 212
266 368
266 1214
266 531
266 107
266 1051
270 0
270 13
271 0
271 2
271 3
271 4
271 28
271 1331
271 1770
271 1849
271 1305
271 656
271 1881
271 27
271 686
271 270
273 0
273 2
273 7
273 24
273 1972
273 1432
276 0
276 2
276 19
276 137
277 0
277 2
277 3
277 4
277 46
277 1495
277 1876
277 1557
277 1292
278 0
278 2
278 3
278 182
281 0
281 17
281 21
281 110
284 0
284 2
284 3
284 1110
284 482
284 1722
284 1897
284 660
284 531
284 788
284 1531
284 211
284 1205
284 1281
284 881
284 1798
284 1826
284 1470
285 0
285 69
285 186
285 1770
285 22
285 656
287 0
287 1406
287 572
287 170
287 1601
287 719
287 1432
287 141
287 1367
287 582
287 1738
287 641
287 757
288 0
288 881
288 1312
288 766
288 1704
290 0
290 17
290 21
290 49
290 150
293 0
293 17
293 21
294 0
294 2
294 7
294 27
294 117
295 0
295 2
295 19
295 48
295 506
297 0
297 2
297 19
297 180
297 660
297 729
297 1512
297 844
297 1893
297 1416
297 826
298 0
298 2
298 19
298 48
298 81
298 170
298 1741
298 851
298 643
298 1187
298 1321
298 126
298 838
298 1994
298 413
300 0
300 13
301 0
301 91
301 460
301 1920
307 0
307 2
307 7
307 84
309 0
309 2
309 3
309 22
309 1227
309 461
309 1788
309 1347
312 0
312 2
312 3
312 4
312 46
312 47
312 131
312 1155
312 1746
312 767
312 438
312 898
312 1432
312 1535
312 1411
312 1524
312 766
312 1096
313 0
313 2
313 7
313 24
313 1368
313 1109
313 661
313 1356
313 1180
313 709
315 0
315 91
321 0
321 2
321 7
321 104
321 167
321 113
321 1828
321 698
321 582
321 1240
321 35
321 1201
326 0
326 2
326 7
326 27
326 59
326 233
326 1987
326 861
327 0
327 2
327 7
327 1253
332 0
332 91
332 214
332 1297
332 566
332 731
332 83
332 281
332 1734
337 0
337 2
338 0
338 2
338 19
338 180
338 1813
338 598
338 1411
338 1839
338 1246
338 548
340 0
340 2
340 3
340 29
340 83
340 36
340 327
340 1419
340 126
343 0
343 2
343 7
343 321
343 371
343 1880
347 0
347 75
347 278
347 1422
347 972
347 1524
348 0
348 2
348 19
348 823
348 1399
348 1818
348 1726
350 0
350 2
350 3
350 143
350 1069
350 809
350 1066
350 1995
350 444
350 1694
350 1160
350 151
350 1390
350 1469
350 1647
350 393
350 1118
350 1273
350 1456
350 49
350 384
350 354
350 107
351 0
351 2
351 3
351 4
351 28
351 1293
351 19
351 1866
351 1525
351 1687
351 668
351 1299
352 0
352 17
352 21
352 393
352 755
352 266
352 1687
354 0
354 77
354 538
354 858
354 168
354 396
354 932
354 17
354 273
354 1706
354 574
354 1742
357 0
357 2
357 7
357 31
357 307
357 117
357 950
357 54
357 1051
357 1362
357 192
357 1317
357 427
357 157
362 0
362 2
362 3
362 182
362 188
362 1569
363 0
363 2
363 3
363 162
363 1840
363 583
363 1284
364 0
364 69
364 186
364 285
364 141
364 19
364 1237
364 1234
366 0
366 2
366 7
366 31
366 443
366 1201
366 576
366 876
366 1298
366 439
368 0
368 1697
368 1594
368 598
371 0
371 2
371 7
371 24
373 0
373 2
373 3
373 182
373 362
375 0
375 34
375 96
376 0
376 2
376 7
376 24
376 100
376 1078
376 1569
376 1986
376 449
376 1557
377 0
377 2
377 7
377 957
377 511
377 790
377 656
377 591
377 889
380 0
380 2
380 3
380 29
380 662
380 384
380 281
380 1748
380 856
380 1800
382 0
382 2
382 3
382 182
382 362
382 1949
382 1749
382 1917
382 758
382 506
382 932
382 1847
382 785
383 0
383 2
383 3
383 4
383 46
383 47
383 131
383 312
383 417
383 439
383 1024
384 0
384 2
384 7
384 84
386 0
386 13
386 68
386 399
386 1677
386 428
386 719
386 1171
388 0
388 2
388 19
388 260
388 976
388 1305
388 153
388 921
390 0
390 2
390 3
390 162
390 163
390 984
390 713
390 1196
390 583
390 1131
390 1856
390 1109
390 1569
390 780
390 1482
390 388
390 1658
390 1579
393 0
393 2
393 7
393 27
393 59
393 1647
393 1943
393 994
396 0
396 12
396 1383
396 1117
399 0
399 12
399 121
399 879
399 1717
399 1987
401 0
401 17
401 21
401 49
401 1851
401 908
401 307
401 1904
401 681
401 767
401 1421
401 906
404 0
404 2
404 3
404 4
404 28
404 351
404 363
404 137
404 1892
405 0
405 2
405 3
405 4
405 46
405 47
405 131
407 0
407 2
407 3
407 4
407 46
407 47
407 131
407 158
409 0
409 2
409 7
411 0
411 2
411 7
411 27
411 107
411 1796
411 1643
411 700
412 0
412 1715
412 580
412 498
412 435
413 0
413 2
413 3
413 29
413 83
413 228
413 1092
413 1202
413 576
413 1399
414 0
414 64
414 1287
414 807
414 1978
414 1024
414 757
414 1461
414 3
414 858
414 585
414 1574
414 752
415 0
415 2
415 7
415 1715
415 315
415 273
415 1675
415 791
415 729
415 1244
415 376
415 1638
415 1398
415 266
417 0
417 2
417 7
417 183
419 0
419 64
419 211
419 212
419 14
419 1400
419 954
421 0
421 64
421 211
421 212
421 266
422 0
422 2
422 7
422 150
422 803
422 1839
422 1147
422 1189
422 1368
422 1344
422 1912
422 383
423 0
423 2
423 19
423 148
423 293
423 967
423 1517
423 457
423 611
424 0
424 2
424 3
424 4
424 46
424 47
424 131
424 405
425 0
425 2
425 3
425 4
425 10
425 244
425 1807
425 1475
425 1677
425 121
425 22
426 0
426 2
426 3
426 4
426 28
426 271
426 26
426 854
426 266
426 1941
426 482
427 0
427 2
427 19
427 65
428 0
428 1750
428 1746
428 624
428 1866
435 0
435 287
435 1035
435 1373
435 1658
435 1419
435 1520
435 190
435 801
435 1774
438 0
438 337
438 685
439 0
439 2
439 7
439 31
439 1748
439 1757
439 1469
442 0
442 17
442 21
442 293
443 0
443 34
443 96
444 0
444 2
444 3
444 4
444 46
444 277
444 674
444 766
445 0
445 287
445 435
445 767
445 14
445 1942
445 26
445 180
445 845
445 168
445 482
445 1022
445 521
445 1310
445 1840
446 0
446 2
446 19
446 148
448 0
448 2
448 7
448 31
448 357
449 0
449 2
449 19
449 1058
449 778
449 920
455 0
455 2
455 3
455 4
455 28
455 351
455 404
455 1447
455 1728
455 45
455 132
455 1247
455 1978
455 655
455 382
455 48
455 288
455 838
455 498
455 1972
455 1706
455 488
457 0
457 2
457 19
457 48
457 81
458 0
458 2
458 32
458 157
458 470
458 974
458 1110
458 407
458 810
458 1202
460 0
460 2
460 3
460 182
460 362
461 0
461 75
461 435
461 1693
461 1302
461 1024
461 460
462 0
462 288
467 0
467 2
467 7
467 27
467 107
467 411
470 0
470 75
470 461
471 0
471 100
472 0
472 2
472 3
472 4
472 28
472 271
472 426
472 1480
472 1358
472 401
474 0
474 2
474 19
474 449
474 700
474 1971
474 167
474 1654
475 0
475 2
475 19
475 65
475 770
475 148
475 189
475 1283
475 1092
475 435
477 0
477 17
477 21
477 49
477 220
477 1467
477 643
477 570
477 1145
477 439
477 1006
478 0
478 2
478 7
478 31
479 0
479 2
479 3
479 29
479 168
479 113
479 1059
479 1872
482 0
482 2
482 3
482 4
482 10
482 244
482 1070
482 728
482 281
482 352
482 93
482 1233
482 1881
483 0
483 2
483 3
483 182
483 1464
483 616
483 442
483 1785
483 1241
483 1274
485 0
485 17
485 21
485 49
485 113
487 0
487 2
487 19
488 0
488 75
488 1577
488 1901
488 1326
488 1175
488 581
488 110
488 1322
489 0
489 2
489 19
489 260
489 388
489 1373
489 84
489 1008
491 0
491 288
494 0
494 2
494 3
494 29
494 1602
494 659
494 944
494 1808
494 132
494 1500
494 919
494 1276
498 0
498 2
498 19
498 48
498 81
506 0
506 75
506 461
509 0
509 69
511 0
511 2
511 3
511 222
511 1414
511 1973
511 1151
511 1124
511 422
511 66
511 1621
511 425
511 788
511 458
511 412
511 1571
511 1418
511 1934
511 585
511 461
511 1912
511 485
511 357
511 144
511 184
517 0
517 2
517 3
517 4
517 10
520 0
520 2
520 19
520 148
520 1444
520 1717
520 1051
520 970
521 0
521 2
521 3
521 4
521 28
521 351
521 404
521 455
521 1229
521 840
523 0
523 2
523 19
523 48
523 81
524 0
524 2
524 3
524 29
524 83
524 340
526 0
526 2
526 7
526 407
526 1575
526 1414
527 0
527 17
527 21
527 147
527 1474
527 537
527 1266
527 1782
527 1949
527 180
527 1228
528 0
528 2
528 7
528 84
528 307
528 364
528 144
528 352
528 1851
529 0
529 2
529 3
529 29
529 168
529 790
529 1035
529 424
529 670
529 220
529 1112
529 1330
529 1419
530 0
530 2
530 3
530 182
530 362
530 1179
530 1075
530 565
530 371
530 377
530 1493
530 409
530 570
530 1191
530 1274
530 1335
531 0
531 2
531 7
531 250
531 1996
531 684
531 1110
531 1204
531 157
531 1143
531 1780
531 994
531 1203
531 313
533 0
533 2
533 19
533 148
533 446
534 0
534 64
534 446
534 1494
534 371
534 1524
534 92
534 380
534 1956
534 698
534 1605
536 0
536 2
536 7
536 27
536 107
536 411
537 0
537 64
537 66
538 0
538 2
538 19
538 48
540 0
540 12
540 121
540 1996
540 954
540 396
540 30
540 1315
541 0
541 2
541 3
541 29
541 92
541 1205
541 487
541 635
541 1536
541 494
541 404
541 1093
541 1567
542 0
542 17
542 611
542 1400
542 1365
543 0
543 2
543 3
543 158
543 537
543 12
543 1297
543 1068
543 1024
543 1160
543 1963
543 1326
543 698
543 1731
543 1401
543 1769
544 0
544 2
544 3
544 182
546 0
546 2
546 7
546 24
547 0
547 2
547 7
547 415
547 1028
548 0
548 2
548 7
548 27
548 117
548 933
548 1293
549 0
549 2
549 3
549 4
549 46
549 47
549 445
549 149
549 460
549 1956
549 312
550 0
550 100
550 7
550 517
550 1292
551 0
551 2
551 7
551 377
552 0
552 2
552 3
552 4
552 46
555 0
555 17
555 21
555 527
556 0
556 64
556 534
558 0
558 2
558 3
558 182
558 362
558 460
558 1489
558 1003
558 216
558 655
558 1315
558 1268
558 32
558 541
560 0
560 2
560 7
560 24
561 0
561 2
561 7
561 24
561 1003
561 1866
561 520
561 1697
561 393
561 1432
561 1439
561 96
561 1312
561 1006
561 845
564 0
564 2
564 1091
564 1643
564 1228
564 288
564 1301
565 0
565 2
565 19
565 48
565 81
565 1973
565 444
565 1074
565 998
566 0
566 2
566 7
566 252
566 137
566 719
566 731
566 162
566 1095
567 0
570 0
570 2
570 7
570 27
570 974
570 900
570 1647
570 1289
571 0
571 17
571 147
572 0
572 2
572 7
572 24
572 695
572 509
572 301
572 1110
573 0
573 2
573 3
573 29
573 184
573 104
573 383
573 1317
573 1983
573 1567
573 45
573 1917
573 547
574 0
574 17
574 21
574 49
574 150
574 290
576 0
576 2
576 7
576 1893
576 1503
576 1535
576 1989
579 0
579 2
579 7
579 24
580 0
580 64
580 211
580 30
580 1268
580 1418
580 917
581 0
581 17
581 1818
581 845
581 1524
581 967
581 1474
582 0
582 64
582 211
582 212
582 307
582 509
583 0
583 64
583 414
583 1257
583 1525
583 1577
585 0
585 2
585 7
585 27
585 59
585 233
585 326
587 0
587 13
587 68
587 1097
587 1160
591 0
591 2
591 3
591 222
591 511
591 386
591 1516
591 1696
591 1119
591 572
591 332
591 278
591 121
593 0
593 17
593 235
593 250
593 772
593 373
593 1515
593 1746
593 1973
593 315
593 1588
596 0
596 2
596 7
596 235
596 427
596 1354
596 1375
596 1287
596 656
596 1989
596 1660
596 1626
598 0
598 2
598 3
598 4
598 28
598 54
598 1832
598 1287
598 1312
598 77
600 0
600 2
600 3
600 162
600 163
600 390
600 27
600 1275
600 1144
600 1217
600 614
600 1415
601 0
601 2
601 3
601 182
601 1085
603 0
603 287
603 93
603 998
603 295
604 0
604 2
604 3
604 4
604 46
604 53
609 0
609 2
609 3
609 182
609 362
610 0
610 64
610 414
610 583
611 0
611 100
611 1227
611 876
611 1414
612 0
612 2
612 7
612 31
612 439
614 0
614 2
614 935
614 428
614 184
614 1615
614 1416
614 396
614 1086
616 0
616 2
616 19
616 48
616 81
616 632
616 1088
616 417
619 0
619 2
619 19
619 148
619 446
619 533
619 1520
619 719
619 1971
623 0
623 2
623 7
623 31
623 1069
623 422
623 591
623 609
623 1981
623 1975
623 1072
623 404
624 0
624 1091
624 1055
624 307
624 976
625 0
625 2
625 3
625 162
625 163
625 766
625 1916
625 1284
625 68
625 1375
625 1127
625 760
625 1306
625 1524
625 1593
625 1301
625 747
625 1785
626 0
626 2
626 19
626 30
626 1774
626 1531
626 419
630 0
630 17
630 21
630 49
630 113
630 485
630 1028
630 1895
630 542
630 411
631 0
631 2
631 3
631 4
631 28
631 927
632 0
632 2
632 3
632 4
632 46
632 47
632 131
632 312
632 260
632 1735
632 1543
632 914
632 1605
632 1204
632 951
632 1078
632 810
632 1401
632 816
632 1626
635 0
635 25
635 271
635 1643
636 0
636 2
636 7
636 24
636 204
636 932
636 1580
636 1975
636 1486
636 1043
636 1275
636 201
636 877
637 0
637 75
637 104
637 126
637 157
637 1862
641 0
641 2
641 19
641 65
641 427
641 126
641 1359
641 929
641 900
643 0
643 2
643 19
643 48
643 81
643 1335
643 347
643 1829
643 28
643 1277
643 790
643 220
643 1421
643 1939
643 1368
645 0
645 91
645 214
645 332
645 364
645 534
645 823
645 533
645 1515
646 0
646 2
646 19
646 148
646 294
646 840
646 1928
646 542
646 1160
647 0
647 2
647 3
647 22
647 1256
647 1757
647 795
647 216
647 1806
647 404
650 0
650 2
650 3
650 162
650 163
650 524
650 1185
651 0
651 2
651 3
651 29
651 201
651 511
651 1501
651 340
651 1832
651 1274
654 0
654 25
654 1264
654 1692
654 1651
654 1201
655 0
655 64
655 66
655 1656
655 276
655 252
656 0
656 100
656 36
656 1361
656 177
658 0
658 17
658 542
659 0
659 2
659 3
659 162
659 1464
659 442
659 1679
659 861
659 709
659 1097
659 1078
659 366
659 1064
659 631
659 1480
660 0
661 0
661 2
661 7
661 1904
661 47
661 377
662 0
662 2
662 3
662 4
662 10
666 0
666 2
666 7
666 189
666 934
666 91
666 1687
666 1752
666 1419
666 1330
666 980
666 1862
666 1217
666 1911
666 1214
666 869
666 865
666 572
668 0
668 13
668 1425
668 10
668 487
668 647
668 1146
668 851
668 1420
668 1675
668 931
668 65
668 177
670 0
670 2
670 3
670 4
671 0
671 1322
671 1677
671 1442
671 1770
671 1131
671 1008
671 498
671 984
671 1474
673 0
673 17
673 21
673 180
673 934
673 550
674 0
674 2
674 19
674 30
674 626
674 1212
674 1237
674 298
674 1312
677 0
677 75
677 170
677 1044
677 1919
678 0
678 1535
678 1089
678 796
679 0
679 2
679 7
679 49
679 939
681 0
681 2
681 3
681 29
681 184
681 541
681 1221
681 119
681 1694
681 1328
681 281
681 845
681 1801
684 0
684 2
684 3
684 162
684 163
684 390
684 1008
684 1856
684 1474
684 26
684 414
684 1894
685 0
685 2
685 3
685 29
685 201
685 216
685 870
685 540
685 1323
686 0
686 64
687 0
687 17
687 21
687 110
687 1517
687 162
691 0
691 1715
691 1371
695 0
695 2
695 7
695 327
695 1457
695 460
695 538
695 435
695 954
698 0
698 2
699 0
699 17
699 147
699 571
699 1063
699 1862
699 1158
699 674
699 526
700 0
700 2
700 19
700 48
700 81
700 198
700 1920
700 183
700 837
705 0
705 69
709 0
709 2
709 19
709 148
709 446
711 0
711 2
711 3
711 22
711 781
711 1276
711 300
711 1972
711 1244
713 0
713 2
713 3
713 29
713 1464
713 35
713 1022
713 1400
713 212
716 0
716 2
716 19
716 48
716 81
716 1654
716 1870
716 1150
716 474
719 0
719 2
719 7
719 27
719 107
719 411
719 467
719 175
720 0
720 2
720 7
720 31
720 444
720 65
720 471
722 0
722 34
722 96
722 443
722 421
722 10
722 658
722 1146
722 1083
723 0
723 2
723 3
723 29
723 168
723 529
723 156
723 641
723 426
728 0
728 2
728 3
728 182
728 362
728 382
728 428
728 351
728 1983
728 656
728 908
728 409
728 1785
728 1198
729 0
729 17
729 21
729 49
729 113
731 0
731 2
731 3
731 22
731 1733
731 396
731 1621
731 566
731 700
731 758
731 1266
731 49
731 928
732 0
732 2
732 3
732 29
732 83
732 340
732 524
733 0
733 2
733 19
733 48
733 81
733 616
733 1326
733 285
733 686
733 1688
736 0
736 2
736 3
736 4
736 28
736 119
736 281
736 1486
736 845
737 0
737 14
737 1785
737 619
737 1943
737 428
737 32
737 141
737 1189
737 1072
737 1155
737 1911
737 184
737 1981
739 0
739 2
739 19
739 180
739 278
739 165
739 285
743 0
743 17
743 21
743 49
743 220
743 1956
743 1246
743 1679
743 1435
743 572
747 0
747 2
747 3
747 4
747 46
747 47
747 549
752 0
752 2
752 3
752 29
752 92
753 0
753 75
753 677
753 1969
753 1083
753 1202
753 819
753 36
753 960
754 0
754 17
754 235
754 250
754 593
754 801
754 980
755 0
755 2
755 3
755 162
755 363
755 1722
755 1198
757 0
757 277
757 719
757 1122
757 661
758 0
758 13
758 1770
758 560
760 0
760 2
760 7
760 27
760 1735
760 866
760 326
760 1205
764 0
764 2
764 7
764 24
764 561
764 1988
764 1596
764 168
766 0
766 2
766 3
766 4
766 28
766 271
766 426
766 1497
766 100
766 1798
766 1513
766 684
766 1273
767 0
767 34
767 96
767 128
770 0
770 2
770 3
770 4
770 46
770 47
770 131
770 151
770 127
770 1347
770 1904
771 0
771 17
771 21
771 49
771 1350
771 455
771 1385
772 0
772 17
772 21
772 49
772 220
772 743
772 1098
772 837
772 478
772 875
773 0
773 75
773 461
773 1644
773 482
774 0
774 2
774 7
774 189
774 666
778 0
778 2
778 3
778 29
778 201
778 651
778 415
778 1330
778 1846
780 0
780 288
780 491
780 1728
780 506
780 485
780 1790
780 1512
780 309
780 816
780 425
780 297
781 0
781 75
781 48
781 604
781 571
784 0
784 2
784 3
784 4
784 46
784 47
784 1916
784 1621
784 876
784 598
784 1493
784 1256
784 19
784 881
785 0
785 2
785 19
785 65
785 427
785 1692
785 212
788 0
788 64
788 211
788 1097
788 1043
788 1941
788 1778
789 0
789 2
789 7
790 0
790 2
790 3
790 29
790 127
790 498
790 799
790 83
791 0
791 2
791 3
791 4
791 10
791 1715
791 368
791 1467
791 119
794 0
794 2
794 7
794 27
794 570
794 64
794 1260
794 876
794 1880
794 1289
794 1972
794 1771
794 1054
794 1343
794 1551
794 271
795 0
795 2
795 3
795 29
795 83
796 0
796 64
796 66
796 655
796 709
796 1302
796 1093
796 551
796 158
796 1655
796 7
797 0
797 2
797 7
797 24
797 458
797 698
797 1838
797 1697
799 0
799 2
799 3
799 4
799 46
799 47
799 1012
799 1112
799 1326
801 0
801 2
801 19
801 48
801 81
801 565
802 0
802 2
802 7
802 31
803 0
803 2
803 3
803 4
803 46
803 47
807 0
807 2
807 19
807 48
807 295
807 1901
809 0
809 2
809 19
809 260
809 388
809 489
809 1694
809 1679
809 1700
810 0
810 2
810 7
810 27
810 35
810 363
810 191
810 1536
810 733
810 1778
810 92
812 0
812 2
812 7
812 31
812 1939
812 1200
812 380
812 376
812 30
813 0
813 17
813 147
814 0
814 2
814 3
814 732
815 0
815 2
815 3
815 26
815 1304
816 0
816 2
816 3
816 162
816 363
816 755
816 681
816 1941
816 527
817 0
817 2
817 3
817 29
818 0
818 17
818 21
819 0
819 2
819 7
819 24
819 426
819 547
819 1694
819 1621
820 0
820 93
820 1628
820 1778
820 1806
820 1685
820 445
820 625
821 0
821 91
821 315
821 156
821 1070
821 1731
821 542
821 59
821 1880
821 1269
821 1701
823 0
823 2
823 7
823 526
823 870
823 1931
826 0
826 93
826 687
826 27
826 475
826 1114
826 1994
826 494
826 623
827 0
827 64
827 211
827 788
827 84
827 1082
827 784
827 1851
828 0
828 2
828 19
828 148
828 423
830 0
830 17
830 21
830 1201
830 699
830 419
830 626
830 131
830 1474
835 0
835 64
835 1881
835 467
835 1987
835 7
835 383
835 1464
835 455
835 362
835 506
835 1260
835 1421
835 1956
837 0
837 64
837 835
837 1029
837 875
837 471
837 1651
838 0
838 2
838 7
838 31
838 981
838 603
838 1697
838 1172
838 1540
840 0
840 2
840 7
840 27
840 59
840 540
840 1092
844 0
844 2
844 3
844 4
844 46
844 47
844 549
844 1983
844 376
844 315
844 1551
844 313
844 1317
844 1071
845 0
845 64
845 414
845 24
845 1969
845 348
845 1359
847 0
847 14
847 366
847 713
847 837
847 479
848 0
848 2
848 3
848 4
848 46
848 47
848 131
848 313
848 277
848 1715
848 739
848 1851
848 564
848 1147
851 0
851 2
851 3
851 1708
851 1253
851 244
851 1757
853 0
853 2
853 19
853 148
853 227
854 0
854 2
854 7
854 1364
854 10
854 921
856 0
856 2
856 7
856 478
856 386
856 235
858 0
858 2
858 3
858 4
858 46
858 47
858 947
858 847
858 1343
858 198
858 788
858 1127
861 0
861 17
861 21
861 974
861 1311
861 66
861 1446
865 0
865 2
865 3
865 4
865 10
865 244
865 307
865 1522
865 1535
865 1910
865 944
865 1536
866 0
866 64
866 211
866 212
869 0
869 2
869 3
869 162
870 0
870 2
870 3
870 162
870 163
870 540
870 770
870 1069
870 1967
870 1740
870 536
870 1869
870 1297
870 641
870 517
870 662
871 0
871 2
871 3
871 29
871 92
871 603
871 186
871 1847
871 619
875 0
875 2
875 3
875 301
875 953
875 1965
875 162
876 0
876 64
876 835
876 837
876 752
876 1835
877 0
877 2
877 7
877 31
877 593
877 404
879 0
879 2
879 7
879 84
879 1916
879 1651
879 796
880 0
880 34
880 96
880 375
880 1503
880 1557
880 396
880 583
880 376
881 0
881 2
881 19
881 65
881 427
881 785
881 1057
881 443
884 0
884 2
884 165
884 35
884 962
884 163
884 1344
887 0
887 2
887 7
887 24
887 265
887 1658
887 4
889 0
889 2
889 3
889 4
889 46
889 47
889 236
889 523
889 29
889 1947
889 790
889 417
889 1376
890 0
890 2
890 3
890 29
890 201
890 651
890 157
890 1422
890 321
890 1041
890 295
890 891
890 573
890 785
890 1311
891 0
891 2
891 3
891 29
894 0
894 2
894 7
894 27
894 194
897 0
897 2
897 3
897 4
897 46
897 47
897 131
897 151
897 956
897 1866
897 250
897 549
897 442
897 583
897 1078
898 0
898 34
898 96
898 604
898 1290
898 1495
900 0
900 91
906 0
906 2
906 3
906 4
906 46
906 53
906 54
906 1674
906 1166
906 1846
906 509
906 104
907 0
907 14
908 0
908 2
908 7
908 31
908 623
911 0
911 2
911 19
911 48
911 81
911 457
912 0
912 2
912 19
912 48
914 0
914 2
914 3
914 182
914 362
914 530
914 204
914 1817
914 127
914 881
917 0
917 757
917 483
917 27
917 1146
917 632
919 0
919 13
919 68
920 0
920 2
920 3
920 4
920 46
920 47
920 95
920 1840
920 1868
920 265
920 1796
921 0
921 2
921 19
921 148
921 227
921 312
921 1326
921 233
921 1567
921 1881
921 30
921 993
927 0
927 253
927 1568
927 961
927 1894
928 0
928 2
928 698
928 1257
928 363
929 0
929 2
929 7
931 0
931 2
931 3
931 4
931 73
931 405
931 399
931 1297
931 414
931 871
931 625
931 684
932 0
932 2
932 7
932 27
932 59
932 393
932 131
933 0
933 13
933 68
933 84
933 1600
933 327
933 1943
933 1500
934 0
934 2
934 7
934 27
934 107
934 411
934 536
934 1867
934 125
934 1964
935 0
935 2
935 3
935 4
935 46
935 47
935 131
935 1725
935 1694
935 799
935 1693
935 1347
935 1655
935 573
935 757
939 0
939 2
939 7
939 27
939 191
939 1480
939 1091
939 1261
939 188
939 29
943 0
943 2
943 3
943 162
943 659
943 1912
943 534
943 1464
943 733
944 0
944 2
944 19
944 48
944 81
944 616
944 733
944 491
944 1679
947 0
947 2
947 3
947 1567
947 1479
947 1408
947 1535
947 1447
947 312
947 523
947 1342
947 1358
947 1553
947 439
950 0
950 2
950 19
950 1227
950 1689
950 121
950 435
950 1118
951 0
951 2
951 7
951 912
951 498
951 156
951 1674
951 543
951 1012
953 0
953 2
953 3
953 543
953 1158
953 1846
953 457
953 616
953 939
953 177
953 1956
953 1362
953 1439
953 1678
954 0
954 287
954 671
954 1971
954 1421
954 774
954 1483
954 631
956 0
956 13
956 68
956 423
956 1064
956 449
956 1696
957 0
957 2
957 7
957 24
957 265
957 887
957 1679
957 796
957 1421
957 1779
960 0
960 2
960 3
960 182
960 362
960 635
960 614
960 1221
960 1500
960 28
960 407
960 148
960 1717
961 0
961 64
961 414
961 583
961 610
961 889
961 844
961 284
962 0
962 2
962 7
962 84
962 307
962 1748
962 1032
962 1255
962 670
962 666
962 950
967 0
967 2
967 7
967 149
967 235
967 137
967 1406
967 448
967 876
967 1849
967 19
967 1247
967 1943
967 1441
967 1746
967 375
967 1221
967 571
967 1781
967 794
967 1926
968 0
968 100
968 656
968 1889
968 1839
968 1292
970 0
970 2
970 19
970 474
970 1964
970 37
970 1517
970 170
970 134
970 7
972 0
972 2
972 165
972 530
972 1269
972 616
972 1870
974 0
974 2
974 7
974 27
975 0
975 75
975 461
975 773
976 0
976 69
976 162
976 1145
977 0
977 2
977 19
977 65
977 1621
977 993
977 544
977 312
977 1420
977 444
977 658
977 1726
977 1305
977 77
977 655
979 0
979 91
979 301
979 1207
979 1988
979 1082
979 598
979 1396
979 1071
979 352
979 1793
979 1728
979 711
979 1708
980 0
980 64
980 66
980 537
980 144
980 723
981 0
981 2
981 19
981 148
981 227
981 443
981 104
981 705
982 0
982 2
982 19
982 65
982 528
982 616
982 1306
982 1390
982 260
982 1007
982 1081
982 1796
984 0
984 100
984 550
986 0
986 91
986 301
993 0
993 2
993 19
993 65
993 427
993 785
994 0
994 93
994 1889
994 28
994 1221
994 1212
994 713
994 383
994 25
995 0
995 17
995 870
995 573
995 773
995 249
998 0
998 2
998 19
998 1353
998 807
1003 0
1003 2
1003 3
1003 4
1003 28
1003 351
1003 404
1003 455
1003 784
1003 1057
1003 1981
1003 35
1003 609
1003 1561
1003 117
1003 1692
1003 1166
1004 0
1004 2
1004 3
1004 29
1004 83
1004 340
1004 1707
1004 650
1006 0
1006 2
1006 19
1006 48
1006 81
1006 541
1006 1969
1006 957
1007 0
1007 2
1007 3
1007 29
1008 0
1008 14
1008 906
1008 1296
1008 645
1008 253
1008 729
1008 1651
1008 1724
1008 1380
1012 0
1012 2
1012 7
1012 27
1012 117
1012 364
1012 148
1012 912
1012 298
1012 419
1012 1119
1012 614
1012 1543
1012 1580
1022 0
1022 2
1022 32
1022 854
1024 0
1024 14
1024 737
1027 0
1027 2
1027 7
1027 31
1027 877
1027 1088
1027 1742
1027 1458
1028 0
1028 2
1028 7
1028 571
1028 4
1028 337
1028 567
1028 1972
1028 1497
1029 0
1029 2
1029 7
1032 0
1032 2
1032 3
1032 29
1032 713
1032 641
1032 870
1032 1194
1032 1718
1032 444
1032 153
1032 1171
1032 1101
1032 1063
1032 1335
1032 979
1032 1596
1032 64
1032 449
1032 1055
1032 1312
1032 695
1035 0
1035 428
1035 1798
1035 659
1035 1889
1035 407
1035 1114
1035 821
1035 1535
1035 19
1035 550
1035 880
1035 1701
1035 396
1035 678
1040 0
1040 14
1040 737
1040 1261
1040 869
1040 1217
1040 1728
1040 881
1040 1757
1040 1277
1040 107
1040 1098
1041 0
1041 64
1041 906
1041 870
1041 998
1041 1638
1041 96
1041 982
1041 1709
1043 0
1043 2
1043 3
1043 4
1043 28
1043 351
1043 404
1043 32
1043 192
1043 1243
1044 0
1044 2
1044 3
1044 4
1044 73
1044 488
1044 560
1044 1975
1044 538
1044 558
1047 0
1047 2
1047 3
1047 4
1047 670
1047 1396
1047 1964
1047 1746
1047 423
1047 1885
1047 1438
1051 0
1051 14
1051 552
1051 1717
1051 350
1054 0
1054 2
1054 7
1054 24
1054 204
1054 636
1054 1278
1054 1047
1055 0
1055 14
1055 637
1055 1808
1055 698
1057 0
1057 17
1057 21
1057 293
1057 309
1057 979
1057 1709
1057 1024
1057 300
1058 0
1058 2
1058 3
1058 4
1058 46
1058 47
1058 131
1058 158
1058 73
1058 961
1058 677
1059 0
1059 17
1059 21
1059 49
1059 113
1059 485
1059 1290
1059 781
1063 0
1063 2
1063 7
1064 0
1064 2
1064 7
1064 27
1064 107
1064 1600
1064 36
1064 483
1064 1867
1064 31
1064 315
1064 343
1064 1200
1064 1500
1064 1788
1064 1383
1064 635
1064 1792
1064 581
1066 0
1066 2
1066 19
1066 48
1066 81
1066 170
1066 393
1066 1131
1066 281
1066 927
1066 427
1066 404
1068 0
1068 368
1069 0
1069 2
1069 3
1069 162
1069 659
1069 1299
1069 216
1069 876
1069 614
1069 449
1069 546
1069 897
1069 77
1069 250
1069 1438
1070 0
1070 2
1070 3
1070 851
1070 477
1070 1988
1070 1408
1070 1953
1071 0
1071 2
1071 3
1071 29
1071 1697
1071 550
1071 1069
1072 0
1072 13
1072 668
1072 609
1072 1442
1072 695
1072 1172
1072 340
1072 1145
1072 1742
1074 0
1074 2
1074 3
1074 4
1074 10
1074 517
1074 151
1074 1112
1074 571
1074 1498
1074 1947
1074 1411
1074 1792
1075 0
1075 13
1075 68
1075 125
1075 1328
1075 573
1075 1146
1075 1293
1075 975
1075 1068
1078 0
1078 77
1078 73
1078 273
1078 48
1078 1835
1078 845
1078 1726
1078 1895
1078 249
1078 396
1081 0
1081 2
1081 3
1081 182
1081 483
1081 818
1081 163
1082 0
1082 64
1082 211
1082 580
1082 1347
1082 93
1082 970
1082 1068
1083 0
1083 2
1083 7
1083 27
1083 315
1083 1003
1083 632
1083 1606
1083 668
1083 1826
1083 1480
1083 1939
1085 0
1085 2
1085 7
1085 24
1085 1029
1085 1506
1086 0
1086 2
1086 7
1086 189
1088 0
1088 69
1088 186
1088 285
1088 1074
1088 388
1088 1647
1088 1880
1088 1171
1089 0
1089 671
1089 691
1089 576
1089 1220
1089 1678
1089 121
1089 1895
1089 354
1089 1868
1089 784
1089 1741
1091 0
1091 13
1091 270
1091 754
1092 0
1092 2
1092 3
1092 4
1092 46
1092 47
1092 227
1092 1733
1092 1289
1092 1403
1092 537
1093 0
1093 2
1093 3
1093 22
1093 711
1093 1146
1093 54
1093 986
1093 153
1093 428
1095 0
1095 14
1095 737
1095 1024
1095 1694
1095 28
1095 471
1095 556
1096 0
1096 146
1096 531
1096 22
1097 0
1097 2
1097 3
1097 4
1097 28
1097 54
1097 1441
1097 474
1098 0
1098 93
1098 1401
1098 1240
1098 312
1098 1621
1098 75
1098 541
1098 1118
1098 870
1098 671
1098 817
1098 457
1098 15
1098 1810
1098 1849
1101 0
1101 64
1101 66
1101 655
1101 821
1101 529
1101 396
1101 939
1101 1180
1101 1175
1101 1505
1109 0
1109 2
1109 19
1109 998
1109 1819
1109 1818
1109 1911
1109 529
1110 0
1110 75
1110 104
1110 126
1110 157
1110 700
1110 4
1110 1317
1110 957
1110 1901
1110 386
1110 1220
1110 81
1110 471
1110 1296
1110 583
1112 0
1112 2
1112 3
1112 222
1112 511
1112 591
1112 1202
1112 276
1112 626
1114 0
1114 93
1114 826
1114 1022
1114 155
1114 1237
1117 0
1117 2
1117 3
1117 4
1117 28
1118 0
1118 2
1118 3
1118 29
1118 50
1119 0
1119 75
1122 0
1122 287
1122 1943
1122 1847
1122 1520
1122 576
1122 1594
1122 517
1122 739
1122 631
1122 723
1122 1867
1122 293
1124 0
1124 2
1124 3
1124 4
1124 28
1124 351
1124 107
1124 396
1124 1805
1124 1202
1124 728
1127 0
1127 2
1127 3
1127 4
1127 46
1127 47
1127 131
1127 312
1127 1655
1127 1558
1127 1004
1127 1728
1127 1779
1127 947
1127 1088
1127 1535
1127 442
1129 0
1129 93
1129 188
1129 1621
1129 1055
1129 482
1129 891
1129 1086
1129 1700
1129 1083
1129 462
1129 650
1130 0
1130 2
1130 7
1130 27
1130 59
1130 233
1130 1895
1130 1878
1130 194
1130 1420
1130 747
1130 957
1130 1564
1130 1575
1130 530
1130 1388
1131 0
1132 0
1132 2
1132 3
1132 182
1132 362
1132 382
1132 728
1132 1365
1132 609
1132 1196
1132 414
1132 19
1139 0
1139 2
1139 7
1139 1396
1139 371
1139 1335
1139 530
1140 0
1140 69
1143 0
1143 13
1143 270
1143 438
1143 1516
1144 0
1144 17
1144 21
1144 110
1144 281
1144 1728
1144 1292
1145 0
1145 2
1145 3
1145 4
1145 46
1145 47
1145 131
1145 158
1145 407
1146 0
1146 2
1146 7
1146 24
1146 204
1146 636
1146 1054
1146 1953
1146 580
1146 543
1146 1342
1147 0
1147 2
1147 3
1147 4
1147 28
1147 54
1147 598
1150 0
1150 93
1150 188
1150 1909
1150 984
1150 551
1150 1769
1150 828
1150 572
1150 809
1150 1494
1150 457
1151 0
1151 17
1151 21
1151 1244
1151 1748
1151 1718
1151 567
1151 1483
1151 600
1155 0
1155 2
1155 7
1155 819
1155 288
1158 0
1158 13
1158 68
1160 0
1160 2
1160 7
1160 1470
1160 1886
1162 0
1162 2
1162 7
1162 661
1162 626
1162 483
1162 1464
1166 0
1166 2
1166 3
1166 4
1166 10
1166 601
1166 540
1166 1793
1166 848
1166 1897
1166 1658
1166 1718
1166 662
1166 655
1167 0
1167 428
1167 25
1167 153
1167 474
1167 1257
1167 1793
1167 1947
1167 315
1167 1489
1170 0
1170 2
1170 3
1170 4
1170 28
1170 351
1170 1375
1170 278
1170 1540
1170 1536
1170 157
1170 1198
1170 1881
1170 830
1170 1869
1171 0
1171 2
1171 3
1171 182
1171 1728
1171 1771
1172 0
1172 2
1172 3
1172 26
1172 580
1172 301
1174 0
1174 2
1174 19
1174 148
1174 227
1174 921
1174 81
1174 1119
1174 986
1174 1328
1174 1564
1174 531
1174 1074
1174 656
1174 415
1174 789
1174 1675
1175 0
1175 2
1175 7
1175 31
1175 357
1175 448
1175 1837
1175 373
1175 488
1175 1964
1175 1415
1175 935
1175 107
1175 1354
1175 880
1179 0
1179 2
1179 3
1179 4
1179 46
1180 0
1180 287
1180 435
1180 180
1180 1167
1180 1119
1180 1483
1183 0
1183 2
1183 7
1183 27
1183 117
1183 911
1183 1798
1183 614
1183 1253
1183 1559
1183 986
1183 1896
1183 981
1183 1124
1185 0
1185 100
1187 0
1187 2
1187 7
1187 679
1187 641
1187 384
1187 1367
1187 415
1187 1725
1189 0
1189 34
1189 96
1189 767
1189 414
1189 1574
1189 1464
1191 0
1191 2
1191 3
1191 4
1191 10
1191 838
1191 1988
1193 0
1193 34
1193 96
1193 1928
1193 1383
1193 1749
1193 935
1194 0
1194 17
1194 235
1194 645
1194 2
1194 823
1194 810
1194 271
1196 0
1196 2
1196 3
1196 182
1196 362
1196 460
1196 558
1196 1057
1196 668
1196 536
1196 1180
1198 0
1198 17
1198 21
1198 293
1198 411
1198 920
1198 1375
1198 64
1200 0
1200 2
1200 3
1200 182
1200 362
1200 960
1200 951
1200 932
1200 167
1200 650
1200 1771
1200 977
1200 1322
1200 898
1200 1872
1200 295
1201 0
1201 91
1201 641
1201 460
1201 827
1201 435
1201 214
1201 301
1201 194
1201 1367
1201 1605
1201 1255
1201 1807
1202 0
1202 17
1202 21
1202 49
1202 220
1203 0
1203 13
1203 270
1203 1143
1203 976
1203 1328
1203 1851
1203 1217
1204 0
1204 175
1204 898
1204 1461
1204 1286
1205 0
1205 13
1205 68
1205 125
1205 993
1205 548
1205 1330
1207 0
1207 2
1207 337
1207 601
1207 1098
1207 315
1207 1275
1207 549
1207 1124
1207 364
1207 876
1207 536
1207 1277
1207 1895
1207 1112
1207 1044
1207 1897
1207 1110
1207 266
1211 0
1211 2
1211 3
1211 162
1211 163
1211 390
1211 684
1211 681
1211 1193
1211 912
1211 601
1211 879
1212 0
1212 2
1212 3
1212 4
1212 28
1212 271
1212 426
1214 0
1214 93
1214 487
1214 1615
1214 1205
1214 785
1214 1967
1217 0
1217 2
1217 7
1217 321
1217 1503
1217 1735
1217 651
1217 1386
1217 364
1220 0
1220 13
1221 0
1221 2
1221 7
1221 1086
1221 435
1227 0
1227 2
1227 7
1227 1813
1227 871
1227 150
1227 1439
1228 0
1228 2
1228 3
1228 182
1228 362
1228 1896
1228 1677
1228 1770
1228 1856
1229 0
1229 64
1233 0
1233 17
1233 21
1233 49
1233 220
1233 1202
1234 0
1234 422
1234 506
1234 1411
1234 312
1234 1350
1234 1881
1234 982
1234 1145
1234 780
1237 0
1237 2
1237 7
1237 31
1237 1400
1237 1912
1237 700
1237 1130
1237 1895
1237 337
1237 1876
1237 1718
1237 1415
1240 0
1240 13
1240 826
1240 1071
1240 1561
1240 954
1240 658
1240 1475
1240 250
1240 1316
1240 671
1241 0
1241 64
1242 0
1242 2
1242 3
1242 284
1242 1220
1242 1240
1242 1158
1242 77
1242 48
1242 1832
1243 0
1243 2
1243 7
1243 27
1243 35
1243 810
1243 986
1243 1241
1243 1274
1244 0
1244 64
1244 835
1245 0
1245 2
1245 3
1245 29
1245 531
1245 1909
1245 489
1245 791
1245 914
1245 1919
1245 1520
1246 0
1246 2
1246 7
1246 24
1246 204
1246 636
1246 1832
1246 1443
1246 541
1246 1483
1246 728
1246 1700
1246 352
1246 1919
1246 678
1246 1876
1246 593
1246 1717
1247 0
1247 64
1247 211
1247 212
1247 266
1247 1278
1247 796
1247 438
1247 1941
1247 222
1247 583
1247 1535
1247 897
1247 1322
1247 1359
1247 1443
1248 0
1248 2
1248 3
1248 4
1248 46
1248 47
1248 131
1248 158
1248 407
1248 1145
1248 1699
1248 766
1248 1969
1248 854
1253 0
1253 2
1253 3
1253 4
1253 10
1253 244
1253 425
1253 68
1253 368
1253 1839
1253 819
1255 0
1255 2
1255 7
1255 84
1255 879
1255 1260
1255 213
1255 201
1256 0
1256 34
1256 96
1256 1130
1256 541
1256 572
1257 0
1257 100
1257 1185
1257 375
1257 388
1257 1781
1257 534
1257 405
1257 1396
1257 1066
1260 0
1260 2
1260 19
1260 348
1260 1006
1260 579
1260 92
1260 307
1260 1996
1260 1746
1260 1503
1260 1316
1260 4
1260 1964
1260 1655
1260 1868
1261 0
1261 2
1261 3
1261 4
1261 28
1261 271
1261 426
1261 472
1264 0
1264 2
1264 3
1264 162
1264 869
1264 558
1264 455
1264 1058
1264 327
1264 1498
1264 132
1264 974
1264 1540
1264 729
1264 593
1264 1682
1264 1066
1264 666
1264 1696
1264 1851
1264 1330
1264 527
1264 150
1266 0
1266 2
1266 3
1266 162
1266 163
1266 390
1266 684
1266 1628
1266 1474
1266 95
1266 1350
1266 1171
1268 0
1268 14
1269 0
1269 13
1269 68
1269 125
1269 944
1269 674
1269 1780
1269 143
1269 1421
1269 1353
1269 382
1273 0
1273 17
1273 21
1273 49
1273 401
1273 104
1273 312
1273 700
1273 929
1274 0
1274 17
1274 423
1274 146
1274 1704
1274 542
1274 1162
1274 982
1274 354
1274 994
1275 0
1275 2
1275 7
1275 189
1275 898
1275 47
1275 489
1275 1928
1276 0
1276 2
1276 7
1277 0
1277 2
1277 7
1277 1246
1277 827
1277 134
1278 0
1278 2
1278 3
1278 4
1278 28
1278 631
1278 975
1278 1172
1278 1416
1278 479
1278 1694
1278 309
1281 0
1281 91
1281 214
1281 332
1281 645
1281 784
1281 1058
1281 1525
1281 826
1281 632
1281 1832
1281 27
1281 1965
1283 0
1283 2
1283 19
1283 48
1283 81
1283 198
1283 700
1283 799
1283 1481
1283 1953
1284 0
1284 2
1284 3
1284 4
1284 46
1284 47
1284 803
1284 1315
1284 1728
1286 0
1286 17
1286 21
1286 49
1286 220
1286 1819
1286 1524
1287 0
1287 2
1287 7
1287 27
1289 0
1289 17
1289 21
1289 49
1289 150
1290 0
1290 2
1290 564
1292 0
1292 77
1292 585
1292 1800
1293 0
1293 2
1293 7
1293 422
1293 34
1293 1655
1293 68
1293 1738
1294 0
1294 2
1294 3
1294 4
1294 46
1294 552
1294 747
1294 789
1294 383
1296 0
1296 2
1296 7
1297 0
1297 17
1297 21
1297 293
1297 1198
1297 1170
1297 671
1297 1497
1297 737
1297 326
1297 53
1297 1934
1297 1706
1297 153
1297 838
1298 0
1298 2
1298 3
1298 29
1298 92
1298 541
1298 424
1298 1772
1298 1889
1298 253
1298 1277
1299 0
1299 2
1299 32
1299 1656
1299 1602
1301 0
1301 2
1301 1828
1301 818
1301 1498
1301 300
1301 1807
1301 1829
1301 1796
1301 313
1301 100
1302 0
1302 2
1302 3
1302 162
1302 363
1302 755
1302 816
1304 0
1304 2
1304 19
1304 65
1304 1792
1304 1362
1304 1934
1305 0
1305 146
1305 175
1305 866
1305 1202
1305 64
1305 523
1305 840
1305 1557
1306 0
1306 2
1306 7
1306 27
1306 817
1306 920
1306 543
1306 1446
1306 92
1310 0
1310 2
1310 3
1310 4
1310 209
1310 624
1310 1418
1310 1573
1310 820
1311 0
1311 2
1311 19
1311 348
1311 820
1311 1868
1311 600
1312 0
1312 146
1312 175
1315 0
1315 2
1315 19
1315 65
1315 427
1315 477
1315 1839
1315 908
1315 1129
1315 1626
1315 1805
1315 1147
1315 27
1315 1536
1315 1848
1315 1813
1316 0
1316 17
1316 954
1316 780
1316 1826
1316 273
1316 670
1316 1376
1317 0
1317 2
1317 3
1317 29
1317 201
1317 1330
1317 523
1317 695
1317 1229
1319 0
1319 2
1319 3
1319 4
1319 46
1319 53
1319 604
1319 1446
1319 1064
1319 1941
1319 1934
1321 0
1321 17
1321 21
1321 49
1321 771
1321 354
1321 1847
1321 1083
1321 1867
1321 684
1321 912
1321 462
1321 478
1321 1297
1321 600
1321 1189
1321 1443
1322 0
1322 2
1322 19
1322 48
1322 81
1322 170
1322 1066
1322 121
1322 1553
1322 362
1322 1469
1322 371
1322 1651
1322 131
1322 1828
1322 1487
1322 698
1322 1443
1322 350
1322 711
1323 0
1323 2
1323 7
1323 31
1323 802
1326 0
1326 2
1326 3
1326 4
1326 10
1326 685
1326 1207
1326 388
1328 0
1328 75
1328 104
1328 126
1328 157
1328 637
1328 614
1328 1335
1328 898
1328 380
1328 953
1328 932
1328 778
1328 1086
1328 494
1330 0
1330 69
1330 186
1330 285
1330 1088
1330 950
1330 953
1330 1975
1330 1917
1330 1196
1330 1093
1330 294
1330 785
1330 165
1331 0
1331 2
1331 7
1335 0
1335 2
1335 3
1335 4
1335 10
1335 244
1335 425
1335 1841
1335 1353
1335 327
1335 1965
1342 0
1342 2
1342 3
1342 1897
1342 546
1342 848
1342 574
1342 96
1342 1506
1342 666
1342 382
1342 12
1343 0
1343 2
1343 7
1343 24
1343 265
1343 887
1343 1793
1343 479
1343 375
1343 1901
1343 1204
1344 0
1344 2
1344 19
1344 148
1344 446
1344 1086
1344 538
1344 45
1345 0
1345 2
1345 3
1345 4
1345 46
1345 47
1345 131
1345 312
1345 143
1345 889
1347 0
1347 93
1347 1098
1350 0
1350 17
1350 147
1350 813
1350 534
1350 1172
1350 1150
1350 1718
1350 405
1353 0
1353 64
1353 414
1354 0
1354 2
1354 19
1354 998
1354 265
1354 1581
1354 363
1354 1380
1354 1284
1354 533
1354 191
1354 1371
1354 794
1356 0
1356 2
1356 19
1356 572
1356 1294
1358 0
1358 2
1358 32
1358 659
1358 1593
1358 585
1359 0
1359 2
1359 3
1359 4
1359 28
1359 54
1359 288
1359 572
1359 1047
1359 1415
1359 566
1361 0
1361 2
1361 19
1361 48
1361 81
1361 523
1361 1140
1361 15
1361 1390
1362 0
1362 2
1362 3
1362 29
1362 201
1362 651
1362 890
1364 0
1364 93
1364 188
1365 0
1365 2
1365 564
1365 840
1365 547
1365 1813
1365 165
1367 0
1367 2
1367 3
1367 29
1367 184
1367 28
1367 1568
1368 0
1368 13
1368 68
1368 386
1371 0
1371 2
1371 7
1371 327
1373 0
1373 2
1373 7
1373 84
1373 132
1373 1810
1373 919
1373 609
1373 347
1373 546
1373 1112
1373 572
1373 35
1373 1160
1373 671
1373 870
1373 506
1373 93
1374 0
1374 64
1374 211
1374 212
1374 266
1374 1247
1374 13
1374 1400
1374 813
1374 1973
1374 1947
1375 0
1375 2
1375 3
1375 4
1375 46
1375 47
1375 131
1375 312
1375 780
1376 0
1376 36
1376 567
1376 1543
1376 506
1380 0
1380 13
1380 68
1380 1310
1380 1707
1380 635
1381 0
1381 17
1381 21
1381 352
1381 1129
1381 1988
1381 1507
1381 1365
1381 1596
1381 1261
1381 1201
1383 0
1383 144
1383 1943
1385 0
1385 2
1385 3
1385 29
1385 50
1385 1118
1385 1707
1385 213
1385 69
1386 0
1386 12
1386 121
1388 0
1388 2
1388 19
1388 137
1388 364
1388 1480
1388 1083
1388 32
1388 950
1388 547
1388 1422
1388 1692
1388 285
1388 1172
1388 201
1390 0
1390 428
1390 1167
1396 0
1396 13
1396 1220
1398 0
1398 100
1398 656
1398 968
1398 366
1398 1024
1398 821
1399 0
1399 25
1399 635
1399 35
1399 1483
1399 582
1399 548
1400 0
1400 64
1400 414
1400 583
1400 533
1400 435
1400 312
1400 1806
1400 593
1401 0
1401 2
1401 7
1401 24
1401 1305
1401 1569
1401 871
1401 722
1403 0
1403 2
1403 7
1403 31
1403 623
1403 908
1406 0
1406 144
1406 96
1406 1068
1406 141
1408 0
1408 64
1408 414
1408 583
1411 0
1411 12
1411 1162
1411 1843
1411 799
1411 614
1411 974
1412 0
1412 2
1412 3
1412 29
1412 83
1412 340
1412 524
1412 732
1414 0
1414 91
1414 214
1414 332
1414 348
1414 972
1414 285
1414 220
1415 0
1415 2
1415 3
1415 29
1415 1835
1415 69
1415 1810
1415 1278
1415 290
1415 1988
1415 1411
1415 53
1415 488
1415 1748
1415 1725
1415 1058
1415 1930
1415 716
1416 0
1416 2
1416 3
1416 4
1416 209
1416 144
1416 1202
1416 1144
1416 1069
1416 1644
1416 1675
1416 27
1418 0
1418 2
1418 3
1418 1881
1418 1064
1418 1083
1418 919
1418 1007
1419 0
1419 287
1419 632
1419 1380
1419 1150
1419 31
1420 0
1420 2
1420 3
1420 4
1420 46
1420 47
1420 131
1420 158
1420 407
1420 1540
1420 1078
1420 994
1420 475
1420 1353
1420 1240
1420 1205
1420 1127
1421 0
1421 2
1421 19
1421 487
1422 0
1422 2
1422 19
1422 65
1422 1304
1422 1850
1422 1247
1422 1520
1422 1752
1425 0
1425 2
1425 19
1425 137
1425 1494
1425 747
1425 733
1425 526
1425 1109
1425 1255
1429 0
1429 64
1429 211
1429 212
1429 266
1429 819
1429 747
1429 373
1429 287
1429 574
1429 156
1429 201
1429 1367
1429 1707
1429 337
1432 0
1432 64
1432 1707
1432 684
1432 767
1432 3
1432 1151
1432 1306
1432 691
1435 0
1435 75
1436 0
1436 75
1438 0
1438 13
1439 0
1439 17
1439 21
1439 49
1439 113
1439 148
1439 661
1439 212
1439 1347
1439 1867
1441 0
1441 2
1441 7
1441 183
1441 417
1442 0
1442 100
1442 1185
1443 0
1443 14
1443 1008
1444 0
1444 17
1444 21
1444 49
1444 113
1444 485
1446 0
1446 2
1446 19
1446 180
1446 739
1447 0
1447 17
1447 21
1447 293
1447 442
1456 0
1456 77
1456 1155
1456 442
1456 1679
1457 0
1457 2
1457 7
1457 149
1457 967
1457 1553
1457 351
1457 1996
1457 1283
1458 0
1458 2
1458 7
1458 526
1458 823
1458 1330
1458 660
1458 625
1458 1432
1459 0
1459 2
1459 3
1459 4
1459 28
1459 929
1459 1203
1459 1112
1461 0
1461 2
1461 7
1461 816
1461 1869
1461 1381
1461 1196
1464 0
1464 69
1464 186
1464 1722
1464 1089
1464 977
1464 1929
1464 810
1464 1008
1464 801
1467 0
1467 12
1467 121
1467 540
1467 687
1467 19
1467 1193
1467 929
1467 157
1467 383
1467 641
1467 45
1469 0
1469 2
1469 7
1469 1305
1469 1479
1470 0
1470 2
1470 3
1470 4
1470 46
1470 47
1470 131
1470 158
1470 407
1470 1420
1474 0
1474 13
1474 68
1474 587
1474 1202
1474 1828
1474 315
1474 1850
1474 424
1474 1066
1474 1310
1475 0
1475 2
1475 7
1475 189
1475 666
1475 774
1479 0
1479 64
1479 211
1479 212
1479 582
1479 1880
1479 352
1479 1621
1480 0
1480 2
1480 3
1480 4
1480 28
1480 54
1480 598
1480 1808
1480 1660
1480 1051
1480 1926
1480 1735
1481 0
1481 2
1481 3
1481 29
1481 201
1481 651
1481 778
1481 13
1481 65
1481 1568
1482 0
1482 2
1482 7
1482 415
1482 547
1482 1574
1482 889
1482 866
1482 1778
1482 1498
1482 396
1482 957
1482 1140
1482 1615
1483 0
1483 2
1483 3
1483 22
1486 0
1486 2
1486 7
1486 50
1486 167
1486 438
1486 619
1486 371
1486 898
1486 998
1487 0
1487 2
1487 3
1487 182
1487 362
1487 373
1488 0
1488 2
1488 3
1488 4
1488 46
1488 47
1488 131
1488 158
1489 0
1489 2
1489 19
1489 180
1489 297
1489 1785
1489 720
1489 1470
1493 0
1493 17
1493 235
1493 250
1493 593
1493 754
1493 351
1493 147
1493 998
1493 1401
1493 312
1493 1709
1493 1328
1493 817
1494 0
1494 2
1494 19
1494 1594
1494 585
1494 49
1494 188
1494 1818
1495 0
1495 13
1495 68
1495 1158
1495 471
1495 371
1495 1693
1495 601
1497 0
1497 146
1497 175
1498 0
1498 93
1498 1269
1498 1731
1498 1881
1500 0
1500 660
1500 1179
1500 647
1500 424
1500 149
1500 1561
1500 252
1500 182
1501 0
1501 2
1501 3
1501 4
1501 28
1501 351
1501 404
1501 1043
1501 1541
1501 1243
1501 614
1501 655
1501 1726
1501 73
1503 0
1503 2
1503 7
1505 0
1505 2
1505 7
1505 84
1505 137
1505 1498
1505 144
1505 1447
1506 0
1506 2
1506 3
1506 4
1506 10
1506 244
1506 865
1506 1643
1506 794
1506 1971
1506 1406
1506 1558
1506 623
1507 0
1507 17
1507 21
1507 49
1507 220
1512 0
1512 2
1512 3
1512 4
1512 46
1512 47
1512 131
1512 312
1512 383
1512 1204
1512 1596
1513 0
1513 100
1513 656
1513 157
1513 1525
1513 661
1514 0
1514 17
1514 21
1514 110
1514 281
1514 1144
1515 0
1515 2
1515 3
1515 162
1515 869
1516 0
1516 17
1516 147
1516 571
1516 699
1516 1869
1516 848
1516 265
1516 1872
1516 1390
1516 1606
1516 1201
1517 0
1517 64
1517 66
1517 1551
1517 29
1520 0
1520 2
1520 19
1520 48
1522 0
1522 2
1522 3
1522 29
1522 92
1522 871
1522 914
1522 753
1522 357
1524 0
1524 2
1524 19
1524 148
1524 446
1525 0
1525 2
1525 3
1525 4
1525 28
1525 271
1525 1557
1525 1064
1525 1817
1525 1697
1525 1211
1525 1041
1531 0
1531 2
1531 19
1531 180
1531 739
1531 1446
1531 947
1531 390
1531 1310
1535 0
1535 2
1535 7
1535 1227
1536 0
1536 2
1536 7
1536 24
1536 1401
1536 368
1536 1040
1536 794
1536 754
1536 1418
1540 0
1540 2
1540 7
1540 1296
1540 1066
1540 149
1541 0
1541 100
1541 1185
1541 1442
1541 399
1541 1943
1543 0
1543 17
1543 21
1543 49
1543 113
1543 485
1543 630
1543 1482
1543 347
1543 1486
1543 632
1547 0
1547 2
1547 7
1547 31
1547 1237
1551 0
1551 100
1551 550
1551 21
1551 1362
1551 1328
1551 1305
1551 1091
1551 1688
1551 1701
1551 1569
1551 1088
1551 807
1553 0
1553 64
1553 211
1553 448
1553 778
1557 0
1557 17
1557 21
1557 49
1557 113
1557 485
1557 1207
1557 309
1557 1055
1557 1892
1557 1316
1557 660
1557 1284
1557 1731
1558 0
1558 2
1558 7
1558 679
1558 799
1558 979
1558 760
1558 1361
1558 757
1558 25
1558 427
1559 0
1559 2
1559 3
1559 29
1559 83
1559 228
1559 1438
1559 1074
1559 189
1559 1296
1559 678
1559 48
1559 1577
1561 0
1561 2
1561 7
1561 929
1564 0
1564 2
1564 3
1564 4
1564 28
1564 351
1567 0
1567 2
1567 3
1567 29
1567 184
1567 681
1567 83
1567 546
1567 573
1568 0
1568 2
1568 19
1568 65
1568 427
1568 785
1568 993
1568 1835
1568 59
1568 1917
1568 332
1568 1469
1568 1146
1568 461
1568 1390
1568 731
1569 0
1569 2
1569 7
1569 183
1569 1699
1569 1438
1569 1356
1569 1541
1569 213
1569 524
1569 1124
1569 1029
1569 472
1569 1044
1569 482
1571 0
1571 13
1571 68
1571 919
1571 1059
1571 1513
1571 957
1571 1211
1571 976
1571 4
1571 520
1571 979
1573 0
1573 2
1573 7
1573 31
1573 1256
1574 0
1574 368
1575 0
1575 2
1575 7
1575 1058
1575 1489
1575 1602
1575 610
1575 1904
1575 343
1575 1057
1575 472
1575 100
1575 993
1575 426
1577 0
1577 17
1577 21
1577 830
1577 1771
1577 158
1577 752
1577 415
1578 0
1578 2
1578 3
1578 4
1578 10
1578 1191
1579 0
1579 2
1579 7
1579 1228
1579 686
1580 0
1580 2
1580 3
1581 0
1581 2
1581 3
1581 29
1581 168
1581 479
1588 0
1588 2
1588 19
1588 65
1588 778
1588 1095
1588 1981
1588 417
1588 760
1588 376
1588 1068
1593 0
1593 2
1593 3
1593 162
1593 163
1593 390
1593 684
1593 1266
1593 865
1593 1323
1593 1130
1593 364
1593 604
1593 1406
1593 1063
1593 92
1593 1110
1593 1687
1593 544
1593 1506
1593 511
1593 1514
1594 0
1594 17
1594 21
1594 49
1594 771
1594 1396
1594 59
1594 158
1594 576
1594 1398
1594 781
1594 1093
1595 0
1595 2
1595 7
1595 189
1596 0
1596 17
1596 21
1600 0
1600 64
1600 414
1600 743
1600 1674
1600 1949
1600 1487
1600 1469
1600 1147
1600 1904
1600 954
1600 1969
1600 186
1600 347
1600 1806
1600 1243
1600 1358
1600 415
1600 1551
1601 0
1601 2
1601 7
1601 27
1601 107
1601 411
1601 536
1601 934
1601 1606
1601 1008
1601 1781
1601 100
1601 1837
1601 604
1601 662
1601 93
1602 0
1602 93
1602 820
1602 165
1602 96
1605 0
1605 2
1605 3
1605 4
1605 46
1605 47
1605 281
1605 1380
1606 0
1606 17
1606 21
1606 293
1606 442
1606 1805
1606 1952
1606 1832
1615 0
1615 64
1615 211
1615 212
1615 582
1615 1479
1615 222
1615 427
1615 803
1615 1515
1615 1870
1621 0
1621 12
1621 121
1621 399
1621 560
1621 1514
1621 252
1621 1771
1621 585
1621 167
1626 0
1626 2
1626 3
1626 4
1626 209
1626 1310
1626 1793
1626 1071
1626 920
1626 1551
1626 1780
1626 1679
1626 785
1626 212
1626 677
1626 998
1626 861
1626 1328
1626 802
1626 15
1627 0
1627 14
1627 1709
1627 1825
1627 260
1627 131
1627 337
1628 0
1628 2
1628 3
1628 4
1628 46
1628 47
1628 131
1628 151
1628 770
1628 1644
1628 435
1628 368
1628 1383
1628 547
1628 1810
1628 772
1628 685
1628 517
1638 0
1638 2
1638 3
1638 4
1638 46
1638 47
1638 803
1643 0
1643 13
1643 68
1643 1757
1643 244
1643 227
1643 1459
1643 791
1643 1956
1643 610
1643 21
1643 1946
1644 0
1644 2
1644 32
1647 0
1647 2
1647 564
1647 412
1647 1694
1647 631
1647 373
1647 1083
1647 1868
1647 1848
1647 1432
1651 0
1651 2
1651 3
1651 22
1651 711
1651 1774
1651 1543
1654 0
1654 14
1654 1008
1654 1443
1654 674
1654 1124
1654 679
1654 1275
1654 285
1654 1726
1655 0
1655 2
1655 7
1655 31
1656 0
1656 2
1656 7
1656 27
1656 194
1656 894
1656 632
1656 1255
1658 0
1658 13
1658 270
1658 1143
1658 1419
1658 977
1660 0
1660 2
1660 564
1660 1939
1660 266
1660 1469
1660 1813
1660 728
1660 284
1660 1694
1660 48
1660 92
1666 0
1666 2
1666 7
1666 189
1666 666
1666 774
1674 0
1674 69
1674 186
1675 0
1675 12
1675 121
1675 1386
1675 1171
1675 524
1675 1101
1677 0
1677 17
1677 21
1677 293
1677 442
1678 0
1678 14
1678 1268
1678 409
1678 576
1678 687
1678 897
1678 537
1678 69
1678 1692
1678 45
1678 1498
1678 354
1678 177
1678 650
1679 0
1679 2
1679 7
1679 321
1679 343
1679 1929
1679 1678
1679 1193
1679 887
1682 0
1682 2
1682 7
1682 27
1682 107
1682 1064
1682 1825
1682 407
1682 482
1682 753
1682 1342
1682 1605
1682 758
1682 891
1682 351
1682 1964
1682 1155
1682 767
1685 0
1685 75
1685 677
1685 753
1685 192
1685 1580
1685 1839
1685 1114
1685 149
1685 1514
1685 636
1687 0
1687 2
1687 3
1687 4
1687 46
1687 47
1687 131
1687 158
1687 192
1687 552
1687 1068
1687 1256
1687 1319
1687 1003
1687 1839
1688 0
1688 77
1688 354
1689 0
1689 2
1689 3
1689 4
1689 46
1689 47
1689 131
1692 0
1692 2
1692 3
1692 4
1692 46
1692 47
1692 95
1692 1606
1692 1734
1692 1124
1692 1740
1693 0
1693 2
1693 7
1694 0
1694 2
1694 3
1694 4
1694 28
1694 214
1694 549
1694 396
1694 1481
1695 0
1695 17
1695 21
1695 49
1695 150
1695 1828
1695 1304
1695 1696
1695 1429
1696 0
1696 36
1696 1376
1696 1074
1696 1110
1696 428
1696 1581
1696 1088
1696 1122
1696 880
1697 0
1697 93
1699 0
1699 2
1699 3
1699 26
1699 198
1699 823
1699 1866
1699 1220
1699 1893
1700 0
1700 69
1700 809
1700 175
1700 1689
1700 409
1700 1557
1701 0
1701 2
1701 19
1701 65
1701 1304
1701 1422
1701 177
1701 1866
1701 1904
1701 327
1701 491
1701 498
1701 1043
1701 1643
1701 879
1701 1234
1701 1354
1701 448
1704 0
1704 2
1704 3
1704 29
1704 201
1704 651
1704 890
1704 1362
1704 1072
1704 399
1704 1414
1704 1904
1704 1457
1704 1234
1704 211
1704 1512
1704 856
1704 298
1704 1885
1704 1276
1704 364
1706 0
1706 671
1706 1089
1706 920
1706 773
1706 1675
1706 1928
1707 0
1707 2
1707 7
1707 31
1707 1949
1707 953
1707 1568
1708 0
1708 2
1708 7
1708 24
1708 1085
1708 1749
1708 488
1708 1731
1709 0
1709 287
1709 435
1709 1180
1709 1456
1709 812
1709 1237
1709 375
1715 0
1715 2
1715 3
1715 4
1715 46
1715 47
1715 131
1715 158
1715 407
1717 0
1717 2
1717 3
1717 182
1717 362
1717 382
1717 728
1717 1132
1717 582
1717 1996
1717 933
1717 662
1717 1694
1717 1022
1717 570
1717 1988
1717 674
1717 396
1717 567
1717 301
1717 1170
1718 0
1718 69
1718 1457
1718 1495
1718 643
1718 380
1718 1868
1718 932
1718 1373
1718 998
1718 1482
1718 1996
1722 0
1722 2
1722 3
1722 29
1722 201
1724 0
1724 14
1724 1055
1724 755
1724 785
1724 352
1724 1818
1724 619
1724 1497
1724 819
1725 0
1725 64
1725 66
1725 1480
1726 0
1726 2
1726 7
1726 27
1726 117
1726 294
1726 107
1726 816
1726 265
1726 1096
1728 0
1728 2
1728 19
1728 148
1728 1304
1728 1066
1728 1385
1731 0
1731 75
1731 1119
1731 1839
1733 0
1733 2
1733 7
1733 27
1733 107
1733 411
1733 536
1733 1095
1733 784
1733 1967
1733 1971
1733 252
1733 48
1733 729
1733 974
1733 1131
1733 928
1733 1643
1733 1429
1734 0
1734 2
1734 3
1734 162
1734 163
1734 390
1734 684
1734 1211
1734 1600
1734 567
1734 295
1735 0
1735 93
1735 188
1735 1032
1735 77
1735 1375
1735 771
1735 446
1735 719
1735 214
1735 1579
1735 190
1735 530
1735 1130
1735 881
1735 125
1735 1947
1735 968
1735 1746
1735 773
1735 1006
1735 1269
1735 1289
1735 921
1738 0
1738 12
1738 121
1738 1704
1738 371
1740 0
1740 2
1740 3
1740 4
1740 10
1740 517
1740 1074
1740 1089
1740 585
1740 1221
1740 835
1740 1425
1740 527
1741 0
1741 2
1741 7
1741 24
1741 45
1741 929
1741 1124
1741 1202
1741 1469
1742 0
1742 2
1742 7
1742 1221
1746 0
1746 13
1746 270
1746 1091
1746 81
1746 1536
1746 1986
1746 1447
1746 1928
1746 1568
1746 1234
1746 354
1748 0
1748 77
1748 354
1748 1688
1748 1361
1748 1837
1748 1443
1748 227
1748 1547
1748 733
1748 1481
1748 198
1748 1456
1748 580
1748 723
1748 1506
1748 214
1748 1905
1748 66
1748 807
1748 424
1748 1375
1748 1312
1748 143
1748 271
1748 270
1749 0
1750 0
1750 2
1750 7
1750 84
1750 879
1750 1255
1750 560
1750 170
1750 295
1750 1041
1752 0
1752 2
1752 3
1752 22
1757 0
1757 2
1757 3
1757 182
1757 362
1757 373
1757 812
1757 412
1757 1882
1757 1461
1769 0
1769 2
1769 7
1769 189
1769 1086
1769 527
1769 542
1769 781
1769 1373
1769 1306
1769 845
1769 956
1770 0
1770 2
1770 7
1770 1688
1770 1166
1770 1888
1770 684
1770 1040
1770 810
1770 1479
1770 376
1770 529
1770 12
1770 1655
1770 1558
1770 31
1770 1275
1770 1172
1770 1892
1770 1362
1771 0
1771 17
1771 21
1771 49
1771 113
1771 485
1771 472
1771 1655
1772 0
1772 2
1772 19
1772 65
1772 1869
1772 1051
1774 0
1774 2
1774 7
1774 27
1774 59
1774 233
1774 326
1774 585
1778 0
1778 2
1778 19
1778 1660
1778 1752
1778 1095
1778 887
1778 1996
1778 897
1778 270
1778 1367
1778 1293
1778 1788
1778 189
1778 981
1779 0
1779 287
1779 435
1780 0
1780 2
1780 3
1780 29
1780 201
1780 651
1780 890
1780 1362
1780 1704
1780 146
1781 0
1781 2
1781 7
1781 426
1781 300
1781 1894
1781 14
1781 165
1781 125
1781 1785
1782 0
1782 91
1782 1805
1782 1242
1782 183
1782 1856
1782 50
1785 0
1785 69
1785 186
1785 285
1785 1088
1785 1893
1785 458
1788 0
1788 2
1788 32
1788 458
1788 1558
1788 293
1790 0
1790 12
1790 121
1790 1386
1790 920
1790 1778
1790 144
1790 1286
1790 30
1790 1109
1790 1507
1790 928
1790 1707
1790 583
1790 37
1790 470
1792 0
1792 2
1792 7
1792 189
1792 666
1792 774
1792 1475
1792 77
1792 1256
1792 462
1792 1411
1792 1467
1792 1276
1792 66
1793 0
1793 13
1793 68
1796 0
1796 288
1796 462
1796 1022
1796 1283
1796 1581
1798 0
1798 69
1798 771
1798 1626
1798 889
1798 1988
1798 1221
1798 962
1800 0
1800 91
1800 214
1800 555
1800 1316
1800 110
1800 527
1800 1069
1800 487
1800 767
1800 474
1801 0
1801 64
1801 343
1805 0
1805 2
1805 3
1805 26
1805 1396
1805 1243
1805 295
1806 0
1806 2
1806 3
1806 4
1806 10
1806 517
1806 1074
1806 722
1806 1155
1806 1361
1806 482
1806 1567
1806 491
1806 1870
1806 1112
1806 681
1806 1481
1806 781
1806 435
1807 0
1807 2
1807 7
1807 84
1807 132
1807 737
1807 994
1807 1436
1807 711
1807 848
1807 1752
1807 1689
1807 1376
1807 770
1807 1540
1807 1870
1807 1075
1807 564
1807 100
1807 698
1808 0
1808 2
1808 3
1810 0
1810 100
1810 656
1813 0
1813 2
1813 7
1813 84
1813 1828
1813 1082
1813 1567
1813 220
1813 458
1813 1769
1813 376
1813 1660
1813 1687
1814 0
1814 17
1814 21
1814 49
1814 113
1814 485
1814 1771
1817 0
1817 64
1817 211
1817 1202
1817 1101
1817 632
1818 0
1818 2
1818 19
1818 148
1818 184
1818 980
1818 1486
1818 35
1819 0
1819 2
1819 3
1819 4
1819 10
1819 1166
1819 709
1819 1088
1825 0
1825 2
1825 19
1825 48
1825 81
1825 565
1825 801
1825 413
1826 0
1826 2
1826 7
1826 27
1828 0
1828 17
1828 21
1828 49
1828 150
1828 290
1828 574
1828 609
1828 421
1828 975
1828 840
1828 153
1828 950
1828 1726
1828 801
1828 1500
1828 1486
1829 0
1829 2
1829 19
1829 65
1829 393
1829 1708
1829 1735
1832 0
1832 2
1832 19
1832 148
1832 227
1832 981
1832 1092
1832 521
1835 0
1835 2
1835 3
1835 4
1835 46
1835 47
1835 131
1835 312
1835 1304
1835 870
1837 0
1837 2
1837 7
1837 679
1837 1187
1837 1081
1837 591
1837 1244
1837 1078
1837 1498
1837 1228
1837 624
1837 695
1838 0
1838 64
1838 66
1838 1725
1839 0
1839 287
1839 435
1839 445
1840 0
1840 2
1840 3
1840 4
1840 10
1840 244
1840 865
1840 1506
1840 1043
1840 1962
1840 151
1841 0
1841 2
1841 3
1841 22
1841 711
1841 1717
1841 780
1843 0
1843 36
1843 548
1843 1386
1846 0
1846 2
1846 3
1846 4
1846 46
1846 47
1846 131
1846 158
1847 0
1847 2
1847 7
1847 24
1847 898
1847 674
1847 979
1847 191
1847 25
1847 1008
1847 413
1848 0
1848 2
1848 19
1848 48
1848 81
1848 198
1848 700
1848 1283
1849 0
1849 93
1849 1098
1849 1347
1849 228
1849 186
1850 0
1850 2
1850 19
1850 148
1850 446
1850 709
1850 668
1850 1331
1850 547
1851 0
1851 2
1851 3
1851 162
1851 1715
1851 1284
1851 235
1856 0
1856 2
1856 3
1856 4
1856 46
1856 47
1856 131
1856 312
1862 0
1862 288
1862 491
1862 276
1862 227
1866 0
1866 17
1866 21
1866 293
1866 442
1866 1447
1867 0
1867 2
1867 19
1867 180
1867 191
1867 830
1867 789
1867 411
1867 45
1867 1130
1867 1422
1867 1579
1867 107
1867 1965
1867 1574
1867 944
1867 1981
1867 1319
1867 906
1867 1281
1867 982
1867 854
1868 0
1868 2
1868 19
1868 48
1868 81
1868 350
1868 802
1869 0
1869 2
1869 7
1869 31
1869 802
1869 1323
1869 755
1869 876
1869 699
1870 0
1870 2
1870 7
1870 31
1870 357
1870 448
1870 1294
1870 1057
1870 908
1872 0
1872 17
1872 21
1872 49
1872 113
1872 1328
1872 409
1872 1522
1872 1109
1872 1969
1872 1841
1876 0
1876 91
1876 214
1876 332
1876 645
1876 1281
1876 555
1876 1095
1876 472
1876 488
1876 956
1878 0
1878 2
1878 7
1878 321
1878 1217
1880 0
1880 2
1880 7
1880 31
1880 802
1880 1323
1881 0
1881 17
1881 235
1881 250
1881 593
1881 422
1881 1697
1881 1869
1881 396
1881 1573
1882 0
1882 2
1882 3
1882 4
1882 46
1882 47
1885 0
1885 2
1885 3
1885 182
1885 601
1885 1458
1885 405
1885 1818
1886 0
1886 2
1886 3
1886 4
1886 46
1886 47
1886 131
1886 158
1888 0
1888 93
1888 1310
1888 695
1888 598
1888 1458
1888 1601
1888 838
1888 1986
1888 386
1888 1869
1889 0
1889 2
1889 19
1889 260
1889 388
1889 489
1889 216
1889 1068
1889 1964
1889 1398
1889 1996
1892 0
1892 17
1892 1274
1892 1408
1892 548
1892 1323
1892 1277
1893 0
1893 2
1893 3
1893 4
1893 46
1893 47
1893 1605
1894 0
1894 2
1894 3
1894 284
1894 1494
1894 1278
1894 1551
1894 1422
1894 273
1894 1228
1895 0
1895 77
1895 354
1896 0
1896 2
1896 19
1896 950
1896 180
1896 785
1896 91
1896 4
1897 0
1897 2
1897 7
1897 24
1897 743
1901 0
1901 2
1901 3
1901 4
1901 28
1901 1987
1901 1882
1901 1400
1901 722
1901 281
1901 1286
1902 0
1902 2
1902 32
1902 141
1902 542
1902 1995
1902 552
1902 1867
1902 414
1902 1373
1902 807
1902 1963
1902 478
1902 954
1904 0
1904 17
1904 1770
1904 1276
1904 1575
1905 0
1905 2
1905 3
1905 4
1905 209
1905 393
1905 1934
1905 630
1905 887
1905 1371
1905 1494
1905 890
1905 1919
1909 0
1909 2
1909 3
1909 4
1909 46
1909 47
1909 803
1909 934
1909 121
1909 1567
1910 0
1910 34
1910 96
1910 1193
1910 976
1910 1567
1910 523
1910 968
1911 0
1911 17
1911 21
1911 293
1911 442
1911 1677
1911 1718
1911 1878
1911 415
1911 593
1911 954
1911 631
1911 150
1911 1748
1911 733
1911 153
1911 1298
1911 449
1912 0
1912 69
1912 1798
1916 0
1916 2
1916 7
1916 31
1916 357
1916 448
1917 0
1917 2
1917 3
1917 29
1917 935
1917 375
1917 1459
1917 662
1917 1162
1917 574
1917 1947
1917 412
1917 625
1919 0
1919 2
1919 7
1919 84
1919 1813
1919 1024
1919 1876
1919 531
1919 1110
1920 0
1920 12
1920 121
1920 1386
1920 1790
1920 1757
1920 1575
1920 1438
1920 1962
1920 1081
1920 1798
1920 823
1921 0
1921 64
1921 414
1921 1600
1921 479
1921 1515
1921 427
1921 1788
1921 537
1921 1660
1926 0
1926 17
1926 147
1926 571
1926 699
1926 1516
1926 1301
1926 1520
1926 362
1926 1983
1926 856
1926 470
1928 0
1928 2
1928 3
1928 375
1928 1305
1928 1726
1928 1531
1928 993
1928 884
1928 977
1928 1447
1928 551
1928 1738
1928 351
1929 0
1929 144
1929 1383
1929 520
1929 809
1929 1109
1929 1438
1929 1396
1929 1757
1929 1059
1929 610
1929 141
1929 1248
1929 1299
1929 1151
1929 541
1930 0
1930 2
1930 3
1930 1517
1930 422
1930 816
1930 168
1930 1071
1930 733
1930 1469
1931 0
1931 2
1931 7
1934 0
1934 93
1934 1098
1934 1347
1936 0
1936 288
1936 491
1936 405
1936 1302
1936 558
1936 732
1936 536
1936 677
1936 994
1936 34
1936 1043
1936 1151
1936 968
1937 0
1937 2
1937 3
1937 4
1937 28
1937 54
1937 598
1937 1147
1939 0
1939 2
1939 3
1939 4
1939 28
1941 0
1941 2
1941 614
1942 0
1942 13
1943 0
1943 2
1943 3
1943 182
1946 0
1946 2
1946 3
1946 26
1946 797
1946 1071
1946 753
1946 1651
1946 1781
1946 549
1946 1354
1946 527
1946 165
1946 428
1946 1971
1946 1212
1947 0
1947 93
1947 188
1947 766
1947 1920
1947 1143
1949 0
1949 91
1949 1839
1949 1995
1949 4
1949 1201
1952 0
1952 2
1952 3
1952 162
1953 0
1954 0
1954 17
1954 235
1954 250
1954 593
1954 576
1954 368
1956 0
1956 2
1956 7
1956 189
1956 1086
1956 1144
1956 1245
1956 35
1956 791
1959 0
1959 2
1959 3
1959 4
1959 46
1959 47
1959 803
1959 277
1959 1580
1959 1902
1959 558
1959 1227
1959 1962
1959 1240
1959 1602
1959 1910
1959 1535
1959 1704
1962 0
1962 2
1962 7
1962 415
1962 377
1962 1782
1962 364
1962 479
1962 1293
1963 0
1963 17
1963 21
1963 614
1963 788
1963 288
1963 567
1963 1722
1963 285
1963 1479
1963 438
1963 409
1963 295
1964 0
1964 2
1964 19
1964 65
1964 1829
1964 150
1964 1870
1964 656
1964 609
1965 0
1965 2
1965 7
1965 415
1965 547
1965 1867
1965 1406
1965 1493
1967 0
1967 2
1967 7
1967 526
1967 126
1967 1501
1967 1517
1969 0
1969 69
1969 186
1969 285
1969 1088
1969 956
1969 1244
1969 244
1969 1594
1971 0
1971 2
1971 7
1971 24
1971 388
1971 1292
1971 1752
1971 1735
1971 1489
1971 755
1971 1331
1971 1928
1971 1058
1972 0
1972 75
1972 461
1972 470
1972 660
1972 974
1972 1989
1972 1656
1972 1724
1973 0
1973 2
1973 7
1973 576
1973 729
1973 691
1973 1806
1973 326
1973 1621
1973 1480
1973 1386
1973 1380
1973 705
1975 0
1975 2
1975 3
1975 222
1975 802
1975 1008
1975 1078
1975 1692
1975 547
1975 700
1975 1220
1978 0
1978 2
1978 32
1978 1644
1978 764
1978 531
1978 1920
1978 1688
1978 572
1978 494
1978 1567
1978 1596
1978 1441
1981 0
1981 64
1981 781
1981 1398
1981 167
1981 1297
1981 235
1983 0
1983 2
1983 7
1983 722
1983 309
1983 661
1983 1012
1986 0
1986 2
1986 19
1986 48
1986 81
1986 198
1986 700
1986 1283
1986 1260
1986 1973
1986 1347
1986 1032
1986 107
1986 1266
1987 0
1987 2
1987 19
1987 48
1987 81
1987 170
1987 1066
1988 0
1988 17
1988 21
1988 49
1988 220
1988 477
1989 0
1989 17
1989 542
1989 658
1989 1728
1989 31
1989 462
1989 1943
1991 0
1991 2
1991 7
1991 327
1991 1371
1994 0
1994 2
1994 3
1994 162
1994 1931
1994 1381
1994 413
1995 0
1995 2
1995 3
1995 4
1995 46
1995 47
1995 858
1995 766
1995 73
1995 59
1995 828
1995 1191
1995 1896
1996 0
1996 2
1996 19
1996 148
