0 55
0 84
0 11
0 91
0 46
1 0
1 99
1 34
1 144
1 48
1 140
1 133
1 36
1 41
1 35
1 9
1 93
1 40
1 21
1 59
1 85
1 107
1 10
1 123
1 57
1 119
1 66
1 30
1 17
1 61
1 38
1 124
1 39
1 7
1 33
1 23
1 6
1 101
1 42
1 64
1 81
1 8
1 74
1 110
1 11
2 0
2 30
2 92
2 55
2 46
2 69
2 90
2 83
2 85
2 38
2 29
2 36
2 14
2 1
2 81
2 138
2 96
2 144
2 5
2 41
2 113
2 80
3 0
3 143
3 22
3 35
3 131
3 64
3 107
3 129
3 57
3 91
3 133
3 106
3 12
3 43
3 90
3 104
3 40
3 18
3 9
3 5
3 87
3 27
3 138
3 77
3 136
3 29
3 46
4 0
4 2
4 47
4 51
4 97
4 29
4 139
4 127
4 17
4 79
4 90
4 149
4 34
4 80
4 138
4 78
4 54
4 124
4 115
4 22
4 141
4 38
5 0
5 1
5 127
5 92
5 138
5 29
5 142
5 56
5 106
5 11
5 67
5 118
5 114
5 86
5 80
5 33
5 34
5 89
5 3
5 104
5 65
5 25
5 139
5 12
5 94
5 18
6 0
6 97
6 73
6 41
6 142
6 52
6 95
6 144
6 40
6 61
6 36
6 62
6 127
6 118
6 48
6 54
6 34
6 126
6 80
6 30
6 47
6 14
6 129
6 92
6 42
6 81
7 0
7 2
7 4
7 1
7 103
7 10
7 86
7 34
7 110
7 94
7 130
7 112
7 82
8 0
8 3
8 70
8 113
8 48
8 120
8 55
8 57
8 30
8 77
8 119
9 0
9 2
9 4
9 38
9 70
9 65
9 66
9 135
9 141
9 129
9 84
9 12
9 109
10 0
10 3
10 8
10 28
10 124
10 69
10 118
10 21
10 26
10 129
10 87
10 41
10 105
10 91
10 149
11 0
11 1
11 87
11 78
11 36
11 129
11 41
11 27
11 146
11 118
11 128
11 20
11 3
11 81
11 112
11 135
11 51
11 42
11 25
12 0
12 1
12 5
12 26
12 79
12 130
12 133
12 141
12 43
12 73
12 57
12 59
12 21
12 123
12 76
12 144
13 0
13 1
13 5
13 12
13 130
13 78
13 67
13 91
13 8
14 0
14 2
14 30
14 65
14 104
14 124
14 61
14 99
14 33
14 101
14 89
14 53
14 81
14 146
14 98
14 149
14 1
14 34
14 40
14 25
14 24
14 67
15 0
15 3
15 8
15 125
15 10
15 65
15 57
15 96
15 126
15 123
15 64
15 13
16 0
16 2
16 14
16 123
16 34
16 95
16 101
16 136
16 100
16 43
16 89
16 116
16 146
16 31
16 106
16 107
16 1
16 113
16 20
16 109
16 53
16 131
16 26
16 57
16 91
16 102
17 0
17 1
17 130
17 52
17 9
17 126
17 34
17 131
17 94
17 143
17 57
17 43
17 20
17 120
17 5
17 21
17 88
17 48
17 140
17 41
17 51
17 70
17 55
17 26
17 71
17 100
17 80
17 31
17 124
18 0
18 2
18 4
18 7
18 35
18 96
18 82
18 146
18 42
18 27
18 5
18 71
18 99
18 126
18 94
18 108
18 15
18 45
18 23
18 149
18 90
18 65
20 0
20 1
20 136
20 16
20 28
20 125
20 99
20 124
20 25
20 100
20 131
21 0
21 3
21 8
21 15
21 32
21 112
21 47
21 100
21 118
21 5
21 31
21 30
21 106
21 105
21 52
21 33
21 90
21 85
21 88
21 93
21 84
22 0
22 3
22 8
22 15
22 59
22 39
22 95
22 133
22 31
23 0
23 2
23 4
23 20
23 133
23 51
23 6
23 21
23 16
23 87
23 17
23 116
23 44
23 131
23 55
23 88
23 109
23 130
23 114
23 47
23 122
23 41
23 112
24 0
24 1
24 20
24 64
24 100
24 2
24 121
24 22
24 78
24 43
24 103
24 91
24 35
24 59
24 83
24 105
24 96
25 0
25 3
25 8
25 10
25 136
25 143
25 21
25 57
25 119
25 86
25 66
25 28
25 1
25 39
25 105
25 103
25 126
25 34
25 130
25 69
25 11
25 62
25 141
25 13
25 113
25 146
25 104
25 55
26 0
26 2
26 14
26 87
26 44
26 146
26 123
26 130
26 86
26 104
26 119
26 71
26 96
27 0
27 1
27 20
27 142
27 17
27 33
27 45
27 9
27 37
27 112
27 95
27 105
27 121
27 38
28 0
28 1
28 5
28 98
28 69
28 35
28 129
29 0
29 2
29 4
29 23
29 53
29 133
29 64
29 94
29 7
29 91
29 83
29 70
29 12
29 74
29 11
29 120
29 18
29 80
29 44
30 0
30 1
30 11
30 80
30 97
30 122
30 29
30 51
30 108
30 76
30 114
30 140
30 27
30 25
30 138
30 88
30 115
30 12
30 6
30 125
30 66
30 15
30 56
31 0
31 1
31 5
31 28
31 14
31 101
31 119
31 129
31 12
31 125
31 77
31 99
31 93
31 103
31 94
31 24
31 44
31 26
31 144
31 102
32 0
32 1
32 20
32 27
32 142
32 103
32 95
32 133
32 4
32 35
32 34
32 79
32 73
32 99
32 76
32 21
32 16
32 104
32 41
32 38
32 15
32 71
32 108
33 0
33 6
33 70
33 22
33 146
33 5
33 45
33 37
33 52
33 102
33 50
33 114
33 133
33 118
33 34
33 144
33 125
33 88
33 123
33 11
33 53
33 2
34 0
34 3
34 8
34 15
34 22
34 79
34 140
34 89
34 119
34 17
35 0
35 2
35 4
35 9
35 114
35 124
35 79
35 100
35 120
35 103
35 133
35 71
35 98
35 110
35 54
35 26
35 118
35 99
35 46
35 65
35 77
35 21
35 121
35 105
36 0
36 3
36 8
36 10
36 25
36 142
36 28
36 85
36 102
36 100
36 94
36 141
36 136
36 97
36 87
36 143
36 62
36 39
36 114
36 101
36 54
36 84
36 104
36 4
36 138
36 144
36 64
36 131
36 95
36 38
36 12
36 22
36 55
36 45
36 135
36 133
36 44
36 146
36 18
36 119
36 112
37 0
37 1
37 5
37 8
37 50
37 13
37 28
37 21
37 86
37 88
37 4
37 96
37 112
37 140
37 115
37 23
37 127
37 126
37 18
37 43
37 87
37 123
37 92
37 52
37 100
38 0
38 3
38 8
38 10
38 25
38 36
38 87
38 91
38 81
38 29
38 78
38 42
38 144
38 13
38 114
38 55
38 89
38 106
38 34
38 136
38 129
38 5
38 104
38 130
38 116
39 0
39 2
39 4
39 9
39 121
39 106
39 34
39 1
39 110
39 140
39 100
39 23
39 126
39 99
39 40
39 45
39 81
39 97
39 41
39 84
39 118
39 80
39 114
39 109
39 28
39 44
39 96
40 0
40 1
40 5
40 12
40 13
41 0
41 3
41 8
41 44
41 55
41 1
41 109
41 47
41 83
41 92
41 57
41 9
41 51
42 0
42 2
42 4
42 9
42 35
42 12
42 29
42 103
42 144
42 53
42 21
42 124
42 26
42 44
42 128
43 0
43 3
43 8
43 15
43 27
43 32
43 78
43 73
43 23
43 130
43 10
43 143
43 4
43 80
43 144
43 129
43 137
43 124
43 35
44 0
44 3
44 8
44 41
44 65
44 115
44 112
44 59
45 0
45 3
45 8
45 10
45 25
45 36
45 54
45 26
45 41
45 4
45 77
45 27
45 1
45 39
45 34
45 143
45 102
45 13
45 51
45 52
45 128
45 74
46 0
46 3
46 8
46 15
46 21
46 1
46 47
46 141
46 78
46 43
46 110
46 2
46 109
46 105
46 140
46 116
46 100
46 102
46 56
46 143
46 80
46 57
46 82
46 128
46 53
46 107
47 0
47 3
47 8
47 15
47 48
47 144
47 123
47 70
47 95
47 142
47 126
47 97
47 129
47 79
47 141
47 101
47 71
47 28
47 135
48 0
48 1
48 17
48 96
48 65
48 36
48 33
48 144
48 14
48 121
48 102
48 127
48 45
48 94
48 5
48 24
48 4
48 35
48 18
48 31
48 125
48 131
48 44
48 61
48 47
48 82
48 28
48 84
48 70
50 0
50 3
50 8
50 15
50 22
50 34
50 62
50 109
50 47
50 32
50 124
50 80
51 0
51 6
51 33
51 83
51 46
51 61
51 8
51 53
51 32
51 95
51 39
51 48
51 129
52 0
52 2
52 4
52 9
52 35
52 42
52 51
52 81
52 46
52 84
52 107
53 0
53 1
53 20
53 27
53 100
53 80
53 120
53 76
53 141
53 105
53 108
53 136
53 14
53 24
53 4
53 135
53 82
53 35
53 38
53 73
53 103
53 119
53 114
53 74
53 26
53 129
53 130
53 5
53 110
53 62
53 9
53 47
53 48
53 37
53 78
54 0
54 1
54 5
54 12
54 82
54 93
54 30
54 137
54 8
54 109
54 53
54 28
54 61
54 20
54 116
54 22
54 124
54 149
54 112
55 0
55 2
55 15
55 136
55 33
55 109
55 41
55 149
55 110
55 6
55 137
55 61
55 90
55 140
55 99
55 9
55 96
55 116
55 102
55 24
56 0
56 3
56 8
56 10
56 116
56 16
56 25
56 106
56 142
56 80
56 26
56 100
56 91
56 43
56 13
56 37
56 139
56 124
56 95
56 94
57 0
57 1
57 11
57 30
57 96
57 142
57 44
57 118
57 69
57 84
57 90
57 9
57 32
57 138
59 0
59 1
59 5
59 28
59 88
59 71
59 146
59 43
59 142
59 74
59 14
59 130
59 36
59 53
59 128
59 12
59 57
59 85
59 89
61 0
61 1
61 20
61 27
61 53
61 41
61 131
61 2
61 3
61 36
61 38
61 93
61 57
61 66
61 127
61 48
61 4
61 7
62 0
62 1
62 5
62 28
62 32
62 29
62 37
62 48
62 107
62 55
62 97
62 106
62 16
62 98
62 47
62 89
62 24
62 6
62 65
62 149
62 88
62 113
62 130
62 115
62 45
62 13
62 144
62 76
62 137
62 90
62 120
62 93
62 103
62 121
62 42
62 44
62 119
62 50
62 39
64 0
64 2
64 14
64 26
64 55
64 119
64 23
64 31
64 95
64 61
64 110
64 104
64 37
64 71
64 84
64 116
64 93
64 33
64 128
64 7
64 76
65 0
65 2
65 4
65 9
65 35
65 42
65 123
65 110
65 28
65 67
65 128
65 37
65 48
65 120
65 89
65 122
65 53
66 0
66 1
66 20
66 27
66 53
66 61
66 99
66 124
66 94
66 73
66 125
66 121
66 107
66 104
66 126
66 139
66 113
66 51
66 4
66 8
66 137
66 89
67 0
67 1
67 11
67 30
67 57
67 4
67 146
67 98
67 7
67 71
67 133
67 114
67 106
67 29
67 130
67 103
67 125
67 66
67 87
67 62
67 138
67 101
67 74
67 23
67 41
67 86
67 32
67 33
67 82
67 10
67 54
67 20
67 76
67 139
67 109
67 123
67 26
67 40
67 90
67 129
67 116
67 42
67 137
67 143
67 91
67 95
67 142
67 43
67 141
67 38
67 14
69 0
69 1
69 20
69 27
69 32
69 21
69 8
69 84
69 38
69 57
69 126
69 52
69 39
69 5
69 139
69 51
69 25
69 10
69 29
69 114
69 61
69 129
69 121
69 109
69 47
69 3
69 141
69 11
70 0
70 3
70 8
70 15
70 21
70 53
70 105
70 106
70 112
70 22
70 7
70 108
70 62
70 121
70 51
70 96
70 114
70 71
70 139
70 45
70 124
70 86
70 67
70 118
70 4
70 93
70 127
70 6
70 28
70 10
70 131
70 95
70 9
70 25
70 14
70 91
70 41
70 37
70 83
70 77
71 0
71 2
71 4
71 9
71 35
71 42
71 30
71 100
71 50
71 94
71 78
71 124
71 56
71 67
71 126
71 141
71 113
71 12
71 21
71 120
73 0
73 1
73 20
73 27
73 32
73 45
73 59
73 86
73 107
73 136
73 22
73 40
73 88
73 30
73 12
74 0
74 1
74 5
74 12
74 133
74 29
74 84
74 25
74 96
74 76
74 104
74 40
74 83
74 6
74 141
74 54
74 14
74 87
74 121
74 48
74 77
74 46
74 109
74 69
74 116
74 27
74 55
74 92
76 0
76 3
76 8
76 15
76 22
76 74
76 23
76 30
76 50
76 144
76 115
76 100
76 110
76 37
76 9
76 119
76 62
77 0
77 2
77 4
77 9
77 35
77 42
77 71
77 27
77 143
77 73
77 100
77 94
77 48
77 41
77 123
77 86
77 64
78 0
78 2
78 4
78 7
78 51
78 81
78 143
78 130
78 22
78 42
78 67
78 53
78 73
78 29
78 54
78 126
78 89
78 104
78 123
78 142
79 0
79 1
79 20
79 27
79 32
79 131
79 67
79 141
79 61
79 70
79 40
79 106
79 123
79 9
79 101
79 103
79 56
79 143
79 86
79 149
79 80
79 140
79 43
79 17
79 41
79 108
79 85
79 122
80 0
80 1
80 11
80 30
80 57
80 67
80 90
80 66
80 10
80 115
80 65
80 9
80 104
80 95
80 146
80 89
80 94
80 77
80 54
80 114
80 4
80 136
80 98
81 0
81 3
81 8
81 15
81 21
81 70
81 67
81 109
81 56
81 74
81 1
81 143
81 45
81 25
81 32
81 123
81 18
81 93
81 6
81 80
81 108
81 55
81 137
81 4
81 78
81 37
81 30
81 105
81 121
81 29
81 116
81 33
81 136
81 52
81 26
81 141
81 51
81 42
81 122
81 27
82 0
82 3
82 8
82 15
82 21
82 70
82 14
82 90
82 96
82 73
82 16
82 17
82 77
82 102
82 93
82 57
82 108
82 61
82 7
82 123
82 114
82 104
82 124
82 1
82 37
82 100
83 0
83 3
83 8
83 15
83 21
83 70
83 81
84 0
84 6
84 15
84 90
84 29
84 141
84 3
84 96
84 32
84 2
84 1
84 126
84 121
84 112
84 39
84 56
84 46
84 30
84 127
84 119
84 28
84 143
85 0
85 1
85 5
85 12
85 139
85 78
85 36
85 96
85 8
85 38
85 25
85 118
85 70
85 47
85 106
86 0
86 1
86 5
86 28
86 43
86 96
86 102
86 118
86 121
87 0
87 3
87 8
87 15
87 21
87 70
87 82
87 4
87 83
87 43
87 18
87 107
87 121
87 65
87 54
87 59
87 51
87 149
87 56
88 0
88 2
88 14
88 16
88 67
88 118
88 97
88 45
88 125
88 69
88 113
88 149
88 1
88 41
88 3
88 114
88 87
88 61
88 146
88 15
88 65
89 0
89 2
89 4
89 23
89 29
89 136
89 17
89 99
89 57
89 6
89 30
89 64
89 9
89 90
89 39
89 91
89 129
89 26
89 47
89 127
89 36
89 96
89 53
89 92
89 37
89 76
90 0
90 3
90 8
90 41
90 44
90 11
90 65
90 87
90 104
90 99
90 123
91 0
91 2
91 4
91 9
91 62
91 33
91 67
91 119
91 133
91 140
91 65
91 80
91 6
91 28
92 0
92 3
92 8
92 15
92 62
92 61
92 144
92 57
92 139
92 4
92 17
92 80
92 107
92 18
92 93
92 91
92 5
93 0
93 2
93 14
93 16
93 88
93 76
93 113
93 131
93 26
93 112
93 136
93 90
93 104
93 44
93 40
93 80
93 3
93 38
93 138
93 64
93 15
93 73
93 6
93 53
93 7
93 39
93 34
93 99
93 98
93 22
94 0
94 1
94 20
94 27
94 53
94 61
94 9
94 129
94 3
94 16
94 71
94 80
94 31
94 38
94 4
94 135
95 0
95 2
95 14
95 26
95 64
95 69
95 120
95 100
95 118
95 143
95 59
95 43
95 9
95 18
95 82
95 38
95 53
95 84
95 45
95 57
95 108
95 97
95 61
95 67
95 92
95 76
96 0
96 1
96 5
96 28
96 40
96 100
96 94
96 33
96 7
96 77
96 56
96 121
96 10
96 138
96 112
96 116
96 84
96 80
96 23
96 119
96 27
96 131
96 133
97 0
97 6
97 84
97 126
97 103
97 29
97 80
97 4
97 121
97 85
97 142
97 44
97 56
97 139
97 79
97 70
97 98
97 124
97 94
97 131
97 5
97 59
97 40
97 143
97 18
97 78
97 71
97 89
97 77
97 54
97 141
98 0
98 6
98 33
98 51
99 0
99 2
99 4
99 23
99 29
99 15
99 7
99 3
99 140
99 40
99 92
99 127
99 70
99 9
99 115
99 113
99 57
99 22
99 25
99 104
99 35
99 129
99 6
99 146
99 38
99 107
100 0
100 1
100 20
100 27
100 53
100 61
100 66
100 79
100 125
100 109
100 39
100 114
100 123
100 16
100 8
100 110
100 11
100 41
100 21
100 37
100 119
100 64
100 115
100 55
101 0
101 3
101 8
101 15
101 92
101 106
101 78
101 57
101 9
101 91
101 25
101 110
101 35
102 0
102 1
102 5
102 28
102 62
102 39
102 36
102 127
102 15
102 135
102 11
102 47
102 104
102 27
102 106
102 81
102 133
102 96
102 7
102 74
102 82
102 139
102 108
102 90
103 0
103 1
103 5
103 28
103 62
103 50
103 146
103 124
103 43
103 142
103 94
103 52
103 96
103 112
103 101
103 59
103 74
103 114
103 30
103 76
104 0
104 1
104 20
104 27
104 53
104 61
104 66
104 97
104 103
104 105
104 129
104 26
104 2
104 10
104 122
104 48
104 106
104 81
104 45
104 77
104 25
104 4
104 126
104 44
104 85
104 112
104 110
104 143
104 70
105 0
105 3
105 8
105 10
105 25
105 36
105 45
105 104
105 7
105 18
105 100
105 21
105 27
105 131
105 113
105 107
105 69
105 103
105 14
105 115
105 89
105 102
105 42
105 101
105 123
105 78
105 20
105 1
105 119
105 121
105 77
105 70
106 0
106 1
106 5
106 12
106 13
106 40
106 45
106 23
106 124
106 97
106 37
106 126
106 20
106 55
106 17
106 125
106 108
106 66
106 10
106 43
106 24
106 144
106 138
106 137
106 48
106 22
106 93
107 0
107 2
107 14
107 26
107 34
107 23
107 16
107 74
107 40
107 93
108 0
108 1
108 5
108 12
108 54
108 95
108 55
108 118
108 123
108 67
108 45
109 0
109 3
109 34
109 94
109 135
109 129
109 76
109 87
109 21
109 44
109 39
109 127
109 20
109 98
109 110
109 123
109 74
109 43
109 24
109 45
109 53
109 125
109 143
109 54
109 80
109 31
109 15
109 86
109 67
109 66
109 17
109 81
109 83
110 0
110 1
110 20
110 27
110 32
110 69
110 36
110 59
110 142
110 139
110 135
110 71
110 52
110 29
110 80
110 53
110 101
110 144
110 35
110 94
110 115
110 92
110 107
110 84
110 90
110 26
110 28
110 118
112 0
112 6
112 84
112 97
112 103
112 76
112 100
112 78
112 83
112 70
112 45
112 24
112 38
112 85
112 140
112 109
112 34
112 62
112 146
113 0
113 3
113 8
113 10
113 25
113 36
113 45
113 15
113 114
113 22
113 101
113 125
113 29
113 46
113 128
113 5
113 78
113 79
113 90
113 30
113 59
113 91
113 55
113 42
113 24
113 7
113 9
114 0
114 15
114 28
114 26
114 87
114 42
114 54
114 45
114 107
114 83
114 4
115 0
115 1
115 20
115 27
115 95
115 84
115 45
115 100
115 83
115 91
115 88
115 48
115 73
115 79
115 89
115 102
115 53
115 135
115 85
116 0
116 1
116 11
116 30
116 57
116 40
116 64
116 118
116 38
116 62
116 94
116 71
116 47
116 46
116 42
116 81
116 80
116 77
116 91
116 21
116 59
118 0
118 6
118 84
118 83
118 80
118 38
118 92
118 28
118 81
118 35
118 74
118 13
118 12
118 76
118 99
118 137
118 79
118 25
118 39
119 0
119 2
119 14
119 66
119 30
119 82
119 118
119 87
119 77
119 38
119 67
119 105
119 31
119 11
120 0
120 1
120 5
120 28
120 62
120 102
120 94
120 139
120 74
120 142
120 138
120 144
121 0
121 1
121 11
121 140
121 81
121 127
121 78
121 108
121 130
121 57
121 46
121 30
121 129
121 18
121 139
121 24
121 41
121 83
121 70
121 12
121 104
121 133
121 22
121 77
121 5
121 43
122 0
122 3
122 8
122 15
122 22
122 9
122 89
122 127
122 108
122 93
122 84
122 143
122 21
122 128
122 137
122 106
122 30
122 34
123 0
123 2
123 4
123 9
123 142
123 12
123 8
123 99
123 124
123 44
123 35
123 42
123 65
123 20
123 120
123 113
123 31
123 24
123 71
123 81
124 0
124 3
124 109
124 115
124 42
124 90
124 101
124 18
124 128
124 5
124 23
124 27
124 29
124 110
124 10
124 89
124 61
124 126
124 105
124 56
124 48
125 0
125 2
125 4
125 62
125 142
125 26
125 77
125 131
125 107
126 0
126 3
126 8
126 15
126 11
126 107
126 99
126 98
126 38
126 144
126 130
126 47
126 28
126 137
126 69
126 104
126 102
126 18
126 43
126 16
126 128
126 82
126 65
126 121
127 0
127 1
127 20
127 27
127 53
127 61
127 116
127 13
127 78
127 9
127 99
127 41
127 4
127 29
127 108
127 105
127 12
127 141
127 88
127 34
127 89
127 109
127 73
127 11
128 0
128 3
128 8
128 15
128 116
128 121
128 44
128 80
128 84
128 89
128 127
128 6
128 28
128 47
128 94
128 106
128 30
128 87
128 107
128 18
128 10
128 48
128 4
128 53
128 120
128 26
128 29
129 0
129 3
129 8
129 15
129 22
129 5
129 12
129 136
129 107
129 67
129 138
129 62
129 139
129 42
129 11
130 0
130 2
130 4
130 9
130 39
130 149
130 51
130 6
130 95
130 43
130 119
130 50
130 23
130 69
130 77
130 45
130 118
130 88
130 42
130 70
130 99
130 16
130 18
130 103
130 96
130 29
130 78
130 90
130 34
130 100
130 106
131 0
131 6
131 52
131 41
131 128
131 95
131 8
131 142
131 105
131 45
131 31
131 54
131 65
131 99
131 59
131 139
131 26
131 64
131 44
131 97
131 100
131 28
131 84
131 135
131 127
131 118
131 114
131 4
131 29
131 121
131 20
131 69
131 122
133 0
133 3
133 8
133 41
135 0
135 2
135 4
135 9
135 39
135 130
135 17
135 140
135 137
135 86
135 44
135 29
135 125
135 144
135 109
135 22
135 141
135 100
135 10
135 67
135 50
135 74
135 70
135 77
135 114
135 59
135 94
135 34
135 127
135 123
135 116
135 15
135 36
135 62
135 43
136 0
136 3
136 8
136 15
136 21
136 70
136 82
136 87
136 143
136 129
136 29
136 91
136 43
136 81
136 32
136 121
136 27
136 35
136 138
137 0
137 2
137 14
137 16
137 88
137 83
137 113
137 54
137 20
137 87
137 126
137 138
137 130
137 65
137 5
137 109
137 42
137 10
137 55
137 104
137 37
138 0
138 1
138 20
138 27
138 32
138 79
138 112
138 7
138 59
138 52
138 54
138 106
138 9
138 74
138 48
138 136
138 121
138 105
138 123
138 15
139 0
139 3
139 8
139 15
139 47
139 88
139 65
139 48
139 71
139 100
139 140
139 122
139 105
139 36
139 56
139 130
140 0
140 1
140 5
140 12
140 74
140 128
140 6
140 83
140 84
140 23
140 76
140 42
140 11
140 149
140 28
140 52
140 38
140 27
140 91
140 25
140 62
140 114
140 51
140 16
140 95
140 137
140 32
140 92
140 70
140 131
141 0
141 3
141 8
141 41
141 44
141 90
141 142
141 101
141 32
141 130
141 28
141 56
141 79
141 6
141 10
142 0
142 1
142 5
142 28
142 59
142 71
142 73
142 51
142 100
142 115
142 93
142 106
142 79
142 85
142 24
142 124
143 0
143 1
143 20
143 27
143 53
143 61
143 140
143 42
143 52
143 138
143 125
143 40
143 30
143 48
143 16
143 17
143 43
143 34
143 99
143 37
143 13
143 144
143 87
143 135
143 28
144 0
144 3
144 8
144 15
144 98
144 130
144 31
144 73
144 42
144 142
144 114
144 129
144 124
144 88
144 112
144 81
144 83
144 121
144 28
144 23
144 80
144 61
144 33
144 92
144 7
144 54
144 27
144 101
144 52
144 110
144 86
144 65
146 0
146 1
146 5
146 28
146 86
146 20
146 133
146 47
146 91
146 137
146 88
146 118
146 112
146 59
146 97
146 29
146 104
146 16
146 84
146 52
146 142
146 126
146 89
146 100
146 4
146 62
146 44
146 22
146 103
146 14
146 128
146 15
146 106
146 116
146 32
146 9
146 35
146 73
149 0
149 6
149 84
149 135
149 86
149 125
149 105
149 78
149 108
149 44
149 122
149 20
149 28
149 42
149 27
149 124
149 30
149 56
149 90
149 9
149 10
149 16
149 54
149 29
149 41
149 47
