4 491
4 479
4 834
4 1322
5 4
6 3
6 1156
6 1096
6 1346
8 2
10 4
10 5
10 142
10 801
10 1099
10 1021
10 1419
11 1159
11 604
11 179
11 46
11 450
12 4
12 110
12 1221
12 333
12 1394
12 41
12 72
12 536
14 866
14 1153
14 862
14 255
14 1268
14 1422
14 1112
16 4
16 5
16 10
17 3
17 867
17 540
17 1428
17 873
19 4
20 4
20 835
20 249
21 9
21 1457
21 345
21 928
21 1270
25 3
30 4
31 2
31 8
31 1186
31 333
31 214
31 426
31 264
32 11
33 664
33 32
33 887
33 247
33 76
33 1233
33 928
33 200
33 556
33 1399
34 3
35 792
35 219
35 1362
35 986
37 33
38 2
38 412
38 1133
38 124
38 1464
38 1256
39 4
39 5
40 11
40 210
40 651
40 1420
40 1375
40 538
40 1003
41 2
41 38
41 185
41 430
41 116
41 685
42 14
42 1368
42 416
42 708
42 1056
43 2
43 8
43 862
43 1156
43 741
43 77
43 325
46 9
46 21
46 547
46 175
46 1071
49 4
49 5
49 10
49 16
49 559
49 595
51 14
51 42
51 283
51 473
52 4
52 5
52 39
53 11
55 2
55 38
55 637
55 668
55 75
55 903
55 758
55 1207
55 873
55 56
55 847
57 2
57 521
57 897
57 1315
57 639
57 1432
57 503
58 14
58 42
58 910
58 884
58 355
58 1100
59 4
59 5
59 39
59 52
59 1025
59 394
59 864
59 648
59 685
59 1034
59 556
59 835
59 10
59 1322
59 31
60 3
60 17
60 1300
60 444
60 51
60 482
60 1026
62 4
62 12
64 2
64 57
65 2
65 8
65 1098
65 1000
65 845
65 678
65 700
65 1479
65 32
65 1380
65 1332
65 1488
68 2
68 38
68 1044
68 1059
68 1386
68 1161
68 299
68 1496
68 1200
69 3
69 17
69 842
69 38
69 393
71 9
71 21
71 121
71 185
71 873
71 263
71 707
71 713
71 90
71 519
71 982
72 419
72 1156
72 1314
73 517
73 531
73 933
73 1063
73 271
75 3
75 17
75 60
75 1189
75 325
75 867
76 4
76 20
77 33
77 37
78 14
78 42
79 33
81 14
81 42
81 51
82 4
82 5
82 10
82 16
82 1394
82 558
82 1264
82 417
84 4
84 20
84 76
84 671
84 376
84 349
85 3
85 25
85 407
85 771
85 1462
85 212
85 1347
85 1108
85 881
85 1013
85 1476
85 983
85 1107
85 758
85 1446
85 910
85 878
85 337
85 1165
89 14
89 42
90 4
90 5
90 39
90 52
90 59
90 1472
90 1406
90 1311
90 1437
90 1212
90 1234
90 330
90 861
91 14
91 403
91 451
91 720
91 187
91 1048
92 671
92 866
92 1006
94 11
94 1047
94 1151
94 1411
95 4
95 5
95 10
95 16
97 566
97 667
97 1353
97 769
97 486
98 1059
98 81
98 574
98 1446
98 1497
101 4
101 5
102 1051
102 1148
102 778
102 1426
102 401
102 1479
102 535
102 612
102 363
102 642
102 59
102 1285
103 4
103 20
103 267
103 1391
103 97
103 330
103 1131
104 14
104 1488
104 1413
104 442
104 218
104 202
104 696
104 682
104 216
107 509
107 192
107 826
107 559
107 701
108 14
108 42
108 58
110 14
110 307
110 1063
110 1157
110 955
110 1238
110 1025
110 1197
112 9
113 14
113 42
114 4
114 12
114 323
114 908
114 1042
114 632
114 871
116 14
116 42
116 78
116 762
116 547
116 747
116 1026
116 110
116 486
116 865
116 258
116 371
116 573
116 84
118 2
118 381
118 43
118 220
118 1499
118 1232
118 977
118 203
118 1495
118 16
118 929
119 4
119 20
119 76
120 14
120 42
120 78
120 116
120 183
120 550
120 969
120 1352
120 73
120 951
120 168
120 406
120 1128
121 56
122 4
122 30
122 37
122 632
122 16
123 4
123 20
123 103
124 14
124 610
124 1213
124 1361
124 51
124 922
124 965
124 566
124 694
125 4
125 5
125 401
125 1422
125 853
125 673
125 421
125 844
126 2
126 8
126 1337
126 638
126 1213
127 14
127 110
127 102
127 983
127 937
127 195
127 708
127 1045
128 2
128 8
128 31
129 3
129 34
133 2
133 57
133 64
133 581
133 215
133 1316
133 1349
133 155
135 2
135 8
135 43
137 2
137 38
137 55
137 149
137 466
137 95
137 210
137 783
138 14
138 42
138 78
139 14
139 124
141 4
141 5
141 10
142 2
142 8
143 4
143 12
143 62
143 35
143 912
143 909
143 880
143 966
144 33
144 37
149 4
149 5
149 10
151 4
151 19
151 239
151 1430
151 1445
153 148
153 1207
153 573
154 102
154 715
154 636
154 1090
154 1156
154 920
154 1161
154 998
154 627
154 516
155 2
155 8
158 2
158 38
158 68
159 11
159 94
161 2
161 8
161 31
161 128
161 121
161 248
162 97
163 14
163 42
163 89
163 822
163 103
163 1332
164 4
164 747
164 684
164 418
164 1324
164 1102
164 617
164 1106
164 1213
164 769
164 1219
164 233
164 1085
164 151
164 1122
164 136
165 2
165 38
165 68
165 158
165 290
165 1362
165 1382
166 2
166 38
166 68
166 158
166 165
168 2
168 8
168 869
168 126
168 294
168 844
168 1222
168 573
171 2
171 8
171 43
171 135
171 842
171 626
171 1006
171 1260
172 14
173 2
173 38
173 68
173 158
173 165
173 422
173 1042
173 247
173 778
173 346
174 2
174 8
174 31
174 1362
174 1211
174 789
174 678
174 725
174 947
174 432
175 3
175 34
175 129
175 877
178 11
178 1316
178 550
178 401
178 868
179 35
179 385
179 964
179 33
179 956
179 826
179 430
180 4
180 19
180 151
180 865
180 1458
180 376
180 507
180 1010
180 1159
180 1302
182 3
182 17
182 60
182 540
182 551
182 46
183 4
183 5
183 39
183 52
183 59
183 90
185 14
187 14
187 104
187 1296
187 1248
187 94
187 1270
187 1332
187 1041
187 903
187 835
189 3
189 34
189 627
189 929
189 1335
189 331
189 443
189 323
192 11
193 2
193 8
193 31
193 128
194 4
194 5
194 39
195 4
195 5
195 10
195 141
196 56
196 121
196 139
196 472
196 406
197 56
197 76
197 587
197 82
197 478
198 33
198 37
198 77
198 801
198 1496
198 383
198 1011
198 189
198 1267
200 160
201 14
201 642
201 1100
201 1136
201 1025
201 179
202 4
202 5
202 10
202 16
202 1113
202 126
202 568
202 129
203 14
204 14
204 42
204 78
204 116
204 120
205 2
205 38
205 782
205 1010
205 1247
205 1076
205 218
205 1163
205 778
205 1047
209 160
209 200
209 711
209 1022
209 1018
210 4
210 19
210 125
210 877
210 173
210 155
210 1464
212 56
212 238
212 1018
212 1202
212 420
212 741
212 1225
212 758
212 770
212 988
212 1113
212 33
212 542
212 370
212 121
212 407
212 313
212 1201
213 14
213 42
213 51
213 81
214 14
214 42
214 113
215 2
215 8
215 155
216 9
216 587
216 151
216 1296
216 831
216 1218
218 107
218 331
218 1170
219 2
219 8
219 31
220 4
220 5
220 39
220 52
220 59
220 90
220 183
220 198
220 296
220 340
220 688
222 3
222 6
222 1201
222 143
222 527
223 11
223 40
223 570
223 171
223 1425
223 1474
223 1160
226 160
226 1159
226 616
226 493
226 385
226 1184
226 796
226 736
226 1430
226 1013
226 1346
226 600
227 2
227 38
227 41
227 12
227 37
227 849
227 1456
228 35
228 179
233 11
233 94
233 316
233 688
233 1176
233 792
233 35
233 603
233 548
233 977
233 426
234 14
234 42
234 113
236 14
236 42
236 1382
236 141
236 1211
236 466
238 11
238 1324
238 1003
238 162
238 432
238 1154
238 386
238 340
239 14
239 42
239 58
239 108
241 56
242 11
242 94
242 336
242 258
242 335
242 40
242 1175
242 460
242 34
242 351
242 707
242 626
242 294
242 1160
242 675
242 1185
243 2
243 283
243 953
243 694
243 173
243 1057
244 2
244 8
244 31
244 219
246 4
246 5
246 10
247 2
247 57
247 249
247 796
247 89
247 1133
247 966
247 1296
247 849
247 1381
248 14
248 42
248 78
248 138
248 845
248 691
248 1094
248 538
248 692
249 3
249 17
249 69
249 922
249 222
249 97
249 675
250 4
250 5
250 10
250 246
250 865
250 725
250 113
250 1434
250 142
253 33
253 37
253 77
253 656
253 79
253 735
254 4
254 12
254 238
254 746
254 352
254 1347
254 370
255 33
255 37
255 31
255 72
255 819
255 727
255 1154
257 160
257 200
257 209
257 413
257 421
257 113
257 488
257 1056
258 4
258 5
258 10
258 16
259 33
259 37
259 255
259 405
259 1211
259 458
259 908
259 693
259 1270
259 926
262 2
262 38
262 68
262 158
262 165
263 11
264 11
264 53
264 121
264 992
264 1190
264 65
264 1414
264 158
264 1238
264 371
264 1374
264 528
265 4
265 20
265 76
265 119
267 3
267 6
270 3
270 17
270 69
271 2
271 38
271 41
271 227
271 250
271 514
271 42
271 325
271 64
272 4
272 20
272 76
272 119
272 265
274 4
274 12
274 254
274 1483
274 386
274 899
274 466
274 1075
274 1391
274 1062
274 160
274 6
275 33
275 37
275 77
275 880
275 1049
275 1447
275 356
276 4
276 19
276 151
276 173
276 1201
276 1185
276 118
276 386
276 920
276 389
276 359
276 202
276 274
276 1365
276 162
276 1090
276 818
277 107
278 4
278 12
278 254
278 274
278 1131
278 816
278 763
278 843
278 953
280 14
280 110
280 127
281 97
282 102
283 4
283 5
285 102
285 154
285 831
285 1259
285 929
285 1075
285 507
285 1128
285 755
285 1034
285 1175
285 78
285 864
285 1232
286 14
287 33
287 37
287 77
287 198
287 943
287 521
287 1157
287 1055
287 544
288 3
288 34
288 189
289 2
289 38
289 55
289 137
290 4
290 20
290 76
290 119
290 265
290 272
290 183
290 1206
290 243
290 764
290 359
291 4
291 12
291 62
291 609
291 370
291 171
291 558
292 4
292 20
292 76
292 84
293 4
293 5
293 10
293 141
293 195
293 690
293 1243
293 331
293 1091
293 1422
294 72
294 892
294 91
294 46
295 4
295 5
295 10
295 141
295 195
295 293
296 35
296 179
296 65
296 592
296 957
296 947
296 351
297 33
297 37
297 144
297 1450
297 1170
297 738
297 526
297 1209
297 532
297 715
297 753
297 661
297 250
297 193
297 1038
299 35
299 179
299 1484
299 19
299 1117
300 56
300 651
300 468
300 367
300 182
301 290
301 1302
301 1021
302 11
302 238
303 33
303 37
303 144
305 102
305 154
305 104
305 824
305 34
306 3
306 6
306 1422
306 430
306 692
306 381
307 4
307 12
307 1463
307 328
307 357
307 126
309 14
309 172
309 908
309 1357
309 1465
309 1383
309 330
309 681
310 2
310 38
310 41
311 14
311 42
311 58
311 108
311 239
311 287
311 923
311 1164
311 1121
312 11
312 53
313 160
313 200
313 209
313 257
313 1460
313 1212
313 1267
313 1231
313 1218
313 1424
313 358
313 1071
313 488
313 1389
313 1496
313 171
314 2
314 8
314 126
314 1008
314 1152
316 14
316 42
316 78
316 116
316 120
317 3
317 25
321 11
321 94
321 309
321 1361
321 417
323 56
323 197
324 2
324 38
325 4
325 5
325 125
326 11
326 840
326 1394
326 1362
326 3
328 3
328 17
328 69
328 249
328 1497
328 1416
328 947
328 1170
328 495
328 738
328 365
328 14
328 174
328 1495
328 1365
328 1048
328 364
328 477
328 897
328 250
328 1395
329 56
329 241
330 11
330 178
331 4
331 20
331 76
332 33
332 37
332 77
332 275
332 740
332 89
332 1369
332 972
332 1129
332 787
333 11
333 32
334 9
334 112
334 296
334 922
334 270
334 294
334 1440
335 163
335 1084
335 669
335 311
335 444
335 571
335 931
335 347
335 882
335 760
335 65
335 1389
336 4
336 12
337 4
337 5
337 39
337 52
337 59
339 107
339 218
340 33
340 37
340 255
342 3
342 17
342 60
342 1105
342 1063
342 581
342 1122
342 583
345 3
345 34
345 129
345 175
345 944
345 1499
345 608
346 72
346 1414
346 573
346 738
346 374
346 418
346 179
346 1001
346 209
347 11
347 1313
347 783
347 441
347 820
347 378
347 976
347 806
347 1079
347 1449
347 778
347 1330
349 2
349 38
349 41
350 14
350 110
351 9
351 112
351 334
351 1290
351 896
351 445
351 1384
351 102
351 155
351 878
351 1166
351 551
351 172
352 14
352 42
352 78
352 116
353 14
353 201
353 837
353 1001
353 832
353 516
355 4
355 12
355 336
356 160
356 200
356 209
357 2
357 57
357 162
357 302
357 1003
358 4
358 20
358 76
358 119
359 4
359 19
359 151
359 180
360 2
360 586
361 56
361 197
361 323
363 9
363 112
364 2
364 57
364 247
365 3
365 6
365 303
365 595
365 794
365 223
365 799
365 405
365 679
365 178
365 2
365 222
365 31
365 1122
365 271
365 1150
365 1391
365 1056
365 489
367 2
367 8
367 31
367 128
367 161
367 226
367 1440
367 836
367 1138
368 4
368 5
368 10
368 246
368 250
368 1292
368 340
368 218
368 1120
368 1045
368 903
368 51
368 30
370 4
370 12
370 254
370 274
370 278
371 2
371 38
371 55
371 137
371 1472
371 1399
371 1071
371 976
372 2
372 38
372 41
372 227
372 1434
372 118
372 1217
372 1463
373 2
373 8
373 155
373 215
373 17
373 1270
373 1193
373 573
374 72
374 346
375 9
375 112
375 610
375 205
375 1475
375 5
375 1403
375 1181
375 899
376 4
376 5
376 39
376 52
376 1357
376 926
377 11
377 53
377 312
377 639
377 1047
377 433
378 14
378 110
378 3
378 985
378 10
378 1238
379 2
379 57
379 247
379 364
379 517
379 676
379 393
379 789
381 11
381 53
383 2
383 57
383 247
384 102
384 1407
384 546
384 1052
384 335
384 899
384 288
385 11
385 40
385 795
385 881
385 290
385 741
385 219
386 4
386 5
386 283
388 14
388 110
389 4
389 5
389 39
389 52
389 59
389 90
392 11
392 347
393 14
393 110
393 378
393 1383
393 549
393 458
393 851
394 160
394 200
394 209
394 257
394 313
396 160
396 226
397 11
397 94
397 242
397 1475
397 656
397 314
397 1051
397 425
397 1071
397 634
400 2
400 38
400 68
400 158
400 165
400 173
400 214
400 777
400 79
400 1348
401 2
401 38
401 68
401 158
401 165
401 262
403 11
403 94
403 512
403 244
403 78
403 881
403 669
405 2
405 38
405 55
405 137
405 371
406 2
406 118
407 4
407 164
407 25
407 1340
407 485
407 897
409 14
409 42
409 78
409 138
409 248
409 205
409 376
409 1205
409 77
409 820
409 418
410 4
410 19
410 210
410 1384
410 1380
410 1062
410 1311
410 1329
410 68
410 801
410 426
410 1338
412 3
412 34
412 129
413 33
413 37
413 77
413 275
413 332
415 3
415 17
415 1128
415 579
415 752
415 888
415 568
415 680
415 1347
415 1085
416 4
416 19
416 151
416 180
416 1010
416 939
416 758
416 285
417 11
417 1010
417 521
417 661
417 1113
418 9
418 21
418 1357
418 253
418 193
419 14
419 104
420 11
420 238
421 11
421 94
421 233
421 1256
421 358
421 604
421 422
421 578
421 1117
421 1463
421 1197
422 9
422 112
422 334
422 351
422 501
422 604
422 159
423 11
423 754
423 494
423 895
423 679
423 559
423 591
423 466
423 38
423 72
423 1148
425 35
425 179
425 296
426 2
426 57
426 64
427 3
427 17
427 69
427 249
427 328
427 865
427 108
427 883
427 1280
428 4
428 5
428 10
428 16
428 82
428 557
428 406
428 590
428 951
429 2
429 8
429 31
429 128
429 193
430 4
430 20
430 76
430 119
432 56
432 1477
432 905
432 1084
432 1303
432 579
432 409
432 1195
432 215
433 4
433 5
433 39
433 52
433 59
433 90
440 9
440 112
440 334
440 351
440 422
440 278
440 1460
440 1334
440 1415
440 241
440 547
440 82
440 1328
440 785
440 737
440 1458
440 711
440 951
440 325
440 1008
440 1340
441 4
441 12
441 62
442 4
442 20
443 14
443 104
443 187
444 9
444 21
444 46
445 3
445 25
445 1013
445 264
445 296
446 14
446 42
446 78
446 138
446 248
446 409
446 1385
446 1194
446 393
447 160
447 200
447 209
447 1060
447 931
447 127
447 458
447 1186
450 107
450 218
451 2
451 38
451 68
451 797
451 307
451 822
451 326
451 276
453 2
453 8
453 31
453 128
453 161
453 367
453 955
453 25
453 451
453 771
456 14
456 201
456 717
456 4
456 923
456 444
458 97
458 189
459 14
459 42
459 58
459 108
459 239
459 1049
459 665
459 301
459 1253
460 160
460 226
460 396
460 1153
460 113
460 1139
463 148
463 153
464 11
464 94
466 2
466 8
466 31
466 128
466 193
466 413
466 1457
466 25
466 1368
466 447
466 646
468 4
468 20
468 76
468 331
470 2
470 8
470 126
470 943
470 1054
470 101
470 238
472 4
472 5
472 10
472 141
472 195
472 293
473 4
473 20
473 103
473 123
473 922
473 1081
473 527
473 1432
474 3
474 34
474 129
474 175
475 2
475 493
475 783
475 1324
477 56
477 121
477 1361
477 333
478 14
478 201
478 1362
479 805
479 615
479 499
479 68
479 741
479 85
479 168
479 234
479 2
479 799
479 60
479 561
479 1218
480 107
480 277
480 920
480 1117
480 541
480 617
480 368
480 1222
480 1056
480 101
480 1249
480 697
482 2
482 38
482 324
484 14
484 42
484 89
485 9
485 112
485 334
486 4
486 5
486 39
486 52
486 59
486 90
486 389
488 4
488 20
488 76
488 119
488 559
488 507
488 139
488 1238
489 160
489 226
489 396
489 794
489 700
489 379
489 674
491 33
491 37
491 77
491 198
491 287
491 324
491 989
491 317
491 1464
493 4
493 5
493 10
493 246
493 250
493 685
493 795
493 203
493 1065
493 788
493 567
493 909
493 1094
493 161
494 2
494 8
494 126
495 14
495 42
495 113
498 107
498 277
498 897
498 89
498 949
498 1355
498 248
498 789
498 139
498 1342
498 883
499 4
499 12
499 1475
500 2
500 38
500 68
500 158
500 1003
501 4
501 5
501 283
501 1470
501 337
501 1204
501 218
503 2
503 8
503 31
503 128
503 193
503 429
506 2
506 38
506 41
506 432
506 77
506 920
506 1472
506 516
506 574
506 367
506 331
507 2
507 38
507 41
507 506
507 736
507 1081
507 21
507 993
507 1366
507 638
507 1210
507 143
507 201
507 1314
507 715
509 11
509 53
509 264
509 73
509 69
509 826
509 57
509 615
509 1391
509 557
509 778
509 746
512 11
512 192
512 216
512 998
512 1316
512 195
512 1038
512 413
512 1280
514 14
514 42
514 506
514 839
514 548
514 69
515 2
515 57
515 64
515 426
515 911
515 192
515 1043
515 1065
515 1122
516 4
516 12
516 62
516 291
516 1305
516 1202
516 365
516 768
516 820
516 1456
516 450
516 57
517 2
517 1331
517 1496
518 56
519 33
519 37
519 77
519 622
519 922
520 4
520 20
520 76
520 84
521 4
521 19
521 807
521 189
521 883
521 1235
521 1209
521 1253
521 84
522 2
522 38
522 791
522 349
522 822
523 4
523 5
523 39
523 52
523 59
523 90
523 433
524 4
524 5
524 39
524 52
524 59
524 90
524 433
524 523
524 998
524 107
524 1105
526 3
526 17
526 60
526 342
527 56
528 9
528 21
528 46
531 2
531 57
531 247
531 364
531 1190
531 1315
531 517
531 1362
531 1428
531 679
531 548
531 1451
531 600
531 1037
532 148
532 955
532 239
532 925
532 460
532 559
533 4
533 5
533 39
533 52
533 59
534 2
534 8
534 425
534 964
534 929
534 1494
534 557
534 309
534 741
534 796
534 58
534 136
534 1436
534 1431
534 1110
534 468
534 535
535 4
535 12
535 336
535 964
535 1211
535 1205
535 1048
535 1452
536 11
536 777
536 272
536 1253
536 401
536 295
538 3
538 17
538 69
538 444
538 740
540 4
540 5
540 39
540 227
540 763
540 154
540 1475
540 475
541 4
541 5
541 39
541 52
541 59
541 337
541 254
541 801
541 1076
541 1316
542 14
542 104
544 3
544 34
546 2
546 8
546 168
546 357
546 840
546 297
547 11
547 265
547 46
548 102
548 384
548 590
548 1385
548 9
549 2
549 8
549 65
549 501
549 450
549 182
550 2
550 8
550 155
551 11
551 94
551 242
551 956
551 329
551 567
551 1232
551 396
551 372
551 142
551 124
551 282
551 301
551 417
556 2
556 8
556 31
556 128
556 193
556 429
556 503
557 4
557 20
557 76
557 119
558 33
559 72
559 506
559 1046
559 52
559 737
559 523
559 65
559 573
561 14
561 42
561 58
561 108
561 239
564 56
564 121
564 196
564 617
564 636
564 51
564 302
564 672
566 14
566 110
566 350
566 377
566 871
566 351
566 1084
566 174
567 148
567 153
567 463
567 1224
567 694
568 2
568 8
568 168
568 546
568 1186
568 1175
570 2
570 8
570 31
570 219
570 1233
570 558
570 1051
570 1022
570 1136
570 1190
570 1155
570 548
570 638
571 2
571 8
571 31
571 1067
571 56
571 46
571 1194
571 166
571 94
571 862
573 11
574 2
574 8
574 126
575 14
575 286
575 619
575 688
575 102
575 1434
575 570
575 1474
575 418
575 336
575 839
575 1325
575 214
575 299
575 1185
575 933
575 1330
578 4
578 12
578 254
578 274
578 278
578 1391
578 583
578 459
578 370
579 14
579 42
579 51
579 1066
581 2
581 8
581 31
582 513
583 4
583 5
583 10
583 246
583 250
586 14
586 42
586 113
586 679
586 383
586 1060
586 578
587 14
587 42
587 78
587 138
588 14
588 42
588 293
588 294
588 144
588 976
588 1485
588 784
589 148
589 153
589 1285
589 831
589 275
589 367
589 42
589 149
589 675
590 4
590 30
591 14
591 42
591 78
591 116
591 352
591 82
591 409
591 908
591 49
591 834
592 2
592 38
592 55
592 137
592 371
592 301
592 864
592 1428
592 1234
592 792
593 2
593 38
593 55
593 1207
593 1463
593 295
593 1043
593 892
593 1059
593 35
593 1214
593 1084
593 859
593 14
595 11
595 192
597 160
597 200
597 209
597 257
597 1474
597 1335
597 667
597 1337
600 14
600 42
600 113
600 586
600 588
600 386
600 323
600 840
600 254
600 914
600 1153
600 772
600 450
600 244
600 59
600 1378
603 14
604 2
604 8
604 168
604 178
604 1075
604 1434
605 4
606 107
606 218
606 272
606 1391
606 445
606 459
608 4
608 5
608 10
608 246
608 250
608 493
608 335
608 1159
608 351
608 201
609 4
609 20
609 76
609 119
609 430
609 92
609 125
609 94
609 194
609 965
610 4
610 12
610 254
610 1357
610 1346
610 1168
610 365
610 840
610 609
612 3
612 6
612 222
612 768
612 383
612 1331
612 790
612 361
612 76
613 2
613 57
613 64
615 14
615 42
615 78
615 116
615 352
615 591
616 14
616 172
616 1375
616 11
616 159
616 842
617 2
617 38
617 68
617 158
617 165
617 166
617 1266
617 941
617 571
617 876
617 164
617 835
617 903
617 1324
617 1025
619 2
619 8
619 65
622 3
622 34
622 129
622 175
622 474
622 771
622 459
622 265
622 1320
622 784
625 102
625 154
625 305
626 102
626 154
626 1131
626 969
626 62
626 582
626 1450
626 474
627 2
627 57
627 64
627 426
627 1473
627 263
627 1235
627 609
629 2
629 38
629 1495
629 160
629 378
629 755
629 149
629 955
629 222
629 805
634 3
634 6
634 222
634 1252
634 394
634 271
634 746
634 370
636 4
636 5
636 283
636 386
637 14
637 42
637 58
637 1121
637 202
637 1279
637 267
637 556
637 262
637 842
638 9
638 112
638 334
639 4
639 12
639 62
639 441
639 121
639 1153
640 4
640 5
640 39
640 52
640 59
640 90
640 183
642 4
642 5
642 39
642 52
642 376
642 1399
642 1166
642 561
642 38
642 824
646 14
646 201
646 478
646 1296
646 185
646 1035
646 583
646 108
648 14
648 124
648 68
648 239
651 14
651 110
653 14
653 42
653 78
653 116
653 352
653 1131
653 903
653 203
653 1403
653 77
653 747
653 872
654 14
654 203
654 556
654 651
654 746
654 775
654 683
656 56
656 432
657 2
657 8
657 31
657 128
657 161
658 9
658 112
658 334
658 351
658 422
658 440
658 77
658 323
661 11
661 417
661 711
661 591
661 532
661 842
664 2
664 38
664 41
664 506
664 507
664 447
664 1030
664 311
664 1315
664 440
664 923
664 613
664 52
664 871
664 876
664 1081
664 20
664 1231
664 1184
665 3
665 17
665 415
667 14
667 42
667 113
667 234
667 791
667 267
667 590
667 1324
667 1482
667 1136
667 849
667 333
667 546
667 275
667 746
667 388
668 2
668 8
668 43
668 135
668 826
668 830
668 1431
668 1381
668 661
669 1406
669 16
669 459
669 198
669 834
669 697
670 33
670 37
670 77
670 198
670 287
671 4
671 20
671 76
671 84
672 4
672 20
672 76
672 119
672 265
672 272
672 551
672 267
673 14
673 110
673 1175
673 1139
673 501
673 1462
674 4
674 5
674 283
675 2
675 8
675 31
675 571
676 14
676 313
676 303
676 1121
676 305
676 427
676 637
676 1485
676 1362
676 1440
676 367
676 311
676 1320
676 1342
676 189
676 1011
676 357
678 160
679 2
679 38
679 68
679 158
679 165
679 262
679 401
680 72
680 294
680 1368
680 274
680 1181
680 409
681 2
681 8
681 534
681 758
682 3
682 6
682 306
683 14
683 42
683 78
683 116
683 120
683 316
684 35
684 1116
684 1235
684 869
684 468
684 1079
685 4
685 5
685 10
685 141
685 195
685 293
685 46
685 1182
685 148
685 657
685 753
685 1047
685 486
688 14
688 124
689 4
689 5
689 39
689 52
689 205
689 550
689 413
689 592
689 294
689 929
689 418
689 845
689 246
689 238
690 4
690 20
690 442
690 275
690 1150
690 1074
690 724
691 2
691 8
691 31
691 128
691 193
691 1447
691 1014
691 842
692 2
692 8
692 31
692 128
692 193
692 429
692 503
692 556
693 11
693 53
694 9
694 112
694 363
694 287
694 758
694 513
696 2
696 8
696 31
696 128
696 193
696 950
696 500
696 613
697 9
697 21
698 3
698 34
698 360
698 1064
698 355
698 1046
698 1219
698 731
698 464
700 56
701 14
701 124
701 648
701 1222
701 1113
701 771
701 1477
704 11
704 94
704 242
704 1205
704 153
704 1192
704 799
704 301
704 656
704 1357
704 503
704 648
704 589
704 1400
707 33
707 37
707 77
708 97
709 4
709 20
709 215
709 779
709 962
709 911
709 1449
711 14
711 124
711 400
711 373
711 233
711 108
712 4
712 19
712 151
713 107
713 218
713 339
713 637
713 1256
713 951
713 425
713 522
713 1433
715 14
715 42
715 58
715 637
715 574
715 957
715 1280
715 1224
715 418
715 1433
715 929
715 782
715 517
715 367
717 2
717 38
718 4
718 20
718 1030
718 551
718 323
718 755
718 433
718 804
718 421
718 1106
718 711
718 1010
718 40
720 56
720 121
720 196
720 741
720 939
720 574
722 14
722 42
722 113
722 495
723 3
723 34
723 129
723 175
723 345
724 160
724 226
725 2
725 8
725 43
725 787
725 37
725 1062
725 503
727 4
727 5
727 283
727 674
727 517
727 406
727 678
727 183
727 773
728 2
728 8
728 31
728 128
728 193
728 691
728 651
728 423
728 1313
728 566
728 113
728 957
728 1212
728 1110
728 712
728 583
728 920
728 765
728 612
729 102
729 154
729 1081
729 76
729 1154
729 540
729 4
729 59
731 4
731 1001
731 418
731 1122
733 4
733 20
733 718
733 1204
733 1008
733 250
733 834
733 1258
733 166
733 81
733 222
733 1168
733 335
735 11
735 178
735 330
735 400
735 833
735 1064
735 1383
735 845
735 72
735 1213
735 1333
736 4
736 12
736 62
737 2
737 8
737 31
737 128
737 193
737 696
737 160
737 154
737 409
737 1475
738 14
738 110
738 127
740 4
740 12
740 254
740 274
741 4
741 897
741 689
741 173
741 442
741 218
741 253
743 9
746 3
746 34
746 129
746 175
747 4
747 20
747 76
747 119
747 265
747 272
747 290
752 33
752 37
752 255
752 340
753 4
753 19
753 210
753 410
754 2
754 57
754 64
754 426
754 515
754 356
754 1382
754 685
755 107
755 277
755 480
755 446
755 444
755 1411
757 97
757 129
757 665
757 792
757 522
757 376
757 432
757 48
757 1148
757 809
757 939
757 595
757 753
757 68
757 365
757 1069
758 2
758 8
758 31
758 571
758 675
758 307
758 60
758 862
758 274
759 2
759 8
759 126
759 470
759 257
759 400
759 120
759 1238
759 1029
759 778
759 1014
759 484
759 110
760 148
760 153
761 2
761 57
761 123
761 30
761 777
761 1467
761 363
761 192
761 226
761 332
762 72
762 294
762 1221
762 514
762 986
762 1007
762 1258
762 815
762 964
762 300
762 159
762 331
762 956
763 3
763 34
763 129
763 175
763 746
763 859
763 89
763 1382
763 49
764 11
764 347
764 392
764 1259
764 488
764 122
764 797
765 4
765 19
765 151
765 180
765 359
768 4
768 20
768 76
768 119
768 913
768 409
768 1362
768 379
769 4
769 5
769 10
769 141
769 381
769 8
769 1238
769 64
770 11
770 417
771 2
771 8
771 31
771 128
771 1235
771 1143
771 947
771 1156
771 1456
772 9
772 112
772 334
772 820
772 866
772 625
772 768
772 1181
772 233
772 1013
773 2
773 38
773 41
773 227
773 271
773 445
773 889
773 1386
775 4
775 5
775 39
775 540
775 1309
775 949
775 336
775 212
775 570
775 277
775 394
775 307
777 4
777 5
777 39
777 52
777 376
778 160
778 226
779 56
782 4
782 20
782 442
782 1209
782 947
782 417
782 673
782 1496
782 704
782 957
782 306
782 683
782 1475
783 14
783 42
783 78
783 116
783 352
783 591
784 2
784 38
784 68
784 158
784 165
784 166
785 33
785 37
785 77
785 707
785 104
785 527
785 1051
785 17
785 690
787 3
787 17
787 69
787 988
787 328
787 1206
787 1143
787 1300
787 587
788 9
788 112
788 334
789 4
789 20
789 718
789 733
789 680
789 479
789 346
789 1243
790 14
790 42
790 113
790 234
790 667
791 2
791 8
791 31
791 128
791 830
791 960
791 757
791 1328
791 889
792 2
792 517
794 11
794 463
794 351
794 1115
795 9
795 21
795 418
795 1066
795 1419
795 458
795 1360
795 685
795 12
795 114
795 121
795 604
796 4
796 12
796 254
796 274
796 1431
796 728
796 418
796 1193
796 657
797 2
797 38
797 41
797 506
797 507
797 664
797 10
797 1159
797 300
797 790
797 91
797 48
797 486
797 1337
797 1445
797 1437
797 928
797 11
799 2
799 8
799 31
799 128
800 3
800 34
800 129
800 175
800 123
800 1004
800 313
800 297
800 1161
800 733
804 4
804 5
804 39
804 52
804 59
804 90
804 389
804 486
804 375
804 196
804 1499
804 661
805 33
805 37
805 255
805 259
805 1467
805 339
805 691
805 270
806 4
806 5
806 101
806 331
806 931
806 113
806 459
807 335
809 11
809 53
815 14
815 42
815 58
815 108
816 4
816 5
816 10
816 16
816 82
819 2
819 8
819 31
819 128
819 193
819 696
819 300
819 1374
819 772
819 715
820 3
820 17
820 250
820 1054
820 1485
820 302
820 698
820 239
820 1395
820 238
820 1464
820 785
820 183
820 1361
822 2
822 38
822 55
822 137
822 289
822 801
822 746
822 870
822 691
822 422
822 590
822 789
822 1108
822 280
824 2
824 8
824 168
824 1311
824 441
824 328
824 353
824 849
824 674
824 33
824 204
824 384
824 627
826 4
826 19
826 521
826 138
826 998
826 916
830 11
830 53
831 33
831 37
831 144
831 303
831 428
831 1181
831 1425
831 807
831 779
832 92
832 737
832 910
832 453
832 1209
832 729
832 1045
832 278
832 178
832 696
833 11
833 192
833 595
834 160
834 226
834 778
834 1375
834 616
834 347
834 72
834 196
834 836
834 684
835 4
835 12
835 336
835 535
835 172
835 637
835 1192
835 918
835 413
835 192
835 137
835 1209
836 14
836 110
836 378
836 393
837 2
837 8
837 168
837 824
837 1075
837 1178
837 842
837 1275
837 214
837 226
837 1094
837 667
837 661
837 1206
837 929
840 2
840 8
840 31
840 128
840 799
841 2
841 38
842 33
842 37
842 77
842 707
842 785
842 1233
842 1166
842 1329
843 11
843 192
844 2
844 8
844 31
844 128
844 799
845 4
845 5
845 39
845 52
845 59
845 90
847 4
847 12
847 254
847 274
847 760
847 201
847 762
848 14
848 203
848 1133
848 1494
848 1385
849 33
849 37
849 255
849 340
849 752
849 168
849 1013
849 1260
849 519
849 986
849 444
851 4
851 5
851 101
851 806
851 689
851 1233
851 258
851 707
853 11
853 178
853 330
859 2
859 38
859 68
859 158
859 165
859 262
859 401
859 887
859 1081
859 865
859 651
859 1218
859 923
859 1005
861 4
861 5
861 39
862 2
862 8
862 168
862 824
862 837
862 1193
862 296
862 1081
864 4
864 12
864 244
864 772
864 600
864 787
865 2
865 38
865 68
865 158
865 165
865 262
865 401
865 679
866 2
866 8
866 1432
866 351
867 4
867 30
868 2
868 8
868 155
868 215
868 373
869 4
869 30
870 14
870 42
870 51
870 579
870 889
870 893
871 669
871 1026
871 613
871 806
871 91
871 874
872 14
872 42
872 236
872 1430
872 62
872 413
872 1148
873 818
873 335
873 957
873 1344
873 294
873 234
873 609
874 14
874 203
874 654
876 839
876 941
876 358
876 1110
876 302
876 741
877 14
877 42
877 89
877 163
877 1492
877 412
877 947
877 1067
878 1182
878 501
878 475
878 1309
878 637
878 1364
880 2
880 118
880 1479
880 312
880 1484
880 993
881 2
881 8
881 168
881 824
881 837
881 688
881 1181
881 1200
881 303
882 4
882 5
882 10
882 16
882 82
882 355
882 46
883 11
883 40
883 1436
883 78
883 285
883 966
884 107
884 218
887 14
887 104
887 419
887 1381
887 288
887 25
887 973
888 2
888 8
888 126
888 574
889 35
889 179
889 296
889 1151
889 280
889 1333
889 78
889 1260
889 590
889 993
889 943
889 769
889 307
892 14
892 42
892 78
892 138
892 248
892 409
892 446
892 363
892 325
892 310
893 4
893 20
893 76
893 84
893 840
893 1488
893 979
893 172
894 2
894 8
894 43
894 103
894 1433
894 1131
894 882
894 164
894 250
894 33
894 867
894 1430
895 4
895 12
895 62
895 143
895 1332
895 81
895 532
895 473
895 1353
895 118
895 597
895 198
895 531
895 1060
895 522
896 33
896 37
896 77
896 198
896 287
896 491
896 418
896 849
896 459
896 822
896 192
896 73
896 658
896 801
896 1069
896 321
896 1154
896 1155
897 4
897 12
897 254
897 274
897 278
897 578
897 64
897 636
897 516
897 92
897 75
897 1156
899 11
899 417
899 770
899 78
899 731
899 428
903 14
903 185
903 570
903 524
903 882
903 927
903 1292
903 426
903 178
903 740
905 2
905 38
905 68
905 158
905 165
905 173
906 2
906 38
906 68
906 158
906 165
906 173
906 905
907 2
907 8
907 142
908 4
908 12
908 62
908 143
908 894
908 1164
908 1078
909 2
909 38
909 68
909 158
909 165
909 262
909 1071
909 55
909 653
909 95
909 515
909 247
909 1274
909 1224
910 2
910 118
910 406
910 962
910 128
910 355
910 1176
911 33
911 37
911 77
911 275
911 332
911 413
911 386
911 1320
911 1043
911 680
911 1362
912 4
912 19
912 151
912 180
912 416
912 693
912 842
912 116
912 916
914 33
914 37
914 77
914 198
914 287
914 491
914 339
914 400
914 17
914 1165
914 459
916 11
916 178
916 330
916 735
916 1049
916 899
916 1055
916 172
918 2
918 8
918 43
918 725
918 218
918 136
918 350
918 1208
918 908
919 4
919 5
919 39
919 52
919 59
919 90
919 433
919 523
919 524
919 1157
919 303
919 944
920 4
920 5
920 10
920 141
920 195
920 293
920 685
922 9
922 112
922 334
922 788
922 1209
922 939
922 568
923 2
923 8
923 43
925 72
925 294
925 762
926 4
926 5
926 10
926 16
926 95
927 2
927 118
927 406
927 597
927 426
927 246
927 989
927 640
927 638
928 4
928 20
928 103
928 894
928 816
928 223
928 640
928 418
929 9
929 21
929 46
931 2
931 8
931 31
931 571
933 14
933 110
933 673
934 14
934 603
937 2
937 8
939 14
939 201
939 456
939 1314
939 1485
939 515
939 894
941 102
941 282
943 14
943 42
943 58
943 108
943 239
944 2
944 8
944 31
944 581
944 441
944 688
944 753
944 262
947 14
947 42
947 58
947 108
947 55
947 913
947 1353
947 634
947 809
947 1347
947 544
947 392
947 1362
947 622
947 532
948 14
948 32
948 947
948 1395
948 746
948 1045
949 11
949 53
949 830
949 178
949 522
949 1164
949 595
949 743
949 800
949 816
950 2
950 38
950 41
951 4
951 5
951 10
951 246
951 250
951 493
951 612
951 312
951 85
951 1131
951 413
951 478
953 107
953 218
953 339
953 815
953 836
953 1231
953 1365
955 4
955 20
955 76
955 84
955 520
955 1110
955 179
955 834
955 1422
955 388
956 2
956 38
956 55
956 137
956 289
957 14
957 110
957 127
957 1302
957 33
957 557
957 1079
959 2
959 475
960 33
960 37
960 77
960 198
960 287
960 491
960 896
962 14
962 110
962 673
962 933
962 735
962 778
962 1120
962 37
962 619
964 14
964 201
964 1131
964 1381
964 1128
964 432
964 593
964 1357
964 822
964 1460
964 297
964 385
965 839
965 484
965 303
965 678
965 656
965 707
965 204
965 1368
965 149
966 3
966 25
969 4
969 741
972 11
972 573
972 212
972 746
972 665
972 1171
972 194
973 9
973 216
973 470
973 258
973 882
976 2
976 57
976 64
976 426
976 627
976 400
976 1070
976 1413
976 1365
977 4
977 12
977 62
979 4
979 5
979 10
979 16
979 82
979 428
982 160
982 200
982 209
982 257
982 313
982 394
982 979
982 133
982 1477
982 485
983 72
983 346
983 351
983 1322
983 1315
983 250
983 1268
983 1181
983 859
983 1360
983 373
983 735
983 1200
983 1445
983 108
983 1247
983 680
983 407
983 878
985 4
985 12
985 254
986 4
986 20
986 76
986 119
986 979
986 1430
986 948
988 4
988 741
989 2
989 8
989 43
989 725
989 583
989 316
989 1094
989 651
989 81
992 4
992 5
992 10
992 246
992 250
993 4
993 12
993 62
993 789
993 1428
993 1010
993 969
993 236
993 35
997 4
997 20
997 76
997 119
997 430
997 609
997 909
997 1156
997 1346
997 1139
997 403
997 94
997 92
997 911
998 148
998 153
998 463
998 1267
998 909
998 76
998 937
998 892
998 1498
998 68
998 216
998 815
1000 3
1000 34
1000 129
1000 412
1000 197
1000 1342
1000 870
1000 1046
1001 35
1001 179
1001 296
1001 889
1001 1013
1001 239
1001 16
1001 738
1001 548
1003 14
1003 42
1003 113
1003 586
1004 2
1004 38
1004 205
1005 3
1005 17
1005 60
1005 342
1005 1447
1005 868
1005 911
1005 5
1006 35
1006 179
1006 25
1006 657
1006 629
1006 1496
1006 1022
1006 1497
1006 1248
1006 1314
1006 192
1006 842
1007 4
1007 30
1008 160
1008 200
1008 209
1008 257
1008 1296
1008 82
1008 103
1008 579
1010 97
1010 708
1010 401
1010 1238
1010 568
1011 56
1011 197
1013 2
1013 57
1014 4
1014 5
1014 10
1014 246
1014 250
1014 832
1014 1447
1014 1465
1014 1404
1014 1238
1014 1121
1018 2
1018 38
1018 717
1021 4
1021 12
1021 254
1021 274
1021 278
1021 370
1021 835
1021 1320
1021 475
1021 353
1021 20
1021 1365
1021 1311
1021 1355
1021 201
1021 241
1021 116
1022 14
1022 42
1022 58
1022 108
1023 2
1023 38
1023 522
1023 485
1023 881
1023 1279
1023 1296
1023 728
1025 4
1025 12
1026 2
1026 8
1026 168
1026 546
1026 1354
1026 1375
1026 1346
1026 1382
1026 1074
1026 194
1029 4
1029 19
1029 210
1029 410
1029 1100
1029 168
1029 1055
1029 1422
1030 73
1030 1389
1030 371
1030 1493
1030 1210
1030 1034
1034 2
1034 38
1034 205
1034 1004
1034 605
1034 90
1034 295
1034 1207
1035 4
1035 30
1035 1007
1035 316
1035 473
1035 1065
1037 2
1037 8
1037 31
1037 128
1037 193
1038 4
1038 12
1038 336
1038 355
1038 202
1038 1000
1038 684
1038 313
1038 1178
1041 11
1041 40
1041 205
1041 21
1041 887
1041 1246
1042 72
1042 294
1042 762
1043 2
1043 38
1043 68
1043 158
1043 906
1043 696
1043 278
1044 335
1044 1399
1044 708
1044 865
1044 1150
1045 2
1045 8
1045 43
1045 135
1046 9
1046 21
1046 418
1046 367
1046 997
1046 836
1046 19
1046 413
1046 876
1046 949
1046 1399
1047 14
1047 124
1047 688
1047 427
1047 690
1047 1472
1047 1415
1047 135
1047 806
1047 239
1047 693
1047 417
1047 421
1047 1361
1047 1368
1048 35
1048 1357
1048 1437
1048 3
1051 14
1051 110
1051 378
1051 393
1051 1170
1051 495
1052 14
1052 676
1054 33
1054 37
1054 77
1054 198
1054 287
1054 491
1054 896
1054 960
1055 2
1055 8
1055 43
1055 173
1055 1035
1055 1006
1055 953
1055 520
1056 3
1056 17
1056 69
1056 249
1056 328
1056 427
1057 2
1057 8
1057 65
1057 661
1057 1337
1057 281
1057 1208
1057 79
1059 2
1059 38
1059 68
1059 158
1059 165
1059 173
1059 905
1059 906
1060 4
1060 20
1062 2
1062 57
1062 247
1062 364
1062 1035
1062 1166
1062 1358
1062 71
1063 4
1063 5
1063 39
1063 194
1064 14
1064 42
1064 58
1064 108
1064 239
1064 561
1064 1046
1064 267
1064 969
1064 228
1064 35
1064 1233
1064 792
1064 1037
1064 1399
1064 1362
1064 358
1065 4
1065 5
1065 39
1065 52
1065 59
1065 90
1065 183
1065 640
1066 4
1066 20
1066 76
1066 119
1066 430
1067 107
1069 2
1069 38
1069 68
1069 158
1069 1185
1069 293
1069 520
1069 746
1070 4
1070 741
1070 988
1070 1465
1070 200
1070 14
1070 1212
1070 880
1070 223
1071 3
1071 34
1071 544
1072 11
1072 289
1072 104
1072 472
1072 1473
1072 656
1074 3
1074 6
1074 222
1074 634
1075 14
1075 124
1075 648
1075 701
1076 14
1076 1059
1076 107
1076 116
1076 1331
1076 949
1076 389
1076 69
1076 1322
1078 14
1079 3
1079 34
1079 544
1079 1071
1079 521
1079 1369
1079 685
1079 1440
1081 14
1081 42
1081 89
1081 163
1084 14
1084 286
1084 575
1084 129
1084 1156
1084 57
1084 381
1084 688
1085 14
1085 42
1085 78
1085 116
1085 120
1085 316
1085 683
1085 428
1085 197
1085 1076
1085 314
1085 1252
1085 1303
1085 40
1085 1211
1085 432
1085 615
1085 222
1090 4
1090 5
1090 10
1090 16
1090 82
1090 882
1091 72
1091 346
1091 983
1091 1181
1091 789
1091 1329
1091 848
1091 37
1091 468
1094 9
1094 21
1094 46
1094 1388
1094 447
1094 1311
1094 772
1094 271
1094 1436
1094 1155
1094 771
1094 1079
1094 503
1096 33
1096 37
1096 77
1098 56
1098 518
1099 2
1099 38
1099 68
1099 158
1099 165
1099 262
1099 401
1099 679
1099 865
1099 763
1099 409
1099 383
1099 108
1100 14
1100 42
1100 113
1100 234
1100 667
1100 1292
1100 1157
1100 672
1102 2
1102 8
1102 126
1102 314
1102 743
1102 988
1102 313
1102 1121
1105 2
1105 8
1105 168
1105 546
1105 1026
1106 4
1106 20
1106 1060
1106 1422
1106 125
1106 949
1107 2
1107 8
1107 31
1107 174
1107 859
1107 1056
1107 1155
1107 1499
1107 727
1108 4
1108 5
1108 10
1108 16
1108 95
1108 570
1108 1044
1108 625
1108 1382
1110 56
1110 197
1110 323
1110 361
1110 533
1110 805
1110 292
1110 1331
1112 4
1112 12
1112 254
1112 274
1112 278
1112 370
1113 4
1113 5
1113 101
1115 2
1115 38
1115 68
1115 158
1115 1338
1115 1340
1115 874
1115 351
1115 679
1115 64
1115 292
1116 11
1117 2
1117 38
1117 205
1119 4
1119 12
1119 1270
1119 228
1119 270
1119 805
1119 723
1119 1190
1119 302
1119 787
1119 1462
1119 865
1120 35
1120 179
1120 228
1121 14
1121 42
1121 51
1121 733
1121 1494
1121 1498
1121 524
1121 765
1121 589
1121 1161
1121 989
1121 484
1122 11
1122 238
1122 708
1122 1143
1122 280
1123 9
1123 216
1123 973
1124 33
1124 37
1124 77
1124 275
1124 522
1124 288
1124 474
1128 2
1128 8
1128 43
1128 135
1128 171
1128 10
1128 201
1128 1153
1128 1116
1128 384
1128 331
1128 894
1129 97
1129 708
1131 35
1131 179
1131 1006
1133 2
1133 38
1133 41
1136 4
1136 5
1136 10
1136 16
1136 82
1136 882
1138 14
1138 201
1138 353
1138 784
1138 287
1139 14
1139 124
1139 688
1139 1047
1143 11
1143 870
1143 501
1143 71
1145 4
1145 12
1146 14
1146 676
1146 118
1146 513
1146 1108
1146 374
1146 931
1148 9
1148 112
1148 334
1148 638
1150 4
1150 5
1150 10
1150 141
1150 195
1150 293
1150 295
1150 500
1150 282
1150 1209
1150 1069
1151 4
1151 12
1151 336
1151 1038
1151 1377
1151 1094
1151 1106
1152 2
1152 118
1152 880
1153 2
1153 8
1153 31
1153 219
1153 570
1153 480
1153 955
1153 227
1154 136
1154 738
1154 222
1154 1112
1154 1433
1155 2
1155 38
1155 629
1156 14
1156 42
1156 1224
1156 1406
1157 11
1157 238
1159 3
1159 25
1159 317
1160 4
1160 12
1160 336
1161 11
1161 238
1161 420
1161 386
1161 378
1161 30
1161 794
1161 779
1161 753
1161 536
1161 274
1161 653
1161 69
1161 155
1161 1054
1163 56
1163 121
1163 1483
1163 826
1163 441
1163 868
1163 735
1163 769
1163 1001
1163 234
1164 14
1164 172
1164 616
1165 14
1165 1078
1165 849
1165 1212
1165 566
1166 4
1166 12
1166 62
1166 143
1168 11
1168 1116
1168 1048
1168 956
1168 1488
1168 752
1170 2
1170 8
1170 31
1170 128
1170 193
1171 4
1171 20
1171 76
1171 119
1171 265
1171 272
1173 669
1173 871
1175 4
1175 5
1175 101
1175 806
1175 1467
1175 415
1175 870
1175 361
1175 1330
1175 1249
1175 1112
1175 160
1175 724
1176 11
1176 1153
1176 1045
1176 680
1178 72
1178 294
1178 762
1178 925
1181 2
1181 38
1181 205
1181 1117
1181 755
1181 704
1181 364
1182 4
1182 20
1182 76
1182 84
1182 292
1184 56
1184 241
1184 329
1185 3
1185 34
1186 14
1186 42
1186 89
1186 163
1186 1081
1186 568
1186 416
1186 922
1186 738
1187 9
1187 21
1187 46
1187 929
1187 889
1187 1300
1187 842
1189 33
1189 37
1189 144
1189 1474
1189 1155
1189 1473
1189 1008
1189 1022
1190 4
1190 12
1190 254
1190 985
1192 11
1192 94
1192 242
1192 397
1192 859
1192 688
1193 14
1193 203
1193 848
1193 697
1193 90
1193 48
1193 768
1193 839
1194 4
1194 731
1194 459
1194 806
1194 1381
1195 11
1195 94
1195 464
1195 1492
1195 1400
1195 1007
1195 159
1195 1331
1195 1309
1195 1352
1195 1218
1195 1231
1195 1046
1195 685
1195 1078
1195 916
1197 4
1197 5
1197 39
1197 52
1197 59
1197 337
1197 541
1197 893
1197 1182
1197 493
1197 474
1197 174
1197 887
1197 1209
1197 1300
1197 226
1197 166
1197 903
1200 14
1200 172
1200 616
1200 1164
1200 1374
1200 1113
1200 979
1200 670
1200 335
1200 1007
1200 213
1200 746
1201 4
1201 12
1201 499
1201 58
1201 1394
1201 922
1201 299
1201 605
1202 148
1204 160
1204 226
1204 274
1204 920
1204 220
1204 171
1204 278
1204 841
1204 1338
1204 328
1205 2
1205 38
1205 68
1205 158
1205 165
1205 262
1205 401
1205 679
1206 4
1206 605
1206 1184
1206 541
1206 478
1206 707
1206 422
1206 899
1206 1225
1207 2
1207 38
1207 629
1207 1425
1207 1195
1207 933
1207 360
1207 305
1207 11
1207 1445
1207 178
1208 160
1208 678
1209 4
1209 5
1209 39
1209 52
1209 59
1209 337
1209 541
1210 11
1210 94
1210 321
1211 11
1211 423
1212 4
1212 19
1213 14
1213 42
1213 58
1213 108
1213 239
1213 943
1214 11
1214 40
1214 223
1214 960
1214 417
1214 1431
1215 11
1215 94
1215 403
1215 1365
1215 144
1215 1107
1215 360
1215 1110
1215 796
1217 3
1217 25
1217 317
1217 292
1217 755
1217 709
1217 1382
1218 839
1218 965
1219 11
1219 417
1219 770
1219 899
1221 4
1221 5
1221 10
1221 246
1222 14
1222 201
1222 456
1222 619
1222 43
1222 56
1222 365
1224 818
1224 873
1225 33
1225 37
1225 77
1225 198
1225 287
1225 670
1225 528
1225 451
1225 892
1225 1450
1225 951
1227 72
1227 346
1227 983
1231 2
1231 8
1231 43
1231 725
1231 918
1231 37
1231 1362
1231 870
1231 956
1231 551
1231 148
1232 4
1232 5
1232 10
1232 16
1232 82
1232 1021
1232 1452
1232 894
1232 610
1232 292
1232 933
1232 373
1232 1128
1232 1464
1233 14
1233 42
1233 78
1233 116
1233 352
1233 591
1233 541
1233 197
1233 1208
1234 160
1234 200
1234 209
1234 257
1234 313
1234 394
1234 792
1234 1045
1234 597
1235 72
1235 346
1235 983
1235 1091
1238 2
1238 8
1238 168
1238 546
1238 568
1238 837
1238 307
1238 56
1238 1233
1238 120
1238 1302
1239 97
1239 708
1239 1010
1239 1437
1239 1123
1239 1139
1239 180
1243 14
1243 91
1243 899
1243 509
1243 597
1243 1346
1243 351
1243 1323
1243 194
1243 1488
1243 1186
1243 137
1243 421
1243 845
1243 17
1243 215
1243 775
1243 95
1243 1285
1246 11
1246 40
1246 1041
1247 4
1247 12
1247 864
1247 658
1247 365
1247 871
1247 962
1248 14
1248 42
1248 78
1248 138
1248 312
1248 805
1248 1067
1249 4
1249 5
1249 10
1249 141
1249 195
1249 293
1249 472
1249 205
1249 625
1249 916
1249 1074
1249 941
1249 830
1252 33
1252 37
1252 144
1252 1404
1252 365
1252 501
1253 160
1253 226
1253 396
1253 489
1253 350
1253 296
1253 874
1253 379
1253 1358
1253 218
1253 757
1253 421
1253 847
1253 788
1253 464
1253 1403
1253 683
1253 735
1256 160
1256 200
1256 209
1256 257
1256 1008
1256 270
1256 501
1256 1354
1256 441
1256 84
1256 116
1256 1105
1256 95
1256 1450
1256 357
1256 306
1256 1434
1258 4
1258 12
1258 336
1258 355
1259 56
1259 241
1259 329
1259 1184
1259 119
1259 867
1259 1264
1260 513
1260 582
1264 11
1264 326
1266 3
1266 34
1266 129
1266 175
1266 345
1266 723
1266 595
1266 558
1266 1182
1266 383
1267 11
1267 40
1267 385
1268 4
1268 20
1268 718
1268 733
1270 2
1270 8
1270 31
1270 128
1270 161
1270 367
1270 453
1270 931
1270 834
1270 819
1270 303
1270 1159
1270 285
1274 2
1274 38
1274 55
1274 137
1274 289
1274 410
1274 25
1274 14
1274 1221
1274 103
1275 2
1275 8
1275 65
1275 619
1275 1154
1275 346
1275 1094
1278 2
1278 38
1278 68
1278 158
1278 165
1278 262
1278 401
1278 91
1278 770
1278 605
1278 1123
1279 4
1279 5
1279 283
1279 1348
1279 589
1279 939
1279 894
1279 138
1279 209
1279 460
1279 329
1279 401
1280 4
1280 5
1280 39
1280 1497
1280 332
1280 215
1280 521
1280 722
1282 9
1282 21
1282 46
1285 14
1285 42
1285 78
1285 116
1285 120
1285 204
1290 4
1290 20
1290 76
1290 119
1290 265
1290 272
1290 290
1290 747
1292 14
1292 104
1292 187
1296 33
1296 37
1296 255
1300 14
1300 110
1300 378
1302 14
1302 42
1302 113
1303 3
1303 17
1303 69
1303 249
1303 328
1303 427
1303 423
1303 872
1303 195
1303 1440
1303 688
1303 59
1303 379
1303 1051
1303 570
1303 831
1305 160
1305 226
1305 396
1305 1023
1305 8
1305 3
1305 1029
1305 651
1309 14
1309 42
1309 58
1309 108
1309 1022
1309 164
1309 69
1311 3
1311 6
1311 306
1311 985
1311 472
1311 56
1311 180
1311 296
1311 1121
1311 195
1311 11
1313 33
1313 37
1313 77
1313 275
1313 332
1313 413
1313 911
1314 669
1314 1335
1315 2
1315 57
1315 247
1315 364
1315 531
1316 14
1316 42
1316 89
1316 163
1316 1081
1316 1186
1316 1071
1316 903
1316 947
1316 1176
1316 495
1316 473
1320 4
1320 5
1320 10
1320 246
1322 35
1322 179
1322 228
1322 1120
1323 2
1323 8
1323 31
1323 128
1323 193
1323 466
1323 1094
1323 409
1323 418
1323 582
1324 35
1324 179
1324 296
1324 889
1324 1204
1324 73
1324 493
1324 428
1324 1449
1324 417
1324 535
1325 2
1325 38
1325 68
1325 158
1325 359
1325 1154
1325 281
1325 363
1325 323
1326 2
1326 8
1326 65
1326 1057
1326 550
1326 113
1326 682
1326 1282
1326 1102
1328 3
1328 34
1328 129
1328 412
1329 14
1329 203
1329 848
1329 1193
1330 2
1330 8
1330 31
1330 571
1330 675
1330 758
1330 1065
1330 4
1330 949
1331 4
1332 14
1332 124
1332 139
1332 342
1332 494
1332 459
1332 997
1332 1120
1332 1153
1332 775
1332 25
1332 906
1333 4
1333 5
1333 283
1333 386
1333 1331
1333 1231
1333 1146
1334 33
1334 37
1334 77
1334 589
1334 1449
1334 363
1334 1428
1334 736
1334 934
1334 1329
1334 267
1334 95
1334 1381
1334 42
1334 135
1334 189
1335 33
1335 37
1335 144
1335 377
1335 883
1335 951
1337 14
1337 42
1337 78
1337 116
1337 352
1337 653
1337 178
1337 865
1337 747
1337 1270
1337 1264
1337 1157
1337 62
1338 4
1338 20
1338 76
1338 119
1338 41
1338 957
1338 1382
1338 196
1338 479
1340 4
1340 605
1340 1206
1341 14
1341 42
1341 89
1341 163
1341 733
1341 17
1341 506
1341 729
1342 4
1342 20
1342 76
1342 331
1342 1189
1342 1266
1342 1238
1342 694
1344 160
1344 226
1344 396
1344 489
1344 1253
1344 1115
1344 777
1344 1131
1344 460
1344 923
1344 866
1344 92
1345 3
1345 34
1345 544
1345 799
1345 1436
1345 790
1345 757
1346 4
1346 5
1346 10
1346 16
1346 82
1346 1232
1347 14
1347 42
1347 113
1347 234
1347 1300
1347 960
1347 9
1347 887
1347 468
1347 1361
1347 489
1347 355
1347 929
1347 836
1348 160
1348 200
1348 209
1348 257
1349 9
1349 21
1349 501
1349 694
1349 866
1352 4
1352 12
1352 499
1352 227
1352 1282
1352 1332
1352 799
1352 1325
1353 14
1353 42
1353 58
1353 637
1353 1117
1353 1217
1353 331
1353 609
1353 1062
1353 1425
1353 1207
1353 352
1353 1316
1354 14
1354 42
1354 514
1354 747
1354 337
1354 692
1354 440
1354 763
1355 72
1355 346
1355 983
1357 160
1357 200
1357 209
1357 257
1357 837
1357 779
1357 694
1357 421
1357 575
1357 1035
1357 911
1357 374
1357 1025
1357 925
1357 1303
1357 571
1357 676
1357 73
1358 56
1358 518
1358 1098
1358 332
1360 2
1360 38
1360 205
1360 1117
1360 1181
1360 1018
1360 1159
1360 453
1360 685
1360 513
1360 1247
1360 1386
1361 2
1361 38
1361 717
1361 1018
1361 1451
1361 1155
1361 1465
1361 309
1361 754
1361 638
1361 1394
1361 532
1362 2
1362 38
1362 41
1362 551
1362 300
1362 654
1362 388
1362 581
1364 14
1364 42
1364 58
1364 108
1364 947
1365 73
1365 551
1365 1485
1365 872
1365 1178
1365 76
1365 1348
1366 3
1366 17
1366 60
1366 182
1366 1074
1366 613
1366 1334
1366 1488
1366 992
1366 1264
1366 892
1366 762
1366 535
1368 4
1368 12
1369 2
1369 38
1369 55
1369 137
1369 289
1374 160
1374 678
1374 1208
1374 1190
1374 822
1374 162
1374 1407
1374 406
1374 675
1374 770
1374 350
1374 1145
1374 907
1374 670
1374 1225
1375 4
1375 19
1375 888
1375 17
1375 161
1377 14
1377 110
1377 673
1377 933
1377 1480
1377 861
1378 11
1378 536
1379 9
1379 21
1379 46
1379 528
1379 957
1379 292
1379 685
1379 356
1379 81
1379 842
1379 8
1379 1129
1379 1282
1379 104
1380 11
1380 192
1380 595
1380 833
1380 1014
1380 271
1381 160
1381 200
1381 209
1381 257
1381 313
1382 2
1382 8
1382 31
1382 128
1382 193
1383 4
1383 19
1383 210
1383 410
1383 753
1384 4
1384 19
1384 1375
1385 2
1385 8
1385 142
1385 546
1385 1434
1385 953
1385 526
1385 1344
1385 34
1386 2
1386 118
1386 406
1386 927
1388 11
1388 53
1388 1163
1388 639
1388 312
1388 969
1388 1333
1388 1110
1388 1182
1388 501
1388 168
1388 1069
1388 1446
1388 690
1388 433
1388 1063
1389 14
1389 124
1389 688
1389 1047
1389 1139
1390 2
1390 38
1390 41
1390 227
1390 271
1391 2
1391 38
1391 68
1391 158
1391 165
1391 173
1391 400
1394 4
1394 12
1394 62
1395 2
1395 38
1395 68
1395 158
1395 937
1395 882
1395 634
1395 277
1395 317
1397 56
1397 197
1397 1485
1397 941
1397 500
1397 1420
1397 371
1397 830
1399 4
1399 12
1399 254
1399 274
1399 847
1400 4
1400 20
1400 76
1400 331
1400 1342
1400 1041
1400 1458
1403 2
1403 8
1403 168
1403 824
1403 837
1403 862
1403 1078
1403 1170
1403 118
1403 370
1403 1157
1403 1112
1403 1361
1403 948
1403 517
1403 682
1403 1159
1404 669
1404 1314
1404 722
1404 226
1404 1233
1404 905
1404 906
1406 2
1406 8
1406 168
1407 33
1407 37
1407 77
1407 198
1407 287
1407 670
1407 1225
1411 33
1411 37
1411 144
1411 1189
1411 258
1411 154
1411 763
1411 1233
1411 116
1411 1397
1413 9
1413 112
1413 17
1413 843
1413 275
1414 11
1414 40
1415 33
1415 558
1415 989
1415 233
1415 307
1415 794
1416 2
1416 8
1416 31
1416 219
1416 324
1416 335
1416 853
1416 114
1416 522
1416 1010
1416 1352
1416 931
1416 1406
1416 506
1416 379
1419 2
1419 8
1419 155
1419 215
1419 373
1420 2
1420 38
1420 205
1420 1004
1420 1034
1420 1485
1420 815
1420 883
1420 265
1420 1256
1424 4
1424 5
1424 10
1424 141
1424 195
1424 293
1424 472
1424 1249
1424 458
1424 274
1424 1388
1424 1349
1424 622
1424 1482
1425 4
1425 20
1425 76
1425 119
1425 265
1425 272
1425 673
1425 679
1425 893
1425 335
1425 1354
1425 1138
1425 386
1425 1470
1425 1105
1425 957
1425 1067
1425 549
1425 1279
1425 421
1425 1252
1425 910
1425 1364
1425 832
1426 4
1426 5
1426 10
1426 16
1426 82
1426 522
1426 680
1426 651
1426 1085
1426 957
1426 361
1426 259
1428 2
1428 38
1430 160
1430 678
1430 992
1430 692
1430 816
1430 122
1430 264
1430 615
1431 2
1431 38
1431 205
1431 1117
1431 1181
1431 1360
1431 142
1431 500
1431 752
1431 62
1431 597
1431 25
1432 4
1432 12
1432 336
1432 355
1432 1038
1432 836
1432 1483
1432 38
1432 845
1433 14
1433 110
1433 378
1433 1300
1433 1146
1433 138
1433 1204
1434 2
1434 8
1434 43
1436 14
1436 172
1436 616
1436 1164
1436 187
1436 880
1436 405
1436 19
1436 168
1436 482
1436 1323
1437 2
1437 360
1440 3
1440 34
1440 129
1440 175
1440 950
1440 194
1440 407
1440 248
1440 653
1441 2
1441 8
1441 866
1445 160
1445 226
1445 778
1445 1394
1445 1475
1445 669
1445 1256
1446 2
1446 8
1446 65
1446 1057
1446 740
1446 257
1446 171
1446 20
1446 765
1446 272
1447 4
1447 5
1447 10
1447 16
1447 258
1449 4
1449 5
1449 283
1449 501
1449 503
1449 21
1449 925
1449 899
1449 918
1450 14
1450 110
1450 378
1450 1300
1450 920
1450 309
1450 1071
1450 754
1450 159
1450 108
1451 4
1451 5
1451 39
1451 52
1451 376
1451 777
1451 1274
1451 1187
1451 1107
1451 912
1451 1369
1451 485
1451 765
1451 148
1451 337
1451 183
1451 1059
1451 1113
1452 4
1452 20
1452 76
1452 331
1452 468
1452 1316
1452 583
1456 2
1456 57
1456 64
1456 426
1456 627
1456 976
1456 32
1456 215
1456 37
1456 355
1456 1182
1456 386
1456 608
1456 347
1456 185
1456 472
1456 1107
1456 884
1456 1076
1456 826
1457 2
1457 57
1457 64
1457 342
1457 1213
1457 1046
1457 137
1458 14
1458 540
1458 25
1458 1100
1458 1349
1458 1071
1458 1190
1458 889
1458 1239
1458 1110
1460 2
1460 8
1460 31
1460 128
1460 193
1460 1170
1460 141
1460 826
1460 122
1460 243
1460 1362
1462 11
1462 32
1463 2
1463 38
1463 68
1463 158
1463 165
1464 3
1464 34
1464 1185
1464 1434
1464 212
1464 947
1465 2
1465 118
1465 880
1465 1152
1465 521
1465 931
1465 955
1465 977
1465 425
1465 574
1467 11
1467 40
1467 98
1467 953
1467 615
1467 287
1467 646
1470 160
1470 226
1470 396
1472 2
1472 57
1472 64
1472 426
1472 515
1473 11
1473 326
1473 1184
1473 335
1473 215
1473 31
1473 1347
1473 262
1474 2
1474 8
1474 31
1474 128
1474 679
1474 1119
1475 33
1475 37
1475 144
1475 1252
1475 907
1475 685
1475 1499
1475 1043
1475 428
1475 632
1475 297
1475 214
1475 282
1475 90
1476 2
1476 8
1476 155
1476 215
1476 373
1476 868
1476 1449
1476 515
1476 1482
1476 664
1476 68
1477 14
1477 42
1477 78
1477 116
1477 120
1479 4
1479 605
1480 2
1480 38
1480 68
1480 535
1480 976
1480 613
1480 1458
1482 11
1482 32
1482 815
1482 549
1482 464
1482 1384
1483 11
1483 263
1483 482
1483 1320
1483 617
1483 265
1483 542
1484 11
1484 94
1484 233
1484 868
1484 1360
1484 894
1484 1205
1485 4
1485 5
1485 10
1485 141
1485 195
1486 4
1486 12
1486 62
1486 291
1486 516
1488 14
1488 110
1492 11
1492 178
1492 330
1492 264
1492 409
1492 1189
1492 1358
1493 2
1493 38
1493 68
1493 158
1493 165
1493 166
1494 14
1494 42
1494 78
1494 116
1494 575
1494 723
1494 1072
1494 21
1494 629
1494 1170
1494 1377
1494 779
1494 725
1494 707
1494 862
1494 1038
1494 1044
1494 1146
1494 668
1495 148
1495 613
1495 39
1495 740
1495 1122
1495 1391
1496 4
1496 5
1496 10
1496 84
1496 691
1496 874
1496 309
1496 17
1497 9
1497 112
1497 375
1498 72
1498 346
1498 983
1498 1091
1498 524
1498 421
1498 632
1499 14
1499 42
1499 78
1499 138
1499 248
1499 409
1499 446
1499 1476
1499 1353
1499 1428
1499 923
