18 1231
25 533
25 1109
27 1080
27 752
30 10
36 18
36 591
36 59
45 818
45 1010
45 338
48 10
48 1435
48 1457
48 1158
52 10
52 755
52 656
56 10
56 1105
59 442
60 59
61 10
61 809
61 1080
61 898
65 25
65 1212
67 25
67 999
67 659
69 197
69 908
69 1045
73 727
73 241
73 446
84 10
86 4
86 1302
86 451
86 994
89 353
89 450
89 238
89 1007
89 1298
91 45
91 157
96 465
96 203
100 10
100 56
100 329
100 733
100 296
100 1115
104 908
104 875
104 525
104 368
104 1401
112 10
119 529
125 4
126 10
126 48
126 236
126 1300
126 1308
126 1035
128 10
128 61
135 10
135 48
135 126
135 1004
135 897
135 1302
150 10
156 1049
156 615
156 1313
156 86
157 119
157 994
181 119
181 227
184 183
195 10
195 693
195 591
195 422
195 86
195 1451
197 1209
197 1090
197 842
197 195
197 350
200 36
202 25
203 33
204 104
204 857
205 1184
205 1062
206 10
206 61
206 128
208 10
208 261
208 206
208 843
210 10
210 52
210 118
210 1376
211 104
212 473
213 10
213 677
213 1494
213 1182
220 1173
222 45
222 909
222 563
222 911
222 1250
222 1286
224 10
224 928
227 1092
228 1287
228 835
236 41
236 495
236 739
238 45
238 1007
238 357
238 1208
238 1494
241 119
241 575
241 368
252 1312
252 1401
252 900
252 446
252 996
253 10
256 320
256 809
256 1467
256 467
256 1240
261 641
261 822
261 628
261 238
261 564
268 197
271 4
271 1250
271 287
271 755
271 1410
271 407
272 10
272 112
272 457
272 657
273 96
276 25
276 202
283 10
283 261
283 1457
283 1077
286 10
286 206
286 664
286 1494
286 1173
286 1306
287 10
287 184
288 10
288 636
288 1068
291 33
291 1475
291 1159
291 1384
291 1203
291 457
291 195
291 422
291 67
291 256
296 10
300 25
300 65
300 118
300 230
300 650
304 10
309 10
318 1399
318 1333
318 1230
320 10
320 61
320 1400
320 1004
321 10
321 56
321 100
321 353
321 968
321 1090
321 582
321 432
321 395
321 260
321 1204
323 33
325 101
325 375
326 313
326 422
329 1159
329 525
329 1453
329 548
329 1168
329 560
330 33
338 25
338 65
349 10
349 224
350 10
350 61
350 128
350 181
353 220
353 1209
353 572
353 1141
353 664
360 104
360 211
360 1306
360 1028
362 751
362 1313
367 692
368 25
368 65
368 900
368 808
368 296
368 112
368 227
368 437
372 25
372 205
377 260
377 778
377 1312
377 938
377 96
377 844
377 671
377 1243
377 1094
379 118
384 338
384 1158
384 587
384 651
384 208
387 1010
387 36
387 1314
389 25
389 65
395 25
405 119
405 241
407 10
407 30
415 25
415 65
415 657
415 885
415 56
422 10
422 61
422 128
422 1041
422 1040
422 236
432 197
432 1332
432 671
432 1367
432 353
432 726
435 25
437 45
437 238
439 10
439 30
439 69
439 1219
442 228
442 18
442 904
442 714
442 390
442 1275
442 25
442 615
443 241
446 33
446 1025
446 96
446 200
446 1451
446 405
449 312
449 1422
449 1445
449 857
449 1384
449 1444
449 1188
450 33
450 89
450 230
451 256
451 326
451 727
451 650
451 45
451 1372
451 1313
455 33
457 10
465 10
465 1043
466 25
467 1325
467 1410
468 45
468 238
468 437
473 387
473 25
473 1040
478 10
478 61
478 128
478 206
490 10
490 382
490 1286
490 1469
492 10
495 36
506 10
506 304
506 65
512 10
518 33
518 450
518 204
518 1447
518 437
518 1012
523 1174
523 1199
525 10
525 1421
525 256
525 651
525 268
525 923
525 1028
529 25
529 65
529 928
529 1188
529 714
529 575
530 10
533 10
533 208
538 10
538 150
538 320
538 1175
555 200
555 568
560 119
560 241
560 405
564 10
564 525
564 892
564 89
564 1435
564 442
564 750
564 1451
568 10
568 1123
568 1116
568 379
568 60
568 1018
572 329
573 119
573 241
573 1401
575 25
575 1498
575 563
582 59
582 60
582 475
587 443
588 450
588 271
588 368
591 10
591 30
591 439
591 325
591 1136
594 10
594 224
594 45
594 533
615 10
615 30
615 407
615 909
615 61
618 10
618 848
618 230
621 10
621 61
621 128
621 1070
626 10
628 10
628 726
636 529
636 683
639 10
639 30
639 407
639 1332
639 626
639 844
640 467
640 52
641 33
650 10
650 30
650 407
650 639
651 988
651 811
651 763
651 313
656 104
656 615
656 751
656 1016
656 1013
657 33
657 1462
657 907
658 25
658 372
658 1494
658 1016
659 410
659 1406
660 693
660 1012
660 761
660 465
671 25
671 65
671 415
671 512
671 822
671 1312
677 10
677 1435
677 65
677 204
681 573
681 1300
683 33
683 357
683 405
686 59
686 1028
692 10
692 1090
692 1193
693 33
693 446
695 25
695 1018
695 664
695 390
714 329
714 572
726 10
726 61
726 128
727 387
727 1094
733 10
733 52
748 10
748 52
748 639
750 33
750 1302
751 10
751 1406
752 1287
755 25
755 65
755 241
755 457
755 150
761 10
761 851
761 555
763 30
775 885
775 1215
778 197
779 10
779 288
780 10
780 52
780 125
782 10
785 59
785 73
808 25
808 65
808 1270
811 10
811 30
811 407
811 1109
818 105
818 1105
818 1182
818 891
822 10
822 1494
822 530
822 1306
831 33
831 291
831 818
831 10
842 25
842 202
842 1109
842 712
842 1243
842 287
843 269
843 309
843 1158
844 318
845 101
845 325
845 442
848 325
857 33
857 1315
857 1341
861 10
864 4
864 125
864 564
864 238
864 1116
864 727
872 10
875 25
876 10
876 628
877 119
877 241
877 350
877 1228
877 492
877 693
878 269
878 843
885 10
885 56
885 966
885 1215
885 845
891 45
891 224
891 739
891 1462
892 118
892 379
897 25
897 372
898 10
898 350
898 876
898 650
898 763
900 10
900 30
900 291
904 10
907 33
907 450
907 518
907 208
907 835
907 84
907 1141
909 4
909 86
911 25
911 695
919 911
919 1258
919 52
919 1207
923 45
928 10
928 30
928 407
928 639
928 692
928 1168
928 212
928 1325
934 555
934 538
937 10
938 36
938 100
947 10
947 1236
947 283
947 69
947 872
947 587
947 104
965 10
965 492
965 1233
965 73
965 1323
965 1298
965 304
965 1243
965 727
968 10
968 56
988 283
988 1004
994 25
994 202
994 276
994 1376
994 213
994 587
994 563
994 877
994 681
994 780
994 1014
998 33
998 1315
998 591
998 84
998 671
999 10
999 525
1004 10
1004 61
1004 495
1004 321
1007 10
1010 156
1010 1469
1010 695
1010 564
1010 848
1012 197
1012 1025
1012 184
1012 1118
1013 156
1013 69
1013 996
1016 864
1016 205
1016 1384
1016 397
1016 1012
1018 101
1018 325
1018 845
1018 313
1018 1462
1018 435
1018 572
1028 10
1028 96
1028 184
1028 1107
1028 525
1035 10
1035 112
1035 272
1039 228
1039 325
1041 10
1041 61
1041 128
1041 726
1041 750
1041 1457
1041 36
1043 197
1043 432
1045 10
1045 288
1049 10
1049 996
1049 656
1062 36
1062 495
1062 529
1062 1313
1066 18
1068 69
1068 988
1068 1045
1068 693
1068 714
1077 157
1077 936
1077 450
1080 748
1080 495
1084 25
1084 65
1084 808
1090 4
1090 86
1090 1447
1090 1187
1092 10
1092 48
1092 126
1092 1141
1094 105
1094 490
1099 329
1099 686
1099 1447
1105 1040
1105 260
1107 25
1108 312
1109 25
1109 658
1115 25
1115 1109
1116 10
1118 1231
1120 10
1123 10
1123 197
1136 10
1136 200
1136 714
1136 126
1137 269
1137 843
1137 575
1137 1208
1137 1399
1141 33
1141 446
1141 338
1141 410
1141 928
1141 326
1153 10
1158 228
1158 1039
1158 101
1158 368
1158 468
1159 10
1159 150
1159 538
1168 518
1173 312
1174 318
1174 693
1174 750
1174 876
1174 1467
1174 1421
1174 25
1175 10
1175 1018
1175 375
1175 571
1175 660
1175 907
1175 1141
1182 10
1182 907
1184 10
1187 33
1188 25
1188 65
1193 4
1193 86
1199 10
1199 208
1203 183
1203 184
1203 203
1203 112
1203 320
1203 1346
1203 1120
1203 1313
1203 1240
1204 10
1204 52
1204 748
1204 726
1204 96
1204 1458
1204 878
1204 1400
1204 523
1207 1275
1207 751
1207 692
1207 909
1208 33
1208 203
1208 96
1208 405
1209 10
1209 439
1209 1422
1209 126
1209 937
1212 197
1212 432
1215 10
1219 768
1224 10
1224 30
1228 33
1228 338
1228 208
1228 563
1230 256
1230 923
1230 1080
1231 387
1231 473
1233 36
1233 200
1233 432
1236 591
1236 405
1236 60
1240 25
1240 65
1243 10
1246 101
1250 33
1258 10
1258 785
1258 449
1268 367
1268 1406
1268 52
1268 466
1268 872
1268 203
1270 1236
1275 555
1275 934
1286 10
1287 25
1287 372
1287 658
1292 10
1292 52
1292 309
1292 831
1292 1406
1292 1025
1292 1040
1292 104
1292 876
1298 260
1298 1045
1300 10
1300 112
1300 272
1300 1035
1300 387
1300 450
1300 1049
1300 818
1300 1116
1302 135
1302 639
1306 10
1306 761
1306 1332
1306 878
1306 1040
1306 291
1306 25
1306 330
1306 91
1308 10
1308 112
1308 272
1308 1035
1308 1300
1308 61
1309 390
1309 1323
1312 4
1313 10
1313 61
1314 1039
1315 10
1315 150
1315 538
1316 45
1316 238
1316 437
1316 468
1316 864
1316 1312
1316 1309
1316 205
1317 10
1317 56
1317 100
1317 135
1317 1323
1317 751
1317 84
1317 1035
1323 25
1323 65
1323 368
1323 287
1325 1228
1331 101
1331 325
1332 101
1332 1246
1333 10
1333 30
1333 1224
1333 432
1333 312
1333 377
1333 761
1333 872
1341 25
1341 202
1346 25
1346 891
1346 65
1346 1204
1356 571
1361 96
1361 490
1361 681
1361 181
1361 48
1367 197
1367 432
1367 1043
1372 10
1372 48
1376 387
1376 473
1376 1049
1376 4
1376 442
1376 1230
1376 1099
1383 128
1383 1077
1383 538
1383 304
1384 4
1389 25
1389 65
1389 415
1389 200
1399 1236
1399 1187
1399 1070
1399 86
1399 1498
1401 312
1401 1108
1406 33
1410 835
1410 1458
1410 1292
1410 1270
1414 25
1414 65
1414 808
1414 1084
1420 271
1420 1028
1420 657
1421 10
1421 224
1421 389
1421 313
1422 10
1432 10
1432 437
1435 56
1435 89
1435 904
1435 657
1439 4
1439 1400
1439 1199
1445 45
1445 936
1447 10
1447 1123
1447 1302
1450 10
1450 1184
1451 25
1451 65
1451 518
1451 432
1451 495
1451 748
1453 10
1453 61
1453 128
1453 726
1453 1041
1454 10
1454 626
1454 1175
1454 1422
1457 10
1457 61
1457 128
1457 206
1457 478
1457 377
1457 101
1458 1090
1462 10
1462 61
1462 128
1467 10
1467 61
1467 128
1467 206
1467 1207
1467 582
1467 650
1469 1292
1469 1007
1469 1333
1469 842
1469 1090
1475 10
1475 628
1484 33
1498 1400
1499 104
1499 204
1499 1240
