2 799
2 1067
2 38
2 138
2 604
2 744
2 1864
2 1358
3 2
3 632
3 1192
3 308
3 1133
3 716
3 355
5 2
10 2
10 3
11 2
11 3
11 608
11 1213
11 1025
11 747
11 1388
11 948
11 1652
11 1768
16 2
16 3
16 10
16 106
16 357
16 1045
16 641
16 924
16 1385
18 2
18 3
18 10
18 16
18 966
18 1959
18 1033
18 1429
19 2
19 1663
19 56
19 210
19 125
19 967
19 692
19 1984
19 161
23 2
23 3
23 10
23 16
23 18
23 1640
23 355
23 1547
23 182
26 2
26 5
26 1362
26 1456
26 93
29 2
29 3
29 10
29 16
32 1222
32 1996
34 2
34 3
34 10
35 2
35 3
35 10
35 16
35 18
35 23
35 419
37 2
37 3
37 551
37 310
37 1194
37 634
37 1856
37 213
37 752
37 1837
37 1361
37 1024
38 2
38 5
38 1573
38 1406
38 882
38 628
38 396
38 700
42 1973
42 817
42 868
42 180
42 1182
44 42
44 1019
47 664
47 1287
47 422
47 294
47 390
51 2
51 3
51 10
51 16
51 18
51 23
51 1086
51 1283
51 1854
52 2
52 3
52 10
52 34
52 1652
52 765
53 2
53 3
53 10
53 16
53 18
53 666
54 2
54 3
54 1237
54 538
54 1169
54 648
54 1835
54 286
56 2
56 3
56 345
58 2
58 3
58 10
58 16
58 18
66 2
66 3
66 10
66 224
66 147
66 827
69 2
69 3
69 10
69 16
69 689
69 11
69 1505
69 419
69 311
69 373
69 1772
70 2
70 3
70 10
70 16
70 18
70 23
70 143
70 1027
70 795
70 895
74 2
74 3
74 10
74 16
74 18
74 1798
74 511
74 450
74 800
74 1168
74 478
74 1577
76 2
76 3
76 10
76 16
76 29
76 1174
76 1072
76 1105
76 700
76 1837
78 2
78 3
78 10
78 16
78 29
78 76
78 1112
78 1712
78 371
78 779
78 1087
78 991
80 2
80 3
80 10
80 16
80 18
80 769
80 1278
80 1902
80 224
80 762
80 1373
82 2
82 3
82 10
82 16
82 29
82 76
82 78
83 1280
83 1097
83 1504
83 778
83 1174
83 738
83 166
83 1581
83 968
84 83
84 1436
84 1004
84 1637
84 1714
87 64
87 1901
87 1804
88 42
88 44
90 2
90 19
90 920
90 165
90 1107
90 1652
91 2
91 3
91 469
92 2
92 3
92 11
93 2
93 3
93 10
93 16
93 18
93 80
93 1315
93 428
93 1371
93 1121
93 910
93 778
93 1734
93 650
97 2
97 3
97 10
97 16
97 29
97 634
97 1770
97 511
97 968
97 1033
97 1870
97 1611
97 369
97 1238
97 683
97 1402
97 1278
97 1277
98 2
98 3
98 10
98 16
98 18
98 1476
98 289
98 946
98 19
98 959
98 1166
100 42
100 44
100 1429
100 384
100 1209
100 675
100 1082
100 37
100 616
104 2
104 5
104 38
106 2
106 5
106 513
106 1608
106 1086
110 2
110 19
110 246
110 1928
110 255
111 2
111 3
111 10
111 16
111 29
111 97
112 1361
112 1804
112 1918
113 2
113 5
113 26
113 381
113 1628
113 653
113 408
113 987
114 2
114 3
114 10
114 16
114 29
117 2
117 3
117 10
117 16
117 18
117 932
117 779
117 56
117 199
117 1227
117 1140
119 1025
125 2
125 3
125 10
125 16
125 29
125 97
125 111
125 1010
125 1162
125 1057
125 765
125 705
125 1518
125 981
125 1278
125 100
125 1352
128 2
128 3
128 37
129 42
129 1786
129 1462
137 2
137 5
138 1155
138 1870
138 594
139 47
139 355
139 1050
139 1329
139 928
139 1912
139 1723
140 2
140 3
140 54
141 2
141 3
141 10
141 34
141 52
142 2
142 3
142 1591
142 1596
142 465
142 1539
143 2
143 355
143 1130
145 2
145 3
145 10
145 34
145 52
145 1252
145 1743
145 1056
145 833
145 1519
146 289
146 736
146 648
146 1818
147 2
147 3
147 10
147 16
147 157
147 1337
147 1087
147 1637
147 98
147 383
147 1630
149 2
149 3
149 10
149 66
149 188
149 430
149 1455
149 754
149 438
149 1790
149 535
149 1194
149 1152
149 1993
149 234
150 2
150 3
150 315
150 344
150 917
150 1701
150 1857
151 2
151 143
151 1419
151 511
151 845
151 1277
151 543
151 1714
151 610
151 1869
151 437
151 555
151 199
153 2
153 3
153 10
153 16
153 18
153 23
153 70
153 630
153 1402
153 744
153 940
153 1157
153 1190
153 480
153 955
153 246
155 2
155 3
155 10
155 16
155 18
155 83
155 1436
155 1655
155 769
155 1863
155 1853
156 2
156 3
156 10
156 66
156 865
156 1256
156 859
157 2
157 3
157 54
157 140
157 699
157 283
157 66
157 537
157 1524
157 1877
157 527
157 158
158 2
158 19
158 1818
158 259
158 1004
158 1362
161 2
161 3
161 10
161 16
161 29
161 114
161 924
161 1755
161 157
161 1084
161 891
161 1584
161 1893
161 70
161 892
161 610
161 569
161 666
161 787
161 1344
161 1623
161 532
161 1978
161 1312
162 2
162 143
162 151
162 150
162 634
162 723
162 935
162 344
162 910
162 665
162 1280
162 1469
162 882
162 1837
162 775
164 2
164 3
164 1984
164 104
164 1256
164 1672
164 1121
164 1342
164 1094
164 348
164 260
165 2
165 3
165 37
166 2
166 3
166 10
166 16
166 1045
166 1690
166 1667
166 761
166 1400
166 735
166 1277
166 965
166 694
166 799
167 2
167 3
167 10
167 16
167 18
167 1349
167 1843
167 799
167 1278
167 456
167 1848
167 1979
168 2
168 3
168 54
168 1161
168 936
168 1908
168 112
168 158
168 1738
168 695
168 1103
168 140
168 797
168 1485
168 291
168 186
168 98
168 404
177 2
177 143
177 151
177 1842
177 722
177 650
177 833
177 599
177 243
177 1297
177 1118
179 2
179 3
179 10
179 16
179 18
179 23
179 70
179 627
179 787
179 1183
180 2
180 3
180 10
180 66
180 551
180 562
180 1098
180 723
181 2
181 3
181 37
181 128
182 2
182 3
182 54
182 140
182 157
182 1315
182 168
182 597
182 538
185 2
185 3
185 10
185 34
185 111
185 735
185 1573
185 941
185 665
185 1227
185 177
186 2
186 3
186 10
186 34
186 52
186 141
186 612
186 1713
186 1152
188 2
188 3
190 42
190 44
190 88
190 1928
190 1456
190 64
190 369
190 882
190 1388
190 1991
190 1979
190 1868
190 1781
190 1866
194 112
194 1504
194 326
194 1948
194 1808
194 1985
194 1367
194 965
194 632
195 2
195 3
195 54
195 140
195 157
195 290
195 845
195 527
196 112
197 2
197 3
197 54
197 1863
197 1966
197 859
197 661
197 444
197 800
197 240
197 941
197 1814
197 47
197 1349
197 1873
199 2
199 3
199 10
199 16
199 18
199 80
199 507
199 312
201 2
201 3
201 150
201 1596
201 1721
201 950
201 1481
201 599
201 1924
206 83
206 84
206 367
206 763
206 845
206 153
206 1641
206 1476
206 590
208 2
208 19
208 110
209 119
209 1427
209 1714
209 532
209 1961
209 627
210 2
210 3
210 10
210 16
210 29
210 1002
210 407
210 415
210 906
212 2
212 3
212 54
212 1851
212 693
212 1810
212 915
212 501
212 1248
212 373
213 112
213 196
213 1817
213 1651
213 1091
214 119
214 209
214 1862
214 1596
214 492
219 936
219 700
219 1942
219 1782
220 1057
220 1222
220 864
220 767
220 861
220 872
220 44
221 2
221 3
221 10
221 16
221 29
221 151
221 147
221 694
221 549
221 1443
221 1766
224 2
224 19
224 158
224 721
224 3
224 1856
224 532
224 294
224 1880
224 290
224 249
226 2
226 3
226 54
226 140
226 936
226 1322
226 437
228 2
228 3
228 10
228 16
228 29
228 1236
228 158
228 1713
228 437
228 1967
228 1993
228 981
228 691
228 349
228 890
228 1027
228 732
228 1019
228 551
230 2
230 3
230 10
230 16
230 29
230 76
230 78
230 179
230 503
230 664
230 1402
230 119
230 1680
230 1877
230 1413
230 1842
230 1194
230 1409
234 2
234 3
234 10
234 34
234 537
234 1190
234 1472
234 671
234 1416
234 1066
234 1753
234 1177
234 1093
234 290
239 2
239 19
240 32
240 1837
240 851
242 2
242 3
242 11
242 1207
242 166
242 1004
242 1525
242 1608
242 327
242 149
243 853
243 918
246 2
246 937
246 1973
246 330
247 1362
247 1441
247 1595
247 1575
247 1755
247 1032
247 76
247 966
247 835
247 1551
247 1257
247 714
247 1699
248 1281
248 407
249 2
249 143
249 151
249 177
249 1743
249 260
249 537
249 1605
252 2
252 5
252 1050
252 1660
252 1248
252 179
252 1002
252 631
255 2
255 143
255 151
255 177
255 1423
255 1922
255 1032
255 1406
256 2
256 3
256 1306
256 642
256 698
256 1050
259 2
259 3
259 10
259 34
259 52
259 141
259 1256
259 1364
259 1676
259 53
259 688
259 1966
259 1668
259 1305
259 907
259 1244
259 1595
260 2
260 3
260 10
260 34
260 52
260 141
260 1271
260 1525
260 989
260 1948
260 1798
260 18
263 2
263 3
263 1005
263 1021
266 2
266 3
266 37
266 1962
266 968
266 1993
272 2
272 3
272 11
279 2
279 3
279 10
279 347
283 2
283 3
283 10
283 16
283 18
283 1315
283 362
284 2
284 3
284 10
284 16
284 18
284 463
284 478
284 682
284 272
284 1571
284 681
286 2
286 3
286 54
286 197
286 1346
286 1918
288 2
288 3
288 10
288 16
288 18
288 23
288 35
288 418
288 677
288 631
288 433
288 692
288 681
289 42
289 44
289 88
289 506
289 1796
289 1684
289 1599
289 1361
289 1898
289 1755
290 2
290 3
290 54
290 140
290 157
290 195
291 2
291 3
291 10
291 16
291 18
291 486
291 616
291 936
291 1419
291 362
291 1250
291 700
291 1743
291 1438
292 2
292 3
292 10
292 16
292 29
292 1655
292 918
292 654
292 294
294 47
294 1322
294 1623
294 348
294 886
300 2
300 5
300 1948
300 147
300 1094
300 761
300 1383
306 2
306 3
306 164
306 1924
306 331
306 419
306 1726
308 97
308 1714
308 1468
308 1549
308 899
310 83
310 84
310 628
310 177
310 1512
310 1785
310 1050
310 393
310 1688
310 895
310 1798
311 2
311 5
311 106
311 466
311 896
311 736
312 2
312 19
312 1182
312 828
312 595
312 706
315 42
315 44
315 88
315 1645
319 42
319 44
319 1973
320 2
320 3
320 10
320 16
320 29
320 1802
320 1024
320 555
320 1373
320 1731
320 1660
320 209
322 2
322 3
322 10
322 66
322 1456
322 1416
322 1969
322 1230
322 220
322 64
322 1695
322 344
325 2
325 3
325 10
325 16
325 147
326 924
326 1695
326 155
326 568
327 2
327 3
327 10
327 66
327 1663
327 828
327 1457
327 228
327 80
327 1924
327 448
327 599
327 1423
327 1961
327 84
327 212
327 874
327 712
327 1294
328 2
328 3
328 37
328 128
328 181
328 396
328 1250
328 1512
330 2
330 3
330 10
330 16
330 18
330 80
330 199
330 746
330 1864
330 1814
330 1847
330 712
330 461
330 786
330 343
330 32
330 701
330 1524
330 93
330 1317
330 1772
330 1320
330 1055
330 775
330 1315
330 1321
331 2
331 3
331 10
331 16
331 18
331 284
332 2
332 143
332 151
332 177
332 249
332 421
332 891
332 1854
332 213
332 64
334 2
334 5
334 26
334 879
334 35
334 255
334 209
334 1522
334 1695
334 595
334 1630
334 1752
334 1293
334 575
334 1250
334 350
336 32
336 129
336 1134
336 1635
336 501
338 219
338 1839
338 430
338 551
338 1011
338 623
338 709
343 2
343 3
343 10
343 16
343 18
343 80
343 199
343 1518
343 1574
343 551
343 145
343 1877
343 1867
343 1147
344 1530
344 761
344 1423
344 383
345 2
345 3
345 10
345 16
345 18
345 23
345 35
345 1153
345 1472
345 955
345 1947
347 2
347 3
347 10
347 279
347 371
347 803
347 292
347 537
347 325
347 1539
347 1777
347 1131
347 1003
347 1851
347 1106
347 1378
347 266
347 353
347 1973
348 2
348 19
348 158
348 224
349 2
349 3
349 10
349 16
349 29
349 97
349 111
349 763
349 1862
351 2
351 3
351 10
351 16
351 29
351 76
351 78
351 82
351 294
351 921
351 568
351 894
353 2
353 19
353 239
353 382
353 827
353 798
353 456
353 630
353 1947
353 1378
353 1995
353 1150
353 926
355 2
355 19
357 2
357 3
357 10
357 16
357 18
357 291
359 32
359 64
359 1458
361 2
361 3
361 10
361 16
361 18
361 23
361 51
361 552
361 1993
361 1027
361 100
362 2
362 3
362 11
362 92
362 1968
362 595
362 735
362 1179
362 738
362 1895
366 32
366 1132
366 808
366 1317
367 2
367 3
367 10
367 16
367 18
367 23
367 853
367 1575
367 1369
367 803
367 1019
368 2
368 3
368 10
368 16
368 29
368 97
368 738
368 817
369 2
369 3
369 10
369 16
369 29
369 1566
369 1333
369 1618
369 1322
369 1886
369 1423
369 894
369 347
369 1080
369 1811
371 2
371 3
371 10
371 16
371 166
371 1494
371 1549
371 799
371 1731
371 529
371 932
371 1397
373 2
373 3
373 10
373 279
373 454
373 1443
373 1566
373 1617
375 2
375 3
375 10
375 16
375 18
375 23
375 51
378 2
378 19
378 158
378 698
378 1284
381 64
382 2
382 3
382 10
382 16
382 18
382 23
382 1024
383 2
383 3
383 10
383 16
383 18
383 1163
383 190
383 1383
383 208
383 1026
383 1056
383 984
383 995
383 145
383 543
383 1995
383 1854
384 32
384 1003
384 1231
384 1699
384 1525
384 1869
384 385
384 606
384 1872
384 153
385 2
385 3
390 2
390 5
390 137
390 327
390 1939
390 480
390 920
390 1037
390 91
390 1428
390 1544
390 252
390 1501
393 2
393 5
393 26
393 507
396 2
396 19
396 90
399 2
399 3
399 10
399 16
399 18
399 23
399 51
402 2
402 3
402 10
402 34
402 52
402 141
402 1684
402 311
402 1857
402 1397
402 1918
402 487
402 125
402 1971
402 1564
403 2
403 3
403 10
403 16
403 18
403 155
403 158
403 1581
403 1755
403 501
404 112
404 196
404 213
404 106
404 1003
404 1623
407 2
407 5
407 26
407 353
407 1078
407 714
407 242
407 941
407 393
407 1969
407 450
415 2
415 19
415 90
415 312
415 641
415 1041
415 723
415 606
415 436
415 1208
415 955
415 1246
415 1389
418 2
418 3
418 10
418 16
418 18
418 383
418 851
418 430
418 1305
418 948
418 92
418 443
418 1857
418 594
419 2
419 19
419 312
419 1618
419 1005
419 469
419 1908
419 1917
419 1822
419 371
419 1886
419 852
419 1561
419 1014
419 1600
419 1050
419 37
419 1336
421 2
421 3
421 142
422 2
422 19
422 90
422 1301
422 349
422 486
427 2
427 3
427 10
427 16
427 29
427 76
427 78
427 82
427 351
427 199
427 408
427 924
427 162
427 1546
428 2
428 3
428 10
428 16
428 29
428 97
428 111
428 349
428 486
428 1755
428 1572
428 143
430 119
430 209
430 1056
430 470
430 706
432 2
432 3
432 10
432 16
432 18
432 23
432 70
432 153
432 1998
432 1835
432 1024
432 809
432 1225
432 1027
432 827
432 840
432 1445
432 1333
432 1010
433 2
433 3
433 10
433 279
433 765
433 1687
433 1419
433 1148
433 1416
433 848
433 958
436 2
436 3
436 10
436 66
436 322
436 362
436 470
436 1174
436 32
436 694
437 2
437 3
437 10
437 34
437 52
437 141
437 260
437 864
437 1188
437 989
438 32
438 1905
438 555
438 228
438 1918
438 100
438 902
439 2
439 3
439 263
439 1192
439 1322
439 1589
439 1562
439 1317
439 1596
439 1415
439 403
439 520
439 1147
439 1280
439 1087
439 10
439 763
439 691
439 450
439 1876
439 1209
442 1496
442 1134
442 1419
442 623
442 1326
442 1140
442 1147
442 604
442 1673
442 1956
442 587
442 508
442 325
442 1917
442 1226
443 2
443 3
443 10
443 66
443 500
443 985
443 1457
443 809
443 1294
443 1491
443 1970
443 492
443 1014
443 1781
443 1680
443 762
443 125
443 714
443 1003
444 2
444 19
444 1774
444 1984
444 616
447 2
447 3
447 10
447 16
447 18
447 80
447 199
447 330
447 747
447 875
447 322
447 1180
447 1178
447 1905
448 2
448 3
448 10
448 16
448 29
448 97
448 869
448 91
448 375
450 47
450 294
450 1415
450 147
452 64
452 87
452 70
454 2
454 5
454 300
454 1297
454 868
454 1084
454 1106
454 1327
454 1750
454 595
454 850
454 1209
454 1379
454 263
454 800
455 32
455 932
455 731
456 2
456 3
456 10
456 66
456 180
456 38
456 754
456 868
456 506
456 1589
456 1753
458 2
458 3
458 10
458 16
458 29
459 2
459 3
459 10
459 16
459 18
459 98
459 1107
459 345
459 1147
459 746
459 968
459 1967
459 1868
459 147
459 1032
459 1890
459 755
459 1661
460 2
461 32
461 774
461 1119
461 1098
461 1600
463 372
463 1163
463 1539
463 1600
463 16
463 658
463 604
463 151
465 2
465 3
465 10
465 16
465 520
465 1294
465 194
465 1661
465 308
465 444
466 2
466 3
466 10
466 16
466 18
466 291
469 2
469 19
469 110
469 208
469 196
469 1692
469 1843
469 142
469 52
469 1425
469 1013
469 798
470 2
470 3
470 10
470 16
470 29
470 76
470 78
470 1109
470 1692
470 1024
470 367
470 1201
470 1851
470 695
471 2
471 3
471 10
471 16
471 29
471 97
471 368
471 1311
471 1157
471 1390
471 1998
473 47
473 294
473 1735
473 882
477 2
477 3
477 10
477 16
477 501
477 1862
477 735
477 731
477 1078
477 51
477 1501
477 833
478 2
478 143
478 151
480 2
480 3
480 56
480 981
480 1237
481 32
482 2
482 5
482 300
486 42
486 44
486 319
486 1853
486 1966
486 1814
486 481
487 42
492 2
492 3
492 10
492 16
492 260
492 1067
492 1577
492 1673
492 834
493 2
493 3
493 10
493 16
493 18
493 23
493 51
496 83
496 84
498 2
498 3
498 10
498 66
498 443
498 1547
498 1381
498 327
498 1667
498 272
498 629
498 1112
498 894
500 2
500 3
500 10
500 16
500 18
500 291
500 1002
500 436
500 967
500 1248
500 1970
501 42
501 44
501 926
501 1397
501 459
503 42
503 44
503 88
503 289
503 794
503 1086
503 915
504 2
504 3
504 54
504 140
504 157
504 1803
504 622
504 470
504 1236
504 1361
504 98
504 1848
504 1480
504 1599
504 1152
504 1131
504 835
504 606
506 1271
506 421
506 1667
506 562
506 809
506 357
507 2
507 3
507 10
507 16
507 147
507 615
507 19
507 129
507 368
507 894
507 1415
507 1085
507 1504
507 1687
507 1227
507 917
507 224
507 74
507 385
508 2
508 3
508 10
508 66
508 156
508 260
508 1188
508 1271
508 1207
508 692
508 1539
508 1456
508 1445
508 1385
508 967
508 731
508 209
508 463
508 864
508 491
508 1133
508 1337
508 1834
508 1873
508 1003
508 604
508 642
511 47
511 1962
511 1846
511 1078
511 437
511 1654
512 2
512 3
512 37
512 973
512 1893
512 1006
512 240
513 2
513 19
513 239
516 1066
516 1663
516 448
519 2
519 3
519 10
519 16
519 18
519 80
519 199
519 330
519 100
519 1530
519 1080
519 1682
519 1349
519 1663
519 259
519 432
519 74
519 1962
520 2
520 3
520 10
520 16
520 18
522 2
522 1863
522 1275
522 1734
522 469
522 331
522 1459
522 390
522 604
525 2
525 3
525 10
525 16
525 18
525 284
525 19
525 1994
525 513
525 706
527 2
527 19
527 158
527 224
527 1692
527 1818
527 1429
527 1097
529 83
529 520
529 1240
529 19
529 580
529 421
529 1611
529 910
529 266
529 762
529 1434
529 879
529 1161
529 1082
529 1562
529 11
529 155
529 886
531 2
531 3
531 10
531 34
531 795
531 328
531 5
531 625
531 442
531 891
531 1265
532 2
532 3
532 10
532 16
532 18
532 23
532 51
535 2
535 3
535 10
535 66
537 1362
537 736
537 1775
537 1157
537 881
538 32
542 2
542 3
542 10
542 16
543 350
543 752
543 343
543 1969
544 2
544 19
544 158
544 224
546 2
546 3
546 11
546 272
546 247
546 720
546 1055
546 1540
547 2
547 3
547 56
547 289
548 2
548 3
548 10
548 16
548 18
548 117
548 1406
548 879
548 438
548 190
548 1363
548 1081
548 128
549 112
549 196
549 213
549 404
549 384
549 1508
549 1249
549 259
549 1835
549 798
549 1595
549 1438
549 310
551 2
551 19
551 239
551 353
551 554
551 1973
552 76
552 840
552 470
553 2
553 3
553 150
553 201
554 2
554 3
554 10
554 16
554 29
554 114
554 161
555 2
555 3
555 37
556 42
556 44
556 88
556 1041
556 503
556 52
556 1301
556 1739
556 470
556 700
556 675
558 2
558 3
558 37
558 128
558 181
558 328
558 716
558 1097
558 1584
558 384
558 481
559 2
559 3
562 2
562 3
562 10
562 66
562 327
562 443
562 1947
562 1150
562 600
562 1997
562 1995
562 1033
568 2
568 3
568 10
568 16
568 18
568 80
568 199
568 723
568 594
569 32
569 538
569 1051
569 508
569 452
569 562
569 155
569 491
569 1302
569 54
569 373
569 1651
569 351
569 444
569 861
570 491
575 2
575 19
575 90
575 396
575 674
575 1401
576 1722
576 1041
576 219
576 932
578 2
578 5
578 26
578 767
578 137
578 1023
578 888
578 1436
578 247
578 1379
578 76
580 2
580 3
580 10
580 16
580 18
580 80
580 199
580 343
583 2
583 5
583 300
583 1719
583 1227
583 731
583 580
587 2
587 3
587 142
587 206
587 1795
587 1434
587 881
587 1456
587 1413
587 1301
587 664
587 1971
587 716
589 2
589 3
589 10
589 279
589 1866
589 300
589 1201
589 382
589 681
589 1980
590 2
590 3
590 54
590 140
590 157
590 248
590 1168
590 995
590 691
590 1438
590 209
594 2
594 3
594 37
594 128
594 181
594 166
594 1864
594 469
594 1970
595 2
595 3
595 150
595 201
596 2
596 3
596 10
596 34
596 52
596 141
596 259
596 590
596 473
596 1505
596 1808
596 368
596 661
596 1570
596 919
596 721
596 871
596 1459
597 2
597 3
597 37
597 407
597 42
597 1182
597 568
597 852
599 32
599 366
599 1796
599 1155
599 969
599 654
599 1916
599 658
599 1839
599 985
600 2
600 3
600 37
600 597
600 1701
600 1893
600 761
600 995
600 1775
600 1045
604 2
604 3
604 10
604 66
604 535
604 1726
604 210
604 196
606 2
606 3
606 10
606 16
606 18
606 117
608 2
608 3
608 150
608 201
610 83
610 84
610 1105
610 1663
610 1688
610 1480
610 908
612 2
612 3
612 10
612 279
612 589
612 213
612 1402
612 91
612 698
612 496
612 1322
612 291
612 1867
612 637
612 1299
615 42
615 44
615 23
615 1098
615 294
615 1265
615 817
615 580
616 2
616 965
616 145
616 240
616 1994
616 1342
616 610
617 42
617 44
617 88
617 289
617 512
617 712
617 1796
617 367
617 1824
617 1487
617 1872
617 1415
618 2
618 3
618 10
618 16
618 29
618 292
621 2
621 3
621 10
621 16
621 18
621 23
621 51
621 666
621 735
621 1970
621 291
621 1790
621 167
621 1846
621 1396
621 1994
621 1434
622 2
622 3
622 10
622 16
622 18
622 787
622 610
622 177
622 1508
622 1723
622 1873
622 1222
622 47
622 430
623 2
623 3
623 10
623 66
623 535
623 604
623 874
623 1425
623 140
623 1313
623 256
624 2
624 5
624 26
624 578
624 1281
624 1317
624 1029
624 506
624 164
624 1941
624 1385
625 2
625 3
625 54
625 140
625 754
625 1772
627 2
627 3
627 263
628 2
628 3
628 11
628 809
628 853
628 90
628 1777
629 2
629 3
629 10
629 16
629 29
629 97
629 111
629 1381
629 1956
629 555
629 926
629 1863
629 859
629 744
629 1140
629 1547
629 720
629 966
629 288
630 2
630 5
630 26
630 578
630 589
630 835
630 1356
630 1364
630 1654
630 1562
630 1498
630 1361
630 1957
631 64
631 381
631 47
631 544
631 1347
631 594
631 52
632 2
632 3
632 10
632 16
632 18
632 23
632 51
632 375
632 928
632 554
632 705
632 1401
632 671
632 480
632 659
632 29
632 1668
633 2
633 19
633 90
633 396
633 181
633 1095
633 1996
633 481
633 1436
633 38
633 436
633 576
633 1231
633 1052
634 2
634 3
634 10
634 16
634 29
634 114
634 508
634 436
634 1370
634 1248
635 2
635 19
635 158
635 224
637 2
637 3
637 10
637 16
637 18
637 291
637 357
639 2
639 3
639 10
639 16
639 166
639 371
639 52
639 1197
639 1570
639 439
641 2
641 3
641 10
641 16
641 18
641 80
641 199
641 330
641 1301
641 1153
641 1162
641 70
642 2
642 3
642 10
642 66
642 322
642 1810
642 1546
646 2
646 143
646 1496
646 348
646 1491
646 731
646 916
646 1312
648 2
648 3
648 10
648 16
648 18
648 23
648 51
648 195
648 70
648 1163
648 1641
648 792
648 359
648 224
648 1293
648 888
648 1848
648 1500
650 2
650 143
653 2
653 3
653 10
653 16
653 18
653 1546
653 438
653 393
653 1573
653 471
654 2
654 3
654 10
654 16
654 18
654 23
654 51
654 621
655 2
655 3
655 142
658 2
658 3
658 10
658 16
658 69
658 242
658 459
658 228
658 1491
658 1584
658 1407
658 29
659 2
659 143
659 151
659 177
659 900
659 1388
659 1862
659 686
659 961
659 1566
659 78
661 2
661 3
661 10
661 66
661 322
661 808
661 186
663 42
663 129
663 1616
663 755
663 639
663 382
664 2
664 3
664 54
664 140
664 226
664 117
664 56
664 1770
664 338
665 2
665 3
665 10
665 16
665 29
665 228
666 42
666 129
666 663
666 1682
666 18
666 799
666 1275
666 396
666 913
666 1935
666 1118
671 2
671 143
671 151
671 177
671 864
671 1326
671 650
671 1401
674 2
674 3
674 10
674 66
674 443
674 498
674 345
674 1049
674 1168
674 1519
674 691
675 2
675 3
675 10
675 16
675 29
675 1312
675 1857
677 32
677 481
677 715
677 1612
677 470
677 1457
677 404
677 349
677 1222
681 146
682 2
682 19
682 1993
682 1848
683 2
683 3
683 11
683 272
683 1562
683 1566
683 1397
683 1157
683 1363
684 2
684 3
684 10
684 16
684 18
686 248
686 1087
686 813
686 447
688 716
688 1739
688 924
689 2
689 3
689 10
689 34
689 52
689 141
689 186
691 2
691 3
691 260
691 1379
691 1093
691 88
691 637
691 1145
691 1974
691 455
692 2
692 19
692 110
692 208
692 469
692 1434
692 1688
692 1081
692 1327
692 966
692 906
692 1849
693 2
693 19
693 639
693 1045
693 1985
693 1455
694 2
694 3
694 10
694 16
694 18
694 74
694 661
694 504
694 1505
694 1249
694 1599
695 2
695 3
695 10
695 16
695 18
695 23
695 140
697 2
697 3
697 54
697 140
697 42
697 1032
697 691
697 334
698 2
698 3
698 10
698 16
698 18
698 80
698 199
698 330
698 447
698 185
698 1660
698 1574
698 69
699 2
699 3
699 10
699 16
699 29
699 228
700 2
700 5
700 26
700 578
700 630
700 950
700 234
700 712
700 143
700 1013
700 1617
700 110
700 875
701 213
701 51
701 1301
701 1589
701 1161
701 778
701 197
701 336
705 2
705 3
705 10
705 1021
705 1336
705 892
705 201
705 480
705 762
705 165
705 1910
705 185
705 699
705 347
706 2
706 3
706 54
706 140
706 157
706 195
709 2
709 246
709 428
709 508
709 1818
709 373
709 1371
709 1370
709 1397
709 1487
709 1498
709 848
709 155
709 1561
709 965
709 1150
709 383
712 2
712 3
712 1846
712 610
712 1032
712 145
712 348
712 928
712 147
712 520
712 890
712 576
712 589
712 596
712 1292
712 993
712 1895
714 381
714 555
714 910
714 775
714 1640
714 924
715 32
715 538
715 569
715 442
715 629
715 987
715 714
715 243
715 1109
716 2
716 3
716 10
716 66
716 443
716 332
716 1318
716 1773
716 1496
717 2
717 3
717 11
717 955
717 1441
717 433
717 221
717 1379
717 665
717 1188
717 735
720 2
720 3
721 2
721 3
721 10
721 16
721 18
721 291
721 466
722 2
722 3
722 150
722 201
722 553
722 1056
722 948
722 1320
722 1082
722 460
722 695
723 344
725 2
725 3
725 10
725 16
725 18
725 291
725 466
725 1168
725 1344
725 641
725 1779
725 460
727 2
727 3
727 142
728 2
728 3
728 10
728 16
728 18
728 53
728 1275
728 1072
728 1370
728 455
730 2
730 3
730 10
730 16
731 2
731 3
731 10
731 16
731 18
731 23
731 51
731 361
732 2
732 19
732 110
735 2
735 3
735 10
735 279
735 589
735 612
736 2
736 3
736 10
736 16
736 18
736 23
736 695
736 128
738 2
738 3
738 10
738 279
738 347
738 1004
738 1213
738 754
743 2
743 3
743 10
743 16
743 29
743 97
743 1456
743 955
743 1995
743 473
743 562
743 433
743 1667
744 2
744 3
744 10
744 16
744 18
744 167
744 1796
744 694
744 185
744 1133
744 1101
745 2
745 19
745 90
745 396
745 575
745 1636
745 1895
745 891
745 661
745 853
745 1293
745 97
745 738
746 2
746 5
746 26
746 827
746 438
746 110
746 444
746 212
746 1010
746 151
746 693
746 1230
746 1796
747 2
747 3
747 10
747 34
747 52
747 141
747 903
747 1660
747 610
747 427
752 2
752 3
752 10
752 16
752 18
752 155
754 2
754 3
754 10
754 16
754 29
754 369
754 478
754 1539
754 1924
754 1916
754 1161
754 1890
755 2
755 3
755 10
755 16
755 18
755 450
755 568
755 1611
755 1383
755 731
755 349
755 1292
761 2
761 3
761 10
761 66
761 562
761 26
761 460
761 1564
761 1775
761 1522
761 1178
761 168
761 197
761 1159
762 442
763 32
766 2
766 19
766 312
766 419
766 1072
766 835
766 774
766 1903
766 138
766 1004
766 1804
766 1660
766 248
766 452
766 1445
766 1082
766 98
766 1697
766 1213
767 2
767 3
767 10
767 66
767 322
767 1014
767 1591
767 552
767 382
767 900
767 1345
767 210
767 747
767 1625
769 2
769 3
769 10
769 16
769 29
769 114
769 161
774 2
774 143
774 151
774 478
775 2
775 3
775 150
775 201
775 608
775 1227
775 1864
775 372
775 461
775 1781
777 47
777 511
777 186
777 2
777 111
777 1333
777 69
778 2
778 3
778 10
778 1640
778 1544
778 78
778 752
778 151
778 1615
778 1336
778 1508
778 1912
778 865
778 1157
778 1856
778 1413
778 357
778 634
778 674
779 2
779 5
779 106
779 53
779 247
779 1423
783 64
783 161
783 112
783 556
783 443
783 1573
783 1893
786 2
786 3
786 10
786 16
787 2
787 3
787 804
787 504
787 1355
787 1970
787 137
787 1011
787 558
792 2
792 3
792 10
792 16
792 18
792 1566
792 504
792 372
792 1344
792 1272
792 1870
792 1611
792 1713
792 1692
792 775
792 902
792 361
792 367
792 255
792 752
792 1134
792 1148
794 2
794 3
794 10
794 16
794 29
795 2
795 3
795 1386
795 928
795 1045
795 1625
795 886
795 1973
795 549
795 350
795 1103
797 2
797 3
797 150
797 201
797 595
797 1714
797 1370
797 1928
798 2
798 3
798 10
798 16
798 478
798 146
798 1720
798 568
799 2
799 3
799 54
799 288
799 664
800 2
800 3
800 54
800 1041
800 580
800 556
800 498
800 1019
800 348
800 1612
800 437
800 503
801 2
801 3
801 10
801 34
801 52
801 141
801 1177
801 876
801 936
801 664
801 895
801 777
801 456
801 735
801 93
802 2
802 3
802 54
802 140
802 226
802 664
802 1130
803 2
803 3
803 10
803 16
803 18
803 291
803 466
803 1004
803 1922
803 531
803 641
803 1655
803 1402
803 150
803 1150
803 1109
803 1957
803 1774
804 32
804 1530
804 542
804 1313
804 1062
804 1937
804 442
804 1996
804 1067
804 1370
807 212
807 1472
807 1386
807 1441
807 570
807 247
807 735
808 2
808 3
808 10
808 16
808 18
808 80
808 199
808 330
808 447
808 698
808 1396
808 310
808 928
808 1934
808 300
809 32
809 1570
813 2
813 5
813 26
817 2
817 19
817 444
817 312
817 508
817 52
817 1169
827 2
827 3
827 11
827 242
827 675
827 1346
827 576
828 2
828 19
828 110
828 208
828 469
828 692
828 82
828 1636
828 892
828 1991
833 42
833 129
833 1756
833 1014
833 437
833 1732
833 1121
833 382
833 1835
834 83
834 84
834 206
835 2
835 3
835 10
835 16
835 18
835 53
835 1512
835 798
835 926
835 1343
840 2
840 3
840 10
840 16
840 18
840 23
840 51
840 532
840 1905
840 1397
840 1419
840 1117
840 112
840 1991
840 1292
840 1346
840 891
845 2
845 3
845 10
845 16
845 18
845 23
845 35
846 2
846 3
846 10
846 16
846 18
846 291
846 403
846 349
846 623
846 1785
846 1513
848 2
848 3
848 10
848 16
848 18
848 80
848 199
848 1652
848 439
848 1941
848 1067
848 407
848 1924
848 348
848 512
850 32
850 366
850 448
850 1404
850 639
850 3
850 981
850 1692
850 1006
851 2
851 3
851 10
851 16
851 29
851 97
851 111
852 2
852 5
852 300
852 583
853 2
853 3
853 385
853 38
853 1429
859 32
859 804
859 1086
859 448
859 399
861 2
861 3
861 37
861 597
861 504
861 1463
861 548
861 1551
861 1147
861 1464
861 893
861 1569
861 91
861 84
861 436
861 252
861 809
862 2
862 3
862 10
862 16
862 18
862 23
862 382
862 1695
862 1451
862 113
864 2
864 3
864 10
864 16
864 18
864 1658
865 42
865 44
865 88
865 315
865 881
865 730
865 197
865 263
865 450
865 272
865 1192
865 1032
865 366
865 1668
865 705
865 1423
865 1390
865 480
865 208
865 604
865 1917
868 2
868 3
868 10
868 16
868 18
868 23
868 382
868 862
868 1880
868 1877
868 879
868 1275
868 1814
868 615
868 1774
868 807
868 1551
869 2
869 460
869 705
869 1033
869 850
869 1546
870 2
870 19
870 158
870 224
871 308
871 42
871 1445
871 477
871 833
872 2
872 3
872 10
872 16
872 18
872 167
872 1600
872 681
872 1086
872 1371
872 1771
872 1464
872 801
872 1153
874 2
874 3
874 10
874 16
874 18
874 653
874 1566
874 935
874 532
874 1163
875 2
875 3
875 150
875 201
875 1052
875 256
875 917
875 10
875 1905
876 2
876 3
876 10
876 34
876 52
876 141
876 833
876 1037
876 1618
876 714
876 16
879 219
879 1928
879 194
881 2
881 3
881 10
881 16
881 18
881 23
881 51
881 935
881 1248
881 637
881 807
881 1549
881 1505
881 482
882 2
882 3
882 10
882 16
882 18
882 168
882 325
882 1482
886 2
886 19
886 158
886 224
886 527
886 343
886 948
886 1434
886 1329
886 104
886 357
886 1288
888 2
888 143
888 151
888 478
888 774
888 1957
888 315
888 1618
889 83
889 84
889 206
890 2
890 5
890 26
891 2
891 3
891 10
891 279
891 589
891 862
891 1924
891 487
891 1501
891 1893
891 428
891 1295
891 1093
892 2
892 3
892 10
892 66
892 322
892 642
893 2
893 3
893 10
893 16
893 18
893 283
893 138
893 1297
893 827
894 2
894 3
894 10
894 34
894 52
894 141
894 186
894 1084
894 730
894 1714
894 1832
894 1743
895 42
895 44
895 88
896 2
896 3
896 10
896 778
896 903
896 38
899 112
900 2
900 3
900 10
900 16
900 18
900 864
902 2
902 19
902 158
902 224
902 635
902 155
902 906
902 1752
902 1839
902 915
903 2
903 3
903 689
903 1743
903 486
903 326
903 859
905 190
905 113
905 732
905 23
905 1518
905 1086
905 1623
905 1905
906 2
906 3
906 691
907 344
907 723
907 642
907 965
907 1528
907 1428
907 1178
907 239
907 209
908 2
908 5
908 26
908 578
908 630
908 700
908 556
908 1118
908 141
908 471
908 1640
910 2
910 143
910 373
910 447
910 1103
910 1819
910 570
910 438
910 151
910 113
910 460
910 1487
910 334
910 1166
913 42
913 44
913 88
913 428
913 1617
913 209
915 2
915 3
915 10
915 16
915 18
915 53
915 835
915 1145
915 1491
916 64
916 381
916 1256
916 1201
916 1190
916 448
916 869
916 1566
916 1278
917 2
917 3
917 10
917 16
918 2
918 143
918 151
918 177
918 255
918 1400
918 1844
918 328
918 722
918 869
919 32
919 240
919 927
919 1570
919 1525
919 1732
919 527
920 2
920 3
920 10
920 16
920 18
920 167
920 941
920 430
920 272
920 383
921 2
921 3
921 10
921 16
921 29
921 1635
924 2
924 3
924 10
924 16
924 29
924 97
924 111
924 349
924 738
924 456
924 1994
924 1731
924 1481
924 80
924 1280
924 1342
924 1222
924 1427
926 2
926 3
926 150
927 42
927 44
927 165
927 1439
927 1428
927 882
927 1637
927 1082
927 1993
927 1231
927 1771
928 2
928 3
928 54
928 140
928 157
928 504
928 44
928 1438
932 2
932 3
932 10
932 16
932 18
932 74
932 1225
932 1722
935 714
936 2
936 3
936 10
936 66
936 149
936 850
936 1130
936 1168
936 1333
937 2
937 3
937 10
937 16
937 18
937 291
937 357
937 637
937 326
937 1564
937 1118
937 1256
937 548
938 2
938 5
938 26
938 334
938 1853
938 1846
938 465
938 1532
938 11
938 919
938 699
938 1756
938 1027
938 1134
940 2
940 3
940 10
940 66
941 2
941 3
941 10
941 16
941 18
941 23
941 70
941 891
941 362
941 396
946 32
946 240
948 219
948 338
948 452
948 1617
950 2
950 1386
950 1165
950 624
950 888
950 256
950 1960
950 1970
950 754
955 2
955 3
955 10
955 16
955 29
955 76
955 78
955 1488
955 1500
955 1998
955 1796
957 2
957 3
957 10
957 16
957 18
957 74
957 664
957 1182
957 1032
957 1027
957 995
957 338
957 1272
957 1842
958 2
958 3
958 10
958 16
958 18
958 58
959 2
959 3
959 11
959 92
959 362
959 146
961 2
961 3
961 10
961 66
961 535
961 150
961 864
961 332
961 199
961 1462
961 348
965 2
965 3
965 10
965 16
965 29
965 76
965 78
965 230
965 1237
965 596
966 2
966 5
966 106
966 311
966 937
966 421
966 70
966 1618
966 214
966 1385
967 2
967 3
967 10
967 16
967 18
967 23
967 51
967 648
967 991
967 985
967 119
967 1378
968 42
968 44
968 319
968 486
968 1942
968 1652
968 332
969 2
969 19
969 110
969 208
969 469
969 56
969 143
969 1844
969 890
970 2
970 3
970 10
970 16
970 29
970 76
970 78
970 82
970 351
970 1098
970 1721
970 1026
970 1457
970 373
970 720
973 2
973 3
973 10
973 16
973 18
973 23
973 35
973 845
973 1942
973 11
973 1482
973 54
981 2
981 5
981 1934
981 1775
981 915
984 629
984 827
984 213
984 747
985 2
985 3
985 10
985 16
985 147
985 325
985 1385
985 143
985 1860
985 1564
985 1905
985 807
985 907
987 2
987 3
987 10
987 34
987 52
987 141
987 747
987 1014
987 1413
987 1876
989 2
989 19
989 158
989 224
989 870
989 1584
989 1868
991 2
991 3
991 11
991 1512
991 1013
991 382
991 604
991 658
991 1532
991 1795
991 1936
991 182
991 353
993 42
993 129
993 663
993 1818
993 1189
993 1680
993 1895
995 2
995 3
995 10
995 16
995 18
995 23
995 500
995 1573
996 64
996 381
996 1091
996 993
996 1401
999 935
999 556
999 1734
1001 2
1001 3
1001 10
1001 16
1001 18
1001 80
1001 199
1001 330
1001 519
1001 263
1001 421
1001 1095
1001 568
1003 2
1003 3
1003 37
1003 1022
1003 1346
1003 463
1003 1052
1003 624
1003 1872
1003 538
1003 284
1003 1957
1003 767
1003 1256
1004 2
1004 3
1004 11
1004 332
1004 576
1004 1247
1004 1697
1004 1293
1004 491
1005 47
1006 32
1010 2
1010 3
1010 535
1010 1055
1010 752
1010 870
1010 1980
1010 675
1011 2
1011 3
1011 10
1011 34
1011 52
1011 141
1011 747
1011 393
1011 985
1013 344
1013 393
1013 125
1013 1174
1014 64
1014 381
1014 916
1014 114
1014 802
1014 993
1014 1342
1014 797
1014 1153
1016 2
1016 3
1016 10
1016 66
1016 322
1016 1525
1016 765
1016 875
1016 213
1018 491
1019 2
1019 3
1019 10
1019 66
1021 2
1021 3
1021 10
1021 16
1021 18
1021 23
1021 35
1021 1869
1021 1192
1021 1404
1021 1457
1022 138
1023 2
1023 3
1023 10
1023 34
1023 234
1023 940
1023 1917
1023 1991
1024 2
1024 3
1024 37
1024 597
1024 355
1024 531
1025 2
1025 3
1025 10
1026 344
1026 907
1026 496
1026 1802
1026 1713
1026 875
1026 1419
1026 797
1026 769
1026 677
1027 2
1027 3
1027 10
1027 16
1027 18
1027 23
1027 51
1029 2
1029 143
1029 151
1029 177
1029 255
1029 1103
1029 1860
1029 1785
1029 1419
1029 138
1032 42
1032 44
1032 88
1032 895
1032 648
1032 919
1032 903
1032 1464
1032 1505
1033 864
1033 1695
1033 804
1033 78
1037 2
1037 5
1037 106
1037 532
1037 864
1037 1869
1037 1611
1037 634
1037 738
1037 631
1037 1292
1037 872
1037 80
1041 32
1041 359
1041 1912
1041 259
1041 1049
1041 37
1045 1050
1045 80
1045 1802
1045 556
1049 2
1049 3
1049 10
1049 16
1049 29
1049 97
1049 111
1049 1866
1049 1956
1049 1472
1050 2
1050 143
1050 256
1050 327
1051 32
1051 723
1051 870
1051 845
1051 1401
1051 52
1051 689
1052 146
1052 681
1055 2
1055 246
1055 709
1055 69
1055 1828
1055 1456
1055 1838
1055 618
1055 37
1055 292
1055 156
1055 1902
1055 787
1055 1822
1055 1732
1055 243
1055 1425
1055 637
1055 1994
1055 828
1056 2
1056 3
1056 150
1056 201
1056 875
1056 743
1056 1971
1056 1107
1056 1599
1056 1663
1057 32
1057 384
1057 1362
1057 688
1057 529
1057 353
1057 747
1057 689
1057 556
1057 2
1062 2
1062 3
1062 54
1062 197
1062 286
1062 1081
1062 664
1062 761
1062 422
1062 1318
1062 473
1062 1078
1062 1033
1062 1240
1062 26
1066 2
1066 3
1066 150
1066 201
1066 595
1067 2
1067 3
1072 344
1072 1041
1072 437
1072 1213
1072 56
1072 1222
1072 1539
1078 2
1078 19
1080 2
1080 3
1080 10
1080 16
1080 542
1080 548
1080 1640
1080 546
1080 999
1080 1843
1080 1948
1082 344
1084 552
1084 688
1084 1445
1085 32
1085 384
1085 1057
1085 744
1085 1623
1086 1515
1086 343
1086 158
1086 450
1086 570
1087 2
1087 143
1087 151
1087 478
1087 774
1087 888
1087 1600
1087 1081
1087 1522
1087 54
1087 1498
1087 845
1087 1924
1087 1427
1091 2
1091 3
1091 10
1091 16
1091 18
1091 58
1091 1819
1091 361
1091 1238
1093 2
1093 3
1093 150
1093 201
1093 608
1093 252
1093 786
1093 1984
1093 1615
1094 2
1094 3
1094 11
1094 92
1094 362
1094 393
1094 1361
1095 248
1097 119
1097 209
1097 430
1098 2
1098 3
1098 10
1098 16
1098 18
1098 23
1098 382
1098 1117
1098 473
1098 1731
1098 1386
1101 1936
1101 1155
1101 984
1105 2
1105 3
1105 10
1105 16
1105 18
1105 23
1105 35
1105 345
1106 2
1106 3
1106 10
1106 16
1106 18
1106 167
1106 920
1107 2
1107 3
1107 10
1107 16
1107 18
1107 755
1107 941
1107 1682
1107 44
1109 372
1109 463
1109 1876
1109 1222
1109 1463
1109 846
1109 1995
1109 1271
1109 845
1109 38
1109 507
1109 263
1112 42
1112 44
1112 88
1112 289
1112 503
1112 1114
1112 608
1112 1029
1112 1084
1112 161
1114 2
1114 3
1114 10
1114 34
1114 52
1114 145
1114 1207
1114 1321
1114 437
1114 688
1114 117
1115 2
1115 3
1115 10
1115 279
1115 433
1115 1355
1117 2
1117 143
1117 151
1117 177
1118 32
1118 359
1119 2
1119 3
1119 150
1119 201
1119 875
1119 1056
1119 359
1119 1379
1119 1027
1119 807
1121 2
1121 5
1121 38
1121 1249
1121 1651
1121 512
1130 537
1131 2
1131 19
1131 110
1131 1118
1131 1967
1131 1476
1131 957
1131 1753
1131 809
1131 1781
1131 1564
1131 1857
1131 663
1131 1692
1131 732
1132 2
1132 3
1132 256
1132 442
1132 279
1132 496
1132 692
1132 600
1132 746
1132 896
1132 112
1133 2
1133 3
1133 10
1133 66
1133 149
1133 525
1134 2
1134 3
1134 10
1134 16
1134 29
1134 97
1134 111
1134 349
1134 1033
1134 179
1140 2
1140 3
1140 10
1140 16
1140 18
1140 283
1140 29
1140 1942
1143 138
1145 2
1145 3
1145 54
1145 800
1145 1603
1145 345
1145 1569
1145 1854
1145 1763
1147 32
1147 359
1147 1416
1147 549
1147 1293
1147 1720
1147 375
1147 385
1148 2
1148 438
1148 150
1148 1546
1148 712
1148 1194
1148 1684
1148 1600
1148 1416
1148 868
1150 2
1150 3
1150 10
1150 34
1150 52
1150 141
1150 747
1150 1409
1152 2
1152 3
1152 10
1152 16
1152 18
1152 98
1152 459
1152 482
1153 2
1153 5
1153 1004
1153 310
1153 500
1153 1134
1153 1342
1155 2
1155 3
1155 10
1155 34
1155 52
1155 141
1155 186
1155 1458
1155 147
1155 1295
1155 1667
1157 119
1157 209
1157 430
1157 1564
1157 456
1157 1189
1159 112
1159 196
1159 600
1159 1145
1159 1868
1159 1409
1159 1427
1159 162
1159 359
1160 2
1160 19
1160 90
1160 396
1160 808
1160 1917
1160 1051
1160 1572
1161 2
1161 3
1161 924
1161 312
1162 2
1162 3
1162 10
1162 16
1162 18
1162 23
1162 51
1162 899
1162 895
1162 941
1162 1739
1163 2
1163 3
1163 11
1163 1456
1163 18
1163 1225
1163 1161
1163 1252
1163 460
1163 1645
1163 1013
1163 1979
1163 404
1163 1616
1163 587
1163 330
1165 286
1165 1655
1165 83
1165 1226
1165 769
1166 2
1166 3
1168 2
1168 3
1168 10
1168 778
1168 981
1168 138
1168 723
1168 882
1169 2
1169 3
1169 10
1169 16
1169 1119
1174 2
1174 3
1174 10
1174 66
1174 322
1174 642
1177 2
1177 3
1177 10
1177 16
1177 18
1177 23
1177 51
1177 532
1177 725
1177 903
1178 83
1178 84
1178 206
1178 889
1178 155
1178 967
1178 260
1179 2
1179 3
1179 11
1179 92
1179 896
1179 1383
1179 779
1179 774
1179 699
1179 272
1179 1936
1180 308
1180 1768
1180 1713
1180 382
1180 1596
1180 1984
1180 1336
1180 1880
1180 1611
1180 1321
1180 902
1180 432
1182 2
1182 3
1182 10
1182 16
1182 29
1182 114
1182 161
1183 42
1183 44
1183 88
1183 289
1183 503
1183 1935
1183 1843
1188 2
1188 3
1188 10
1188 16
1188 29
1188 97
1188 111
1188 349
1188 428
1188 594
1188 1544
1188 1004
1188 1409
1188 1423
1188 1469
1188 1530
1188 327
1188 338
1189 2
1189 3
1189 37
1190 2
1190 3
1190 10
1190 16
1190 1880
1192 2
1192 3
1192 10
1192 16
1192 29
1192 97
1192 368
1192 471
1194 42
1194 44
1194 1712
1194 1236
1197 2
1197 3
1197 10
1197 16
1197 18
1197 291
1197 466
1197 721
1197 1107
1197 402
1197 717
1197 1247
1197 1236
1201 42
1201 129
1201 663
1201 993
1201 1953
1201 463
1201 709
1201 840
1201 325
1201 1600
1207 2
1207 3
1207 385
1207 853
1208 2
1208 3
1208 10
1208 16
1208 18
1208 23
1208 51
1208 1162
1208 1956
1208 1491
1208 234
1208 196
1208 503
1208 1782
1209 2
1209 3
1209 10
1209 16
1209 29
1209 385
1209 852
1209 1190
1209 1628
1213 2
1213 3
1213 10
1213 66
1213 156
1213 508
1213 1575
1213 347
1213 1596
1213 1238
1213 1178
1213 145
1213 1349
1213 460
1213 1326
1213 1248
1222 859
1222 731
1222 1252
1222 1585
1222 754
1225 2
1225 3
1225 150
1225 201
1225 875
1225 1056
1225 1119
1225 682
1225 1143
1225 635
1225 481
1225 512
1225 1109
1225 1153
1225 1707
1225 1905
1225 353
1225 26
1226 2
1226 19
1226 90
1226 396
1226 575
1226 616
1226 1052
1227 2
1227 143
1227 151
1227 162
1227 206
1230 344
1230 1072
1231 2
1231 950
1231 1462
1231 214
1231 1494
1231 899
1231 35
1231 1409
1231 1106
1231 384
1236 2
1236 3
1236 10
1236 279
1236 347
1236 738
1236 1213
1236 1928
1236 52
1236 1539
1236 263
1236 1152
1236 1277
1237 2
1237 3
1237 10
1237 16
1237 18
1237 23
1237 51
1237 1027
1237 1464
1237 1004
1237 1687
1237 422
1237 903
1237 128
1237 383
1237 1052
1237 1962
1237 1091
1238 2
1238 3
1238 10
1238 16
1238 18
1238 23
1238 35
1240 2
1240 3
1240 10
1240 16
1240 18
1240 291
1240 466
1240 725
1244 2
1244 3
1244 10
1244 16
1244 18
1244 23
1244 382
1244 862
1244 868
1246 2
1246 3
1246 263
1246 627
1246 477
1246 1250
1246 1147
1247 2
1247 3
1247 10
1247 16
1247 18
1247 291
1247 466
1247 721
1247 1197
1247 766
1247 1189
1247 1843
1247 443
1247 355
1247 1734
1247 353
1248 443
1248 888
1248 1130
1248 421
1248 920
1248 315
1248 1347
1248 506
1249 2
1249 3
1249 142
1249 1272
1249 1179
1249 290
1249 1237
1250 1434
1250 1668
1250 1818
1250 493
1250 1481
1250 969
1250 156
1250 1237
1251 2
1251 3
1251 10
1251 16
1251 18
1251 865
1251 840
1251 1876
1251 665
1252 2
1252 3
1252 10
1252 16
1252 728
1252 1174
1252 1085
1252 1019
1252 199
1252 1249
1252 899
1252 1182
1252 208
1252 69
1256 372
1257 2
1257 3
1257 10
1257 16
1257 18
1257 23
1257 35
1257 723
1257 1322
1257 439
1260 2
1260 3
1260 11
1260 92
1260 1179
1265 2
1265 3
1265 150
1265 201
1265 595
1265 1066
1265 777
1265 78
1265 263
1265 1072
1265 1192
1265 1970
1265 1488
1265 117
1271 2
1271 3
1271 142
1272 2
1272 3
1272 10
1272 66
1272 322
1272 767
1272 919
1272 1798
1272 1814
1272 559
1272 1287
1272 196
1272 1905
1272 113
1275 2
1275 3
1275 10
1275 16
1275 29
1275 97
1275 111
1275 125
1275 1252
1275 242
1275 1504
1275 1265
1275 542
1275 1577
1275 549
1275 851
1275 1822
1275 1404
1277 2
1277 3
1277 10
1277 16
1277 18
1277 53
1277 728
1277 653
1277 543
1277 1397
1277 1222
1277 206
1277 433
1277 1080
1277 1750
1277 458
1278 119
1278 209
1278 214
1278 1807
1278 548
1278 1482
1278 422
1278 1615
1278 1496
1278 1707
1278 1438
1280 2
1280 3
1280 10
1280 16
1280 147
1280 507
1281 2
1281 3
1281 385
1283 42
1283 44
1283 88
1283 1029
1283 1837
1283 1712
1283 970
1283 872
1284 2
1284 3
1284 10
1284 16
1284 147
1284 763
1284 149
1284 327
1284 1001
1284 32
1284 82
1284 833
1287 2
1287 3
1287 10
1287 34
1287 52
1287 141
1287 747
1287 1011
1288 1561
1288 1961
1288 1326
1288 853
1292 2
1292 3
1292 10
1292 16
1292 18
1292 23
1292 51
1292 532
1292 840
1292 1712
1292 1147
1293 42
1293 44
1293 88
1293 315
1294 2
1294 3
1294 142
1294 1774
1294 1735
1294 74
1294 1192
1294 991
1294 730
1295 2
1295 3
1295 37
1295 266
1295 1283
1295 125
1295 903
1297 2
1297 3
1297 263
1297 361
1297 927
1297 720
1297 110
1297 442
1297 695
1299 1824
1299 436
1299 1786
1299 247
1299 165
1301 42
1301 44
1301 88
1301 315
1301 865
1301 646
1301 334
1301 1895
1301 769
1301 1480
1301 1464
1302 2
1302 19
1302 110
1302 697
1302 97
1302 1434
1302 807
1302 616
1305 2
1305 3
1305 559
1305 1112
1305 532
1305 1505
1305 1284
1305 1575
1305 543
1305 1818
1305 1961
1306 905
1306 1225
1306 26
1306 1132
1306 1051
1306 1993
1311 2
1311 3
1311 10
1311 16
1311 18
1311 74
1311 1157
1311 221
1311 242
1311 1166
1311 894
1311 252
1312 2
1312 3
1312 10
1312 16
1312 18
1312 167
1312 1581
1312 1003
1312 1984
1313 2
1313 5
1313 917
1313 1093
1315 2
1315 3
1315 10
1315 16
1315 29
1315 369
1315 146
1315 968
1316 2
1316 5
1316 26
1316 113
1316 332
1316 1160
1316 1441
1316 950
1316 87
1316 817
1316 1207
1317 2
1317 5
1317 106
1317 853
1317 1101
1317 1436
1318 2
1318 3
1318 10
1318 16
1318 18
1318 74
1318 957
1318 344
1318 224
1318 1819
1318 76
1318 970
1318 29
1318 334
1318 1817
1320 1045
1320 961
1320 1948
1320 1936
1320 1674
1320 1408
1321 42
1321 44
1321 501
1322 2
1322 19
1322 90
1322 1404
1322 686
1325 83
1325 84
1325 206
1325 834
1326 2
1326 3
1326 164
1326 1386
1326 1317
1326 1753
1326 1336
1326 1140
1326 1408
1326 1856
1327 2
1327 3
1327 10
1327 34
1327 52
1327 141
1327 747
1327 1674
1327 1782
1327 1864
1327 1953
1327 1227
1327 1318
1327 1251
1327 403
1329 2
1329 143
1329 151
1329 177
1329 255
1329 918
1331 32
1331 359
1331 1118
1331 631
1331 259
1331 180
1331 1294
1331 1822
1331 970
1331 415
1331 1802
1331 655
1331 141
1331 1918
1333 2
1333 3
1333 11
1333 92
1333 362
1333 1094
1333 463
1333 142
1333 1652
1333 1246
1333 83
1333 1654
1333 569
1333 1248
1333 1966
1336 2
1336 3
1336 10
1336 16
1336 18
1336 80
1336 199
1337 2
1337 3
1337 37
1337 512
1341 32
1341 809
1341 697
1341 1018
1341 37
1341 835
1341 452
1341 1260
1342 2
1342 3
1342 10
1342 16
1342 18
1342 291
1342 466
1342 725
1342 1864
1342 1153
1343 2
1343 143
1343 151
1343 478
1343 774
1343 888
1343 754
1343 348
1343 906
1343 1566
1344 2
1344 3
1344 10
1344 66
1344 322
1344 642
1344 1349
1344 1169
1344 1455
1344 1456
1344 54
1344 1003
1344 180
1344 361
1344 348
1345 2
1345 5
1345 26
1345 113
1345 119
1345 808
1345 18
1345 859
1346 2
1346 3
1346 1166
1346 937
1346 985
1346 372
1346 1469
1346 522
1346 1249
1346 88
1346 1692
1347 2
1347 3
1347 1166
1347 1346
1347 239
1347 507
1347 201
1349 2
1349 19
1349 158
1349 224
1349 348
1349 1873
1349 800
1349 1358
1349 1326
1349 349
1349 1847
1351 2
1351 3
1351 164
1351 1846
1351 1957
1351 981
1351 162
1351 727
1351 1971
1352 654
1352 1082
1352 817
1352 179
1352 727
1352 1790
1352 754
1355 42
1355 44
1355 319
1355 486
1355 968
1355 83
1355 792
1355 402
1356 2
1356 3
1358 2
1358 3
1358 37
1358 555
1358 1362
1358 888
1358 1828
1361 516
1362 2
1362 19
1362 1785
1362 1148
1362 1468
1362 1623
1363 42
1363 44
1363 88
1363 315
1363 1699
1363 1752
1363 628
1363 240
1363 594
1363 848
1364 2
1364 3
1364 10
1364 66
1364 443
1364 498
1367 2
1367 143
1367 151
1367 162
1367 551
1367 1768
1367 501
1367 629
1369 42
1369 44
1369 100
1370 1222
1370 525
1370 1288
1370 421
1370 84
1370 1022
1370 153
1370 1018
1370 140
1370 399
1370 371
1370 959
1370 69
1371 2
1371 19
1371 110
1371 208
1371 469
1371 1498
1371 792
1371 1723
1371 1436
1373 2
1373 3
1373 10
1373 34
1373 52
1373 141
1373 259
1373 1617
1373 1577
1373 738
1373 145
1373 1782
1378 2
1378 3
1378 10
1378 34
1378 52
1378 141
1378 186
1378 1209
1378 677
1378 199
1378 319
1379 2
1379 3
1379 10
1379 16
1379 18
1379 23
1379 35
1379 547
1379 1895
1379 234
1381 2
1381 3
1381 10
1381 16
1381 18
1381 23
1381 70
1381 179
1381 941
1381 522
1381 800
1381 935
1383 2
1383 3
1383 10
1383 16
1383 18
1383 291
1383 846
1383 1860
1383 1066
1383 139
1383 511
1383 715
1385 2
1385 3
1385 10
1385 16
1385 661
1385 195
1386 2
1386 3
1386 188
1386 201
1386 1953
1388 1033
1388 1868
1388 981
1388 138
1388 1385
1388 1864
1388 859
1388 797
1389 112
1389 194
1389 659
1389 606
1389 312
1389 721
1389 1022
1389 1029
1389 746
1389 498
1390 2
1390 3
1390 10
1390 16
1390 29
1390 97
1390 111
1390 349
1390 1695
1390 701
1396 2
1396 19
1396 355
1397 2
1397 3
1397 10
1397 16
1397 147
1397 507
1397 809
1397 721
1397 834
1397 775
1397 1660
1397 700
1397 1995
1397 153
1397 1566
1397 1712
1397 1294
1397 492
1400 2
1400 3
1400 10
1400 34
1400 52
1400 141
1400 747
1400 1698
1400 1160
1400 1690
1400 1957
1400 246
1400 616
1400 957
1400 888
1400 1397
1401 1178
1401 382
1401 319
1401 501
1401 450
1401 343
1401 1623
1401 248
1401 875
1401 1183
1401 542
1402 2
1402 3
1402 10
1402 34
1402 52
1402 145
1402 1333
1402 1961
1404 2
1404 5
1404 38
1404 1237
1404 1978
1404 1828
1404 895
1404 1352
1404 471
1404 625
1404 1957
1404 1968
1404 1575
1404 967
1404 1971
1404 1397
1406 2
1406 3
1406 11
1406 242
1406 1739
1406 1057
1406 1641
1407 2
1407 3
1407 164
1407 1326
1408 2
1408 3
1408 37
1408 266
1409 2
1409 3
1409 54
1409 197
1409 1618
1409 461
1409 168
1409 1188
1409 504
1409 1456
1409 695
1413 2
1413 3
1413 10
1413 16
1413 18
1413 80
1413 199
1415 2
1415 19
1415 110
1415 208
1415 469
1415 728
1415 513
1415 725
1415 1712
1415 1487
1415 289
1415 1824
1415 553
1415 617
1415 1246
1415 777
1415 199
1416 2
1416 623
1416 5
1416 82
1416 787
1416 1538
1416 150
1419 2
1419 3
1419 10
1419 34
1419 52
1419 141
1419 747
1419 1011
1419 1287
1419 1686
1419 1451
1419 1763
1423 2
1423 19
1423 158
1423 378
1425 138
1425 851
1425 1429
1425 1292
1425 1194
1425 1389
1425 1500
1425 529
1425 1549
1425 432
1425 404
1425 1699
1425 674
1425 206
1425 1050
1427 2
1427 3
1427 10
1427 16
1427 730
1427 1547
1427 908
1427 1655
1427 612
1428 2
1428 3
1428 54
1428 140
1428 226
1428 664
1428 802
1428 1917
1428 1532
1429 2
1429 3
1429 10
1429 16
1429 18
1429 23
1429 35
1429 138
1429 1807
1429 525
1429 1547
1434 2
1434 3
1434 10
1434 16
1434 465
1434 1819
1434 1895
1434 896
1434 147
1434 938
1434 1385
1434 239
1434 437
1434 1994
1436 42
1436 44
1436 88
1436 289
1436 503
1438 2
1438 3
1438 10
1438 16
1438 18
1438 23
1438 70
1438 153
1438 432
1438 149
1438 145
1438 1832
1439 2
1439 3
1439 10
1439 16
1439 29
1439 114
1439 735
1439 179
1439 34
1439 361
1439 1305
1441 1299
1443 32
1443 359
1443 408
1443 138
1443 879
1443 1362
1443 1850
1443 1654
1443 110
1443 686
1445 2
1445 3
1445 10
1445 16
1445 18
1445 1231
1451 2
1451 3
1451 1528
1451 513
1451 1668
1455 308
1456 42
1456 129
1456 663
1456 330
1456 906
1456 82
1456 1824
1457 42
1457 44
1457 88
1457 289
1457 617
1457 1916
1457 456
1457 1876
1457 921
1458 2
1458 3
1458 100
1458 1814
1458 1055
1458 1753
1458 1487
1458 1961
1458 1117
1459 2
1459 3
1459 10
1459 16
1459 29
1459 76
1459 78
1459 82
1459 1155
1459 727
1459 1087
1462 2
1462 3
1462 54
1462 197
1462 286
1463 2
1463 3
1463 10
1463 16
1463 18
1463 291
1463 500
1463 1476
1463 907
1463 480
1464 2
1464 3
1464 385
1464 853
1464 1037
1464 343
1464 903
1464 1098
1464 1655
1464 242
1468 47
1468 1886
1468 1025
1469 2
1469 3
1469 11
1469 272
1469 326
1469 291
1472 2
1472 3
1472 10
1472 16
1472 18
1472 80
1472 199
1472 343
1472 580
1472 675
1472 151
1472 361
1472 92
1472 266
1472 34
1472 767
1472 641
1472 578
1472 1148
1472 443
1476 2
1476 3
1476 10
1476 16
1476 18
1476 291
1476 466
1476 721
1476 1197
1476 1247
1476 161
1476 1625
1476 1179
1476 452
1480 2
1480 3
1480 54
1481 2
1481 143
1481 151
1481 177
1481 249
1482 2
1482 3
1482 10
1482 34
1482 52
1482 141
1482 402
1482 1209
1482 1292
1482 568
1482 874
1482 886
1485 2
1485 3
1485 10
1485 16
1485 18
1485 23
1485 51
1485 621
1485 654
1485 1540
1485 1495
1485 1283
1485 1358
1485 491
1485 714
1487 2
1487 3
1487 385
1488 444
1488 1573
1488 1343
1488 1719
1488 794
1488 1960
1488 1611
1488 1252
1488 1561
1488 1133
1491 2
1491 3
1491 10
1491 16
1491 18
1491 291
1491 466
1491 443
1491 1180
1491 1970
1491 714
1491 42
1491 985
1491 896
1491 83
1491 747
1491 1641
1494 2
1494 3
1494 10
1494 16
1494 29
1494 76
1494 78
1494 82
1494 461
1494 1872
1494 470
1494 1939
1494 1097
1495 344
1495 350
1495 448
1495 985
1495 869
1495 1278
1495 1416
1495 1973
1495 1344
1496 2
1496 3
1496 10
1496 16
1496 18
1496 284
1496 331
1498 508
1498 224
1500 2
1500 19
1500 90
1500 396
1500 1524
1500 1373
1500 1010
1500 695
1500 110
1500 1201
1500 1935
1500 684
1501 138
1501 180
1501 970
1504 2
1504 3
1504 312
1504 1573
1504 493
1504 1645
1504 872
1504 195
1504 1569
1504 681
1504 1596
1504 562
1505 112
1505 1755
1505 349
1505 74
1505 1996
1508 42
1508 44
1508 88
1508 289
1508 600
1508 1623
1512 2
1512 3
1512 150
1512 201
1512 875
1512 1056
1512 1119
1512 721
1512 143
1512 936
1513 2
1513 3
1513 10
1513 16
1513 18
1513 917
1515 1922
1515 604
1515 292
1515 1329
1515 1400
1515 195
1515 247
1518 2
1518 3
1518 37
1518 128
1518 181
1518 328
1519 2
1519 3
1519 11
1519 1194
1519 1863
1519 896
1519 1873
1519 137
1519 508
1519 145
1519 439
1522 2
1522 3
1522 37
1522 597
1522 861
1522 459
1522 1562
1522 1469
1524 2
1524 3
1524 54
1524 140
1524 625
1524 544
1524 1980
1524 661
1524 597
1524 143
1524 888
1524 366
1524 1166
1524 895
1524 850
1525 2
1525 3
1525 10
1525 16
1525 29
1525 1464
1525 631
1525 889
1525 92
1525 188
1525 1628
1528 1817
1528 774
1528 1768
1528 1114
1528 1839
1528 852
1528 447
1528 1998
1528 1719
1528 1316
1528 1362
1530 2
1530 5
1530 981
1530 1152
1530 243
1530 1406
1532 2
1532 3
1532 10
1532 16
1532 465
1532 1581
1532 1341
1532 52
1532 755
1538 2
1538 3
1538 10
1538 16
1538 18
1538 284
1538 525
1538 1707
1538 1005
1539 2
1539 3
1539 10
1539 16
1539 166
1540 2
1540 3
1540 10
1540 16
1540 1190
1540 1551
1540 1962
1540 1680
1544 2
1544 3
1544 1161
1544 1936
1544 1838
1544 306
1544 732
1546 2
1546 3
1546 559
1546 1457
1546 1025
1546 1625
1546 331
1547 42
1547 44
1547 319
1547 486
1547 968
1547 1355
1547 56
1547 1628
1547 1011
1547 1916
1547 927
1547 1856
1547 547
1547 1636
1549 2
1549 3
1549 10
1549 16
1549 29
1549 228
1549 665
1549 516
1549 754
1549 1846
1551 2
1551 3
1551 10
1551 16
1551 29
1551 1112
1551 1720
1551 1163
1551 1870
1551 1606
1551 1082
1551 1091
1551 1085
1561 2
1561 3
1561 10
1561 778
1562 2
1562 3
1562 10
1562 16
1562 29
1562 114
1562 1160
1563 42
1563 44
1563 88
1563 315
1563 865
1563 1301
1563 1472
1563 1209
1563 787
1563 879
1563 1755
1563 460
1564 1222
1564 1370
1564 242
1564 1005
1564 407
1566 2
1566 3
1566 10
1566 34
1566 52
1566 141
1566 186
1566 894
1566 196
1566 834
1566 1152
1566 547
1566 1024
1566 500
1566 213
1566 1599
1566 1287
1566 42
1569 2
1569 3
1569 10
1569 16
1569 18
1569 80
1569 199
1569 343
1569 137
1569 961
1569 1369
1569 366
1569 655
1569 42
1569 439
1569 1652
1570 2
1570 5
1570 26
1570 578
1570 624
1571 2
1571 3
1571 150
1571 201
1571 595
1571 1066
1571 833
1571 1654
1571 1860
1571 167
1571 1910
1571 1922
1571 1396
1571 19
1572 2
1572 3
1572 10
1572 16
1572 29
1572 76
1572 78
1572 230
1573 2
1573 5
1573 26
1573 1456
1573 366
1573 1301
1573 362
1574 2
1574 3
1574 10
1574 66
1574 535
1574 604
1574 1654
1574 596
1574 1364
1575 146
1575 681
1575 35
1575 732
1575 1093
1577 2
1577 5
1577 106
1577 779
1581 2
1581 3
1581 10
1581 16
1581 18
1581 23
1581 35
1581 845
1581 987
1581 1130
1582 2
1582 3
1582 10
1582 279
1582 589
1582 612
1582 735
1582 1824
1582 1459
1582 1895
1582 1688
1582 896
1582 1147
1582 902
1582 1416
1582 384
1582 1978
1584 2
1584 3
1584 10
1584 16
1584 18
1584 53
1584 578
1584 1052
1584 1093
1584 689
1584 1480
1584 872
1584 213
1584 1256
1584 1321
1585 2
1585 19
1585 90
1585 320
1585 1002
1589 2
1589 3
1589 10
1589 16
1589 18
1589 167
1589 920
1589 1106
1589 1773
1589 546
1591 344
1591 1183
1591 516
1591 334
1595 2
1595 3
1595 10
1595 16
1595 29
1595 97
1595 111
1595 851
1596 2
1596 3
1596 10
1596 16
1596 18
1596 23
1596 70
1596 179
1596 1381
1596 1322
1596 1504
1596 88
1596 1098
1596 715
1596 1485
1596 765
1596 486
1596 808
1596 442
1596 1539
1599 2
1599 3
1599 10
1599 66
1599 322
1599 642
1599 1174
1599 177
1599 390
1600 491
1600 1775
1600 1464
1600 981
1600 466
1600 755
1600 129
1603 119
1603 209
1603 214
1603 1660
1603 642
1603 373
1603 950
1603 1573
1605 2
1605 5
1605 137
1605 390
1606 32
1606 359
1606 1721
1606 865
1606 1174
1606 1636
1608 2
1608 3
1608 10
1608 16
1608 18
1611 2
1611 3
1611 1427
1611 1651
1611 1600
1612 2
1612 3
1612 150
1612 940
1612 1687
1614 2
1614 5
1614 26
1614 746
1615 2
1615 3
1615 164
1615 1326
1615 481
1615 709
1615 194
1615 106
1615 1117
1615 865
1615 362
1615 385
1616 2
1616 3
1616 10
1616 16
1616 18
1616 291
1616 466
1616 721
1616 1197
1617 2
1617 3
1617 10
1617 16
1617 29
1617 97
1617 111
1617 1378
1617 1680
1617 1753
1617 390
1617 961
1617 888
1617 143
1617 727
1617 835
1617 938
1617 725
1617 162
1617 1802
1617 1756
1617 1773
1617 1540
1617 554
1617 1564
1618 2
1618 3
1618 37
1618 266
1618 1408
1618 872
1618 355
1618 731
1623 2
1623 3
1623 10
1623 16
1623 18
1623 283
1623 1140
1623 142
1623 214
1623 1561
1625 2
1625 3
1625 10
1625 34
1625 52
1625 141
1625 186
1625 1364
1625 547
1625 1189
1625 1367
1625 44
1625 777
1625 1327
1625 1837
1628 2
1628 19
1628 610
1628 1299
1628 752
1628 1496
1628 1902
1628 632
1629 2
1629 143
1629 151
1629 177
1629 486
1629 1637
1629 220
1629 1997
1629 294
1629 659
1629 1260
1630 2
1630 3
1630 11
1635 2
1635 3
1635 10
1635 16
1635 18
1635 23
1635 35
1635 1651
1635 1342
1635 1947
1635 1824
1635 234
1635 794
1635 1439
1635 1849
1635 1770
1635 1612
1635 1401
1636 2
1636 3
1636 10
1636 16
1636 18
1636 74
1636 522
1636 1575
1636 450
1636 228
1636 693
1636 792
1636 69
1636 1877
1636 817
1637 2
1637 3
1637 787
1637 1978
1637 501
1637 1522
1637 754
1637 1476
1637 343
1637 1615
1640 350
1640 543
1640 1252
1640 1895
1640 1970
1640 736
1641 2
1641 3
1641 10
1641 16
1641 1003
1641 1316
1641 1699
1641 351
1645 2
1645 3
1645 10
1645 16
1645 18
1645 1834
1645 1032
1645 833
1645 689
1645 538
1645 664
1645 220
1645 700
1649 2
1649 143
1649 151
1649 162
1649 1367
1651 2
1651 5
1651 300
1651 583
1651 852
1651 1979
1651 1180
1652 83
1652 84
1652 206
1652 834
1652 1763
1652 882
1652 1844
1654 2
1654 3
1654 54
1654 140
1654 157
1654 504
1654 928
1654 322
1654 686
1654 623
1654 665
1654 226
1654 1905
1655 2
1655 3
1655 10
1655 279
1655 433
1655 1050
1655 1067
1655 1723
1658 2
1658 3
1658 10
1658 16
1658 465
1658 104
1658 1401
1658 1006
1658 727
1660 2
1660 3
1660 142
1660 1271
1660 1752
1660 1152
1660 234
1660 1680
1660 1753
1660 813
1661 2
1661 3
1661 10
1661 16
1661 465
1661 1434
1661 471
1661 1080
1661 1848
1661 18
1661 1968
1661 1672
1661 606
1661 1755
1663 2
1663 3
1663 10
1663 16
1663 18
1663 23
1663 51
1663 532
1663 840
1667 2
1667 3
1667 10
1667 16
1667 18
1667 23
1667 1428
1667 1434
1667 714
1667 460
1668 2
1668 3
1668 10
1668 16
1668 465
1668 1903
1668 981
1668 1547
1668 153
1668 1363
1668 1207
1668 1731
1668 686
1668 1672
1668 1237
1668 310
1672 2
1672 3
1672 10
1672 16
1672 29
1672 1041
1672 1848
1672 595
1672 1960
1672 1993
1672 800
1672 840
1673 2
1673 19
1673 239
1673 513
1673 1960
1673 1066
1673 466
1673 1890
1673 1180
1673 1934
1674 2
1674 3
1674 10
1674 16
1674 18
1674 23
1674 51
1674 1162
1674 288
1674 306
1674 1772
1674 1315
1674 736
1676 2
1676 3
1676 10
1676 16
1676 147
1680 2
1680 3
1680 10
1680 34
1680 52
1680 141
1680 186
1680 589
1680 663
1680 1766
1680 1637
1680 701
1680 1244
1680 1786
1680 1423
1680 1518
1682 2
1682 3
1682 10
1682 16
1682 29
1682 97
1682 368
1682 893
1682 701
1682 722
1682 150
1682 1686
1682 1680
1684 32
1684 438
1684 1905
1684 1872
1686 2
1686 3
1686 164
1686 1326
1687 2
1687 19
1687 90
1688 2
1688 3
1688 10
1688 16
1688 18
1688 80
1688 199
1688 1413
1688 506
1688 840
1688 1616
1688 1163
1688 1345
1688 1256
1688 35
1688 1292
1688 1935
1690 2
1690 3
1690 10
1690 66
1690 1908
1690 1866
1690 559
1690 833
1690 1400
1690 1720
1690 700
1692 2
1692 3
1692 10
1692 16
1692 29
1692 794
1695 2
1695 3
1695 10
1695 16
1695 18
1695 23
1695 51
1695 1585
1695 1969
1697 2
1697 3
1697 10
1697 279
1697 589
1698 2
1698 3
1698 10
1698 34
1698 1406
1698 1496
1698 179
1698 744
1698 382
1698 1208
1698 328
1698 762
1698 82
1698 436
1698 1024
1698 1948
1698 1912
1699 2
1699 3
1699 10
1699 16
1699 18
1699 23
1699 70
1699 941
1699 1522
1699 658
1699 1752
1699 1131
1701 2
1701 3
1701 10
1701 16
1701 18
1701 792
1707 2
1707 3
1707 10
1707 16
1707 29
1707 97
1707 111
1707 349
1707 1134
1712 2
1712 3
1712 10
1712 16
1712 29
1712 97
1712 743
1712 1628
1712 319
1712 1577
1712 1916
1712 1095
1712 896
1712 1021
1712 1495
1713 2
1713 3
1713 10
1713 16
1713 18
1713 23
1713 382
1713 738
1713 332
1713 1890
1713 720
1713 1834
1713 1774
1713 802
1713 1814
1714 350
1719 2
1719 3
1719 787
1719 1637
1720 2
1720 3
1720 37
1720 128
1720 181
1720 328
1720 403
1720 167
1720 1434
1720 872
1720 248
1720 1336
1720 1854
1721 2
1721 5
1721 137
1721 940
1721 1842
1721 1162
1721 69
1721 1143
1721 1147
1722 2
1722 5
1723 64
1723 87
1723 658
1723 1082
1726 2
1726 460
1726 869
1726 552
1726 1616
1726 444
1726 106
1726 1463
1731 42
1731 44
1731 100
1731 1803
1731 348
1731 1893
1731 1573
1731 351
1731 1281
1732 2
1732 19
1732 158
1732 224
1732 1846
1732 1352
1732 1804
1732 1570
1732 1862
1732 1443
1732 186
1732 1532
1734 2
1734 3
1734 10
1734 16
1734 147
1734 692
1734 168
1734 1918
1735 2
1735 3
1735 10
1735 16
1735 18
1735 167
1735 402
1735 1739
1735 288
1735 927
1738 2
1738 3
1738 10
1738 16
1738 18
1738 291
1739 2
1739 19
1743 350
1743 543
1743 827
1743 608
1750 2
1750 3
1750 54
1750 140
1750 568
1750 117
1750 1408
1752 344
1752 1495
1752 1618
1752 444
1752 955
1752 1148
1752 106
1752 868
1752 548
1752 1271
1752 1570
1752 368
1752 1834
1752 916
1752 469
1752 846
1753 2
1753 3
1753 1010
1753 246
1755 220
1755 1667
1755 744
1755 1455
1755 1843
1756 2
1756 19
1756 312
1756 419
1756 766
1756 1947
1756 477
1756 443
1756 700
1756 496
1756 697
1756 1201
1756 1238
1756 1278
1756 1802
1756 1546
1763 2
1763 3
1763 10
1763 16
1763 18
1763 23
1763 967
1763 491
1763 801
1763 196
1763 334
1763 1109
1763 853
1763 896
1763 766
1763 840
1766 2
1766 3
1766 54
1766 197
1766 655
1766 1864
1768 2
1768 5
1768 1313
1768 848
1768 1721
1768 1315
1768 113
1770 2
1770 5
1770 26
1770 393
1770 80
1770 1472
1771 2
1771 3
1771 10
1771 16
1771 29
1771 97
1771 111
1771 349
1771 924
1772 2
1772 5
1772 26
1772 578
1772 630
1772 527
1774 2
1774 3
1774 10
1774 16
1774 29
1774 76
1774 78
1774 146
1774 627
1774 686
1774 503
1774 1337
1774 1118
1775 2
1775 3
1775 10
1775 16
1775 18
1775 74
1775 1636
1777 2
1777 3
1777 10
1777 16
1777 18
1777 80
1777 199
1777 1413
1777 928
1777 1641
1779 2
1779 3
1779 150
1779 201
1779 595
1779 797
1779 1796
1779 1690
1779 1150
1781 32
1781 359
1782 1367
1782 589
1782 1850
1785 2
1785 3
1785 10
1785 717
1785 378
1785 697
1785 1655
1785 332
1785 1980
1785 752
1785 382
1785 286
1785 1496
1786 2
1786 19
1786 158
1786 224
1786 544
1786 1561
1786 621
1786 637
1786 778
1786 562
1790 2
1790 5
1790 106
1790 624
1790 1995
1790 1237
1790 597
1790 345
1790 1838
1790 1093
1791 2
1791 3
1791 10
1791 778
1791 1561
1795 2
1795 143
1795 151
1795 177
1795 834
1795 1714
1795 1078
1795 1917
1795 1673
1795 1970
1796 2
1796 3
1796 10
1796 16
1796 18
1796 155
1796 777
1796 850
1796 1853
1796 919
1796 1993
1796 1082
1796 1838
1796 1589
1796 1690
1796 1341
1796 840
1798 42
1798 44
1798 88
1798 315
1798 455
1802 292
1802 140
1802 671
1802 895
1802 161
1802 1998
1803 2
1803 19
1803 90
1803 396
1803 800
1803 482
1803 835
1803 1924
1804 2
1804 3
1804 10
1804 16
1804 29
1804 76
1804 78
1804 935
1804 532
1804 1755
1804 157
1807 2
1807 3
1807 54
1807 140
1807 157
1807 1024
1807 1462
1807 166
1807 889
1808 2
1808 3
1808 10
1808 16
1808 18
1808 390
1808 1917
1808 186
1808 1459
1810 2
1810 3
1810 10
1810 16
1810 18
1810 23
1810 35
1810 345
1810 1105
1810 29
1810 185
1810 624
1810 306
1810 1777
1810 1364
1810 1301
1810 1188
1810 1016
1810 1051
1810 1697
1810 1402
1810 1732
1811 146
1811 894
1811 487
1811 1547
1811 1544
1811 1569
1811 1947
1814 83
1814 84
1814 496
1814 1005
1814 1808
1814 1315
1814 1750
1814 1512
1814 1781
1814 1837
1814 1331
1814 1271
1815 2
1815 3
1815 10
1815 16
1817 2
1817 3
1817 10
1817 66
1817 443
1818 2
1818 458
1818 891
1818 895
1818 1321
1818 80
1818 535
1818 419
1819 2
1819 3
1819 559
1819 1546
1819 1023
1819 125
1819 1512
1819 87
1819 937
1819 112
1819 1853
1819 641
1819 1401
1819 861
1819 1084
1819 648
1822 516
1822 1320
1822 1180
1822 1623
1822 188
1822 1148
1822 1672
1822 1596
1822 1969
1824 2
1824 3
1824 54
1824 140
1824 1750
1828 2
1828 5
1828 106
1828 311
1832 2
1832 3
1832 10
1832 16
1832 18
1832 522
1832 162
1832 1469
1832 26
1832 1341
1832 1029
1832 746
1832 503
1832 538
1832 1615
1832 787
1832 1413
1832 1091
1832 219
1834 2
1834 3
1834 10
1834 16
1834 18
1834 74
1834 957
1834 745
1834 1250
1835 2
1835 3
1835 10
1835 16
1835 18
1835 117
1835 1346
1835 1281
1835 548
1837 42
1837 44
1837 100
1837 1369
1838 2
1838 3
1838 10
1838 16
1838 18
1838 23
1838 51
1839 2
1839 3
1839 1067
1839 965
1839 661
1839 920
1839 874
1839 665
1839 1132
1839 1157
1839 139
1839 616
1839 1539
1839 1148
1839 783
1842 2
1842 5
1842 26
1842 578
1842 630
1842 487
1842 846
1842 697
1843 2
1843 3
1843 10
1843 16
1843 465
1843 1837
1843 1956
1843 500
1843 809
1844 2
1844 3
1844 54
1844 800
1846 42
1847 2
1847 3
1847 164
1847 1902
1847 349
1847 544
1847 699
1847 1854
1847 1379
1847 1993
1848 119
1848 209
1849 2
1849 1847
1849 1386
1849 596
1849 384
1849 551
1849 1912
1849 1132
1849 1802
1850 372
1850 1256
1850 1732
1850 1849
1851 2
1851 3
1851 10
1851 16
1851 465
1851 1668
1851 917
1851 761
1853 2
1853 3
1853 142
1853 532
1853 1947
1853 803
1854 2
1854 3
1854 10
1854 16
1854 18
1854 23
1854 1667
1856 42
1856 44
1856 88
1856 913
1856 93
1856 1978
1856 1041
1856 779
1856 655
1857 2
1857 3
1857 10
1857 66
1857 535
1857 604
1857 1574
1857 580
1857 1041
1857 920
1857 1707
1860 32
1860 553
1860 110
1860 845
1860 610
1861 350
1861 543
1861 892
1861 209
1861 1623
1861 1428
1861 1408
1861 1119
1861 720
1862 2
1862 143
1862 151
1862 177
1862 249
1862 1157
1862 1320
1862 1947
1863 2
1863 19
1863 158
1863 353
1863 1948
1863 1057
1864 2
1864 3
1864 10
1864 66
1864 443
1864 498
1864 674
1866 2
1866 3
1866 10
1866 16
1866 29
1866 794
1866 1692
1866 1886
1866 1720
1866 1735
1867 2
1867 3
1867 10
1867 16
1867 18
1867 58
1868 2
1868 1148
1868 1786
1869 2
1869 5
1869 1313
1869 1343
1870 2
1870 19
1870 312
1870 419
1870 766
1872 2
1872 3
1872 10
1872 16
1872 29
1872 97
1872 111
1872 851
1872 182
1872 520
1872 1240
1872 1373
1872 292
1872 1201
1872 51
1872 1222
1876 2
1876 3
1876 10
1876 16
1876 18
1876 23
1876 695
1876 736
1876 359
1876 1973
1876 604
1877 219
1877 1153
1877 1455
1877 74
1877 1386
1877 1838
1877 1011
1880 2
1880 3
1880 10
1880 16
1880 18
1880 98
1880 459
1880 106
1880 720
1880 1846
1886 2
1886 3
1886 10
1886 16
1886 18
1886 80
1886 199
1886 568
1886 783
1886 1428
1886 210
1890 2
1890 3
1890 10
1890 16
1890 1190
1890 747
1890 728
1890 1179
1890 1636
1890 918
1890 1488
1890 1352
1890 1183
1890 1676
1893 2
1893 769
1893 83
1893 181
1893 1112
1895 2
1895 3
1895 10
1895 66
1895 562
1895 1443
1895 906
1895 1174
1895 113
1895 1546
1895 570
1895 1886
1898 64
1898 381
1898 625
1898 1455
1898 1786
1901 372
1901 463
1901 1109
1901 1942
1901 1676
1901 1843
1901 650
1901 1625
1901 1401
1901 1796
1901 1651
1901 228
1902 2
1902 5
1902 106
1902 779
1902 1577
1902 699
1902 1814
1902 1971
1902 1863
1902 1941
1902 604
1902 1540
1902 599
1903 2
1903 3
1903 10
1903 16
1903 29
1903 97
1903 448
1903 482
1905 248
1905 1095
1905 835
1905 1779
1905 1866
1905 332
1908 2
1908 3
1908 10
1910 2
1910 3
1910 263
1910 1428
1910 1922
1912 2
1912 3
1912 37
1912 165
1912 1890
1912 1684
1912 941
1912 1772
1912 616
1912 735
1916 2
1916 3
1916 54
1916 140
1916 436
1916 1680
1916 1772
1916 1322
1916 919
1916 437
1916 1153
1916 1655
1916 899
1916 1383
1916 1942
1916 1112
1916 153
1916 1260
1917 2
1917 5
1917 38
1917 608
1917 1033
1918 2
1918 3
1918 142
1922 32
1922 384
1922 1057
1922 848
1922 114
1922 1957
1922 1347
1922 807
1922 583
1922 1006
1924 119
1924 209
1924 214
1928 2
1928 3
1928 37
1928 128
1928 181
1928 328
1928 558
1934 915
1934 284
1934 214
1934 907
1934 1513
1934 1572
1934 331
1935 2
1935 3
1935 10
1935 16
1935 18
1935 23
1935 695
1935 199
1935 1153
1935 331
1935 1301
1936 1341
1937 42
1937 44
1937 88
1937 289
1937 503
1937 1112
1937 1922
1937 1848
1937 520
1937 53
1937 1306
1937 907
1937 928
1939 2
1939 3
1939 10
1939 16
1939 18
1939 53
1939 1804
1939 1519
1939 1573
1939 1714
1939 1349
1939 336
1939 382
1941 112
1941 196
1941 47
1941 973
1941 511
1941 1849
1941 1524
1942 2
1942 3
1942 10
1942 16
1942 18
1942 74
1947 2
1947 3
1947 37
1947 128
1947 181
1947 1723
1947 266
1947 93
1947 608
1948 2
1948 5
1948 106
1948 1790
1953 2
1953 3
1953 10
1953 34
1953 52
1953 141
1953 747
1953 987
1953 162
1953 705
1953 1400
1953 1456
1953 1574
1953 1902
1953 1188
1953 618
1953 1606
1953 91
1956 32
1956 359
1956 349
1956 1870
1956 500
1956 1902
1956 861
1956 1201
1956 701
1957 2
1957 3
1957 10
1957 16
1957 18
1957 23
1957 70
1957 153
1957 432
1959 42
1959 44
1959 319
1959 486
1959 692
1959 112
1959 1487
1959 384
1959 47
1959 2
1960 2
1960 3
1960 10
1960 16
1960 1252
1960 895
1961 2
1961 3
1961 10
1961 16
1961 18
1961 23
1961 51
1961 532
1961 840
1961 1663
1962 2
1962 3
1962 10
1962 16
1962 18
1962 23
1962 367
1966 42
1966 44
1966 88
1966 289
1966 503
1966 279
1966 1237
1966 294
1966 694
1966 1773
1966 1066
1967 2
1967 3
1967 10
1967 16
1967 18
1967 23
1967 51
1967 532
1967 723
1967 272
1967 1979
1967 1346
1967 1848
1967 1192
1967 1362
1967 1902
1968 915
1968 1222
1968 1998
1969 2
1969 5
1969 1313
1969 1832
1969 958
1969 1238
1970 2
1970 3
1970 10
1970 16
1970 29
1970 114
1971 2
1971 3
1971 37
1971 266
1971 625
1971 1459
1971 1775
1971 1197
1971 865
1971 970
1971 1488
1971 1862
1971 1209
1971 1684
1971 1735
1971 331
1971 1163
1971 1237
1971 1080
1971 835
1973 2
1973 19
1973 312
1973 419
1973 766
1973 1756
1973 1097
1973 259
1973 1777
1973 266
1973 1870
1973 1876
1973 1918
1973 1032
1973 1419
1973 1436
1973 1485
1974 32
1974 384
1974 1057
1974 1959
1974 1544
1974 248
1974 292
1974 1739
1978 491
1978 570
1978 1699
1978 210
1978 1961
1978 1941
1978 996
1978 1673
1979 2
1979 3
1979 10
1979 66
1979 1355
1979 325
1979 1321
1979 965
1979 371
1979 381
1979 634
1979 166
1979 562
1979 848
1980 1222
1980 1370
1980 762
1980 1791
1980 1569
1980 692
1980 1846
1980 1814
1980 786
1984 2
1984 3
1984 11
1984 242
1984 1406
1984 1109
1984 246
1984 66
1985 2
1985 3
1985 10
1985 279
1985 347
1985 1756
1985 1528
1985 1476
1991 2
1991 3
1991 10
1991 16
1991 29
1991 292
1991 618
1991 230
1991 1226
1991 1726
1993 2
1993 3
1993 10
1993 16
1993 18
1993 383
1994 2
1994 3
1994 10
1994 1785
1995 2
1996 2
1996 3
1996 11
1996 1004
1996 736
1996 112
1996 1150
1997 547
1997 558
1997 661
1998 2
1998 3
1998 10
1998 66
1998 1690
