0 418
0 1549
0 1886
0 1790
0 1856
0 843
3 1640
3 1953
3 460
3 1199
3 1627
3 1029
3 1775
4 802
4 1210
4 1782
4 1410
4 1106
4 877
4 1856
4 1944
4 1058
4 618
4 110
5 446
5 473
5 694
5 1231
7 794
7 1249
7 23
7 864
8 302
8 1301
10 582
10 1121
10 1119
10 464
11 395
11 39
11 438
11 931
11 1463
12 939
12 782
12 357
12 1404
12 1114
15 1991
15 1837
15 1355
15 426
15 1630
17 624
17 895
17 916
17 1171
17 1090
17 575
17 1572
17 750
17 486
18 27
18 1515
18 1683
18 1588
18 799
18 1799
20 1863
20 480
20 1436
20 1381
20 1390
20 1769
20 10
20 892
20 1977
20 944
21 278
21 508
21 957
21 1006
22 724
22 1432
22 892
22 632
22 99
22 1885
23 1357
23 615
23 563
23 1725
23 284
25 1258
25 1753
25 150
27 776
27 1135
27 1306
27 1530
28 1581
28 108
28 1171
29 323
29 1532
29 1294
29 565
29 1463
29 1202
30 1361
30 366
30 608
30 652
30 538
32 912
32 795
32 1301
32 141
32 297
33 1342
33 617
33 213
33 836
33 1375
35 1029
35 635
35 1102
35 1154
35 168
35 1133
35 288
39 460
39 88
39 278
39 1686
39 332
39 1630
39 584
40 1535
40 590
40 564
40 756
41 418
41 494
41 1172
41 235
42 191
42 32
42 1721
43 421
43 1910
43 1720
44 66
44 216
44 1337
44 631
44 1431
46 365
47 148
47 944
47 1212
48 907
48 561
48 1166
48 132
51 155
51 680
51 1957
51 1470
51 40
51 888
51 1576
51 750
51 1203
53 1121
53 370
53 272
53 366
53 442
53 435
53 348
54 1620
54 1963
54 239
54 1340
54 1319
54 918
56 1156
56 781
56 3
56 283
56 281
56 869
56 1497
56 238
56 267
57 562
57 1824
57 977
57 1169
57 1965
63 330
63 1288
63 582
64 790
64 573
64 1696
64 1205
65 1871
65 332
65 514
65 339
65 876
66 1901
66 285
66 1926
66 1806
66 371
66 1955
67 47
67 1387
67 1247
67 285
67 1381
67 567
68 1717
68 1901
68 959
68 892
68 1058
68 193
68 454
68 20
68 54
68 1969
69 39
69 722
69 931
69 1679
69 946
69 27
72 1817
72 1806
72 57
72 1006
72 707
72 801
72 116
74 1874
74 237
74 1526
74 1337
74 1663
75 1460
75 1249
75 554
77 394
77 1574
77 348
77 1721
77 424
77 154
77 736
77 1268
78 773
78 782
78 127
78 1718
78 1122
78 1973
78 380
78 1598
78 1469
79 66
79 1063
79 201
79 1025
79 145
79 1123
81 773
81 804
81 1099
81 1746
81 835
84 1336
84 1221
84 1805
87 1213
87 829
87 1033
87 1191
87 1429
88 911
88 632
88 1046
88 1594
88 628
88 21
89 494
89 1643
89 567
89 863
89 994
89 908
93 1418
93 964
93 141
93 642
93 528
93 733
93 994
94 1873
94 135
94 1150
94 1700
94 1538
94 581
95 1576
95 914
95 1067
99 1012
99 325
99 1560
99 883
99 741
100 1874
100 135
100 677
100 783
100 810
100 833
103 280
103 851
103 1356
103 1449
106 207
106 222
107 1430
107 1663
107 346
107 435
107 655
107 1150
107 1925
107 1869
107 15
108 1937
108 626
108 565
109 1559
109 159
110 1475
110 1955
111 1632
111 892
111 1700
111 1856
111 332
112 246
112 1530
112 1732
112 1233
112 1222
112 630
113 1844
113 1063
113 1064
113 1479
113 1332
113 1163
114 1581
114 964
114 585
114 354
116 281
116 252
116 1122
116 1127
118 1442
118 1511
118 636
118 1029
118 1220
118 1091
118 1984
118 930
119 1222
119 460
119 1508
119 1249
119 1996
122 1336
122 99
122 1181
122 468
122 863
122 793
122 843
122 291
123 1642
123 1081
124 1294
124 1700
124 761
125 1377
125 173
125 1063
125 1120
125 790
125 1163
125 1907
125 375
125 1485
127 1835
127 415
127 1844
127 1848
128 321
128 1800
128 1939
128 1821
128 544
128 730
128 306
129 288
129 1904
129 69
129 1044
129 396
129 47
129 644
132 1357
132 816
132 1844
135 1640
135 1166
135 783
135 1179
135 949
137 380
137 1871
139 1994
139 349
139 1960
139 603
139 426
140 1854
140 1324
140 357
141 925
141 1507
141 1236
141 22
142 1379
142 938
142 1930
143 1837
143 1607
144 1752
144 1227
144 655
144 911
144 1732
144 816
144 313
144 112
144 961
144 193
144 1108
145 1042
145 425
145 1284
145 1025
145 766
148 1227
148 391
148 1719
149 1791
149 471
149 497
149 630
149 651
149 1357
149 1585
149 694
149 1307
150 914
150 833
150 1785
150 1091
150 273
150 327
150 326
150 353
151 1854
151 1631
151 213
151 1170
151 800
152 707
152 916
152 675
152 65
154 1970
154 464
154 332
154 30
154 798
154 680
154 1721
154 1290
155 683
155 492
155 1000
155 258
155 1055
155 1910
155 487
158 1123
158 267
159 1021
159 1515
159 1683
159 373
159 1106
159 642
162 991
162 1415
162 750
162 1675
162 812
162 390
162 918
164 329
164 1729
164 644
164 816
164 1652
166 354
166 610
166 731
166 1510
168 1013
168 603
168 1401
168 959
169 1913
169 1206
169 1172
169 1178
169 966
169 1149
169 1855
169 808
171 998
171 551
171 282
172 1760
172 1401
173 628
173 680
173 1249
175 229
175 1281
175 1948
175 1271
176 490
176 538
176 110
176 895
177 692
177 1015
177 1675
177 1947
178 87
178 615
178 1959
178 1718
178 1150
178 1372
182 1960
182 727
182 11
182 393
182 145
182 1511
182 808
182 1015
184 1512
184 565
184 692
184 965
184 520
186 1628
186 1265
186 746
186 240
186 1222
186 1825
187 1817
187 1253
187 1834
187 1298
187 1570
187 1479
187 724
187 782
187 1410
188 398
188 582
188 581
188 88
188 456
188 1205
188 286
188 1376
189 1407
189 1978
189 606
191 272
191 1102
191 275
191 506
191 1451
191 109
192 862
192 642
192 1934
193 1957
193 1897
193 1213
193 740
193 1623
193 223
193 1106
194 1529
194 931
194 1098
195 1288
195 1577
195 1576
195 1107
195 281
195 1220
197 191
197 29
197 1365
197 619
201 1171
201 1830
201 1559
201 563
201 1550
202 33
202 998
202 299
202 51
202 235
202 1837
202 327
202 1150
202 1677
202 636
202 845
203 1579
203 220
203 1911
203 454
203 536
203 1511
203 1150
204 1864
204 808
204 869
205 1377
205 630
205 1336
205 1348
205 305
205 651
205 625
205 556
207 348
207 1468
207 305
207 1449
207 1441
207 141
210 1298
210 154
210 978
210 229
210 1100
212 1515
212 794
212 268
212 559
212 162
213 870
213 1550
213 495
213 1783
213 370
214 425
214 1233
214 624
214 1197
215 331
215 1841
215 1152
215 124
215 350
215 373
215 1800
216 415
216 1510
216 898
218 508
218 641
218 549
218 158
218 1550
219 471
219 1153
219 229
220 949
220 246
220 29
220 1652
220 1222
220 1674
220 1392
220 990
221 684
221 1769
221 680
222 1158
222 1722
222 1134
223 972
223 687
223 552
223 1984
224 433
224 1891
224 1135
225 192
225 77
225 177
225 339
225 1720
225 1401
225 888
228 433
228 418
229 205
229 591
229 1029
229 263
229 470
231 838
231 1587
231 162
231 1593
232 41
232 186
232 680
232 1236
232 915
232 43
232 195
235 1558
235 1509
235 1689
235 1919
235 111
235 1072
235 110
237 497
237 1798
237 1657
237 642
237 155
238 1643
238 324
238 173
238 829
238 393
238 333
238 1488
239 1463
239 1213
239 17
239 1220
239 978
239 1414
239 141
239 1592
239 1191
240 1908
240 922
240 516
241 924
241 1824
241 1862
242 1352
242 1881
242 1476
242 1830
244 740
244 1013
244 164
244 51
246 912
246 1164
246 675
246 1469
246 1416
246 297
246 947
246 707
248 632
248 552
248 398
248 213
248 1456
248 64
248 4
248 1834
251 1593
251 155
251 1720
251 1356
251 1073
251 1091
252 804
252 1356
252 1017
252 53
252 529
253 1717
254 1421
254 1323
254 454
254 1225
254 1161
254 850
254 373
255 1161
255 303
255 1470
255 976
255 377
255 1305
258 1579
258 615
258 1360
258 481
259 832
259 99
259 1780
260 1753
262 505
262 671
262 318
262 1064
262 731
263 1460
263 79
263 313
263 830
263 671
263 486
263 1560
263 329
263 1556
264 154
265 1516
265 539
265 1897
265 116
267 1790
267 978
267 1577
267 1803
267 594
268 925
268 282
268 1091
268 713
268 1356
268 1366
268 1508
268 1854
269 2
269 1153
269 1752
269 1361
269 1738
272 63
272 380
272 1141
272 914
272 424
273 710
273 1340
273 502
273 123
273 1925
273 561
275 1084
275 122
275 606
275 1976
275 291
275 762
275 1738
275 727
278 657
278 1170
278 1906
278 896
278 20
279 40
279 112
280 676
280 1848
280 777
281 1807
281 1529
281 1662
281 262
281 1707
281 1322
282 1852
282 1221
282 251
282 68
282 225
282 87
283 1841
283 1269
284 44
284 93
284 1197
284 425
284 1802
284 835
284 1611
284 1170
285 1753
285 1276
285 1955
286 1142
288 1924
288 1469
290 141
290 1067
290 1469
291 103
291 43
291 1794
291 615
293 945
293 1785
293 1516
296 154
296 671
296 1635
296 407
296 1375
296 1195
297 1727
297 328
297 846
297 1178
297 1205
297 242
299 1848
299 689
299 324
299 40
299 586
299 1821
299 694
300 1366
300 175
300 17
300 1627
301 994
301 1156
301 239
301 1585
302 1863
302 1574
302 1216
302 911
302 856
302 25
302 286
303 1013
303 219
303 1476
303 1172
303 354
303 880
305 171
305 66
305 1662
305 486
306 300
306 704
308 1387
308 357
308 943
311 864
311 403
311 608
311 1987
312 1802
312 150
312 1993
312 1134
313 1033
313 1881
313 422
313 594
313 212
313 665
314 1901
314 231
314 368
314 1063
314 30
314 1914
314 1181
314 543
318 1714
318 1677
318 1556
318 1363
318 1254
318 148
318 1715
318 1226
318 1642
318 166
318 1794
319 816
319 125
319 1310
319 1084
319 1790
319 838
321 1021
321 818
321 1294
323 812
323 1460
323 461
323 844
323 20
324 1821
324 64
324 1254
325 973
325 1853
325 1757
325 1987
326 671
326 1960
326 594
326 1356
326 521
326 1685
326 132
326 1509
327 854
327 1075
327 74
328 265
328 1965
328 554
328 1431
328 1647
329 1737
329 1431
329 1075
329 111
329 1087
329 883
329 823
329 582
330 717
330 1461
331 154
331 492
331 370
331 112
331 1260
332 1794
332 43
332 129
332 1262
332 566
332 801
333 202
336 1461
336 416
336 1640
336 1035
337 1834
337 835
337 1612
337 1481
339 1432
339 1686
339 390
339 1725
340 264
340 1620
340 1508
342 647
342 15
342 379
343 1280
343 777
343 1913
343 797
343 1823
343 366
345 1656
345 947
345 1433
345 661
346 22
346 931
346 330
346 1434
346 1984
346 785
346 1469
348 403
348 531
348 1788
349 244
349 691
349 833
349 1611
349 371
350 173
350 870
350 590
350 1876
350 262
350 1476
350 1653
353 238
353 966
353 253
353 162
354 1915
354 1468
354 854
354 1170
354 1853
354 1868
354 1664
356 1799
356 1329
356 1072
356 908
356 1403
357 1919
357 1081
357 387
357 1420
357 1172
357 867
357 1566
357 1127
362 65
362 1168
362 1427
362 1370
362 135
362 1416
362 898
362 187
365 1868
365 1830
365 750
366 1556
366 956
366 1814
367 1736
367 782
367 946
367 1715
367 727
368 1859
368 1519
370 1793
370 480
370 251
370 785
370 113
371 4
371 623
371 192
371 624
371 1539
371 1468
371 1899
371 1126
371 1565
372 28
372 846
372 470
372 1389
372 832
372 210
373 1271
373 118
373 1953
373 1978
373 1231
373 17
375 1533
375 814
375 1905
375 30
375 350
375 1254
375 810
375 864
375 237
375 409
377 608
377 1326
377 350
377 668
377 1632
377 1275
377 485
377 1978
378 584
378 563
378 863
378 1661
378 1458
378 498
379 1757
379 1782
379 1725
379 587
379 1352
379 1072
379 1685
379 357
380 895
380 1154
380 1697
380 1353
380 642
380 1677
380 370
384 1142
384 264
384 1898
384 949
386 319
387 623
387 1377
387 1821
387 440
387 1785
387 1574
387 609
387 348
389 846
389 1696
389 308
389 1153
389 939
390 1857
390 149
390 345
390 899
390 1565
390 255
391 1275
391 1891
391 1791
391 1635
392 1664
392 1133
392 1107
392 28
392 1192
392 389
393 814
393 1182
393 618
393 1429
394 910
394 273
394 1122
394 1996
395 496
395 187
395 1063
396 832
396 1141
396 1784
396 1785
398 1077
398 1497
398 1324
398 1108
402 608
402 516
402 648
402 1769
402 23
403 1718
403 1460
403 132
403 610
403 1462
403 1357
405 246
405 1760
406 141
406 318
407 1653
407 1717
407 852
409 127
409 581
409 691
409 1821
409 260
412 1064
412 1994
415 1413
415 1121
415 926
415 194
415 1476
415 863
416 75
416 680
416 1456
416 11
416 935
416 221
418 1683
418 584
418 956
418 129
418 1306
418 1171
418 762
419 1414
419 1381
419 1622
419 1852
419 1553
419 1162
421 847
421 1441
421 968
421 959
422 575
422 425
422 474
422 451
424 87
424 1178
424 908
424 1209
424 548
424 1689
424 1841
424 1518
424 1606
425 23
425 1529
425 197
425 916
425 1356
425 1479
425 1952
426 543
426 980
426 10
426 1323
426 1431
427 265
427 968
427 139
427 548
427 529
427 272
429 1514
429 1265
429 176
429 1098
429 392
429 1528
429 803
429 1775
431 336
431 1585
431 708
431 1284
431 916
431 1924
431 1974
432 1965
432 904
432 718
432 1164
433 1594
433 925
433 970
433 1338
435 1082
436 1087
436 223
436 1657
438 998
438 42
440 1628
440 811
442 1275
442 1835
445 471
445 22
446 694
446 1597
446 1710
446 330
448 1381
448 111
448 1301
448 3
448 162
448 869
448 1289
448 1323
448 1537
451 1008
451 128
451 18
451 1783
451 1197
451 1212
451 1353
451 1273
451 823
451 1661
451 1784
451 538
453 1289
453 1479
453 885
453 1216
453 330
453 727
453 1462
453 87
454 1634
454 1873
454 1973
454 273
454 810
454 192
455 171
455 1461
455 1792
455 1353
455 505
455 776
455 1681
455 1960
455 1108
456 1524
456 573
456 1587
456 939
456 1041
457 805
457 1340
457 1675
457 137
460 1169
460 884
460 1926
460 389
460 1714
460 311
461 713
461 188
461 1221
461 876
461 475
464 396
464 1231
464 590
464 799
464 1942
464 610
464 1225
464 335
466 733
466 1326
466 1415
466 606
466 528
466 254
466 141
466 33
468 1202
468 42
468 609
468 1923
468 1275
468 218
470 1902
470 366
471 1305
471 1914
471 178
471 17
471 148
471 1566
471 1538
473 123
473 1727
473 1548
473 1021
473 386
473 952
473 214
473 980
474 425
474 1566
474 648
474 128
474 631
474 1516
474 609
475 766
475 938
475 1789
480 1700
480 1750
480 914
480 618
481 642
481 1719
481 626
481 1630
481 1911
482 18
485 1861
485 1853
485 1708
486 851
486 1818
486 1804
487 826
487 949
487 1856
487 33
487 512
487 1781
488 1528
488 1725
488 1418
490 1358
490 856
490 1063
490 591
491 1382
491 1794
491 623
491 1588
491 1248
492 145
492 470
492 448
492 1780
492 954
494 871
494 970
494 207
495 1769
495 1977
495 113
496 421
496 402
496 406
496 562
496 801
497 350
497 35
497 468
497 1347
497 1803
497 412
497 272
497 511
497 1338
498 1103
498 8
498 630
498 876
498 212
499 859
499 343
499 1240
500 1667
500 1597
500 1379
500 1514
502 269
502 1463
502 1044
502 552
502 503
502 1209
503 1496
503 1143
503 1233
503 1529
504 1035
504 615
504 671
504 1791
504 220
504 741
505 1913
505 1261
505 405
506 924
506 204
508 1027
508 68
508 1103
508 259
508 21
509 1824
509 651
509 1143
511 393
511 613
511 1034
511 1093
511 403
511 319
512 1479
512 1960
512 1075
514 330
514 520
514 672
514 1788
515 1667
515 1987
515 1227
515 1940
515 606
516 1431
516 176
516 1410
516 929
517 679
517 1704
517 952
517 630
517 302
517 1144
519 1766
519 25
519 32
520 1496
520 619
520 238
520 1360
521 519
521 1574
521 155
521 312
521 1260
521 984
523 242
523 1591
523 1476
525 372
525 1576
525 1336
525 1091
525 1792
525 145
528 125
528 393
528 728
528 1520
528 661
528 1324
528 1171
528 652
529 1507
529 691
530 252
531 871
531 39
531 353
531 1178
531 514
531 899
532 984
532 1852
532 1182
535 1815
535 610
535 187
536 282
536 1596
536 630
536 582
538 128
538 977
538 319
539 1319
539 1577
539 1179
539 255
539 1205
539 343
542 1360
542 1310
542 987
543 861
543 193
543 1066
543 1647
543 761
544 754
544 306
544 1377
544 931
544 135
544 863
546 308
546 33
546 480
548 1734
548 658
548 1577
548 1939
548 1013
549 1783
549 1055
549 1415
549 74
549 77
551 936
551 1030
551 1558
551 1107
551 548
551 670
551 1811
551 1716
552 128
552 1499
552 1746
552 800
552 1178
554 914
554 386
555 648
555 1009
555 1689
555 777
556 440
556 42
556 143
556 912
559 1063
559 66
559 1993
559 1338
559 1404
559 972
560 509
560 1788
560 325
560 312
560 1685
560 283
560 77
561 1231
561 390
561 74
561 1686
562 1090
562 403
562 1994
562 220
562 1158
562 204
563 1991
563 731
563 1810
563 784
563 340
563 1434
564 213
564 365
564 1880
564 189
564 1418
564 852
564 883
564 602
565 164
565 1924
565 66
566 1980
566 1821
566 327
566 43
567 339
573 1011
575 1694
575 313
575 978
575 1465
575 1241
578 1178
578 1906
578 1944
578 1509
579 1290
579 614
579 1957
579 1413
580 628
580 491
581 613
581 1504
581 259
582 1748
582 214
582 733
582 1594
582 830
582 1841
584 5
584 284
584 168
584 1166
585 1346
585 1805
585 1370
586 1901
586 429
586 1536
586 1064
586 1197
587 984
587 575
587 883
590 176
590 928
590 1056
590 99
590 398
590 904
591 1162
591 1978
591 1288
593 905
593 1144
593 1675
593 785
593 139
593 1041
593 635
594 1941
594 602
594 1623
594 299
601 1458
601 168
601 715
601 1075
601 498
601 12
601 593
602 1307
602 586
602 1737
602 724
603 1403
603 1964
603 856
604 1222
604 1793
604 1449
604 259
604 946
604 311
606 1482
606 164
606 1044
608 41
608 1390
608 593
608 999
608 1479
609 446
609 1817
609 573
610 481
610 1331
610 1750
610 1308
610 1220
610 1310
613 139
613 1811
613 1905
613 1049
614 1536
614 365
615 68
615 904
615 500
615 1515
615 928
615 1447
615 614
615 1516
615 1980
617 367
617 1379
618 0
618 486
618 43
618 278
618 1479
618 586
619 704
619 1737
619 1681
623 1963
623 1403
623 1595
623 403
623 496
623 1783
623 1122
624 1058
624 586
624 1963
624 1519
624 1814
624 1760
625 1000
625 205
625 325
625 888
625 1429
626 326
626 471
628 754
628 21
628 862
630 1694
630 1679
630 641
630 1497
631 1253
631 1210
631 808
631 1610
631 1830
631 1461
632 387
632 1081
632 1262
632 1205
632 1611
633 1157
633 497
633 485
633 1276
633 515
633 1816
633 286
633 670
635 1520
635 1876
635 1034
635 137
635 1868
635 542
636 1620
636 1998
636 1372
636 1449
636 699
638 883
638 1859
638 107
638 1087
641 1715
641 215
641 18
642 731
642 299
642 1918
642 1566
642 1494
642 1069
642 647
644 861
644 107
644 1798
645 491
645 1463
645 254
645 1449
646 1013
646 655
646 124
646 1063
646 1914
646 1587
646 473
647 213
647 1441
647 1401
647 1841
647 1919
647 804
648 959
648 708
648 559
648 1405
652 1436
652 741
652 1161
652 1512
652 805
652 152
655 373
655 39
655 795
655 1223
655 284
655 812
655 419
655 1595
655 461
655 1280
656 866
656 505
656 1123
656 492
656 264
656 1709
656 482
656 1093
657 585
657 1047
657 77
657 454
658 1028
658 1436
658 986
658 1916
658 926
658 409
660 1997
660 811
660 930
660 1935
661 801
664 864
664 108
664 715
664 1853
664 826
664 926
665 132
665 984
665 884
668 1704
668 210
668 551
668 1984
670 511
670 753
670 883
670 25
671 1163
671 172
671 1963
671 177
671 1524
671 188
671 216
672 1491
672 849
672 908
672 191
675 1067
675 87
675 1645
676 1253
676 960
676 362
676 977
677 312
677 1356
677 231
677 327
677 694
677 445
677 448
679 482
679 1355
680 7
680 5
680 635
680 1556
680 1067
683 468
683 486
683 365
683 1291
683 1253
683 1418
683 561
683 523
684 565
684 944
684 794
684 720
687 470
687 519
687 77
689 1015
689 808
689 1439
689 1587
689 1627
689 1907
690 708
690 664
690 1361
690 202
690 523
691 1248
691 1518
691 904
691 393
691 1415
691 1752
692 1823
692 297
692 1579
692 602
692 466
692 976
692 1824
692 1307
692 431
692 885
693 1848
693 418
693 1934
693 536
693 1757
693 1515
693 924
694 862
694 1771
694 952
694 1382
694 1225
694 1700
699 1255
699 273
699 1024
699 293
704 141
704 1268
704 929
704 1565
704 282
704 485
704 1220
707 1415
707 110
707 330
707 1277
707 744
710 1308
710 128
710 1556
710 555
713 984
713 1073
713 803
713 1674
713 1727
713 1891
713 1413
713 1322
714 275
714 42
714 723
714 823
715 949
715 1585
715 1643
717 1158
717 1677
717 797
717 494
718 1876
718 1630
718 1647
720 372
720 486
720 691
720 1260
720 949
720 1269
721 416
721 193
721 1689
721 1439
722 1769
722 548
722 946
722 11
723 1948
723 387
723 1375
723 1881
724 1902
724 345
724 340
724 1539
724 880
724 504
727 1294
727 1622
727 1376
727 1947
728 306
728 395
728 972
728 1357
728 1154
730 1337
730 51
730 1276
730 1376
730 1284
731 1576
731 1532
733 416
733 231
733 1343
733 253
733 1162
733 212
733 54
733 590
736 1656
736 1496
736 1563
736 342
736 1376
736 1120
736 1618
738 1381
738 1811
738 312
738 1592
738 1998
738 123
738 575
739 1077
739 1023
739 1707
739 1494
739 1106
739 424
739 1926
739 1553
740 960
740 924
740 470
740 699
741 203
741 883
741 689
743 65
743 1308
743 204
744 777
744 675
744 1827
744 290
744 1835
744 1696
746 525
746 1805
746 677
746 1195
746 1677
748 1955
748 21
748 1818
748 330
748 1804
748 1980
748 1485
748 259
749 1957
749 1418
749 861
749 1223
749 530
749 1323
749 314
750 1363
750 749
750 1757
750 1508
750 658
750 433
750 645
752 1024
752 1769
752 207
752 584
752 1498
752 1635
753 1782
753 164
753 840
754 1327
754 1857
754 143
754 908
754 938
754 1470
756 559
756 543
756 216
756 788
756 205
761 1848
761 1348
761 1577
761 1087
761 1821
761 593
761 239
761 47
761 313
762 195
762 500
762 495
762 1491
762 35
762 99
762 402
762 1656
762 617
766 260
766 1291
766 1769
766 1172
766 1729
766 897
773 1404
773 962
773 1775
773 350
773 1944
775 1437
775 127
775 672
775 1372
775 1273
776 1607
776 1262
776 1181
776 829
776 336
777 203
777 1178
777 184
777 1056
777 490
777 636
778 395
779 1980
779 17
779 1664
779 515
779 427
781 1563
781 1183
781 195
781 520
781 319
781 252
782 1926
782 32
782 286
783 684
783 339
783 445
783 403
783 1829
783 1959
783 1969
783 1792
783 1017
784 854
784 1343
784 1108
784 613
784 5
785 335
788 1737
788 1416
788 1647
788 305
788 916
790 1301
790 169
790 1765
790 1298
790 1338
793 186
793 810
793 251
793 1917
794 1736
794 1413
794 1748
794 205
794 1084
794 1788
794 253
795 601
795 1863
795 1298
795 299
795 419
797 1632
797 1574
797 189
797 1600
797 516
797 1296
798 240
798 1511
798 1736
798 1662
798 1969
799 1943
799 1135
799 1739
799 1277
800 125
800 435
800 1704
800 538
801 1550
801 1000
801 970
801 269
801 1227
801 1570
801 1389
801 1994
801 424
801 1931
801 1310
802 717
802 1499
802 531
802 1953
802 1379
802 1957
803 1998
803 838
803 1825
803 1222
803 536
804 305
804 608
804 1365
805 1197
805 210
805 691
805 1565
805 1161
805 818
805 1996
805 1075
805 1785
805 1824
808 1470
808 0
808 1221
808 1254
810 112
810 1612
810 490
811 1432
811 638
811 1902
811 218
811 625
811 328
812 1799
812 5
812 1990
812 877
814 499
814 1765
814 1278
814 1418
815 240
815 672
815 1387
816 1823
816 260
816 699
816 846
818 177
818 542
818 12
818 652
818 1100
818 1436
823 1417
823 1899
823 1535
826 1802
826 215
826 42
828 829
828 1790
828 1864
828 585
828 776
828 74
828 4
828 655
828 1788
828 1515
829 11
829 1322
830 293
830 325
830 362
832 1278
832 1623
832 259
832 1481
833 610
833 947
833 1976
833 1162
835 328
835 897
835 862
835 512
835 503
836 1876
836 1694
836 1830
836 1286
836 615
836 1765
838 884
838 1739
838 1973
838 204
838 1376
838 1508
840 353
840 405
840 1326
840 626
840 67
840 635
840 516
840 1974
843 77
843 302
843 506
843 862
843 335
844 930
844 793
844 1914
844 1563
844 343
844 665
844 1289
845 1553
845 1463
845 1343
845 1281
845 1352
845 47
845 736
846 409
846 1411
847 761
847 1897
847 943
847 519
847 1087
847 2
847 395
849 1549
849 468
849 567
849 1338
849 520
849 713
849 1428
850 1769
850 880
851 486
851 1947
851 936
851 1697
851 869
851 991
851 396
852 720
852 1662
852 506
852 1430
852 816
854 1470
854 1567
854 1220
854 1784
855 1618
855 1323
855 15
855 1516
856 1163
856 1710
856 889
859 1934
859 205
859 1408
859 280
859 68
861 704
861 850
861 1943
861 1533
861 497
861 560
861 244
862 936
862 500
862 251
862 1903
862 972
863 1392
863 1681
863 169
863 1663
864 972
864 237
864 1469
864 1794
864 1694
864 1908
864 876
866 1996
866 1570
866 944
866 375
866 132
866 651
867 1063
867 366
867 1346
867 282
869 1739
869 1997
869 306
869 675
869 512
869 899
869 158
869 1758
869 1099
869 1553
870 1142
870 1281
870 851
871 481
871 1825
871 1213
871 1223
871 12
876 252
876 1844
876 1528
876 1753
876 615
876 262
877 300
877 1183
880 1069
880 39
880 1277
880 1955
880 1449
880 3
880 936
880 1372
883 166
883 56
883 1769
883 916
883 456
884 528
884 189
884 43
885 614
885 1674
885 1436
885 1913
885 284
885 531
888 777
888 849
889 1863
889 947
889 914
889 1225
889 846
889 1213
892 1377
892 426
892 1100
892 744
892 151
892 18
895 1223
895 345
895 244
895 905
895 311
895 504
895 1152
895 968
895 646
896 743
896 1829
897 1403
897 1864
897 529
898 114
898 1994
898 1261
898 144
898 1798
899 1592
899 546
899 99
899 464
899 1348
899 194
899 986
899 460
904 25
904 1326
904 1504
904 1475
905 1923
905 529
905 1084
905 815
905 1014
905 1798
907 1431
907 708
907 1182
907 559
908 1940
908 41
908 1326
908 1974
908 89
908 110
910 240
910 1334
910 1990
910 784
910 8
910 1218
911 1995
911 1574
911 1021
911 1461
911 914
912 20
912 946
912 186
912 144
912 849
912 1428
914 1897
914 938
914 1519
914 1596
914 1421
914 1662
915 18
915 99
915 512
915 1634
915 1028
915 832
915 1542
915 1969
915 1491
916 538
916 1171
916 1260
916 1824
916 1717
916 1940
917 1437
917 1153
917 1289
917 1657
917 818
917 1646
917 1143
917 1723
918 1681
918 1796
918 1431
918 1990
918 1439
922 1520
922 830
922 987
922 119
922 1960
922 816
924 112
924 657
924 1747
924 775
924 675
924 1291
925 884
925 847
925 1012
926 337
926 1679
926 1426
926 339
926 840
926 816
926 1496
926 252
927 633
927 1103
927 293
927 164
927 1039
927 346
928 5
928 1797
928 1028
928 327
928 1441
929 1753
929 203
930 836
930 1410
931 1494
931 1697
931 960
931 111
931 329
935 1539
935 1769
935 1049
935 911
936 1911
936 692
936 1117
937 797
937 1799
937 1857
937 1717
937 730
937 1748
937 1819
937 46
938 1563
939 1106
939 1027
939 1352
939 1337
939 65
939 977
943 511
943 1012
943 244
943 1594
943 1533
943 566
943 1664
943 371
943 12
944 1387
944 1249
944 1802
944 1152
945 144
945 604
945 586
945 498
945 1375
945 949
945 1516
946 1049
946 30
946 251
946 128
946 1064
946 1965
946 562
947 889
947 1869
947 852
947 1559
947 1776
947 1416
947 201
947 1431
947 1476
949 1993
949 1604
949 279
949 1363
949 1548
952 1210
952 1310
952 1685
954 1876
954 1012
954 1550
954 1356
954 565
954 1917
955 805
955 1216
955 749
955 454
955 396
955 904
955 1156
956 293
956 1447
956 1788
956 961
956 690
957 95
957 1382
957 1428
957 1462
957 954
957 788
959 736
959 63
959 613
959 912
959 715
959 1964
959 1501
960 1188
960 1049
960 1677
960 306
960 1881
960 1029
961 1939
961 1915
961 1172
961 191
961 1334
961 362
962 931
962 684
962 285
962 1203
962 636
962 744
964 214
964 1891
964 145
964 506
964 1944
964 1260
964 960
965 1444
965 1566
965 72
966 456
966 474
968 846
968 169
968 740
968 51
968 1024
968 1837
970 1869
972 1046
972 1447
972 64
972 1528
972 689
973 1935
973 560
973 1122
973 779
973 915
973 1152
976 1798
976 168
976 1871
976 1947
977 680
977 1990
977 560
977 803
977 1135
977 1782
977 660
978 154
978 442
978 1025
978 223
978 1937
978 176
980 665
980 1038
980 1747
984 1500
984 152
984 609
984 1569
984 1063
984 12
984 368
986 1351
986 151
986 357
986 748
986 77
986 499
987 775
987 1153
987 1623
990 717
990 1815
990 1253
990 1056
990 1827
990 1442
991 106
991 1574
991 551
991 248
991 238
991 1699
994 1421
994 221
994 79
994 1408
994 936
994 331
994 1046
997 1871
997 1281
997 1905
997 660
997 551
998 856
998 248
998 1944
999 386
999 838
999 1790
999 93
999 132
999 1814
1000 419
1000 1381
1000 1901
1000 1593
1000 1126
1000 1197
1000 1911
1000 1976
1002 856
1002 482
1002 1269
1002 201
1002 357
1002 1634
1002 1803
1002 546
1002 440
1002 1560
1002 1716
1006 228
1006 1035
1008 229
1008 353
1008 594
1008 1291
1008 1788
1008 683
1009 1197
1009 1041
1009 18
1011 99
1011 644
1011 1925
1011 1914
1012 1597
1012 0
1012 451
1013 195
1013 221
1013 1498
1013 1248
1013 585
1014 27
1014 1815
1015 384
1015 549
1015 1209
1015 1488
1015 1657
1017 202
1017 575
1017 438
1017 1642
1017 1798
1021 1916
1021 628
1021 829
1021 1664
1023 564
1023 1403
1023 221
1023 641
1024 1863
1024 670
1024 580
1024 1150
1025 660
1025 781
1025 1106
1025 1679
1025 539
1025 1451
1027 438
1027 173
1028 998
1028 1539
1028 140
1028 46
1028 1207
1028 1924
1029 1947
1029 502
1029 12
1030 1653
1030 391
1030 337
1032 814
1032 1082
1032 863
1032 1417
1032 1857
1032 422
1032 1408
1032 543
1032 1536
1033 1448
1033 296
1034 1807
1034 626
1034 1025
1034 72
1034 632
1035 922
1035 1239
1035 1815
1038 327
1038 231
1038 1673
1038 724
1039 460
1039 67
1039 1769
1039 715
1039 714
1039 1197
1041 555
1041 1897
1041 843
1041 54
1041 93
1041 1996
1041 1340
1041 826
1042 1058
1042 1382
1042 260
1042 1661
1042 1916
1042 1727
1042 1970
1042 1475
1043 1520
1043 470
1043 1963
1043 480
1044 1481
1044 466
1046 1900
1046 606
1046 670
1046 1721
1046 64
1046 1106
1046 828
1047 471
1047 1940
1047 1703
1047 1857
1047 636
1049 1974
1049 214
1055 1891
1055 704
1055 799
1055 525
1056 514
1056 258
1056 140
1056 1381
1056 575
1058 964
1058 129
1058 1463
1058 564
1058 1623
1063 1277
1063 1861
1063 1588
1064 335
1064 495
1064 1930
1064 1844
1064 1914
1066 129
1066 11
1066 1739
1066 740
1066 84
1067 1361
1067 1415
1067 1798
1067 1460
1067 353
1067 846
1069 1375
1069 142
1069 580
1072 1891
1072 378
1072 1056
1072 308
1072 53
1073 1746
1073 406
1073 908
1073 1203
1073 608
1075 723
1075 1404
1075 907
1077 861
1077 1910
1077 1014
1081 1900
1081 1126
1081 232
1082 1407
1082 89
1082 829
1082 1694
1082 1273
1082 657
1084 544
1084 717
1084 308
1084 898
1084 328
1087 468
1087 1029
1087 1542
1087 1817
1087 708
1087 657
1087 111
1087 1370
1090 638
1090 1528
1090 1261
1090 1241
1090 587
1090 1000
1090 1463
1090 926
1090 1063
1090 1294
1091 1577
1091 1528
1091 1012
1091 1372
1093 1656
1093 99
1093 1612
1096 51
1096 1804
1096 210
1096 1799
1098 1434
1098 1681
1099 1103
1099 1784
1099 1093
1099 169
1099 53
1099 168
1099 1925
1099 1416
1100 371
1100 267
1100 46
1100 1223
1102 330
1102 65
1102 1275
1102 1566
1103 905
1103 713
1103 1236
1103 1416
1103 936
1103 56
1106 525
1106 1366
1106 943
1106 305
1106 1437
1106 1528
1106 1539
1107 1903
1107 228
1107 1824
1107 20
1107 1291
1107 749
1107 353
1107 676
1108 908
1108 1874
1108 7
1108 394
1108 1082
1108 1463
1108 140
1112 647
1112 750
1114 1291
1114 1947
1114 272
1114 390
1114 1716
1114 1096
1114 1025
1114 1782
1117 332
1117 1403
1117 610
1117 1322
1117 112
1119 1848
1120 203
1120 1150
1120 456
1121 1308
1121 1236
1121 393
1121 1598
1122 750
1122 554
1122 1166
1122 65
1122 99
1123 1567
1123 111
1123 1852
1123 509
1123 575
1123 17
1126 684
1126 1183
1126 1612
1126 1815
1126 1752
1126 1035
1126 581
1126 1572
1127 1326
1127 1286
1127 1774
1129 140
1129 1248
1129 830
1129 391
1129 803
1129 845
1129 94
1133 1816
1133 1570
1133 1779
1134 464
1134 756
1134 1893
1134 1707
1135 1911
1135 442
1135 84
1135 959
1135 457
1135 1934
1136 193
1136 585
1136 1775
1136 308
1136 312
1136 242
1136 333
1141 1463
1141 480
1141 1093
1141 193
1141 840
1141 1432
1142 28
1142 1939
1142 1569
1142 1753
1142 1024
1143 1389
1143 1631
1144 457
1144 1953
1144 1047
1144 944
1144 1526
1144 566
1144 651
1149 1273
1149 1610
1149 302
1150 1800
1150 1854
1150 336
1150 542
1150 805
1152 1611
1152 1421
1152 263
1152 1431
1152 559
1153 535
1153 1168
1153 1520
1153 962
1153 1044
1153 1588
1154 1262
1154 1631
1154 1280
1156 1700
1157 727
1157 218
1157 1262
1157 1947
1157 23
1158 1942
1158 1379
1158 1417
1158 329
1158 1585
1161 1627
1161 1984
1161 957
1161 1794
1161 1815
1161 1944
1161 1998
1162 601
1162 474
1162 128
1162 1771
1163 1679
1163 1209
1163 1469
1164 587
1164 1073
1164 1278
1164 1924
1164 251
1164 490
1166 1903
1166 215
1166 1549
1166 1142
1166 539
1166 195
1166 1414
1166 1661
1166 254
1166 1607
1168 928
1168 318
1168 626
1168 1119
1168 1284
1168 1524
1168 219
1169 818
1169 889
1169 1841
1169 195
1169 392
1169 1891
1170 1307
1170 210
1170 12
1170 139
1170 1902
1170 464
1171 778
1171 560
1171 1995
1171 564
1172 1129
1176 1286
1176 100
1176 1259
1176 520
1176 1632
1176 1008
1178 1258
1178 265
1178 1511
1178 424
1178 1206
1178 617
1179 938
1179 889
1179 664
1179 1379
1179 1528
1179 590
1179 1112
1179 323
1181 1269
1182 1162
1182 871
1182 1991
1182 743
1182 1528
1182 164
1182 561
1182 811
1183 924
1183 171
1183 645
1183 201
1183 631
1183 608
1183 1290
1188 1943
1188 66
1188 1239
1188 1885
1188 617
1188 1353
1188 499
1191 580
1191 235
1191 1491
1191 1853
1191 1898
1191 1585
1191 1176
1192 57
1192 1046
1192 748
1195 241
1195 658
1195 220
1195 1793
1195 579
1195 1861
1195 613
1197 1412
1197 889
1199 1222
1199 542
1199 1717
1199 1009
1199 628
1199 1628
1199 1352
1202 1604
1202 1790
1203 1520
1203 1218
1203 1178
1203 781
1203 1781
1203 1310
1203 189
1205 986
1205 1310
1205 378
1205 422
1205 1607
1205 1427
1206 343
1206 1702
1206 964
1207 908
1207 690
1207 1799
1209 345
1209 393
1209 1902
1209 66
1209 984
1209 1708
1210 1723
1210 563
1210 95
1210 88
1210 546
1210 610
1212 431
1212 689
1212 1797
1212 680
1212 87
1212 372
1212 454
1213 1288
1213 908
1213 781
1213 644
1213 1310
1216 1087
1216 415
1216 986
1216 1640
1216 1157
1216 1807
1216 17
1216 1708
1216 1168
1218 1352
1218 375
1218 904
1218 123
1219 1334
1219 1008
1219 445
1219 1766
1220 1461
1220 222
1221 1779
1221 1622
1221 549
1221 380
1221 915
1221 661
1221 744
1222 684
1222 268
1222 5
1222 490
1222 689
1222 1556
1222 626
1223 92
1223 739
1223 869
1223 1681
1223 498
1223 671
1223 938
1223 1592
1223 328
1223 406
1225 435
1225 1489
1225 1096
1225 30
1225 1437
1226 1081
1226 1494
1227 1753
1227 1150
1227 252
1231 1411
1231 1864
1231 1456
1231 1939
1233 671
1233 238
1233 286
1233 1935
1236 343
1236 1738
1239 1717
1240 1164
1240 1782
1240 1156
1241 738
1241 92
1241 1585
1247 1739
1247 1634
1248 1098
1248 46
1248 1771
1248 384
1248 835
1248 847
1249 263
1249 949
1249 1910
1249 1821
1249 1375
1249 1518
1249 1510
1249 1199
1253 1306
1253 1699
1253 502
1253 626
1253 648
1253 1290
1253 1753
1254 456
1254 1218
1254 1072
1254 1710
1254 1361
1254 87
1254 343
1255 778
1255 380
1255 438
1255 1747
1255 677
1255 838
1255 1162
1257 497
1257 1574
1257 601
1257 496
1257 1721
1257 402
1257 421
1258 511
1258 843
1258 1268
1258 1655
1258 1291
1259 1479
1259 110
1259 1465
1259 1738
1259 238
1259 169
1259 1804
1259 57
1259 368
1260 259
1260 551
1260 836
1260 692
1260 342
1261 1136
1261 556
1261 42
1261 265
1262 528
1262 56
1262 353
1262 1535
1264 348
1264 457
1265 855
1265 1058
1265 1934
1265 231
1265 251
1265 235
1265 1154
1265 1431
1268 1356
1268 1797
1268 416
1269 1102
1269 445
1269 224
1271 395
1271 554
1271 345
1271 1170
1271 482
1271 1046
1273 1408
1273 564
1273 1647
1273 1012
1273 11
1273 1149
1275 1021
1275 152
1275 1389
1275 354
1275 1596
1276 730
1276 559
1276 46
1276 1253
1276 1818
1276 1356
1277 1058
1277 1925
1277 148
1277 1957
1278 1604
1278 1643
1278 648
1278 473
1278 43
1278 1012
1278 46
1280 1259
1280 1183
1280 1663
1281 1533
1281 756
1284 962
1284 916
1284 936
1284 999
1285 628
1285 1628
1285 1093
1285 535
1285 1747
1285 1959
1285 1510
1285 1881
1285 1221
1286 1183
1286 625
1286 883
1286 1481
1288 375
1288 1674
1288 333
1288 393
1288 1514
1288 795
1289 644
1289 1787
1289 1700
1289 1816
1290 424
1290 1066
1290 1509
1290 7
1290 418
1291 139
1291 457
1291 505
1291 1645
1291 1899
1291 421
1291 936
1291 1225
1291 1800
1294 4
1294 1707
1294 973
1294 64
1296 1475
1296 5
1296 1817
1296 1294
1296 968
1296 672
1296 1468
1296 110
1296 1437
1296 92
1298 905
1298 151
1298 603
1298 1338
1298 1393
1298 173
1298 1301
1298 1694
1301 1653
1301 1365
1301 1794
1301 1164
1305 1792
1305 928
1305 490
1305 1703
1305 1221
1305 89
1305 1329
1306 1990
1306 1788
1306 1677
1306 1422
1306 1917
1306 888
1306 1785
1307 689
1307 1257
1307 312
1307 140
1307 17
1307 1322
1307 1898
1307 1269
1308 590
1308 532
1308 624
1308 931
1308 543
1308 896
1308 847
1308 88
1308 630
1310 1421
1310 496
1310 631
1310 1253
1310 844
1310 790
1310 531
1319 832
1319 1960
1319 1549
1319 508
1319 1422
1319 1685
1319 491
1322 1766
1322 329
1322 782
1322 938
1322 284
1322 749
1322 1268
1322 904
1323 1775
1323 123
1323 1776
1323 1674
1324 92
1324 1509
1324 633
1324 1548
1324 1893
1324 392
1324 843
1324 748
1324 123
1324 1980
1326 699
1326 1907
1326 1291
1326 149
1326 1558
1326 1702
1326 368
1326 468
1327 1707
1327 949
1327 1825
1327 877
1327 28
1329 1926
1329 1993
1329 403
1331 75
1331 733
1331 1265
1332 1441
1332 1570
1332 1058
1332 114
1332 1515
1332 970
1334 331
1334 1796
1334 1143
1334 1963
1334 492
1336 159
1336 1780
1336 251
1336 1939
1336 519
1336 17
1337 362
1337 380
1338 291
1338 1366
1338 330
1338 1566
1340 1042
1340 859
1340 724
1342 752
1342 1683
1342 1788
1342 1516
1342 415
1342 1411
1342 1191
1343 12
1343 794
1343 144
1343 636
1343 1965
1343 610
1346 986
1346 1734
1346 79
1346 1907
1346 615
1346 713
1346 555
1346 608
1347 1231
1347 1199
1347 523
1347 63
1347 29
1347 943
1347 207
1348 378
1348 100
1351 1236
1351 114
1351 17
1352 954
1353 938
1353 1461
1353 1948
1353 1524
1353 67
1355 1577
1355 1788
1355 1780
1355 345
1355 1123
1355 1774
1355 1585
1356 1746
1356 1107
1356 379
1356 1959
1356 425
1356 159
1356 966
1357 1732
1357 965
1357 929
1357 1376
1358 1806
1358 204
1358 357
1358 470
1360 1041
1360 248
1361 1181
1361 1512
1361 281
1361 269
1361 675
1361 1891
1363 542
1363 324
1363 107
1363 784
1363 1172
1365 1703
1365 427
1365 340
1365 412
1365 523
1365 210
1365 1348
1366 335
1366 1499
1366 1560
1370 1012
1370 1415
1370 1418
1370 1588
1370 490
1372 1996
1372 731
1372 801
1375 1980
1375 997
1375 1347
1375 1171
1375 670
1375 1119
1375 1432
1376 804
1376 505
1376 1221
1376 1183
1376 150
1376 1269
1377 1707
1377 1694
1377 319
1379 57
1379 680
1379 962
1379 44
1381 1528
1381 1498
1382 1107
1382 1844
1387 1343
1387 241
1387 603
1387 1886
1388 1150
1388 453
1388 642
1388 1421
1388 1715
1388 536
1389 514
1389 811
1389 8
1389 1771
1389 189
1389 1970
1390 137
1390 683
1390 739
1390 1594
1390 1511
1390 1699
1390 1430
1392 451
1392 480
1392 793
1393 552
1393 1432
1401 280
1401 1475
1401 710
1401 896
1401 713
1402 908
1402 1030
1402 367
1402 504
1402 406
1402 187
1402 475
1403 635
1403 1581
1403 652
1403 302
1403 1218
1403 679
1404 219
1404 1422
1404 1853
1404 251
1404 1827
1405 529
1405 1219
1405 788
1405 628
1407 1797
1407 802
1407 1356
1407 714
1407 798
1407 1581
1408 863
1408 1199
1408 1536
1409 1753
1409 863
1409 398
1409 805
1409 278
1409 1096
1409 1439
1409 1202
1410 1587
1410 720
1410 636
1410 1881
1410 1038
1411 1338
1411 788
1411 436
1411 332
1411 1939
1412 1437
1412 1792
1412 562
1413 964
1413 966
1413 7
1413 1752
1413 965
1414 1090
1414 1852
1415 899
1415 178
1415 1863
1415 100
1415 494
1415 111
1416 44
1416 528
1416 1156
1416 849
1416 1996
1416 1488
1416 1947
1417 237
1417 968
1417 1868
1417 508
1417 1437
1417 1222
1417 1908
1418 375
1418 1881
1418 231
1418 1635
1418 119
1418 525
1418 44
1419 1542
1419 1815
1420 1087
1420 1538
1421 1475
1421 56
1421 1415
1422 394
1422 833
1422 1171
1422 273
1422 1769
1426 1129
1426 321
1427 394
1427 1910
1427 1652
1427 1072
1427 867
1428 224
1428 680
1428 1100
1428 1918
1428 311
1429 1288
1430 65
1430 1199
1430 204
1430 636
1431 964
1431 793
1431 651
1431 931
1432 239
1432 1366
1432 864
1432 800
1433 1834
1433 269
1433 172
1433 1702
1433 1497
1433 1353
1433 707
1433 398
1434 693
1434 1924
1434 1558
1434 1241
1434 337
1436 1519
1436 660
1436 1631
1436 849
1436 1039
1437 1172
1437 1169
1437 1925
1437 1179
1439 730
1439 415
1439 202
1439 1352
1439 691
1441 1774
1441 935
1441 1357
1441 1011
1441 424
1442 1507
1442 188
1442 1526
1442 184
1442 672
1444 1494
1444 1806
1444 1548
1444 1188
1444 412
1444 240
1447 268
1447 630
1447 998
1448 303
1448 1813
1448 710
1448 1873
1448 1739
1448 466
1449 1886
1449 1780
1451 267
1451 492
1451 1433
1451 237
1451 551
1451 454
1456 761
1456 812
1456 1675
1456 898
1456 1157
1456 433
1456 345
1458 869
1458 1468
1458 377
1458 1677
1458 845
1460 1437
1460 1704
1460 929
1461 684
1461 1067
1461 500
1461 1407
1461 1499
1461 391
1461 149
1462 1498
1462 318
1462 468
1462 823
1462 1585
1462 691
1463 931
1463 53
1465 1096
1465 1815
1465 505
1465 162
1465 1934
1465 531
1465 300
1468 176
1468 561
1468 1591
1468 1696
1469 129
1469 204
1469 1032
1470 1709
1470 207
1470 715
1470 182
1475 925
1475 66
1476 562
1476 1934
1476 95
1476 1365
1476 311
1479 1156
1479 1596
1479 1507
1479 1410
1481 1470
1481 783
1481 264
1481 1271
1481 898
1481 1319
1482 1152
1482 1612
1482 1370
1482 1414
1485 1709
1485 753
1485 1449
1485 1776
1485 798
1488 148
1488 1908
1488 475
1488 830
1488 10
1488 81
1488 609
1489 44
1489 461
1489 409
1489 665
1489 240
1491 305
1491 984
1491 1351
1491 297
1491 1550
1491 1964
1491 1748
1491 1572
1491 1598
1494 1574
1494 1027
1494 1565
1494 1727
1496 1294
1496 246
1496 290
1496 503
1496 632
1497 779
1497 66
1497 710
1497 840
1497 239
1498 984
1498 651
1498 1432
1498 1181
1498 710
1498 11
1498 704
1498 846
1498 1248
1499 1055
1499 994
1500 1917
1500 175
1500 152
1500 928
1500 908
1500 1141
1500 966
1500 1058
1504 1253
1504 1923
1504 114
1504 284
1504 442
1507 1261
1507 333
1507 651
1507 754
1507 832
1507 584
1508 1930
1508 1107
1508 492
1508 1854
1508 67
1508 212
1508 1427
1509 870
1509 1277
1509 645
1509 856
1509 939
1509 281
1510 172
1510 203
1510 1326
1511 286
1511 777
1511 23
1511 1319
1511 830
1511 944
1511 562
1512 1444
1512 222
1512 1790
1512 939
1514 1212
1514 466
1514 956
1515 240
1515 746
1515 1479
1515 997
1515 375
1515 1072
1515 1640
1515 1028
1516 766
1516 897
1516 1970
1516 1606
1516 799
1518 1346
1518 1718
1518 1622
1518 784
1519 1515
1519 1948
1519 348
1519 738
1519 1188
1520 1901
1520 402
1520 750
1520 255
1520 1848
1520 87
1520 1664
1520 1144
1524 1192
1524 1096
1526 426
1526 1469
1526 871
1526 27
1526 788
1526 498
1526 1804
1526 350
1528 421
1528 1262
1528 391
1529 123
1529 283
1529 1310
1529 1507
1529 1418
1530 1009
1530 267
1530 720
1530 1536
1531 1655
1531 788
1531 917
1531 961
1531 645
1531 1356
1532 1508
1533 1597
1533 997
1533 1264
1535 514
1535 1841
1535 564
1536 1721
1536 943
1536 1361
1536 978
1537 584
1537 1352
1537 1207
1537 964
1538 877
1538 1056
1538 1787
1538 1579
1538 601
1538 424
1538 189
1539 1859
1539 1873
1542 884
1542 114
1548 232
1548 1069
1548 1278
1548 543
1549 1657
1549 519
1549 1802
1549 155
1549 1049
1549 1181
1550 1135
1550 1014
1550 515
1550 978
1550 225
1550 1264
1550 5
1553 1789
1553 1463
1553 1203
1553 1379
1553 1136
1553 1857
1553 566
1556 1047
1556 525
1556 628
1556 1402
1556 1815
1556 657
1556 1662
1556 1758
1556 177
1558 1631
1558 46
1558 436
1558 251
1559 422
1559 1996
1559 1496
1559 219
1559 1758
1559 342
1559 585
1559 184
1559 1645
1560 615
1560 1449
1560 1630
1563 1081
1563 601
1563 258
1563 262
1565 610
1565 978
1565 1269
1565 128
1565 1227
1565 1192
1566 1280
1566 775
1566 89
1566 1461
1566 1874
1567 561
1567 103
1567 1255
1567 339
1567 373
1567 43
1567 466
1567 968
1569 1837
1569 1006
1569 435
1570 867
1570 53
1570 998
1570 855
1570 398
1570 1982
1572 1630
1572 1414
1572 1661
1572 282
1574 835
1574 1096
1576 1720
1576 717
1576 530
1577 1685
1577 1469
1577 176
1577 1199
1577 1451
1577 1935
1579 1717
1579 1973
1579 679
1579 424
1579 1192
1579 1664
1579 1199
1579 1323
1579 63
1581 1436
1581 474
1581 473
1581 1834
1585 1461
1585 635
1585 1257
1585 741
1585 1225
1587 222
1587 99
1587 1788
1587 1504
1588 836
1588 1753
1588 168
1588 587
1588 69
1588 68
1591 237
1591 1081
1591 225
1591 1012
1591 717
1591 305
1591 66
1591 1942
1591 202
1591 1404
1592 1075
1592 107
1592 910
1592 333
1592 329
1592 656
1592 883
1592 1802
1592 1594
1593 214
1593 961
1593 1011
1593 699
1593 1142
1593 282
1594 84
1594 1722
1594 628
1594 1600
1594 1158
1594 1334
1594 1535
1594 312
1594 944
1595 708
1595 644
1595 77
1596 140
1596 308
1596 579
1596 1441
1596 1462
1596 1900
1597 390
1597 366
1597 519
1597 1162
1597 419
1597 1035
1598 1307
1598 113
1598 854
1598 1524
1598 1008
1600 1353
1600 366
1600 1356
1600 1027
1600 1197
1600 586
1600 1221
1600 632
1600 866
1600 262
1600 1468
1604 1379
1606 159
1606 614
1606 1893
1606 144
1607 949
1607 1415
1607 1102
1607 1640
1607 213
1610 1498
1610 746
1610 386
1610 1594
1610 135
1611 63
1611 1681
1611 924
1611 323
1611 1581
1611 1098
1611 328
1611 1645
1611 1987
1612 782
1618 1337
1618 1479
1618 1135
1618 939
1618 1662
1620 836
1620 1957
1620 35
1620 1757
1620 1382
1620 1496
1620 69
1620 251
1620 1913
1620 202
1620 1997
1620 1366
1622 1766
1622 485
1622 197
1622 207
1623 491
1623 331
1623 466
1623 204
1627 1253
1627 455
1627 505
1627 1528
1627 1327
1628 876
1628 350
1628 1965
1630 1337
1630 1233
1630 1709
1630 1323
1630 838
1631 749
1631 1485
1631 214
1631 1182
1631 559
1631 1413
1632 1056
1632 536
1632 241
1632 586
1634 42
1634 1529
1634 924
1634 1911
1634 1876
1635 1549
1635 1686
1635 714
1635 1169
1635 1188
1635 617
1635 946
1635 956
1640 1917
1640 393
1640 1556
1640 937
1642 178
1642 714
1642 1268
1642 1044
1642 1697
1642 1899
1642 184
1643 1606
1643 48
1643 281
1643 1734
1643 432
1643 1837
1643 1984
1643 1903
1643 1157
1645 1428
1645 1027
1646 431
1646 1834
1646 679
1646 1569
1646 1042
1646 1574
1646 1496
1646 387
1647 978
1647 1289
1647 536
1647 312
1647 1343
1647 692
1652 684
1652 1965
1652 93
1652 319
1652 905
1652 1431
1652 1158
1652 1336
1653 1675
1653 65
1653 1207
1653 1176
1653 647
1653 1112
1653 630
1653 972
1655 203
1655 1162
1655 1142
1655 1916
1655 1012
1656 851
1656 25
1656 810
1656 1150
1657 1848
1657 1500
1657 1643
1657 232
1657 664
1657 976
1657 1533
1657 738
1661 994
1661 445
1661 720
1661 966
1662 684
1663 387
1663 1802
1663 1679
1663 33
1663 39
1663 406
1663 1370
1664 776
1664 731
1664 207
1664 500
1664 1389
1664 867
1664 1591
1667 1025
1667 356
1673 142
1673 1013
1674 1515
1675 1269
1675 1980
1675 278
1675 888
1675 1848
1675 1814
1677 1254
1677 761
1677 1785
1677 1306
1679 403
1679 562
1679 1082
1679 1572
1679 1787
1681 895
1681 42
1681 680
1681 1655
1681 1276
1683 724
1683 1771
1685 1881
1685 81
1685 897
1685 535
1685 1592
1685 1516
1686 151
1686 1787
1686 1869
1689 1414
1689 1042
1689 108
1689 1657
1689 849
1689 1342
1694 260
1694 1769
1694 1574
1694 777
1694 936
1696 56
1696 876
1696 1663
1696 1442
1697 1803
1697 331
1697 218
1697 523
1697 1917
1697 1587
1697 1813
1697 1008
1697 222
1697 608
1697 1702
1697 1948
1697 689
1699 1377
1699 448
1699 976
1699 1388
1700 1294
1700 1588
1700 201
1700 354
1700 1707
1700 1982
1702 1195
1702 1539
1702 1708
1703 1401
1703 1918
1703 387
1703 1531
1703 509
1703 1433
1703 1047
1703 804
1704 845
1704 1226
1704 1647
1707 1516
1708 1416
1708 866
1708 850
1708 1997
1708 155
1708 647
1709 1305
1709 1782
1709 1387
1709 1917
1709 259
1710 885
1714 1280
1714 1518
1714 744
1714 1291
1714 321
1715 531
1715 164
1715 1442
1715 957
1715 930
1715 1910
1716 416
1716 311
1716 1798
1716 1169
1716 535
1716 1255
1716 1055
1716 761
1717 802
1717 1807
1717 318
1718 1370
1718 461
1718 457
1718 1197
1719 456
1719 46
1719 991
1719 1857
1720 1491
1720 978
1720 112
1720 201
1720 1084
1720 514
1720 528
1720 1657
1720 1804
1721 708
1721 1203
1721 573
1722 1932
1722 436
1722 172
1722 1481
1722 955
1722 94
1722 1787
1722 418
1722 1431
1725 1258
1725 203
1725 1597
1725 812
1727 1739
1727 1673
1727 1233
1727 496
1727 1757
1729 1804
1729 345
1729 1982
1729 1558
1729 1222
1729 1718
1734 644
1734 944
1734 812
1734 1162
1734 384
1734 201
1734 898
1736 511
1736 1429
1736 1987
1736 293
1737 116
1737 1218
1737 392
1737 23
1737 35
1737 51
1737 248
1737 914
1737 1259
1738 1716
1738 1329
1738 106
1738 354
1738 1943
1738 1862
1738 1212
1738 855
1738 1231
1738 1393
1738 1917
1739 1117
1739 1028
1739 33
1739 3
1739 35
1746 1553
1746 1990
1746 1294
1746 563
1746 803
1746 1259
1746 1356
1746 416
1746 419
1746 129
1746 431
1746 936
1747 945
1747 1577
1747 419
1747 1873
1747 833
1747 192
1748 137
1748 1248
1750 968
1750 1784
1750 127
1750 738
1750 286
1750 1868
1752 1788
1752 980
1752 1864
1752 692
1752 1825
1752 66
1753 762
1753 808
1753 748
1753 1117
1753 260
1753 563
1757 1403
1757 1361
1757 1994
1757 1133
1757 1600
1758 1331
1758 365
1758 425
1758 1119
1758 107
1758 1257
1760 1258
1760 532
1760 503
1760 1797
1760 1043
1760 1265
1765 251
1765 1881
1765 748
1766 112
1766 1420
1766 905
1769 808
1769 81
1769 1225
1769 1082
1769 805
1769 241
1771 1494
1771 798
1771 624
1774 202
1774 1008
1774 1982
1774 1996
1774 114
1775 567
1775 175
1775 582
1775 149
1775 1357
1775 670
1775 1102
1775 1734
1776 1501
1776 93
1776 1782
1779 567
1779 39
1780 427
1780 194
1780 398
1781 731
1781 1642
1781 1277
1781 976
1782 1254
1782 936
1782 339
1782 917
1783 916
1784 543
1784 69
1784 1437
1784 350
1784 1898
1785 172
1785 311
1785 1277
1785 301
1787 268
1787 416
1787 635
1787 679
1787 575
1787 1995
1787 1928
1787 1482
1787 1273
1787 0
1788 29
1788 1914
1789 1481
1789 1854
1789 1911
1789 123
1790 204
1790 291
1790 1122
1790 1166
1790 241
1790 594
1790 1498
1791 435
1791 1653
1791 231
1791 1365
1791 717
1791 1268
1791 326
1792 710
1792 714
1792 1143
1792 1897
1792 219
1792 512
1792 1559
1793 1152
1793 154
1793 370
1794 1718
1794 546
1794 520
1794 1800
1794 1414
1794 586
1794 536
1794 1117
1794 124
1796 1248
1796 264
1796 863
1796 267
1796 386
1796 959
1796 1807
1797 1223
1798 638
1798 690
1798 93
1798 1652
1798 790
1798 543
1798 1766
1798 63
1799 1696
1799 590
1799 362
1799 106
1799 845
1799 346
1799 248
1800 1646
1800 259
1802 392
1802 253
1803 173
1803 1278
1803 1347
1803 1209
1804 1119
1804 1163
1804 291
1804 1916
1804 1498
1804 728
1804 238
1805 482
1805 72
1805 8
1805 365
1805 938
1805 1811
1806 560
1806 1677
1806 1585
1806 1257
1806 1864
1806 554
1806 781
1806 21
1806 1765
1807 859
1807 1736
1807 166
1807 539
1807 1143
1809 1581
1809 353
1809 251
1809 293
1809 601
1809 1686
1809 176
1810 1358
1810 1611
1810 248
1810 225
1810 1848
1811 356
1811 1361
1811 433
1811 495
1811 1784
1811 1033
1813 461
1813 103
1813 1634
1814 1119
1814 480
1815 846
1815 559
1815 1765
1815 756
1815 1172
1815 1427
1816 456
1816 4
1816 1497
1817 1941
1817 632
1817 241
1818 1634
1818 800
1818 1720
1818 114
1818 1973
1818 1461
1819 1171
1819 456
1819 282
1819 575
1819 148
1821 418
1821 925
1821 1797
1821 916
1823 911
1823 740
1823 187
1823 267
1824 855
1824 475
1824 395
1824 324
1825 1535
1825 487
1827 1310
1827 187
1827 1766
1827 1994
1829 788
1830 464
1830 895
1830 1810
1830 235
1834 118
1834 1202
1834 1277
1834 1855
1834 1769
1835 1914
1835 850
1835 929
1837 244
1837 143
1837 498
1837 1216
1841 127
1841 1576
1841 1612
1841 354
1844 1197
1844 308
1844 830
1848 1647
1848 1468
1850 65
1850 497
1850 1337
1850 268
1852 1247
1852 1863
1852 1429
1852 713
1852 1324
1852 1957
1853 999
1853 671
1853 1518
1853 432
1854 1084
1854 1249
1854 1926
1854 744
1854 318
1854 103
1854 805
1855 1704
1855 1634
1855 1852
1855 1414
1855 1591
1855 1697
1856 977
1856 1212
1856 973
1856 714
1856 492
1856 1779
1856 241
1857 145
1857 966
1857 1718
1857 1091
1859 804
1859 1900
1859 1153
1861 619
1861 297
1861 1329
1861 1623
1861 319
1861 910
1861 811
1862 1574
1862 1717
1862 815
1863 691
1863 672
1863 850
1863 1255
1863 141
1863 623
1863 579
1863 110
1864 614
1864 429
1864 128
1864 197
1864 1017
1864 508
1864 499
1864 509
1868 1340
1868 1576
1868 325
1868 402
1868 378
1868 1178
1869 562
1869 609
1869 386
1869 713
1871 210
1871 1620
1871 539
1871 1907
1871 1720
1873 1814
1873 1207
1873 997
1873 1307
1874 253
1874 578
1874 1758
1876 232
1876 1991
1876 184
1876 548
1876 111
1880 1643
1880 1926
1880 1699
1880 793
1881 991
1881 899
1885 1536
1885 895
1885 1837
1885 432
1885 661
1886 1308
1886 1869
1886 1990
1886 1675
1886 474
1891 1415
1891 1673
1891 1432
1891 1893
1893 1220
1893 1899
1893 1412
1893 1528
1893 1106
1893 1021
1893 79
1897 668
1897 1248
1897 843
1898 175
1898 1715
1898 412
1898 1594
1898 799
1899 1340
1899 1634
1899 1765
1899 1093
1899 42
1899 1390
1899 949
1899 433
1899 33
1900 1429
1900 1947
1900 1258
1900 1955
1900 866
1901 1585
1901 1463
1901 1963
1901 846
1901 722
1902 671
1902 1549
1902 1278
1903 379
1903 343
1904 1969
1904 337
1904 1600
1904 398
1904 224
1904 984
1905 279
1905 777
1905 1746
1905 990
1905 356
1905 169
1905 523
1905 1631
1906 671
1906 32
1906 677
1906 1876
1906 638
1907 1231
1907 373
1907 585
1907 723
1907 1166
1907 1216
1907 554
1908 1262
1908 142
1908 1765
1908 1897
1908 327
1908 1708
1908 113
1908 412
1910 339
1910 194
1910 1898
1910 1236
1910 1679
1911 1170
1911 127
1911 350
1911 1765
1911 395
1913 392
1913 1212
1913 17
1913 548
1913 15
1914 744
1914 1093
1914 1166
1914 788
1914 124
1914 1334
1914 39
1915 1376
1915 407
1915 68
1915 1426
1915 1897
1915 699
1915 248
1915 1652
1915 1853
1915 1437
1916 1504
1916 1679
1916 1542
1916 1489
1917 1790
1917 386
1917 1027
1917 222
1917 1993
1917 731
1917 1401
1917 129
1918 218
1918 1431
1918 192
1918 584
1918 172
1918 854
1918 959
1919 1560
1919 1149
1919 1462
1919 372
1919 962
1919 905
1919 647
1923 1236
1923 937
1923 1900
1923 1409
1923 1537
1924 1663
1924 1156
1924 290
1924 204
1924 445
1925 1848
1925 793
1925 660
1926 779
1926 1600
1926 1120
1926 1852
1926 1114
1928 129
1930 777
1930 1627
1930 1331
1930 1634
1931 1736
1931 1342
1931 1331
1931 733
1932 1995
1932 1411
1932 1853
1932 1276
1932 1176
1934 1974
1934 1914
1935 1149
1935 318
1935 797
1935 108
1937 1392
1937 614
1937 517
1937 1600
1939 1280
1939 275
1940 239
1940 1227
1940 263
1940 1271
1940 1428
1941 1236
1941 248
1941 840
1941 1496
1941 205
1942 1977
1942 1873
1942 1622
1943 741
1943 805
1943 95
1943 530
1944 991
1944 1788
1944 46
1944 107
1944 606
1944 1258
1944 508
1944 1463
1944 1579
1944 1516
1944 1032
1947 1494
1947 1268
1947 1058
1947 1393
1947 1524
1948 1379
1948 1880
1948 565
1948 578
1948 899
1952 114
1952 1281
1952 1579
1952 1918
1952 994
1952 617
1952 1514
1953 1306
1953 855
1953 229
1953 54
1953 1277
1953 1793
1955 1176
1955 1794
1955 1024
1955 645
1955 1886
1955 1635
1957 1911
1957 171
1957 970
1957 1090
1959 499
1959 844
1959 1220
1959 348
1959 207
1960 1265
1960 850
1960 1574
1960 931
1960 332
1960 1683
1960 957
1960 1226
1963 986
1963 530
1963 926
1963 1096
1963 1227
1964 144
1964 1794
1964 867
1965 1038
1965 1058
1965 375
1965 1825
1965 427
1969 232
1969 491
1969 1038
1969 1269
1969 1974
1970 139
1970 1681
1973 258
1973 464
1973 1260
1973 1509
1973 1793
1973 916
1973 460
1973 1009
1974 1426
1974 794
1974 41
1974 1343
1974 1064
1976 814
1976 1970
1976 1771
1976 1134
1976 1739
1976 7
1977 92
1977 799
1977 644
1977 1253
1978 1714
1978 864
1978 1388
1978 1285
1980 20
1980 228
1980 563
1980 342
1980 630
1982 1332
1982 1913
1982 103
1982 1932
1984 1681
1984 1642
1984 1855
1984 486
1984 722
1984 937
1984 1943
1984 657
1987 538
1987 1120
1987 1787
1987 509
1990 931
1990 326
1990 365
1990 1841
1991 1953
1991 1780
1991 1465
1991 1536
1991 753
1991 402
1991 1844
1991 1342
1993 1346
1993 1340
1993 1262
1993 255
1993 776
1993 515
1993 326
1993 288
1993 1957
1994 1259
1994 1428
1994 1305
1995 1538
1995 79
1995 624
1995 1524
1995 1855
1995 573
1995 944
1995 1035
1995 1891
1995 1437
1995 1978
1996 1593
1996 1788
1996 158
1997 1447
1997 1489
1997 1825
1997 911
1997 1063
1997 628
1998 246
