0 887
0 1557
0 16
0 24
0 1333
0 1395
1 449
1 630
3 1632
3 622
3 255
3 1996
3 818
3 361
5 303
5 995
5 1487
5 856
5 1688
5 1442
5 919
7 1355
7 269
7 34
8 1073
8 1973
8 127
8 801
8 870
10 1151
10 1576
10 1207
10 801
11 264
11 1723
11 405
11 1339
11 1952
11 789
13 350
13 622
13 958
13 951
13 1128
13 597
13 896
13 1704
13 1549
14 1178
14 1259
14 1454
14 896
14 58
15 404
15 445
15 1178
15 396
15 1880
16 241
16 281
16 1436
16 1768
16 813
16 727
16 23
16 1083
17 1
17 1039
17 1190
17 1830
17 287
17 1420
17 799
18 170
18 296
18 655
19 1890
19 1182
19 844
19 1349
20 1337
20 988
20 854
20 1356
20 1864
21 204
21 1983
21 325
21 1294
21 1683
21 195
21 871
21 702
21 629
21 8
21 623
23 859
23 141
24 1593
24 533
24 842
24 1291
24 1065
24 1725
24 1768
25 941
25 118
25 1051
25 253
26 1163
26 381
26 1365
26 1481
27 844
27 745
27 1850
27 358
28 206
28 768
28 365
28 1514
28 1443
28 713
28 774
29 977
29 15
29 1256
30 1697
30 194
30 1975
30 1184
30 935
30 676
31 442
31 663
31 280
31 147
34 852
34 1223
34 195
34 1504
34 254
34 664
34 1841
35 180
35 78
35 143
35 1358
35 162
35 97
36 1511
36 102
36 885
36 504
36 366
36 1849
36 1505
36 37
36 445
37 1235
37 1286
37 1766
37 1195
38 1368
38 1908
38 892
38 1779
38 1113
38 1531
39 945
39 580
39 7
39 1755
39 1271
39 1036
39 1876
40 113
40 1154
40 1032
40 854
40 1789
41 1160
41 1458
41 67
41 1308
41 895
41 534
41 983
41 1026
41 95
41 1619
42 1813
42 1546
42 667
42 501
42 637
42 873
42 29
43 1185
43 23
43 1900
43 343
43 856
43 239
43 1836
43 1621
43 1703
43 1128
45 622
45 691
46 1164
46 1662
46 613
46 740
47 1570
47 117
47 1311
47 785
48 175
48 589
48 65
48 1838
48 93
48 1418
49 476
49 1391
49 892
49 77
49 48
49 739
52 1565
52 186
52 1876
52 682
55 1852
55 1235
55 1039
55 143
55 1967
55 100
56 1061
56 305
56 176
56 1385
56 20
56 478
56 769
56 688
56 189
56 1853
56 1207
58 1789
58 1490
58 776
58 1406
60 449
60 1832
60 1242
60 1093
60 586
60 1865
60 328
60 1497
60 167
60 144
60 62
60 871
61 696
61 1524
61 724
61 1002
61 923
61 819
61 5
62 1235
62 601
62 1412
62 1897
62 1084
62 1550
64 860
64 1009
64 1383
64 1576
64 360
65 1339
65 61
65 1489
65 764
65 1520
65 505
67 1004
67 1073
67 1703
67 94
67 892
67 1652
67 1404
68 1793
68 1891
68 1556
68 816
68 1668
68 1247
68 1555
69 726
69 1678
69 1227
69 740
69 1844
69 676
69 576
69 739
69 1543
70 485
70 446
70 1482
70 844
70 466
70 472
70 1984
73 1333
73 142
73 383
73 1348
73 560
73 568
73 459
73 635
73 714
74 828
74 540
74 1375
74 1265
74 1990
74 1068
75 1154
75 1372
75 1492
75 1065
75 1632
75 981
75 31
75 1637
76 1010
76 1407
76 1588
76 1629
76 144
76 1621
77 1872
77 337
77 158
78 1967
78 651
78 1073
78 990
78 864
78 1133
78 371
78 37
81 938
81 1577
81 1835
81 125
81 1713
81 1652
81 1563
83 1911
83 1460
83 1199
83 1380
83 1721
83 1165
83 125
83 1832
83 30
84 1386
84 568
84 967
85 648
85 1956
85 1087
85 1881
85 1835
85 321
86 665
86 653
86 472
86 925
86 83
86 528
86 61
87 411
87 1629
87 1810
87 1895
87 310
87 845
87 818
87 612
87 1982
87 21
88 867
88 796
88 1093
88 162
88 1047
88 1300
88 1662
89 1875
89 859
89 714
89 1465
89 427
90 1456
90 1136
90 174
90 1000
90 1129
90 1066
90 1838
90 421
91 671
91 849
91 1358
91 1296
91 501
91 283
91 988
93 1618
93 1326
93 432
93 129
93 726
93 682
93 949
94 651
94 1770
94 1497
94 325
94 1209
94 23
95 790
95 1308
95 1192
95 1924
95 1137
95 816
95 1574
97 867
97 1990
97 501
98 1456
98 600
98 356
98 1003
98 1652
98 567
98 1204
98 1886
98 395
98 1990
98 1578
100 1622
100 1336
100 329
100 183
100 992
100 1029
100 1240
100 1653
100 1032
101 1594
101 1736
101 1990
101 1453
101 885
101 102
102 695
102 1176
102 1005
102 1759
102 1073
104 1983
104 1578
104 444
104 1185
104 814
104 1719
104 1260
104 1627
104 1484
105 803
105 261
105 1623
105 311
105 588
106 317
106 915
106 1150
106 1338
106 733
106 810
106 1563
108 919
108 676
108 497
108 1960
108 467
108 993
108 1241
108 1285
108 105
108 1717
108 1023
109 1120
109 1429
109 29
109 247
109 41
109 611
110 1924
110 1176
110 94
110 1311
110 529
110 972
110 663
110 833
111 428
111 1032
111 791
111 705
111 1150
111 1570
112 258
112 497
112 1951
112 815
113 328
113 1692
113 1746
113 212
113 1873
113 493
113 416
115 1416
115 1545
115 280
115 945
115 1608
115 868
115 379
115 1005
115 1115
115 1494
115 1392
116 1077
116 821
116 181
116 1873
116 1664
116 1576
117 1031
117 1804
117 1667
117 885
117 814
118 432
118 404
118 142
118 1749
118 1688
118 455
121 467
121 1588
121 20
121 1256
121 562
121 1315
121 263
122 326
122 1199
122 1255
122 463
123 1956
123 1416
123 42
123 781
125 1040
125 1921
125 87
126 340
126 1561
126 772
126 1504
126 573
126 1160
126 1890
126 736
126 356
126 1874
127 833
127 978
127 515
127 749
127 1302
127 323
129 469
129 97
129 413
129 663
129 1012
129 408
129 993
129 1126
129 1818
131 334
131 650
131 1058
131 1817
131 11
132 1406
132 1775
132 1192
132 1560
132 1169
132 1889
133 369
133 1420
133 1282
133 1497
133 333
134 1542
134 710
134 280
134 733
134 1147
134 974
135 1311
135 1520
135 1368
135 39
136 1818
136 1723
136 1662
136 1230
136 160
136 1047
137 1492
137 1250
137 592
137 1794
137 245
137 1766
138 1293
138 403
138 573
138 1055
138 1770
138 1803
138 366
138 1454
138 1402
138 1921
139 1685
139 317
139 522
139 611
139 1577
139 285
139 15
139 763
139 1089
139 1746
141 290
141 1882
141 971
142 809
142 1632
142 614
142 511
142 354
143 1701
143 1654
143 1959
143 1389
143 782
144 1552
144 708
144 1538
144 1292
144 568
144 835
146 1330
146 1874
146 1148
146 961
146 1643
147 238
147 950
147 176
147 705
147 1004
147 1268
147 1836
148 1747
148 177
148 1103
148 1721
148 1298
148 1265
148 62
148 1174
148 1389
148 222
148 40
149 260
149 1668
149 1156
149 1468
149 1805
149 1164
149 1775
150 979
150 121
150 510
150 52
150 1296
150 1513
150 1795
153 355
153 568
153 1285
153 332
153 1379
153 1096
153 823
153 1436
154 412
154 585
154 240
154 1566
155 61
155 406
155 1422
155 132
155 141
155 76
155 1843
155 696
155 303
157 607
157 1416
157 548
157 474
157 1565
159 1863
159 1536
159 1851
159 401
159 1244
159 574
159 1137
159 681
160 1325
160 683
160 1823
160 1007
160 1248
161 1299
161 39
161 688
161 1745
161 1980
161 1136
162 115
162 713
162 449
162 1151
162 1259
162 1185
163 1128
163 1587
163 276
163 1210
164 744
164 1197
164 410
164 1050
164 429
164 995
164 1563
165 3
165 240
165 1626
165 1319
165 927
166 1547
166 186
166 1145
166 1261
167 1749
167 616
167 401
167 551
167 1027
167 385
168 1179
168 1189
168 1675
168 606
168 346
170 1400
170 539
170 740
170 255
170 1386
170 1909
170 667
171 1840
171 1364
171 217
171 1092
171 383
171 1852
171 125
171 1759
171 959
172 252
172 630
172 810
172 1476
172 970
172 1601
173 1615
173 1514
173 31
173 189
174 299
174 574
174 1861
174 488
174 782
174 1598
174 378
174 1690
175 1356
175 47
175 855
175 586
175 1974
176 363
177 1647
177 1685
177 1024
177 1726
177 1956
177 1199
178 439
178 1246
178 1741
178 1999
178 340
178 1524
179 1108
179 894
179 1398
179 1972
179 1934
180 455
180 1053
180 1801
180 1854
180 88
180 1482
181 1953
181 330
181 101
182 163
182 1935
182 1285
182 525
182 1900
182 1416
182 999
182 489
182 943
182 408
182 480
182 255
182 1261
183 795
185 1161
185 265
185 95
185 1714
185 1332
185 141
185 711
185 1852
185 1090
185 149
185 1051
186 1325
186 67
186 671
186 1150
186 424
186 803
187 0
187 1458
187 937
187 1608
187 1801
187 780
187 979
187 1063
188 1952
188 1863
188 651
188 479
188 1811
188 1886
188 1589
189 721
189 479
189 853
189 533
189 1039
189 27
189 1436
191 1842
191 711
191 1383
191 62
191 70
191 841
191 0
191 1215
191 1040
194 1619
194 1932
194 1052
194 1902
194 1940
194 1682
194 598
194 682
194 1114
194 1579
195 1087
195 491
195 15
195 1026
196 1456
196 229
196 1800
196 1524
196 601
197 785
197 639
197 1552
197 1509
197 302
200 739
200 1178
200 1408
200 317
200 1585
200 995
201 404
201 1011
202 1187
202 343
202 1934
202 1253
202 985
204 1080
204 1560
204 1124
204 1875
204 1688
204 1605
204 166
204 1966
205 1673
205 506
205 160
205 1402
206 466
206 589
206 395
208 416
208 1918
208 1863
208 1061
208 948
208 1431
208 479
208 603
208 345
209 944
209 133
209 814
209 855
209 5
209 283
209 1970
210 773
210 1133
211 1222
211 1647
211 1369
211 1187
211 1221
211 729
211 1261
211 1662
211 1372
211 339
211 799
211 345
212 837
212 1133
212 1469
212 966
212 610
212 963
212 829
212 19
212 102
213 1679
213 1011
213 293
213 1223
213 1982
213 117
213 896
215 298
215 299
215 682
215 789
215 174
215 740
217 498
217 475
217 1723
217 1186
217 774
218 1265
218 718
218 1749
220 915
220 1800
220 729
220 1182
220 1685
221 1556
221 942
221 406
222 296
222 480
222 293
222 1338
222 879
222 1821
222 515
223 1405
223 682
227 298
227 1
227 1940
228 1994
228 299
228 482
228 48
229 150
229 353
229 668
229 1759
229 1058
229 1422
229 13
229 857
229 474
229 1144
229 464
229 537
229 571
231 1521
231 311
231 474
231 1569
232 1046
232 688
232 368
232 541
232 1454
233 725
233 1750
233 977
233 1103
233 1438
233 65
233 1598
233 424
233 102
233 1573
235 1581
236 1002
236 1247
236 75
236 878
236 1781
236 995
236 1902
236 984
237 43
237 828
237 1031
237 1149
237 741
237 148
238 1818
238 160
239 1499
239 350
239 272
239 776
239 1473
239 1454
240 1175
240 1496
240 209
240 604
240 55
240 550
240 1486
241 1624
241 141
241 1574
241 1310
241 423
241 553
243 550
243 1045
243 668
243 1207
243 1782
243 806
243 682
243 828
243 805
243 1157
245 744
245 1462
245 208
245 1675
247 85
247 1681
247 1355
247 34
248 1145
249 630
249 643
249 1652
249 1168
249 1485
249 714
249 1962
250 117
250 1346
250 1931
250 1000
250 21
250 1193
252 808
253 1190
253 830
253 768
253 1879
254 1830
254 438
254 564
255 315
255 466
255 470
255 1573
255 1488
256 1450
256 957
256 864
256 95
256 988
258 319
258 624
258 656
258 580
258 717
259 1905
259 449
259 986
259 178
260 526
260 957
260 1952
260 810
260 1129
261 272
261 1141
261 1476
261 1316
261 601
261 507
261 374
263 1803
263 986
263 982
263 1560
263 488
263 1293
263 187
263 161
263 992
264 1891
264 1605
264 1622
264 132
264 116
264 1853
264 254
265 688
265 841
265 856
265 1777
265 942
265 1310
265 70
265 959
265 914
265 791
265 949
266 1869
266 229
266 1838
266 803
266 1598
266 1486
266 671
266 576
268 822
268 1623
268 927
268 1400
268 168
269 1805
269 1149
269 110
269 455
269 1005
269 1114
271 475
271 1007
271 1114
271 788
271 1571
272 599
272 212
272 995
272 1725
272 938
273 133
273 1973
273 276
273 1669
273 1362
273 1115
273 749
273 422
274 1172
274 1466
274 988
274 964
274 1563
274 1942
274 1504
276 1910
276 1262
276 1242
276 1239
276 629
276 195
276 1149
279 1149
279 1041
279 36
279 1649
279 1050
280 1920
280 218
280 449
280 1621
281 1326
281 1896
281 630
281 1552
281 1462
281 827
281 339
282 988
282 1021
282 778
282 1746
282 1428
282 1704
283 863
283 961
283 163
283 785
283 1136
283 1979
283 1125
284 1285
284 167
284 15
284 902
284 1972
284 851
284 1974
285 1822
285 1169
285 536
285 1556
285 1488
285 276
285 736
286 1249
286 1748
286 323
286 221
287 1942
287 855
288 967
288 1457
288 1611
288 135
288 923
290 1911
290 374
290 983
290 24
290 569
290 373
290 1733
290 1635
290 802
292 528
292 1350
292 283
292 288
292 228
292 1180
293 1791
293 1757
293 240
293 1939
293 1624
293 1278
293 1944
294 879
294 1796
294 288
294 752
294 68
294 673
294 1998
294 1995
296 783
296 411
296 656
296 1395
296 1392
296 1906
297 1959
297 1240
297 1389
298 1265
298 1155
298 853
298 574
299 1520
299 454
299 896
299 459
299 913
299 819
299 1136
299 458
300 1174
300 1262
300 179
300 422
300 202
300 330
300 805
301 1497
301 1398
301 1919
301 560
301 1204
301 31
302 814
302 1558
302 1711
302 1803
302 1668
303 956
303 1025
303 1469
303 823
303 401
303 1178
303 164
303 252
305 302
305 598
305 25
305 1356
305 681
310 1356
310 1543
310 1358
310 47
310 1477
310 1210
310 1590
310 1077
310 1189
311 1352
311 332
311 1587
311 1026
311 1463
311 1836
311 1511
311 302
311 1837
312 1671
312 1334
312 1890
312 1961
312 101
312 318
312 595
312 1357
312 1444
312 821
312 831
313 1783
313 690
313 1371
313 388
313 1383
313 1599
313 428
315 123
315 1293
315 1243
315 853
315 102
315 121
315 1363
315 710
315 64
317 445
317 340
317 1178
317 1714
317 173
317 378
317 1428
317 1578
318 1984
318 1180
318 326
318 1468
319 482
319 186
321 853
321 1802
321 1531
321 1837
321 577
321 266
323 1770
323 1845
323 1974
323 1837
323 948
323 1606
323 1169
323 1179
324 1613
324 816
324 135
325 1039
325 833
325 1469
325 159
325 476
325 1902
325 369
325 1589
325 1299
325 924
325 1221
325 17
326 240
326 766
326 1112
326 1120
326 377
326 36
326 1484
326 788
326 891
328 1251
328 1823
328 1333
328 745
328 1380
328 1475
328 1779
328 493
329 1337
329 655
329 963
329 1390
329 1468
329 1065
329 530
329 923
329 1109
330 276
330 1444
330 1544
331 1165
331 482
331 898
331 1028
331 1082
332 492
332 1608
332 112
332 1168
332 1837
332 21
332 1235
333 265
333 580
333 1230
333 75
333 528
333 136
334 159
334 1821
334 134
334 1915
334 1692
334 62
337 639
337 1811
337 1186
337 1298
337 346
337 1983
339 241
339 1340
339 194
339 266
340 464
340 1340
340 1721
340 1023
340 1858
340 1201
340 97
340 1155
342 123
342 394
342 699
342 641
342 1757
343 1568
343 1794
343 996
343 1379
343 296
343 1375
344 612
344 268
344 811
345 1701
345 1003
345 1515
345 329
345 1908
345 961
346 361
346 1811
348 372
348 700
348 507
348 876
348 633
348 561
348 1805
348 625
348 1896
349 1359
349 734
349 1584
349 704
349 402
349 210
350 1683
350 1008
350 1661
350 321
350 263
351 1016
351 1
351 599
351 1807
351 27
352 1726
352 546
352 1521
352 620
353 731
353 1424
353 19
353 261
353 1260
353 283
353 1909
354 1270
354 1872
354 254
354 815
354 849
354 373
354 947
354 1454
354 1264
354 1253
354 393
355 235
355 1442
355 630
355 1880
355 985
355 1262
355 967
355 597
355 731
355 742
355 1787
355 1067
356 201
356 1633
356 1446
356 1731
356 1172
356 501
356 1200
356 37
358 365
358 100
358 1654
358 1843
358 1463
358 711
358 776
358 427
358 553
360 1335
360 697
360 1554
360 1834
361 953
361 1211
361 1005
361 222
361 0
363 1017
363 1157
363 1782
363 466
363 1405
363 87
363 1092
363 1768
363 91
363 29
363 1886
363 1336
364 664
364 195
364 597
364 268
364 438
364 611
364 1021
364 1412
365 1348
365 476
365 292
365 957
365 1259
365 876
366 935
366 449
366 1647
366 762
366 1623
366 1026
368 1441
368 451
368 1375
368 1564
368 39
368 785
368 1728
369 1465
369 675
369 1631
369 1604
369 250
371 889
371 725
371 166
371 1338
372 1902
372 1079
372 1886
372 122
372 1226
372 1640
372 1755
373 10
373 404
373 1142
373 1104
373 1869
373 1778
374 1142
374 187
374 1091
374 464
374 1427
377 1002
377 503
377 1391
377 1336
377 481
378 1188
378 153
378 1701
378 332
378 274
378 1303
378 1161
379 703
379 823
379 1851
379 500
379 468
379 1817
379 162
379 651
379 1076
379 1649
379 1988
380 413
380 1763
380 1418
380 1980
380 1387
380 769
381 600
381 750
381 200
381 1912
381 1168
381 1004
381 663
381 892
383 1864
383 372
383 449
383 855
383 1578
385 1598
385 822
385 188
385 1906
385 1441
387 951
387 1924
387 1555
388 324
388 1691
388 814
388 765
388 1345
388 989
388 819
388 206
388 68
391 1626
391 1520
391 1869
391 84
391 451
391 41
391 1400
392 682
393 77
393 1579
393 1370
393 282
393 1066
393 157
394 1587
394 1300
394 1007
394 1846
394 1729
395 116
395 1406
395 254
395 1085
395 315
396 767
396 971
396 148
396 673
396 1347
396 569
396 729
400 1515
400 768
400 1257
400 365
400 804
401 1300
401 283
401 681
401 1404
401 645
401 1860
401 1289
401 1869
401 630
402 52
402 653
402 554
402 948
402 469
402 1440
402 492
403 717
403 1156
403 154
403 1377
404 303
404 505
404 95
404 564
404 1441
404 1438
404 1402
404 175
404 1800
404 804
404 1618
405 1390
405 1283
405 1656
405 1062
405 781
406 1896
406 1955
406 1841
406 87
406 330
406 1012
406 10
406 410
406 75
407 910
407 1995
407 801
407 644
408 125
408 1380
408 1349
408 253
408 76
409 395
409 1188
409 1923
409 1065
410 853
410 1034
410 1097
410 588
410 446
410 1226
410 1818
410 873
410 927
410 1377
410 852
411 299
411 1920
411 136
411 1473
411 1418
411 1736
412 157
412 211
412 1989
412 1040
412 1067
412 222
412 724
413 977
413 1872
413 949
413 1854
413 302
413 1171
413 5
413 672
413 239
413 1003
413 396
416 173
416 373
416 683
416 1622
416 1047
416 1574
417 1036
417 380
417 1067
417 64
417 1999
417 769
417 1657
417 918
421 978
421 379
421 883
421 629
422 1557
422 1428
422 1741
422 624
422 827
422 1725
422 1172
422 1854
422 1683
422 49
422 221
423 1851
423 81
423 843
423 127
423 5
423 1957
423 1661
423 1339
423 1255
423 525
423 1095
423 144
424 317
424 887
425 1072
425 585
426 752
426 715
426 138
426 1826
426 912
427 878
427 1662
427 898
427 937
428 1536
428 867
428 1780
428 1241
428 616
428 938
428 1604
428 332
429 439
429 618
429 721
429 1779
429 1829
430 1023
430 369
430 1413
430 537
430 1148
430 1616
430 590
430 28
432 977
432 783
432 1740
432 763
432 545
432 814
432 437
432 255
432 1196
432 1661
432 1608
433 1716
433 1875
433 432
433 1067
433 1070
433 1315
433 1851
433 514
433 1184
435 330
435 132
435 1312
435 968
435 1577
435 697
436 1834
436 1404
436 330
436 1839
436 1408
437 1675
437 744
437 968
437 493
437 47
437 500
437 1509
437 1545
437 718
437 1604
437 1124
437 52
437 36
438 1662
438 870
438 159
438 1697
438 967
439 1801
439 1425
439 1770
439 182
439 288
439 963
439 1681
439 423
439 629
439 1486
441 1223
441 1230
441 576
441 1256
442 1546
442 1854
442 1734
442 1244
442 831
442 752
442 1241
442 635
442 910
444 348
444 814
444 332
444 301
444 458
445 981
445 650
445 673
445 1324
445 296
446 1372
446 1190
446 767
446 1851
446 1990
446 118
446 883
446 158
446 409
446 1681
446 1476
447 1458
447 118
447 1037
447 656
447 625
447 1520
447 1614
447 1355
447 1825
447 618
447 256
449 482
449 1473
449 167
449 426
449 48
449 138
449 1874
449 98
451 498
451 1449
451 1367
451 164
451 1803
452 149
453 491
453 1055
453 1685
453 405
454 567
454 942
454 1909
454 607
454 1028
454 1038
454 1653
455 1442
455 901
455 215
455 1520
455 1581
455 453
458 1524
458 387
458 1565
459 746
459 1111
459 1939
459 1693
459 90
459 1770
459 1669
459 76
459 1440
459 1995
460 1904
460 1851
460 150
460 697
460 1679
460 1468
460 258
463 828
463 1783
463 1059
463 37
463 1043
463 441
463 1563
464 1091
464 1214
464 482
464 56
464 585
464 228
465 303
465 855
465 937
465 212
466 865
466 1674
466 299
466 623
466 416
466 16
466 622
466 986
466 150
466 201
467 669
467 1398
467 1830
467 717
467 674
467 992
467 89
468 656
468 1715
468 1587
468 1402
468 25
469 584
469 1293
469 854
469 1621
469 1050
469 1247
469 1791
470 1148
470 1766
470 1584
470 546
470 1772
470 1908
470 829
470 1045
472 720
472 809
472 1346
472 1959
472 37
472 863
472 600
472 470
472 334
472 1842
474 1864
474 890
474 1453
474 1774
474 810
474 1690
474 1425
474 871
475 144
475 1325
475 1087
475 678
475 958
475 1036
475 1307
476 1398
476 1137
476 969
476 724
476 76
476 1487
476 945
477 282
477 1223
477 61
477 1443
477 36
477 1367
478 646
478 195
478 574
478 1261
479 669
479 175
479 1272
479 1098
479 678
479 1724
479 1670
480 122
480 1380
480 1875
480 571
480 23
480 708
480 951
481 994
481 1143
481 1138
481 496
481 1135
481 984
481 1635
481 1369
482 173
482 1796
482 559
482 1560
485 1645
485 1431
485 400
485 164
485 1253
485 209
487 417
487 360
487 1597
487 1338
487 1817
487 709
487 1783
487 204
487 138
487 1248
487 1084
487 1962
487 1998
488 1805
488 206
488 467
488 385
488 1688
488 374
488 1542
489 125
489 739
489 481
489 1854
489 315
491 317
491 123
491 1270
491 978
492 973
492 447
492 1536
492 884
492 531
492 1342
493 1921
493 455
493 179
493 564
495 1799
495 1795
495 1729
495 416
496 509
496 412
496 754
496 1830
497 765
497 1618
497 1398
498 286
498 966
498 1838
498 1624
498 529
500 464
500 148
500 1563
500 1027
500 1606
500 1218
501 1199
501 622
501 1589
501 28
501 1301
503 515
503 77
503 1574
503 1692
503 1282
503 253
503 1337
503 728
504 1716
504 1655
504 1520
504 1741
504 1332
505 709
505 235
505 1183
505 159
505 1419
505 1482
505 1762
505 437
505 1733
505 1307
505 68
505 1699
505 1750
506 388
506 1924
506 589
506 1213
506 1685
506 208
506 1143
506 1438
506 1908
507 222
507 1986
507 604
507 1782
507 172
507 248
509 505
509 1233
509 1601
509 1853
509 492
510 1494
510 250
510 1795
510 1930
511 1316
511 1266
511 281
511 392
511 1875
511 541
511 413
511 1876
511 943
511 772
513 1975
513 1961
513 989
513 1900
513 1002
513 603
513 1132
513 1906
514 1655
514 537
515 1093
515 1302
515 1691
515 40
515 818
515 813
518 1245
518 581
518 1117
518 1923
518 176
518 1431
522 1171
522 1221
522 84
522 1546
522 1645
522 441
522 1294
525 1243
525 703
525 1372
525 1051
525 1428
525 1550
526 1436
526 537
528 725
528 1787
528 1935
528 340
528 641
529 253
529 641
530 1010
530 161
530 1986
530 948
530 639
530 202
531 845
531 822
531 1218
531 247
533 844
533 1432
533 751
533 732
533 1260
533 1818
533 393
534 959
534 1921
534 1400
534 1983
534 1595
536 1340
536 91
536 0
536 667
536 543
536 1405
536 1401
537 1544
537 968
537 1605
537 1699
537 1992
538 791
538 1407
538 773
538 132
539 681
539 368
539 350
539 380
539 204
540 614
540 630
540 1072
540 1504
540 453
540 181
540 768
540 394
541 1551
541 68
541 106
541 28
541 553
541 1656
541 765
541 1863
543 261
543 1072
543 1083
543 1920
543 117
543 1566
545 1122
545 1111
545 1245
545 14
545 589
546 867
546 438
546 1280
546 330
546 959
546 987
546 1992
546 1326
546 1556
548 118
548 1128
548 1939
548 46
548 1180
548 1450
548 1342
550 1324
550 1119
550 1363
551 1010
551 1483
551 61
551 1968
551 1244
551 656
551 864
551 315
551 534
551 1161
552 1817
552 539
552 674
552 1715
552 326
552 664
552 1805
552 1629
552 868
552 254
553 1255
553 191
554 158
554 176
554 778
554 540
556 774
556 654
556 1383
556 259
556 732
556 580
557 860
557 1222
557 1051
557 1615
557 852
558 1941
558 166
558 423
558 1339
558 84
559 263
559 1012
559 17
559 810
559 782
559 261
559 1352
559 1775
559 507
559 978
560 958
560 1674
560 1283
561 360
561 39
561 664
561 572
561 1790
561 1465
562 948
562 700
562 1956
562 1484
562 938
562 750
562 287
562 1109
563 1367
563 481
563 736
563 604
563 1856
563 956
563 480
564 430
564 1619
564 863
567 1957
567 1583
567 1853
567 976
567 1805
568 259
568 201
568 472
568 1357
568 1447
569 211
569 266
569 165
569 813
569 559
570 150
570 296
570 811
570 17
570 1326
570 469
570 1651
571 55
571 699
571 1853
571 994
571 932
571 272
571 248
571 1910
571 1363
571 1010
571 729
572 721
572 1895
572 1772
572 1404
572 76
572 1024
572 710
572 1825
572 1094
573 1173
573 97
573 945
573 1897
574 503
574 1471
574 1414
574 166
574 1624
574 1242
576 1105
576 1874
576 708
576 560
577 1123
577 925
577 1674
577 392
577 1032
577 136
577 1419
578 1087
578 1171
578 719
578 1364
578 801
578 435
578 639
578 1093
578 1720
578 1468
579 1037
579 47
579 1144
579 1482
579 346
579 467
579 766
580 924
580 205
580 822
580 460
581 1869
581 211
581 161
581 1375
581 746
581 1587
581 1067
581 65
581 1964
581 413
581 529
582 332
582 1443
582 326
582 333
582 1117
582 1597
582 1538
582 1627
583 1226
583 1670
584 138
584 1024
584 249
584 803
584 1049
584 1578
584 1040
584 1610
584 90
584 644
585 1814
585 410
585 1077
585 1560
585 1531
585 942
585 726
585 1524
585 889
585 1728
585 1853
585 814
585 1391
585 1009
586 185
586 247
586 966
586 603
586 579
586 927
586 1882
587 1337
587 1738
587 213
587 631
587 368
587 396
587 733
588 428
588 1415
588 1994
588 1802
588 1253
588 160
588 528
589 423
589 671
589 1662
589 717
589 56
589 1211
590 76
590 860
590 1209
590 1878
590 176
590 525
590 319
590 20
590 1911
590 526
592 1656
592 148
592 1893
592 1197
592 300
592 1131
594 1371
595 1162
595 228
595 863
595 504
595 1748
595 1490
595 164
597 91
597 837
597 726
597 1044
598 1828
598 1615
598 1767
598 1849
598 1591
598 1186
598 910
598 387
598 77
598 1
598 1605
598 1893
598 1144
598 1095
598 967
599 1739
599 1420
599 1346
599 506
599 715
600 1358
600 795
600 679
600 1840
600 1568
600 576
601 1713
601 960
601 912
601 1811
603 1201
603 1095
603 116
603 777
603 1921
603 1980
603 27
603 1391
603 802
604 1941
604 1795
604 611
604 144
604 1832
604 391
604 529
604 734
604 1556
604 1072
606 635
606 873
606 163
607 1370
607 1547
607 1154
607 1424
607 1350
608 1565
608 986
608 1277
608 1298
610 1474
610 1453
610 1607
610 742
610 447
610 672
610 1073
610 1852
611 421
611 1026
611 15
611 1982
611 1404
611 563
611 538
611 175
612 1724
612 830
612 1713
613 1452
613 1728
613 1871
613 237
613 465
613 1828
613 1878
614 765
614 1943
614 333
614 302
614 132
615 672
615 40
615 1606
615 720
615 782
615 790
615 1260
615 1944
615 315
615 1142
615 1748
616 439
616 1801
616 1594
616 1515
616 853
616 968
616 763
618 480
618 667
618 576
618 358
618 1150
619 1050
619 1226
619 897
619 206
620 1674
620 1652
620 569
620 1960
620 619
621 994
621 1272
621 725
621 155
621 1525
621 1865
621 668
621 1840
621 1024
622 1336
622 1487
622 1062
622 1048
622 1710
623 822
623 619
623 1443
623 1144
623 1637
623 701
623 552
623 1197
624 1656
624 48
624 241
624 1809
625 1442
625 121
625 1781
625 1718
625 24
625 1574
625 1072
629 1145
629 1156
629 924
629 204
629 732
630 1004
630 703
630 586
630 1979
630 144
630 927
630 1256
630 1560
631 543
631 981
631 355
631 1419
631 326
631 843
631 697
631 465
631 1936
631 1012
633 85
633 1961
633 1494
633 803
633 76
633 782
633 1369
633 563
633 829
633 491
633 873
633 1173
633 1172
633 981
633 675
635 1
635 27
635 1348
635 1073
635 387
635 1781
635 1987
635 1093
635 1489
635 1594
635 1989
637 1591
637 1195
637 1511
637 1045
637 1387
637 1456
637 1429
639 1188
639 1873
639 34
639 115
640 1701
640 1981
640 1646
640 1823
640 1240
641 211
643 1217
643 981
643 176
643 393
643 1740
643 1230
643 1793
643 1473
643 196
643 1346
643 165
644 1125
644 1892
644 406
644 568
644 38
645 1161
645 1362
645 479
645 1671
645 1210
645 1334
645 577
646 1068
646 1153
646 1651
646 19
646 1185
646 950
648 1702
648 236
648 1989
648 1326
648 1128
648 1246
650 1186
650 1856
650 1645
650 1880
650 729
651 402
651 339
651 1849
651 111
651 1510
651 1499
651 1415
651 407
652 133
652 1934
652 1303
653 1173
653 584
653 478
653 1469
653 915
653 1840
653 918
653 172
653 960
654 213
654 1146
654 1098
654 510
654 401
655 1872
655 1643
655 1000
655 688
655 3
655 1449
655 1964
655 64
656 1840
656 768
656 1864
656 1424
656 1874
656 466
660 551
660 752
660 1334
663 1539
663 138
663 1041
663 1633
663 377
663 522
663 1246
663 1465
663 889
664 1578
664 1616
664 1191
664 1462
664 1150
664 1350
664 365
665 1905
665 1124
665 590
667 255
667 1203
667 1800
667 1721
667 332
668 999
668 546
668 1975
668 1201
668 137
668 7
668 1355
668 884
669 212
669 1580
669 1347
669 1329
669 250
669 1302
671 1053
671 1934
671 488
671 1525
671 982
671 1889
671 506
671 802
672 1211
672 959
672 1011
672 1683
672 611
672 355
673 197
673 1419
673 1095
673 1678
673 301
673 950
673 1537
673 1990
673 286
673 1189
673 510
673 1440
674 781
674 1385
674 1349
674 83
674 701
675 1066
675 1047
675 1143
675 856
675 1011
675 1186
675 1002
675 1404
675 1114
676 1153
676 804
676 1941
676 1241
676 1554
676 1018
676 186
676 405
677 893
677 1340
677 1342
677 678
677 1124
677 1247
677 1809
678 1412
678 1122
678 1002
678 1009
678 989
678 1871
678 1053
678 569
678 898
678 368
678 1895
678 720
678 695
678 35
679 458
679 580
679 568
679 816
679 1556
679 1079
681 1218
681 405
681 1477
681 1985
681 688
681 1610
681 353
681 454
681 1
681 176
682 222
682 1908
682 589
682 1073
682 917
682 1604
682 1116
682 284
683 1992
683 1838
683 1113
688 1604
688 1211
688 500
688 378
688 1293
688 345
688 1023
688 773
688 1476
688 111
688 31
689 958
689 421
689 1896
689 160
689 513
689 530
689 211
689 976
690 765
690 1044
690 1794
690 264
690 1408
691 1144
691 841
691 1339
691 1580
691 1555
691 844
691 1793
691 514
692 1549
692 1214
692 968
692 964
692 1415
694 1341
694 157
694 835
695 441
695 1999
695 1104
695 353
695 1229
695 766
695 827
696 1537
696 194
696 1787
696 340
696 1340
696 1109
696 597
697 1277
697 1915
697 1168
697 669
697 767
697 1253
697 1233
699 969
699 709
699 550
699 1223
699 1392
699 1752
699 366
700 200
700 945
700 1688
700 788
700 1932
701 84
701 1390
701 1749
701 478
702 1780
702 667
702 43
702 1722
702 925
702 679
702 131
702 164
702 1896
703 488
703 1658
703 531
703 282
703 1601
704 1949
704 871
705 229
705 629
705 553
705 1188
705 674
706 1653
706 1573
706 428
706 896
706 1626
706 1079
707 1458
707 985
707 1029
707 1741
707 1230
707 178
707 688
708 373
708 1724
708 770
708 1604
708 1362
708 1555
708 717
708 1429
709 256
709 168
709 1095
709 1726
709 1865
709 1587
710 1851
710 1946
710 348
711 438
711 522
711 1521
713 1611
713 1119
713 736
713 1126
713 977
713 1543
713 1416
713 902
713 994
714 1675
714 1828
714 28
714 1826
714 837
714 1200
714 1036
714 1992
714 245
715 1413
715 479
715 1414
715 1418
715 771
715 853
716 744
716 292
716 423
716 892
716 52
716 860
716 239
716 1805
716 731
717 1120
717 890
717 1828
717 476
718 1364
718 645
718 1165
718 501
719 1563
719 1023
719 1486
719 645
719 305
719 1056
719 1292
720 836
720 20
720 951
720 1330
720 135
720 243
720 692
721 1842
721 1442
721 1845
721 694
721 290
721 228
721 449
722 513
722 1585
722 237
722 488
722 782
722 1187
722 86
722 1998
722 1401
722 1239
723 480
723 1788
723 1238
723 1729
723 604
723 153
724 1311
724 284
724 1179
725 1892
725 1294
725 1823
725 1826
725 681
725 961
726 1475
726 1215
726 1710
726 1715
726 1546
726 28
726 725
726 1601
726 142
727 11
727 1721
727 1310
728 438
728 1053
728 1088
729 100
729 1875
729 836
729 773
729 859
729 182
729 1221
729 442
729 36
731 1605
731 1248
731 186
731 1980
731 1513
732 1698
732 692
732 1774
732 1150
732 1383
732 829
733 660
733 407
733 786
733 1755
733 1365
733 1786
733 127
733 1882
733 1811
734 1203
734 1783
735 460
735 804
735 902
735 637
735 323
735 536
735 1517
736 77
736 1853
736 1319
736 866
736 1089
736 763
736 1457
736 1443
739 353
739 999
739 1974
739 1690
739 1828
739 1984
740 100
740 125
740 1752
740 854
740 67
740 1038
741 243
741 1446
741 1407
741 1104
741 734
741 1721
741 1952
741 1524
742 1520
742 1983
742 679
742 645
742 1038
744 892
744 986
744 67
744 1745
744 829
744 368
744 834
745 1329
745 1144
745 385
745 1688
745 1007
745 70
745 1032
745 1161
745 406
746 1407
746 1823
746 1625
746 1739
746 513
746 500
746 1443
746 793
749 1598
749 0
749 1129
749 1443
749 1386
749 1519
750 778
750 1664
750 767
750 1084
750 942
750 874
750 1408
751 1047
751 1027
751 1540
751 426
751 668
751 1786
751 136
751 191
751 811
751 1294
752 1398
752 534
752 237
752 1391
752 165
752 1608
752 541
754 1736
754 91
754 589
761 1558
761 1341
761 248
761 1249
761 252
761 1946
762 530
762 768
762 818
762 449
762 315
762 1338
763 1061
763 1363
763 977
763 989
764 1515
764 1359
764 340
765 426
765 1204
765 1
765 1637
765 378
765 1714
765 185
765 732
766 1383
766 268
766 459
766 41
766 1473
766 1291
766 1099
767 1626
767 1657
767 707
767 674
767 1689
767 11
767 310
768 720
768 1693
768 1296
768 409
768 1757
769 1486
769 1865
769 1160
769 1845
769 1034
769 504
769 1860
769 1165
770 1504
770 1239
770 1248
770 590
770 1438
771 260
771 408
771 105
771 1573
772 183
772 857
772 1746
772 1114
772 1987
773 497
773 283
773 1778
773 1985
773 197
774 147
774 1192
774 361
774 1702
774 97
776 1350
776 1849
776 164
776 279
776 1990
776 60
776 1700
776 1299
776 1675
777 90
777 1217
777 343
777 1881
777 751
777 388
777 1145
777 1315
778 1201
778 1886
778 1401
778 811
778 841
780 588
780 1256
780 1165
780 1645
780 1563
781 595
781 1905
781 901
781 1803
782 430
782 1454
782 1610
782 615
782 1416
782 333
783 1386
783 1070
783 610
783 1635
783 1593
783 67
783 1389
784 515
784 953
784 823
784 179
784 19
784 1735
785 162
785 1179
785 115
785 73
785 354
785 1145
786 253
786 1152
786 949
786 206
786 1735
786 1475
787 1615
787 828
787 1087
787 630
787 52
787 552
787 1124
787 479
787 1256
788 1702
788 427
788 1595
788 780
788 1388
788 813
788 261
789 967
789 1303
789 112
789 489
790 1645
790 849
790 598
790 1941
790 1990
790 1740
790 1842
790 321
790 705
790 1122
791 514
791 1777
791 1257
791 1574
791 637
791 1174
793 1495
793 1936
793 1864
793 849
793 718
795 237
795 856
796 328
796 1299
796 235
796 654
799 622
799 1834
799 814
799 474
799 837
801 393
801 1690
801 557
801 1418
801 1137
801 962
801 324
801 1830
802 1145
802 1357
802 1997
802 630
802 1996
802 1876
802 1719
803 1787
803 808
803 1889
803 864
803 1809
804 764
804 1923
804 1491
804 548
805 1995
805 30
805 770
805 785
805 671
805 139
805 870
806 1697
806 870
808 480
808 963
808 529
808 943
808 30
809 276
809 873
809 1733
809 1613
809 1286
809 8
809 1048
810 1213
810 298
810 1635
810 113
810 1874
810 1488
811 259
811 802
811 1441
811 965
811 1020
811 60
811 28
811 42
813 1983
813 108
813 1689
813 212
813 770
813 1272
814 231
814 1072
814 827
815 546
815 1970
815 790
815 1701
815 1938
815 1010
815 690
815 1675
815 372
816 781
816 623
816 161
816 1576
816 377
816 1878
816 167
816 864
816 5
818 739
818 1194
818 1682
818 1860
818 1809
818 1774
818 323
819 1788
819 1162
819 23
819 780
820 352
820 676
820 1767
820 1704
820 1783
820 582
820 1856
820 986
820 1425
821 1405
821 1863
821 814
821 220
821 351
821 19
821 326
821 1646
821 890
821 408
822 1008
822 1625
823 1592
823 1049
823 1952
823 587
823 1458
823 155
823 285
824 211
824 650
824 1063
824 677
824 1272
824 1493
824 260
827 463
827 269
827 1326
827 1750
827 1238
827 829
827 716
828 557
828 648
828 585
828 1475
829 1871
829 409
829 100
829 1386
829 633
829 652
829 1674
830 1826
830 1589
830 423
830 344
830 1741
830 139
831 358
831 688
831 1335
831 1873
831 217
831 1713
831 962
833 1786
833 354
833 1585
833 1918
833 681
833 739
833 345
834 631
834 768
834 1397
835 1652
835 330
835 558
835 876
835 984
835 538
835 1329
836 1614
836 1515
836 853
836 1640
836 468
836 1555
836 35
836 1595
836 1983
837 108
837 1239
837 1195
837 361
837 917
837 379
837 358
837 1936
841 1476
841 951
841 1789
841 806
841 1217
841 417
841 1604
841 827
842 1661
842 447
842 561
842 1497
842 1091
842 1881
843 1238
843 358
843 1358
843 1657
843 317
844 1194
844 974
844 474
844 1724
844 1702
844 1009
845 1891
845 525
845 732
845 1342
845 221
845 202
845 938
845 371
849 574
849 129
849 1419
849 1836
849 1088
851 372
851 243
851 339
851 1146
851 1133
851 580
851 1536
851 1741
851 1920
852 1409
852 919
852 714
852 1043
852 604
852 1923
852 1036
852 451
852 1370
853 703
853 787
853 1774
853 1171
853 1658
854 354
854 761
854 1876
855 474
855 1473
855 113
855 1718
855 1020
856 1227
856 168
856 1685
856 363
856 1822
856 1242
856 1208
856 81
856 281
856 854
856 229
857 1087
857 1082
857 1066
857 1359
857 274
859 1633
859 700
859 34
859 754
860 8
860 1450
860 633
860 1964
860 346
860 14
860 1492
860 1768
861 139
861 1308
861 1814
861 1904
863 1716
863 1095
863 1574
863 197
863 56
863 1483
863 1856
863 1339
863 1981
863 451
864 290
864 1616
864 1484
864 1967
864 697
864 897
865 1593
865 1092
865 1936
865 1443
865 1583
866 1647
866 1352
866 1658
866 286
866 1045
866 1980
866 654
866 1241
867 1278
867 1053
867 990
867 682
867 1546
867 13
868 0
870 561
870 1701
870 943
871 629
871 1041
871 1860
871 16
871 793
871 1440
871 97
873 1270
873 1967
873 645
873 702
873 1750
874 613
874 669
874 1098
876 714
876 1529
876 1921
876 118
876 1466
876 1363
878 1803
878 509
878 694
878 1293
878 1076
879 352
879 233
879 1346
879 694
879 637
879 1908
879 1904
879 474
882 1195
882 1735
882 430
882 1456
882 1367
882 976
882 110
882 859
882 509
883 1540
883 578
883 703
883 1755
883 852
883 350
883 611
884 663
884 1092
884 1268
884 509
885 1008
885 10
885 852
885 388
885 218
885 118
885 1298
885 864
887 1521
887 703
887 185
887 1787
887 1728
887 507
889 801
889 736
889 1385
889 1575
889 1262
889 252
890 485
890 993
890 268
890 1788
891 526
891 446
891 816
891 126
891 1082
891 766
891 1095
892 1649
892 23
892 744
892 110
892 915
892 1296
892 1806
893 793
893 60
893 1440
893 1589
893 804
893 55
894 1940
894 1651
894 68
894 1123
894 185
894 774
895 714
895 563
895 551
895 545
895 353
895 630
895 379
895 1674
896 1912
896 1531
896 893
896 790
896 45
896 1415
896 895
896 1406
896 500
896 5
896 1401
897 1803
897 1996
897 296
897 726
898 1921
898 993
899 1723
899 1065
899 1097
899 1975
899 660
899 185
901 1661
901 962
901 1552
901 1544
902 1848
902 648
902 1424
902 1923
902 1409
902 589
902 633
902 46
906 1189
906 317
906 972
906 1825
906 240
906 254
906 777
906 197
909 371
909 265
909 241
909 1348
909 587
910 1018
910 16
910 1024
910 606
910 1909
910 1207
910 470
910 1578
912 923
912 1875
912 1806
912 1678
912 476
912 1845
912 1563
912 1576
912 1365
912 1334
912 531
913 476
913 183
913 1099
913 406
914 553
914 197
914 1493
914 1242
914 994
914 624
914 1335
915 407
915 310
915 1896
915 13
915 723
915 403
917 191
917 992
917 690
918 714
918 213
918 560
918 238
919 474
919 1363
919 1803
919 967
919 159
919 240
923 1431
923 374
923 1029
923 318
923 1068
923 804
924 1605
924 745
924 889
924 1675
924 558
924 1268
924 1415
925 1556
925 1082
925 849
925 887
925 14
925 874
925 355
925 391
927 1873
927 98
927 1321
927 352
927 620
927 1533
927 1793
932 1260
932 142
932 1091
932 349
932 690
932 1809
932 1778
932 115
935 1213
935 625
935 396
935 1089
935 1988
935 1251
937 324
937 530
937 589
937 346
938 505
938 762
938 393
938 1355
938 683
938 136
941 1256
941 1934
941 1485
941 1046
941 1128
941 1028
941 175
941 876
941 171
942 1952
942 1090
942 1272
942 585
943 1608
943 1370
943 1099
943 1355
943 1783
943 197
944 815
944 379
944 1674
944 854
944 867
944 301
944 482
944 1930
944 1607
945 1577
945 1757
947 1734
947 729
947 1007
947 1270
947 332
947 985
947 1577
947 427
948 1619
948 1333
948 1120
948 1245
949 372
949 1622
949 173
949 1215
949 485
949 325
949 1646
949 1576
949 701
949 417
950 1779
950 318
950 374
950 1341
950 1147
950 994
950 1802
950 525
951 90
951 441
951 1196
951 1596
951 855
951 1955
951 514
951 1293
951 913
953 1724
953 303
953 945
953 692
953 416
955 1941
955 733
955 81
955 1836
955 1087
955 1533
955 294
955 967
955 518
955 552
956 240
956 1520
956 729
956 144
956 305
956 385
956 1842
957 196
957 39
957 235
957 1011
957 852
957 1691
957 884
957 1648
957 1503
957 1475
957 1027
958 1443
958 1299
958 511
958 1654
958 773
958 1407
958 1699
958 829
958 1349
958 449
959 1333
959 1999
959 116
959 545
959 679
959 1471
959 1635
959 1146
959 14
960 77
960 1621
960 492
960 885
960 964
960 1098
960 595
961 1925
961 56
961 1152
961 1485
961 1009
961 951
962 236
962 1757
962 146
962 1400
962 1460
962 21
962 716
962 1370
962 296
962 1265
962 1653
962 588
962 1988
962 883
963 1402
963 1268
963 1016
964 455
964 111
964 676
964 1780
965 38
965 864
965 1616
965 1683
965 141
965 731
965 604
965 10
965 1736
966 138
966 1717
966 716
966 568
967 1736
967 17
967 1658
967 1990
967 1422
968 477
968 1910
968 150
969 412
969 413
969 513
969 1802
969 726
969 918
970 1631
970 1311
970 1988
970 8
970 529
970 215
970 1952
971 365
971 111
971 739
971 407
971 266
971 1544
972 1767
972 1113
973 1335
973 1619
973 835
973 132
973 1560
973 1094
973 323
973 910
973 1283
974 1378
974 312
974 992
974 1398
974 701
974 1795
974 1408
976 967
976 1625
976 498
976 545
976 1442
976 799
977 194
977 1999
977 141
977 488
977 957
977 1293
977 1091
977 1934
978 884
978 989
978 293
978 765
978 503
978 1622
978 1144
978 344
979 1521
979 569
979 1400
979 1938
979 1588
981 247
981 73
981 1912
981 690
981 1062
982 328
982 1843
982 344
982 631
982 1795
983 571
983 564
983 1308
983 1120
983 73
983 583
983 1340
983 1372
983 971
984 134
984 1966
984 1011
984 606
984 364
984 1326
984 1719
984 197
984 1065
985 1489
985 1419
985 283
985 5
985 11
985 110
985 90
985 348
986 228
986 675
986 1289
986 1446
986 1861
986 432
987 241
987 612
987 1248
987 1208
987 1031
988 287
988 552
988 773
988 1805
988 326
988 1163
988 1194
988 1454
989 468
989 866
989 726
989 1103
989 1513
989 1147
989 319
990 1563
990 1386
990 1598
990 143
990 786
992 1454
992 1153
992 324
992 932
992 505
992 718
992 1906
992 1510
992 1324
992 1957
992 477
993 1215
993 1853
993 1697
993 227
993 599
993 476
994 69
994 793
994 554
994 618
994 437
994 1627
994 1805
994 24
995 1933
995 883
995 852
995 116
995 77
995 364
995 913
996 1788
996 116
996 624
996 77
996 442
996 1517
996 608
996 1045
999 1786
999 1910
999 514
999 1807
999 1235
1000 1068
1000 1005
1000 442
1000 102
1000 1668
1000 561
1000 1963
1001 464
1002 264
1002 587
1002 590
1002 1809
1002 496
1002 1726
1003 1336
1003 1741
1003 1974
1004 466
1004 1000
1004 828
1004 1277
1004 268
1004 1065
1004 1770
1005 1897
1005 1616
1005 1221
1005 1504
1005 180
1007 435
1007 437
1007 249
1007 540
1007 1649
1008 1686
1008 1823
1008 590
1008 1207
1008 432
1008 383
1009 592
1009 1832
1009 1749
1009 1463
1009 28
1009 1185
1009 989
1010 1533
1010 331
1010 892
1010 563
1010 77
1010 1279
1010 1363
1011 284
1011 811
1011 317
1011 1811
1012 1000
1012 553
1012 590
1012 1936
1012 403
1012 312
1012 1614
1012 161
1012 7
1016 614
1016 491
1016 1768
1016 1209
1016 1047
1016 97
1017 1882
1017 287
1017 1093
1017 112
1017 1489
1017 733
1018 742
1018 1261
1018 113
1018 866
1018 786
1018 1646
1018 330
1018 1788
1020 1861
1020 682
1020 813
1020 842
1020 410
1021 129
1021 1893
1021 1714
1021 1525
1021 852
1021 1337
1021 1197
1021 1871
1021 1238
1023 1337
1023 1113
1023 721
1023 47
1023 1239
1023 363
1023 1583
1023 641
1023 702
1024 1829
1024 1325
1024 813
1024 1596
1024 350
1024 269
1024 1583
1025 1746
1025 530
1025 1189
1025 421
1025 969
1025 445
1026 1810
1026 133
1026 1147
1026 377
1026 1597
1026 1104
1026 750
1026 594
1026 1246
1027 153
1027 1549
1027 1173
1027 1631
1028 977
1028 19
1028 449
1028 164
1028 761
1028 374
1029 1714
1029 1230
1029 732
1029 814
1029 342
1031 580
1031 803
1031 625
1031 1943
1031 1040
1031 1686
1031 1016
1032 835
1032 957
1032 703
1032 331
1032 19
1032 1418
1032 265
1032 1190
1032 460
1034 1359
1034 1040
1034 1837
1034 1142
1036 446
1036 1194
1036 1505
1036 1846
1036 878
1036 1972
1037 1905
1037 100
1037 276
1038 648
1038 1296
1038 1125
1038 719
1038 1146
1038 1662
1039 1096
1039 873
1039 413
1039 237
1039 751
1039 253
1039 1133
1039 1349
1039 1951
1039 300
1040 1422
1040 1418
1040 1279
1040 83
1040 969
1041 1611
1041 354
1041 1156
1041 559
1041 896
1041 879
1041 811
1041 620
1041 1108
1041 1849
1043 1886
1043 1392
1043 426
1043 1972
1043 706
1044 1968
1044 1414
1044 411
1044 1912
1044 1938
1044 294
1045 985
1045 979
1045 1369
1045 87
1045 1564
1045 1083
1045 1547
1045 1213
1045 330
1045 19
1046 735
1046 1087
1046 411
1046 1415
1046 504
1046 1826
1046 1825
1046 1726
1046 1542
1046 600
1047 1514
1047 1839
1047 1731
1047 511
1047 1480
1047 1132
1047 611
1047 1268
1047 1629
1047 468
1047 585
1048 1264
1048 992
1048 725
1048 561
1049 220
1049 1350
1049 724
1049 1795
1050 937
1050 1176
1050 679
1050 726
1050 62
1050 211
1051 1112
1051 866
1051 942
1051 1395
1051 125
1052 1957
1052 1547
1052 802
1052 1545
1052 1606
1052 530
1053 1347
1053 465
1053 1020
1053 668
1053 1
1055 155
1055 11
1055 1759
1055 560
1055 1720
1055 118
1055 1188
1056 1829
1056 892
1056 1996
1056 1408
1056 122
1058 1919
1058 867
1058 1610
1059 1058
1059 876
1061 559
1061 154
1061 1115
1061 1096
1061 1364
1061 113
1062 1568
1062 1336
1062 468
1062 1025
1062 553
1062 1746
1062 725
1062 88
1062 1745
1063 1557
1063 1079
1063 1473
1063 1834
1063 1296
1063 469
1065 1020
1065 746
1065 1189
1065 1251
1065 1783
1065 387
1065 1918
1066 598
1066 1757
1066 150
1066 1700
1067 1791
1067 853
1067 157
1067 1080
1067 1018
1067 1109
1067 210
1067 982
1067 321
1067 1236
1068 1997
1068 546
1068 480
1070 1545
1070 264
1070 1485
1070 778
1070 977
1070 438
1070 1972
1070 1186
1072 1333
1072 1834
1072 1673
1072 1936
1072 1574
1073 1370
1073 726
1076 1682
1076 1822
1076 843
1076 1731
1076 977
1077 1236
1077 1733
1077 20
1077 645
1077 1466
1077 1066
1077 674
1077 802
1079 1147
1079 1651
1080 1027
1080 1278
1080 643
1080 1670
1080 1911
1080 1879
1080 163
1082 1063
1082 1910
1082 1906
1082 1132
1082 855
1082 455
1082 134
1083 964
1083 1077
1083 358
1083 1825
1083 1962
1083 46
1083 1772
1083 280
1083 752
1083 161
1083 1601
1083 764
1084 1133
1084 552
1085 325
1085 619
1085 45
1085 88
1085 1008
1085 1911
1085 1395
1085 1027
1087 1581
1087 860
1087 209
1087 506
1087 1592
1087 776
1087 1521
1088 883
1088 445
1088 1415
1088 1909
1088 1864
1089 788
1090 177
1090 1182
1090 1678
1090 960
1090 74
1090 1352
1091 1892
1091 1980
1091 643
1091 1117
1091 996
1092 197
1092 815
1092 1096
1092 1391
1092 37
1092 715
1092 556
1092 98
1093 1371
1093 787
1093 402
1093 918
1093 239
1093 777
1093 1380
1093 1596
1093 1678
1094 1568
1094 1669
1094 624
1094 1585
1095 1588
1095 261
1095 1024
1095 1106
1096 1592
1096 912
1096 845
1096 1957
1096 168
1096 1923
1097 742
1097 982
1097 378
1097 1226
1097 1204
1098 1703
1098 472
1098 809
1098 1300
1098 510
1098 1999
1098 1762
1098 558
1098 1348
1098 1613
1099 592
1099 966
1099 1260
1099 1048
1099 1930
1099 165
1099 241
1099 1143
1103 170
1103 1194
1103 1079
1103 879
1103 539
1104 898
1104 1746
1104 1635
1104 548
1104 332
1104 1496
1104 1932
1105 10
1105 455
1105 1009
1106 674
1106 1748
1106 1066
1106 1486
1106 1397
1106 1020
1108 1191
1108 221
1108 767
1108 412
1108 372
1108 1738
1108 553
1108 1828
1109 387
1109 1257
1109 917
1109 1144
1110 525
1110 1473
1110 1174
1110 1168
1110 1208
1110 1149
1110 1077
1110 1842
1110 1156
1111 1149
1111 879
1112 1072
1112 1892
1112 1801
1112 1918
1112 1876
1112 1164
1113 584
1113 624
1113 1480
1113 651
1113 481
1114 1942
1114 52
1114 303
1114 24
1114 729
1114 585
1114 1390
1114 1125
1115 1136
1115 1960
1115 1468
1115 1008
1115 778
1115 315
1115 485
1116 441
1116 750
1116 999
1116 1995
1116 183
1116 1487
1117 1241
1117 587
1117 223
1117 1250
1117 1481
1117 168
1117 767
1117 313
1119 424
1119 1099
1119 1062
1119 74
1119 1738
1119 1909
1120 843
1120 1476
1120 761
1120 1424
1120 579
1120 1955
1122 578
1122 810
1122 808
1122 1569
1122 276
1122 1150
1122 93
1122 1959
1123 23
1123 340
1123 795
1124 633
1124 1486
1124 1199
1124 1126
1125 1921
1125 541
1125 1289
1125 1640
1125 623
1125 694
1125 1729
1125 950
1126 1931
1126 1992
1126 1703
1128 318
1128 1415
1128 1023
1128 1108
1128 1994
1128 1173
1128 1949
1128 1218
1129 795
1129 365
1129 1618
1129 1005
1131 1051
1131 1031
1131 1994
1131 1878
1132 353
1132 147
1132 88
1132 1685
1132 1333
1132 763
1133 1890
1133 1752
1133 1342
1133 409
1133 1385
1133 1943
1133 1051
1135 589
1135 615
1135 1180
1136 731
1136 1483
1136 891
1136 1933
1136 597
1136 843
1137 833
1137 1261
1137 588
1137 1368
1137 425
1137 1607
1137 1066
1137 1039
1137 1825
1138 999
1138 1208
1138 18
1138 883
1138 1066
1141 623
1141 1584
1141 531
1141 248
1141 1771
1141 1112
1141 1326
1142 864
1142 990
1142 179
1142 285
1142 1386
1142 492
1143 833
1143 1681
1143 577
1143 1321
1143 1810
1143 76
1143 1387
1144 466
1144 1240
1144 879
1144 239
1144 132
1144 1615
1145 558
1145 1509
1145 526
1145 1994
1145 1436
1145 1444
1145 1896
1145 1614
1145 1697
1146 339
1146 1872
1146 163
1146 1092
1146 401
1146 652
1146 85
1146 1183
1147 522
1147 395
1147 1489
1147 265
1147 36
1147 1698
1147 1832
1147 819
1148 1379
1148 1669
1148 10
1148 887
1148 1339
1148 1087
1149 854
1149 385
1149 673
1149 1991
1150 213
1150 1392
1150 784
1150 1669
1150 607
1150 1610
1150 1693
1150 299
1150 1555
1151 323
1151 1635
1151 1731
1151 610
1151 197
1151 98
1151 745
1151 1251
1151 1818
1151 1681
1152 987
1152 181
1152 1752
1152 660
1153 241
1153 1935
1153 844
1153 978
1153 932
1153 1339
1153 1733
1154 1911
1154 559
1154 716
1154 1226
1154 481
1155 1183
1155 1443
1155 155
1156 579
1156 876
1156 371
1156 772
1156 1718
1156 785
1156 1023
1156 580
1156 706
1156 1148
1157 868
1157 1432
1157 545
1157 1168
1157 366
1157 1291
1157 13
1160 10
1160 1443
1160 1144
1160 1229
1161 645
1161 1594
1161 1640
1162 1931
1162 1674
1162 1355
1163 474
1163 1366
1163 1624
1163 1610
1163 1452
1163 1084
1164 149
1164 1145
1164 694
1164 1174
1165 15
1165 62
1165 820
1165 268
1165 1194
1165 217
1165 1477
1168 1156
1168 326
1168 1795
1168 1145
1168 834
1168 245
1168 511
1168 871
1168 1191
1168 1153
1168 699
1168 769
1168 329
1169 1657
1169 361
1169 590
1169 1927
1171 122
1171 1856
1171 410
1172 1557
1172 1129
1172 1466
1172 111
1172 182
1172 131
1172 1845
1173 212
1173 148
1173 1456
1173 261
1174 368
1174 1341
1174 339
1174 581
1174 1611
1174 1016
1175 1822
1175 1431
1175 1138
1175 1007
1175 979
1175 1349
1175 264
1176 144
1176 1849
1176 1607
1176 548
1176 7
1176 1440
1178 157
1178 981
1178 739
1178 1604
1178 1230
1179 1195
1179 141
1179 601
1179 39
1179 885
1179 962
1180 1010
1180 507
1180 958
1180 274
1180 1235
1180 796
1180 1810
1180 1348
1182 1728
1182 1147
1182 1316
1182 883
1183 1683
1183 374
1183 321
1183 1533
1183 1336
1183 1583
1183 1786
1183 1661
1184 472
1184 736
1184 297
1184 1443
1185 580
1185 1248
1185 1173
1185 474
1185 746
1185 1979
1185 1148
1185 1864
1185 733
1186 724
1186 411
1186 455
1186 637
1187 1368
1187 876
1187 1218
1187 585
1187 1068
1187 1944
1187 735
1187 538
1188 1841
1188 475
1188 864
1188 834
1188 135
1188 1886
1188 221
1188 802
1188 1453
1188 695
1188 1065
1189 1860
1189 95
1189 671
1189 1249
1190 366
1190 1557
1190 1279
1191 641
1191 823
1191 581
1191 967
1191 1921
1192 1899
1192 1880
1192 422
1192 15
1192 1823
1192 1291
1192 1347
1192 1002
1192 927
1193 500
1193 769
1193 1607
1193 1771
1193 1574
1193 1235
1193 89
1193 1702
1194 1793
1194 1218
1194 1283
1194 426
1194 154
1195 1951
1195 163
1195 1597
1195 1416
1195 677
1196 1777
1196 1244
1196 741
1196 1882
1196 387
1197 1930
1197 1561
1197 1145
1199 404
1199 271
1199 652
1199 472
1199 811
1200 830
1200 1171
1200 548
1200 668
1200 1879
1200 1420
1200 1834
1200 1652
1201 994
1201 1838
1201 1397
1201 1236
1201 1585
1201 1303
1201 139
1201 1497
1203 1735
1203 1447
1203 1018
1203 363
1203 788
1203 735
1203 993
1203 673
1203 1321
1204 229
1204 1307
1204 577
1204 741
1207 1115
1207 1246
1207 1547
1207 770
1207 67
1207 1432
1207 223
1207 1661
1207 1521
1207 444
1207 1591
1207 1721
1208 643
1208 1980
1208 1028
1208 1787
1208 463
1208 1690
1208 876
1209 1775
1209 972
1209 1611
1209 1510
1209 1988
1209 1266
1209 126
1209 1192
1209 463
1209 895
1210 491
1210 1772
1210 477
1210 1133
1211 1221
1211 678
1213 1447
1213 1289
1213 861
1213 1623
1213 1739
1213 1931
1214 701
1214 1565
1214 136
1214 892
1214 656
1214 720
1215 1424
1215 215
1217 1738
1217 436
1217 1871
1217 381
1217 1622
1218 177
1218 692
1218 480
1218 1832
1218 125
1218 715
1218 1150
1219 1136
1219 1782
1219 1005
1219 89
1219 121
1219 892
1219 1490
1221 913
1221 1822
1221 1531
1221 556
1221 60
1221 1720
1221 1358
1221 1989
1222 863
1222 38
1222 844
1222 372
1222 1189
1222 707
1222 1882
1222 782
1223 644
1223 538
1223 266
1223 1723
1223 1414
1223 1471
1223 1244
1223 105
1223 1117
1223 736
1223 369
1226 1967
1226 1090
1226 676
1226 896
1226 1179
1226 449
1227 1846
1227 683
1227 990
1227 438
1227 709
1227 1814
1227 1264
1227 731
1227 132
1228 353
1228 1504
1229 363
1229 1406
1229 1173
1230 109
1230 1148
1230 873
1230 1647
1230 1048
1233 1683
1233 1221
1233 1095
1233 1940
1233 40
1233 1242
1234 1856
1234 1657
1234 97
1234 1711
1235 1279
1235 1026
1235 1825
1235 1045
1235 1678
1236 1340
1236 1221
1236 1147
1236 992
1236 1836
1238 1941
1238 1563
1238 1355
1238 55
1238 228
1238 1503
1238 417
1238 1493
1238 1875
1239 1491
1239 537
1239 1211
1239 1191
1239 781
1239 1058
1239 765
1240 695
1240 97
1240 1442
1240 20
1240 400
1240 691
1240 215
1240 46
1240 1876
1241 1585
1241 1252
1242 241
1242 131
1242 1593
1242 459
1242 1103
1242 941
1242 1279
1242 1082
1242 1775
1243 1104
1243 432
1243 525
1243 1849
1244 598
1244 1537
1244 879
1244 430
1244 1184
1244 1490
1245 1999
1245 1454
1245 194
1245 250
1246 814
1246 24
1246 960
1246 1570
1246 444
1246 891
1246 782
1247 1783
1247 701
1247 28
1247 643
1247 1264
1247 287
1248 1661
1248 355
1248 394
1248 381
1248 269
1248 1058
1248 1627
1248 1037
1249 1061
1249 909
1249 478
1249 973
1249 604
1249 1970
1250 1201
1250 629
1250 76
1250 1388
1251 1204
1251 160
1251 1890
1251 830
1252 1380
1252 1826
1252 1126
1252 1040
1252 137
1252 1925
1252 612
1252 1438
1252 860
1252 1568
1253 1823
1253 189
1253 196
1253 202
1255 1362
1255 68
1255 1710
1255 1424
1255 1817
1256 175
1256 505
1256 995
1256 1984
1256 1847
1256 603
1256 1772
1256 1475
1256 1157
1256 403
1257 569
1257 23
1257 15
1257 160
1257 1643
1257 1341
1259 1934
1259 180
1259 660
1259 187
1260 1465
1260 416
1260 1938
1260 1141
1260 353
1260 1841
1260 1120
1260 677
1261 446
1261 273
1262 691
1262 853
1264 683
1264 1578
1264 1114
1265 533
1265 1491
1265 1696
1265 709
1265 264
1265 1256
1265 1182
1265 1925
1265 1055
1266 1585
1266 1285
1266 981
1266 1685
1266 217
1266 1692
1266 551
1266 673
1266 1599
1266 41
1266 213
1268 395
1268 1340
1268 1392
1268 1089
1268 955
1268 1817
1268 1896
1268 380
1268 1345
1268 1428
1268 1492
1268 1076
1268 725
1268 1886
1268 1554
1268 1892
1270 623
1270 385
1270 843
1270 1012
1270 1940
1270 1455
1270 1204
1271 1856
1271 1172
1271 469
1271 1076
1271 392
1271 768
1272 837
1272 853
1272 1246
1272 1380
1272 8
1272 1252
1272 1349
1272 824
1272 161
1277 28
1277 681
1277 1104
1277 356
1277 1002
1277 906
1277 650
1277 1259
1277 1246
1277 433
1278 1137
1278 1793
1278 655
1278 1817
1278 1334
1278 435
1279 1125
1279 1070
1279 1979
1279 55
1279 961
1280 377
1280 1486
1280 1168
1282 827
1282 629
1282 168
1282 833
1282 243
1283 1234
1283 1072
1283 819
1283 144
1283 889
1283 134
1283 1007
1283 1552
1285 992
1285 1111
1285 1186
1285 1774
1285 1136
1285 1953
1285 154
1285 734
1286 428
1286 1734
1286 1655
1286 472
1286 910
1286 385
1286 1070
1286 1082
1286 1137
1289 1032
1289 751
1289 365
1289 867
1289 157
1291 176
1291 963
1292 844
1292 1622
1292 104
1292 449
1292 187
1293 1925
1293 769
1293 702
1293 73
1293 1182
1293 1918
1293 696
1293 695
1293 791
1293 620
1293 0
1293 937
1294 1032
1294 764
1294 1864
1294 1113
1296 1720
1296 1717
1296 1184
1296 704
1296 1283
1296 1441
1296 795
1296 488
1296 1178
1296 1053
1298 1302
1298 1419
1298 189
1298 584
1298 1293
1298 161
1299 945
1299 1183
1299 1997
1299 663
1299 1337
1300 579
1300 716
1300 1750
1300 513
1300 1955
1300 476
1300 694
1300 1136
1300 1215
1300 255
1300 1589
1300 1980
1301 144
1301 708
1301 1585
1301 252
1301 1191
1301 1244
1301 595
1302 1963
1303 620
1303 518
1303 318
1303 530
1303 1657
1303 560
1303 1733
1303 180
1303 1357
1303 191
1303 1661
1303 346
1303 453
1307 93
1307 1583
1307 294
1307 1028
1307 534
1307 1988
1308 1543
1308 243
1308 708
1308 1495
1308 1700
1308 1751
1308 1974
1310 1849
1310 468
1310 1566
1310 1897
1310 380
1310 211
1311 1409
1311 1420
1311 1352
1311 510
1311 1735
1312 1689
1312 493
1315 1455
1315 292
1315 1278
1315 204
1316 182
1316 1238
1316 68
1316 296
1318 1364
1318 405
1318 1890
1319 344
1319 562
1319 855
1319 1365
1319 1693
1319 221
1319 1575
1319 1633
1319 1741
1321 530
1321 487
1321 1788
1321 1473
1321 1990
1321 1048
1321 1921
1321 1897
1324 27
1324 1151
1324 1713
1324 91
1324 326
1324 1624
1325 227
1325 635
1325 1489
1325 1940
1325 158
1325 1368
1325 1828
1326 1312
1326 183
1326 1538
1326 109
1326 85
1329 1957
1329 302
1329 5
1329 239
1329 52
1329 146
1330 890
1330 966
1330 268
1330 403
1330 1772
1330 601
1330 796
1332 1844
1332 1213
1332 1122
1332 1515
1332 1585
1332 1806
1332 966
1332 1610
1332 252
1332 247
1332 28
1333 531
1333 354
1333 673
1333 475
1333 48
1333 1786
1333 299
1333 476
1334 1447
1334 588
1334 133
1334 1847
1334 438
1334 1380
1334 1003
1334 1961
1334 641
1335 580
1335 1146
1335 1580
1335 185
1335 830
1335 117
1336 91
1336 416
1336 305
1336 778
1336 1221
1336 852
1336 1463
1336 795
1337 1984
1337 1350
1337 906
1337 1931
1337 1688
1338 474
1338 1169
1338 925
1338 942
1338 1651
1339 1291
1339 81
1339 329
1340 1933
1340 442
1341 689
1341 1555
1341 1497
1341 1835
1341 131
1341 1440
1342 1092
1342 583
1342 492
1342 1565
1342 1383
1342 1570
1342 1596
1342 1984
1342 896
1342 1460
1345 1143
1345 1059
1345 153
1345 1632
1345 1219
1345 673
1345 787
1345 1480
1345 427
1345 1703
1346 534
1346 1131
1346 1143
1346 1579
1346 1809
1346 735
1346 1098
1346 579
1346 164
1347 691
1347 985
1347 1067
1347 111
1347 1215
1347 19
1348 789
1348 1345
1348 187
1348 1496
1348 909
1348 1585
1348 1203
1348 402
1349 303
1349 1282
1349 678
1349 1097
1349 1613
1350 1999
1350 1972
1350 1122
1350 732
1350 1310
1350 672
1350 752
1350 1510
1352 1243
1352 1985
1352 1375
1352 597
1352 40
1352 978
1352 830
1352 1326
1352 557
1352 1242
1355 585
1355 1725
1355 876
1355 1372
1355 809
1355 1577
1355 1366
1356 1117
1356 1943
1356 882
1356 944
1356 1975
1356 393
1356 1076
1357 587
1357 35
1357 1010
1357 514
1357 985
1357 978
1357 1627
1357 177
1357 982
1357 468
1357 1962
1357 3
1357 966
1357 1391
1358 1598
1358 1366
1358 1440
1358 884
1358 868
1358 1221
1358 1892
1358 424
1359 616
1359 164
1359 1352
1359 1271
1362 745
1362 1368
1362 728
1362 1957
1363 43
1363 729
1363 1341
1363 300
1363 1973
1363 1427
1363 749
1363 1052
1364 287
1364 1623
1364 1419
1364 331
1364 1438
1364 1647
1364 436
1364 644
1364 1259
1364 452
1365 1799
1365 1818
1365 507
1365 1805
1365 1031
1365 1653
1365 1669
1366 1103
1366 1569
1366 1466
1366 161
1366 1251
1366 1347
1366 160
1367 1408
1367 1678
1367 1260
1367 1089
1367 696
1368 258
1368 218
1368 228
1368 1316
1368 1610
1368 1243
1368 36
1368 1169
1369 720
1369 734
1369 1012
1369 218
1369 530
1369 546
1369 953
1369 1087
1370 987
1370 1217
1370 1542
1370 1095
1370 1887
1371 793
1371 1908
1371 1228
1372 1386
1372 287
1372 407
1372 893
1375 1277
1375 112
1375 1401
1375 1911
1375 1050
1375 1623
1375 1245
1375 1199
1377 631
1377 438
1377 1120
1377 590
1377 447
1377 713
1377 1704
1377 255
1378 1262
1378 1960
1378 90
1378 583
1378 790
1378 646
1378 497
1378 1188
1378 1370
1378 1415
1378 1153
1378 1735
1379 606
1379 175
1379 1108
1379 1718
1379 285
1379 1401
1380 1048
1380 1902
1380 1605
1380 1230
1383 1957
1383 859
1383 1235
1383 19
1383 1728
1383 136
1383 865
1383 1346
1383 1936
1385 559
1385 188
1385 400
1385 1573
1385 526
1385 223
1386 1749
1386 1568
1386 1279
1387 1465
1387 1657
1387 786
1387 885
1387 410
1387 1442
1388 1210
1388 435
1388 808
1388 619
1388 1387
1388 1539
1389 819
1389 1339
1389 1460
1389 1699
1390 38
1390 727
1390 1000
1391 1504
1391 11
1391 1005
1391 964
1391 372
1391 506
1391 865
1391 692
1391 10
1391 20
1392 531
1392 587
1392 1982
1392 973
1392 1474
1395 1895
1395 696
1395 1608
1395 1930
1395 1319
1395 261
1395 76
1397 739
1397 1825
1397 1369
1397 1738
1397 1260
1397 302
1397 584
1397 1549
1398 123
1398 702
1398 403
1398 1358
1398 1791
1398 1599
1398 1465
1398 266
1400 1775
1400 1171
1400 616
1400 1703
1400 1982
1400 1457
1400 1806
1400 332
1400 1402
1400 789
1400 682
1400 345
1401 131
1401 801
1401 1096
1401 1372
1401 1848
1401 1568
1402 1697
1402 464
1402 683
1404 1779
1404 87
1404 365
1404 604
1404 475
1404 1702
1404 1482
1404 1617
1404 1000
1404 31
1405 157
1405 58
1406 1988
1406 1164
1406 1303
1406 188
1406 1704
1406 1578
1406 1794
1406 1321
1406 709
1407 914
1407 651
1407 428
1407 923
1407 0
1408 1129
1408 354
1408 39
1408 236
1408 492
1408 1816
1409 1804
1409 1931
1409 724
1409 551
1412 1920
1412 1957
1412 1091
1412 1556
1412 556
1412 976
1413 228
1413 1236
1413 391
1413 1062
1413 1811
1414 1931
1414 896
1415 449
1415 1678
1415 1408
1415 1626
1415 1388
1415 1991
1415 731
1415 937
1415 115
1416 1587
1418 442
1419 111
1419 1352
1419 1685
1419 346
1419 1257
1419 1974
1419 919
1419 1471
1419 1151
1419 1446
1420 981
1420 426
1420 1168
1420 46
1420 1496
1422 1162
1422 1271
1422 990
1422 1799
1422 1460
1422 1601
1422 1997
1422 985
1422 61
1424 170
1424 1880
1424 268
1424 780
1425 1098
1425 1810
1425 981
1425 1946
1425 37
1425 1962
1425 1405
1425 703
1425 883
1427 1889
1427 1041
1427 447
1427 1823
1427 1021
1427 351
1427 1425
1427 245
1427 1162
1427 1389
1427 463
1428 1738
1428 912
1429 180
1429 1997
1429 1970
1429 1931
1429 206
1431 283
1431 1004
1431 1073
1431 879
1432 254
1432 117
1432 273
1432 1900
1432 1045
1432 268
1432 1453
1432 588
1432 879
1436 660
1436 94
1436 831
1436 1828
1436 864
1436 691
1436 1283
1436 212
1436 287
1438 1458
1438 861
1438 1957
1440 1241
1440 1476
1440 1968
1440 393
1440 803
1440 1183
1440 700
1440 697
1440 1755
1440 1497
1441 425
1441 583
1441 1176
1441 938
1441 1511
1441 294
1441 1957
1441 1587
1441 790
1441 600
1442 88
1442 1412
1442 231
1442 780
1442 1983
1442 28
1442 485
1443 562
1443 1044
1443 209
1443 1186
1443 1260
1443 1579
1443 1136
1444 1169
1444 1063
1444 974
1444 162
1446 1370
1446 356
1446 1525
1446 1986
1446 762
1446 268
1446 620
1446 1767
1446 1257
1446 1252
1446 391
1446 824
1447 851
1447 1755
1447 663
1447 263
1447 1632
1447 885
1447 734
1447 285
1449 1805
1449 1930
1449 481
1449 229
1449 821
1449 268
1449 1851
1450 143
1450 405
1452 206
1452 1853
1452 802
1452 1255
1453 1418
1453 704
1453 950
1454 84
1454 1802
1454 676
1454 706
1454 290
1454 243
1454 464
1454 1088
1454 354
1454 1192
1455 1980
1455 979
1455 1735
1456 1199
1456 677
1456 194
1456 1949
1456 1721
1456 191
1456 479
1456 104
1457 1875
1457 310
1457 1155
1457 1468
1457 252
1458 137
1458 349
1458 81
1458 1409
1458 1848
1458 709
1460 813
1460 393
1460 1975
1460 965
1460 570
1460 254
1460 1588
1460 882
1462 411
1462 377
1462 1024
1462 536
1462 1782
1463 1635
1463 24
1463 1915
1463 1341
1463 1537
1465 62
1465 14
1465 23
1465 1748
1465 834
1465 541
1465 1152
1466 368
1466 319
1466 86
1466 1874
1466 1595
1468 1962
1468 689
1468 762
1468 509
1468 1183
1468 1882
1468 1930
1468 831
1468 515
1468 1552
1469 1058
1469 1838
1469 932
1469 55
1469 1801
1469 1653
1469 383
1469 1371
1469 482
1471 1391
1471 1077
1471 1040
1471 1921
1471 787
1471 1940
1471 349
1471 1850
1471 1610
1473 28
1473 948
1473 1266
1473 160
1473 545
1473 1195
1473 1192
1473 1853
1473 1011
1473 705
1474 993
1474 771
1474 404
1474 287
1474 1775
1474 1774
1474 391
1474 1115
1475 919
1475 1154
1475 137
1475 1816
1475 586
1476 1088
1476 1771
1476 1329
1476 1123
1476 449
1476 328
1476 1994
1477 422
1477 116
1477 624
1477 1576
1477 607
1477 944
1480 766
1480 1016
1480 189
1480 23
1481 245
1481 1402
1481 774
1481 1822
1481 1233
1481 1863
1481 1540
1481 1010
1481 1463
1481 1049
1481 56
1481 280
1482 73
1482 992
1482 546
1482 1178
1483 460
1483 1450
1483 1531
1483 77
1483 381
1484 1422
1484 1537
1484 962
1484 256
1484 1861
1484 1265
1484 843
1484 1547
1485 586
1485 507
1485 855
1485 1704
1485 1171
1485 1333
1485 966
1485 1592
1485 534
1486 1182
1486 1319
1486 1999
1487 1234
1487 284
1487 1120
1488 1208
1488 785
1488 1718
1488 1690
1489 489
1489 1440
1489 167
1489 87
1490 1219
1490 1657
1490 371
1490 604
1490 470
1491 500
1491 1912
1491 1740
1491 799
1491 785
1491 860
1491 823
1491 1851
1491 1847
1492 1872
1492 1041
1493 136
1493 1720
1493 41
1493 906
1493 887
1494 1736
1494 802
1494 962
1494 819
1494 1718
1494 1951
1494 1960
1495 1740
1495 1617
1495 827
1495 982
1496 1610
1496 458
1496 919
1497 227
1497 352
1497 402
1497 412
1497 1771
1497 1629
1497 1783
1497 127
1499 368
1499 631
1499 610
1499 1084
1499 259
1499 1193
1499 109
1499 787
1499 1645
1499 668
1499 892
1503 663
1503 1
1503 1173
1503 479
1503 1746
1503 728
1503 790
1503 1652
1503 1998
1503 221
1503 500
1503 1454
1503 408
1504 552
1504 288
1504 425
1504 1544
1504 608
1504 1640
1504 298
1504 668
1504 1762
1505 1038
1505 1893
1505 543
1505 121
1505 1380
1505 1886
1505 76
1505 408
1505 1905
1509 1002
1509 714
1509 432
1509 1346
1509 16
1509 1115
1509 1781
1509 1457
1510 971
1510 1096
1510 1318
1510 1768
1510 1924
1510 133
1510 435
1510 1048
1511 1731
1511 1525
1511 209
1513 1151
1513 1332
1513 1372
1513 1460
1513 10
1513 1076
1513 801
1515 1557
1515 1135
1515 1804
1515 507
1515 1311
1515 235
1515 1838
1515 329
1517 174
1517 764
1517 1542
1519 1514
1519 676
1519 1624
1519 1787
1519 1847
1519 828
1520 891
1520 572
1520 740
1520 843
1520 470
1521 1810
1521 186
1521 1044
1521 604
1521 1779
1521 1268
1524 1640
1524 1718
1524 137
1524 1865
1525 1380
1525 795
1525 1402
1525 1654
1525 584
1525 1409
1525 710
1529 1193
1529 1734
1529 1329
1529 233
1529 810
1529 901
1529 1294
1531 1802
1531 1097
1531 469
1531 582
1531 1164
1531 1910
1533 703
1533 324
1536 726
1536 1215
1536 1458
1536 1059
1536 1586
1536 637
1536 696
1536 1083
1537 1250
1537 1590
1537 927
1537 1683
1537 171
1537 1228
1537 1957
1537 1989
1537 1153
1537 1458
1537 721
1537 383
1538 1227
1538 1951
1538 1204
1538 1729
1538 68
1538 966
1538 1570
1538 970
1538 365
1538 927
1538 1996
1539 713
1539 1683
1539 740
1539 728
1539 89
1540 941
1540 1821
1540 252
1540 1711
1540 529
1540 1260
1542 972
1542 15
1542 899
1542 925
1542 1550
1542 1197
1542 433
1543 795
1543 1718
1543 623
1543 1966
1543 1759
1543 1289
1543 995
1544 1991
1544 845
1544 454
1544 1367
1544 1416
1544 545
1544 1656
1545 26
1545 215
1545 574
1545 1243
1545 536
1545 1654
1546 1341
1546 1483
1546 567
1546 995
1546 1540
1546 1175
1546 1652
1546 718
1547 75
1547 1310
1549 1787
1549 1068
1549 536
1549 1851
1549 560
1549 391
1549 1129
1550 372
1550 1826
1550 1830
1550 1999
1550 856
1551 1485
1551 859
1551 845
1551 1138
1551 1575
1551 1119
1551 1424
1551 943
1552 1967
1552 573
1552 188
1552 1131
1552 271
1554 294
1554 1561
1554 1474
1554 969
1555 449
1555 1839
1555 725
1555 495
1555 820
1555 453
1555 328
1555 1431
1556 1698
1556 640
1556 1871
1556 405
1556 110
1556 258
1556 924
1556 709
1556 1999
1557 1279
1557 1004
1557 576
1557 1704
1557 1341
1557 1444
1557 0
1557 269
1558 1837
1558 1700
1558 1176
1558 212
1558 1839
1558 664
1558 15
1558 896
1560 1718
1561 635
1561 34
1561 783
1561 1310
1561 405
1561 944
1561 1283
1561 563
1561 988
1563 702
1563 1849
1563 1494
1563 166
1563 618
1563 1956
1564 65
1564 1910
1564 1262
1564 492
1564 180
1564 1463
1565 668
1565 1967
1565 1671
1565 135
1566 1189
1566 1289
1566 1438
1566 1010
1566 1691
1566 766
1566 883
1568 369
1568 1637
1568 582
1568 298
1568 76
1568 1389
1569 1255
1569 1731
1569 1951
1569 380
1569 1551
1570 571
1570 1400
1570 1085
1570 1208
1571 134
1571 1693
1571 864
1571 274
1571 3
1571 1698
1571 16
1571 1938
1571 1207
1573 360
1573 1008
1573 572
1573 1815
1573 623
1573 174
1574 1201
1574 1235
1574 1953
1574 1874
1574 961
1574 1400
1575 1282
1575 113
1575 607
1575 729
1575 1956
1576 1336
1576 1219
1576 660
1576 1999
1576 1871
1576 732
1576 1369
1576 1262
1576 704
1577 890
1577 1197
1577 844
1577 865
1578 83
1578 1271
1578 243
1578 356
1579 312
1579 1169
1579 1077
1579 722
1580 1133
1580 715
1580 1293
1581 1496
1581 1854
1581 781
1581 454
1583 754
1583 974
1583 1725
1583 1446
1583 459
1583 1347
1583 1994
1584 579
1584 1649
1584 1575
1584 137
1584 149
1584 1126
1584 1124
1585 1542
1585 556
1585 1861
1585 1873
1585 1055
1585 1335
1585 1105
1585 391
1586 185
1587 1575
1587 1380
1587 1226
1587 36
1587 240
1587 526
1588 1195
1588 1193
1588 1923
1588 1662
1588 988
1588 159
1588 918
1589 773
1589 1248
1589 286
1590 1979
1590 1037
1590 1832
1590 1614
1590 568
1590 1759
1590 1878
1590 37
1591 879
1591 24
1591 731
1591 1810
1591 1881
1591 105
1591 1235
1591 238
1591 1179
1591 543
1592 1469
1592 1045
1592 300
1592 1048
1592 851
1593 1196
1593 505
1593 444
1593 1911
1593 337
1593 1763
1593 996
1593 1083
1593 64
1594 1271
1594 1992
1594 1689
1594 789
1594 1900
1594 249
1594 843
1594 1842
1594 643
1595 590
1595 1483
1595 1076
1595 1574
1595 1259
1595 1555
1596 315
1596 1266
1596 1431
1596 1476
1596 1326
1596 853
1597 445
1597 451
1597 38
1597 1301
1597 559
1598 1975
1598 1250
1598 23
1598 1268
1598 1061
1598 1223
1598 552
1598 407
1599 1388
1599 768
1599 317
1599 1975
1599 1998
1599 1041
1599 1826
1601 1767
1601 1546
1604 1191
1604 1397
1604 1946
1604 1962
1604 1316
1604 1619
1604 1122
1605 1627
1605 1651
1605 522
1605 425
1605 1595
1605 671
1605 260
1605 1726
1606 1791
1606 383
1606 407
1606 1805
1606 953
1607 1661
1607 1456
1607 1207
1608 1045
1608 1200
1608 1935
1608 1853
1608 579
1608 973
1610 1891
1610 87
1610 1835
1610 569
1611 56
1611 669
1611 576
1611 587
1611 868
1611 1413
1611 741
1611 992
1611 1555
1611 1777
1611 1551
1611 1221
1613 1490
1613 1397
1613 971
1613 1661
1613 1131
1613 1801
1613 1137
1613 732
1613 898
1614 884
1614 162
1614 1581
1614 1135
1614 1114
1614 1378
1615 428
1615 104
1616 1025
1616 1392
1616 781
1616 581
1616 88
1617 689
1617 93
1617 765
1617 902
1618 1043
1618 1213
1618 458
1618 1124
1618 1909
1618 1560
1618 1136
1618 1843
1618 161
1618 319
1618 1243
1618 546
1618 1337
1618 173
1618 1299
1618 385
1619 734
1619 400
1619 1649
1619 977
1619 1930
1621 995
1621 1915
1622 616
1622 1207
1622 73
1622 1048
1622 949
1622 232
1622 815
1622 780
1622 1336
1622 1315
1622 1524
1622 1841
1623 1651
1623 1387
1623 1050
1623 534
1623 577
1624 1748
1624 163
1624 1375
1624 227
1624 205
1625 973
1625 485
1626 1073
1626 1671
1626 459
1626 112
1626 452
1626 879
1626 1087
1627 558
1627 1174
1627 1783
1627 592
1627 583
1627 1342
1629 1208
1629 1510
1629 919
1629 773
1629 1482
1629 1009
1629 1595
1629 1210
1631 1333
1631 1843
1632 281
1632 781
1632 1759
1632 252
1632 1951
1632 62
1632 1187
1633 1186
1633 590
1633 76
1633 1016
1633 223
1635 178
1635 1150
1635 1029
1635 1570
1635 538
1637 741
1637 1576
1637 780
1637 401
1637 1786
1637 1997
1637 302
1637 447
1637 446
1640 1178
1640 924
1640 144
1640 1719
1640 1721
1643 1460
1643 168
1645 1552
1645 197
1645 824
1646 660
1646 1484
1646 608
1646 1804
1646 665
1646 1453
1647 146
1647 222
1647 1637
1647 1605
1647 1425
1647 801
1647 1992
1647 112
1647 1854
1648 1095
1648 1087
1648 268
1648 438
1648 932
1648 735
1648 1664
1648 974
1648 1788
1649 1920
1649 1371
1649 408
1649 1580
1649 1083
1649 1783
1651 1156
1651 74
1651 1235
1651 100
1651 206
1651 1105
1651 1484
1651 1009
1652 23
1652 857
1652 901
1652 689
1652 861
1653 218
1653 476
1653 250
1653 447
1653 1228
1653 464
1653 315
1653 1268
1653 1031
1653 514
1654 1768
1654 772
1654 1292
1654 665
1654 546
1655 188
1655 155
1655 992
1655 1243
1655 1748
1655 640
1656 537
1656 1555
1656 1245
1657 301
1657 1462
1657 1380
1657 350
1657 656
1657 1201
1657 178
1658 1584
1658 1892
1658 460
1658 1698
1658 1292
1661 1583
1661 1136
1661 364
1661 1517
1661 1995
1662 1176
1662 808
1662 1879
1662 889
1662 1315
1662 784
1662 845
1662 771
1664 978
1664 1779
1664 509
1664 665
1664 654
1667 1293
1667 1551
1667 1365
1667 1409
1667 1325
1667 1592
1668 1082
1668 77
1668 146
1668 586
1668 1379
1669 49
1669 1349
1669 1340
1669 1611
1669 1123
1669 1826
1670 671
1670 231
1670 583
1670 1324
1671 1816
1671 1717
1671 863
1671 616
1671 176
1673 683
1673 164
1673 175
1673 1983
1673 147
1673 1138
1674 1334
1674 822
1674 1337
1674 1491
1674 252
1674 770
1675 1185
1675 1044
1675 253
1675 981
1675 1440
1675 1283
1675 1607
1675 613
1675 333
1675 1715
1675 1678
1675 1741
1675 1561
1678 891
1678 348
1678 618
1678 495
1679 546
1679 161
1679 441
1679 1000
1681 645
1681 1989
1681 630
1681 175
1681 1468
1681 1197
1681 983
1681 212
1682 454
1682 416
1682 603
1682 1615
1682 459
1682 983
1682 1912
1682 1468
1682 818
1682 1119
1683 18
1683 1289
1683 1959
1683 787
1683 191
1685 157
1685 767
1685 1032
1685 1739
1685 1162
1686 323
1686 853
1686 178
1686 608
1688 1729
1688 153
1688 887
1688 1089
1689 1725
1689 583
1689 31
1689 1208
1689 1617
1689 1404
1690 1053
1690 166
1690 1061
1690 293
1690 411
1690 695
1690 1357
1691 164
1691 1089
1691 1007
1691 1555
1691 1843
1692 724
1692 416
1692 303
1692 258
1692 1618
1692 660
1692 1029
1692 1517
1693 909
1693 1905
1693 703
1693 1029
1693 1058
1696 68
1696 164
1696 1682
1696 1715
1696 548
1696 1032
1696 10
1696 1120
1697 719
1697 1996
1697 147
1697 227
1697 585
1698 655
1698 1696
1698 1836
1698 220
1698 550
1698 551
1698 113
1698 1021
1698 763
1698 1851
1699 1021
1699 736
1699 828
1699 675
1700 1293
1700 1242
1700 1531
1700 1721
1700 896
1700 1874
1701 1226
1701 1661
1701 40
1701 1316
1701 1056
1702 1757
1702 1178
1702 765
1702 1991
1702 770
1702 1481
1702 222
1703 608
1703 187
1703 1799
1703 587
1703 899
1703 293
1703 27
1703 1895
1703 951
1704 692
1704 1407
1704 1624
1708 1280
1708 1406
1708 1493
1708 1984
1708 452
1708 543
1708 1486
1710 1226
1710 1783
1710 1406
1710 768
1711 1597
1711 407
1711 1858
1711 1839
1713 538
1713 953
1713 890
1713 961
1713 1385
1713 1346
1714 236
1714 688
1714 981
1714 276
1715 766
1715 186
1715 644
1715 842
1715 283
1715 1034
1715 280
1715 1775
1715 708
1715 1303
1716 1585
1716 1029
1716 1178
1716 849
1717 1622
1717 973
1717 1059
1718 1762
1718 355
1718 894
1718 467
1718 25
1718 1021
1718 1576
1719 1368
1719 153
1719 254
1719 94
1719 280
1719 777
1719 1781
1719 135
1719 1188
1720 379
1720 1010
1720 368
1720 580
1720 1456
1720 232
1721 29
1721 239
1721 1692
1721 1330
1721 439
1722 102
1722 984
1722 1835
1722 1182
1722 556
1722 1919
1722 1154
1722 1545
1723 1514
1723 5
1723 229
1723 1800
1723 951
1723 646
1723 1574
1723 296
1723 945
1723 413
1724 1748
1724 808
1724 1851
1724 906
1724 1125
1724 977
1725 129
1725 261
1725 692
1725 1555
1725 1339
1725 1055
1725 204
1726 648
1726 1902
1726 1951
1726 879
1728 744
1728 982
1728 962
1728 1671
1728 578
1728 704
1728 821
1728 669
1728 60
1728 465
1728 352
1729 1023
1729 1880
1729 1026
1729 868
1729 315
1729 734
1731 469
1731 588
1731 1420
1733 1686
1733 1681
1733 1230
1733 58
1733 762
1733 890
1733 104
1734 1087
1734 425
1734 430
1734 1261
1735 87
1735 1133
1735 1938
1735 449
1735 299
1735 773
1735 1879
1736 1809
1736 1779
1736 1219
1736 453
1736 1875
1736 1728
1736 1731
1736 723
1738 1653
1738 1975
1738 589
1739 1721
1739 835
1739 1077
1739 392
1739 1194
1740 188
1740 45
1740 23
1740 587
1741 895
1741 504
1741 724
1741 782
1745 618
1745 1405
1745 1858
1745 1365
1745 1681
1745 1889
1745 650
1746 1415
1746 1163
1746 1183
1746 1719
1746 867
1746 405
1746 1488
1746 982
1746 1347
1747 979
1747 1959
1747 427
1747 416
1747 266
1747 780
1748 511
1748 707
1748 631
1748 1838
1748 754
1749 580
1749 83
1749 11
1749 312
1750 1953
1750 749
1750 1595
1751 501
1751 1326
1751 718
1751 1073
1751 1734
1752 496
1752 1546
1752 1239
1752 808
1752 963
1755 27
1755 1747
1755 1025
1755 88
1755 902
1755 1575
1755 1088
1757 1661
1757 802
1757 271
1757 1388
1757 218
1757 1996
1759 1690
1759 406
1759 1085
1759 408
1759 1241
1759 447
1762 1157
1762 1577
1762 363
1762 1105
1762 1482
1762 405
1763 1456
1763 70
1763 1698
1763 287
1763 121
1766 1034
1766 564
1766 8
1766 1405
1766 294
1766 1252
1766 876
1767 857
1767 1863
1767 865
1767 1347
1767 1491
1768 1606
1768 1840
1768 1543
1768 610
1768 126
1768 1187
1768 1088
1768 1966
1770 852
1770 978
1770 1153
1770 1843
1770 722
1770 1168
1770 1123
1770 887
1770 529
1770 1802
1770 1337
1770 854
1770 1806
1770 1135
1771 204
1771 1963
1771 1010
1771 1815
1771 175
1771 1034
1771 239
1771 960
1771 1299
1772 1685
1772 637
1772 590
1772 495
1772 941
1772 557
1772 742
1772 1690
1772 1759
1774 1923
1774 1062
1774 864
1774 854
1774 1782
1774 1092
1775 106
1775 328
1775 1055
1775 824
1775 315
1775 1770
1775 515
1775 1643
1775 809
1777 1279
1777 438
1777 1452
1777 38
1777 656
1777 1511
1778 1145
1778 653
1778 1992
1779 935
1779 1546
1779 1415
1779 583
1779 1066
1779 1574
1780 780
1780 761
1780 923
1780 864
1780 1830
1780 442
1781 1482
1781 663
1781 305
1781 1187
1781 1640
1782 492
1782 1072
1782 77
1782 1104
1782 1443
1782 1389
1782 1456
1783 514
1783 1090
1783 580
1783 1270
1783 1179
1783 1555
1786 1725
1786 1339
1786 1961
1786 85
1787 1349
1787 1098
1787 1889
1787 1805
1788 68
1788 898
1788 1333
1789 1778
1789 750
1790 485
1790 361
1790 1648
1790 49
1790 477
1790 529
1790 813
1790 1440
1790 1900
1791 1909
1791 1521
1791 735
1791 803
1791 1016
1791 358
1791 526
1791 1781
1791 882
1793 1265
1793 710
1793 1009
1793 1153
1793 1826
1793 786
1793 1704
1793 1781
1794 852
1794 1132
1794 956
1794 1561
1794 1698
1794 1843
1795 917
1795 1037
1795 1519
1795 1847
1795 545
1796 292
1796 1251
1796 679
1799 1741
1799 1131
1799 796
1799 1266
1799 1352
1799 117
1799 1900
1800 513
1800 83
1800 1593
1800 1565
1801 5
1801 97
1801 1588
1801 437
1801 1044
1801 715
1802 1207
1802 1092
1802 925
1802 481
1803 356
1803 104
1803 744
1803 200
1803 46
1803 15
1804 35
1804 41
1804 1334
1804 159
1804 1747
1804 379
1804 279
1805 429
1805 324
1805 1335
1805 1457
1805 1921
1805 648
1805 303
1806 1830
1806 1503
1806 1132
1806 1668
1806 1401
1806 1517
1806 1324
1807 354
1807 1656
1807 1209
1807 1136
1809 891
1809 870
1809 84
1809 1207
1809 1655
1810 1601
1810 75
1810 423
1810 1296
1811 813
1811 1203
1811 1463
1811 1000
1811 1092
1813 791
1813 1268
1813 1005
1814 1999
1814 1850
1814 1032
1814 1332
1814 654
1814 1569
1814 1043
1814 866
1814 1308
1814 829
1815 612
1815 1828
1815 421
1815 1293
1816 485
1816 1595
1816 1283
1817 719
1817 553
1817 742
1817 1252
1817 641
1817 1038
1818 1105
1818 1829
1818 1787
1818 374
1821 297
1821 501
1821 724
1821 1552
1821 864
1821 811
1821 507
1822 283
1822 536
1822 1045
1822 984
1822 411
1822 1447
1823 1689
1823 3
1823 313
1823 902
1823 1319
1823 1788
1823 1858
1825 1617
1825 475
1825 76
1825 1095
1825 842
1825 1537
1825 608
1826 1975
1826 1919
1826 1454
1826 238
1828 1211
1828 960
1828 761
1828 1897
1828 1621
1829 1984
1829 1283
1829 115
1829 1667
1829 1028
1829 1391
1829 187
1829 1865
1830 35
1830 73
1830 910
1830 485
1830 1108
1830 1519
1830 318
1830 1822
1830 409
1830 1208
1830 1020
1832 299
1832 172
1832 1490
1832 590
1832 927
1832 641
1834 239
1834 790
1834 1420
1834 1846
1834 1080
1835 1708
1835 1235
1835 469
1835 1228
1836 674
1836 1580
1836 1039
1836 816
1836 1114
1836 625
1836 1147
1836 1686
1836 675
1836 1163
1836 1476
1837 294
1837 955
1837 8
1837 208
1838 1491
1838 1047
1838 1008
1838 1675
1838 1860
1839 1826
1839 1116
1839 1818
1839 102
1839 342
1839 861
1839 1972
1839 329
1839 950
1839 1180
1839 1243
1839 999
1839 1280
1839 673
1839 1686
1839 413
1840 153
1840 1648
1840 1617
1840 202
1840 1003
1841 1990
1841 1453
1841 1009
1841 1307
1841 41
1841 101
1841 392
1842 999
1842 1897
1842 570
1842 1003
1842 1517
1842 1084
1842 466
1842 736
1843 1213
1843 1436
1843 282
1843 464
1843 576
1843 1805
1844 1356
1844 445
1844 1869
1844 1767
1844 1339
1845 1558
1845 459
1846 1982
1846 597
1847 719
1847 1413
1847 1414
1848 968
1848 782
1848 1201
1848 1830
1848 392
1848 21
1848 1539
1849 1136
1849 1575
1849 568
1849 783
1850 131
1850 612
1850 73
1850 1103
1850 1092
1851 400
1851 637
1851 1835
1851 598
1851 1291
1851 579
1851 1415
1852 505
1852 61
1852 1604
1852 437
1852 1543
1852 1533
1852 1037
1853 793
1853 1801
1853 1745
1853 667
1853 1841
1853 1815
1853 827
1854 1356
1854 511
1854 412
1854 1608
1854 1438
1854 409
1854 1558
1854 834
1854 168
1854 332
1854 1299
1856 678
1856 235
1856 1617
1856 1334
1856 1681
1856 1849
1856 1981
1856 311
1858 1169
1858 1234
1858 541
1858 614
1858 1355
1858 1578
1858 1837
1858 123
1858 1573
1860 1083
1860 1027
1860 1621
1860 1213
1860 467
1861 1280
1861 149
1861 1038
1861 1933
1861 545
1863 600
1863 713
1863 1981
1863 1962
1863 30
1863 977
1863 1647
1863 323
1863 1842
1863 1077
1864 1427
1864 416
1864 1429
1864 1215
1864 153
1864 1880
1864 786
1864 999
1864 559
1865 1552
1865 633
1865 1264
1865 711
1865 1930
1865 1040
1865 1362
1865 134
1865 1801
1865 1319
1865 1550
1865 218
1865 1545
1869 211
1869 423
1869 567
1869 29
1869 451
1869 221
1869 696
1871 429
1871 750
1871 315
1871 404
1871 635
1871 1390
1871 177
1872 1103
1872 1691
1872 1243
1872 1605
1872 1593
1872 416
1872 1438
1872 1891
1873 344
1873 70
1873 1994
1873 1688
1873 76
1874 1266
1874 1762
1874 1520
1874 1308
1875 1576
1875 339
1876 1794
1876 1152
1876 691
1876 1491
1876 1906
1878 950
1878 1363
1878 691
1878 1504
1878 1793
1878 1463
1879 1200
1879 188
1879 1788
1879 1392
1879 857
1879 919
1879 1524
1879 110
1879 310
1879 1987
1879 1070
1879 1729
1879 1775
1879 240
1879 404
1880 185
1880 1165
1880 530
1880 1398
1880 885
1881 708
1881 1664
1881 1251
1881 691
1881 187
1881 871
1881 981
1881 1724
1882 770
1882 1910
1882 1088
1882 392
1882 361
1882 162
1882 409
1882 1996
1882 1891
1882 643
1882 732
1886 1561
1886 729
1886 1184
1886 1839
1886 1471
1886 1293
1886 1691
1886 7
1887 34
1887 11
1887 1161
1887 937
1887 914
1887 395
1887 977
1887 1786
1887 1752
1889 996
1889 1425
1889 1018
1889 1325
1890 718
1890 1052
1890 1728
1890 1150
1890 646
1890 202
1890 1702
1890 1270
1890 1182
1891 790
1891 1704
1891 1190
1891 744
1891 1266
1891 852
1892 1480
1892 1766
1892 1963
1892 1486
1893 1930
1893 254
1893 534
1893 703
1893 17
1893 844
1893 1332
1895 1591
1895 1843
1895 1244
1896 1956
1896 241
1896 385
1896 11
1896 1566
1896 231
1896 1890
1896 1211
1897 1554
1897 1686
1897 894
1897 265
1897 749
1897 1008
1899 1697
1899 1726
1899 1291
1899 644
1899 941
1899 1556
1900 1713
1900 293
1900 141
1900 127
1900 671
1900 1450
1900 1011
1900 1539
1902 741
1902 1864
1902 206
1902 706
1902 618
1902 1160
1902 1682
1902 89
1904 615
1904 964
1904 559
1904 571
1904 1244
1904 1632
1904 220
1905 1378
1905 1372
1905 1020
1905 1592
1905 761
1905 1492
1905 1986
1905 594
1906 113
1906 1622
1906 345
1906 629
1906 126
1908 834
1908 1002
1908 1834
1908 668
1908 1768
1908 1280
1908 1852
1909 1138
1909 1821
1909 688
1909 271
1909 1311
1909 1988
1909 1011
1909 518
1910 1624
1910 1340
1910 1455
1910 222
1910 1174
1910 166
1910 689
1910 432
1910 476
1910 180
1910 1576
1910 702
1911 363
1911 554
1911 1003
1911 1261
1911 404
1911 1860
1912 30
1912 876
1912 1497
1915 373
1915 1800
1918 854
1918 1942
1918 391
1918 1438
1918 1162
1919 665
1919 318
1920 1830
1920 1942
1920 89
1920 1960
1920 1324
1920 663
1921 1568
1921 953
1921 1091
1921 1622
1921 590
1921 1098
1923 293
1923 1770
1923 101
1923 1574
1923 1721
1923 218
1923 1783
1923 1023
1924 1241
1924 228
1925 1728
1925 1899
1925 371
1925 879
1925 1497
1925 1056
1925 608
1925 1104
1927 1358
1927 41
1927 1658
1927 932
1927 422
1927 273
1930 806
1930 1229
1930 876
1930 1920
1930 252
1930 762
1930 1247
1931 599
1931 708
1931 1190
1931 95
1931 1027
1932 1004
1932 263
1932 1199
1932 533
1932 953
1932 1563
1932 1910
1933 361
1933 1653
1933 1662
1933 509
1933 1601
1933 1068
1934 1441
1934 265
1934 1283
1934 1316
1934 1217
1934 585
1935 298
1935 1564
1935 853
1935 482
1935 3
1936 271
1936 1142
1936 150
1936 1163
1936 1791
1936 157
1936 17
1938 1770
1938 356
1938 1342
1938 1779
1938 715
1938 269
1938 479
1939 1829
1939 986
1939 297
1939 606
1939 545
1940 1708
1940 1654
1940 1755
1940 412
1941 383
1941 754
1941 1460
1941 720
1942 1124
1942 522
1942 639
1942 668
1942 247
1942 1619
1943 1589
1943 1598
1943 1749
1943 144
1943 1647
1943 986
1943 394
1944 1815
1944 801
1944 884
1944 136
1944 1605
1944 901
1944 1365
1944 222
1946 143
1946 1036
1949 1024
1949 1970
1949 819
1949 1222
1949 1050
1949 1049
1951 1235
1951 388
1952 996
1952 1656
1952 956
1952 273
1952 381
1952 587
1952 1539
1952 957
1952 394
1953 1383
1953 182
1953 682
1953 1775
1953 1882
1955 899
1955 607
1955 1974
1956 1503
1956 663
1956 1938
1956 403
1956 1002
1957 1085
1957 1332
1957 243
1959 1585
1959 1499
1959 1201
1959 1408
1960 762
1960 1279
1960 1802
1960 561
1960 557
1960 655
1961 1248
1961 1622
1961 1646
1961 406
1962 1302
1962 245
1962 1844
1962 403
1962 1795
1962 707
1962 656
1963 1791
1963 253
1963 731
1963 816
1963 1973
1963 258
1963 1851
1963 1762
1963 1511
1964 160
1964 385
1964 1685
1964 372
1964 1252
1964 139
1964 1308
1966 30
1966 681
1966 162
1966 1597
1966 385
1966 1480
1967 442
1967 1504
1967 1136
1967 185
1968 614
1968 1161
1968 910
1968 1982
1968 697
1968 1693
1968 1056
1968 405
1968 823
1968 248
1970 197
1970 1715
1970 1734
1970 47
1970 1568
1970 1875
1970 1444
1972 1724
1972 160
1972 784
1972 1061
1972 1763
1972 694
1972 1750
1972 439
1972 1956
1972 607
1973 1904
1973 1165
1973 1983
1973 1094
1973 966
1973 1110
1973 249
1974 1879
1974 1097
1974 1161
1974 1026
1975 75
1975 981
1975 1604
1975 393
1975 1923
1975 27
1975 1192
1975 249
1975 61
1979 1711
1979 619
1979 854
1979 543
1979 819
1979 1073
1979 409
1980 171
1980 1487
1980 860
1980 518
1980 546
1981 801
1981 1133
1981 115
1982 1863
1982 1420
1982 1691
1982 422
1982 1704
1982 1495
1982 663
1982 1514
1982 526
1983 201
1983 1886
1983 65
1983 1270
1983 143
1983 950
1983 1056
1983 179
1983 452
1984 1635
1984 1487
1984 506
1984 141
1984 843
1984 688
1984 1338
1984 1155
1984 1141
1984 283
1985 1182
1985 202
1985 1702
1985 1593
1985 503
1985 1577
1985 454
1985 1106
1985 635
1986 1801
1986 1180
1986 218
1986 1989
1986 1972
1986 1915
1986 648
1987 1447
1987 1738
1987 1801
1987 1962
1987 960
1987 703
1988 1338
1988 504
1989 127
1989 1896
1989 860
1989 1510
1989 731
1989 1291
1989 1586
1989 183
1990 572
1990 146
1990 1286
1990 777
1990 1406
1991 1471
1991 1869
1991 1979
1991 819
1991 1122
1991 76
1991 442
1991 925
1992 1545
1992 791
1992 1814
1992 425
1992 726
1992 530
1992 1112
1992 299
1994 1983
1994 796
1994 94
1994 631
1994 716
1994 727
1994 161
1995 1219
1995 283
1995 692
1996 1413
1996 910
1996 1138
1996 1763
1996 1092
1996 1499
1997 1919
1997 427
1997 1751
1997 1176
1998 1312
1998 102
1998 852
1998 1405
1998 1710
1999 1270
1999 633
1999 429
1999 865
1999 897
1999 1097
1999 1489
1999 28
1999 1469
1999 1204
