0 1856
0 1291
0 1753
0 1748
0 1904
0 1419
0 774
5 101
5 1666
5 44
5 204
5 564
5 461
6 1886
6 700
6 354
6 77
6 981
6 348
6 7
6 777
6 812
7 524
7 1797
7 195
7 1750
7 1854
8 429
8 1126
8 1123
8 626
8 1624
8 982
9 1826
9 1320
9 1338
9 843
9 938
9 365
9 1301
11 1599
11 969
11 254
11 1281
12 491
12 629
12 267
12 979
12 1350
12 982
12 1858
13 447
13 589
13 322
13 1850
13 897
19 1993
19 1857
19 1110
19 1682
19 494
23 753
23 659
23 1844
23 1845
23 459
24 150
24 1840
24 719
24 890
24 1377
24 185
24 101
24 238
24 1654
24 429
27 1400
27 1069
27 11
27 1856
27 57
27 493
29 951
29 920
29 513
29 696
29 380
29 1018
29 596
29 539
29 968
31 1320
31 968
31 29
31 831
31 375
31 955
31 1401
31 177
31 432
31 348
36 278
36 1496
41 1350
41 55
41 1656
41 429
42 810
42 142
43 1823
43 1931
43 524
43 624
43 180
43 1544
43 1305
43 79
43 1280
43 255
44 455
44 395
44 872
44 792
48 959
48 1819
48 1654
48 729
48 1073
48 304
48 70
49 792
49 875
49 387
49 1649
49 1902
49 664
49 1367
49 581
49 1245
49 1333
49 754
50 1912
50 856
50 49
50 491
50 232
50 1346
52 348
52 436
55 548
55 573
55 926
55 1210
56 1981
56 1205
56 1781
56 1363
56 301
56 348
56 358
57 665
57 1099
57 1296
57 654
57 1641
58 1417
58 1350
58 541
58 806
59 209
59 834
59 954
59 1512
59 1280
59 1651
59 1685
62 1819
62 1960
62 320
62 23
65 1646
65 1289
65 1368
65 250
68 835
68 564
68 1259
68 365
68 261
68 1799
68 699
68 1655
70 1522
70 1071
71 844
71 1186
71 1906
71 1626
71 229
71 82
71 1154
71 960
74 19
74 535
74 492
76 549
76 492
76 1583
76 351
76 930
76 820
76 1037
76 254
77 754
77 678
77 314
79 1519
79 976
81 291
81 1101
81 1343
81 1009
81 801
81 814
81 484
82 474
82 358
82 1210
82 168
82 1800
82 528
83 1872
83 1939
83 1484
83 1011
83 1096
87 1302
87 1693
94 1136
94 128
94 600
94 550
94 930
94 834
94 1936
97 1319
97 1088
97 1303
97 435
97 1192
97 1912
97 119
97 1612
97 1717
99 1057
99 850
99 1114
99 963
99 1350
101 1096
101 1228
101 856
101 272
103 678
103 106
103 1171
103 461
103 1906
103 474
103 1057
103 908
104 1656
104 1565
105 1551
105 390
105 1992
105 395
105 611
105 667
105 845
105 1710
106 1502
106 820
106 303
106 1078
108 1617
108 949
108 816
108 1887
108 957
108 450
108 1917
112 800
112 121
112 1338
118 588
118 753
118 1845
118 1704
118 161
119 902
119 1319
119 998
119 1142
119 1758
119 56
119 1089
119 1449
119 1704
119 1578
119 97
120 1011
120 1052
120 1497
120 1862
120 327
120 626
121 1671
121 535
121 1097
121 1604
121 1981
122 118
122 909
122 1133
122 955
122 1656
122 1829
122 447
127 1474
127 1099
127 1207
127 1136
127 1112
127 1134
127 601
127 76
128 923
128 688
128 1856
128 574
128 1770
130 1177
130 1226
130 1302
130 1253
130 510
130 1208
131 451
131 1298
131 1723
131 1909
131 1080
133 1683
133 411
133 358
133 1701
134 1481
134 1006
134 667
134 708
134 916
134 1766
134 1150
135 1371
135 1434
135 158
135 648
135 1259
137 686
137 525
137 1844
137 1298
137 902
137 1739
141 1002
141 1148
141 462
141 1724
141 171
142 198
142 719
142 931
142 202
142 277
142 1313
144 758
144 222
144 319
144 310
144 1101
145 895
145 1425
145 939
145 947
145 1088
146 551
146 1343
146 503
146 1539
147 1826
147 162
147 353
147 842
147 976
147 606
147 1274
147 1524
148 624
148 900
148 210
148 262
148 581
148 1183
148 973
148 469
148 258
150 1850
150 1709
150 1204
150 1583
150 441
150 862
156 689
156 1950
158 171
158 1481
158 1643
158 137
158 943
159 355
159 513
159 911
159 1998
159 1379
159 240
159 847
159 895
159 24
159 1750
159 82
159 930
161 354
161 48
161 133
161 957
162 1686
162 1310
162 1127
162 902
162 1506
162 452
162 1905
162 701
162 900
162 1913
165 55
165 451
165 41
165 665
165 238
165 1246
165 310
165 161
167 1799
167 1565
167 1960
167 180
167 1415
167 209
168 1662
168 1220
168 11
168 8
169 1755
169 1913
169 1582
169 171
169 974
169 1246
169 494
170 304
170 1573
170 1069
170 43
170 1702
170 578
171 1655
171 1301
171 1426
171 754
171 470
172 1352
172 147
172 1223
172 1522
177 1555
177 1806
177 1728
177 1302
177 1873
179 1039
179 534
179 599
179 1966
179 1872
180 371
180 878
180 623
180 1816
180 247
180 552
182 99
182 1682
182 1165
182 633
182 1483
182 1458
184 192
184 1474
184 979
184 806
184 980
184 1963
184 1329
185 670
185 1469
185 1400
185 1403
185 835
186 1264
186 969
186 1701
186 754
186 1686
191 501
191 1505
191 484
191 1307
191 588
191 568
192 1792
192 29
192 1736
193 458
193 970
194 313
194 1863
194 150
194 1907
194 577
194 1198
194 391
194 1840
194 1844
195 1233
195 1446
195 1109
195 1303
195 847
195 133
195 217
196 641
196 599
198 1548
198 1194
198 980
198 1317
198 1276
202 279
202 573
202 1790
202 998
202 629
203 1891
203 1724
203 979
203 1287
203 1049
203 1176
204 99
204 122
204 12
204 649
204 1245
205 1112
205 675
205 1766
205 534
205 79
205 1230
206 1565
206 1360
206 1649
206 1252
206 1176
206 477
209 608
209 785
210 1936
210 1346
210 1653
210 704
210 410
210 290
211 484
211 619
211 49
211 743
211 372
211 1048
211 1931
211 1431
211 659
211 1194
214 1881
214 1422
214 41
214 488
214 1494
214 1135
217 1901
217 1508
217 193
217 1522
217 861
222 1059
222 667
222 112
222 503
222 1701
222 956
222 57
226 7
226 1590
229 847
229 1303
229 485
229 550
229 1497
229 769
232 1503
232 641
233 172
233 1390
233 895
234 1761
234 1636
234 1808
237 283
237 1385
237 279
237 193
237 750
238 1496
238 70
238 572
238 886
238 104
240 753
240 510
240 318
240 1231
240 1654
242 902
242 656
242 1988
242 1617
242 633
242 1294
242 1912
244 1151
244 469
244 1400
244 794
244 1073
245 1641
245 971
245 564
245 392
245 195
245 328
245 1142
247 615
247 946
247 71
248 600
248 1473
248 1210
248 1307
250 604
250 1770
250 1324
250 603
250 551
250 1651
250 237
250 633
253 1974
253 985
253 1277
253 1793
254 273
254 1979
254 819
255 74
255 355
255 42
255 530
255 122
255 1305
257 491
257 678
257 1495
257 279
257 1655
257 1854
257 1960
257 13
257 1304
257 1584
257 305
258 1942
258 1584
258 796
258 490
258 1825
258 277
258 404
258 1084
258 682
258 156
258 311
259 1842
259 346
259 1478
259 1148
259 1377
259 887
259 1840
260 1608
260 640
261 1493
261 290
261 1840
261 1932
261 1867
261 1633
262 719
262 410
262 194
262 969
264 192
264 1442
264 1730
264 685
266 447
266 1031
266 1738
266 840
267 237
267 1425
267 1280
267 1939
267 1856
267 774
267 1872
270 177
270 409
270 943
270 1526
270 384
270 1129
271 1657
271 470
271 1761
272 898
272 622
272 1475
272 1779
273 1246
273 1352
273 1238
273 1768
273 1573
274 1657
274 1430
274 1335
274 1417
274 625
276 112
276 1716
276 907
276 1988
276 1022
277 1772
277 1151
277 324
277 1495
277 1856
277 1087
277 322
277 496
277 621
278 1135
278 1343
278 1478
278 1211
278 1022
279 1319
279 1779
279 1489
279 1992
281 1194
281 743
281 1642
281 1573
283 1478
283 452
283 388
283 1052
283 77
283 210
283 222
283 205
284 1955
284 1163
288 1150
288 866
288 685
288 1324
288 791
288 908
288 405
288 1858
290 6
290 1503
290 1096
290 128
290 1656
290 127
291 955
291 1503
293 1639
293 1165
293 1053
293 1571
293 1762
293 624
293 1134
297 1798
297 1092
297 682
297 1622
297 885
297 49
297 490
301 1280
301 742
301 1495
301 896
301 819
301 814
301 931
301 1288
301 355
303 735
303 1671
303 886
303 1206
303 272
304 7
304 919
304 1931
304 1806
304 861
304 147
304 306
304 816
304 297
304 670
305 718
305 1366
305 1196
305 1198
305 1901
305 193
305 1954
306 1496
306 87
306 640
306 1157
307 1541
307 969
307 358
308 134
308 141
308 217
308 424
308 631
308 1025
310 792
310 432
310 689
310 943
310 609
310 1303
311 1320
311 1988
311 866
312 1787
312 1299
312 41
312 274
312 814
313 1833
313 1863
313 577
314 1097
314 58
314 222
314 1685
314 815
314 1829
315 574
315 524
318 657
318 921
318 985
318 131
318 193
318 1612
318 101
318 392
319 194
319 1442
319 1377
319 799
319 9
319 1626
320 588
320 575
320 1905
320 1114
320 1960
320 796
320 278
322 441
322 19
322 1811
322 1867
322 921
324 1006
324 99
324 756
324 6
325 1636
325 1580
325 1363
325 469
325 130
325 170
325 112
325 171
325 547
327 395
327 1912
327 147
327 496
328 7
328 1257
328 346
328 1223
328 233
328 971
328 769
328 1904
335 1105
335 1637
335 1657
335 862
335 880
337 1329
337 1670
337 615
343 31
343 1653
343 457
343 77
343 337
343 811
345 128
345 1294
345 322
346 1383
346 1405
346 1217
346 1453
346 1682
346 1906
346 1223
346 933
346 1642
346 106
346 343
348 1031
348 798
349 1685
349 171
349 571
349 902
349 1302
349 27
351 1683
351 1246
351 68
351 532
351 497
351 968
351 57
352 491
352 1717
352 678
352 878
353 1604
353 378
353 546
353 1135
353 986
353 270
354 622
354 1135
354 1368
354 1001
354 1489
354 931
354 585
354 1997
355 1114
355 1798
355 1134
355 1837
355 1907
357 59
357 1580
357 1471
357 1685
358 981
358 937
358 253
358 203
358 1819
358 919
358 918
361 375
361 198
361 1739
361 939
361 1007
364 708
364 1123
364 1409
365 1420
365 1166
365 1784
365 827
365 1123
365 1483
369 354
369 1900
369 998
369 862
369 1927
370 494
370 850
370 1641
370 477
371 835
371 364
371 1015
371 1168
371 810
372 375
372 1460
372 248
372 539
375 676
375 13
375 1230
375 886
378 1697
378 1134
378 862
378 304
378 371
378 1451
378 1858
380 708
380 196
380 1677
384 898
384 1119
384 911
384 1630
387 1745
387 1723
387 455
387 305
387 210
387 388
388 1881
388 1873
388 306
390 1460
390 1696
390 1842
391 1565
391 600
391 9
391 1995
391 927
391 535
392 1666
392 112
392 609
392 1540
392 1608
392 31
392 1302
392 1390
392 963
393 1039
393 1224
393 1176
393 358
393 313
393 1840
393 284
393 1845
393 170
393 480
394 1058
394 754
394 524
394 1053
394 1891
394 1296
394 671
394 1907
395 1813
395 963
395 1448
395 1420
395 1107
396 1199
396 1309
396 541
400 483
400 369
400 320
400 443
400 1252
400 1093
402 424
402 491
402 297
404 1112
404 194
404 441
404 935
404 674
405 549
405 1189
405 1998
405 869
406 168
406 1631
406 1455
406 1073
409 1811
409 881
409 281
410 424
410 1015
410 1478
410 1522
410 1404
410 512
411 619
411 1346
411 572
411 288
411 1031
418 1211
418 930
418 1891
418 217
418 1859
424 1442
424 660
424 1303
424 1563
424 1321
424 845
424 1383
424 237
426 1387
426 902
426 1905
426 1637
426 801
426 883
426 297
429 1497
429 82
429 211
429 1301
429 813
432 343
432 1460
432 1255
432 1119
435 1189
435 816
435 23
435 1688
435 396
436 718
436 1349
436 631
436 1800
436 1590
436 1891
436 470
436 1163
436 1095
436 447
441 233
441 818
441 1764
441 1997
441 1409
441 656
441 1189
441 77
443 1631
443 1133
443 1539
443 396
447 209
447 349
447 426
447 549
447 435
448 1133
448 1346
448 1074
448 753
448 1136
450 1298
450 1391
450 195
451 798
451 1313
451 1233
452 388
452 1495
452 974
452 1579
452 1886
452 791
452 426
452 1221
454 675
454 1573
454 400
454 621
454 582
455 548
455 1175
455 1460
455 657
455 1057
455 1963
455 337
457 1173
457 307
457 1637
457 1140
458 461
458 1709
458 623
458 450
458 352
458 303
459 1826
459 470
459 1648
459 726
459 896
459 1670
461 1053
461 104
462 165
462 1696
462 726
462 1189
462 872
462 1058
462 1402
462 1260
467 1579
467 1505
467 535
467 1368
467 19
467 498
467 1383
467 1422
467 573
467 622
469 182
469 1269
470 534
470 1224
470 171
470 1183
470 1009
470 819
470 1573
471 240
471 1196
471 1640
471 1310
474 1225
474 71
474 980
474 1555
474 257
474 664
474 1819
477 1037
477 65
477 459
480 291
480 1739
480 1953
480 1756
480 800
483 1750
483 454
483 1216
483 1967
483 1034
483 629
484 191
484 1154
485 1659
485 667
488 1047
488 492
488 1655
488 1494
488 931
488 1450
488 1110
488 346
490 390
490 918
490 470
490 337
490 1305
491 1863
491 395
491 1577
491 1059
492 831
492 137
492 1220
492 24
492 1942
492 902
493 971
493 1875
493 1512
493 128
493 1657
493 1307
493 1548
496 1913
497 1547
497 1009
497 1967
498 1636
498 1709
498 1053
498 1321
498 1011
498 1710
500 1758
500 674
500 1168
500 625
500 1047
501 276
501 141
501 785
501 845
501 144
501 553
501 372
501 1002
502 550
502 1420
502 391
502 1210
502 1730
503 447
503 1434
503 396
503 1623
503 955
503 950
503 1641
503 1087
509 1334
509 538
509 535
509 804
509 1653
509 1215
510 1873
510 137
510 1967
510 1738
510 1749
510 501
510 971
510 304
511 1838
511 322
512 708
512 1102
512 1291
513 541
513 1486
513 589
524 573
524 76
524 1764
524 1133
524 1563
525 490
525 1385
525 897
525 454
525 1905
525 276
528 171
528 1731
528 371
528 394
528 1505
530 814
530 41
532 250
532 1264
532 1799
532 1833
533 210
533 1110
533 1189
533 643
533 856
534 564
534 1798
534 973
534 191
534 1704
534 1788
534 1953
534 1105
535 875
535 394
535 79
535 607
535 857
535 1781
535 885
535 513
535 196
535 290
536 533
536 1496
536 534
536 1192
536 1109
536 1186
538 202
538 1199
538 568
538 11
538 1905
540 168
540 1175
540 411
540 1226
541 1731
541 43
541 1475
541 1539
541 900
541 1966
541 980
546 1438
547 557
547 1086
547 1178
547 493
547 1927
547 551
547 270
547 698
547 671
548 1140
548 1299
548 1171
548 629
548 509
548 370
548 274
549 185
549 237
549 451
549 1199
549 1629
549 202
550 1495
550 1753
550 1601
550 1210
550 247
550 553
550 840
550 756
551 1594
551 626
551 864
551 1087
552 1126
552 1908
552 1283
552 1738
552 388
553 1601
553 931
557 524
557 172
557 774
557 1748
557 1957
557 1474
560 217
560 247
560 670
560 1783
560 55
560 1791
560 1221
560 792
560 957
560 896
560 1816
564 290
564 273
564 708
568 585
568 112
568 696
568 761
568 1998
570 869
570 1259
570 253
570 1420
570 388
570 1647
570 820
570 633
570 24
571 1640
571 1048
571 986
571 1069
571 681
571 813
571 1319
572 1764
572 1806
572 1096
572 1702
572 1630
572 1337
572 1051
572 1451
572 1524
572 1533
573 954
573 372
573 411
574 271
574 1446
574 1151
574 426
574 734
574 1383
574 1578
574 659
574 1266
575 1453
575 1872
575 1701
575 1954
575 1731
575 1367
577 1539
577 1992
577 704
577 497
577 42
578 1434
578 322
578 1205
578 648
581 205
581 371
581 1475
581 202
581 179
581 1461
581 611
581 210
581 1426
582 926
582 392
582 867
582 729
582 455
582 1177
585 792
585 1109
585 1955
585 1134
585 273
585 457
585 549
586 1998
586 1818
586 1110
586 1276
586 664
586 857
588 1220
588 354
588 681
588 1342
588 1231
588 410
588 1379
588 713
589 842
589 862
589 930
589 979
589 624
589 963
589 1651
589 1309
596 1779
596 1000
596 1750
596 1442
596 1006
596 1391
596 844
599 651
599 233
599 1617
599 1955
599 1930
599 1549
599 99
600 27
600 1034
600 1833
600 1288
600 1090
601 1206
601 103
601 1093
601 1288
601 1728
601 1467
601 293
602 335
602 388
602 1346
602 938
602 1297
602 1804
602 861
603 497
603 1053
603 1008
603 1688
603 552
603 324
603 582
603 19
603 1902
603 886
604 719
604 1719
604 585
604 501
604 916
604 1228
606 524
606 365
606 210
606 737
606 393
606 1629
606 827
606 1668
606 1653
607 1289
607 536
607 167
607 1761
607 354
607 1451
607 539
607 1018
607 1015
607 1071
607 1495
607 864
608 678
608 361
608 804
608 1120
609 998
609 273
609 318
609 806
610 1302
610 418
610 454
610 985
610 306
611 1071
611 834
615 254
615 578
615 933
615 1494
615 1936
615 71
615 371
619 1683
619 57
619 351
619 931
619 1787
619 1717
619 798
619 1788
621 918
621 1257
621 1854
621 318
621 1409
622 314
622 1953
622 137
622 238
622 959
622 869
623 1090
623 1197
623 104
623 313
624 1565
624 179
624 1031
624 1110
624 170
624 1526
625 1891
625 549
625 1956
625 232
625 1798
625 856
626 1254
626 1277
626 971
626 1503
626 857
626 1478
628 1798
628 353
629 1998
629 536
629 1668
629 369
631 1453
631 1266
631 1260
631 1204
631 761
633 601
633 1686
633 1154
633 1277
633 564
633 970
639 1417
639 1473
639 1346
639 121
639 1573
639 1626
639 1856
639 158
639 388
640 1296
640 1506
640 1142
640 936
640 1799
640 553
640 1087
641 1886
641 1791
641 998
641 1404
642 1409
642 957
642 676
642 71
643 142
643 254
643 788
643 150
643 388
644 1419
644 1086
644 310
648 12
648 56
648 9
648 681
648 1205
649 911
649 553
649 325
651 1000
651 670
651 203
651 861
654 1253
656 1199
656 1001
656 1749
656 462
656 156
656 1904
656 1754
657 685
657 868
657 1335
657 1859
657 1909
657 791
657 1267
657 1719
659 921
659 206
659 820
659 621
660 1820
660 242
660 1960
660 1716
660 1051
660 484
660 1011
660 1018
660 426
664 1826
664 611
664 248
664 1301
664 1327
665 435
665 812
665 1224
665 847
665 1799
667 920
667 1120
667 1811
667 1489
667 547
667 1599
667 1001
670 1136
670 459
670 493
670 1458
670 1642
671 947
674 796
674 700
674 1037
674 1724
675 1107
675 1431
675 1001
675 1930
676 976
676 158
676 369
676 1688
676 233
676 611
676 353
678 1858
678 1844
678 806
678 424
680 1582
680 1939
680 769
680 601
680 1604
681 1166
681 1288
681 1226
681 24
681 1224
681 1000
682 1206
682 1343
682 1693
682 1296
682 167
682 1289
682 921
685 1995
685 1475
685 981
685 603
685 1333
685 1752
685 980
685 640
686 1663
686 1633
686 196
688 1584
688 1415
688 528
688 1766
688 1745
688 1015
689 656
689 675
689 1701
689 1869
689 211
689 315
691 954
691 1863
691 1539
691 788
691 737
691 1869
693 70
693 743
693 1799
693 701
696 510
696 27
696 345
696 477
698 97
698 548
698 426
698 1446
698 1402
699 459
699 788
699 890
699 742
699 1728
699 1755
699 1367
699 1442
700 729
700 1224
700 775
700 631
700 1752
700 1446
700 623
701 259
701 406
701 1017
701 1317
701 1671
701 1629
703 1791
703 1496
703 704
703 1578
703 1505
704 1641
704 976
704 1175
704 106
704 105
708 969
708 1555
708 1751
708 1176
708 981
711 1547
711 1548
711 624
711 467
711 1383
713 553
713 184
713 70
713 1367
713 1791
713 548
717 1319
717 182
717 550
717 170
717 1974
718 262
718 1294
718 1954
718 1287
718 1471
718 881
719 1114
719 1096
719 1547
719 1683
719 1967
719 1655
719 810
720 1762
720 1781
720 1178
720 127
720 206
720 1003
720 819
720 247
720 1093
726 1647
726 1497
726 704
726 1589
726 1020
729 1848
729 1481
729 1444
729 682
729 1387
729 735
734 36
734 896
734 203
735 890
735 1307
735 144
735 418
735 796
735 1298
735 1850
735 1387
735 1845
737 599
737 524
737 918
737 1808
738 1299
738 393
738 83
738 1420
738 1003
738 753
742 1287
742 1334
742 171
742 237
742 81
742 1697
742 1157
743 1863
743 1165
743 467
743 1157
743 156
749 844
749 1450
749 1656
750 1736
750 868
750 320
750 375
750 62
750 674
750 380
750 827
750 1629
750 939
750 1337
753 52
753 1321
753 41
753 557
753 1697
753 6
754 145
754 357
754 883
754 1091
754 1058
754 847
754 840
756 258
756 405
756 259
756 244
758 485
758 1329
758 1350
761 1148
769 548
769 1529
769 1205
769 1905
769 582
769 1074
769 1896
769 814
769 959
774 1350
774 202
774 659
774 311
774 1450
775 388
775 1763
775 1478
775 847
775 1942
775 448
775 950
777 1631
777 271
777 896
777 1250
777 1367
777 931
777 1960
777 177
777 1624
780 337
780 1901
780 1813
780 297
780 204
785 1641
785 801
785 357
785 142
785 1255
785 1582
785 981
785 346
788 896
788 193
788 1455
788 570
788 1250
788 1377
788 1762
788 1622
791 310
791 101
791 1305
791 402
791 1269
791 261
791 534
792 1451
792 546
792 1264
792 1819
792 1696
792 1009
792 1112
792 1723
792 1528
794 1250
794 589
794 834
794 596
796 1233
796 49
796 678
796 429
796 682
798 720
798 497
798 1260
798 938
798 1651
798 1700
798 880
798 1299
798 1685
798 1750
798 247
798 1194
798 1334
798 664
798 1409
799 1233
799 1988
799 968
799 1296
800 1791
800 1493
800 146
800 354
800 477
800 1571
801 944
801 881
801 101
804 1176
804 1659
804 1907
804 1629
804 1173
804 349
804 1188
806 685
806 1166
806 1089
806 665
806 951
806 1642
806 1431
806 1512
810 409
810 1173
810 426
810 1821
810 118
810 1630
810 944
810 9
811 1059
811 1700
811 44
811 1211
811 887
811 799
811 1488
812 198
812 957
812 897
812 552
812 1926
812 1837
812 939
813 660
813 485
813 798
813 404
813 604
813 50
813 1224
813 1288
814 1342
814 159
814 928
814 119
814 471
814 1047
814 1886
814 651
815 1654
815 1565
815 485
815 1481
815 1168
815 577
816 685
816 623
816 226
816 179
816 670
816 799
816 1246
816 729
817 1176
817 1296
817 171
817 560
817 1974
817 700
817 955
817 1110
817 708
818 1163
818 1140
818 1327
818 71
818 550
818 1402
819 1657
819 1335
819 1320
819 266
819 1986
819 1926
819 1761
819 1245
819 1006
819 1820
820 534
820 1901
820 1453
820 179
820 1628
820 1639
820 477
824 1792
824 1444
824 23
824 1630
824 1087
824 686
824 337
824 631
827 248
827 1745
827 959
827 150
827 1171
831 895
831 549
831 1685
831 1908
831 384
831 1337
831 180
831 1728
831 1797
831 135
831 1645
831 1119
834 214
834 1898
834 973
834 370
834 1204
834 1633
835 411
835 1900
835 1164
835 1401
835 233
835 883
838 42
838 1000
838 1018
838 1484
840 493
840 171
840 959
840 274
840 1059
842 761
842 50
842 1186
842 546
843 596
843 933
843 229
843 880
844 540
845 1599
845 903
845 1150
845 1097
847 1220
847 602
848 1250
848 1896
848 1168
850 1784
850 77
856 986
856 1957
856 1729
856 756
856 226
857 1346
857 986
857 1829
857 818
857 1749
857 1198
857 1307
857 79
861 1221
861 1018
861 813
861 704
861 769
861 856
861 1798
861 1939
862 811
862 1012
862 528
862 753
862 103
864 250
864 1799
864 696
864 1998
864 973
864 513
864 1289
866 150
866 1917
866 1783
866 656
866 1390
866 788
867 1171
867 1112
867 1473
868 1294
868 812
868 1612
868 348
868 390
869 957
869 1869
869 708
869 1905
872 168
872 720
872 1346
872 1089
872 574
872 682
875 1583
875 1333
875 1549
875 1469
875 1640
875 281
878 625
878 250
878 348
878 365
878 1303
878 1164
878 585
880 621
880 1383
881 1771
881 1759
881 258
881 1385
881 1274
881 1324
881 274
881 1004
881 264
883 165
883 835
883 1573
883 1729
883 1270
885 738
885 23
885 1704
885 348
885 1164
885 1770
885 501
885 1637
886 956
886 82
886 459
886 11
886 1790
886 1957
887 1000
887 1785
887 1233
887 94
887 509
887 1431
887 596
890 1274
890 49
890 1059
890 112
890 1047
890 742
895 933
895 1450
895 572
895 9
895 159
895 1245
896 1630
896 607
896 1165
896 1140
896 1905
897 1467
897 864
897 1772
897 657
897 55
898 458
898 1168
898 104
898 1924
898 1431
898 619
898 1086
900 169
900 861
900 1084
900 1059
902 1120
902 391
902 754
902 459
902 1731
902 1197
902 354
903 1505
903 603
903 281
903 260
903 1434
903 259
903 509
907 480
907 1401
907 147
907 1637
907 1165
907 843
907 1141
907 880
907 656
908 119
908 890
908 354
908 1063
909 108
909 1225
909 396
909 29
909 1663
909 944
911 477
911 1123
911 676
911 1424
911 1927
911 1902
916 62
916 378
916 1833
916 1163
918 1736
918 703
918 1599
918 42
918 461
918 1224
918 1666
919 247
919 346
919 24
919 1818
919 343
919 1123
919 1401
920 1321
920 1129
920 1666
920 305
921 1078
921 1824
921 112
921 1148
921 844
922 1368
922 13
922 676
923 1453
923 1589
926 320
926 426
926 1981
926 83
926 106
926 156
926 980
927 844
927 872
927 651
927 1549
927 540
927 1087
927 8
927 1453
927 1488
928 1301
928 1342
928 848
928 1039
928 1288
928 862
928 1752
928 1467
930 314
930 719
930 589
930 1114
930 182
930 490
930 328
931 571
931 1505
931 696
931 484
931 1431
931 1798
931 1792
931 1025
931 1716
931 834
931 1346
933 1551
933 1255
933 943
933 1879
933 1303
935 1857
935 1696
935 1317
935 857
935 625
935 1565
935 838
935 496
936 806
936 1768
936 1643
937 103
937 0
937 245
937 1088
937 1151
937 898
937 1426
937 328
937 1716
937 248
938 1136
938 267
938 681
938 1177
938 1451
938 903
938 1150
939 615
939 1670
939 1671
939 1647
939 364
943 165
943 1120
943 926
944 1622
944 1049
944 1102
946 345
946 390
946 1704
946 305
947 887
947 1512
947 1194
949 769
949 1063
949 1360
949 1850
949 1297
950 1636
950 36
950 1250
951 310
951 1198
951 305
951 245
951 641
951 1123
951 165
951 327
954 1896
954 261
954 1349
954 1629
954 946
954 1475
954 1573
954 462
955 726
955 867
955 1175
955 355
955 1950
956 667
956 12
956 378
956 459
956 1902
956 1751
957 785
957 1092
957 1496
957 31
957 145
957 36
957 609
959 1472
959 1458
959 1287
959 1642
960 1886
960 1488
960 1243
960 1837
960 1401
963 393
963 1541
963 1612
963 13
963 343
963 1370
963 1850
963 375
968 818
968 87
968 819
968 1196
968 817
969 303
969 470
969 1154
970 409
970 306
970 664
970 0
970 886
970 198
971 883
971 1788
971 1164
971 1649
971 1637
971 1643
971 626
971 1047
971 1343
973 1772
973 1633
973 1955
973 497
973 1173
974 985
974 1481
974 272
976 1533
976 1573
976 1147
979 237
979 532
979 1823
979 1371
979 1430
979 1581
979 1524
979 1709
979 255
979 969
979 1784
979 626
980 491
980 118
980 831
980 375
980 1095
980 775
980 57
981 87
981 1872
981 1269
981 1685
981 1907
981 375
981 7
981 800
982 293
982 664
982 372
982 1799
982 814
982 1114
985 737
985 58
985 1879
985 498
986 674
986 1829
986 642
986 257
986 1298
998 886
998 1548
998 1002
998 1739
998 308
998 1863
998 245
998 1671
998 131
1000 318
1000 916
1000 1653
1000 1818
1000 74
1001 1377
1001 954
1001 1540
1001 524
1001 1197
1002 1165
1002 353
1002 986
1002 1867
1002 1811
1003 260
1003 194
1003 1891
1003 599
1004 1924
1004 1449
1004 1751
1006 104
1006 1183
1006 369
1006 206
1006 1458
1006 880
1006 734
1006 981
1007 955
1007 922
1007 1198
1008 274
1008 272
1008 324
1008 384
1008 735
1008 541
1008 1297
1009 29
1009 1451
1009 1800
1009 1171
1011 6
1011 963
1011 1109
1012 1502
1012 588
1012 392
1012 1003
1012 1631
1012 83
1015 1902
1015 130
1015 675
1015 1772
1015 908
1017 626
1017 903
1017 104
1017 308
1017 1779
1018 1505
1018 922
1018 1756
1018 1450
1018 1856
1020 1898
1020 838
1020 866
1020 43
1020 1738
1022 1238
1022 94
1022 162
1022 963
1022 1327
1022 147
1022 1310
1025 1762
1025 1225
1025 177
1025 238
1031 1020
1031 581
1031 1974
1031 1565
1031 528
1031 869
1034 459
1034 135
1037 883
1037 610
1037 1567
1039 946
1039 571
1039 640
1039 1728
1039 179
1039 708
1039 161
1039 656
1047 1791
1047 429
1047 1529
1047 281
1048 525
1048 253
1048 538
1048 1401
1048 277
1049 119
1049 1701
1049 869
1051 819
1051 700
1051 656
1051 1488
1051 1642
1051 811
1052 1034
1052 469
1052 1736
1052 1719
1052 774
1052 242
1052 169
1053 1960
1053 1779
1053 1277
1053 0
1057 1653
1057 931
1057 950
1057 1095
1057 9
1057 886
1057 324
1058 1594
1058 573
1058 1475
1058 1243
1058 1724
1058 1107
1059 954
1059 1417
1059 900
1059 9
1063 1900
1063 12
1063 1057
1063 1252
1063 827
1063 1313
1065 58
1065 1544
1065 1171
1065 1458
1065 365
1065 843
1065 1015
1065 1088
1065 1008
1065 1927
1065 1792
1069 1533
1069 1367
1069 546
1071 1297
1071 1875
1071 214
1071 577
1071 371
1071 1704
1071 1127
1073 1833
1073 756
1073 121
1073 1199
1073 1702
1074 1756
1074 1580
1074 1890
1074 1979
1074 1096
1074 955
1074 1942
1076 1205
1076 1270
1076 761
1076 1771
1076 693
1076 391
1076 1649
1076 441
1076 1426
1077 462
1077 890
1077 1781
1077 1243
1077 1090
1078 1875
1078 1017
1078 704
1080 192
1080 1821
1080 480
1084 1594
1084 1657
1084 79
1084 1745
1084 513
1084 864
1084 454
1086 1192
1086 973
1086 1449
1086 1551
1086 1335
1086 233
1086 1360
1087 1571
1087 1136
1087 185
1087 699
1087 1352
1087 963
1088 1205
1088 490
1088 1183
1089 248
1089 916
1089 1379
1089 950
1089 1313
1089 270
1089 1327
1089 856
1089 1890
1089 1008
1090 780
1090 1666
1090 866
1090 864
1090 654
1090 788
1091 713
1091 145
1091 1663
1091 76
1092 955
1092 511
1093 878
1093 820
1093 1420
1093 921
1093 572
1095 1370
1095 603
1095 1277
1095 1533
1095 1096
1096 1998
1096 1655
1096 122
1096 1260
1097 1173
1097 1800
1097 1484
1097 288
1097 5
1099 1317
1099 734
1099 885
1099 244
1099 1069
1101 77
1101 150
1101 281
1102 44
1102 980
1102 930
1102 1887
1102 48
1102 79
1102 1163
1102 1096
1102 631
1105 532
1105 443
1105 969
1105 1148
1105 1228
1105 1623
1107 319
1107 791
1107 70
1107 861
1107 410
1107 1799
1107 1529
1107 686
1109 1319
1109 1813
1109 240
1109 8
1109 633
1109 1642
1109 320
1109 1211
1109 1819
1110 1091
1112 641
1112 749
1112 179
1112 575
1112 1390
1112 974
1112 1804
1112 1110
1114 1670
1114 214
1119 936
1119 1974
1119 1058
1119 1238
1119 450
1119 1220
1119 1901
1119 957
1119 974
1120 1856
1120 791
1120 1147
1120 907
1120 288
1123 276
1123 974
1123 1753
1123 1255
1123 1401
1123 172
1126 214
1126 796
1126 848
1126 1840
1127 982
1127 497
1127 1863
1127 1645
1129 611
1129 864
1129 890
1129 393
1129 818
1129 512
1129 726
1129 337
1129 811
1133 1307
1133 1502
1134 1646
1134 1350
1134 1110
1135 485
1135 7
1135 352
1135 1842
1135 395
1136 1768
1136 939
1136 1493
1136 1039
1137 1252
1137 1059
1137 1204
1137 1931
1137 1276
1137 226
1137 536
1140 121
1140 1636
1140 843
1140 133
1141 1151
1141 1845
1141 318
1142 1224
1142 885
1142 284
1142 1238
1142 1337
1147 104
1147 1277
1147 404
1147 1310
1147 1697
1148 1198
1148 1073
1148 1319
1148 1829
1148 351
1148 1076
1148 1894
1148 895
1150 351
1150 1253
1150 1756
1150 734
1150 626
1150 191
1150 276
1150 1770
1150 255
1151 973
1151 1995
1151 785
1151 1267
1154 1319
1154 700
1154 713
1157 665
1157 816
1157 933
1157 726
1157 648
1163 1099
1163 568
1163 1685
1163 1221
1163 1904
1163 1020
1163 1302
1164 738
1164 1563
1164 278
1164 193
1165 1629
1165 1000
1165 512
1165 182
1165 959
1165 1783
1165 1966
1165 319
1165 1259
1165 756
1165 346
1165 1349
1166 352
1166 571
1166 982
1166 1671
1166 314
1166 1321
1166 1806
1168 1244
1168 1917
1168 1264
1168 502
1171 1848
1171 1349
1171 1729
1171 982
1171 1460
1171 310
1171 455
1171 288
1171 1936
1173 1964
1175 391
1175 1541
1175 1601
1175 1955
1175 1932
1175 550
1176 1015
1176 1710
1176 1548
1176 81
1176 1215
1177 1297
1177 1150
1177 1845
1177 1025
1177 477
1177 1264
1177 1896
1178 1641
1178 713
1178 1481
1183 1168
1183 1475
1183 274
1183 1787
1183 711
1184 1047
1184 1844
1186 857
1186 314
1186 1092
1186 895
1186 351
1186 675
1186 548
1186 1243
1186 801
1186 1873
1186 264
1188 57
1188 1003
1188 813
1189 986
1189 685
1189 1003
1189 1173
1189 247
1189 9
1189 946
1192 1390
1192 546
1192 1804
1192 696
1192 159
1192 814
1192 862
1192 649
1192 259
1194 194
1194 1845
1194 708
1194 203
1196 883
1196 131
1196 1400
1196 41
1196 834
1196 801
1196 191
1197 1800
1197 1857
1197 83
1197 571
1198 926
1198 297
1198 1840
1198 272
1199 451
1199 1608
1199 1960
1199 319
1199 348
1199 303
1199 1243
1199 1434
1203 794
1203 674
1204 814
1204 675
1204 578
1204 560
1205 866
1205 1623
1205 452
1205 325
1205 685
1205 311
1205 512
1205 886
1206 758
1206 127
1206 1997
1206 259
1206 1277
1206 245
1206 83
1207 861
1207 1974
1208 922
1208 500
1208 1065
1208 455
1208 868
1208 1280
1208 1908
1210 1838
1210 1091
1210 1422
1211 738
1211 411
1211 191
1215 1119
1215 337
1215 624
1215 1426
1215 1881
1215 74
1216 678
1216 1147
1216 1096
1216 194
1216 180
1216 1808
1217 1409
1217 1953
1217 1640
1217 1009
1218 1547
1218 1612
1218 1157
1218 144
1218 1430
1218 390
1218 305
1220 1729
1220 1533
1220 1731
1220 1913
1220 1197
1220 272
1221 532
1221 247
1221 24
1221 976
1221 1451
1221 276
1221 641
1223 343
1223 1449
1223 147
1223 172
1223 753
1223 322
1224 1337
1224 1454
1224 452
1224 1419
1224 1192
1224 811
1224 196
1224 886
1225 1766
1225 1442
1225 177
1226 345
1226 1840
1226 1450
1226 214
1226 1489
1228 804
1228 1549
1228 560
1228 788
1230 1495
1230 1053
1230 322
1230 79
1230 1931
1230 582
1230 261
1230 698
1231 1126
1231 142
1231 1901
1231 1350
1231 394
1233 70
1233 1166
1233 1379
1233 1854
1233 920
1238 916
1238 493
1238 631
1238 553
1243 1879
1243 981
1243 1806
1243 688
1243 68
1244 1384
1244 1404
1244 688
1244 1313
1244 1177
1245 432
1245 711
1245 938
1245 396
1245 582
1245 1693
1245 982
1245 1352
1246 1840
1246 1924
1246 402
1246 400
1246 552
1246 1198
1246 404
1246 813
1246 1458
1250 1360
1250 1371
1250 142
1250 1988
1252 581
1252 1900
1252 1281
1252 1142
1252 1770
1252 979
1252 1571
1252 608
1252 272
1253 169
1253 303
1253 7
1253 649
1254 812
1254 619
1254 1424
1254 112
1254 933
1255 257
1255 718
1255 104
1255 726
1255 0
1255 1533
1255 1637
1257 602
1257 1580
1257 1684
1257 902
1257 1134
1259 577
1259 1565
1260 1668
1260 266
1260 1955
1260 850
1260 404
1264 1862
1264 247
1264 354
1266 1505
1266 654
1266 1539
1267 1006
1267 168
1267 536
1267 1753
1269 1764
1269 1771
1269 274
1269 1430
1270 133
1270 1583
1270 1924
1270 719
1270 203
1270 1052
1274 726
1274 457
1274 65
1274 31
1274 36
1274 1360
1276 1864
1276 979
1276 1223
1276 65
1276 538
1276 1565
1277 177
1277 1017
1277 291
1277 1497
1277 1135
1280 761
1280 1165
1280 36
1280 862
1280 1385
1280 470
1280 492
1281 242
1281 258
1281 1363
1281 1385
1281 1927
1281 250
1281 1912
1281 1863
1281 1205
1283 204
1283 1585
1283 1551
1283 1008
1283 1475
1283 524
1283 1887
1283 170
1287 1039
1287 824
1287 1444
1287 1363
1288 41
1288 1964
1289 985
1289 217
1289 1136
1289 429
1291 31
1291 1960
1291 1238
1291 325
1291 1891
1291 1473
1291 1063
1294 240
1294 1171
1294 1052
1294 1590
1294 346
1294 1281
1294 185
1296 161
1296 1578
1296 659
1296 1419
1296 1095
1297 1600
1297 742
1297 796
1297 1845
1297 462
1297 897
1298 1449
1298 1194
1298 1204
1298 1904
1298 834
1298 233
1299 1458
1299 1585
1299 320
1299 390
1299 290
1299 65
1299 50
1299 1007
1299 429
1301 1600
1301 388
1301 701
1301 1077
1301 1303
1301 1670
1301 1259
1301 640
1301 337
1302 1526
1302 137
1302 108
1303 845
1303 1474
1303 260
1304 976
1305 1198
1305 1850
1305 146
1307 1749
1307 1626
1307 896
1307 222
1309 202
1309 483
1309 5
1309 492
1309 1063
1309 271
1310 1641
1310 986
1310 459
1310 818
1313 471
1313 1881
1313 954
1313 935
1313 1343
1313 378
1313 1478
1313 791
1313 1034
1317 365
1317 343
1317 171
1317 1210
1317 335
1317 1764
1317 1017
1317 1352
1319 689
1319 1908
1319 1321
1319 59
1319 681
1319 1119
1319 392
1320 788
1320 1907
1320 553
1320 1824
1320 1460
1320 944
1320 857
1320 1779
1320 1752
1320 167
1321 1434
1321 980
1321 920
1324 1088
1324 685
1327 1686
1327 1820
1327 491
1327 1025
1327 549
1327 957
1327 1875
1327 857
1329 245
1329 1539
1329 699
1329 1849
1329 1765
1329 1862
1332 1450
1332 814
1332 387
1332 1344
1332 840
1332 761
1333 609
1333 122
1333 1415
1333 1930
1333 65
1334 1451
1334 1371
1334 916
1334 1739
1334 9
1334 1455
1334 862
1334 319
1334 568
1334 824
1334 979
1334 288
1335 365
1335 806
1335 1390
1335 1371
1335 1171
1335 1799
1335 1444
1337 1849
1337 1555
1337 1039
1337 378
1337 1065
1337 461
1337 297
1338 981
1338 1250
1338 629
1338 266
1338 1581
1338 1519
1338 104
1338 1579
1338 1207
1338 1701
1342 788
1342 122
1342 1092
1342 799
1342 1444
1342 1297
1342 1335
1342 1577
1343 1539
1343 947
1343 1478
1343 1873
1343 971
1343 1194
1344 1233
1344 267
1344 41
1344 1856
1344 1223
1344 180
1344 1931
1344 1670
1344 1096
1346 573
1346 1368
1346 147
1346 951
1346 11
1346 1384
1346 923
1346 834
1346 1909
1346 845
1349 1294
1349 71
1349 1986
1349 534
1349 552
1349 1992
1350 1329
1350 1957
1350 162
1350 58
1350 1771
1350 169
1350 418
1352 1069
1352 625
1352 1617
1360 483
1360 938
1360 1700
1363 498
1363 1133
1363 1463
1363 335
1366 848
1366 83
1366 1003
1366 351
1367 1210
1367 432
1367 315
1367 1688
1367 94
1367 1198
1367 1208
1367 1626
1367 168
1367 1829
1368 845
1368 1670
1368 1192
1368 1467
1368 222
1368 609
1368 539
1368 796
1368 541
1370 1110
1370 1524
1370 198
1370 134
1371 36
1371 259
1371 1127
1371 1908
1377 1119
1377 626
1377 1089
1377 426
1377 1276
1377 685
1377 1402
1378 1303
1378 622
1378 608
1379 135
1379 1267
1379 857
1379 546
1379 1142
1379 1031
1379 970
1383 834
1383 1750
1383 1898
1383 172
1383 1519
1383 1210
1384 530
1384 1863
1384 973
1384 1317
1385 850
1385 257
1385 813
1387 1344
1387 951
1387 1886
1387 1486
1387 969
1387 250
1387 670
1390 811
1390 1400
1390 1872
1390 501
1390 409
1390 127
1390 1585
1390 1790
1390 920
1390 452
1391 238
1391 1109
1391 1148
1391 819
1391 258
1400 1913
1400 52
1400 1506
1400 1321
1400 1047
1401 494
1401 775
1402 509
1402 1939
1402 1305
1402 156
1402 191
1402 631
1403 1074
1403 1204
1404 1012
1404 622
1404 343
1405 1086
1405 9
1405 909
1405 1716
1409 560
1409 1645
1409 1540
1409 575
1409 1867
1415 1772
1415 324
1415 1057
1415 353
1415 1186
1417 895
1417 392
1417 1519
1419 1565
1419 869
1419 761
1420 1425
1420 82
1420 87
1420 921
1420 799
1420 1869
1420 1059
1422 494
1422 1838
1424 497
1424 1639
1424 500
1424 1939
1424 291
1424 411
1424 1813
1425 907
1425 477
1425 1338
1425 483
1425 1683
1425 1790
1426 1255
1426 1823
1426 1601
1426 872
1426 1881
1430 203
1430 1320
1430 1770
1430 1784
1430 1617
1430 23
1430 602
1430 171
1431 1099
1431 1730
1431 68
1431 1629
1434 845
1434 74
1434 168
1438 1763
1438 1904
1438 1585
1438 57
1438 1031
1438 1630
1438 550
1438 1753
1442 1659
1442 1585
1442 1654
1442 1177
1442 922
1442 1420
1442 704
1442 1069
1444 1645
1444 1875
1444 156
1444 1806
1444 1211
1444 238
1446 1496
1446 310
1446 1766
1446 492
1448 1420
1448 812
1448 1886
1448 615
1448 1224
1449 24
1449 890
1449 1102
1449 371
1449 1101
1450 1446
1450 1749
1450 831
1450 485
1450 968
1450 406
1450 810
1450 1857
1450 193
1450 743
1450 801
1451 1729
1451 1274
1451 607
1451 921
1451 926
1451 943
1451 560
1451 513
1451 1329
1453 718
1453 327
1453 496
1453 928
1453 631
1453 1405
1453 1140
1454 625
1454 1324
1454 335
1454 956
1455 1148
1455 698
1455 5
1455 1804
1455 1015
1458 387
1458 1086
1458 410
1458 737
1458 1787
1458 1850
1460 457
1460 1867
1460 623
1460 875
1460 524
1461 461
1461 44
1461 1872
1461 1754
1461 1604
1461 99
1461 1077
1463 1217
1463 1366
1463 1908
1463 447
1463 1320
1463 1484
1463 818
1463 819
1463 1321
1463 1898
1463 1390
1463 76
1467 318
1467 185
1467 1015
1467 1738
1467 1223
1467 1630
1467 19
1469 1069
1469 147
1469 969
1469 1092
1469 549
1469 1637
1469 0
1471 1313
1471 1090
1471 77
1471 384
1471 886
1471 1637
1471 1666
1471 1924
1471 198
1472 1643
1472 87
1472 794
1473 79
1473 1995
1473 1848
1473 1210
1473 1548
1474 720
1474 713
1474 735
1474 1134
1474 1031
1474 288
1474 291
1474 404
1475 1693
1475 396
1475 1391
1475 670
1475 1199
1475 626
1475 1668
1475 1233
1478 1177
1478 819
1478 656
1481 1001
1481 1729
1481 785
1481 1747
1481 847
1483 1444
1483 1095
1483 112
1483 1343
1484 1458
1484 1845
1486 1668
1486 582
1486 1503
1486 1656
1486 1859
1486 1764
1486 866
1488 237
1488 1503
1488 1709
1488 532
1489 1752
1493 1512
1493 343
1493 813
1493 719
1494 1702
1494 674
1494 297
1494 1551
1494 1544
1494 857
1494 27
1495 1417
1495 753
1495 1578
1495 1496
1495 1573
1495 58
1496 935
1496 238
1496 1668
1496 1078
1496 400
1496 1926
1496 586
1497 1216
1497 134
1497 180
1502 1867
1502 1078
1502 1267
1502 1216
1503 409
1503 927
1503 1368
1503 886
1503 1898
1503 818
1503 557
1503 918
1503 494
1505 1164
1505 365
1505 1238
1505 1424
1505 1444
1505 393
1505 1332
1505 1137
1505 1003
1506 1753
1506 909
1506 1039
1506 1008
1506 244
1506 1766
1506 1129
1506 1343
1508 875
1508 1816
1508 890
1508 648
1508 1481
1508 457
1512 1220
1512 1270
1512 1842
1512 530
1512 435
1512 361
1512 1481
1512 1197
1512 1224
1512 546
1519 1666
1519 1891
1519 621
1519 1086
1519 1758
1519 233
1522 31
1522 1659
1522 648
1524 1864
1524 775
1524 1402
1524 931
1524 451
1526 1260
1526 1409
1526 1577
1526 1135
1526 1069
1526 1208
1526 785
1528 944
1528 660
1528 624
1528 927
1528 1486
1528 1031
1528 581
1529 1539
1529 831
1529 586
1529 1901
1529 1701
1533 1224
1533 1385
1533 327
1533 1110
1533 211
1533 257
1533 1581
1533 104
1533 856
1539 577
1539 1390
1539 1000
1539 1352
1539 9
1539 1011
1539 1873
1539 322
1540 314
1540 769
1540 253
1540 159
1540 1512
1540 933
1540 1601
1541 1495
1541 866
1541 1425
1541 698
1541 1472
1541 573
1541 1417
1541 1444
1541 838
1541 1931
1544 1526
1544 1231
1544 1659
1547 1483
1547 1727
1547 1092
1547 1025
1547 1090
1547 1099
1547 1736
1548 169
1548 388
1548 729
1548 969
1548 1764
1548 354
1549 1541
1549 850
1549 1571
1549 104
1549 1415
1551 1747
1551 6
1551 907
1551 1303
1551 1800
1551 1448
1551 242
1551 980
1555 1763
1555 585
1555 52
1563 1077
1563 900
1563 1791
1563 1283
1563 949
1563 971
1563 600
1565 1604
1565 142
1565 754
1565 927
1565 1541
1567 245
1571 1186
1571 255
1571 1006
1571 1474
1571 1905
1571 897
1571 1346
1573 1338
1577 1176
1577 609
1577 307
1577 1163
1577 1123
1578 602
1578 1659
1578 533
1578 564
1578 1469
1578 551
1578 448
1579 1298
1579 1089
1579 923
1579 1666
1579 1624
1580 1519
1580 1585
1580 568
1580 1729
1580 1950
1580 1053
1580 738
1581 502
1581 574
1581 426
1581 49
1581 678
1581 1109
1581 1907
1582 1090
1582 1886
1582 242
1582 1907
1582 1371
1582 1150
1583 42
1583 949
1583 947
1583 1824
1583 1584
1583 1887
1583 391
1584 162
1584 951
1584 1194
1584 1226
1584 1444
1584 1894
1585 847
1585 1683
1585 1565
1585 649
1585 1165
1585 182
1585 41
1585 1379
1585 1313
1585 1646
1585 1838
1589 31
1589 7
1590 1986
1590 307
1590 209
1590 1419
1590 306
1590 1003
1590 936
1594 1110
1594 1894
1594 1442
1599 105
1599 606
1599 255
1600 355
1601 179
1601 210
1601 1727
1601 119
1601 1233
1601 734
1601 665
1601 1301
1601 651
1604 211
1604 1366
1604 512
1608 1731
1608 469
1608 1755
1608 931
1608 688
1608 5
1608 1230
1608 602
1608 273
1612 1444
1612 253
1612 1228
1612 461
1612 222
1612 1879
1612 1215
1612 824
1615 926
1615 1643
1615 424
1617 1992
1617 469
1617 578
1617 1147
1622 1753
1622 1626
1622 354
1623 1422
1623 1526
1623 675
1624 1154
1624 158
1624 1762
1624 1207
1624 742
1626 1909
1626 1091
1626 1255
1626 548
1626 811
1626 127
1628 1245
1628 1930
1628 675
1628 1894
1628 390
1628 610
1629 1813
1629 640
1629 1463
1629 1304
1630 1481
1630 1092
1630 1765
1630 1303
1630 1583
1630 1791
1631 609
1631 1031
1631 1177
1633 1578
1633 1302
1633 405
1633 1898
1636 311
1636 1431
1636 1663
1636 1683
1636 1731
1636 485
1636 242
1637 484
1637 1942
1637 255
1637 1770
1637 577
1637 1967
1639 1090
1639 1583
1639 643
1639 897
1639 1267
1640 1018
1640 1503
1640 279
1640 1294
1640 1886
1640 838
1640 749
1640 320
1641 1840
1641 229
1641 156
1641 1334
1642 815
1642 1489
1642 348
1643 1931
1643 494
1643 834
1643 907
1643 1088
1643 1898
1643 1677
1645 840
1645 1367
1645 1091
1645 938
1645 628
1646 1631
1646 161
1646 293
1646 1955
1646 1135
1646 657
1647 1228
1647 391
1647 1151
1647 1594
1647 976
1647 1512
1647 1037
1648 704
1648 675
1648 898
1648 293
1648 1955
1648 1683
1649 291
1649 1648
1649 1917
1649 1205
1649 278
1649 161
1649 1986
1649 194
1649 1378
1651 42
1651 496
1651 1894
1651 202
1651 184
1651 1666
1653 1206
1653 1204
1653 494
1654 260
1654 1626
1654 811
1654 1573
1654 1697
1655 1210
1655 404
1655 258
1655 1716
1655 1168
1656 1018
1656 162
1657 1297
1657 304
1657 1506
1659 657
1659 119
1659 458
1659 1908
1659 1709
1659 843
1662 1577
1662 696
1662 1469
1662 649
1662 264
1662 581
1663 94
1663 369
1663 878
1663 50
1663 1656
1663 370
1663 371
1663 454
1663 480
1663 452
1666 599
1666 667
1666 1086
1666 297
1666 337
1666 817
1666 1334
1666 704
1668 649
1668 578
1668 392
1668 257
1668 1012
1670 1069
1670 131
1670 1151
1670 572
1670 1806
1670 375
1671 244
1671 503
1671 1053
1671 82
1671 834
1671 900
1671 1813
1671 530
1677 101
1677 159
1677 1127
1677 43
1677 1426
1677 1645
1677 1453
1677 1859
1682 278
1682 696
1682 938
1682 1350
1682 405
1682 1003
1682 971
1683 1154
1683 384
1683 1034
1683 1529
1683 641
1683 1289
1683 501
1683 133
1683 259
1684 1276
1684 1739
1684 1663
1684 1927
1684 1096
1684 622
1684 921
1684 1280
1684 1384
1684 1909
1684 237
1685 998
1685 1762
1685 1215
1685 813
1686 1475
1686 276
1686 1337
1686 1954
1686 648
1686 1007
1686 1387
1688 1391
1688 667
1688 534
1688 1750
1688 785
1688 982
1688 1302
1693 1449
1693 1454
1693 459
1693 1335
1693 44
1693 927
1693 1850
1696 753
1696 1762
1696 644
1696 704
1696 121
1696 1225
1696 1197
1697 1539
1697 494
1697 660
1697 103
1697 1930
1697 82
1697 938
1697 818
1700 1417
1700 596
1700 603
1700 142
1700 500
1700 1862
1700 1798
1700 42
1700 1905
1701 547
1701 327
1701 1448
1702 206
1702 319
1702 24
1702 743
1702 1717
1702 1663
1702 1488
1702 1503
1702 1845
1704 1093
1704 1670
1704 1446
1704 682
1704 0
1704 1913
1704 1829
1704 1763
1704 1255
1704 895
1704 1816
1704 1493
1704 1123
1709 842
1709 981
1709 104
1709 817
1709 168
1710 1129
1710 267
1716 611
1716 1493
1716 503
1716 1766
1716 1630
1717 1419
1717 1255
1717 769
1717 1647
1717 1651
1717 1730
1719 686
1719 1781
1719 1964
1719 921
1723 1183
1723 194
1723 1022
1723 1825
1723 1329
1723 1710
1723 1460
1723 485
1724 483
1724 844
1724 272
1724 1385
1724 1913
1727 1018
1727 1009
1727 314
1727 657
1728 1266
1728 1097
1728 312
1729 1371
1729 74
1729 1565
1729 1555
1729 1682
1729 931
1729 1845
1730 1461
1730 819
1730 49
1731 909
1731 971
1736 1197
1736 541
1736 1900
1736 564
1736 719
1736 1363
1736 530
1736 68
1738 1751
1738 1798
1738 226
1738 1246
1738 458
1738 813
1739 1600
1739 900
1739 1953
1745 1702
1745 1913
1745 1854
1747 937
1747 1135
1747 451
1747 654
1747 1955
1747 1102
1747 886
1747 1141
1747 1677
1748 455
1748 503
1748 320
1748 998
1748 313
1748 1221
1748 1238
1749 502
1749 734
1749 903
1749 97
1750 103
1750 1739
1750 1210
1750 769
1750 604
1750 1887
1750 1624
1750 467
1750 293
1751 371
1751 480
1751 820
1751 192
1751 607
1752 277
1752 1723
1752 1582
1752 1177
1752 1766
1752 1484
1752 74
1752 919
1752 1643
1752 1818
1752 1415
1753 1454
1753 1781
1753 548
1754 133
1754 1269
1755 1211
1755 1065
1755 135
1755 775
1755 611
1755 1001
1755 1058
1755 311
1755 578
1755 831
1756 622
1756 1548
1756 1051
1756 1630
1756 1003
1756 1522
1758 946
1758 573
1758 131
1758 388
1758 496
1758 1126
1758 180
1759 971
1759 735
1759 1378
1759 970
1759 880
1761 74
1761 1617
1761 1879
1761 568
1761 1612
1761 1243
1761 1299
1762 1648
1762 1409
1763 1666
1763 1784
1763 250
1763 1704
1763 1478
1763 1717
1763 513
1764 1797
1764 944
1764 1136
1764 387
1764 471
1764 68
1764 1806
1765 128
1765 1684
1765 1701
1765 1724
1765 698
1765 985
1765 41
1766 65
1766 447
1766 844
1766 1792
1766 145
1766 1313
1766 1266
1766 890
1766 1820
1768 436
1768 1379
1768 353
1768 843
1768 982
1768 1077
1768 1931
1770 1581
1770 758
1770 928
1770 74
1770 1891
1770 1637
1770 191
1771 791
1771 557
1772 121
1772 1303
1772 737
1772 1993
1772 939
1772 1894
1772 886
1772 1519
1779 1677
1779 1257
1779 1233
1781 343
1781 1637
1781 1189
1781 626
1783 315
1783 649
1783 261
1783 1387
1783 71
1783 685
1783 1049
1783 1390
1784 1493
1784 1003
1784 959
1784 1378
1784 1197
1784 1701
1785 817
1785 1808
1785 1307
1785 1759
1785 1505
1785 756
1787 162
1787 1988
1787 881
1787 169
1787 971
1787 512
1787 619
1787 935
1788 305
1788 167
1788 1192
1790 564
1790 919
1790 441
1790 99
1790 351
1791 101
1791 335
1791 226
1791 120
1791 1488
1791 358
1792 1223
1792 1563
1792 1471
1792 866
1792 325
1793 1988
1793 391
1793 1647
1793 1747
1797 1798
1797 1783
1797 700
1797 1736
1797 1873
1798 1141
1798 1184
1798 1642
1798 1004
1798 1663
1798 815
1799 1424
1799 204
1799 1449
1799 121
1800 589
1800 902
1800 954
1800 1904
1800 1221
1804 1309
1804 648
1804 1905
1804 1872
1804 144
1804 1857
1804 1811
1806 1270
1806 919
1806 277
1806 675
1806 866
1806 1671
1806 622
1808 1073
1808 1442
1811 1281
1811 1533
1811 667
1811 94
1811 13
1811 1254
1813 307
1813 501
1813 400
1813 1637
1813 1702
1816 319
1816 1218
1816 271
1816 810
1818 796
1818 1076
1819 1756
1819 1790
1819 968
1819 1368
1819 229
1819 883
1819 930
1819 118
1819 304
1819 1343
1819 1001
1819 534
1819 1869
1820 971
1820 1205
1820 1785
1820 1761
1820 1089
1820 1233
1820 1088
1820 864
1821 1367
1821 1939
1821 571
1821 1503
1821 304
1821 898
1823 490
1823 1097
1823 1280
1823 1086
1823 1629
1823 1754
1824 682
1824 1409
1824 405
1824 1981
1824 310
1824 557
1824 900
1825 1112
1825 172
1825 1093
1825 1745
1825 631
1825 660
1825 1197
1826 643
1826 348
1826 1898
1826 1637
1826 678
1826 982
1829 1320
1829 142
1829 1296
1829 1869
1829 210
1833 1768
1833 922
1833 19
1833 1134
1833 1409
1833 1869
1833 1791
1837 1173
1837 824
1837 276
1838 1006
1838 1403
1838 245
1838 604
1838 956
1840 1342
1840 615
1840 1246
1840 756
1840 192
1842 23
1842 234
1842 1142
1842 574
1842 1954
1842 1018
1844 501
1844 1626
1844 290
1844 719
1844 589
1845 1930
1845 1887
1845 1857
1845 498
1845 44
1845 1522
1845 818
1848 1908
1848 159
1848 1058
1848 1134
1848 963
1848 840
1848 390
1848 1210
1848 372
1849 1171
1849 180
1849 1077
1849 1087
1849 1688
1849 276
1849 1321
1850 238
1850 1047
1850 1833
1850 405
1850 349
1854 1584
1854 1136
1854 601
1854 396
1854 1071
1854 1988
1856 1785
1856 1685
1856 1077
1856 1512
1856 1415
1856 735
1856 867
1857 1473
1857 492
1857 1764
1857 454
1857 986
1857 1150
1857 1378
1857 557
1857 371
1857 94
1857 960
1858 1770
1858 1206
1858 1360
1858 1150
1858 1988
1858 631
1858 604
1859 918
1859 1950
1859 1924
1862 1808
1862 815
1862 1719
1862 1203
1863 1656
1863 524
1863 1798
1863 1317
1863 205
1864 1114
1864 791
1864 524
1864 1025
1864 274
1864 240
1864 1352
1864 540
1864 267
1864 1281
1867 1426
1867 864
1867 1493
1867 1366
1867 1486
1867 792
1869 1585
1869 919
1869 670
1869 57
1869 816
1869 548
1869 58
1869 1872
1869 1127
1872 1049
1872 1080
1872 1867
1872 81
1872 867
1873 1442
1873 1350
1873 754
1873 274
1875 1565
1875 1857
1875 1799
1879 578
1879 868
1879 348
1879 406
1879 1904
1881 1966
1881 248
1881 1850
1881 1270
1881 969
1881 861
1886 820
1886 950
1886 1997
1886 1736
1886 660
1886 1799
1887 1126
1887 528
1887 94
1887 1998
1890 1544
1890 1371
1890 258
1890 112
1890 980
1891 969
1891 528
1891 560
1891 23
1891 923
1891 1908
1891 1463
1891 628
1894 1840
1894 284
1894 1233
1896 1186
1896 1981
1896 735
1896 490
1896 322
1896 172
1896 1207
1896 1264
1898 484
1898 1257
1898 570
1898 70
1898 134
1898 253
1898 1955
1900 698
1900 203
1900 68
1900 1555
1900 1813
1900 369
1901 1671
1901 700
1901 1931
1901 622
1904 293
1904 1693
1904 24
1904 402
1904 927
1904 1446
1904 1297
1905 284
1905 806
1905 357
1905 1730
1905 1088
1905 168
1905 1186
1905 1901
1905 156
1906 681
1906 137
1906 1908
1906 1956
1906 1298
1906 1332
1906 1426
1907 1089
1907 643
1907 253
1907 346
1907 896
1908 701
1908 1307
1908 1599
1908 1571
1908 1049
1908 361
1908 1228
1908 1231
1908 930
1909 393
1909 1078
1909 738
1909 112
1909 1199
1909 1281
1912 1003
1912 322
1912 1818
1912 1590
1912 1496
1912 1461
1912 1905
1912 1110
1912 649
1913 775
1913 1936
1913 1640
1913 324
1913 1541
1917 1154
1917 1790
1917 1654
1917 982
1924 641
1924 998
1924 1102
1924 59
1924 1779
1926 1932
1926 1754
1926 1154
1926 806
1926 1608
1926 1663
1926 270
1926 214
1927 571
1927 1463
1927 648
1927 1481
1927 1088
1927 9
1927 1539
1927 1291
1927 644
1927 48
1930 1788
1930 806
1930 1723
1930 1048
1930 1886
1930 585
1930 845
1930 986
1931 1390
1931 474
1931 112
1931 700
1931 1017
1932 769
1932 674
1932 1820
1932 541
1932 611
1932 903
1936 1811
1936 1604
1936 171
1936 1629
1936 1031
1936 1218
1936 411
1936 1770
1939 1956
1939 1216
1939 41
1939 1649
1939 610
1939 500
1942 564
1942 577
1942 1493
1942 880
1942 1701
1942 1702
1950 134
1950 1752
1950 538
1950 1563
1950 719
1950 735
1953 497
1953 1246
1953 260
1953 1205
1953 145
1953 1601
1954 1900
1954 1449
1954 867
1954 1471
1954 1049
1954 701
1955 918
1955 1126
1955 1960
1955 1367
1955 1489
1955 1231
1955 1349
1956 1475
1956 651
1956 1387
1957 52
1957 1210
1957 680
1957 1078
1960 921
1960 660
1960 810
1960 1986
1963 1912
1963 441
1963 886
1963 1387
1963 1926
1964 1112
1964 933
1964 65
1964 818
1964 182
1964 512
1964 498
1964 1580
1966 838
1966 418
1966 872
1966 536
1966 1709
1966 388
1966 1624
1966 1821
1966 1383
1967 1781
1967 1936
1967 1998
1967 1904
1974 1350
1974 1856
1974 448
1974 492
1979 813
1979 1856
1979 402
1981 496
1981 281
1981 908
1981 1623
1981 1342
1981 498
1981 509
1986 58
1986 250
1986 355
1986 1091
1988 1076
1988 1176
1988 274
1988 497
1992 535
1992 177
1992 588
1992 1003
1992 204
1992 1127
1992 1909
1992 1683
1992 1629
1992 1025
1993 1931
1993 248
1993 979
1993 1764
1993 1188
1993 1333
1993 1405
1993 62
1993 237
1995 1129
1995 1228
1997 193
1997 1402
1997 534
1997 1338
1997 880
1997 142
1998 918
1998 1825
1998 607
1998 1134
