1 383
1 1277
3 421
3 1962
3 814
3 726
3 1454
3 891
3 1568
4 1711
4 210
4 1527
4 1707
6 1086
6 1693
6 1465
6 1817
6 988
6 1565
6 1073
6 882
6 228
6 1734
6 964
8 799
8 1814
8 451
8 867
9 356
9 1728
9 1500
9 753
9 1809
9 169
10 457
10 1852
10 150
10 1301
10 274
13 445
13 555
15 1599
15 1791
15 1852
15 312
15 623
15 1232
15 1365
16 1700
16 1925
16 479
16 1288
16 10
19 1170
19 852
19 727
19 141
19 865
19 1617
19 956
19 1951
20 1134
20 351
20 790
20 866
20 780
21 569
21 1129
21 1774
21 963
31 543
31 49
31 1180
31 829
31 1928
34 1291
34 1782
34 1118
34 804
34 623
34 673
34 288
34 1730
34 908
34 1144
35 1171
35 1888
35 343
36 133
36 445
36 1841
36 612
36 484
36 1050
36 302
37 1534
37 1417
37 1659
37 502
37 1415
37 1163
37 569
37 933
37 1742
37 261
37 484
38 1982
38 1584
38 1997
38 1542
38 915
39 563
39 1574
39 263
40 863
40 440
40 1309
40 640
40 1454
40 1438
44 850
44 1848
44 195
44 1669
44 882
44 16
44 799
44 123
47 1790
47 1680
47 1367
47 681
47 1320
47 478
47 640
47 78
48 478
48 1721
48 661
48 493
48 1206
48 1711
49 1724
49 1080
49 312
49 940
49 1263
49 1076
50 510
50 1814
50 168
53 239
53 1443
54 1291
54 668
54 356
55 304
55 84
55 1039
56 897
56 308
56 842
56 1809
56 1912
56 8
56 1694
57 680
57 583
57 1243
57 1344
57 1220
57 457
57 976
57 748
58 1332
58 1307
58 407
60 583
60 1694
60 1764
60 269
60 476
61 613
61 1035
61 1726
61 924
61 1216
62 144
62 594
62 1792
62 1740
68 96
68 577
68 285
68 973
68 456
68 854
69 673
70 1599
70 1349
70 785
70 1289
72 489
72 958
72 1350
72 1158
73 1214
73 611
73 1052
73 13
73 204
74 1774
74 1997
74 1072
74 1531
74 993
74 15
76 1656
76 1993
76 1213
76 103
76 1322
77 702
77 753
77 1715
77 1907
77 159
78 1425
78 337
78 1265
78 1465
82 1075
82 136
82 1221
82 790
82 1343
84 1010
84 162
84 613
84 1621
84 21
84 1175
84 1304
85 569
85 687
85 1306
85 369
85 19
85 1134
86 1678
86 1047
86 1166
86 898
87 368
87 1565
87 489
88 647
88 958
88 852
88 1840
88 420
90 1304
90 38
90 333
90 1812
91 512
91 385
91 1574
91 967
91 1469
91 1947
93 1537
93 643
93 1899
93 70
93 1483
93 1232
93 611
93 1921
93 1641
94 1496
94 601
94 1717
94 1011
94 214
94 1987
96 1245
96 1740
96 1231
96 1893
96 144
96 1729
97 1146
97 1833
97 4
97 1978
99 13
99 1661
99 850
99 605
99 1888
99 479
99 711
99 623
99 357
99 1061
100 1030
102 356
102 1997
102 765
102 780
102 858
102 651
102 206
102 1765
103 1622
103 1017
103 852
103 1606
103 1266
103 620
104 1233
104 1753
104 1530
104 1429
107 820
107 696
107 111
107 1822
108 210
108 1015
108 769
108 743
108 546
108 1674
108 379
111 1788
111 93
111 1099
111 1501
111 516
111 165
111 1346
114 1690
114 158
114 865
114 1863
114 50
115 1185
115 1085
115 552
115 580
115 927
115 1782
116 72
116 222
116 940
116 1939
116 719
116 536
116 1868
116 1625
117 914
117 357
117 1288
117 99
117 142
117 1114
119 651
119 294
119 515
119 260
119 1817
119 1709
119 304
119 445
120 1788
120 898
120 1088
120 1826
121 1837
121 1012
121 1891
121 498
121 428
122 328
122 417
122 39
122 1852
123 335
123 800
123 771
123 1434
124 104
124 809
124 1963
124 1840
124 1196
124 437
126 631
126 952
126 785
126 460
126 1800
126 1068
126 865
126 532
128 1724
128 1349
128 37
128 1720
128 84
129 1871
129 1715
129 1749
129 897
129 1000
129 781
129 1267
129 447
129 1194
133 420
133 178
133 1768
134 1457
134 1600
134 1743
134 658
134 1924
134 173
134 1266
134 162
134 1393
134 757
134 289
134 1
134 1768
135 1637
135 680
135 649
135 862
135 1424
135 463
135 9
135 658
136 933
136 501
136 1078
136 1982
136 1085
136 208
136 865
137 1194
137 1513
137 460
137 1900
137 1160
137 468
137 667
137 892
137 1568
138 1160
138 496
138 643
138 855
138 351
138 1740
138 447
141 1516
141 1945
141 1600
141 339
142 1781
142 1224
142 318
144 1004
144 741
144 1267
144 1659
144 150
145 1849
145 1505
145 803
145 1117
145 785
145 100
145 1429
145 1578
145 1649
148 1216
148 1065
148 1358
148 1248
148 99
148 1177
148 1270
148 1501
150 1884
150 317
150 1071
150 1430
150 422
150 1615
150 239
150 1195
151 1739
151 1782
151 123
155 1027
155 1288
155 85
155 999
155 1344
155 1489
155 809
157 304
157 1617
157 1575
158 1980
158 1657
158 231
159 1986
159 803
159 460
159 1027
159 317
160 698
160 527
160 872
160 1625
160 1880
162 1986
162 532
162 302
162 549
162 540
162 1151
162 1715
165 1774
165 1908
165 4
165 445
165 434
165 1805
165 61
165 84
165 1822
165 1210
166 1975
166 339
166 1452
167 185
167 409
167 196
167 820
167 523
167 1207
167 574
168 863
168 1638
168 1456
168 324
168 359
168 272
168 1900
168 1255
169 961
169 977
169 1962
169 1297
170 159
170 1248
170 455
171 1785
171 1476
171 1336
171 192
171 543
171 879
172 1768
172 1751
172 1894
172 568
172 497
172 1792
172 104
172 773
172 1347
173 1503
173 1144
173 1018
175 1948
175 1765
175 253
175 849
175 1588
175 607
175 1709
175 1686
178 1300
178 629
178 1250
178 1475
178 464
178 229
184 618
184 479
184 1319
184 357
184 34
184 1905
184 90
185 1267
185 725
186 908
186 659
186 1897
186 229
186 377
186 1692
186 1584
186 1219
186 610
187 1434
187 590
187 485
187 10
187 1467
192 326
192 208
192 785
192 974
192 370
192 1739
192 487
192 1350
194 1605
194 1290
194 1790
194 726
194 1686
194 1043
195 1055
195 1961
195 1496
196 630
196 1184
196 476
196 1578
196 1977
196 1544
196 1031
196 1351
197 753
197 984
197 581
197 1773
197 956
197 261
197 664
197 1888
197 647
197 165
197 40
198 1419
198 208
198 1657
198 858
198 687
198 137
198 1452
198 421
198 755
199 31
199 341
199 1050
199 1939
199 727
199 1549
200 270
200 546
200 1597
200 1064
200 165
200 309
201 1206
203 486
203 1944
204 667
204 1956
204 62
206 68
206 1373
206 1425
206 1086
206 1415
206 668
208 1909
210 1837
210 1317
210 1050
210 855
210 457
210 1153
210 15
210 1110
210 555
210 1012
213 185
213 1037
213 909
213 1351
213 451
213 673
213 343
213 111
213 1627
213 524
213 497
214 1660
216 1868
216 1601
216 1594
216 386
217 229
217 1460
217 835
217 867
217 1977
218 168
218 88
218 744
218 1754
218 1540
218 557
218 4
220 974
220 1496
220 1369
220 1871
220 1854
220 55
222 608
222 1928
222 1344
222 1404
222 823
222 243
223 488
223 289
223 1788
225 1935
225 1452
225 1629
225 1170
226 1835
226 1906
226 738
226 1586
226 1824
228 1967
228 1874
228 1171
228 74
228 151
229 760
229 38
231 1977
231 783
231 1778
231 1113
231 333
232 192
232 1007
232 1426
232 35
232 228
232 487
232 1882
233 1273
233 1455
235 1248
235 359
235 1600
235 616
235 608
235 107
236 1652
236 1324
236 1941
236 1754
236 1170
236 869
236 706
239 740
239 1767
239 10
239 299
241 1615
241 1086
241 460
241 1143
241 1210
241 1793
241 1050
241 1198
241 1894
243 1467
243 1308
243 185
243 120
243 519
243 618
246 37
246 1651
246 243
246 93
246 1490
246 1075
246 377
248 1926
248 1093
248 949
248 472
248 506
248 409
249 1285
249 420
249 932
249 1575
249 752
250 1518
250 940
250 1638
251 420
251 736
253 1415
253 1447
256 87
256 1079
256 952
256 739
256 1104
256 722
256 97
256 1073
257 1956
257 802
257 1633
257 53
257 102
257 1292
257 685
258 810
258 1056
258 1940
258 1948
258 835
258 1934
260 354
260 472
261 514
261 658
261 1559
261 655
261 923
261 802
263 1190
263 640
263 690
264 1667
264 1659
264 258
264 371
264 979
264 1901
264 909
265 1505
265 1764
265 1607
265 1827
265 565
266 1266
266 1569
266 858
266 1088
266 1980
266 1074
266 351
267 1670
267 949
267 1939
269 517
269 1576
269 444
269 587
269 401
269 1333
269 829
269 940
270 1069
270 673
270 292
270 1352
270 1942
270 1076
270 1984
270 1078
270 1208
272 1104
272 78
272 1012
272 676
274 1542
274 102
274 1192
274 1072
274 155
274 866
275 513
275 451
275 384
275 1628
276 1129
276 798
276 1030
280 1803
280 1164
280 538
280 1571
280 1124
280 1516
280 1473
282 135
282 1747
282 1893
285 926
285 1017
288 1997
288 1399
288 222
289 1921
289 750
290 1021
290 1617
290 1899
292 1270
292 1718
292 68
292 1571
294 1523
294 1248
294 1852
294 308
294 168
295 317
295 993
295 815
295 1009
295 1641
296 1171
296 1448
296 1824
296 924
296 1349
296 748
298 1057
298 808
298 369
298 613
298 1733
298 433
298 1409
298 214
298 1195
299 94
299 912
299 748
299 962
299 1237
299 1942
299 289
302 1717
302 702
302 1332
302 1173
302 1596
302 285
303 685
303 734
303 541
303 1235
303 1677
303 250
303 748
304 1615
304 1880
304 850
304 1830
304 60
304 853
304 1051
306 734
306 976
306 1947
306 82
306 738
306 196
306 587
307 1196
307 333
307 530
307 1897
307 1330
307 927
307 899
308 1608
308 155
308 19
308 434
308 1066
308 931
309 1362
309 1080
309 1421
311 1074
311 1146
311 1007
311 1972
312 1516
312 908
312 958
312 332
312 85
314 1827
314 817
314 20
314 298
314 1291
314 1251
314 374
315 854
315 573
315 1841
315 374
315 360
315 128
315 1561
315 988
315 1874
315 185
315 1750
315 229
316 370
316 739
316 270
316 16
316 44
317 766
317 1365
317 343
317 1496
317 833
317 1871
317 1194
317 1814
318 249
318 832
318 103
318 1424
318 1637
318 1480
321 1721
321 651
321 1210
321 815
321 201
324 1611
324 967
324 1475
324 1232
324 151
324 298
324 1825
326 703
326 253
326 1614
326 618
326 1388
326 239
326 1089
326 1055
326 1652
326 1935
326 57
328 491
328 416
331 1697
331 1854
331 175
331 1935
331 326
331 744
331 1951
332 1229
332 689
332 1418
332 1385
333 408
333 1992
333 748
333 206
333 516
333 1906
333 1850
333 1231
333 461
333 1531
333 19
333 1993
333 167
335 107
335 658
335 1680
335 415
335 184
335 1617
335 1799
335 1980
335 1001
336 1888
336 1194
337 1468
337 1908
337 1455
337 1229
337 795
338 942
338 1844
338 532
338 1661
339 896
339 1850
339 1837
339 998
339 1513
339 884
339 225
341 1992
341 926
341 54
341 727
341 1015
341 923
343 200
343 398
343 85
343 1686
343 882
343 1295
347 609
347 256
347 997
347 303
347 175
347 655
348 1842
348 755
348 1344
348 994
348 368
351 315
351 1409
351 1349
351 623
351 1596
351 1856
351 1194
352 1154
352 387
352 256
352 1584
352 1497
354 536
354 1202
356 892
356 461
356 88
356 56
356 1503
356 1469
356 307
357 117
357 54
357 820
358 909
358 1367
358 20
358 1344
359 1633
359 1447
359 440
360 442
360 748
360 745
360 820
360 103
360 1496
360 887
360 489
360 1807
360 119
362 1627
362 539
362 838
362 955
362 312
366 914
368 1714
368 1822
368 1089
368 612
368 270
368 201
368 913
368 1705
368 1209
368 1478
369 366
369 932
369 16
369 1636
369 1514
369 617
369 939
370 532
370 1673
370 145
370 874
370 716
370 908
370 1739
370 1840
371 266
371 1373
371 783
371 1303
371 735
371 1790
371 1977
371 1907
373 1600
373 823
373 401
373 343
373 126
373 530
373 61
373 628
374 1074
374 1439
374 1808
374 830
376 104
376 478
376 1608
376 456
376 1346
377 1332
377 883
377 124
377 857
377 1267
377 74
380 770
380 1661
380 1339
380 192
380 927
380 282
381 1825
381 896
381 1440
381 1977
381 1438
381 282
383 663
383 387
383 239
383 123
385 762
385 1657
385 519
385 290
385 1863
385 1726
385 203
385 1367
385 1717
385 468
386 699
386 633
386 857
386 44
386 748
387 587
387 690
387 270
387 539
389 1505
389 1397
389 967
389 1880
389 1460
389 1158
390 1413
390 609
390 267
390 780
390 1415
390 1907
390 1617
390 624
390 1553
391 1700
391 1266
391 1874
391 962
391 1181
391 1415
391 933
393 896
393 1471
393 1483
393 809
393 1418
393 1534
393 557
393 1350
393 1690
393 1791
393 1347
394 307
394 1170
394 1856
394 9
395 487
395 1057
395 1746
395 1742
395 641
395 509
398 306
398 973
398 8
401 1874
401 1507
401 314
401 456
401 1761
401 1743
401 1781
401 1234
404 1108
404 770
404 1407
404 574
404 1166
407 6
407 528
407 736
407 716
407 1928
407 336
408 308
408 710
408 587
408 770
408 694
409 1035
409 1627
409 1698
409 1029
409 15
409 1854
410 1112
410 299
410 50
410 463
410 84
410 1118
414 1073
414 558
414 973
414 288
415 175
415 451
415 1980
416 647
416 765
416 418
416 157
416 155
416 1447
417 1311
417 1012
418 744
418 37
418 1527
420 939
420 437
420 933
420 1971
420 1945
420 145
421 883
421 1078
421 1711
421 1280
421 1604
421 1921
421 896
421 663
421 258
421 352
422 924
422 1880
422 1987
428 797
428 1126
428 1739
429 1692
429 1984
429 1296
433 1821
433 171
433 1954
433 1373
434 460
434 541
434 627
434 1574
437 157
437 1970
437 1309
437 905
437 849
437 290
437 158
437 949
440 1439
440 735
440 1406
440 976
440 622
441 927
441 1492
441 1597
442 666
442 765
442 1289
442 1088
442 1475
442 288
444 1404
444 620
444 1652
445 1044
445 516
445 206
445 1362
445 1206
447 218
447 757
447 1169
447 968
447 93
447 250
447 1043
449 151
449 1982
449 1153
449 54
449 770
449 337
449 1443
451 509
451 1537
451 1700
451 1430
451 93
451 792
451 288
452 568
452 1803
452 1447
452 1498
455 1561
455 103
455 807
455 1190
455 1664
455 1522
456 661
456 962
456 1293
456 931
456 1754
457 1803
457 1393
457 1534
457 1208
457 1812
460 1523
460 677
460 61
461 222
461 1251
461 928
461 99
461 621
461 1202
461 1647
463 500
463 655
463 882
463 1633
463 1173
463 1265
463 1057
464 1901
464 228
464 577
464 1258
464 504
464 1166
465 1714
465 710
465 1417
465 1244
465 1311
465 862
465 162
468 115
468 630
468 1229
468 558
468 150
469 366
469 509
469 1184
469 655
469 1641
469 760
469 532
469 1897
469 229
472 409
472 1835
472 973
472 810
472 352
472 1717
475 1622
475 1576
476 1298
476 315
476 1428
476 1628
476 852
476 463
478 665
478 726
478 491
478 536
478 887
478 706
478 717
478 1465
478 1290
479 982
479 21
479 1108
480 1180
480 1177
480 896
480 699
480 1743
480 1698
481 621
481 1553
481 312
481 56
481 1546
483 123
483 8
483 1404
483 1370
484 581
484 791
484 1939
484 1009
484 653
484 687
484 1074
485 604
485 957
485 62
485 289
485 741
486 1198
486 266
486 1816
486 1574
486 1319
487 1507
487 393
487 1837
487 1930
487 1742
487 292
487 1632
487 196
488 1717
488 1588
488 1135
489 738
489 602
489 908
489 1865
489 1349
489 820
489 1202
489 513
490 172
490 795
490 627
490 1584
491 307
491 1848
491 594
491 982
491 155
491 746
493 1237
493 1219
493 315
493 306
493 736
493 1421
495 978
495 664
495 374
495 873
495 1144
495 546
495 220
495 1040
496 1361
496 1907
496 824
496 976
496 979
497 1782
497 1074
497 56
497 557
497 1369
497 612
498 1201
498 1891
498 1722
498 231
498 815
498 341
500 1457
500 1180
500 1676
501 1761
502 1220
504 1290
504 1618
504 1232
504 1574
504 928
504 887
504 867
506 1216
506 1731
506 844
508 1627
508 543
508 166
508 282
508 1292
508 489
508 85
508 1061
509 1680
509 415
510 1452
510 540
510 667
512 276
512 1506
512 1685
512 53
512 1000
512 999
512 311
512 1175
512 1224
513 883
513 685
513 1394
513 1438
513 690
513 1764
514 1292
514 527
514 997
514 1232
514 1628
514 261
515 1941
515 409
515 39
515 773
515 1170
515 243
515 1783
516 292
516 1050
516 661
516 1071
516 1457
516 1908
516 832
517 418
517 711
517 393
517 534
517 851
519 465
519 1584
519 461
519 1386
520 1705
520 1170
523 370
523 949
523 1401
523 1596
523 172
523 1006
523 1102
524 980
524 887
525 532
525 1114
525 573
525 1277
525 1757
525 509
527 1035
527 1151
527 478
527 711
527 702
527 370
527 270
527 422
528 939
528 1865
528 569
528 1697
528 420
530 952
530 233
530 740
530 979
530 194
530 1055
530 1740
531 1258
531 352
531 1599
531 684
531 1754
531 100
531 1454
532 1721
532 577
532 874
532 862
532 134
532 1807
534 208
534 798
534 850
534 410
534 1265
534 1817
534 1467
534 752
536 524
536 476
536 266
536 1285
536 409
536 611
536 1938
538 520
538 1646
538 243
538 57
539 1301
539 387
539 1917
539 483
539 422
540 853
540 198
540 630
541 421
541 1270
541 1967
543 1114
543 1785
543 1177
543 1724
546 468
546 1990
546 383
546 299
546 1633
546 1195
546 173
546 1288
549 168
549 623
552 337
552 1232
552 292
552 1948
555 1104
555 1589
555 197
555 562
555 475
557 1435
557 1421
557 1620
557 1554
557 1438
558 270
558 866
558 873
558 987
558 1329
558 780
560 1037
560 1484
560 1153
560 1733
560 1195
560 328
562 1523
562 34
562 627
562 1874
562 613
562 433
563 1343
563 1065
563 1755
563 1680
563 927
563 1175
563 1062
565 766
565 849
565 1357
565 677
565 236
565 534
567 1533
567 481
567 954
567 335
567 216
567 1198
568 490
568 1180
568 199
568 437
569 447
569 282
569 1198
569 1482
569 543
569 617
569 857
572 1714
572 1512
572 87
572 1399
572 39
573 738
573 1031
573 1202
573 1322
574 1915
574 738
574 1255
574 1605
577 606
577 1765
577 31
577 1827
580 250
580 1657
580 134
580 1872
580 629
580 1771
580 57
581 1205
581 1707
581 1880
581 652
582 393
582 463
582 1667
583 591
583 961
583 849
583 1515
583 1768
583 1322
583 1600
585 504
585 37
585 484
585 1751
585 649
587 861
587 97
587 1506
587 1952
587 1164
587 1516
590 962
590 987
590 124
590 582
590 665
590 808
590 1015
590 927
590 609
590 1597
591 15
591 1915
591 232
591 808
591 1992
594 452
594 1769
594 1431
594 321
601 510
601 256
601 957
601 1357
601 694
601 524
602 1659
602 1674
602 952
602 1254
602 151
602 504
604 536
604 241
604 1705
604 866
604 1726
605 1265
605 1220
605 44
605 857
605 1234
605 289
605 1303
605 1430
606 1099
606 1646
606 1346
607 1236
607 1243
607 773
607 1707
607 926
607 1905
607 952
608 1888
608 1339
608 449
608 359
608 1773
609 61
609 954
609 1235
609 380
609 530
609 1685
609 531
609 248
609 1248
609 912
610 60
610 1673
610 10
610 1300
611 1935
611 1776
611 1789
612 1728
612 998
612 879
612 1195
612 1970
612 74
612 307
612 1948
612 641
612 498
614 941
616 295
616 167
616 1347
616 1030
616 298
616 594
617 390
617 1080
617 1232
617 1628
617 422
617 282
617 16
617 1503
617 1708
618 1669
618 1655
618 617
618 1418
620 1952
620 563
620 1393
620 464
620 1523
620 1373
620 764
621 35
621 1190
621 1057
622 1906
622 1011
622 1453
623 1517
623 1840
623 587
624 1471
624 1297
624 1045
624 1173
624 1265
624 487
624 952
624 853
624 1431
627 1594
627 994
627 1362
627 1206
627 204
627 69
628 1793
628 1945
628 706
628 825
628 1421
628 1283
628 1850
629 1210
629 684
629 956
630 727
630 912
630 82
631 428
631 994
631 1081
633 663
633 651
636 206
636 1469
636 168
636 159
636 1236
639 1990
639 1650
639 408
639 410
639 1406
640 1667
640 1406
640 835
640 288
640 1652
641 376
641 851
641 200
643 1598
643 1938
643 468
643 1506
646 563
646 1584
646 1925
646 1086
647 312
647 1809
647 867
647 1472
647 1891
649 1154
649 1434
649 1439
649 1651
649 710
651 1697
651 1723
651 853
651 1814
651 1012
651 312
651 393
651 1429
652 1386
652 958
652 628
652 133
652 1728
652 440
653 199
653 1365
653 523
653 1399
653 1982
653 1800
653 673
653 1344
655 610
655 1386
655 1496
655 829
655 461
655 752
655 1
655 703
655 908
656 428
656 1569
656 658
656 331
656 133
656 434
656 1206
658 722
658 48
658 37
658 506
658 308
658 480
659 1291
659 540
659 618
659 1112
659 1837
659 1367
661 1241
661 1249
661 1793
661 1491
661 298
661 1507
661 1610
661 746
661 1060
663 1747
663 1479
663 1216
663 1394
663 1588
663 861
663 757
664 1027
664 1409
664 1395
665 1794
665 1724
665 1717
665 1769
666 1951
666 265
666 1052
666 1190
666 1085
666 1589
667 483
667 999
667 621
667 1638
668 838
668 1395
668 1254
668 622
668 926
668 636
668 502
669 903
669 1788
669 1108
669 1915
669 93
669 456
669 658
669 601
671 1882
671 8
671 1181
671 1463
671 1584
671 1871
671 977
673 1320
673 668
673 1794
675 13
675 552
676 506
676 932
676 1248
676 838
677 1224
677 995
677 869
677 311
677 1319
680 274
680 249
681 743
681 825
681 932
681 823
681 1708
681 362
681 1209
684 44
684 94
685 172
685 1808
685 1904
687 44
687 1114
687 1512
689 1467
689 457
689 136
689 1615
689 1292
689 449
690 19
690 611
690 667
690 622
690 1296
690 141
690 500
690 557
694 1818
694 229
694 1397
695 973
695 246
695 1707
695 1720
695 111
696 1993
696 1183
696 766
696 1192
696 1385
696 1576
696 912
696 791
696 498
696 429
696 1553
698 1178
698 500
698 1489
698 701
698 1456
699 1431
699 1231
699 974
699 957
699 1276
699 481
699 1369
699 1963
701 1646
701 1925
701 1177
701 1108
701 1172
701 16
701 1154
702 371
702 225
702 88
702 1352
702 1448
702 1814
703 1717
703 469
703 942
703 408
703 696
704 857
704 1513
704 395
704 1426
706 1962
706 1134
706 1596
706 516
706 659
706 134
706 1702
706 1081
706 1484
706 1429
710 1513
711 122
711 1667
711 1625
711 1499
714 1827
714 1578
714 1513
716 661
716 1882
716 1194
716 790
717 973
717 187
717 1847
717 746
717 1012
717 1194
717 1051
719 15
719 217
719 792
719 610
719 509
719 315
719 1773
719 56
722 1154
722 401
722 1443
722 1607
722 1404
725 1730
725 1180
725 915
725 897
725 1736
725 558
726 1646
726 307
726 318
726 1893
726 1207
726 855
727 491
727 1009
727 848
727 296
727 1349
731 907
731 892
731 1656
731 1273
731 1175
731 1198
731 675
732 306
732 249
734 199
734 640
734 1514
734 1598
734 735
734 1827
734 744
734 849
735 1071
735 394
735 1003
735 136
735 203
735 465
736 1739
736 1765
737 1530
737 1041
737 250
737 813
737 743
738 684
738 824
738 257
738 1575
738 1899
739 1980
739 853
739 82
739 1930
739 1467
740 1328
740 198
740 864
740 1771
740 258
740 78
740 656
740 55
741 1721
741 463
741 1231
741 1265
741 222
741 1362
743 123
743 1721
743 208
743 128
743 1670
743 555
743 1304
744 1835
744 1899
744 892
744 977
744 1890
744 1734
745 128
745 1771
745 404
745 1171
746 949
746 57
746 1126
746 1503
748 1621
748 1043
748 1709
748 510
748 879
748 1307
750 490
750 491
750 218
750 1568
750 1600
750 270
752 497
752 1704
753 1907
753 1537
753 229
753 896
753 1471
753 1870
753 972
755 1582
755 84
755 1276
755 1443
755 1979
755 886
755 1533
755 830
755 1537
757 962
757 496
757 792
757 1045
757 440
757 331
757 722
757 517
760 383
760 356
760 487
761 1622
761 1948
761 546
761 1723
761 280
762 1512
762 1608
762 1971
762 162
762 620
762 366
764 256
764 1824
764 924
764 602
764 408
765 195
765 1670
766 808
766 771
766 398
766 1061
766 1581
769 186
769 1291
769 594
769 640
769 1871
769 1358
770 487
770 1069
770 883
770 1296
770 773
771 218
773 1655
773 223
773 1344
773 910
773 451
773 898
773 1660
780 1354
780 168
780 1374
780 664
780 1499
780 1714
780 235
780 833
781 884
781 1774
781 577
781 1017
781 873
781 1164
781 1549
781 1890
781 1599
781 6
781 1404
783 476
783 1256
783 1725
783 1180
783 891
783 1676
783 196
785 1317
785 159
785 610
785 676
785 359
788 302
788 1202
790 1418
790 1285
790 69
790 1181
790 1311
790 1693
790 594
790 40
790 714
791 128
791 1369
791 1517
791 1184
791 1533
791 102
791 1731
791 676
791 630
792 583
792 275
792 558
795 249
795 892
795 1904
795 1671
797 629
797 835
797 1448
798 85
798 740
799 1942
799 185
799 226
799 1644
799 780
799 1951
799 138
799 1296
800 1725
800 1173
800 1841
800 1774
800 369
802 1674
802 1010
802 1940
802 641
802 434
803 1287
803 380
803 582
803 1899
803 761
803 591
803 1086
804 10
804 123
804 1788
804 1534
804 386
807 1728
807 50
807 292
808 1484
808 433
808 289
808 1455
808 401
809 409
809 1001
809 1407
809 977
809 418
810 251
810 1324
810 1956
810 932
813 652
813 1985
813 1553
814 732
814 1465
814 248
814 1828
814 853
814 199
815 1199
815 622
815 1338
817 954
817 1050
817 235
817 684
817 1963
820 1386
820 1728
820 486
820 963
820 409
820 1692
820 939
820 1363
820 1422
823 725
823 74
823 1574
823 72
823 639
824 1206
824 1193
824 701
824 714
824 249
824 1282
824 1827
825 1792
825 1104
825 1014
825 1530
829 1184
829 1730
829 1344
829 108
830 1954
830 1120
830 422
830 1561
832 1463
832 1074
832 1646
832 206
833 1317
833 817
833 892
833 1709
835 562
835 1781
835 290
835 360
835 1950
835 493
838 1041
838 159
838 1636
838 630
838 1483
838 1029
838 1621
838 1899
838 383
838 1512
842 931
842 823
842 647
842 1296
842 1140
842 1952
843 481
843 1192
843 1513
843 1110
844 1358
844 253
844 433
845 122
845 924
845 1362
845 1660
848 133
848 1457
848 726
849 815
849 851
849 1655
850 99
850 264
850 543
850 16
850 1967
850 1413
851 465
851 1617
851 1722
851 339
851 508
851 107
852 197
852 1962
852 1505
852 1705
853 1124
853 1533
853 1852
853 389
854 1715
854 884
854 1136
854 706
854 303
854 77
854 1478
854 358
854 1809
854 1117
854 851
855 1332
855 569
855 1516
855 394
857 1839
857 1652
857 1159
857 312
857 1739
857 699
857 1817
858 1361
858 1221
861 1097
861 1417
862 1768
862 333
862 1018
862 815
862 39
862 1783
863 854
863 1812
863 701
864 162
864 338
864 1134
864 416
864 1419
864 666
865 437
865 695
866 515
866 633
867 1755
867 280
867 90
867 1399
867 591
868 331
868 1086
868 957
868 1307
868 84
868 1185
868 601
868 1584
868 1884
868 658
868 1940
869 1676
869 70
869 1067
869 867
869 6
869 949
869 1500
869 857
869 725
872 260
872 304
872 899
872 817
873 1460
873 1778
873 524
873 1582
874 1018
874 128
874 40
874 1050
874 726
874 464
876 872
876 1143
876 555
876 524
879 1154
879 1336
879 1589
882 178
882 1637
882 800
883 956
883 206
883 1021
883 750
883 272
884 1462
884 455
884 1079
884 843
884 1722
884 1977
886 680
887 19
887 1875
887 1518
888 74
888 1047
888 773
888 752
888 58
891 1018
891 486
891 1439
892 1888
892 1192
892 49
892 1792
892 270
896 1
896 1172
896 1429
896 910
897 1844
897 60
897 1882
897 770
897 192
897 908
897 1610
897 184
897 1136
898 1628
898 1134
898 956
899 1782
899 1030
899 1531
899 1439
899 1938
899 1366
899 1704
899 949
903 1205
903 980
903 1463
903 1140
903 1047
903 532
903 1817
903 1888
903 706
905 332
905 1708
905 1587
905 1263
905 1576
905 217
905 1670
907 739
907 1195
907 1072
908 1627
909 309
909 1435
909 1478
909 1978
910 1192
910 1406
910 848
910 620
910 1733
910 1201
912 434
912 447
912 165
912 927
913 519
913 1093
913 1245
913 927
913 195
914 491
914 1764
914 437
914 1187
915 673
915 604
915 1835
915 527
915 1650
915 1394
916 316
916 1685
916 1742
916 485
916 1143
916 97
919 1771
919 988
919 552
919 263
923 1725
923 1768
923 842
924 1440
924 854
924 145
924 1722
924 206
926 664
927 1273
927 341
927 74
928 1244
928 924
928 1233
928 1840
928 1447
928 861
928 200
928 481
928 1831
931 912
931 338
931 336
931 696
931 618
932 601
932 804
932 1633
932 1935
933 1224
933 275
933 133
933 331
933 1715
933 1362
933 1911
934 1524
934 897
934 216
934 58
934 415
934 1190
934 1
935 1611
935 414
935 788
935 386
939 1281
940 1757
940 1298
940 927
940 1425
940 887
940 1992
941 1925
941 6
941 1065
941 1192
941 810
941 1678
941 159
941 1350
942 1255
942 896
949 1263
949 1664
949 1498
949 1889
949 463
949 1749
949 1809
952 1140
952 1258
952 862
952 838
952 803
954 1529
954 1954
954 1683
954 1206
954 1605
955 246
955 649
955 591
955 501
955 1297
955 1908
955 1513
955 464
956 1270
956 833
957 661
957 380
957 769
957 1693
958 1942
960 256
960 1166
960 1465
960 1746
960 1733
960 371
960 1287
961 16
961 624
962 919
962 1498
962 1366
962 1647
962 1460
963 116
963 939
963 892
964 1062
964 381
964 498
967 908
967 456
967 1317
967 49
968 1350
968 1656
968 941
968 96
968 1233
968 379
968 1201
970 31
970 1765
970 1363
970 1
970 1362
970 232
970 123
970 1972
970 1035
972 1027
972 1604
972 1945
972 1868
973 311
973 1657
973 1753
974 1534
974 102
976 867
976 1220
976 1309
976 194
976 850
977 1349
977 1415
977 1219
978 939
978 1475
978 1746
978 1664
978 296
978 200
978 1615
979 1256
979 1871
979 1686
979 82
979 641
979 135
980 357
980 309
980 609
980 50
980 1476
980 1865
980 442
982 850
984 898
984 1911
984 1670
984 905
987 1944
987 87
987 1447
988 333
988 1852
988 613
988 1647
988 1844
988 1180
993 1840
993 1288
993 150
993 1709
993 639
993 1749
993 1592
994 428
994 1726
994 1394
994 1717
994 810
995 1715
995 1736
995 389
995 99
995 16
995 508
995 6
995 341
995 820
997 1961
997 681
997 1690
997 677
997 1514
998 1686
998 1697
998 1089
998 115
999 1501
999 849
999 752
999 1507
999 1044
999 217
1000 178
1000 633
1000 977
1001 285
1001 1842
1001 1184
1001 1818
1001 1674
1001 239
1001 1985
1003 594
1003 107
1003 1148
1003 410
1003 86
1003 649
1003 1280
1004 36
1004 577
1004 496
1004 1726
1004 258
1006 302
1006 1553
1006 1012
1006 1985
1006 666
1006 1588
1007 1102
1007 1611
1009 1194
1009 1118
1009 1421
1009 362
1009 1163
1010 1951
1010 891
1010 1006
1010 1697
1010 487
1010 1392
1011 1812
1011 1369
1011 331
1011 1148
1012 119
1012 175
1012 417
1012 743
1014 1967
1014 935
1015 795
1015 260
1015 791
1015 389
1015 591
1015 1975
1015 250
1017 1468
1017 567
1017 160
1017 231
1017 585
1018 1943
1018 135
1018 987
1018 1587
1018 257
1018 886
1021 250
1021 1339
1021 1317
1023 40
1027 480
1027 1778
1027 1817
1029 701
1029 272
1029 343
1029 1431
1029 1629
1029 783
1029 1120
1029 1533
1029 290
1030 1650
1030 1742
1030 1828
1030 1462
1030 1132
1031 348
1031 3
1031 1751
1031 1399
1031 1884
1031 919
1031 1233
1035 1386
1035 1715
1035 1288
1035 1656
1035 882
1037 1783
1037 356
1037 848
1037 331
1037 40
1039 1415
1039 274
1039 1021
1040 1388
1040 144
1040 201
1040 1689
1040 1042
1041 48
1041 332
1042 737
1042 1948
1042 1308
1042 661
1042 249
1043 1030
1043 967
1044 977
1044 488
1044 457
1044 995
1044 1468
1044 1700
1045 1601
1045 8
1045 136
1045 1303
1045 516
1045 512
1047 1007
1047 641
1047 1448
1047 159
1047 797
1047 908
1050 1448
1050 37
1050 1951
1050 1295
1050 659
1050 1030
1051 1891
1051 994
1051 1792
1051 1571
1051 1517
1052 1072
1052 527
1052 1270
1052 1831
1052 1942
1052 664
1052 673
1055 486
1056 1418
1056 288
1056 111
1056 1808
1056 1010
1056 770
1057 898
1057 1967
1057 1864
1057 359
1057 40
1060 1587
1060 1290
1060 1369
1060 394
1060 1722
1061 862
1061 1522
1061 295
1061 77
1061 1589
1061 1729
1062 1319
1062 1424
1062 652
1064 580
1064 429
1064 1344
1064 1647
1064 312
1064 1463
1064 961
1064 1236
1064 142
1064 1671
1065 135
1065 158
1065 472
1065 236
1065 1181
1066 745
1066 1985
1066 1175
1066 549
1066 516
1067 369
1067 1935
1067 1945
1067 356
1067 862
1068 988
1068 1462
1068 799
1069 1581
1069 1731
1069 1582
1069 967
1069 1872
1069 1374
1069 823
1069 1352
1069 916
1071 810
1071 585
1071 974
1071 49
1072 47
1072 1721
1073 1870
1073 1954
1073 1079
1074 848
1074 111
1074 1347
1074 1618
1075 44
1075 508
1076 696
1076 1724
1076 737
1076 1985
1076 451
1076 731
1076 549
1076 195
1076 133
1076 72
1078 395
1078 1533
1078 1336
1078 134
1079 493
1079 1250
1079 608
1079 1781
1080 1187
1080 664
1080 1135
1081 582
1081 416
1081 203
1081 447
1081 1501
1081 1352
1081 220
1085 1093
1085 487
1085 1280
1085 1003
1085 1997
1085 546
1085 1938
1086 658
1086 1270
1086 792
1086 296
1086 1207
1086 1060
1086 1672
1086 752
1087 1693
1087 1035
1087 142
1087 102
1087 785
1087 998
1088 622
1088 1515
1088 1852
1088 1392
1089 385
1089 486
1089 1986
1093 1443
1093 974
1093 35
1093 1309
1093 142
1097 1256
1097 601
1097 249
1097 1747
1099 1374
1099 942
1099 1199
1099 120
1099 1185
1102 111
1102 1075
1102 1692
1102 1614
1102 1468
1102 250
1104 493
1104 803
1104 201
1104 1067
1104 962
1108 1629
1108 613
1108 896
1108 1812
1108 442
1108 9
1108 845
1108 1861
1110 1336
1110 1657
1110 1072
1112 1290
1112 988
1112 817
1112 892
1112 1332
1112 1938
1112 114
1113 1725
1113 1052
1113 483
1113 1317
1113 1768
1114 351
1114 1977
1114 618
1114 1426
1114 1080
1114 1821
1114 1664
1117 1893
1117 888
1118 1599
1118 339
1120 1422
1120 752
1120 1297
1120 1293
1120 1309
1124 1273
1124 1057
1124 1828
1124 830
1124 1192
1124 1505
1124 667
1124 1850
1124 1079
1124 1628
1126 1480
1129 201
1129 967
1129 1159
1129 1657
1129 1944
1129 1273
1129 1237
1129 414
1129 1104
1129 1029
1129 855
1132 1882
1134 1367
1134 1132
1134 314
1134 519
1134 324
1135 1112
1135 1728
1135 1482
1136 1393
1136 1492
1136 977
1136 315
1136 440
1136 582
1136 869
1138 1803
1138 150
1138 91
1140 1023
1140 380
1140 208
1140 1617
1140 694
1140 1358
1140 166
1140 1582
1140 1407
1143 1659
1143 1734
1143 1198
1143 1674
1143 1193
1144 1942
1144 1730
1144 530
1144 685
1144 1453
1144 1783
1144 497
1146 1393
1146 1021
1146 669
1148 935
1148 958
1148 1104
1148 1785
1148 719
1148 1893
1148 1676
1148 1854
1151 1841
1151 1816
1151 628
1151 1237
1151 44
1151 1093
1151 611
1153 1180
1153 1729
1153 1994
1153 1012
1153 40
1153 1498
1154 1871
1154 1527
1154 781
1154 311
1154 1052
1156 762
1156 1069
1156 9
1156 1072
1158 1627
1158 1621
1158 973
1158 1764
1158 1542
1158 1407
1158 752
1158 1907
1159 1460
1159 228
1159 512
1159 862
1159 1099
1159 1718
1159 1066
1159 158
1159 1986
1159 1447
1160 1814
1160 627
1160 852
1163 667
1163 1515
1163 668
1163 912
1163 663
1163 582
1163 485
1164 1729
1164 1418
1164 1527
1164 1850
1164 214
1166 1586
1166 157
1166 1925
1166 783
1166 1937
1166 546
1166 745
1166 204
1169 288
1169 1075
1170 1517
1170 899
1171 516
1171 296
1171 797
1171 1607
1171 1251
1171 621
1172 1178
1172 998
1172 527
1172 1471
1172 429
1172 680
1172 1736
1172 1708
1172 1181
1172 1870
1172 927
1173 1148
1173 275
1173 141
1173 769
1175 1739
1175 1251
1175 997
1175 1254
1175 1358
1177 371
1177 1129
1177 1201
1177 883
1177 1386
1177 1751
1177 1222
1178 1393
1178 567
1178 933
1178 1600
1180 1561
1180 520
1180 1415
1180 1343
1180 463
1180 1720
1180 449
1181 1542
1181 680
1183 636
1183 292
1183 1308
1184 690
1184 480
1184 1708
1185 445
1185 1088
1185 1308
1185 1214
1185 1888
1187 19
1187 229
1187 738
1187 1544
1187 441
1187 1452
1190 1060
1190 1192
1190 1087
1190 76
1190 1714
1190 982
1190 347
1190 609
1191 528
1191 1243
1191 1800
1191 1499
1191 1428
1192 265
1192 1112
1192 762
1193 1469
1193 303
1193 123
1193 468
1194 1468
1194 1740
1194 1751
1194 1604
1194 558
1195 735
1195 336
1195 912
1195 808
1195 185
1196 1235
1196 988
1196 861
1196 1850
1196 1569
1197 1010
1197 381
1197 957
1197 1421
1198 117
1198 1820
1198 979
1198 1066
1198 685
1198 1863
1198 1431
1199 1673
1199 1288
1199 664
1199 1081
1199 1136
1201 170
1201 124
1201 623
1201 1031
1201 1295
1201 1023
1201 580
1202 608
1202 783
1202 133
1202 1844
1205 272
1205 1089
1205 1014
1205 1300
1205 671
1205 497
1205 773
1205 1875
1206 172
1206 1921
1207 897
1207 1407
1207 1646
1207 1489
1207 229
1207 516
1208 1807
1208 1767
1208 475
1208 444
1208 926
1209 1473
1209 1117
1209 1015
1209 1251
1209 1439
1209 1010
1210 1685
1213 687
1213 341
1213 13
1214 1980
1214 1479
1214 76
1214 698
1214 178
1216 769
1216 1667
1216 1443
1216 1052
1216 1944
1219 332
1219 501
1220 491
1220 919
1220 1821
1221 1982
1221 1661
1221 999
1221 1021
1221 74
1222 481
1222 16
1222 1933
1222 1373
1222 719
1222 927
1222 1476
1222 116
1224 1278
1224 1172
1224 1986
1224 1754
1224 1283
1224 555
1224 764
1229 124
1229 194
1229 738
1229 58
1229 1971
1231 285
1231 122
1231 272
1231 1160
1231 608
1231 1900
1232 1468
1232 1476
1232 1055
1232 689
1233 504
1233 1606
1233 206
1233 500
1233 1281
1233 258
1233 1729
1234 1023
1234 538
1234 1941
1234 845
1234 1800
1235 611
1235 385
1235 1715
1235 963
1236 500
1236 401
1236 1765
1237 1697
1237 1598
1237 771
1237 903
1237 1661
1237 1197
1241 664
1241 1904
1241 1102
1241 1561
1241 1657
1241 373
1241 253
1243 1479
1243 1817
1243 543
1243 862
1243 1837
1243 934
1243 748
1243 623
1244 1236
1244 223
1244 711
1244 699
1244 958
1245 567
1245 253
1245 1651
1245 437
1245 3
1245 1075
1248 1087
1248 1055
1248 373
1248 961
1248 1
1248 689
1249 498
1250 1087
1250 1343
1250 335
1250 455
1250 855
1250 636
1251 673
1251 1438
1251 1847
1251 769
1251 746
1254 1554
1254 1592
1254 1773
1254 540
1254 1287
1254 447
1254 1926
1255 606
1255 289
1255 270
1255 764
1255 1288
1255 1447
1256 1781
1256 627
1256 1975
1256 1060
1256 440
1256 377
1256 1633
1256 142
1256 783
1258 1467
1258 916
1258 1870
1258 285
1258 1659
1258 1443
1258 82
1258 1023
1263 792
1263 1889
1263 1060
1263 1656
1263 732
1263 117
1263 864
1263 876
1265 913
1265 1267
1265 854
1265 746
1265 1175
1266 1288
1266 587
1266 1821
1266 1209
1267 1397
1267 173
1267 108
1267 1285
1267 469
1270 1690
1270 1734
1270 814
1270 523
1270 142
1270 256
1270 531
1270 884
1270 309
1270 832
1270 1576
1270 746
1273 1358
1273 393
1273 472
1273 1460
1276 249
1276 1937
1276 62
1276 1081
1276 121
1276 1697
1276 226
1276 538
1276 844
1276 939
1277 203
1277 476
1277 1723
1277 722
1278 1517
1278 1537
1278 428
1278 753
1280 87
1280 684
1280 1603
1280 1007
1280 1632
1280 1582
1280 699
1281 862
1281 228
1281 381
1281 1087
1281 307
1281 669
1282 166
1282 995
1282 1553
1283 1578
1283 1715
1283 622
1285 1947
1285 312
1285 1158
1285 1739
1285 1891
1285 1273
1285 1808
1287 1197
1287 74
1287 610
1287 892
1287 1180
1287 1971
1287 1637
1287 962
1288 804
1288 630
1288 304
1288 1081
1288 328
1288 528
1288 1357
1288 1295
1288 324
1289 133
1289 1915
1289 1872
1289 740
1289 421
1290 1108
1290 1561
1290 1207
1290 1997
1290 1197
1290 265
1291 1343
1291 1406
1291 1943
1291 241
1291 624
1291 613
1291 1897
1292 1417
1292 984
1292 1587
1292 136
1292 1056
1292 1874
1292 96
1293 94
1293 1863
1293 73
1293 50
1293 10
1293 591
1293 1934
1293 927
1293 354
1295 1079
1295 104
1295 1736
1295 384
1295 1607
1295 810
1296 77
1296 677
1296 480
1296 861
1296 1448
1296 573
1296 898
1296 664
1296 1581
1297 833
1297 1208
1297 866
1297 21
1297 1951
1297 1330
1298 1021
1298 1052
1298 379
1298 1447
1298 608
1300 1385
1300 134
1300 762
1300 337
1300 49
1300 927
1300 844
1301 1523
1301 1110
1301 1190
1301 371
1303 1064
1303 1112
1303 1637
1303 725
1304 232
1304 820
1304 1183
1306 1523
1306 1569
1306 421
1306 56
1306 1900
1307 1764
1307 1192
1307 832
1307 1056
1307 823
1308 1592
1308 1906
1308 698
1308 1503
1308 1893
1308 1686
1308 1527
1309 659
1309 312
1309 748
1309 50
1309 1861
1309 1501
1309 1351
1309 1875
1309 1043
1311 1990
1311 704
1311 1148
1311 661
1311 115
1311 1248
1311 980
1311 1880
1311 1117
1317 1280
1317 1685
1317 1523
1317 1774
1317 534
1319 82
1319 488
1319 1042
1319 1219
1319 1622
1320 1319
1320 447
1320 1334
1320 591
1322 1880
1322 868
1322 1434
1324 1978
1324 463
1324 469
1324 978
1324 6
1324 745
1328 1336
1328 368
1328 1840
1328 496
1328 447
1328 781
1328 1291
1328 222
1329 1809
1329 401
1329 631
1329 1447
1329 111
1330 1618
1330 1113
1330 1178
1330 394
1330 1961
1330 1930
1330 1266
1330 1099
1332 797
1332 915
1332 813
1332 1438
1332 1285
1332 995
1332 1731
1333 1428
1333 265
1333 1655
1334 952
1334 1990
1334 882
1334 583
1334 611
1336 1982
1336 714
1336 1287
1336 1601
1336 855
1338 1114
1338 1079
1338 485
1338 220
1338 490
1339 371
1339 680
1343 735
1343 897
1343 1333
1343 1276
1343 1249
1343 525
1343 1655
1344 464
1344 1994
1344 368
1344 974
1344 1620
1344 491
1344 1812
1346 260
1346 999
1346 1489
1346 1603
1346 1574
1346 1418
1346 924
1346 1822
1346 1438
1346 481
1347 1825
1347 360
1347 1751
1347 790
1347 302
1347 1241
1349 1491
1349 410
1349 1270
1349 1112
1349 702
1349 1193
1350 849
1350 1977
1350 1773
1350 303
1350 371
1350 1632
1351 1809
1351 1769
1351 1664
1351 456
1351 1967
1351 1792
1351 485
1352 1040
1352 621
1352 1659
1352 1598
1352 1839
1352 852
1352 855
1353 1081
1353 1597
1353 949
1354 1140
1354 525
1354 820
1356 35
1356 1254
1356 633
1357 1343
1357 1824
1357 1606
1357 326
1357 647
1357 384
1357 465
1358 1582
1358 385
1358 1840
1358 1003
1361 1017
1361 290
1361 607
1361 1518
1361 1183
1361 908
1361 1849
1362 935
1362 246
1362 498
1362 123
1363 243
1363 1370
1363 1499
1363 339
1363 525
1363 229
1363 716
1363 1578
1363 74
1363 541
1365 850
1365 295
1365 1753
1365 1728
1365 853
1365 1697
1366 485
1366 585
1366 1805
1366 253
1367 1522
1367 1705
1367 1700
1367 1352
1367 849
1367 524
1369 1435
1369 508
1370 1276
1373 1469
1373 282
1373 664
1373 884
1374 194
1374 903
1374 235
1374 1041
1374 1672
1374 1467
1374 1067
1374 1476
1385 360
1385 145
1385 957
1385 1344
1385 1081
1386 1419
1386 1531
1386 1821
1386 1060
1386 627
1388 1241
1388 1794
1388 868
1388 1827
1392 282
1392 999
1393 1044
1393 1424
1393 1540
1393 475
1393 463
1394 68
1394 1925
1394 734
1394 633
1394 1471
1394 76
1394 35
1394 640
1395 1099
1395 621
1395 447
1397 442
1397 546
1397 972
1397 1673
1397 348
1397 1126
1397 1994
1399 1102
1399 1277
1399 1827
1399 1415
1401 1940
1401 186
1401 539
1401 97
1401 1081
1404 1621
1404 315
1404 126
1404 630
1404 1140
1404 604
1404 565
1406 122
1406 1661
1406 1169
1406 102
1406 1549
1406 549
1407 817
1407 1575
1407 764
1407 1809
1407 307
1407 1317
1409 1365
1409 741
1409 1330
1409 48
1413 791
1413 857
1413 988
1413 651
1413 1749
1413 1702
1413 762
1413 379
1413 582
1413 61
1415 1871
1415 1233
1415 1773
1415 1814
1415 844
1417 145
1417 1963
1417 1578
1417 61
1417 1800
1417 1475
1417 1767
1417 1187
1418 389
1418 487
1418 1497
1419 1409
1419 883
1419 1351
1419 1947
1419 1581
1419 1237
1419 1251
1421 1805
1421 1244
1421 1067
1422 1985
1422 935
1422 171
1422 1611
1422 1891
1422 510
1422 1354
1422 711
1422 1723
1424 108
1424 1715
1424 1440
1424 488
1425 1224
1425 1352
1425 910
1426 1637
1426 587
1426 1884
1426 1401
1428 1102
1428 348
1428 1273
1428 1300
1428 1725
1428 611
1428 6
1429 258
1429 409
1429 1298
1429 1190
1429 958
1429 1075
1429 347
1429 1649
1430 1482
1430 1906
1430 256
1430 1
1430 137
1430 119
1430 1986
1430 1540
1430 1164
1431 1621
1431 1280
1431 853
1431 324
1431 136
1431 1546
1434 1361
1434 390
1434 78
1434 1329
1434 738
1434 338
1434 1454
1434 1864
1434 1865
1435 496
1435 1852
1438 336
1438 134
1438 119
1438 1190
1438 807
1438 285
1438 218
1438 694
1438 1351
1438 510
1439 1773
1439 1908
1439 1533
1440 961
1440 696
1440 1582
1440 1102
1442 1306
1442 802
1442 864
1442 1807
1443 1290
1443 1249
1443 1854
1443 1961
1443 1060
1447 1140
1447 1659
1447 88
1447 1
1447 1778
1447 1945
1448 90
1448 850
1452 565
1452 341
1452 583
1452 960
1452 1311
1452 141
1452 1773
1452 1135
1453 308
1453 69
1453 1154
1453 1944
1453 1134
1453 168
1454 1234
1454 1617
1455 384
1455 656
1455 1739
1455 480
1456 844
1456 1277
1456 1160
1456 1670
1457 1882
1457 745
1457 194
1457 602
1460 1197
1460 1290
1460 1678
1460 1993
1460 800
1462 1809
1462 752
1462 137
1462 764
1462 1465
1462 1975
1462 1890
1462 1576
1462 1158
1463 1542
1463 1637
1463 702
1463 1994
1464 1114
1464 1289
1464 1251
1464 1276
1464 939
1465 1435
1465 1460
1467 1281
1467 646
1467 869
1467 1835
1467 194
1467 91
1468 1972
1468 298
1468 57
1468 792
1468 1124
1468 1171
1468 1637
1468 192
1469 829
1469 993
1469 1040
1469 57
1469 607
1471 1875
1471 1124
1471 1329
1471 1730
1471 134
1471 962
1471 830
1472 1874
1472 1644
1472 296
1472 970
1472 830
1473 1704
1473 1017
1473 760
1473 1889
1475 13
1475 1660
1475 1290
1475 1088
1476 1194
1476 1219
1476 528
1476 48
1476 94
1478 1586
1478 235
1478 854
1478 1354
1478 1254
1478 1743
1478 1291
1479 1213
1479 119
1479 133
1480 1889
1480 842
1480 1184
1480 1921
1482 884
1482 76
1482 999
1482 1628
1483 1785
1483 1909
1483 194
1483 178
1483 1767
1483 1430
1484 57
1484 1023
1484 1181
1484 1190
1484 1828
1484 1040
1489 848
1489 1366
1489 1307
1489 1453
1489 735
1490 395
1490 908
1490 666
1491 628
1491 978
1491 858
1491 1751
1491 1085
1491 1460
1491 1289
1492 483
1492 137
1492 1963
1492 500
1492 172
1492 1807
1492 455
1492 1501
1496 643
1496 1672
1497 1303
1497 1604
1498 1516
1498 1627
1498 442
1498 820
1498 384
1498 1112
1498 1788
1498 1307
1499 1674
1499 359
1499 865
1499 973
1500 669
1500 1069
1500 1781
1500 199
1500 565
1500 857
1500 1942
1500 1102
1501 934
1501 1854
1501 1419
1501 44
1501 1598
1503 384
1503 1732
1503 1592
1503 232
1505 1792
1505 1086
1505 795
1505 1216
1505 326
1505 803
1505 1392
1505 1625
1505 792
1506 1546
1506 1000
1506 1805
1506 1213
1507 338
1507 865
1512 1104
1512 664
1512 1607
1512 1356
1513 1221
1513 1490
1514 1930
1514 1884
1515 1086
1515 510
1516 386
1516 1979
1516 1967
1516 116
1517 208
1517 418
1517 1088
1517 39
1518 949
1518 874
1518 569
1518 1298
1518 175
1522 1344
1522 1352
1522 892
1522 1685
1522 798
1522 476
1522 1413
1522 790
1522 1921
1523 142
1523 231
1523 873
1523 309
1523 803
1523 1490
1524 263
1524 9
1524 1306
1524 303
1527 102
1527 1900
1527 740
1527 641
1527 1311
1529 1875
1529 208
1529 1820
1529 1527
1529 1129
1529 235
1530 1517
1530 1001
1530 1250
1530 1160
1530 820
1531 1962
1531 1291
1531 1201
1531 1300
1531 256
1531 62
1531 1954
1533 1110
1533 957
1533 1529
1533 739
1533 1417
1534 601
1534 1930
1534 961
1534 1419
1534 1776
1534 1833
1534 711
1537 884
1537 849
1537 912
1537 1045
1537 1015
1540 1644
1542 1102
1542 970
1542 472
1542 639
1544 498
1544 896
1544 253
1544 543
1544 854
1544 115
1544 1941
1544 1468
1544 1961
1546 1584
1546 1399
1546 331
1546 869
1546 208
1546 1067
1546 711
1546 61
1549 135
1549 1047
1549 1954
1549 356
1549 74
1553 233
1553 1503
1553 970
1553 1677
1553 512
1553 695
1554 1909
1559 1948
1559 1620
1559 706
1559 1549
1561 1672
1561 803
1561 1588
1561 1224
1561 1761
1561 1287
1565 295
1565 155
1565 1872
1568 1468
1568 116
1569 1159
1569 1490
1569 1292
1569 842
1569 1170
1569 798
1569 970
1571 1594
1571 549
1571 1319
1571 813
1573 385
1574 151
1574 393
1574 1148
1574 817
1575 558
1575 241
1575 577
1575 304
1575 1339
1575 1491
1576 681
1576 1891
1576 1336
1576 631
1578 447
1578 629
1578 48
1578 829
1581 1202
1581 574
1581 243
1581 434
1581 299
1581 887
1581 1921
1582 1791
1582 605
1582 421
1582 292
1582 800
1582 633
1582 752
1584 701
1584 272
1584 336
1584 1180
1584 580
1584 1353
1584 677
1586 445
1586 643
1586 379
1586 572
1586 949
1586 362
1586 1435
1586 825
1586 1615
1586 166
1586 447
1586 391
1586 1767
1586 1785
1586 1307
1587 1808
1587 652
1587 1711
1587 1429
1587 1751
1588 288
1588 1454
1588 994
1588 651
1588 1164
1588 1102
1589 1537
1589 1132
1592 687
1592 1963
1592 799
1592 914
1594 845
1594 560
1594 1530
1594 228
1594 737
1594 739
1594 643
1594 1465
1594 798
1596 103
1596 38
1597 260
1597 769
1597 516
1597 514
1597 1980
1597 909
1598 1729
1598 1608
1598 1808
1598 1947
1598 1172
1598 1464
1599 1007
1599 1586
1599 332
1600 1985
1600 100
1600 1280
1600 1783
1601 656
1603 980
1603 1831
1603 114
1604 121
1604 201
1604 1608
1604 606
1604 1135
1604 666
1605 1452
1605 1120
1606 1035
1606 710
1606 261
1606 919
1606 849
1606 1473
1606 1880
1606 21
1606 1754
1606 275
1606 351
1606 591
1607 734
1607 1409
1607 1540
1607 250
1607 514
1607 1317
1607 1700
1607 1014
1607 804
1608 1172
1608 490
1608 1641
1608 765
1610 820
1610 1385
1610 1190
1610 1243
1610 1042
1610 1250
1611 1483
1611 465
1614 1817
1614 520
1614 437
1614 735
1614 1
1615 1664
1615 1015
1615 1818
1615 393
1615 646
1615 197
1615 1292
1617 1830
1617 429
1617 159
1618 1031
1618 1213
1618 1582
1618 525
1618 137
1620 1392
1620 296
1620 408
1620 932
1620 1987
1620 447
1621 1354
1621 706
1621 39
1621 1456
1621 879
1621 845
1621 933
1621 788
1621 1742
1622 919
1622 1440
1622 569
1625 1633
1625 1947
1625 999
1627 1615
1627 1030
1627 1559
1628 696
1628 832
1628 602
1628 1944
1629 1374
1629 225
1629 220
1629 531
1629 1439
1632 1435
1632 738
1632 1615
1632 1089
1632 1582
1632 1997
1632 695
1632 669
1633 39
1633 299
1633 1698
1636 119
1636 1004
1636 1295
1636 1222
1636 1542
1636 1465
1636 72
1637 184
1637 1599
1637 1589
1637 830
1638 1309
1638 1206
1638 1980
1638 1066
1638 1661
1641 314
1641 1702
1641 1050
1641 755
1641 639
1641 823
1644 332
1644 168
1644 1075
1644 316
1644 1197
1645 753
1645 656
1645 50
1645 685
1645 1840
1645 611
1646 380
1646 752
1646 39
1646 1611
1646 1166
1646 783
1647 1842
1647 385
1647 569
1649 1671
1649 1985
1649 745
1649 265
1650 669
1650 1197
1650 1320
1650 214
1650 151
1650 1870
1650 610
1650 1056
1651 1783
1651 314
1651 1940
1651 888
1652 248
1652 394
1652 857
1655 317
1655 1633
1655 168
1656 1164
1656 738
1656 907
1656 1110
1656 694
1656 1605
1657 476
1657 621
1657 527
1657 1235
1657 1925
1657 898
1657 137
1659 1440
1659 1000
1659 1156
1659 160
1659 1599
1659 1473
1659 783
1660 609
1660 1683
1660 257
1660 1196
1660 1055
1660 652
1660 352
1660 1614
1660 516
1661 119
1661 236
1661 1604
1661 1835
1661 1491
1661 208
1661 1298
1661 1324
1661 1501
1664 1001
1664 1693
1667 1351
1667 1972
1667 172
1669 536
1669 1617
1669 1320
1670 968
1670 719
1670 530
1670 1417
1670 687
1670 1620
1670 1906
1671 328
1671 1363
1671 90
1671 231
1671 1844
1671 1685
1671 1776
1672 486
1672 1254
1672 1409
1672 72
1672 785
1672 694
1672 385
1672 1206
1673 169
1673 1395
1673 298
1673 919
1673 1280
1673 1439
1674 963
1674 807
1674 1282
1674 1900
1674 892
1676 248
1676 1888
1676 274
1677 1680
1677 1979
1677 289
1677 621
1677 512
1678 1594
1678 194
1678 546
1678 1060
1678 314
1678 1392
1678 1790
1680 1304
1680 1948
1680 844
1680 213
1680 1890
1680 1971
1680 1099
1683 335
1683 977
1683 506
1683 135
1683 220
1683 496
1683 1169
1683 1041
1683 1963
1683 1154
1685 1499
1685 1347
1685 661
1685 36
1685 1206
1685 974
1686 217
1686 1370
1686 114
1689 214
1689 1582
1689 1193
1689 290
1689 50
1690 833
1690 658
1690 203
1690 1471
1690 1214
1690 1465
1690 1926
1692 757
1692 275
1693 159
1693 485
1693 1293
1693 552
1693 1003
1694 1771
1694 376
1694 100
1694 896
1694 481
1694 976
1694 536
1694 200
1694 832
1697 1657
1697 1347
1697 1574
1697 835
1697 1709
1697 873
1698 1649
1698 1158
1698 258
1698 1514
1700 1886
1700 1825
1700 198
1700 159
1700 292
1700 97
1700 1199
1700 809
1702 1672
1702 1500
1702 1542
1702 1280
1702 1671
1702 1235
1702 872
1704 1300
1704 1333
1704 1708
1704 651
1704 741
1704 1907
1704 814
1704 1334
1704 1578
1704 324
1704 497
1705 175
1705 326
1705 352
1705 1452
1705 1656
1705 243
1705 463
1705 1213
1707 663
1707 486
1707 381
1708 371
1708 1126
1709 370
1709 1852
1709 437
1709 883
1709 1817
1709 1472
1709 722
1709 199
1711 1542
1711 1229
1711 1187
1711 1821
1711 366
1711 1686
1711 54
1711 222
1714 612
1714 631
1714 933
1714 256
1715 1035
1715 1454
1715 716
1715 907
1715 1394
1715 6
1715 886
1717 159
1717 618
1717 1925
1717 1650
1717 1506
1717 232
1717 1112
1718 1191
1718 594
1718 714
1718 383
1720 170
1720 1163
1720 476
1720 260
1721 246
1721 1006
1721 1415
1721 857
1721 165
1721 623
1721 321
1722 21
1722 217
1722 1399
1722 1664
1722 4
1722 416
1722 617
1722 851
1723 838
1723 1207
1723 1010
1723 1948
1723 285
1723 940
1723 997
1724 577
1724 788
1724 664
1724 995
1724 1193
1724 210
1725 1874
1725 1886
1725 1224
1725 572
1725 1041
1725 223
1726 539
1726 583
1726 852
1726 1660
1726 1581
1728 1367
1728 1641
1728 1659
1728 1875
1728 979
1729 303
1729 640
1729 1531
1729 744
1729 764
1729 421
1730 905
1730 1170
1730 864
1730 675
1731 677
1731 1746
1731 1496
1731 1209
1731 167
1731 1394
1732 1469
1732 332
1732 1874
1732 1144
1732 557
1732 1594
1733 376
1733 1674
1733 1943
1733 1263
1733 666
1734 1334
1734 844
1734 274
1734 1003
1736 194
1736 1529
1736 884
1736 162
1736 659
1736 398
1736 685
1736 357
1739 73
1739 797
1739 1990
1739 1788
1740 119
1740 258
1740 90
1742 1356
1742 1507
1742 976
1742 1549
1742 1571
1742 565
1743 1110
1743 807
1743 1516
1743 726
1743 1596
1743 1661
1743 1715
1746 1607
1746 955
1746 876
1746 1980
1746 1093
1746 927
1746 807
1746 1490
1746 107
1746 128
1747 1754
1747 1725
1747 442
1747 1136
1749 1513
1749 13
1750 1714
1750 771
1750 1104
1750 1093
1751 1947
1751 449
1751 311
1751 698
1751 610
1751 141
1751 1793
1751 862
1753 8
1753 790
1753 907
1753 1236
1753 220
1753 386
1753 954
1753 1890
1753 512
1754 604
1754 384
1754 788
1754 803
1754 1669
1754 44
1755 1151
1755 706
1755 773
1755 912
1755 70
1755 1015
1755 1425
1755 872
1757 1746
1757 567
1761 1102
1761 235
1761 1935
1761 429
1764 1982
1764 974
1764 1146
1765 1160
1765 225
1765 102
1765 103
1767 915
1767 20
1767 1277
1767 1251
1767 565
1768 1833
1768 1740
1768 808
1768 1112
1769 292
1769 69
1769 276
1769 815
1769 698
1769 1561
1769 1527
1769 465
1769 1637
1771 389
1771 1154
1771 241
1773 750
1773 905
1773 231
1773 408
1773 1655
1773 851
1773 1306
1773 809
1774 178
1774 1496
1774 501
1774 377
1774 1297
1774 573
1774 359
1776 168
1776 96
1776 1343
1776 1755
1776 47
1776 741
1776 20
1778 1457
1778 1263
1778 1124
1778 1512
1778 1734
1778 652
1781 1237
1781 1940
1781 1021
1781 489
1782 1581
1782 1621
1782 745
1782 336
1783 587
1783 208
1783 373
1783 1523
1783 410
1785 1889
1785 762
1785 486
1788 490
1788 60
1788 1773
1789 1625
1789 696
1790 980
1790 295
1790 91
1791 1817
1791 317
1791 1925
1791 295
1792 469
1792 941
1792 1205
1792 260
1792 1175
1792 1428
1792 1926
1792 1956
1793 233
1793 1196
1793 1933
1793 1894
1794 483
1794 1549
1794 623
1794 1113
1794 1081
1794 1627
1794 408
1799 1146
1799 882
1799 1448
1799 842
1800 543
1800 617
1800 1975
1800 282
1800 842
1800 1498
1800 1534
1800 360
1800 732
1800 664
1803 1607
1803 347
1803 285
1803 408
1805 663
1805 1291
1805 926
1805 1781
1807 124
1807 699
1807 1346
1807 1942
1807 673
1808 87
1808 1627
1808 835
1808 993
1809 1704
1810 84
1810 1177
1810 1263
1810 695
1810 549
1812 136
1812 1180
1812 873
1812 1992
1814 1790
1814 486
1814 899
1816 675
1816 1453
1816 665
1816 97
1816 306
1816 1627
1816 1158
1816 460
1816 451
1817 769
1817 203
1817 1808
1817 1195
1817 1749
1817 1594
1818 1419
1818 451
1818 569
1818 1941
1818 800
1818 275
1820 1270
1820 956
1821 510
1821 484
1822 173
1822 21
1822 289
1822 973
1824 452
1824 910
1824 515
1824 824
1824 384
1824 591
1824 1010
1824 246
1825 1332
1825 60
1825 999
1825 1720
1825 441
1825 676
1826 955
1826 229
1826 360
1826 716
1826 1471
1826 1722
1826 1404
1826 732
1826 695
1827 1882
1827 1542
1827 1289
1828 1039
1828 1507
1828 168
1828 802
1828 16
1828 409
1830 752
1830 1289
1830 1367
1830 1715
1830 1438
1830 764
1830 487
1830 187
1831 1905
1831 560
1831 1415
1831 1035
1831 1725
1831 1221
1833 479
1833 280
1835 703
1835 1263
1835 115
1835 892
1837 740
1837 701
1837 102
1837 1501
1837 1216
1837 520
1837 865
1839 792
1839 1062
1839 610
1839 1961
1840 1117
1840 1191
1840 1281
1841 1180
1841 800
1841 1256
1841 967
1841 8
1842 451
1842 128
1842 1413
1842 1346
1842 519
1844 1074
1844 694
1844 1603
1844 111
1844 1385
1844 905
1847 861
1847 1052
1847 1476
1847 86
1847 1498
1847 165
1847 196
1848 602
1848 206
1848 1328
1848 34
1848 339
1848 1030
1848 1144
1848 1015
1849 1040
1849 1999
1849 1078
1849 390
1850 744
1850 891
1850 434
1850 912
1850 958
1850 835
1850 1672
1852 1565
1852 1709
1852 1288
1852 560
1854 829
1854 652
1854 874
1854 1935
1856 415
1856 1216
1856 540
1856 1600
1856 1807
1856 979
1861 457
1861 892
1861 624
1861 124
1861 717
1861 288
1863 1514
1863 1971
1863 331
1863 338
1863 1930
1864 1086
1865 1256
1865 1882
1865 612
1865 552
1865 1986
1865 381
1865 223
1865 1435
1868 1060
1868 461
1868 1367
1868 961
1868 788
1868 968
1870 371
1870 1061
1870 1880
1870 1454
1870 1962
1871 1874
1871 1031
1871 689
1872 1527
1872 563
1872 1362
1872 1646
1872 1513
1872 94
1874 1651
1874 1884
1874 1751
1874 1598
1874 1201
1874 1301
1875 647
1875 68
1875 1476
1875 121
1875 1482
1880 236
1880 1718
1880 803
1880 142
1880 1656
1880 517
1882 90
1882 1743
1882 838
1882 1464
1884 68
1884 655
1884 799
1886 1587
1886 515
1886 1369
1888 1980
1888 1977
1888 358
1888 1702
1888 366
1888 1055
1889 206
1889 1768
1889 1990
1890 1660
1890 1067
1890 813
1890 1306
1890 1422
1890 97
1890 976
1891 1884
1891 651
1891 1413
1891 126
1891 1426
1891 641
1891 1056
1893 1588
1893 1584
1893 1791
1893 1078
1893 1978
1894 1492
1894 641
1894 50
1894 78
1894 1311
1897 1339
1897 464
1897 1702
1897 1939
1897 452
1897 178
1897 1943
1899 31
1899 1842
1899 671
1899 1984
1899 1399
1899 306
1899 1670
1899 486
1899 4
1900 93
1900 1875
1900 972
1900 1746
1900 1769
1900 1343
1900 1369
1900 1514
1904 275
1904 463
1904 469
1904 727
1904 500
1904 1448
1904 1708
1905 1185
1905 1709
1905 1114
1905 1307
1905 1600
1905 485
1906 1764
1906 1064
1907 1160
1907 1721
1907 1471
1907 1582
1908 103
1908 434
1908 1757
1908 54
1908 257
1908 1385
1908 137
1909 1939
1909 1934
1909 1667
1909 390
1909 594
1911 587
1911 1660
1911 464
1911 964
1911 1614
1911 1081
1911 1163
1912 862
1912 909
1912 1478
1912 585
1912 1523
1912 753
1915 640
1915 1078
1915 710
1917 1353
1917 235
1917 61
1917 557
1917 321
1917 256
1917 1440
1917 1724
1921 1071
1924 508
1924 1000
1924 1933
1925 509
1925 1151
1925 1014
1925 1304
1925 134
1925 1075
1925 172
1925 31
1925 1542
1926 383
1926 217
1926 1581
1928 1160
1928 94
1928 460
1928 934
1928 1771
1930 1872
1930 972
1930 531
1933 757
1933 1166
1934 1644
1934 1768
1934 1258
1934 175
1934 760
1934 359
1935 783
1935 883
1935 1928
1935 77
1937 746
1937 197
1937 1599
1937 1573
1937 1943
1937 516
1937 229
1938 574
1938 178
1938 1290
1938 1270
1939 1207
1939 1704
1939 803
1939 270
1939 594
1939 1512
1940 1347
1940 1009
1940 1056
1940 203
1940 478
1940 1447
1940 1172
1940 1104
1940 39
1941 668
1941 517
1941 1303
1941 1512
1941 1906
1941 1394
1941 1140
1941 1464
1942 197
1942 1301
1942 243
1943 1637
1943 1163
1943 568
1943 1782
1943 483
1943 21
1943 1861
1944 339
1944 673
1944 198
1944 714
1945 525
1945 961
1945 1205
1945 1540
1945 1358
1945 256
1945 1463
1947 652
1947 1705
1947 941
1947 1816
1950 368
1950 646
1950 1799
1950 220
1950 1568
1950 269
1951 1821
1951 888
1951 1582
1951 1419
1951 338
1951 1747
1951 549
1951 1395
1952 213
1952 1711
1952 833
1952 803
1952 379
1952 809
1952 1962
1954 1546
1954 1476
1954 1193
1954 935
1954 1937
1956 54
1956 1751
1956 916
1956 957
1961 675
1961 1730
1962 1677
1962 1928
1962 830
1963 932
1963 1039
1963 863
1963 832
1963 332
1963 1334
1963 1530
1963 1574
1963 612
1963 1742
1963 1306
1967 429
1967 874
1967 1040
1967 727
1967 1571
1967 410
1967 1565
1967 1194
1967 476
1967 502
1970 1040
1970 964
1970 1306
1970 1549
1970 1208
1971 484
1971 874
1971 256
1975 1088
1975 1156
1975 583
1977 1388
1977 932
1977 44
1977 203
1977 1559
1978 282
1978 824
1978 1210
1978 488
1978 1401
1979 272
1979 1287
1979 1963
1979 1904
1979 898
1980 1456
1980 385
1980 1765
1980 1576
1980 1039
1980 1180
1982 1956
1982 137
1982 1505
1982 485
1982 1027
1984 418
1984 804
1984 360
1984 1607
1984 398
1985 722
1985 926
1985 1282
1985 1219
1985 732
1985 124
1986 873
1986 1456
1986 1393
1986 1908
1987 1747
1987 263
1987 1184
1987 732
1987 1498
1987 475
1990 490
1990 1554
1990 19
1990 795
1990 1778
1990 117
1990 128
1990 1937
1990 1984
1992 1267
1992 640
1992 1604
1993 934
1993 1732
1993 520
1994 401
1994 253
1994 703
1996 1807
1996 348
1996 1655
1996 964
1996 331
1996 1483
1996 1871
1997 1267
1997 1282
1997 389
1997 54
1999 108
1999 326
1999 785
1999 1586
1999 962
1999 1649
1999 513
1999 1771
