2 619
2 1742
2 961
2 1348
2 1063
2 731
2 1158
2 1132
2 1688
2 618
3 287
3 626
3 1095
3 772
5 279
5 1419
5 449
10 92
10 664
10 862
10 191
10 299
10 946
14 395
14 1936
14 931
14 408
14 196
14 1450
15 572
15 1819
15 478
18 1653
18 1629
18 299
18 545
21 648
21 1763
21 1916
21 484
21 166
21 1935
22 1619
22 1445
22 834
22 369
22 431
22 1026
23 292
23 1690
24 1199
24 612
24 1440
24 1705
24 1783
29 73
29 281
29 836
29 470
34 1655
34 979
34 1241
35 732
35 964
35 1944
35 748
35 1731
35 832
37 431
37 1962
37 1308
44 342
44 886
44 998
44 953
44 1091
44 859
44 1420
46 1851
46 18
46 1880
46 975
47 761
47 354
47 721
47 82
49 1063
49 240
49 1211
51 330
51 680
51 1808
51 447
53 175
53 248
53 349
53 759
53 1589
54 493
54 899
54 1258
54 993
54 1505
54 1362
56 801
56 856
56 1155
56 295
56 1801
58 836
58 106
60 502
60 1365
60 159
60 1603
60 1217
60 208
64 1797
64 324
64 1832
64 352
66 1375
66 183
70 202
70 1559
70 422
72 29
72 1552
72 1864
72 1921
72 838
73 219
73 1181
73 1139
73 1590
73 1099
73 348
73 51
73 1350
73 772
75 1551
75 1938
75 473
75 60
77 1210
77 1805
77 1136
77 528
77 1561
78 1233
78 861
79 1028
79 1673
79 431
79 1586
80 1140
80 596
80 1415
80 46
80 813
82 1988
82 70
82 179
82 1993
82 622
82 1459
83 953
86 110
86 1026
86 1697
86 397
87 1322
87 402
87 140
89 1870
89 1289
89 953
89 436
92 515
92 1709
92 1745
92 417
92 1369
93 1226
93 495
93 1533
93 229
94 53
94 1595
94 175
94 1870
101 868
101 1043
101 1888
101 943
101 1326
101 1737
101 1788
101 935
103 1171
103 731
103 316
103 861
103 658
103 89
103 773
106 1047
106 1555
106 775
106 1092
106 776
106 320
106 693
108 1363
108 1821
108 784
108 1733
110 366
110 602
110 1113
110 1604
110 1187
110 1163
110 1254
110 693
112 1413
112 924
112 1151
113 801
113 299
113 144
113 1526
115 592
115 420
115 1485
115 821
115 1419
115 1498
116 776
116 1091
116 1217
116 664
120 1528
120 1074
120 1765
120 1843
120 1982
120 1193
121 184
121 1887
121 964
123 982
123 1719
123 1843
123 1057
123 1915
123 1187
123 1321
123 1870
123 977
123 460
123 415
124 1448
124 284
124 1370
124 1408
124 483
128 1058
128 1604
128 1098
128 622
128 1169
128 875
130 1293
130 802
130 1150
130 739
131 738
131 1687
131 1763
131 1335
135 1557
135 1690
135 761
135 1330
135 106
136 206
136 1382
136 342
136 528
138 265
138 54
140 396
140 1198
144 1998
144 242
144 1930
144 558
144 1159
155 1744
155 1921
155 1131
155 1429
155 162
155 1938
155 921
155 210
155 987
156 1136
156 135
156 521
156 1322
156 664
157 487
159 706
159 606
159 1025
159 454
159 1181
162 1621
162 237
162 185
162 946
162 463
166 1279
166 1318
166 1530
166 1229
166 1700
166 1969
168 514
168 594
168 1738
168 1788
169 705
169 605
169 1223
169 1133
169 1916
169 1113
169 1050
169 135
170 1459
170 1139
170 1208
171 1416
171 157
171 849
172 863
172 1731
172 1559
172 14
172 1387
172 1843
172 1141
175 1714
175 1522
175 1776
175 1362
176 162
176 756
179 592
179 822
179 1788
179 860
183 388
184 620
184 1420
184 1295
184 830
184 420
184 58
184 773
184 194
185 1395
185 1245
185 782
185 835
185 1153
185 821
186 1615
186 542
186 316
186 285
186 1582
186 1182
187 863
187 1028
188 1348
188 267
188 187
188 196
188 1084
188 1090
189 113
189 407
189 315
189 209
189 558
189 547
189 1964
189 135
189 1542
191 1881
191 518
191 579
191 835
191 680
191 1066
194 215
194 374
194 731
194 386
194 1136
196 1881
196 1147
196 457
196 1089
196 801
196 1030
196 1898
198 1458
198 1425
201 1792
201 740
201 1208
201 495
201 1132
201 176
202 633
202 1395
202 186
202 1366
202 1851
202 1979
206 983
206 501
206 265
206 115
206 1318
206 331
206 856
208 988
208 1589
208 959
208 515
209 449
210 1249
210 899
210 1714
210 284
210 579
210 1105
210 115
210 1530
215 953
215 302
215 1967
215 1088
215 524
218 1211
218 175
218 171
218 944
218 571
218 1187
219 1210
219 1066
219 1492
220 1321
220 643
220 188
220 1466
220 1091
227 1345
227 522
227 1433
228 1995
228 1584
228 136
229 771
229 394
230 1690
230 1904
230 600
230 750
230 1986
230 232
231 1164
231 953
231 1604
232 1809
232 577
232 547
232 737
232 1788
233 1121
233 601
233 1108
233 1426
233 1700
233 382
233 1689
235 686
235 1538
236 325
236 1199
237 1084
237 1770
237 231
237 1450
237 856
237 306
239 1880
239 1918
239 870
239 1492
239 374
239 1690
239 1550
240 1375
240 1021
240 284
240 1416
240 287
242 1433
242 1360
242 1586
242 218
242 202
244 455
244 407
244 1074
248 1420
248 276
248 858
248 1050
248 196
248 1389
248 754
249 116
249 1823
249 1843
249 945
249 1056
249 632
257 855
257 419
257 1622
257 342
257 1040
259 596
262 1226
262 1132
262 1382
265 669
267 186
267 1988
267 1843
270 1004
270 483
271 1843
271 548
271 1891
272 218
272 64
272 480
272 701
272 1921
272 1521
273 612
273 1235
273 661
274 845
274 1088
275 1389
275 1462
275 1190
276 1764
276 1301
276 671
276 420
276 396
276 817
276 573
276 457
276 585
279 402
279 1073
279 1936
279 1187
281 670
281 606
281 1274
281 349
281 875
281 1090
282 1853
282 626
282 1979
282 1528
282 1740
282 457
283 86
283 1709
283 1979
283 240
284 1904
284 1615
284 275
285 124
285 1404
285 1846
285 836
285 658
286 1133
286 490
286 1132
286 686
286 720
286 868
287 923
287 1799
288 1325
288 489
288 331
289 592
289 1798
289 1436
289 915
289 186
289 1147
290 435
290 1148
290 1889
290 991
290 989
290 1779
291 693
291 610
292 1201
292 1085
292 1199
292 542
292 1036
292 1183
292 536
295 282
299 1544
299 1498
302 429
302 931
302 1270
302 1483
303 891
303 1254
303 579
303 704
303 282
303 328
303 1271
306 312
306 866
306 302
306 422
306 1699
306 386
306 1089
306 1354
306 1060
309 443
309 582
309 70
309 618
309 1797
309 1699
309 521
312 565
312 1904
312 1265
312 1378
312 1994
314 582
314 934
314 1832
314 287
314 661
315 1288
315 1921
315 1840
315 110
316 121
316 189
317 1035
317 270
317 362
317 1744
319 1303
319 363
319 1731
319 656
320 658
320 1816
320 773
324 1788
324 1318
324 281
324 1225
324 309
325 1860
325 330
325 131
325 1574
325 1151
325 845
326 185
326 495
326 87
326 1241
327 348
327 1420
327 618
327 1198
327 1216
327 312
327 915
327 388
327 108
327 1870
328 1609
328 232
328 144
328 10
328 1697
328 572
328 1646
328 1369
328 1265
330 773
330 897
331 1610
331 1293
331 1656
331 1843
334 762
334 598
335 740
335 861
335 1698
335 208
335 1690
336 382
336 1508
336 18
336 1964
336 1991
337 1936
337 202
337 541
341 1528
341 259
341 541
341 726
341 598
341 982
341 1099
342 907
342 1542
342 877
342 817
342 517
342 813
342 1150
345 547
345 1016
345 625
348 724
348 1678
348 609
349 121
349 741
349 276
349 1055
349 759
349 594
349 72
349 1177
349 620
352 594
352 270
354 1678
360 1287
360 1100
361 1098
361 1819
361 701
361 934
362 478
362 454
362 1888
362 749
362 632
362 1744
363 1717
363 1354
366 1188
366 1335
366 1403
366 1114
367 683
367 1550
367 1318
367 1030
369 449
369 1683
369 75
373 1084
373 852
373 1025
373 1109
373 1822
373 1470
374 1609
374 10
374 1336
376 944
376 79
376 1605
376 1193
378 1444
378 1368
378 463
378 1732
378 1530
378 1633
378 868
378 612
378 1089
380 489
380 1685
380 1088
382 486
382 775
382 1366
382 1719
382 1899
386 1603
386 593
388 286
388 363
388 373
388 1419
388 1705
388 1589
388 436
391 1461
391 77
391 1262
391 1223
391 1047
391 1656
394 1362
394 534
395 738
395 1498
395 661
395 1528
395 239
395 1511
395 449
395 1066
396 54
396 919
396 1067
397 1662
397 1700
397 799
397 1426
397 1462
397 185
397 1102
402 417
402 1113
402 1621
402 616
402 1088
403 1920
403 1077
403 920
403 571
405 382
405 21
405 406
405 697
406 1147
406 610
406 1740
406 208
407 751
407 1769
407 846
407 587
407 609
407 80
407 352
407 1918
407 274
408 1550
408 582
408 782
408 78
410 792
410 1521
410 1350
412 191
412 265
412 1433
413 1074
413 1300
413 832
413 140
413 801
415 242
415 1616
415 1540
415 438
416 1212
416 1541
417 1066
417 378
417 1065
417 1821
417 921
417 288
419 1914
419 1561
419 1367
420 733
420 627
420 320
422 720
430 975
430 732
430 37
430 1938
431 416
431 1138
431 1295
431 542
435 327
436 991
436 1552
436 86
438 772
438 436
438 975
441 162
441 79
441 1881
441 1799
441 1242
441 1450
442 1697
442 1096
443 210
443 917
443 478
443 46
443 1105
443 584
443 51
444 1150
444 1412
444 1993
444 136
444 541
444 35
446 1466
446 1823
446 1066
446 1733
447 951
447 208
447 1108
447 1540
448 386
448 1144
448 845
448 1387
448 1362
448 325
449 1339
449 784
449 705
449 618
449 93
450 858
450 1591
450 706
450 1376
450 288
450 89
450 1542
450 1179
450 1448
454 1920
454 380
454 670
454 27
454 406
455 720
455 1396
455 700
455 993
456 1988
456 985
456 1578
456 172
456 1663
456 1640
457 244
457 1753
457 335
457 901
457 817
457 447
457 450
457 1990
460 1170
460 309
460 101
460 328
461 1620
461 1089
461 802
461 1705
461 53
463 1692
470 1545
470 1499
470 1781
473 1612
473 668
473 1205
473 46
473 945
473 490
477 1164
477 1023
477 1222
477 1870
477 1692
478 1222
478 899
478 1528
478 746
479 315
480 743
480 191
480 1737
480 1835
480 1920
480 1840
483 630
483 801
483 1661
483 1892
484 1892
484 1083
484 954
484 848
484 1409
484 771
486 1729
486 483
486 541
486 951
486 435
486 1490
486 1983
487 348
487 314
487 1518
487 977
487 1047
489 1889
489 1469
489 1387
489 237
489 801
489 56
490 1967
490 1982
490 516
493 430
493 954
495 989
495 709
495 463
495 1158
495 1337
495 1090
495 79
501 363
501 573
501 989
501 1591
501 185
502 342
502 1914
502 772
502 784
503 1241
503 1921
503 242
503 444
503 1013
509 215
509 457
509 1064
509 1998
509 395
509 772
509 1986
509 1788
511 717
511 855
511 166
511 1863
512 1443
514 1145
514 1682
514 1982
514 1701
515 1739
515 1891
515 233
515 562
515 1988
515 407
516 1254
516 584
516 1154
516 44
517 1612
517 1257
517 1144
517 1063
517 910
517 1148
517 977
517 1505
518 1544
521 448
521 877
521 1821
521 477
521 410
521 287
521 1368
522 1719
522 741
522 391
522 686
524 1990
524 848
524 845
525 1717
525 1733
525 1950
525 541
525 1437
525 325
525 1374
525 1988
526 295
526 768
526 758
526 1687
526 1764
527 691
527 1102
527 1946
527 1110
527 363
527 271
527 584
528 860
528 480
528 1986
528 713
528 1440
533 692
533 9
533 547
534 1991
534 582
536 166
536 1586
536 1707
536 1557
536 874
536 275
541 1809
542 748
542 1561
542 80
542 861
542 1948
542 1378
542 1738
542 739
542 1551
545 1289
545 542
545 1416
545 378
545 1483
545 1433
545 1345
545 1579
547 1781
547 106
547 325
547 1168
547 1255
548 1344
548 975
548 1661
548 1026
549 292
549 1083
549 1792
549 526
549 1742
549 374
554 1389
558 1078
558 279
558 1295
558 70
558 912
558 10
558 9
558 1050
562 1350
562 1047
562 1201
562 429
562 27
562 514
564 1198
564 156
564 317
565 92
565 188
565 1287
565 75
565 1051
565 1836
571 669
571 542
571 1387
571 638
571 545
571 1108
571 1673
571 438
572 176
572 325
572 1440
572 1788
572 1217
572 1720
573 1631
573 3
573 1152
577 612
577 396
577 1662
579 419
579 1397
579 334
579 326
579 1764
579 422
582 745
582 1054
582 1747
582 1646
583 1595
583 587
583 1336
583 526
583 1259
583 240
583 536
583 987
583 768
583 412
583 656
583 1499
583 1501
583 890
584 1792
584 882
585 731
585 1386
585 130
585 1169
585 1382
585 713
585 1744
585 1697
585 206
585 869
585 386
585 1904
585 272
586 1931
586 1397
587 170
587 1887
587 1105
587 44
587 1057
587 419
587 630
587 1841
589 1370
592 593
592 651
592 899
592 891
592 1989
592 391
593 626
593 1799
593 866
593 420
594 1798
594 1000
594 734
594 527
596 863
598 457
598 87
598 587
598 1389
598 35
598 1098
598 1465
600 1220
600 369
600 405
600 642
600 579
600 1929
600 1448
600 1241
601 317
601 1336
601 1284
601 594
601 78
602 741
602 179
602 1519
602 1235
602 286
602 562
602 1588
605 396
605 1110
605 209
605 1457
605 27
605 1915
605 121
605 442
606 1150
606 1891
606 1890
606 1225
607 282
607 856
607 51
607 448
607 405
609 1646
609 659
609 1776
609 1437
609 378
609 626
609 138
609 1472
610 1956
610 24
612 975
612 1476
612 1452
612 1060
612 589
612 1846
612 1792
612 775
612 692
612 1412
615 751
615 449
615 807
615 1842
615 131
615 46
616 1700
616 187
616 325
616 522
616 1779
618 244
618 1140
618 1522
618 1193
619 1805
619 112
620 1956
620 1889
620 259
621 60
621 47
621 912
622 749
622 454
622 1929
623 1465
623 816
625 1605
625 664
625 528
625 1000
625 1699
625 1602
625 27
625 1879
626 115
626 1732
626 596
626 816
626 1542
627 721
627 670
627 1154
627 1337
627 1233
627 58
630 861
630 686
630 1210
630 901
632 44
632 276
632 616
633 1138
633 1034
633 1366
633 886
633 585
634 410
634 1966
634 1147
638 1759
638 124
638 1777
638 966
641 1578
641 816
641 1445
641 758
642 707
642 1797
643 1074
643 24
643 314
643 866
643 1550
643 15
643 1853
647 405
647 776
647 1983
648 1469
648 1141
648 1419
648 977
648 656
650 1340
650 1508
650 987
650 27
650 1444
650 525
651 56
651 836
653 402
653 1655
653 1978
653 961
653 1147
656 320
656 1466
656 1166
656 1788
658 354
658 1692
658 232
659 435
659 1792
659 299
659 542
659 1140
661 626
661 754
661 1229
661 1698
664 845
664 1326
664 1978
664 1369
669 388
669 1500
669 658
669 1491
669 782
670 942
670 1066
670 168
670 1102
670 869
670 1418
671 943
671 1344
671 1035
671 1726
674 1171
674 1121
674 34
674 302
674 1088
677 130
677 748
677 1403
678 1457
678 1368
678 686
678 1376
678 625
680 877
680 179
680 72
680 845
680 959
680 1853
683 659
683 573
683 34
683 1152
683 454
683 1736
686 759
686 1570
686 179
686 968
686 175
686 1445
686 1835
686 548
691 704
691 1736
691 641
691 1799
691 242
691 289
692 1591
692 1155
692 1916
692 1158
693 1255
693 577
693 545
693 1152
693 123
693 248
697 378
697 1283
697 438
697 1797
697 706
697 1047
701 526
701 218
701 1777
701 1024
702 572
704 630
704 756
704 1181
704 908
704 284
704 1979
704 286
705 579
705 1259
706 525
706 1340
706 1067
706 430
707 202
707 1781
707 1550
707 345
707 396
709 915
709 1836
709 64
709 899
713 1121
713 1798
713 1183
713 1366
716 1199
716 75
716 27
716 802
717 1964
717 388
717 1472
717 1605
717 773
717 802
717 683
720 1368
720 1656
721 486
721 726
721 1476
721 1550
722 541
724 1719
724 316
726 528
726 1065
726 1856
726 1738
729 1642
729 571
729 1542
729 1330
729 29
729 1131
729 287
731 704
731 856
731 1892
732 1719
732 416
732 283
732 463
732 231
732 1307
733 846
733 870
733 362
734 1884
734 771
734 1984
734 302
734 870
736 194
736 275
736 1501
736 1584
737 1171
737 705
737 1939
737 889
737 1978
737 670
737 1387
737 1438
737 348
738 1499
739 1007
739 743
739 1131
739 1436
739 514
740 1132
740 524
740 1990
740 1930
741 274
741 1962
741 1735
741 1193
741 206
741 861
743 528
743 51
743 446
743 1888
743 748
743 352
743 80
745 1166
745 1190
745 1769
745 274
746 915
746 1542
746 1799
746 1190
746 840
746 417
748 959
748 626
748 1644
749 366
749 1021
749 1627
749 1935
749 1621
750 1888
750 1241
750 1794
750 1984
750 493
750 77
751 1433
751 1021
751 549
754 290
754 1181
754 34
754 1557
754 1450
754 1736
754 2
755 541
755 1445
755 112
755 229
755 1735
755 1375
755 82
755 410
755 641
756 1036
756 1832
756 1030
756 716
757 858
757 1518
757 271
757 1700
757 201
758 1555
758 1692
758 1707
758 37
758 717
758 1677
758 977
758 1459
758 830
758 35
759 29
759 1769
759 784
759 1397
759 1646
759 1365
759 1701
761 267
761 1247
761 402
762 731
762 1964
762 816
762 115
762 1354
763 741
763 509
763 941
763 1400
763 457
768 705
768 312
768 746
768 479
768 607
771 1990
771 135
772 1887
772 320
772 235
772 1158
772 72
772 1143
773 683
773 170
773 1370
773 612
773 579
775 1369
775 1885
775 70
775 1325
776 1763
782 1440
782 1646
782 607
782 701
784 1962
784 1396
784 901
792 1163
792 446
799 176
799 713
799 1777
799 816
799 717
799 565
801 877
801 638
802 815
802 602
802 849
802 77
805 1586
805 1028
805 1415
805 601
805 58
805 1084
805 901
805 1604
805 112
805 759
806 1056
806 1863
806 1099
806 547
806 1433
807 957
812 771
812 517
812 1519
812 1249
812 620
813 1210
813 1433
813 1096
813 1582
813 659
813 1135
813 78
815 863
815 775
815 1890
815 1365
815 286
815 948
815 1731
815 1884
816 691
816 1720
816 1842
816 341
816 548
816 144
816 1135
816 954
816 1836
817 1444
817 1085
817 647
817 623
817 171
817 1013
817 1561
820 1292
820 1511
820 1016
820 1100
820 480
821 131
821 282
822 1602
822 1736
830 720
830 24
830 1669
830 1153
831 176
832 669
832 58
832 1616
832 503
832 1491
832 1902
832 1348
832 1823
832 1074
832 1021
832 600
832 438
834 15
834 756
834 1400
834 1066
835 1099
835 1570
835 1404
835 288
835 259
835 1265
836 236
836 1400
836 1551
836 817
836 1228
836 1210
836 761
838 1643
838 868
838 1651
838 1856
838 1889
838 1335
839 1085
839 367
839 430
839 525
839 1736
840 1656
840 1676
840 970
845 862
845 1350
845 422
845 380
845 1888
846 1429
846 1043
846 276
846 184
846 1490
848 407
848 189
848 227
848 289
848 534
848 1354
848 1023
849 1661
849 1009
849 534
849 405
849 473
849 623
852 717
852 1526
852 3
852 493
852 1779
852 1984
852 408
855 619
855 1367
855 633
855 1538
855 704
855 605
855 856
856 717
856 1416
856 924
856 1555
856 738
856 1449
856 1930
859 951
859 968
859 1271
860 1375
860 1403
860 1036
860 1249
860 737
861 15
861 2
861 1966
861 661
861 75
861 1350
862 1936
862 870
863 1644
863 1929
863 1541
863 536
864 773
864 1538
864 170
864 517
864 101
864 1944
864 897
864 996
866 388
866 772
866 975
866 295
866 1508
866 1938
866 861
868 521
868 1578
868 1961
868 22
868 625
868 135
868 1518
868 1150
869 724
869 189
869 479
870 1701
870 276
874 1644
874 1727
874 726
874 941
874 21
874 1113
875 1450
875 542
875 693
875 1425
875 1551
877 58
877 1147
877 1991
877 1100
882 1472
882 257
882 928
882 270
882 1501
882 1262
886 979
886 762
886 1753
886 420
886 1102
886 444
889 959
889 103
889 1874
889 845
889 713
889 848
889 397
889 691
890 1880
890 113
891 380
891 1016
891 1740
891 171
892 1348
892 1607
892 138
897 606
897 1193
897 1605
897 455
897 1944
899 921
899 455
899 1843
899 1223
899 303
899 1271
901 545
901 75
901 594
901 1255
901 436
901 1264
901 954
901 116
901 1254
907 1212
907 1391
907 1579
908 484
908 1602
908 1322
909 1013
909 1362
909 1288
909 1440
909 486
909 1969
909 1759
909 954
910 327
910 80
910 1798
910 1433
912 175
912 120
912 1904
912 653
915 721
915 653
915 1096
915 1836
915 1229
915 1799
915 101
915 1226
916 487
916 275
916 915
916 1391
916 89
917 1009
917 720
917 801
917 1553
917 1857
919 276
919 219
919 1022
920 1448
920 47
920 354
920 1076
921 733
921 1561
921 1699
921 775
921 1034
923 1616
923 701
923 201
923 1544
924 1763
924 37
924 1249
925 175
925 1776
928 166
928 1389
928 1159
931 1956
931 1475
931 1538
931 285
931 1369
934 1229
934 1881
934 349
934 155
934 1255
934 717
934 1307
934 1719
934 35
934 337
934 533
934 9
935 830
935 806
935 1491
935 47
935 799
941 987
941 609
941 1184
941 429
941 1490
942 1518
942 1131
942 1076
942 593
942 1956
942 1610
942 944
942 607
942 775
942 1904
943 89
943 1935
943 1855
944 928
944 382
945 821
945 1969
945 83
945 658
946 1264
946 1198
946 542
946 650
946 923
946 1036
946 948
946 342
948 1988
948 120
948 202
948 1220
948 299
948 493
948 394
948 1777
951 206
953 1323
953 1182
954 661
954 1043
954 1781
954 1155
954 180
954 1559
954 1181
957 378
959 622
959 761
959 1245
959 677
959 194
959 815
959 1931
961 706
961 925
961 1026
961 756
961 1622
961 822
961 988
962 757
962 1338
962 1602
962 66
962 1855
962 1053
962 21
962 51
964 593
964 1058
964 759
966 1816
966 82
966 108
966 683
966 1302
966 736
968 720
970 1697
970 1126
970 10
970 1816
970 1300
970 820
975 1109
975 319
975 817
975 776
975 1832
977 168
977 1025
977 1457
977 1092
979 874
979 1164
979 633
979 461
979 1542
982 487
982 1986
982 1574
982 303
982 782
982 495
982 1325
983 187
983 1609
983 1935
983 579
983 1466
983 572
983 856
983 1574
984 1258
984 1936
984 335
984 1154
984 1808
984 239
984 585
985 144
985 516
985 1902
985 1013
985 478
987 593
987 1864
987 641
988 431
988 1053
988 1092
988 354
988 921
988 1689
988 144
988 1983
988 1655
989 1733
989 22
989 1152
989 1171
989 1727
989 348
991 196
991 1468
991 838
991 1678
993 473
993 945
993 1681
993 1868
993 1989
993 856
993 1443
993 1339
993 1682
993 583
996 784
996 1674
996 717
996 362
996 1851
996 209
998 1139
998 1685
998 1621
998 60
998 1389
998 490
1000 1036
1000 1462
1004 1098
1004 1109
1004 78
1004 345
1004 1549
1004 743
1004 188
1004 988
1004 1321
1007 346
1007 545
1007 1681
1007 610
1009 647
1009 9
1009 726
1009 1277
1010 1967
1010 1823
1010 1492
1013 1490
1013 1113
1013 1591
1013 1863
1013 1676
1013 1740
1016 1107
1016 189
1016 1026
1016 123
1016 53
1021 731
1021 208
1021 295
1021 1139
1021 1640
1022 943
1022 1458
1022 1856
1022 572
1022 1688
1022 124
1022 656
1022 582
1022 889
1022 1574
1023 991
1023 1238
1023 634
1023 626
1023 287
1024 934
1024 395
1024 1736
1024 729
1024 1340
1025 1233
1025 1147
1025 1110
1026 858
1026 287
1026 166
1026 1255
1026 309
1026 215
1026 1498
1026 1892
1028 1770
1028 1201
1028 271
1028 1308
1028 801
1028 1293
1030 1035
1030 1809
1030 607
1030 1229
1030 405
1030 1258
1034 658
1034 1235
1034 1397
1034 1582
1035 928
1035 64
1035 602
1035 1007
1035 822
1035 1340
1035 1148
1035 761
1035 1235
1036 1067
1036 227
1036 172
1036 1437
1036 594
1043 422
1043 1542
1043 968
1047 746
1047 1662
1047 834
1050 1622
1050 1736
1050 1915
1050 1809
1050 162
1050 821
1051 820
1051 1633
1053 56
1053 664
1053 1991
1053 501
1053 463
1054 1622
1054 9
1054 1235
1054 1159
1054 1522
1055 741
1055 1300
1055 1301
1055 1846
1055 1362
1055 554
1056 83
1056 1363
1056 928
1056 403
1056 1676
1056 303
1057 1950
1057 901
1058 869
1058 579
1058 1336
1058 1114
1060 1264
1060 750
1060 1365
1060 1879
1060 739
1060 989
1063 120
1063 659
1064 897
1064 564
1064 1590
1064 1172
1064 1998
1064 306
1065 1662
1065 1528
1065 908
1066 1885
1066 1004
1066 128
1066 373
1067 1403
1067 993
1067 1920
1067 1519
1067 1378
1073 259
1073 1000
1073 915
1074 1444
1074 1961
1074 756
1076 1891
1076 707
1076 1731
1076 5
1076 536
1077 1651
1077 1931
1078 227
1078 692
1078 208
1078 1141
1083 1138
1083 420
1083 1085
1083 170
1084 852
1084 66
1084 438
1084 1899
1084 73
1085 1107
1085 1283
1085 1491
1088 1642
1088 9
1088 813
1088 1986
1088 170
1089 683
1089 1826
1090 839
1090 817
1090 1043
1090 1131
1090 1962
1090 237
1090 1323
1091 1114
1091 1967
1092 1404
1092 1643
1095 470
1095 1731
1095 1054
1096 1321
1096 289
1096 113
1098 248
1099 176
1099 480
1099 49
1099 1024
1099 1311
1099 1727
1100 1519
1100 957
1100 1468
1100 413
1100 1127
1102 115
1102 83
1102 917
1104 1226
1104 1948
1104 1533
1104 750
1104 1066
1104 1126
1105 1337
1105 772
1105 240
1107 113
1107 166
1107 683
1107 1024
1107 51
1108 1436
1108 1458
1108 1477
1109 943
1109 1566
1109 1819
1109 299
1109 1300
1109 910
1110 1060
1110 228
1110 455
1110 412
1110 1235
1110 1801
1113 341
1113 1092
1113 202
1113 1362
1113 729
1113 1698
1113 1391
1113 1066
1113 1676
1113 1211
1113 144
1113 1491
1114 1360
1114 1230
1114 812
1114 1622
1121 18
1124 1429
1124 1629
1126 447
1126 1742
1126 1336
1127 1274
1127 410
1127 1698
1127 1808
1127 1126
1131 1100
1131 1936
1131 1747
1131 1700
1131 460
1131 908
1131 1705
1131 1058
1132 325
1132 1797
1132 1631
1132 1147
1132 661
1132 572
1132 1382
1133 1169
1133 1979
1133 1211
1133 1126
1135 242
1135 659
1135 571
1136 1404
1136 1465
1136 1230
1136 461
1136 1991
1136 1860
1138 1133
1138 622
1138 917
1138 661
1138 376
1138 1944
1138 542
1139 1150
1139 583
1139 626
1139 1855
1139 579
1139 295
1140 273
1140 325
1140 748
1140 889
1140 286
1140 836
1140 283
1141 632
1141 1323
1141 1419
1141 1429
1141 1330
1143 1799
1143 487
1144 756
1144 577
1144 54
1144 650
1144 196
1144 734
1145 1633
1145 1300
1147 1279
1147 101
1147 435
1147 686
1148 1345
1148 970
1150 1586
1150 306
1150 1621
1150 1254
1150 1089
1150 799
1151 1988
1151 460
1151 525
1151 1609
1151 503
1151 1274
1152 1661
1152 1956
1152 240
1153 319
1153 1498
1153 1433
1153 669
1153 289
1153 262
1153 1966
1154 1064
1154 1419
1154 1469
1155 292
1155 697
1155 726
1155 877
1155 998
1155 583
1155 179
1158 620
1158 49
1158 942
1158 897
1159 1067
1159 1150
1159 1589
1160 642
1160 493
1160 1669
1160 275
1160 1610
1163 1055
1163 397
1163 1902
1164 299
1164 1055
1164 525
1164 1476
1164 1541
1164 1962
1164 407
1164 536
1166 1629
1166 720
1166 1687
1168 848
1168 180
1168 87
1168 1642
1168 806
1168 589
1168 849
1168 1890
1168 1801
1169 1492
1169 751
1169 1375
1169 1104
1169 1136
1169 863
1169 249
1169 1604
1170 669
1170 1740
1170 856
1170 816
1171 1354
1171 910
1171 600
1171 1107
1171 661
1172 1956
1172 391
1172 733
1172 495
1172 923
1172 490
1177 1160
1177 1920
1177 1709
1177 998
1177 1665
1177 1114
1177 1317
1177 1283
1177 430
1179 755
1179 1881
1181 1262
1181 784
1181 162
1181 1189
1181 186
1181 934
1181 1801
1182 1067
1182 1132
1182 257
1183 1498
1183 1418
1184 1132
1184 917
1184 582
1184 110
1184 1735
1184 1542
1187 1836
1187 417
1187 1380
1187 303
1187 331
1188 299
1188 83
1189 1586
1189 1683
1190 1348
1190 1988
1190 1396
1190 1387
1190 901
1190 478
1193 1714
1193 1344
1193 1284
1193 671
1193 738
1193 1168
1194 1051
1194 1799
1194 1124
1194 1225
1194 327
1194 594
1198 848
1198 1698
1198 502
1198 1258
1198 1870
1198 807
1198 626
1199 1562
1199 737
1199 1448
1199 1193
1201 1150
1201 112
1201 1938
1201 1590
1201 1689
1201 916
1201 1066
1201 592
1201 442
1205 1026
1205 525
1206 101
1206 840
1206 1450
1206 1132
1206 1302
1206 1457
1208 1330
1208 366
1208 93
1210 1022
1210 1265
1210 1308
1210 1483
1211 138
1211 1621
1211 942
1211 701
1211 1656
1212 287
1212 1902
1212 1393
1216 1067
1216 1426
1216 1448
1216 354
1216 1074
1217 1264
1217 1448
1217 1241
1217 1692
1217 748
1217 784
1220 946
1220 382
1220 1808
1220 1459
1220 518
1222 1208
1222 1147
1222 891
1222 741
1222 1788
1222 1545
1222 1026
1223 1920
1223 1805
1223 1344
1223 113
1223 1511
1223 1163
1223 436
1225 273
1226 1187
1226 397
1226 1415
1226 443
1226 754
1228 227
1228 1344
1228 1993
1228 1757
1228 395
1228 237
1228 1540
1228 993
1228 669
1229 1729
1229 1345
1230 1584
1230 959
1233 1835
1233 9
1233 801
1235 286
1235 1808
1235 909
1235 1380
1238 1084
1238 686
1238 1702
1238 572
1238 1367
1238 51
1241 1198
1241 924
1241 457
1241 1288
1241 860
1242 244
1242 1732
1242 593
1242 807
1242 1135
1242 734
1242 1904
1245 1144
1245 1426
1245 1770
1247 124
1247 726
1247 1853
1247 75
1247 438
1247 1426
1247 1386
1247 756
1247 799
1249 89
1249 1801
1249 227
1254 302
1254 755
1255 979
1255 1995
1255 53
1255 1823
1255 975
1257 15
1257 242
1258 83
1258 314
1258 549
1259 1933
1259 1914
1259 1303
1259 454
1259 845
1259 502
1259 820
1259 627
1259 1644
1259 1726
1262 541
1262 282
1262 941
1262 1177
1262 1622
1264 849
1264 21
1264 349
1264 1220
1264 1841
1265 1000
1265 866
1265 1415
1265 1590
1270 1700
1270 284
1270 175
1270 756
1270 271
1270 1586
1271 517
1271 1720
1271 1553
1271 292
1271 480
1274 1944
1274 782
1274 1673
1274 1860
1277 93
1277 1794
1277 157
1277 1310
1277 1166
1277 155
1279 855
1279 706
1279 592
1279 47
1279 346
1279 283
1279 248
1279 110
1279 1707
1283 419
1283 961
1284 478
1284 1096
1284 1255
1284 317
1284 175
1284 1050
1284 1963
1284 1688
1287 1004
1287 479
1287 1700
1288 856
1288 292
1288 1726
1288 337
1288 1099
1288 1163
1288 157
1289 103
1289 674
1289 802
1292 610
1292 533
1293 1400
1293 1902
1293 1851
1295 650
1295 598
1295 1646
1295 431
1295 1425
1295 34
1300 1397
1300 1135
1301 1589
1302 583
1302 1621
1302 1747
1302 623
1302 1007
1303 805
1303 281
1303 1133
1303 633
1303 1956
1306 1022
1306 763
1306 648
1306 136
1306 1205
1307 236
1307 751
1307 1004
1307 337
1307 860
1307 925
1307 218
1307 1619
1307 1121
1308 634
1308 697
1308 945
1310 1114
1311 1383
1311 239
1311 285
1311 319
1311 110
1317 755
1317 1412
1317 584
1317 78
1317 622
1317 831
1317 1989
1317 1131
1318 1579
1318 259
1321 331
1321 1055
1321 664
1321 376
1322 547
1322 852
1322 587
1322 964
1323 1354
1323 1056
1323 1391
1323 1530
1325 647
1325 24
1325 29
1325 877
1325 736
1325 669
1325 509
1325 413
1325 845
1326 755
1326 1868
1326 1736
1326 1321
1330 1946
1330 1466
1335 378
1335 1726
1335 942
1335 964
1336 1586
1336 1759
1336 210
1337 1640
1337 341
1337 422
1337 187
1338 910
1338 890
1338 1245
1338 594
1338 830
1339 1470
1339 838
1339 1172
1340 1459
1340 450
1340 915
1340 1665
1340 650
1340 1397
1340 1318
1340 863
1340 378
1340 582
1340 1816
1340 1092
1340 524
1341 737
1341 1541
1341 1143
1341 1051
1341 1939
1341 166
1344 1420
1344 1450
1344 964
1344 1640
1344 1846
1345 1369
1345 1181
1345 1466
1350 397
1350 66
1350 175
1350 113
1350 2
1354 309
1354 991
1354 1433
1354 732
1355 447
1355 1784
1355 835
1355 349
1355 1198
1355 985
1359 1163
1359 668
1359 1735
1360 503
1360 295
1360 1233
1360 54
1360 704
1360 748
1360 1100
1360 1914
1360 480
1362 993
1362 756
1362 1674
1362 762
1362 1403
1363 625
1363 1508
1363 1511
1363 573
1365 633
1365 270
1365 669
1365 511
1366 1307
1366 1619
1367 1300
1367 584
1368 598
1368 741
1369 1841
1369 295
1369 521
1369 1888
1370 621
1370 739
1374 1110
1374 1098
1375 772
1375 450
1375 1991
1375 314
1375 1138
1375 683
1376 328
1376 1145
1376 349
1376 586
1376 171
1376 509
1376 1461
1378 1979
1378 749
1378 1311
1380 1826
1382 314
1382 1255
1382 1681
1382 208
1382 170
1382 615
1383 478
1383 812
1383 943
1385 915
1385 1914
1386 935
1386 1476
1386 1340
1386 46
1386 1376
1387 1714
1387 257
1387 1465
1389 446
1389 1783
1389 168
1389 1476
1391 650
1391 1322
1391 683
1391 1155
1391 202
1393 337
1395 1602
1395 1412
1395 720
1395 502
1395 1053
1395 349
1395 1444
1395 309
1395 1401
1396 1254
1396 1584
1397 1344
1397 1155
1397 934
1397 541
1397 1661
1397 514
1400 1692
1400 759
1400 755
1400 1856
1400 745
1401 380
1401 1107
1401 1921
1403 1057
1403 1367
1403 1915
1403 1805
1403 1681
1403 536
1404 270
1404 1057
1404 1491
1404 691
1404 671
1408 121
1408 413
1408 957
1408 1110
1408 406
1408 945
1408 1738
1408 155
1408 1586
1408 196
1409 1403
1409 1404
1409 327
1412 840
1412 376
1412 360
1412 1092
1412 848
1412 1108
1412 592
1412 1644
1412 1241
1412 92
1412 14
1412 279
1413 616
1413 840
1413 1709
1413 1964
1413 1387
1415 1166
1415 56
1415 1758
1415 1458
1415 739
1416 1936
1416 1338
1416 283
1416 1737
1416 1561
1416 194
1418 1216
1418 1109
1418 1368
1419 1885
1419 1198
1419 1956
1419 1891
1419 1259
1419 416
1420 716
1420 112
1420 989
1420 659
1420 23
1420 380
1420 101
1425 441
1425 943
1425 924
1425 49
1425 1365
1425 1077
1425 1362
1426 1719
1426 1283
1426 545
1426 1380
1426 1491
1429 961
1429 367
1433 799
1433 1678
1433 634
1433 542
1436 1403
1436 363
1436 231
1436 1021
1436 941
1436 931
1437 755
1437 855
1438 1788
1438 1792
1438 739
1438 1998
1438 1798
1438 1090
1438 704
1440 1043
1440 805
1440 743
1440 756
1440 1074
1440 1179
1440 1095
1443 759
1443 1979
1444 1880
1444 870
1444 1744
1444 86
1444 1000
1444 176
1444 1098
1444 1881
1445 1389
1445 15
1445 60
1445 1060
1448 460
1448 1056
1448 53
1448 1030
1448 1692
1448 1387
1448 262
1449 720
1449 435
1449 1104
1450 1095
1450 410
1450 886
1452 1436
1452 1013
1457 1622
1457 683
1457 1884
1458 5
1458 1690
1459 198
1459 87
1459 1426
1461 1091
1461 1277
1461 1189
1461 325
1461 1418
1462 1744
1462 240
1462 1171
1462 1220
1462 870
1465 303
1465 1706
1465 131
1465 442
1466 70
1466 1057
1466 982
1466 78
1468 1589
1468 585
1468 287
1468 1127
1468 1155
1469 1674
1469 1709
1470 1279
1470 331
1470 1669
1470 1318
1470 189
1470 953
1470 1378
1472 1582
1472 1500
1472 716
1472 1579
1472 1904
1472 502
1472 1918
1475 369
1475 1066
1475 1961
1476 674
1476 1687
1477 1132
1477 1682
1477 587
1477 286
1477 1170
1483 988
1483 643
1483 1229
1483 1915
1483 702
1485 1933
1485 49
1485 1685
1485 815
1490 1646
1490 229
1490 845
1490 1781
1491 1166
1492 1229
1492 1655
1492 909
1492 1461
1492 380
1492 1692
1498 1258
1499 1109
1499 1095
1499 1797
1499 772
1500 1842
1500 1676
1500 836
1500 656
1500 1686
1500 1561
1501 641
1501 1066
1505 868
1505 801
1508 931
1508 1293
1508 1076
1511 731
1511 1887
1511 1612
1511 600
1511 1699
1511 658
1511 1674
1518 1007
1518 23
1519 836
1519 1425
1519 852
1521 737
1521 274
1521 262
1521 236
1521 1631
1522 1690
1522 1733
1522 1401
1522 18
1522 1245
1522 524
1522 961
1522 805
1522 1561
1526 921
1526 46
1526 473
1526 941
1526 1124
1528 1615
1528 72
1528 1030
1528 1619
1530 1433
1530 979
1530 396
1530 324
1533 680
1533 1171
1533 1622
1533 1892
1533 1389
1538 1023
1538 116
1538 1887
1540 1121
1540 1738
1540 1365
1540 1166
1540 22
1540 1277
1541 754
1541 1375
1541 1769
1541 64
1541 1732
1541 376
1542 1590
1542 1656
1542 408
1542 558
1542 1113
1542 1956
1542 704
1542 5
1544 1258
1544 1318
1544 1420
1544 1661
1544 1400
1544 1967
1544 29
1544 299
1544 1826
1544 917
1545 316
1545 1686
1545 1223
1545 713
1545 620
1545 128
1549 58
1549 988
1549 1707
1549 1310
1549 1375
1549 874
1550 1538
1550 1651
1550 1898
1550 1937
1550 1360
1551 220
1551 522
1551 983
1551 890
1551 1288
1551 746
1551 106
1551 317
1552 1283
1552 1881
1552 746
1552 1961
1552 1690
1552 442
1553 944
1553 1306
1553 236
1553 1822
1555 1519
1555 1067
1555 1889
1555 1988
1555 589
1557 892
1559 1169
1561 1757
1561 431
1561 291
1562 1640
1562 1662
1562 1631
1562 1892
1562 1461
1562 943
1562 1288
1566 1354
1570 1450
1570 110
1570 1223
1570 1095
1570 1025
1574 801
1574 1485
1574 776
1574 1212
1574 1884
1574 1225
1578 1604
1578 1155
1579 317
1579 1264
1579 886
1579 208
1582 1836
1582 1163
1584 1582
1584 1194
1584 859
1584 1199
1584 1025
1586 1222
1586 920
1586 236
1586 374
1586 549
1586 239
1586 1060
1586 1154
1586 1884
1586 1163
1588 834
1588 480
1588 1030
1588 1354
1588 1742
1588 101
1589 1326
1589 1562
1589 21
1589 382
1590 1935
1590 1705
1591 1757
1591 1891
1591 542
1591 1383
1591 1962
1591 1931
1592 1179
1592 1991
1592 813
1592 290
1592 1391
1595 626
1595 1028
1595 1458
1595 262
1595 1465
1602 948
1602 1646
1603 1264
1603 450
1603 1354
1604 22
1604 632
1604 957
1605 606
1606 993
1606 1264
1606 1656
1606 367
1606 27
1607 130
1607 328
1609 600
1609 1060
1610 1021
1610 1472
1610 901
1610 596
1610 53
1612 480
1612 776
1612 184
1612 170
1612 1077
1615 659
1615 1579
1615 1709
1616 670
1616 1984
1616 709
1619 1995
1619 1375
1619 705
1619 606
1619 267
1620 1627
1620 172
1620 1271
1620 1108
1621 1257
1621 480
1621 1369
1621 1160
1621 1056
1621 373
1621 968
1622 1823
1622 1663
1622 1967
1622 1084
1627 349
1627 870
1627 1644
1629 463
1629 643
1629 806
1629 966
1629 289
1629 170
1629 460
1630 22
1630 1344
1631 1242
1633 259
1633 830
1633 1303
1640 337
1640 586
1640 1378
1640 1241
1642 1783
1642 262
1642 1794
1642 1021
1642 1408
1642 449
1642 115
1642 1317
1642 1459
1642 361
1642 1183
1643 1889
1643 1744
1643 1783
1643 194
1644 1574
1644 66
1644 1744
1644 1884
1644 869
1646 233
1646 1857
1646 831
1646 1499
1646 517
1646 1604
1651 625
1651 928
1651 1630
1652 586
1652 921
1652 112
1652 1415
1652 267
1652 1584
1652 1605
1653 897
1653 692
1655 1813
1655 751
1655 1979
1656 336
1656 1090
1656 1472
1656 1753
1656 919
1656 168
1656 542
1656 54
1656 1308
1661 768
1661 1935
1661 1469
1662 312
1662 242
1662 979
1662 585
1662 541
1663 1255
1663 478
1663 610
1663 1458
1663 1676
1665 848
1665 1307
1665 162
1665 112
1665 1978
1665 1154
1665 1757
1665 1249
1665 750
1669 731
1669 840
1669 480
1669 1939
1669 1757
1669 2
1669 1646
1672 93
1672 514
1673 1105
1673 863
1674 186
1674 1057
1674 1339
1676 941
1676 1622
1677 1552
1677 1898
1677 1808
1677 1690
1677 1644
1678 1757
1678 144
1678 1939
1678 514
1681 1438
1681 1092
1681 287
1681 1781
1681 1396
1681 1163
1681 1956
1681 1797
1681 1989
1681 183
1682 1370
1682 1868
1682 622
1683 1277
1683 692
1683 1738
1685 632
1685 1644
1685 86
1686 1154
1686 1350
1686 870
1687 1077
1687 1138
1687 478
1687 1135
1687 1183
1688 1757
1688 587
1688 1552
1688 931
1688 729
1688 1720
1688 1301
1689 1368
1689 73
1690 265
1690 1475
1690 1139
1690 874
1692 1950
1692 1055
1692 951
1692 1105
1692 966
1697 763
1697 1652
1698 961
1698 1395
1698 1413
1698 1088
1698 1622
1698 1646
1698 115
1698 1229
1699 9
1699 697
1700 1653
1700 1931
1700 1450
1700 276
1700 327
1700 615
1700 194
1701 915
1701 1821
1701 957
1701 78
1701 1226
1701 94
1701 1935
1701 479
1702 1438
1702 1067
1702 982
1702 1688
1702 1222
1705 1836
1705 317
1705 638
1705 1163
1706 130
1706 1345
1706 1508
1706 1864
1706 1287
1706 1672
1706 1642
1707 584
1707 1426
1709 1096
1709 1092
1709 272
1709 1595
1709 429
1714 1998
1714 968
1714 1053
1714 988
1717 302
1717 1984
1719 1776
1719 274
1720 1961
1720 630
1720 489
1720 447
1726 1753
1726 1863
1726 1801
1727 1607
1727 1322
1727 736
1727 115
1729 415
1729 360
1729 1287
1729 1988
1729 103
1729 1832
1729 1354
1729 1962
1731 1326
1731 271
1732 489
1732 1747
1732 668
1732 801
1732 677
1732 1500
1732 1860
1733 34
1735 2
1735 103
1735 1963
1735 875
1735 658
1735 1051
1736 1259
1736 1994
1736 1172
1736 1874
1736 759
1736 921
1737 602
1737 868
1737 1851
1737 79
1737 987
1738 1440
1738 489
1738 53
1738 959
1739 547
1739 1374
1739 1009
1740 1108
1740 750
1740 1303
1740 1010
1740 1300
1742 763
1742 219
1742 415
1742 740
1742 1591
1744 801
1744 859
1744 641
1744 1678
1744 1198
1744 171
1744 124
1744 1201
1744 946
1744 170
1745 22
1745 643
1745 870
1745 925
1745 201
1747 229
1747 849
1747 89
1752 1733
1752 605
1752 1370
1752 1396
1752 941
1752 1408
1752 1321
1753 741
1753 1490
1753 594
1753 1788
1753 717
1757 1677
1757 1089
1757 1100
1757 720
1757 1238
1757 1040
1758 991
1758 1836
1758 1742
1758 784
1758 489
1758 1936
1758 1026
1758 1937
1758 1223
1759 836
1759 441
1759 1271
1759 1053
1759 1978
1759 430
1759 1340
1759 1732
1763 1010
1763 1701
1763 460
1764 1413
1764 1822
1764 984
1765 642
1765 1860
1765 1154
1769 1889
1769 166
1769 678
1769 549
1769 1024
1769 852
1770 457
1770 1674
1770 1805
1776 1143
1776 1022
1776 108
1776 34
1776 1686
1777 948
1777 239
1777 1465
1777 518
1777 1144
1777 861
1781 966
1781 1330
1781 751
1781 378
1781 1603
1783 638
1783 996
1783 1264
1783 1105
1783 1104
1783 1993
1784 179
1784 1828
1784 1369
1788 678
1788 1366
1788 1705
1788 337
1788 232
1788 1172
1788 1622
1788 244
1792 1574
1792 1223
1794 935
1794 2
1794 1863
1794 1892
1794 1717
1797 1874
1797 478
1797 101
1797 1141
1798 1966
1798 1135
1798 1808
1798 1978
1799 619
1799 816
1799 1365
1799 1978
1799 1408
1799 1308
1799 1574
1801 3
1801 1419
1801 807
1801 615
1805 1265
1805 832
1805 799
1805 470
1805 275
1805 836
1805 101
1805 315
1808 457
1808 1989
1808 373
1808 73
1809 1138
1809 291
1809 1177
1809 206
1809 1570
1809 1918
1809 1483
1813 817
1813 1747
1813 584
1813 1610
1813 369
1813 1172
1816 1141
1816 287
1816 1709
1819 901
1819 966
1819 831
1821 658
1821 447
1822 1233
1822 771
1822 168
1822 1190
1822 1326
1822 1472
1822 489
1822 1540
1822 678
1823 693
1823 968
1823 382
1824 1533
1824 267
1824 201
1824 702
1824 835
1824 1034
1826 1890
1826 1757
1826 1801
1826 749
1826 1110
1826 820
1826 909
1826 1946
1826 1742
1826 1813
1828 121
1828 1105
1828 1904
1828 1074
1832 1132
1832 1229
1832 771
1832 1586
1832 1665
1832 1201
1835 1819
1835 1821
1835 44
1835 1991
1836 1904
1836 739
1836 283
1836 1555
1836 525
1836 1026
1836 179
1840 431
1840 1110
1840 583
1840 943
1840 1688
1840 547
1840 1208
1841 1673
1841 1386
1841 1438
1841 244
1841 722
1841 10
1841 171
1842 1452
1842 1739
1842 1169
1843 477
1843 1443
1846 138
1846 1819
1846 1408
1846 1588
1851 585
1851 962
1851 267
1851 1809
1851 1141
1851 1578
1851 1592
1851 1616
1853 1948
1853 229
1855 53
1855 600
1855 1674
1856 1798
1856 490
1856 1443
1857 534
1857 1542
1857 1360
1857 1193
1857 1978
1860 179
1860 486
1860 415
1860 1194
1860 1060
1860 1340
1863 1387
1863 291
1863 812
1863 21
1863 196
1863 802
1863 49
1864 836
1864 565
1864 899
1864 1990
1864 309
1868 1412
1868 1819
1868 29
1868 1574
1868 1127
1868 22
1868 1605
1868 1856
1870 324
1870 1270
1870 776
1873 1853
1873 169
1873 643
1873 435
1873 330
1874 455
1874 509
1874 348
1874 1375
1879 493
1879 1024
1879 265
1879 1476
1879 231
1880 763
1880 397
1880 1984
1880 1264
1880 776
1880 1995
1881 1271
1881 44
1881 1345
1881 1322
1884 373
1884 242
1884 276
1884 1056
1885 518
1885 1025
1885 1360
1885 1570
1885 934
1885 1050
1885 1726
1887 516
1887 1930
1887 1302
1887 1374
1887 456
1888 901
1888 35
1888 1591
1888 1311
1888 21
1888 1948
1888 1288
1888 1124
1889 170
1889 1765
1889 1065
1889 1095
1889 1920
1889 1004
1889 1445
1889 610
1890 1066
1890 518
1890 862
1890 638
1891 1194
1891 121
1891 855
1891 44
1891 1284
1891 1468
1891 860
1892 526
1892 740
1892 1216
1892 1030
1892 882
1892 985
1896 480
1896 208
1898 402
1898 1798
1898 720
1899 1135
1899 286
1899 1757
1899 501
1899 15
1899 648
1902 1437
1904 1857
1904 24
1904 1144
1904 1545
1904 1505
1904 1155
1914 1709
1914 103
1914 1264
1914 1461
1914 870
1914 1436
1915 959
1915 1344
1916 1163
1916 849
1916 219
1916 739
1916 1166
1916 1187
1916 299
1918 407
1918 957
1920 1194
1920 721
1920 130
1920 422
1920 1457
1921 18
1921 668
1921 447
1921 1034
1929 166
1929 954
1929 799
1929 962
1930 516
1930 202
1930 923
1930 272
1930 1701
1930 754
1930 1709
1930 446
1931 782
1931 1498
1931 1533
1931 1318
1931 179
1931 106
1931 802
1931 267
1931 1794
1933 185
1933 701
1935 86
1935 1217
1935 288
1935 198
1935 1152
1936 116
1936 1602
1936 299
1936 1983
1936 1205
1936 1325
1936 1731
1937 49
1937 1397
1937 1132
1937 1823
1937 964
1937 1887
1937 1678
1938 273
1938 558
1938 525
1939 470
1939 1053
1939 1241
1939 1114
1939 53
1939 587
1939 1035
1939 1385
1944 571
1946 1113
1946 983
1946 1805
1946 373
1946 1879
1946 1737
1946 661
1948 1688
1948 18
1948 1288
1948 1350
1948 674
1948 545
1948 1621
1948 1655
1950 1217
1950 413
1950 653
1950 1230
1956 861
1956 921
1956 1930
1956 1561
1956 817
1956 1302
1956 1904
1961 29
1961 1744
1961 287
1961 1549
1962 1164
1962 1109
1962 397
1963 1160
1963 230
1963 438
1963 782
1963 1533
1963 545
1963 677
1964 582
1964 1154
1964 1742
1964 1368
1966 1673
1966 82
1966 601
1966 1350
1966 683
1967 618
1967 1295
1969 47
1969 928
1969 320
1978 412
1978 601
1978 1984
1978 587
1979 1559
1979 771
1979 1375
1982 975
1982 1948
1982 1040
1982 1241
1982 1655
1983 596
1983 846
1983 60
1983 220
1983 989
1983 622
1984 1099
1984 1293
1984 259
1984 1368
1986 208
1986 942
1986 391
1986 1330
1986 1396
1986 1622
1986 869
1986 562
1988 1073
1988 1962
1988 1737
1989 184
1989 53
1990 968
1990 648
1990 1050
1990 554
1990 1610
1991 1687
1991 395
1991 1682
1991 1677
1993 864
1993 306
1993 436
1993 577
1993 1310
1993 1470
1994 1570
1995 331
1995 815
1995 53
1995 18
1998 1738
1998 270
1998 859
1998 249
1998 1438
