1 1285
1 1856
1 361
1 1735
2 75
2 996
2 236
2 585
2 1724
6 73
6 745
6 649
6 1914
9 1675
9 1177
9 554
9 697
9 1608
9 998
9 1423
10 1675
10 504
10 900
10 1652
10 188
10 1820
14 156
14 383
14 1140
14 1329
14 257
14 800
14 1053
14 1789
14 1905
16 1897
16 1845
16 175
16 1716
16 553
17 1404
17 902
17 1373
17 891
17 1258
17 764
17 1420
19 1253
19 1970
19 1557
19 1597
20 1930
20 1023
20 1964
20 1081
20 731
20 1450
21 1228
21 1802
21 1495
21 1377
21 1795
21 1253
21 286
21 1469
22 986
22 928
22 812
22 699
22 912
22 187
22 1825
24 694
24 692
24 1196
24 974
24 836
24 1248
24 1635
25 302
26 1232
26 603
26 858
26 1988
26 1844
26 969
26 1149
29 704
29 1975
29 451
29 41
29 1593
34 92
34 514
34 1828
34 1328
36 1835
36 275
36 743
37 1579
37 1136
37 1636
41 905
41 267
41 302
42 1764
42 803
42 1639
43 845
43 1589
43 24
43 1667
43 78
43 1151
45 1911
45 704
45 860
45 1073
46 1484
46 761
46 495
46 1932
46 909
46 633
47 1097
47 679
47 905
47 1609
47 279
47 1253
47 1631
47 1157
47 1164
47 1216
50 1347
50 221
50 608
50 502
50 597
53 378
53 534
53 117
54 1720
54 486
54 255
54 6
57 1835
57 670
57 1223
57 839
57 1770
57 794
60 1085
60 962
60 1767
60 1620
60 792
61 1871
61 505
61 720
61 959
61 1302
61 374
73 1984
73 1830
73 541
73 122
73 1221
75 515
75 25
75 1413
75 1416
77 1097
77 1494
77 768
77 541
77 442
78 1567
78 583
78 608
78 917
78 1895
78 380
79 1163
79 1764
79 257
79 1066
79 861
79 465
79 1227
79 47
79 1417
80 1001
80 518
80 732
80 167
80 808
80 1619
80 272
83 1334
83 1184
83 858
83 1918
83 670
83 1521
83 794
85 2
85 222
85 720
85 341
85 730
87 514
87 1216
87 1185
87 1247
90 732
90 583
90 819
91 1513
91 969
91 880
91 1864
91 1288
92 1877
92 1957
92 704
92 823
92 1028
93 1631
93 525
98 1742
98 1907
98 1245
99 441
99 73
99 620
99 1850
99 228
101 998
101 427
101 43
101 383
101 1487
101 587
103 924
104 598
104 1222
104 744
105 87
105 656
106 1827
106 1329
106 1055
106 1159
106 233
106 732
106 1597
106 1277
111 1247
111 188
111 1363
111 704
111 772
111 386
111 272
114 1107
114 276
114 1614
114 1850
114 1522
114 1478
117 1827
117 1946
120 1789
120 587
120 92
120 401
120 522
120 1831
120 174
120 828
120 1817
122 697
122 383
122 1761
122 934
122 583
122 1022
128 505
128 1398
128 169
130 1922
130 441
130 747
130 370
130 1707
131 1720
131 252
131 1163
133 1859
133 739
133 1780
133 346
133 580
133 1310
134 877
134 255
134 1198
134 1221
134 1047
134 987
135 1194
135 588
135 383
135 21
135 577
135 566
135 1555
136 1943
136 1679
136 642
136 1628
136 29
138 716
138 284
138 963
138 566
138 739
138 743
138 1990
138 1421
139 1812
139 940
139 1649
139 1319
139 633
139 1810
144 239
144 1211
144 348
144 782
144 9
148 1238
148 621
148 495
148 1269
148 1679
154 925
154 1503
154 1982
154 1862
154 470
155 1864
155 958
155 347
155 168
155 1290
155 1459
155 514
155 503
156 1512
156 1591
156 1043
156 634
156 1800
156 745
157 1131
157 628
157 1820
157 241
157 345
157 1590
157 1293
157 339
157 1288
158 461
159 1419
159 221
162 302
162 801
162 789
162 1016
162 1544
163 859
163 390
163 560
163 746
163 1013
163 1609
165 1129
165 1790
165 1822
165 1628
165 1567
165 511
166 9
166 900
166 723
166 1804
166 1395
166 363
166 228
167 1497
167 1139
167 1918
167 495
168 236
168 1203
168 590
168 514
168 903
169 744
169 417
169 959
169 1491
169 1287
169 220
170 9
170 964
170 135
170 501
172 1257
172 1159
172 1319
174 752
174 157
174 297
174 37
175 782
175 1419
175 1931
175 1060
175 1500
175 764
175 696
175 823
175 1871
177 1349
177 1718
177 660
177 1967
177 889
177 1468
177 1285
177 17
177 1942
182 162
182 1130
182 1913
182 324
183 1671
183 1206
183 205
183 759
183 679
183 504
183 834
183 1971
183 299
183 1608
185 1988
185 1143
185 697
187 1990
187 1090
187 479
187 421
187 1822
187 1544
187 1491
188 1795
188 1957
188 1895
189 1028
189 1749
189 962
189 1801
189 689
189 222
190 765
190 1174
190 1789
190 432
190 1456
193 940
193 1605
193 749
193 36
193 168
201 1557
201 1023
201 723
201 1100
201 259
201 679
203 752
203 1021
203 1821
203 131
204 1930
204 774
204 19
204 364
205 1367
205 671
205 1196
206 894
206 743
206 1955
206 946
206 1583
206 507
207 814
207 1986
207 1230
207 135
207 756
211 1922
211 1139
211 1932
211 508
213 990
213 1101
213 1564
213 183
213 1093
214 465
214 1841
216 1978
216 183
216 1518
216 577
218 1714
218 626
218 1363
218 1177
220 1974
220 1812
220 691
220 1606
220 758
220 693
221 1997
222 259
222 462
222 1212
222 1107
222 1654
222 651
226 308
226 373
226 1297
226 774
226 1542
226 1257
226 1066
227 358
227 827
227 1279
227 1478
227 17
228 1500
228 20
228 873
228 167
228 883
228 739
228 24
229 1314
229 1979
229 1919
230 159
230 1666
230 1282
230 1792
230 1555
232 1269
232 803
232 1112
232 479
232 689
232 1395
232 1845
232 692
233 1572
233 214
233 767
234 278
234 1590
234 1495
234 1671
235 1770
235 1830
235 243
235 1720
236 705
236 1765
236 188
236 1871
236 206
236 302
236 90
239 1782
239 874
239 26
239 642
241 964
241 486
241 1012
241 1552
241 1673
241 1861
241 1285
241 1151
241 350
241 1556
241 1392
242 6
242 873
242 1491
242 1884
242 1644
242 80
242 1097
243 185
243 383
243 1504
243 1645
243 1917
247 1561
247 1903
247 551
247 800
247 1366
251 997
251 801
251 220
251 1749
251 155
251 944
251 289
252 1820
252 1370
252 1770
252 333
252 825
252 122
253 431
253 1985
253 1208
253 598
253 1413
253 19
253 1765
253 1716
255 169
255 441
255 736
255 159
257 1908
257 1179
257 1795
257 93
257 255
257 288
257 1340
257 1169
259 814
259 1185
259 961
259 297
259 894
259 20
259 1619
259 1645
267 653
267 1593
267 19
267 1490
267 353
267 327
267 1833
267 1801
267 475
268 1911
268 133
268 1990
268 1047
268 1078
271 432
271 419
271 1174
271 638
271 1944
271 172
271 91
272 1504
272 1630
272 1060
272 1070
275 585
275 1553
275 971
276 1932
276 1085
276 598
276 1773
276 1016
278 1279
278 486
278 1923
278 10
278 1673
278 1814
278 795
278 784
278 1005
279 719
279 1153
279 1262
279 1806
279 1587
279 1485
280 1266
280 276
280 671
282 594
282 467
282 1176
282 1223
282 1698
284 1522
285 1866
285 693
285 1395
286 372
286 168
286 1236
286 459
286 933
286 1214
286 900
287 1245
287 911
287 1971
287 1084
287 1644
287 1407
288 242
288 103
288 534
288 764
288 1001
288 866
288 989
288 1153
289 75
290 130
290 1954
290 1695
290 185
290 1349
290 744
290 257
290 1363
291 1458
291 962
291 461
291 328
291 1162
295 881
295 165
295 1248
297 1367
297 1654
297 845
299 1496
299 730
299 1792
299 449
299 510
299 185
299 1919
299 516
299 467
302 1995
302 1185
302 1406
302 689
302 417
302 478
302 1055
303 1320
303 1487
303 825
303 60
303 1576
303 734
303 702
308 1151
308 360
308 609
311 1518
311 650
311 1211
311 47
319 1676
319 1223
324 1801
324 284
324 1347
324 1446
324 1198
324 565
324 1420
327 1421
327 1560
327 1954
328 739
328 903
328 590
328 1023
328 543
328 880
328 1833
328 761
328 93
328 34
331 1222
331 1303
333 1345
333 1325
333 1618
333 1448
333 1194
333 1830
333 721
333 1995
337 276
337 350
337 1046
337 1922
337 1278
339 1830
339 1898
339 1319
339 497
341 1446
341 1421
341 645
341 1877
344 92
344 1518
345 291
345 633
345 1814
345 669
346 444
346 758
346 1540
346 43
346 1112
346 1707
347 1955
347 1923
347 803
347 605
347 1469
347 286
348 462
348 1866
348 1830
348 1561
348 1070
350 1106
350 800
350 1293
350 434
351 933
351 1313
351 743
351 1002
353 1362
353 403
356 156
356 1795
356 633
356 789
358 1445
358 599
358 1630
358 346
360 1783
360 840
360 1322
361 190
361 1394
363 148
363 959
363 780
363 1394
364 720
364 1800
364 827
364 1169
364 1623
364 1833
364 1106
364 1620
364 894
364 851
367 1988
367 203
367 1370
367 756
370 1800
370 702
370 1995
370 911
370 645
370 159
372 1850
372 1241
372 1238
372 432
372 734
373 1426
373 1432
373 234
373 268
373 148
373 1561
374 1223
374 522
374 1408
376 1605
376 928
376 1497
377 459
377 1606
377 747
377 860
377 1555
377 765
378 1822
378 139
378 403
378 583
378 284
378 193
378 1430
380 1862
380 422
380 1320
380 981
380 1212
380 600
380 883
380 80
382 1664
382 279
382 886
382 671
382 14
382 1781
383 409
383 634
383 1203
383 1789
383 891
386 1049
386 1827
386 602
386 936
387 910
387 769
387 717
387 1624
390 1903
390 1649
390 671
390 806
390 234
390 534
390 1542
390 1664
390 1297
392 1943
392 749
392 1884
393 1247
393 1579
393 170
394 744
394 1438
394 443
394 936
394 1651
397 1944
397 1843
397 1368
397 1305
397 1405
397 204
399 1698
399 1267
399 1198
399 1115
399 46
401 350
401 1929
401 1970
401 1656
401 1139
401 1105
401 1780
401 1116
401 860
401 1540
401 1589
401 1430
403 855
403 620
403 1495
403 1496
403 1329
403 1303
407 734
407 1070
407 77
407 1713
407 53
407 1788
409 515
409 723
409 1416
409 1107
415 1455
415 823
415 1047
415 99
415 1065
415 550
415 569
415 1445
417 1495
417 1856
417 1473
417 1822
417 861
419 25
419 1556
419 723
419 1953
419 1871
419 1518
419 504
421 656
421 1804
421 162
421 1377
421 903
421 1363
421 689
421 1667
421 1023
422 1249
422 534
422 1614
422 154
425 1787
425 230
425 434
425 1610
425 1487
425 242
427 53
427 157
427 1143
427 1325
427 1821
427 1887
431 583
431 37
431 1366
431 695
432 495
432 536
432 1053
432 772
432 1392
432 1923
432 1421
432 397
433 577
433 1812
433 653
433 684
433 1446
434 837
434 1082
434 1478
434 652
437 21
437 1047
437 1888
437 331
437 1456
437 425
441 820
441 445
441 1477
441 900
441 444
441 534
441 624
441 706
442 190
442 1371
442 1720
442 1212
443 1075
443 1654
443 401
443 812
443 1090
444 1438
444 1263
444 1253
444 1159
444 422
444 624
444 633
444 1522
444 1713
445 1605
445 880
445 1850
445 1016
445 1859
445 622
445 373
445 566
445 1404
449 183
449 1973
449 1197
449 805
449 1837
449 154
449 1200
449 633
449 810
449 36
451 1044
451 167
451 37
451 251
451 268
451 14
451 1988
451 1230
453 50
453 594
453 1955
453 872
453 1971
453 1305
454 1821
454 1765
454 1325
454 744
454 1314
459 1202
459 1660
459 1055
459 550
459 743
461 407
461 1267
461 731
461 1179
461 1888
461 1627
461 1494
461 1323
461 1951
461 1582
461 875
462 319
462 1100
462 1930
462 963
462 437
462 1515
462 1002
465 25
465 827
465 1722
465 43
465 801
465 497
466 299
467 820
467 536
467 1955
467 1722
467 996
467 1138
467 1787
467 1917
470 158
470 563
470 187
470 201
472 1887
472 844
472 1817
475 803
475 1619
478 442
478 1405
478 1633
478 889
478 1149
478 684
479 1582
479 910
479 1334
480 1288
480 20
480 1812
480 1614
480 1378
480 122
480 587
485 478
485 703
485 745
485 382
485 1522
485 1788
485 230
485 608
485 1704
485 1932
485 1484
486 1804
486 53
488 831
488 1022
488 1318
488 463
495 380
495 1446
495 518
495 961
495 177
495 344
495 1149
496 783
496 34
496 24
496 1323
497 959
497 228
497 1121
497 1683
501 1371
501 679
502 1698
502 1627
502 1046
503 1321
503 1138
503 1708
503 1789
503 885
503 969
504 580
504 1009
504 1305
504 162
504 1466
505 344
505 501
505 1444
505 1596
507 767
507 1211
507 333
508 1450
508 1198
508 253
510 1596
510 1903
510 403
510 764
511 911
512 85
512 1660
512 1497
512 1426
512 1159
512 626
512 1115
514 1556
514 167
514 998
515 971
515 167
515 1564
515 60
515 1707
515 743
515 772
515 1325
515 373
515 803
515 91
515 1973
515 1814
516 731
516 1623
516 1435
516 386
516 515
518 508
518 1297
518 1689
518 1180
518 1625
518 1290
518 864
519 831
519 1271
519 1106
522 1812
522 409
522 828
522 278
522 1482
525 1116
525 193
534 1764
534 1171
534 583
534 1460
534 131
534 87
534 1974
536 1466
536 472
536 216
536 24
536 1257
537 327
537 392
537 167
537 271
537 1443
541 1430
541 495
541 1926
541 1749
542 881
542 437
542 1199
542 840
543 1107
543 1171
543 996
543 488
543 1497
548 1578
548 1413
548 374
548 390
548 1435
550 716
550 1923
550 272
550 969
551 130
551 603
551 1553
551 1420
551 971
551 1361
552 253
552 1261
552 1837
553 772
553 1263
553 1149
553 14
553 327
553 1587
554 1618
554 600
554 1959
554 764
554 1519
556 1159
556 1266
556 548
556 514
558 1469
558 1077
558 614
558 425
558 1490
560 1518
560 1908
560 376
563 1222
563 580
563 1105
563 1868
563 696
565 1713
565 1283
565 853
565 1814
565 1845
565 1070
565 933
566 1012
566 633
566 453
567 1555
567 749
567 507
567 1378
567 1130
569 1494
569 1555
569 1985
569 170
577 45
577 1
577 1094
577 1228
577 1455
580 157
580 1347
580 650
580 1558
580 22
580 91
583 234
583 844
583 1250
583 1082
583 1972
583 1789
584 1332
584 1319
584 590
584 1264
584 958
584 29
585 602
585 1310
585 689
585 327
587 176
587 1949
587 1571
587 34
587 1982
588 1571
588 1171
588 451
588 279
588 117
588 1684
590 1129
590 1859
590 502
591 634
591 1227
591 698
591 99
591 1077
591 213
594 534
594 1008
594 1318
594 831
594 1069
597 1259
597 1780
598 1817
598 26
598 73
598 497
598 1713
598 812
598 347
598 706
599 26
599 843
599 91
600 900
600 911
600 1518
600 922
602 1654
602 276
602 702
602 998
603 1582
603 594
603 327
603 29
604 669
605 1005
605 1843
605 1473
605 825
608 1059
608 1408
608 1985
608 1861
608 285
608 827
608 290
609 1827
609 1507
609 511
609 1652
614 1742
614 148
614 699
614 1392
614 122
620 934
620 103
620 653
621 590
621 1192
621 916
622 515
622 1861
622 1497
624 291
624 201
624 1515
624 1649
626 1377
626 158
626 486
626 591
626 1413
626 1053
626 825
626 917
626 1349
626 1290
628 295
628 42
628 1070
628 1035
633 1978
633 1194
633 1984
633 651
633 79
633 605
633 851
634 1770
634 684
634 443
634 6
634 155
634 1404
634 1814
634 1
634 486
634 290
634 1414
637 1053
637 697
637 959
637 1485
638 1576
638 1913
638 646
638 327
638 1560
640 1897
640 1644
640 1179
640 158
642 695
642 859
642 1070
642 183
645 1100
645 1903
645 1704
645 41
645 1572
645 1022
645 1256
645 772
646 653
646 1073
646 60
646 1329
646 765
646 1184
646 1187
647 1833
647 653
647 235
648 1519
648 1125
649 1833
649 1430
649 203
649 778
649 242
649 1635
650 1821
650 1313
650 1639
650 1605
650 1105
651 1967
651 804
651 1783
651 1671
652 722
652 1149
652 415
652 1667
652 466
652 1724
653 853
653 752
653 780
653 158
653 1675
653 1321
653 1970
656 580
656 1749
656 1789
656 101
656 608
659 1695
659 1158
659 207
659 1527
660 1745
660 689
660 390
660 628
660 1982
660 1725
663 1579
663 1527
663 688
669 1469
669 961
669 1013
669 1183
669 392
669 861
670 1362
670 87
670 1860
670 1975
671 717
671 170
671 1664
672 475
672 1792
672 790
675 1986
675 189
675 348
679 21
679 1363
679 548
679 1520
682 851
682 1585
682 998
684 759
684 1100
684 1073
684 1724
688 272
688 1994
688 1101
688 969
688 1555
688 880
688 760
689 1671
689 1718
689 1770
689 1334
689 1336
689 1358
689 1214
689 1318
689 1211
691 34
691 1398
691 377
691 1982
691 495
691 1143
692 1560
692 894
692 675
692 1454
692 120
692 663
692 525
692 1121
693 1742
693 295
693 1954
693 1830
693 1651
694 670
694 556
694 427
694 563
694 1581
694 1609
694 1494
695 1645
695 1241
695 672
695 758
695 80
696 1835
696 1247
696 1990
697 1972
697 466
697 204
698 1951
698 166
698 908
698 1821
698 1309
699 1953
699 768
699 705
699 620
702 705
703 1141
703 1661
703 577
703 1395
704 73
704 1957
704 444
704 924
704 1282
704 651
705 558
705 883
705 1827
705 1395
705 1564
705 1986
706 984
706 721
706 1792
706 1278
706 401
706 1651
706 1112
707 1064
707 1817
707 552
707 839
716 1222
716 705
716 504
716 916
716 1107
717 626
717 351
717 1416
717 1860
717 1258
717 1620
719 1782
719 670
719 1540
719 106
719 519
719 707
720 1455
720 1228
720 1458
720 1194
720 1625
720 587
721 859
721 1001
721 1802
721 697
721 1995
721 1347
721 1866
721 614
722 207
722 205
723 1555
723 282
723 628
730 1060
730 1278
730 1725
730 1540
730 1287
730 1194
731 1490
731 54
731 1619
731 1064
731 467
731 1446
731 19
731 387
731 434
731 1931
732 1628
732 1073
732 1491
732 1151
734 1121
734 1218
734 1303
734 1045
734 703
734 1552
734 946
734 393
736 866
736 626
736 1696
736 1761
736 1793
737 1630
737 19
737 1762
737 1520
737 73
737 1243
737 399
737 1942
739 139
739 873
741 1837
741 1370
741 1031
741 963
741 462
741 1844
742 933
742 958
742 519
742 1013
742 768
742 1610
742 1585
743 802
743 90
743 327
743 516
743 1590
743 542
743 1466
743 1173
743 286
744 1494
744 1801
744 1363
744 1392
744 372
744 1918
744 461
745 1136
745 1905
745 87
745 427
745 417
745 139
745 1932
746 1261
746 1485
746 185
746 1970
746 772
746 488
747 1323
747 230
747 295
747 1971
747 463
747 1808
747 1742
749 134
749 1628
749 874
749 696
749 1825
749 394
749 1417
749 916
751 598
751 1788
752 1053
752 176
752 1168
752 1314
752 1358
756 1967
756 912
756 656
758 1801
758 964
758 1639
758 1093
758 503
759 1708
759 228
759 1329
759 1183
759 1557
759 1230
760 994
760 698
760 1891
760 427
760 587
761 278
761 1636
761 205
761 1930
762 1368
762 1805
762 1297
762 390
762 1903
764 1257
764 120
764 1160
764 663
764 1527
765 134
765 1112
765 1485
765 1261
765 645
765 1864
765 553
765 376
765 1644
765 894
765 1844
767 1866
767 1070
767 1842
767 193
767 566
767 22
767 1833
768 397
768 1066
769 1773
769 122
769 1696
769 1356
772 1953
772 609
772 1557
772 1517
772 1177
774 802
774 784
774 1176
774 815
774 193
774 1982
774 1985
774 25
774 1808
778 925
778 765
778 820
780 1524
780 1077
780 73
780 1590
782 1810
782 761
782 337
782 698
782 21
782 465
782 1871
783 1392
783 284
783 394
783 696
784 1631
784 167
784 717
789 1211
789 1594
789 1959
789 1866
789 163
789 287
790 554
790 189
790 1420
790 46
790 1410
792 1610
792 1454
792 804
792 1075
792 845
794 861
794 772
794 872
795 925
795 1021
795 874
795 1783
800 1735
800 253
800 60
800 1954
800 1764
800 497
800 1820
800 1250
800 443
801 880
801 1837
802 1675
802 1100
802 1742
802 135
802 1967
802 1400
802 122
803 696
803 656
803 75
803 1414
803 1159
804 1555
804 994
804 1793
804 1536
804 251
804 1090
804 255
805 1908
805 135
805 1831
805 211
806 1183
806 1558
806 1518
806 1448
808 1202
808 1140
808 1889
808 158
808 1986
808 1445
808 1484
808 697
808 253
809 1491
809 1980
809 783
809 353
809 85
809 1334
809 761
809 1107
809 267
810 669
812 1101
812 1827
812 253
814 138
814 297
814 1183
814 1761
815 1270
815 840
815 1661
815 868
819 1841
819 1898
819 994
820 1245
820 1877
820 111
820 1162
820 128
820 803
821 1781
821 1905
821 166
821 1458
821 505
821 1561
821 698
823 1986
823 167
823 794
823 1090
825 1926
825 903
825 1871
825 552
825 1780
825 228
827 739
827 290
827 117
828 663
828 640
828 370
828 1309
828 1951
830 1560
830 1220
830 908
830 981
830 1171
830 1313
830 671
831 167
831 695
831 1055
831 843
834 1654
834 703
834 1720
834 541
836 551
836 604
836 409
836 165
836 311
836 743
837 1085
837 1866
837 591
837 891
837 780
837 812
839 1367
839 1368
840 419
840 1271
840 1745
840 257
840 1644
843 1644
843 1405
843 1571
843 1813
843 1230
843 383
844 1405
844 467
844 747
844 1203
844 590
844 1785
845 940
845 1160
845 1468
845 128
845 1157
845 886
845 882
845 1328
850 1745
850 1544
850 1935
850 1557
850 1063
851 1028
851 1517
851 802
851 656
851 872
851 465
851 845
853 1860
853 1793
853 1347
853 1100
853 1407
855 1967
855 590
855 251
855 92
855 486
855 1964
858 1942
858 239
858 324
858 1482
858 989
858 1203
859 594
859 1923
859 377
859 1519
859 214
859 1625
859 608
859 620
859 26
859 117
859 1780
859 1077
860 883
861 1278
861 43
861 872
861 1168
861 1177
861 1762
864 1698
864 399
866 699
866 553
866 1679
868 101
868 1806
868 1590
868 1156
868 1695
868 1430
872 1742
872 1200
872 1676
873 1435
873 1737
873 295
873 634
874 1696
874 148
874 1277
875 565
875 1515
875 745
877 1725
880 1438
880 1253
881 567
881 1100
881 1416
882 1392
882 1845
882 1864
882 1408
882 495
882 730
882 461
883 563
883 268
883 1982
883 960
883 101
883 1871
885 1742
885 1081
886 784
886 1288
889 1248
889 308
889 872
889 1490
889 1322
889 419
891 1884
891 360
891 1790
891 1389
891 510
892 1649
892 1398
892 1850
892 168
894 1444
894 1088
894 751
894 443
894 747
900 1497
900 1158
902 1897
902 503
902 584
902 705
903 1141
903 1905
903 1951
905 810
905 594
905 1366
905 1802
905 1941
908 259
908 1844
908 808
908 188
909 609
909 1581
909 743
909 1389
909 820
909 1264
910 1485
910 1328
910 1185
910 297
910 461
911 1065
911 764
911 534
911 24
911 860
911 1465
912 515
912 883
912 442
912 860
912 333
916 373
916 1618
916 1494
916 272
916 1884
916 917
916 721
916 1864
917 1845
917 1735
917 1334
917 259
917 1460
917 780
917 75
917 1764
917 93
917 1868
917 880
921 397
922 591
922 916
922 650
922 80
922 1290
922 759
922 1675
924 1560
925 17
925 749
925 1169
927 1812
927 982
927 1865
927 1503
927 22
927 1405
928 214
928 1239
928 221
928 705
928 882
928 1843
929 543
929 1683
929 794
929 1370
929 853
929 634
929 1187
929 376
931 228
931 1698
931 960
931 383
931 1407
931 10
931 41
933 299
933 364
933 1829
933 417
934 1980
934 1105
934 768
934 903
934 1318
936 1466
936 1400
936 1973
936 1898
940 1367
940 92
940 1420
940 689
940 91
940 706
940 964
944 608
944 327
944 472
944 1504
944 795
946 93
952 1105
952 679
952 1236
952 1805
952 646
952 41
952 851
958 1368
958 1310
958 1868
958 1163
958 1628
958 1221
958 1984
958 821
959 288
959 924
959 1270
959 960
959 741
959 1131
959 1419
959 698
959 168
959 946
960 1919
960 1121
960 370
960 924
961 1423
961 239
961 1160
961 885
961 624
961 1949
961 600
961 327
961 1412
961 1392
961 444
961 1443
962 1421
962 1704
962 1291
962 603
962 1527
962 1009
963 843
963 1856
963 167
963 170
963 1394
964 1825
964 287
964 104
964 397
969 1599
969 106
969 864
969 1542
971 1911
971 42
971 372
974 1232
974 230
974 1284
974 1044
974 1761
974 10
981 1194
981 1395
981 170
981 1455
981 156
982 1935
982 442
984 1003
984 91
984 134
984 1347
984 1943
985 1410
985 1762
985 360
985 734
986 638
986 172
987 551
987 805
987 981
987 106
987 872
987 1860
989 1130
989 1647
989 962
989 652
989 1941
989 1131
989 982
989 1624
989 1579
989 929
989 393
989 1666
990 1813
990 825
994 465
994 407
994 591
994 1591
996 1625
996 908
996 1918
996 628
997 1666
997 1695
997 1223
997 445
998 671
998 1097
1001 239
1002 584
1002 1009
1002 236
1002 1073
1002 466
1002 1770
1002 1725
1002 394
1002 558
1003 1802
1003 1378
1003 103
1005 1044
1005 1410
1005 584
1005 380
1005 1959
1008 1436
1008 1914
1008 569
1009 782
1009 1675
1009 1158
1009 1576
1009 1698
1012 1412
1013 597
1013 1737
1013 761
1013 558
1013 1990
1013 903
1013 1654
1013 29
1013 1282
1013 1996
1013 768
1015 1288
1015 699
1015 1047
1015 744
1015 577
1015 1358
1015 247
1015 511
1015 1631
1016 1396
1016 236
1016 1970
1016 288
1016 1827
1016 1206
1016 855
1018 1171
1018 1371
1018 1835
1018 1837
1018 114
1018 1421
1018 353
1021 1305
1021 390
1021 496
1022 1197
1022 308
1023 480
1023 1407
1023 689
1023 1088
1023 1864
1023 1446
1023 921
1023 144
1023 1115
1028 386
1028 104
1028 289
1031 800
1031 1460
1031 626
1031 1241
1031 702
1035 1410
1035 1825
1035 1724
1035 1107
1035 1827
1035 193
1035 324
1043 958
1043 1692
1043 908
1043 1002
1044 682
1044 285
1044 1478
1044 1456
1044 1101
1044 1979
1045 327
1045 647
1045 1762
1045 660
1046 536
1046 624
1046 543
1046 1673
1046 1683
1048 875
1048 77
1048 308
1048 1419
1048 604
1048 736
1048 1466
1048 652
1049 587
1049 1021
1049 1156
1049 475
1049 580
1053 1597
1053 1737
1053 333
1055 736
1055 22
1059 694
1059 1313
1059 383
1060 1012
1063 53
1063 885
1063 768
1063 1571
1063 626
1063 772
1064 1664
1064 495
1064 1692
1065 1305
1065 1438
1065 311
1065 136
1065 29
1065 952
1065 1941
1065 689
1066 239
1066 1745
1066 1198
1066 1831
1066 940
1069 1974
1069 698
1069 542
1070 566
1070 1795
1070 565
1070 443
1073 1392
1073 1242
1073 790
1073 496
1073 1212
1073 1171
1073 622
1075 691
1075 768
1077 204
1078 242
1078 106
1078 909
1078 77
1081 1517
1081 1247
1081 1990
1082 855
1082 1395
1082 1903
1082 243
1082 764
1082 688
1084 649
1084 1282
1084 825
1084 346
1084 230
1084 2
1084 742
1085 1846
1085 944
1085 916
1085 1594
1085 1751
1085 1230
1085 133
1088 703
1088 1173
1088 1833
1088 425
1090 1683
1090 839
1093 1222
1093 386
1093 851
1093 1197
1094 837
1094 1196
1094 78
1094 251
1097 1323
1097 603
1097 1576
1099 1465
1099 242
1099 552
1099 1596
1099 91
1099 1438
1100 1162
1100 648
1100 608
1100 587
1101 222
1101 1608
1101 946
1105 229
1105 1692
1105 1185
1105 1488
1105 1861
1105 762
1105 1049
1105 1534
1105 449
1105 80
1106 1661
1106 1028
1106 1314
1106 91
1107 1407
1107 337
1107 929
1107 1173
1107 764
1107 1905
1112 782
1115 1647
1115 1557
1115 1654
1115 472
1115 620
1115 1959
1116 1580
1116 434
1116 187
1116 1008
1116 128
1116 746
1116 911
1116 1614
1116 1683
1121 859
1121 169
1121 382
1121 222
1121 1647
1125 1230
1125 290
1125 376
1125 1264
1125 761
1125 1443
1129 1438
1129 1292
1129 1443
1129 1742
1129 844
1130 87
1130 1504
1130 981
1130 1323
1130 229
1131 903
1131 1845
1131 720
1131 1044
1131 749
1131 54
1131 1458
1131 504
1136 751
1136 1583
1138 157
1138 837
1138 985
1138 767
1138 183
1139 20
1139 552
1139 90
1139 1579
1139 1561
1139 892
1139 1647
1140 821
1140 931
1140 600
1140 1783
1140 548
1141 1203
1141 347
1141 1992
1141 1328
1141 1362
1143 703
1143 114
1149 1185
1149 671
1149 1997
1149 911
1149 1664
1149 1544
1151 1780
1151 1572
1151 1491
1151 795
1151 1751
1151 875
1151 1016
1151 503
1153 1770
1153 104
1153 139
1153 1166
1153 1773
1153 54
1156 157
1156 987
1156 737
1156 1477
1156 1081
1156 226
1156 514
1156 1169
1156 239
1156 859
1157 519
1157 1398
1157 1478
1158 672
1158 704
1158 103
1159 167
1159 1256
1159 1723
1159 1362
1159 351
1159 98
1159 148
1159 1094
1160 1271
1160 810
1160 563
1160 1081
1160 267
1160 648
1162 1458
1162 868
1162 772
1162 1722
1163 1404
1163 1227
1163 1607
1164 1212
1164 185
1166 721
1166 25
1166 159
1166 1059
1166 1258
1168 233
1168 705
1168 790
1168 541
1168 1598
1168 1438
1168 73
1168 1859
1169 1238
1169 1077
1169 299
1169 1458
1171 1099
1171 479
1171 917
1171 1221
1171 216
1173 1967
1173 16
1173 599
1173 739
1173 1628
1174 234
1174 1579
1174 285
1176 114
1176 1046
1176 93
1176 1539
1176 1253
1176 285
1176 331
1177 640
1177 1845
1177 1151
1177 1228
1177 1169
1177 984
1179 1567
1179 1171
1179 1318
1179 272
1180 1340
1180 522
1180 1708
1180 1522
1180 831
1180 324
1183 964
1183 959
1183 505
1183 1814
1183 1917
1183 466
1183 1792
1184 502
1185 649
1185 850
1185 470
1185 350
1187 1608
1187 648
1187 1420
1192 1636
1192 1101
1192 1200
1192 158
1192 844
1192 288
1194 1088
1194 17
1194 1979
1194 1368
1194 749
1194 1607
1194 929
1196 1043
1196 734
1196 221
1196 1156
1196 1318
1196 289
1196 638
1196 1624
1196 211
1197 1284
1197 737
1197 188
1197 1049
1198 760
1198 1984
1198 1407
1198 749
1199 584
1199 1618
1199 339
1200 507
1200 1410
1200 626
1200 810
1200 156
1202 560
1202 275
1202 449
1202 792
1202 569
1202 392
1202 1171
1202 670
1203 1973
1203 1567
1203 886
1203 1825
1206 916
1206 1903
1206 1270
1206 789
1206 834
1208 1571
1208 783
1208 1742
1208 1801
1211 1986
1211 272
1211 774
1211 1582
1211 1804
1212 1288
1212 1322
1212 1946
1212 689
1212 1218
1212 699
1212 139
1212 1490
1212 1053
1214 1373
1214 233
1214 1542
1214 272
1214 1773
1214 809
1214 1066
1214 247
1216 767
1216 390
1216 9
1216 1689
1216 205
1218 324
1218 425
1220 1589
1220 694
1220 1828
1220 337
1220 1046
1221 1465
1221 745
1221 1607
1221 1176
1221 565
1221 327
1221 1404
1222 551
1222 1243
1222 1256
1222 386
1222 1262
1223 475
1223 1203
1223 444
1223 1016
1223 877
1227 1199
1227 1432
1227 87
1227 380
1227 736
1227 431
1227 101
1228 688
1228 363
1228 1609
1228 407
1230 697
1230 222
1230 706
1230 1199
1230 1115
1230 377
1230 1320
1230 672
1232 1913
1232 37
1232 361
1232 363
1232 651
1232 1419
1232 333
1232 1012
1236 1356
1236 1065
1236 230
1236 679
1236 1160
1236 839
1238 809
1238 1454
1238 1957
1238 1149
1239 1831
1239 1250
1239 1012
1239 505
1239 252
1239 130
1241 599
1241 1985
1241 1316
1241 1060
1241 1373
1241 768
1242 1100
1242 203
1242 20
1242 1943
1242 105
1242 1999
1242 694
1242 1767
1242 1675
1243 236
1243 54
1243 1946
1243 433
1243 1944
1245 1005
1245 1349
1245 1785
1245 746
1245 1520
1245 1884
1245 1633
1245 1218
1245 1598
1245 176
1245 1458
1247 1162
1247 721
1247 605
1247 1955
1247 1097
1248 220
1249 974
1249 1782
1249 1078
1249 1864
1249 741
1249 990
1250 1077
1250 346
1250 1194
1250 472
1250 174
1250 297
1253 1714
1253 1313
1253 1284
1255 233
1255 894
1256 1018
1256 1438
1256 282
1257 1645
1257 1392
1258 996
1258 634
1258 1929
1258 1994
1259 892
1259 407
1259 278
1261 809
1261 272
1261 285
1261 599
1261 1290
1261 101
1261 986
1261 1654
1262 465
1262 765
1262 259
1262 117
1262 1835
1262 1897
1263 794
1263 519
1263 1173
1263 1667
1263 744
1263 1053
1263 1253
1263 201
1263 1943
1263 1985
1264 1571
1266 1143
1266 234
1266 843
1266 647
1266 614
1266 649
1266 1723
1266 1707
1267 1911
1267 239
1269 784
1269 1986
1269 1553
1269 577
1269 830
1269 1972
1269 1625
1269 1692
1269 969
1270 399
1270 386
1270 936
1270 1328
1270 397
1270 1173
1270 1825
1271 1907
1271 1478
1271 552
1271 1660
1271 1454
1271 1845
1271 873
1277 92
1277 997
1277 550
1277 1703
1278 370
1278 399
1278 1997
1278 1176
1279 1389
1279 1907
1279 693
1282 1090
1282 79
1282 114
1283 1358
1283 620
1283 136
1283 1675
1283 591
1283 1318
1284 350
1284 693
1284 805
1284 1994
1284 1673
1284 1679
1284 239
1285 580
1285 1428
1285 1106
1285 1460
1285 1843
1285 1290
1285 699
1285 1942
1285 1972
1287 174
1287 772
1287 1009
1287 1503
1287 827
1287 131
1288 1329
1288 1176
1288 1617
1288 1028
1288 218
1288 1443
1288 1241
1290 201
1290 910
1290 1572
1290 1473
1291 609
1291 831
1291 432
1291 1093
1291 1420
1292 99
1292 1334
1292 327
1292 9
1292 157
1293 1868
1293 1814
1293 1593
1293 795
1297 1708
1297 543
1297 103
1297 26
1302 1866
1302 1903
1303 752
1303 853
1303 1094
1305 1985
1305 931
1305 560
1305 162
1305 1347
1305 746
1310 87
1310 1212
1310 403
1310 1764
1310 370
1310 1284
1310 1220
1310 1410
1310 462
1313 1
1313 855
1313 60
1313 927
1313 41
1314 1282
1314 1553
1314 239
1314 717
1314 1187
1314 1856
1314 1305
1316 1708
1316 730
1316 1578
1316 706
1318 936
1318 133
1318 449
1318 1053
1318 433
1319 1593
1319 1340
1319 1930
1319 1767
1319 859
1319 295
1319 891
1319 466
1320 916
1320 93
1320 536
1320 933
1320 1518
1320 53
1321 1737
1321 24
1321 1518
1321 634
1321 789
1321 1627
1321 308
1321 1055
1321 380
1321 1790
1321 1984
1321 1081
1322 1692
1322 177
1323 1884
1323 782
1323 1243
1323 1946
1323 638
1325 282
1325 982
1325 814
1325 864
1325 1075
1328 1789
1328 1292
1328 1430
1328 1329
1328 1248
1329 257
1329 92
1329 1417
1329 155
1329 1223
1329 386
1332 1002
1332 604
1332 721
1332 1581
1332 827
1334 54
1336 994
1336 646
1336 1107
1336 174
1336 1553
1340 1579
1340 1698
1340 235
1340 560
1340 534
1340 230
1340 689
1340 964
1345 495
1345 168
1345 297
1345 1196
1345 1645
1345 279
1345 749
1345 233
1345 138
1345 732
1345 1368
1347 1065
1347 814
1347 850
1347 1221
1347 1783
1347 170
1347 1596
1347 1389
1349 778
1349 1066
1349 1473
1349 1140
1356 1196
1356 1349
1356 1990
1358 1371
1358 519
1358 790
1358 1421
1358 1230
1358 624
1361 1347
1361 1585
1361 511
1362 588
1362 850
1362 1762
1362 361
1362 131
1362 1236
1362 702
1362 924
1363 1926
1363 1583
1363 155
1363 26
1363 1368
1366 1864
1366 470
1366 1683
1366 699
1366 1918
1367 569
1367 1283
1368 1967
1368 347
1368 1503
1368 1197
1368 188
1368 1075
1368 170
1370 230
1370 1860
1370 1249
1370 122
1370 808
1370 505
1370 1140
1371 1703
1371 1266
1373 57
1373 741
1373 176
1377 462
1377 745
1377 1922
1377 1846
1377 376
1377 1888
1377 1636
1378 1443
1378 844
1378 1953
1378 743
1378 830
1378 1367
1389 1084
1389 351
1389 1437
1389 1860
1392 1913
1392 1
1392 1484
1392 1469
1394 1555
1394 1261
1394 1436
1394 1560
1394 790
1394 997
1395 1527
1395 1594
1395 1125
1395 1660
1395 1153
1395 1951
1396 801
1396 649
1396 1202
1398 917
1398 749
1398 1978
1398 1591
1400 1262
1400 565
1400 1561
1400 10
1400 858
1400 1567
1404 1243
1404 1400
1404 837
1404 1100
1404 986
1404 602
1405 462
1405 1955
1405 1781
1405 345
1406 415
1406 924
1406 827
1406 628
1407 597
1407 1373
1407 1495
1407 1666
1408 860
1408 583
1408 1821
1408 1347
1408 1409
1409 1303
1409 1994
1410 331
1410 363
1410 1271
1410 1591
1410 1409
1410 177
1412 719
1412 1630
1412 1055
1412 580
1412 534
1412 390
1412 98
1413 792
1413 91
1413 505
1414 758
1414 1524
1414 569
1414 1556
1414 403
1414 1329
1416 1469
1416 933
1416 1518
1416 768
1416 1986
1416 660
1417 78
1417 1249
1417 1539
1419 1866
1419 982
1419 1370
1419 1158
1419 1495
1419 1972
1420 459
1420 1136
1420 204
1420 1177
1420 944
1420 1184
1421 24
1421 850
1421 1003
1421 1992
1421 276
1423 1841
1423 931
1423 1420
1426 105
1426 183
1426 393
1428 1031
1428 203
1428 443
1428 1216
1430 1164
1430 130
1430 1723
1432 135
1432 1046
1432 346
1432 645
1432 1297
1432 1310
1432 1450
1432 894
1435 772
1435 1153
1435 1985
1435 1290
1435 1935
1435 1850
1435 415
1436 959
1436 844
1436 1587
1436 478
1437 421
1437 278
1437 614
1437 675
1437 772
1438 823
1438 1789
1438 730
1438 633
1443 1853
1443 1116
1443 640
1444 989
1444 1129
1444 117
1445 652
1445 505
1446 1129
1446 1676
1446 236
1446 172
1446 628
1448 392
1448 739
1448 908
1448 1980
1448 1654
1448 169
1448 328
1448 1156
1450 1555
1450 1801
1454 944
1454 723
1455 767
1455 1877
1455 1513
1455 1232
1455 358
1455 1473
1455 432
1456 138
1456 1930
1456 1101
1456 1520
1456 1012
1456 1053
1456 1444
1456 1305
1456 133
1456 837
1458 929
1458 1198
1458 834
1458 174
1458 542
1458 1107
1459 1002
1459 1048
1459 1456
1459 1266
1460 1723
1460 1290
1460 1371
1460 1841
1460 1793
1460 1168
1465 1060
1465 267
1465 1319
1465 218
1466 1362
1466 1708
1466 189
1468 1781
1468 1984
1468 394
1469 280
1469 827
1469 1946
1469 290
1469 567
1469 1173
1469 1166
1469 634
1469 507
1473 1590
1473 1256
1473 1412
1473 1002
1473 622
1477 1321
1477 1895
1477 1724
1478 795
1478 1871
1478 1009
1478 1174
1478 1814
1482 1107
1482 1445
1482 1974
1482 1556
1484 16
1484 350
1484 745
1484 299
1484 479
1484 1737
1485 1975
1485 1094
1485 73
1485 434
1485 1585
1485 1303
1485 720
1485 1999
1485 743
1485 417
1487 1757
1487 1581
1487 1627
1487 1793
1487 1197
1487 50
1488 174
1488 1825
1490 1349
1490 1218
1490 392
1490 1856
1490 1911
1490 111
1490 206
1491 1163
1491 501
1494 1228
1494 794
1494 1334
1494 1045
1495 295
1495 964
1495 1561
1495 552
1495 514
1495 1689
1496 648
1496 351
1496 737
1496 1285
1496 1591
1496 640
1497 577
1497 233
1497 401
1500 399
1500 716
1500 653
1500 858
1500 344
1503 648
1503 996
1503 1639
1503 560
1503 1635
1504 859
1507 1676
1507 921
1507 929
1507 1269
1507 746
1507 1419
1507 1437
1507 705
1512 730
1512 1931
1512 243
1512 1494
1512 1804
1513 163
1513 1437
1513 598
1513 106
1513 511
1513 1230
1513 1368
1515 1157
1515 367
1517 1084
1517 285
1517 647
1517 565
1517 1745
1517 242
1518 989
1518 1417
1518 990
1518 1520
1518 553
1519 649
1519 1183
1519 257
1519 1512
1519 1975
1519 705
1519 1618
1519 1762
1520 1889
1520 861
1520 87
1520 394
1520 722
1520 54
1520 1064
1520 93
1521 1973
1521 1291
1521 600
1522 1362
1522 1329
1522 1184
1522 1485
1522 394
1522 1322
1524 1785
1524 77
1524 328
1527 1436
1527 341
1527 1581
1534 1347
1534 442
1534 1988
1534 1398
1534 1139
1536 363
1536 324
1536 604
1536 653
1536 1345
1539 1478
1539 50
1539 1544
1539 1363
1540 567
1540 801
1540 1077
1540 188
1542 931
1542 1628
1542 510
1542 350
1542 1835
1542 502
1542 1293
1542 480
1544 1844
1544 1405
1544 705
1544 1157
1552 905
1552 505
1552 6
1552 1973
1552 1156
1553 1436
1553 859
1553 1212
1555 537
1555 1817
1555 759
1555 1594
1556 1651
1556 1967
1556 608
1556 216
1556 1405
1557 1478
1557 551
1557 1897
1557 1487
1557 155
1557 1599
1557 444
1557 1221
1558 1130
1558 220
1558 652
1558 1392
1558 585
1558 1097
1558 376
1558 479
1558 921
1560 106
1560 1785
1560 242
1560 344
1561 1138
1561 1757
1561 1842
1561 1911
1564 1635
1564 1895
1564 243
1564 1579
1567 1793
1567 1891
1567 1485
1567 864
1567 695
1567 80
1567 106
1567 1828
1571 743
1571 567
1571 764
1571 772
1572 1812
1572 36
1572 772
1572 964
1576 1416
1576 765
1576 1865
1576 515
1576 445
1576 1247
1576 327
1578 1720
1578 1100
1578 634
1579 815
1579 659
1579 1421
1579 188
1579 1163
1579 1597
1579 1242
1579 1060
1580 1552
1580 1985
1580 1125
1580 599
1580 1164
1580 285
1581 912
1581 98
1581 1008
1581 679
1581 117
1582 866
1582 1597
1582 783
1582 1064
1583 638
1583 1594
1585 1608
1585 1328
1585 1277
1585 453
1585 226
1587 1238
1587 1540
1587 1955
1587 1136
1587 1173
1587 174
1589 1667
1589 1090
1589 1673
1589 361
1590 1587
1590 1131
1591 1302
1591 1478
1591 1590
1591 91
1591 374
1591 454
1593 19
1593 1497
1593 1250
1593 1320
1593 1724
1593 1043
1593 1627
1594 663
1594 203
1594 1795
1594 1334
1594 1367
1594 319
1594 1477
1596 409
1596 554
1596 1955
1596 1177
1596 17
1596 1005
1596 211
1596 1131
1597 929
1597 1261
1597 1081
1597 1982
1597 734
1598 1748
1598 1044
1598 422
1599 374
1599 1322
1599 1572
1599 830
1605 1914
1605 1515
1605 437
1605 1496
1605 1636
1605 333
1605 761
1605 1845
1605 1088
1605 1633
1605 722
1606 1540
1606 518
1606 1820
1606 34
1606 415
1607 1468
1607 1780
1607 960
1607 1171
1608 1580
1608 1941
1608 1270
1609 1173
1609 597
1609 1430
1609 1692
1609 239
1610 495
1610 912
1610 1999
1610 422
1614 691
1614 1410
1614 1919
1614 634
1614 1222
1614 1560
1614 1692
1614 1814
1617 83
1617 374
1617 1624
1617 1555
1617 1053
1617 1370
1617 169
1617 1673
1618 1742
1618 882
1618 902
1618 285
1619 233
1619 1703
1619 387
1620 503
1620 1112
1620 804
1620 1370
1620 810
1620 1318
1620 1829
1620 774
1622 14
1622 46
1622 552
1622 1979
1622 295
1623 1860
1623 929
1623 868
1623 882
1624 1482
1624 794
1624 22
1624 762
1625 971
1625 163
1625 1897
1625 1978
1625 1414
1625 1048
1625 1986
1625 1173
1625 1683
1625 858
1625 1420
1627 1392
1627 1913
1627 421
1627 1572
1627 1438
1627 1713
1628 800
1628 844
1628 93
1628 168
1630 594
1630 275
1630 252
1630 1698
1630 1271
1630 1664
1630 961
1630 495
1631 122
1631 749
1631 1253
1631 1829
1631 963
1631 795
1631 163
1631 480
1631 1363
1633 83
1633 267
1633 569
1633 268
1633 646
1633 1031
1635 1218
1635 214
1635 1228
1635 1802
1636 660
1636 1884
1636 350
1636 176
1636 295
1639 155
1639 1749
1639 1444
1639 997
1639 1986
1639 969
1639 689
1639 1790
1644 1633
1644 522
1645 1713
1645 1159
1645 510
1645 1065
1645 1491
1647 10
1647 902
1647 1609
1647 1366
1647 1282
1647 1022
1647 1667
1649 259
1649 415
1649 553
1649 1159
1649 117
1649 998
1649 111
1649 255
1649 1842
1651 1656
1651 1271
1651 16
1651 156
1651 731
1651 1762
1651 1400
1651 201
1651 454
1652 912
1652 695
1652 1609
1652 1908
1652 1362
1654 802
1654 577
1656 1066
1656 421
1656 92
1656 9
1660 1905
1660 682
1660 1223
1661 1409
1661 394
1661 1572
1661 1140
1661 1282
1664 518
1664 1871
1664 361
1664 1263
1664 1567
1666 193
1666 1861
1666 1751
1666 1593
1666 703
1666 1446
1667 1288
1667 409
1667 276
1667 1236
1671 1714
1671 267
1671 136
1671 819
1671 393
1671 1112
1673 1303
1673 1414
1673 288
1673 417
1675 1720
1675 1469
1675 1521
1675 1585
1675 1793
1675 1666
1676 1718
1676 377
1676 794
1676 924
1676 746
1679 783
1679 1297
1679 1194
1679 1253
1679 1358
1679 1624
1683 1649
1683 1370
1683 742
1683 1822
1683 1590
1683 466
1684 536
1684 912
1684 1831
1684 1718
1684 1580
1684 959
1689 1608
1689 78
1689 1536
1689 1980
1692 1649
1692 134
1692 1362
1692 1262
1692 91
1695 536
1695 205
1695 1345
1696 761
1696 390
1696 1725
1696 1115
1696 50
1698 952
1698 860
1698 1865
1698 1222
1703 747
1703 774
1703 1049
1703 1713
1703 1319
1704 324
1704 1157
1704 1707
1704 1081
1704 1100
1704 1503
1704 821
1704 940
1704 794
1704 1149
1704 1121
1707 1975
1707 815
1708 1630
1708 1790
1708 502
1713 672
1713 699
1713 1084
1713 602
1713 1468
1713 1412
1713 1140
1714 159
1714 1100
1716 590
1716 331
1716 1129
1716 1605
1716 837
1718 1255
1718 550
1718 1156
1718 345
1718 952
1718 831
1718 1157
1718 707
1720 1371
1720 1318
1720 940
1720 417
1720 182
1720 75
1722 1156
1722 902
1722 444
1722 344
1722 1015
1722 478
1722 723
1723 331
1723 1377
1723 299
1723 1627
1723 454
1724 1877
1724 1812
1725 1259
1725 98
1725 801
1725 646
1735 1412
1735 106
1735 1830
1737 1309
1737 73
1737 17
1737 233
1737 1073
1737 1347
1737 1153
1742 1001
1742 1396
1742 1016
1742 716
1742 516
1742 228
1745 226
1745 328
1745 828
1745 1954
1748 963
1748 1861
1748 1288
1748 837
1748 1466
1748 646
1748 1803
1749 556
1749 541
1749 669
1749 361
1749 911
1749 1609
1749 1527
1751 1497
1751 1336
1757 276
1757 54
1757 1544
1760 1430
1760 1321
1760 1328
1760 1593
1760 1918
1761 409
1761 889
1762 1377
1762 1417
1762 1270
1762 1800
1762 57
1762 363
1764 626
1764 1423
1764 57
1764 1683
1764 1465
1764 739
1765 628
1765 461
1765 783
1765 739
1765 252
1765 597
1767 407
1767 1066
1767 874
1767 1158
1770 1416
1770 364
1770 1664
1770 285
1770 994
1770 602
1770 642
1773 1400
1773 1310
1773 1676
1773 495
1780 689
1780 1556
1780 1765
1780 1208
1782 501
1783 1803
1785 276
1787 1571
1787 1166
1787 1707
1788 1598
1788 1971
1788 723
1788 1503
1788 213
1788 1943
1789 1221
1789 356
1789 1576
1789 259
1790 814
1790 206
1790 548
1790 1444
1790 1090
1790 1624
1792 583
1792 614
1792 695
1792 461
1792 1329
1793 1860
1793 1707
1793 17
1795 1435
1795 1618
1795 1519
1795 792
1795 79
1795 348
1795 1660
1795 1703
1795 810
1800 1845
1800 434
1801 1
1801 1978
1801 341
1801 922
1801 201
1802 922
1802 1903
1802 1801
1803 1247
1803 1908
1803 905
1803 16
1803 1465
1803 1718
1804 393
1804 1112
1804 1830
1805 1107
1805 1757
1805 1935
1805 1944
1806 465
1806 1865
1806 485
1806 705
1806 660
1806 984
1808 695
1808 1005
1808 461
1808 201
1808 233
1810 944
1810 1435
1810 1262
1810 1211
1812 961
1812 1136
1812 504
1812 1458
1812 1345
1812 554
1813 42
1813 885
1813 864
1813 1206
1814 1287
1814 1270
1817 243
1817 1138
1817 1334
1817 1895
1817 689
1820 1003
1820 370
1820 1045
1820 774
1821 1198
1822 722
1822 1284
1822 1923
1822 1996
1822 1192
1825 34
1827 1618
1827 470
1827 542
1827 916
1827 1647
1827 1283
1828 1842
1828 308
1828 1236
1829 590
1829 525
1829 101
1829 1283
1829 859
1830 548
1830 1949
1830 346
1830 478
1830 1671
1830 233
1830 1053
1830 14
1830 590
1830 844
1831 1994
1831 174
1831 1891
1831 682
1831 176
1831 465
1831 1645
1831 916
1833 235
1833 1782
1833 1986
1833 467
1835 387
1835 1982
1835 138
1837 1675
1837 85
1837 1469
1837 1524
1841 543
1841 1458
1841 386
1841 1239
1841 1803
1841 1085
1841 1990
1842 675
1842 328
1842 1428
1842 1002
1843 743
1843 508
1843 986
1843 1999
1845 1221
1845 1609
1845 1564
1845 1582
1846 515
1846 1279
1846 299
1846 22
1850 706
1850 1861
1850 543
1850 1085
1850 986
1850 290
1850 1622
1853 984
1853 1218
1856 437
1856 958
1856 772
1856 510
1859 1512
1859 692
1859 91
1859 1309
1860 812
1860 560
1860 911
1861 567
1861 462
1862 608
1862 505
1862 1279
1862 98
1862 175
1862 1903
1862 1557
1864 134
1864 1860
1864 1513
1864 392
1864 1984
1864 174
1865 985
1865 1459
1865 741
1865 280
1865 502
1865 702
1865 1631
1865 1608
1865 721
1866 234
1866 1810
1866 1785
1868 507
1868 844
1868 1597
1868 22
1871 1460
1871 663
1877 1596
1877 1810
1877 211
1877 331
1877 764
1877 280
1877 566
1877 1801
1877 17
1877 1636
1884 34
1884 24
1884 931
1887 1578
1887 1409
1887 1631
1887 1850
1887 168
1888 1055
1888 98
1888 646
1888 1259
1888 267
1888 1864
1889 1164
1889 693
1889 1767
1889 1309
1889 1923
1889 1303
1889 216
1891 1919
1891 1469
1891 419
1891 653
1891 961
1891 1314
1891 734
1891 814
1895 628
1897 14
1898 987
1898 823
1898 580
1898 465
1903 1994
1903 60
1903 226
1903 99
1903 1660
1903 768
1905 288
1905 1829
1905 961
1905 940
1907 442
1907 981
1907 1571
1907 745
1908 444
1908 79
1908 1180
1908 1016
1911 163
1911 43
1911 900
1911 903
1911 346
1911 645
1913 1243
1913 1460
1914 803
1914 486
1914 959
1914 311
1917 1162
1917 367
1917 1100
1917 1291
1917 1954
1918 1045
1918 279
1918 324
1919 190
1919 1957
1919 1856
1919 1585
1919 1587
1919 2
1919 1416
1919 1947
1919 1594
1922 1539
1922 1598
1922 795
1922 1609
1922 792
1922 1494
1923 1345
1923 1831
1923 1216
1926 497
1926 1971
1926 25
1926 599
1926 1363
1926 744
1929 1995
1929 1522
1929 1318
1929 656
1930 1316
1930 602
1930 889
1930 29
1930 695
1930 795
1931 394
1931 1066
1931 684
1931 253
1931 1216
1931 1242
1931 1373
1931 16
1931 624
1932 279
1932 597
1932 1078
1932 1332
1932 1166
1935 1297
1935 825
1935 1723
1935 1553
1941 1828
1941 1413
1941 1185
1941 944
1942 1408
1942 628
1942 75
1942 201
1942 1850
1942 534
1943 648
1943 1521
1943 688
1943 350
1943 1624
1943 1749
1943 910
1943 580
1943 1907
1943 1176
1943 969
1943 247
1944 1720
1944 488
1944 1540
1944 1055
1944 745
1944 1667
1946 174
1946 880
1946 794
1946 1979
1947 1943
1947 774
1947 808
1949 1714
1949 1259
1949 790
1951 868
1951 344
1951 297
1951 390
1953 583
1953 1334
1953 792
1954 1049
1954 1115
1954 1503
1954 1171
1955 1066
1955 445
1957 1718
1957 34
1957 1085
1957 1639
1957 1698
1957 93
1957 1395
1957 211
1959 703
1959 1094
1964 1115
1964 339
1964 660
1964 873
1964 1009
1964 693
1964 1160
1964 1607
1967 1515
1967 347
1967 1833
1967 1256
1967 1762
1967 1713
1967 614
1967 20
1970 723
1970 743
1970 1336
1971 880
1971 189
1971 26
1971 187
1971 37
1971 1534
1972 872
1972 1955
1972 859
1972 189
1972 345
1972 75
1973 1283
1973 921
1973 688
1973 1261
1973 1860
1973 169
1974 1450
1974 809
1974 73
1975 651
1975 1358
1976 929
1976 1748
1976 1842
1976 1316
1976 1262
1976 78
1976 1487
1978 825
1978 1047
1978 982
1978 345
1979 1208
1979 688
1979 372
1979 1860
1979 417
1979 433
1979 442
1980 50
1980 936
1980 808
1980 670
1980 982
1982 268
1982 1405
1984 1656
1985 1683
1985 1047
1985 166
1985 1121
1985 188
1985 587
1985 1465
1986 803
1986 959
1986 1647
1986 772
1986 1466
1986 670
1988 1003
1988 61
1988 1647
1988 1651
1988 722
1990 720
1990 1931
1990 29
1992 1773
1992 1221
1992 745
1994 1926
1994 1787
1994 1259
1994 812
1994 1073
1994 1468
1994 1437
1995 488
1995 1001
1995 591
1995 303
1995 1716
1996 216
1996 1267
1997 1192
1997 1503
1997 1622
1997 626
1997 148
1997 157
1999 1897
1999 1077
1999 836
1999 378
1999 912
1999 177
