1 1016
1 42
1 1089
1 1564
1 1210
1 472
2 787
2 1629
2 1209
2 1136
2 1284
3 909
3 754
3 158
3 1741
4 1297
4 1491
4 1007
4 1626
5 1753
5 1457
5 1280
5 1084
7 720
7 48
7 955
9 837
9 828
9 997
9 1861
9 1841
11 588
11 198
11 95
11 987
11 1815
11 668
11 1640
11 1755
12 931
12 1724
12 802
12 577
12 562
12 704
12 212
12 11
12 772
12 1150
13 787
13 1128
13 1385
13 397
13 934
13 733
13 831
13 545
15 339
15 1650
15 241
15 1420
15 914
15 131
16 991
16 1215
16 548
16 341
16 112
16 1477
17 909
17 1736
17 423
17 771
17 692
17 68
18 92
18 1009
23 311
23 537
23 900
26 194
26 1545
26 80
26 413
28 1420
28 1763
28 244
28 1593
28 40
30 901
30 446
30 17
30 1440
31 362
31 1710
31 23
31 1391
31 1929
31 733
33 1514
33 1932
33 1705
33 1085
33 1960
33 163
33 152
34 1166
34 1021
34 271
34 311
34 100
34 889
34 1134
35 1128
35 1526
35 1974
35 1985
35 1099
35 754
36 816
36 1988
36 1802
36 643
36 776
36 1121
36 1011
36 51
36 1433
38 1559
38 703
38 282
38 934
38 309
38 1128
38 1440
39 1782
39 202
39 1073
39 658
39 13
39 968
39 1176
39 455
40 125
40 828
40 1352
42 1216
42 1060
42 809
42 666
44 1325
44 807
44 122
44 1465
44 1370
44 1207
44 963
45 264
45 1316
45 1894
45 12
45 147
45 1305
46 56
46 1470
46 699
46 1734
47 1940
47 707
47 833
47 1634
47 1898
47 545
48 1516
48 227
49 453
49 1199
49 1207
49 677
49 1968
50 664
50 1480
50 1883
51 1124
52 587
52 977
52 535
52 1146
52 1167
52 1987
52 1283
52 327
52 455
52 1913
52 677
53 1383
53 5
53 1514
56 1280
56 1231
56 1949
56 1171
56 1133
56 721
56 1722
56 1784
56 1920
56 360
57 1386
57 339
57 1619
57 172
57 1763
57 1383
59 1949
59 1388
59 1072
59 1174
59 1053
59 51
59 1676
59 859
60 1003
60 1564
60 121
60 1584
60 689
60 579
60 1136
62 1365
62 788
62 138
62 1544
62 1431
62 676
62 479
62 355
63 1617
63 111
63 1186
63 641
63 970
63 1681
65 1908
65 2
66 1812
66 1751
66 92
66 475
66 692
66 1243
66 297
66 1338
66 1709
66 587
68 720
68 1308
68 1979
69 519
69 746
69 704
69 450
70 1175
70 813
70 1242
70 1879
71 1654
71 210
71 1396
71 537
71 181
74 186
74 1318
74 997
74 373
74 68
75 537
75 1942
75 423
75 891
78 1940
78 1160
78 1567
78 1282
80 1284
80 704
80 1763
80 1559
80 971
80 1067
80 781
81 1208
81 1179
81 1434
81 124
81 1712
85 270
85 205
85 579
85 911
85 1710
85 1972
85 806
85 943
86 1660
86 1614
87 69
87 551
87 1079
87 418
87 1815
87 666
88 1441
88 902
88 898
88 395
88 735
88 1216
90 479
90 1513
90 1113
90 899
90 1164
90 1796
90 125
91 1082
91 1973
91 565
91 1440
91 295
91 413
91 654
91 1251
92 336
92 1918
92 770
92 1124
92 674
92 535
92 442
94 1420
94 1564
94 1525
94 1957
95 50
95 1416
95 1139
95 1334
96 1706
96 1817
97 1553
97 1778
97 1152
97 141
97 1471
97 699
97 1595
97 1875
98 1339
98 710
98 670
98 565
98 186
100 991
100 339
100 729
100 980
101 735
101 672
101 1619
101 1611
101 668
101 640
101 1739
101 1998
102 668
102 1687
102 1644
102 1442
102 618
102 666
102 1527
104 1041
104 1474
104 1139
104 1752
104 904
104 571
105 1297
105 1343
105 459
109 1315
109 102
109 189
109 783
109 1898
109 66
111 619
111 358
111 278
111 1157
111 870
111 1776
111 1450
112 1695
112 326
113 1718
113 219
113 189
113 286
113 906
114 1895
114 1062
114 68
114 944
115 1255
115 934
115 735
117 75
117 1391
117 53
117 1144
117 559
120 1385
120 1083
120 1902
120 1923
120 1743
121 1339
121 341
122 485
122 1716
122 309
122 121
122 582
122 933
122 1958
122 699
122 899
122 1715
124 855
124 16
124 901
125 857
125 1083
125 1780
125 1482
125 1248
125 16
125 377
125 127
126 34
126 741
127 95
127 1490
127 1163
127 589
127 991
127 429
130 1457
130 802
130 124
130 1739
131 279
131 272
131 195
131 1510
131 383
131 1301
131 35
132 1698
132 1655
133 525
133 1952
133 910
133 1193
133 538
133 1599
133 100
134 354
134 414
134 656
134 722
134 432
134 1531
135 139
135 1509
135 571
138 1401
138 1850
138 46
138 706
138 783
138 1421
139 647
139 1114
139 1482
139 1895
139 1802
139 1076
141 144
141 392
141 550
141 1471
141 1210
142 1601
142 1535
142 49
142 1213
144 812
144 1171
144 715
144 450
144 1832
145 1896
145 628
145 934
145 1670
145 80
145 42
145 1789
145 1587
145 455
146 431
146 1580
146 45
146 741
147 455
147 876
147 993
147 189
148 285
152 771
152 1305
152 1627
152 1923
152 1987
152 59
152 168
154 788
154 1858
154 659
154 535
156 1076
156 1362
156 1877
156 395
158 274
158 1003
158 654
158 529
158 1514
159 627
159 749
160 690
160 1364
160 780
160 1898
160 825
160 1693
161 699
161 1758
161 1832
162 194
162 1758
163 437
163 1643
163 230
168 479
168 863
169 552
169 1418
169 421
169 39
169 111
169 992
170 696
170 1321
170 871
171 698
171 1913
171 906
171 671
171 1560
171 546
171 1050
171 1053
171 1742
172 1323
172 1942
172 1753
172 1828
172 911
172 1749
172 1719
172 525
172 338
174 913
174 1789
174 1276
174 1513
174 1482
174 693
175 1063
175 1856
179 1982
179 483
179 392
179 1491
179 1535
179 1441
179 1259
181 1584
181 443
181 1340
181 877
182 1273
182 987
182 1324
182 249
183 1442
183 1615
183 71
183 1312
183 1233
184 1095
184 894
184 1950
184 1406
185 895
185 160
185 571
185 1658
186 744
186 773
186 78
186 692
186 1752
186 1867
186 1722
189 1752
189 340
189 1118
189 657
189 1044
189 205
189 1658
189 1647
191 464
191 1080
191 973
191 1993
191 121
191 891
192 1319
192 906
192 960
192 1432
192 1754
194 255
194 1059
194 427
194 1084
195 1003
195 1180
195 1216
195 1807
195 947
197 5
197 9
197 298
197 44
197 86
198 1551
198 139
198 563
198 1572
202 1202
202 1714
202 1923
202 477
202 1679
202 542
202 1796
202 475
204 1411
204 172
204 350
204 69
204 561
204 1954
204 1671
204 1396
204 490
204 1775
204 1752
205 1023
205 526
205 1526
205 346
205 88
205 889
205 1895
208 691
208 1865
208 28
210 1341
210 1775
210 1395
210 724
210 120
210 1412
211 131
211 1841
211 264
211 198
211 1005
211 1706
211 147
211 1552
211 886
211 1547
211 1805
212 1255
212 1815
212 1280
212 156
212 1724
212 1273
212 876
212 1354
214 1641
214 847
214 1858
215 278
215 1513
215 1644
215 1213
216 738
216 561
216 171
216 842
216 1995
216 1128
216 687
216 1578
216 548
216 945
217 1816
217 902
217 341
217 1818
217 309
217 761
217 1828
217 1522
217 117
218 1971
218 66
218 569
218 222
219 508
219 997
219 1150
219 914
219 1687
219 1988
219 1642
219 85
222 433
222 490
222 960
222 647
224 278
224 340
224 1436
224 501
224 1384
224 414
224 127
227 550
227 1235
227 1324
227 1051
228 1821
228 1928
228 36
228 92
228 858
230 1021
230 142
230 733
230 161
230 139
232 1990
232 469
232 1832
236 950
236 788
236 1476
236 1442
236 1997
237 1759
237 1365
237 242
237 544
237 52
237 1971
237 1531
237 452
237 741
240 1225
240 852
240 516
240 788
240 1752
241 718
241 291
241 894
241 776
241 675
242 847
242 803
242 971
242 1859
242 260
242 631
242 144
242 1763
243 1715
243 1533
243 450
243 1551
243 1938
244 1391
244 693
244 708
244 635
245 1416
245 770
245 1690
245 1188
246 525
246 1401
246 1923
249 1806
249 826
249 1921
249 1413
249 1593
255 1120
255 971
255 1592
255 1691
255 1533
258 947
258 565
258 1011
258 1815
258 799
259 412
259 548
259 641
259 1742
260 222
260 1944
263 1456
263 990
263 804
263 1559
263 40
264 1879
264 96
264 1999
264 1806
264 285
266 336
266 332
266 918
266 33
267 776
267 198
267 1180
267 480
267 462
267 327
267 1807
268 1614
268 893
268 1086
268 286
268 1175
270 1916
270 464
270 1418
271 1724
271 650
271 566
271 1752
271 554
271 1068
272 807
272 68
272 1058
272 965
273 1416
273 163
273 421
273 519
273 552
273 797
273 1689
274 1214
274 914
274 1832
274 562
275 1193
275 780
275 395
275 569
275 1019
278 1803
278 198
278 133
278 1987
278 538
279 1005
279 210
279 380
279 581
279 62
279 1397
279 490
279 59
281 332
281 607
281 302
281 1681
281 1653
281 895
281 91
281 429
281 676
282 534
282 1879
282 613
282 802
282 310
282 744
283 1465
283 852
283 1476
283 1968
283 35
283 651
283 100
285 627
285 1958
285 1637
285 1457
285 631
286 1536
286 1963
286 952
287 1669
287 1648
287 1119
290 943
290 1784
291 698
291 1912
291 1114
291 62
291 951
291 1545
291 1436
294 303
294 844
294 1195
294 715
294 344
295 81
295 1079
295 1641
295 1251
295 731
295 346
295 205
296 304
296 1133
296 12
296 1273
297 733
297 402
297 917
297 1514
297 1068
297 263
298 432
298 699
298 337
298 1201
298 831
298 944
298 1869
300 1913
300 1686
300 594
300 148
300 1924
300 1531
302 1418
302 1474
302 1590
302 908
302 668
302 1160
302 1496
303 509
303 859
303 462
303 1623
304 1279
304 1751
304 147
304 866
304 361
304 208
304 1058
304 1587
309 1214
309 44
309 1196
309 1344
309 934
310 713
310 230
310 98
310 1013
310 1119
311 1175
314 1921
314 1703
314 125
316 1167
316 156
316 138
316 962
316 1692
316 1251
316 1192
319 1103
319 1979
319 1611
319 402
319 642
319 483
319 1006
319 551
319 357
319 1420
319 291
320 947
320 1509
320 1299
320 1103
320 1047
321 126
321 1969
321 1294
321 1380
321 813
321 1651
321 431
323 1083
323 36
323 1889
323 581
326 1248
326 302
327 732
327 1977
327 1791
327 337
331 1188
331 816
331 567
331 1318
332 1235
332 192
332 1984
332 39
332 1162
332 1988
332 1815
333 278
333 1536
333 204
333 1606
333 1540
335 350
335 1960
335 1614
336 1906
336 1384
337 1244
337 1233
337 643
337 1676
337 693
337 1201
338 1067
338 1457
338 1418
338 562
338 794
338 320
339 718
339 1800
339 1547
339 752
340 442
340 869
340 733
340 889
340 94
340 1807
341 1086
341 1155
344 271
344 1500
344 996
344 1666
344 1396
345 1174
345 828
345 175
345 887
345 1318
346 1695
346 1187
346 291
346 15
346 1390
346 1214
347 1921
347 1679
350 656
350 1284
351 168
351 1208
351 1120
351 163
351 891
351 1685
351 688
354 395
354 1796
354 135
354 1429
354 1971
355 1944
355 699
355 825
355 217
357 75
357 567
357 706
357 142
357 1285
357 987
358 751
358 1782
358 925
358 197
358 1990
360 1207
360 435
360 59
360 1244
360 474
360 613
360 548
360 1525
361 1060
361 161
361 274
362 855
362 1386
362 513
362 1428
362 1278
362 1068
366 703
366 23
366 1084
370 1851
370 1244
370 844
370 1644
370 1107
370 138
370 1203
373 910
373 951
373 94
373 708
375 1396
375 1821
375 570
375 1842
377 1780
377 1631
377 1128
377 1420
377 1660
379 692
379 1163
379 452
379 510
379 482
379 1708
380 645
380 71
380 267
380 195
382 273
382 179
382 1505
382 1
382 1522
382 309
382 648
382 267
382 960
383 1372
383 1099
383 1547
383 491
383 662
390 1749
390 1047
392 1411
392 761
392 44
392 1985
392 1816
392 443
392 1498
392 395
392 1698
392 1669
392 351
392 648
392 652
392 496
394 1458
394 135
394 1719
395 714
395 1340
395 130
395 735
395 272
395 965
395 970
397 264
397 1961
397 125
398 1875
398 744
398 770
398 963
400 869
400 827
400 519
400 1182
400 1070
400 853
401 1086
401 998
401 1988
401 1235
401 926
401 1629
401 1373
401 1590
402 355
402 1817
402 727
402 224
406 943
406 804
406 728
409 1072
409 1789
409 1634
409 1618
409 632
409 379
412 752
412 1920
412 686
412 1493
412 575
412 830
412 889
412 979
413 260
413 1818
413 575
413 452
413 56
413 1962
413 1811
413 640
413 1816
414 543
414 741
414 132
414 714
414 1135
414 227
414 34
414 1174
414 1706
414 1614
415 1214
415 290
415 1171
415 1742
415 1039
418 1213
418 1757
418 581
418 490
418 409
418 607
421 980
421 1734
421 9
421 914
422 517
422 913
422 139
422 44
422 1434
422 1345
422 776
422 733
423 65
423 901
423 510
423 791
423 1725
423 831
423 771
423 1832
427 1858
427 1114
427 1699
427 1076
427 361
427 628
427 1010
427 1631
427 1796
427 700
428 124
428 902
428 1758
428 1169
428 1973
428 974
429 480
429 337
429 448
429 534
430 1858
431 105
431 998
431 1608
431 1736
431 659
432 1066
432 1622
432 635
432 1906
433 525
433 258
433 236
433 934
433 1383
433 1944
433 805
433 273
433 865
433 614
435 141
435 1431
435 70
435 1592
435 1921
435 813
435 1881
435 1015
437 31
437 873
437 1342
437 1195
437 635
437 1974
437 1992
438 9
438 357
438 776
438 91
439 1021
439 5
439 1924
439 1181
439 1585
439 1107
441 872
441 1859
441 727
442 133
442 198
442 400
443 1593
443 134
443 649
444 808
444 138
444 1834
444 357
444 1866
444 1471
446 1482
446 1765
446 1593
446 163
446 1391
446 438
448 1791
448 589
448 477
450 291
450 989
450 1680
450 211
450 1202
450 1615
452 1291
452 1974
452 1037
452 1470
452 214
452 1310
452 908
453 859
453 1593
453 191
453 81
453 483
453 1231
455 339
455 1873
455 952
455 351
456 1590
456 491
456 1034
456 1592
456 1585
456 1928
456 1208
456 1397
457 1015
457 211
457 212
457 300
457 1846
458 1725
458 1036
458 1526
458 1789
458 763
458 274
458 1019
459 1152
459 59
459 1072
459 1971
459 1328
462 925
462 1225
462 1731
462 299
462 182
462 987
464 543
464 1181
464 333
464 320
464 827
465 780
465 1739
465 1080
466 1627
466 1367
466 1413
466 1821
466 1248
466 1791
466 59
468 314
468 275
468 1613
468 969
468 1005
468 1794
469 1850
472 1203
472 1704
472 17
472 1398
472 1782
472 1471
474 1097
474 949
474 415
474 1048
474 100
474 1201
475 1702
475 1180
475 1939
475 392
475 877
475 327
475 968
475 1272
475 1644
476 1920
476 690
476 502
476 402
476 1951
477 91
477 983
477 704
478 1278
478 853
478 392
479 873
480 1044
480 145
480 243
480 429
482 1994
482 236
482 700
482 1103
483 926
483 185
483 914
485 1918
485 501
485 1607
490 554
490 459
490 18
490 1160
490 1540
490 1207
490 1259
491 1682
491 1418
491 1477
491 319
491 570
491 427
491 694
493 298
493 1775
493 1743
496 1208
496 482
496 892
496 1380
496 1215
496 159
501 743
501 659
502 698
502 85
502 1778
502 1923
502 1669
502 644
502 751
503 263
503 33
503 1357
508 1546
508 1442
509 121
509 46
509 977
509 1692
509 1344
509 1812
510 1196
510 1861
510 1338
510 1432
513 917
513 920
513 877
515 940
515 960
515 1951
516 1514
516 243
516 1831
516 1680
517 335
517 5
517 1603
517 1816
517 821
517 883
517 71
519 731
519 525
519 1909
525 1045
525 658
525 49
526 911
526 310
526 490
526 787
526 1800
526 1940
529 1274
529 1491
529 909
529 503
529 1680
529 1007
529 216
529 219
529 516
534 1339
534 943
534 1083
534 1501
535 171
535 1928
535 1208
537 996
537 1771
537 45
537 1572
538 1513
538 515
538 210
538 965
538 242
539 1972
539 1073
540 519
540 1689
540 1516
542 1365
542 1893
542 1434
542 443
542 1421
542 970
542 791
543 806
543 610
543 1508
543 943
543 13
544 1598
544 197
544 1508
544 1957
544 232
545 1396
545 228
545 788
545 7
545 1659
546 1875
546 1189
546 1671
548 1498
548 872
548 1091
548 377
550 344
550 1985
550 47
550 1151
550 7
550 246
550 39
550 346
550 1594
550 676
550 321
550 826
551 756
551 1316
551 40
552 1990
552 291
552 1798
554 431
554 689
554 1411
554 1691
554 1120
558 1923
558 1520
558 889
558 669
558 802
558 496
559 1879
559 1719
559 1811
559 1999
559 1767
560 756
560 1328
560 969
560 1119
560 218
561 1450
561 1226
561 943
561 152
561 1276
562 624
562 490
562 1621
562 1902
562 1685
562 671
562 1217
562 573
562 1968
562 652
562 1278
563 1416
563 696
563 534
563 561
563 5
565 892
565 558
565 1299
565 1617
565 105
565 677
565 1731
566 1470
566 271
567 1144
567 1039
567 1067
567 1731
569 340
569 87
569 1640
570 1209
570 296
570 1479
570 409
570 102
571 622
571 1505
571 1647
571 271
571 1590
571 1712
571 395
571 1238
571 1785
573 911
573 968
573 1200
573 357
575 351
575 1963
575 1719
575 998
575 993
575 1535
575 144
575 1533
576 131
576 865
576 97
576 1670
576 179
576 1200
576 291
576 1581
576 314
577 496
577 1741
577 1940
577 1599
577 1528
577 861
579 717
579 204
579 1034
579 1764
579 1128
579 1774
579 267
580 513
580 1204
580 47
580 204
580 1315
580 1328
580 1762
580 1164
580 227
581 1817
581 551
581 1594
581 264
581 1259
581 1233
582 920
582 154
582 299
582 619
582 4
582 1948
582 1648
586 78
586 1940
586 1138
586 398
586 1135
586 1552
586 189
587 741
587 1472
587 1883
587 1755
587 398
587 1128
587 1159
588 1757
588 842
588 613
588 361
588 1506
588 370
589 355
589 1828
589 1384
589 1282
594 465
594 159
594 1963
594 1067
594 336
606 1950
606 988
606 577
606 1343
606 624
606 909
606 1506
606 1238
607 1587
607 948
607 219
607 1091
607 1908
607 537
607 1779
607 485
608 1932
608 674
608 214
608 1681
608 259
608 1642
610 1709
610 706
610 920
610 1842
610 1339
610 344
613 1608
613 1821
613 1450
613 23
614 1217
614 1019
614 756
614 294
614 1276
614 466
618 1456
618 1831
618 1031
618 191
618 320
618 1692
618 1440
619 828
619 1389
619 1360
619 91
619 320
619 1073
619 1734
619 567
619 395
619 1323
620 1048
620 1400
620 1669
620 1828
620 52
620 1434
620 466
620 101
620 1490
622 1154
622 643
622 618
624 1199
624 183
624 1872
627 563
627 1413
627 794
627 115
627 121
628 734
628 68
628 275
628 996
628 1370
631 319
631 232
631 95
631 414
631 550
631 877
631 1285
631 1195
632 1940
632 1482
632 796
632 1164
632 122
632 59
632 1352
635 798
635 974
635 1193
635 952
635 1694
635 1635
635 1812
640 1896
640 1203
640 870
640 1079
640 244
640 1916
640 433
641 122
641 534
641 1094
641 1259
641 430
641 658
641 1938
641 1146
641 266
642 1712
642 821
642 1302
642 1942
642 1399
642 1743
643 756
643 1179
643 1362
644 1974
644 379
644 837
645 1152
645 358
645 969
645 114
647 138
647 802
647 1756
647 1398
647 1928
647 338
648 382
648 294
649 807
649 1969
649 81
650 551
650 1164
650 1220
650 837
650 1169
651 59
651 1699
651 5
651 777
652 513
652 310
652 1508
652 1547
652 1169
654 627
654 853
654 1710
654 767
654 102
655 1182
655 1418
655 287
655 724
655 105
655 30
656 337
656 1776
656 437
656 1859
656 968
657 1765
657 537
657 1545
657 993
657 1344
657 1268
658 1276
658 1640
658 833
658 1709
658 1894
659 1416
659 744
659 1160
659 23
659 1976
661 891
661 1778
661 562
662 808
662 509
662 794
662 1950
662 422
664 1009
664 1698
664 1598
664 126
664 933
664 335
666 1010
666 186
666 121
666 74
666 1039
666 1334
668 1741
668 671
668 1634
669 1812
669 1895
669 1050
670 390
670 490
670 1133
670 1648
670 1798
670 210
670 125
670 1189
671 443
671 1848
671 1018
671 989
672 798
672 1687
672 1784
672 1592
672 952
672 210
672 731
672 589
672 114
672 998
674 676
674 189
674 1528
674 448
674 12
674 1212
675 1134
675 1272
675 1685
675 628
675 968
675 1710
676 1465
676 961
676 5
676 979
676 1458
677 1284
677 1073
677 1912
677 1647
677 828
677 1150
679 189
679 1345
679 1171
679 1367
686 1939
686 427
686 674
687 465
687 94
687 1634
687 1334
687 1887
687 1671
688 1617
688 18
688 1693
688 1843
688 168
688 1357
688 996
688 1710
688 145
689 483
689 974
689 1559
690 502
690 1643
690 68
690 895
690 1578
690 998
690 1362
691 1099
691 534
691 569
691 1199
691 1607
691 988
691 455
691 1869
692 462
692 1419
692 458
692 1357
692 918
692 1836
693 339
693 1386
693 300
694 979
694 1019
694 1780
696 480
696 804
696 1253
696 1259
696 215
698 1614
698 1722
698 422
698 893
698 1162
698 1756
698 1094
698 1136
699 942
699 1345
700 1213
700 814
700 1383
700 402
700 1741
700 576
701 1166
701 964
703 1686
703 1544
703 1343
704 1331
704 444
704 432
706 1949
706 607
706 1613
706 1944
706 771
706 1128
706 1866
707 566
707 1540
707 183
707 104
707 1305
710 163
710 7
710 264
710 827
710 775
710 1340
710 1113
710 1526
712 1877
712 418
712 1441
712 133
713 80
713 1869
713 1939
713 1446
713 889
714 688
714 104
714 887
714 466
715 1285
715 893
715 333
715 1740
715 1815
717 1525
717 1231
717 1060
717 972
717 1496
717 1516
718 1060
718 1411
718 1084
718 509
718 1517
718 965
718 571
718 271
718 1999
718 439
720 245
720 1881
720 1233
721 1725
721 1490
721 1724
721 281
721 1552
722 1171
722 1187
722 1657
724 11
724 632
724 1691
724 672
724 53
724 1325
727 1623
727 1500
727 222
727 1716
727 1370
727 1181
727 1528
727 1323
727 1659
728 1631
728 1119
728 1
728 1097
728 341
728 1133
728 169
728 1043
729 1362
729 1989
729 979
731 649
731 346
731 1916
731 1248
731 1535
731 1121
731 608
731 182
732 1044
732 413
732 1796
732 1193
732 377
732 803
733 1865
733 272
733 432
734 544
734 97
734 886
735 1658
735 75
735 1722
735 1644
735 1818
735 453
735 1540
738 836
738 1039
738 1264
738 794
738 112
738 975
740 1107
740 701
740 503
740 803
741 896
741 1789
741 1083
743 1044
743 886
743 491
743 1705
744 1276
744 75
744 950
744 1118
744 1625
744 1032
744 731
744 706
744 1902
746 1631
746 1540
748 1114
748 871
748 700
748 1248
749 1268
749 5
749 1510
749 1851
751 1339
751 186
751 1474
751 1554
751 1830
751 171
751 1068
751 1736
752 446
752 152
752 1066
752 970
752 1736
752 1739
754 263
754 311
754 31
754 1155
754 1157
754 713
754 415
754 996
756 712
761 744
761 811
761 2
761 827
761 350
761 1865
763 1662
763 1372
763 464
765 962
765 814
765 791
765 1431
765 218
765 1687
765 1875
767 627
767 1380
767 197
767 314
767 1044
767 1336
767 1794
767 575
767 1722
767 852
767 1528
767 1399
770 738
770 441
770 477
771 273
771 1421
771 1997
771 767
771 42
771 887
771 347
771 1431
772 242
772 1828
772 472
772 740
772 779
772 618
773 249
773 973
775 666
775 65
775 1911
775 1991
775 33
775 797
776 1893
776 1016
776 162
776 1169
777 1352
777 552
777 109
777 554
777 887
777 130
777 1933
777 775
777 477
778 1398
778 645
778 1881
778 1958
779 863
779 472
779 1692
779 462
779 1533
779 1284
780 693
780 224
780 1027
781 158
781 300
781 69
781 644
781 60
781 1629
783 1436
783 1622
783 1982
783 1817
784 198
784 1606
784 1969
784 1072
787 452
787 802
787 1331
788 1314
788 1858
788 1908
788 1142
791 438
791 763
791 1724
791 309
791 1284
792 34
792 645
794 1818
794 1969
794 18
794 649
794 1043
794 63
794 216
794 480
796 999
796 890
796 1294
796 1139
796 135
796 139
796 472
797 658
797 125
797 1043
798 979
798 465
798 146
798 1009
799 988
799 1385
799 1654
799 228
799 767
799 130
800 886
800 1142
800 899
801 49
801 485
801 1479
802 1385
802 245
802 1731
802 1559
803 1217
803 1718
803 1212
803 1103
803 1174
804 703
804 1276
804 294
804 95
805 1583
805 222
805 707
806 1450
806 375
806 1861
806 1594
806 1082
806 279
807 18
807 746
807 98
807 798
807 1174
807 1217
808 1564
808 1243
808 462
808 693
808 179
808 1802
808 961
809 432
809 620
809 1280
809 86
809 1590
809 863
809 687
809 855
811 975
811 1193
811 706
811 1640
811 1178
812 1047
812 1020
813 1383
813 1816
813 1966
813 362
813 1011
813 1559
813 1491
814 1815
814 606
814 510
814 380
816 964
816 1166
816 1433
816 586
816 635
816 1119
818 1031
818 529
818 1370
818 1150
818 192
819 1113
819 1083
819 1940
819 649
819 1654
821 1060
821 96
821 517
821 1244
822 1739
822 707
822 1413
822 890
822 1169
825 458
825 694
825 174
825 571
825 1255
826 1642
826 175
826 1154
826 1189
827 1640
827 1861
827 628
827 1889
828 1546
828 189
828 69
828 427
828 1883
828 743
828 366
828 52
830 644
830 715
831 1052
831 970
831 1340
831 1018
831 703
831 913
831 152
831 1354
831 211
833 1364
833 1280
833 861
833 309
833 1740
836 1584
836 326
836 63
836 804
836 1618
836 756
836 852
836 866
836 1280
837 1879
837 779
837 920
837 1988
837 1550
842 1362
843 1722
843 3
843 649
843 1207
843 333
843 643
844 1775
844 1854
844 852
844 1315
844 1686
844 214
846 1954
846 74
846 508
846 919
846 714
847 1885
847 453
847 1050
847 943
848 1572
848 908
848 283
849 963
849 1095
849 1952
849 1725
849 865
852 540
852 502
852 400
852 1388
852 1513
852 1865
852 1733
852 1133
852 1974
852 731
853 1994
853 466
853 962
853 169
853 443
853 1989
853 571
853 913
853 767
853 44
855 513
855 1613
855 195
855 803
855 1580
855 1226
857 831
857 1695
857 535
857 31
857 964
857 242
857 1491
857 1851
858 1082
858 1961
858 1618
858 1742
858 68
858 5
859 700
859 1095
859 992
861 1340
861 237
861 92
861 849
861 1759
863 327
863 1411
863 1155
863 1418
863 808
865 1771
865 1613
866 1526
866 264
866 1210
866 784
869 1383
869 510
869 402
869 1215
869 990
869 1176
870 1912
870 1592
870 964
870 689
870 175
871 1962
871 731
871 608
871 701
872 1039
872 1365
873 1897
873 843
873 44
873 1048
876 714
876 339
876 1729
876 1544
876 1739
876 965
877 1528
877 508
877 775
877 1231
877 1535
877 973
877 712
882 1968
882 763
882 1655
883 1242
883 567
883 60
883 88
883 1619
886 1472
886 1698
886 1364
886 224
886 1973
886 1391
886 1791
886 963
886 1176
887 1778
887 877
887 1675
887 1406
887 1436
889 1921
889 953
889 765
889 1963
889 1056
889 51
890 670
890 46
891 1144
892 1157
892 1085
892 1136
892 804
892 68
892 1041
892 1613
892 703
892 1694
893 1361
893 971
893 278
893 35
893 904
893 493
893 47
894 1550
894 717
894 677
894 1714
895 706
895 1816
895 632
895 962
895 1032
895 1056
895 1415
895 370
896 185
896 1998
896 1175
896 78
896 781
896 125
896 811
896 1336
896 1034
896 1274
898 1546
898 430
898 887
899 1653
899 1984
899 1719
899 421
899 1988
899 1739
899 955
899 1056
900 1944
900 44
900 1095
900 1412
900 1242
901 1003
901 1942
901 1283
901 1212
901 658
902 1493
902 558
902 5
902 1193
902 444
902 1526
902 28
904 299
904 1736
904 1016
904 1278
906 865
906 1213
907 804
907 1615
907 355
908 779
908 1883
908 1625
908 907
908 1918
908 1978
908 1579
908 1911
909 1395
909 1011
909 913
909 893
909 826
909 354
909 1242
910 413
910 894
910 211
910 1031
911 892
911 431
911 47
911 438
912 989
912 1710
912 1601
912 812
912 1962
913 1669
913 1328
913 1690
913 1167
914 90
914 909
914 1134
914 314
914 44
914 1244
917 1545
917 1658
917 783
917 428
917 1202
917 1407
918 302
918 1546
919 71
919 1268
919 268
919 66
919 474
919 380
919 983
919 358
920 1648
920 139
920 126
920 1456
920 1264
920 1979
920 991
920 756
920 39
925 997
925 1994
925 87
925 794
925 1774
925 920
926 1280
926 53
926 1698
926 618
926 1037
926 1
926 1883
926 172
926 582
931 645
931 222
931 455
931 60
933 358
933 938
933 1094
933 480
933 175
933 1305
934 409
934 294
935 1115
935 1942
935 1166
935 1680
935 1682
938 1116
940 914
940 1341
940 1642
940 1505
942 1415
942 311
943 670
943 1913
943 1622
943 552
943 993
943 1753
944 477
944 513
944 1942
944 819
944 377
944 717
944 457
944 1948
947 1476
947 818
947 1463
947 794
947 1279
948 1716
948 214
948 675
948 1572
948 1315
949 940
949 703
949 935
949 1902
949 1160
950 641
950 169
950 1843
950 1680
950 1578
950 662
950 988
950 1477
950 290
950 943
951 904
951 290
951 883
952 871
952 464
952 1442
952 1950
952 1429
953 1859
953 814
955 1225
955 1048
955 1924
955 534
955 1640
955 1207
956 718
956 1918
956 1718
956 290
956 931
956 1169
960 1988
960 1065
960 4
960 159
960 948
960 876
960 744
961 703
961 622
961 1691
961 1703
961 529
961 279
962 1988
962 1850
962 661
963 777
963 1643
963 430
963 195
964 1968
964 1818
964 350
964 1709
964 163
964 1578
964 1019
964 1648
965 5
965 1592
965 1782
965 1489
968 1928
968 1220
968 1411
968 258
968 60
968 1174
969 485
969 1476
969 1675
969 986
970 184
970 175
970 158
970 1015
970 1643
970 1099
970 1009
970 1309
971 1716
971 1708
972 1272
972 1902
972 1235
972 1963
972 1408
972 1432
972 1166
972 421
972 1465
973 1974
973 295
973 983
973 1545
973 271
973 955
974 814
974 1397
975 255
975 1380
975 1522
977 781
977 100
977 1496
977 1690
977 863
977 1139
977 502
977 871
979 886
979 186
979 703
979 559
979 1963
980 302
980 798
980 1973
983 1176
983 1719
983 437
986 1396
986 1179
986 563
986 179
986 778
986 1119
986 358
986 1679
987 690
987 1144
987 1584
987 442
988 1527
989 1731
989 1836
989 1386
989 1896
989 1150
989 1114
989 1272
989 1294
990 942
990 1068
990 1336
990 546
990 679
990 1059
990 1872
991 171
991 1279
991 124
991 1336
991 1456
991 1513
991 333
991 279
992 1124
992 36
992 236
992 1196
992 341
992 1957
993 267
993 1689
993 534
993 543
993 1834
993 448
996 1913
996 940
996 1239
996 1163
996 1971
996 133
996 980
996 3
997 1490
997 1514
997 1144
997 1135
997 577
997 1739
997 1509
997 1817
998 1952
998 1798
998 1883
998 1052
998 172
998 1268
998 997
999 804
999 1553
999 1958
999 902
999 1866
999 28
999 1834
1003 1400
1003 1059
1003 3
1003 31
1003 340
1003 761
1003 1180
1003 1852
1003 1985
1004 1164
1004 242
1004 1818
1004 135
1004 383
1004 965
1004 1069
1004 724
1005 690
1005 1572
1005 9
1005 1832
1005 1450
1005 1676
1006 1635
1006 113
1006 1949
1006 1898
1006 566
1006 1785
1006 1480
1007 1771
1007 889
1007 1097
1007 1182
1007 1103
1007 783
1007 955
1007 1603
1009 161
1009 134
1009 1647
1009 1710
1009 1120
1010 156
1010 1357
1010 127
1010 1990
1011 1081
1011 1188
1011 1948
1011 1895
1011 66
1011 1154
1011 1429
1011 331
1011 380
1011 1846
1013 1081
1013 127
1013 232
1013 1114
1013 1952
1013 1362
1015 182
1015 722
1015 1621
1016 1623
1016 1366
1016 852
1016 1671
1016 1420
1016 480
1016 1373
1016 671
1018 1631
1018 882
1018 1041
1018 1921
1019 1334
1019 195
1019 779
1019 1637
1020 66
1020 765
1020 1821
1020 904
1020 121
1020 1848
1021 1171
1021 1395
1021 1073
1021 544
1021 1739
1021 1940
1023 808
1023 75
1023 1103
1023 71
1023 1155
1023 720
1027 877
1027 245
1027 853
1027 1251
1031 690
1034 825
1034 566
1034 28
1036 778
1036 1372
1036 1979
1036 1397
1036 1210
1036 1653
1036 1208
1037 1584
1037 619
1039 1580
1039 861
1039 337
1039 1870
1039 1940
1041 971
1041 1733
1041 1196
1041 889
1041 622
1043 1477
1043 1709
1043 853
1043 1489
1044 974
1044 825
1044 1312
1044 866
1044 1007
1045 1506
1045 160
1045 1309
1045 846
1045 1578
1045 940
1045 18
1045 68
1045 1895
1045 1662
1047 1145
1047 999
1048 622
1048 1912
1048 1780
1050 661
1050 1251
1050 439
1050 960
1051 1133
1051 1073
1051 1962
1051 1527
1051 216
1052 894
1052 526
1052 950
1052 354
1052 852
1052 1340
1053 694
1053 1258
1053 825
1053 335
1053 948
1053 1839
1053 664
1053 1771
1053 271
1056 1004
1056 211
1056 1189
1056 986
1056 852
1058 316
1058 1160
1058 661
1058 279
1058 1199
1058 1300
1059 94
1059 898
1059 749
1059 146
1059 1844
1059 813
1059 197
1059 295
1059 286
1059 402
1060 373
1060 1640
1060 889
1060 466
1060 87
1062 1921
1062 575
1063 741
1063 1928
1063 456
1063 1400
1063 1545
1065 181
1065 23
1065 1816
1065 299
1065 573
1065 658
1065 1225
1066 1226
1066 264
1066 918
1066 1073
1066 945
1067 1175
1067 1283
1067 1662
1067 517
1067 211
1067 246
1068 589
1068 1508
1068 1115
1069 1525
1069 1680
1069 172
1069 1869
1069 1702
1069 1860
1070 1961
1070 679
1070 1294
1072 1365
1072 130
1072 983
1072 42
1072 1226
1072 485
1072 1985
1073 640
1076 771
1076 311
1076 1370
1078 565
1078 1985
1078 1528
1078 39
1078 258
1078 1952
1078 1167
1078 240
1078 1264
1079 375
1079 87
1079 882
1079 66
1079 608
1079 687
1079 701
1079 659
1079 1428
1079 421
1079 1034
1080 931
1080 594
1080 12
1081 706
1081 156
1081 1043
1081 339
1081 1729
1082 1634
1082 1472
1083 1832
1083 669
1083 1408
1083 1894
1083 267
1084 1338
1084 1178
1084 69
1084 154
1084 1780
1084 338
1085 1544
1085 1756
1085 354
1085 1343
1085 1315
1086 833
1086 1608
1086 1712
1086 614
1086 1883
1089 1016
1089 96
1089 1859
1089 776
1089 142
1089 1997
1089 219
1090 1725
1090 1013
1090 1051
1090 337
1090 366
1090 87
1090 1251
1090 1158
1090 1139
1090 689
1090 1719
1091 162
1091 952
1091 222
1091 71
1091 1658
1091 1138
1091 1635
1091 794
1091 1993
1091 59
1091 561
1094 344
1094 1554
1094 1566
1094 1015
1094 643
1095 1875
1095 1643
1095 134
1095 620
1095 1021
1095 1114
1095 724
1095 1391
1097 586
1097 1940
1097 833
1097 1545
1097 1053
1097 1606
1097 1259
1097 1731
1097 1058
1099 794
1099 1010
1099 1118
1099 935
1103 1429
1103 641
1103 1706
1103 997
1103 189
1107 1734
1107 474
1107 1830
1107 622
1113 435
1113 333
1113 88
1113 902
1113 803
1113 316
1113 804
1114 842
1114 171
1114 773
1114 413
1114 1979
1114 1401
1115 1525
1115 218
1115 1107
1115 812
1115 1457
1115 931
1115 5
1115 1942
1116 63
1116 1496
1116 794
1116 1859
1118 1902
1118 1973
1118 979
1118 1703
1118 1920
1118 1107
1118 1047
1118 1739
1118 1352
1118 713
1119 999
1119 857
1119 1045
1120 1873
1120 704
1120 1509
1120 1411
1120 1710
1120 309
1121 1637
1121 693
1121 1712
1121 998
1121 1923
1121 26
1121 1086
1121 972
1121 1436
1121 1073
1121 1164
1121 1142
1121 988
1124 1598
1124 286
1124 1441
1124 825
1128 931
1128 1972
1128 741
1128 844
1128 1839
1128 1442
1133 859
1133 1145
1133 202
1133 1615
1133 1384
1133 1157
1134 1139
1134 70
1134 192
1134 1163
1135 554
1135 765
1135 222
1135 1244
1135 1608
1135 479
1135 539
1135 714
1135 961
1135 1345
1135 712
1135 35
1135 268
1136 565
1136 1968
1136 232
1136 1765
1136 1300
1136 287
1136 846
1136 1094
1136 1974
1138 1053
1138 1825
1139 476
1139 9
1139 138
1139 1480
1139 1370
1139 1545
1139 1457
1142 1118
1142 669
1142 645
1142 1825
1142 78
1144 1076
1144 117
1144 1938
1145 1868
1145 1765
1145 1176
1145 1239
1145 1921
1145 582
1145 728
1145 479
1146 693
1146 1157
1146 28
1146 1583
1146 182
1146 809
1150 1209
1150 1041
1150 1710
1150 141
1151 1301
1151 1157
1151 70
1151 1420
1152 1584
1152 624
1152 438
1152 457
1152 1789
1152 160
1152 1923
1154 744
1154 383
1154 656
1154 351
1154 1446
1154 700
1154 162
1154 698
1154 647
1155 1031
1155 344
1155 303
1155 1877
1155 1924
1155 761
1157 809
1157 1989
1157 1944
1157 648
1157 1531
1157 1053
1158 469
1158 1457
1159 1360
1159 571
1159 1583
1159 204
1159 1756
1159 477
1160 1345
1160 70
1160 1209
1160 622
1160 1471
1160 260
1160 1841
1162 1842
1162 142
1163 323
1163 361
1163 224
1163 1670
1163 66
1163 964
1164 1895
1164 1433
1164 744
1164 217
1164 1648
1164 909
1166 1011
1166 124
1166 926
1166 344
1166 1675
1166 1458
1167 152
1167 1573
1167 529
1167 970
1167 1465
1169 1969
1169 33
1169 1045
1169 1390
1169 1892
1169 1924
1171 988
1171 1660
1171 658
1171 1551
1171 13
1171 162
1171 559
1171 335
1174 1544
1174 159
1174 619
1174 1253
1174 1083
1174 1005
1175 397
1175 5
1175 670
1175 791
1176 1345
1176 1067
1178 622
1178 738
1178 362
1178 1954
1178 433
1178 1199
1178 802
1179 729
1179 1654
1179 672
1179 1324
1180 582
1180 114
1180 1756
1180 1906
1181 429
1181 1526
1181 910
1181 295
1182 60
1182 1095
1182 1839
1186 569
1186 861
1186 1629
1186 28
1186 676
1188 1690
1188 483
1189 516
1189 1709
1189 618
1192 1150
1192 1041
1193 655
1193 1584
1193 360
1193 529
1193 1200
1195 535
1195 71
1195 659
1195 131
1196 1966
1196 335
1196 895
1196 545
1196 351
1196 479
1199 525
1199 1645
1199 13
1199 336
1199 1626
1199 1856
1199 1724
1199 654
1200 1442
1200 756
1200 1694
1200 1733
1200 1195
1200 1710
1200 1754
1200 624
1201 1227
1201 515
1201 1007
1201 1364
1201 1476
1201 1136
1202 1913
1202 650
1202 970
1202 778
1202 1407
1202 873
1202 1733
1203 872
1203 1480
1203 36
1204 1642
1204 1246
1204 1396
1204 7
1204 519
1204 883
1207 345
1207 644
1207 1235
1207 1068
1207 510
1207 952
1208 490
1208 1867
1208 56
1208 1041
1208 777
1208 965
1208 1853
1208 1820
1209 1315
1209 1009
1209 1843
1210 174
1210 1308
1210 846
1210 214
1210 1084
1210 142
1211 198
1212 910
1212 1217
1212 1340
1212 962
1213 1436
1213 1364
1213 632
1213 428
1213 1650
1213 122
1214 926
1214 380
1214 1565
1214 1248
1214 1659
1214 1134
1214 69
1214 1784
1214 801
1215 295
1215 1969
1216 934
1216 1076
1216 717
1217 537
1217 1340
1217 125
1220 806
1220 186
1225 337
1225 1839
1225 5
1225 1865
1225 75
1226 345
1226 1328
1226 456
1226 1618
1227 1998
1227 1794
1227 1133
1227 1552
1231 792
1231 741
1231 1546
1231 1193
1231 1416
1231 914
1233 1733
1233 457
1233 992
1235 1255
1235 1421
1238 918
1238 1608
1238 1912
1238 5
1239 551
1239 1138
1239 1694
1239 1246
1239 1658
1239 242
1242 1619
1242 431
1242 576
1242 432
1242 1820
1243 175
1243 1897
1243 286
1243 227
1243 642
1243 787
1243 1413
1243 587
1244 17
1244 1631
1244 186
1244 1587
1244 258
1246 562
1246 752
1246 358
1246 1305
1246 877
1246 1058
1246 806
1246 1411
1246 339
1246 172
1248 883
1248 45
1248 433
1248 439
1248 186
1248 794
1248 1671
1248 970
1248 39
1251 509
1251 974
1251 563
1251 1041
1251 1698
1251 1803
1251 1233
1253 1416
1253 1283
1253 698
1253 1635
1253 1179
1253 1231
1255 668
1255 218
1255 344
1255 1715
1258 1897
1258 422
1258 1090
1258 36
1258 563
1259 960
1259 418
1259 160
1259 671
1259 773
1259 85
1259 1992
1264 934
1264 529
1264 1762
1264 282
1264 1407
1268 1114
1268 297
1268 1757
1268 1784
1272 1013
1272 1622
1272 1796
1273 224
1273 216
1274 945
1275 1043
1275 1107
1275 435
1275 712
1276 194
1276 1933
1276 1659
1276 1902
1276 1629
1278 197
1278 377
1278 996
1278 462
1278 1309
1278 843
1278 1704
1279 1733
1279 1201
1279 1056
1279 1386
1280 714
1280 1702
1280 344
1280 1689
1282 1613
1282 69
1282 1940
1282 589
1283 189
1283 1496
1283 548
1283 534
1283 1354
1284 535
1284 870
1284 519
1284 154
1284 432
1284 217
1285 1415
1285 1680
1285 1372
1285 1167
1285 1214
1289 968
1289 1444
1289 980
1289 468
1289 1909
1289 624
1291 1253
1291 1706
1291 163
1291 1441
1291 852
1291 855
1291 1714
1294 1873
1294 406
1294 708
1294 582
1294 1940
1294 825
1297 1909
1297 666
1297 1568
1299 986
1299 807
1299 781
1299 1458
1300 1703
1300 57
1300 1186
1300 1302
1300 1593
1300 1676
1301 1294
1301 972
1301 509
1302 648
1302 170
1302 672
1302 452
1302 700
1302 202
1305 1961
1305 1705
1305 51
1305 740
1305 594
1305 1343
1305 1994
1305 287
1308 1613
1308 1756
1308 1698
1308 97
1308 1482
1309 1950
1309 86
1309 1647
1309 1084
1309 66
1310 245
1310 1619
1310 1220
1310 1208
1310 645
1312 628
1312 1359
1312 97
1312 1339
1312 1573
1312 1280
1314 910
1314 1848
1314 565
1314 830
1314 842
1314 735
1315 1802
1315 727
1315 1660
1316 911
1316 913
1316 1698
1316 1145
1316 131
1318 1709
1318 120
1318 809
1318 1949
1318 833
1319 991
1319 1875
1319 1189
1319 1816
1321 821
1321 648
1321 718
1321 1645
1321 341
1321 452
1321 991
1323 1278
1323 619
1323 1762
1323 170
1323 818
1323 446
1323 926
1324 320
1324 859
1324 654
1324 1456
1324 1398
1324 1526
1324 972
1324 987
1324 1654
1325 1175
1325 718
1325 699
1325 1107
1325 545
1325 453
1325 1906
1325 1645
1325 948
1328 974
1328 1911
1328 1860
1328 1647
1328 138
1328 858
1328 237
1331 1342
1331 1615
1331 1973
1331 1099
1334 1226
1334 96
1334 60
1334 1007
1334 1973
1334 581
1336 1220
1336 1083
1336 1157
1336 1370
1336 1150
1336 1212
1336 354
1338 1816
1338 1043
1338 1315
1338 1637
1338 1498
1339 113
1340 571
1340 258
1340 581
1340 1619
1340 508
1340 1606
1340 53
1340 516
1341 1278
1341 632
1341 1990
1341 968
1342 830
1342 1227
1342 1259
1342 1877
1342 687
1343 688
1343 1892
1344 141
1344 1594
1344 830
1345 920
1345 1641
1345 1203
1345 80
1345 577
1345 346
1352 373
1352 1510
1352 1450
1352 1640
1352 677
1352 345
1352 1894
1352 827
1352 674
1354 1011
1354 141
1354 214
1354 1573
1354 806
1354 1235
1354 800
1354 320
1354 267
1357 740
1357 224
1359 767
1359 370
1359 876
1359 344
1359 246
1359 1301
1359 442
1360 1050
1360 423
1360 465
1360 1456
1360 395
1360 1618
1360 1546
1361 1490
1361 1741
1361 548
1361 1647
1361 843
1361 821
1362 947
1362 1736
1362 1342
1362 1359
1362 437
1362 1082
1362 1199
1362 1372
1362 699
1362 1134
1364 892
1364 787
1364 891
1364 1961
1364 722
1364 430
1364 1342
1364 1708
1364 693
1364 863
1365 237
1365 519
1365 1724
1365 1128
1365 1391
1365 628
1366 1526
1366 893
1366 68
1366 735
1366 1089
1366 1397
1366 894
1367 659
1367 1950
1367 1151
1367 1134
1367 1010
1370 323
1370 1960
1370 1885
1372 236
1372 1324
1372 1020
1372 56
1372 1388
1372 1733
1373 1013
1373 1441
1373 715
1373 1567
1375 320
1375 335
1375 1431
1375 734
1380 1299
1380 510
1380 581
1380 361
1380 1969
1380 418
1383 2
1384 1440
1384 1207
1384 579
1384 567
1384 657
1385 34
1385 1987
1385 814
1385 105
1386 1458
1386 1803
1386 809
1386 833
1386 297
1388 377
1389 80
1389 44
1389 1380
1389 1997
1390 1595
1390 1193
1390 441
1390 1798
1390 587
1390 573
1390 1513
1390 1958
1390 421
1390 1929
1391 655
1391 1861
1391 246
1391 373
1391 1617
1395 1920
1395 409
1395 1138
1395 1472
1395 1743
1396 56
1396 1044
1396 339
1396 558
1396 1987
1397 519
1397 1794
1398 12
1398 1690
1398 1068
1398 1961
1399 1429
1399 1758
1399 951
1399 1868
1399 1806
1399 255
1400 844
1400 189
1400 1729
1400 1302
1400 120
1401 1233
1401 1163
1401 161
1406 1916
1407 926
1407 1913
1407 935
1407 1283
1407 694
1408 1695
1408 1889
1408 1758
1408 579
1411 818
1411 942
1412 211
1412 1669
1412 872
1412 1699
1412 895
1412 1769
1412 972
1412 618
1412 300
1413 1006
1413 545
1413 1239
1413 539
1413 1225
1413 797
1413 1282
1413 241
1415 412
1415 1090
1416 1892
1416 749
1416 657
1416 1816
1416 1831
1416 1989
1418 311
1418 699
1418 148
1418 1963
1418 101
1419 1897
1419 1567
1420 1991
1420 1972
1420 803
1420 1418
1420 938
1420 1360
1420 918
1420 1883
1421 698
1421 458
1421 1978
1421 1481
1421 694
1428 1741
1428 476
1428 1729
1428 1490
1428 1742
1428 1157
1429 336
1429 690
1429 169
1429 1005
1429 1246
1429 689
1429 1406
1429 613
1429 641
1429 228
1429 377
1429 972
1431 1444
1431 1551
1431 1960
1431 1613
1432 392
1432 1428
1432 232
1432 1921
1432 961
1434 731
1434 781
1434 1991
1434 676
1436 1520
1436 1274
1436 17
1436 942
1436 1386
1438 986
1438 1080
1438 1282
1440 822
1440 1264
1440 1003
1440 545
1440 1778
1440 1421
1440 882
1441 380
1441 561
1441 1999
1441 1979
1441 1565
1442 297
1442 970
1442 1843
1442 1094
1442 1585
1442 249
1444 1189
1444 1836
1444 619
1444 1500
1444 347
1444 1978
1444 430
1446 1710
1446 1186
1446 799
1446 662
1446 1004
1450 1865
1450 538
1450 355
1450 1820
1450 1908
1450 1340
1450 676
1450 1573
1450 744
1450 319
1456 565
1456 1593
1456 781
1457 1785
1457 1471
1457 803
1457 65
1457 1815
1457 1861
1458 1312
1458 724
1458 975
1458 1436
1463 131
1463 1174
1463 1607
1463 1154
1463 883
1463 194
1463 1858
1465 679
1465 1765
1465 327
1465 1134
1465 1440
1465 756
1470 1536
1470 402
1470 1702
1470 1547
1470 339
1471 992
1472 655
1472 1820
1472 1698
1472 1450
1473 1079
1473 338
1473 1291
1473 1010
1473 1686
1474 210
1474 1764
1474 1520
1474 906
1474 260
1474 699
1476 918
1476 1588
1476 1365
1477 394
1477 370
1477 1932
1477 202
1479 1089
1479 1595
1479 1162
1479 1645
1479 912
1479 5
1480 1438
1480 1811
1480 212
1480 332
1480 1731
1481 1084
1481 1067
1481 326
1481 1299
1481 1896
1481 517
1481 168
1481 1259
1482 59
1482 1192
1482 940
1489 1385
1489 503
1489 1099
1489 1408
1490 1438
1490 811
1490 645
1491 945
1491 1691
1491 581
1491 462
1491 1805
1491 1144
1493 295
1493 1908
1493 75
1496 1416
1496 1020
1496 1217
1498 1660
1498 1811
1498 1279
1498 1791
1500 1006
1500 450
1501 161
1501 1509
1501 1045
1505 96
1505 138
1506 620
1506 1239
1506 335
1508 395
1508 1765
1508 1302
1508 935
1508 482
1508 1275
1509 1551
1509 1566
1509 858
1509 1413
1509 1658
1509 826
1510 707
1510 1929
1510 266
1510 101
1510 735
1513 477
1513 192
1513 98
1514 1756
1514 1009
1516 298
1516 1916
1516 78
1516 1731
1516 266
1516 472
1516 1749
1517 1473
1517 1051
1517 1365
1517 296
1517 1073
1517 988
1517 938
1520 453
1520 244
1520 620
1522 1053
1522 679
1522 752
1522 1895
1522 45
1522 443
1525 562
1525 299
1525 1839
1525 1731
1525 761
1525 1167
1525 304
1525 896
1527 778
1527 1995
1527 1208
1527 948
1527 162
1527 1471
1527 1202
1527 1759
1527 691
1527 898
1528 1491
1528 889
1528 1918
1531 964
1531 1644
1531 392
1531 1514
1531 1942
1531 1051
1531 960
1533 1825
1533 1559
1533 1958
1533 476
1533 1211
1533 1852
1533 1284
1535 620
1535 1268
1535 483
1535 1056
1536 893
1536 452
1536 948
1536 1208
1536 1301
1540 844
1540 132
1540 808
1540 855
1540 1775
1540 1215
1541 776
1541 1660
1541 1647
1541 316
1544 1091
1544 62
1544 721
1544 971
1544 1059
1544 1879
1544 818
1545 1354
1545 491
1545 1418
1545 347
1545 1712
1545 42
1545 1162
1546 1613
1546 1188
1546 1825
1546 1850
1546 689
1546 670
1546 696
1547 1800
1547 191
1547 268
1547 1868
1547 1500
1547 1752
1547 319
1550 1691
1550 968
1550 16
1550 1997
1550 1754
1550 1942
1550 1718
1550 561
1550 1679
1551 170
1551 744
1551 112
1551 457
1551 1883
1552 891
1552 197
1552 224
1552 1178
1552 1006
1553 843
1553 1433
1553 1305
1553 586
1553 462
1553 550
1554 1971
1554 162
1554 1044
1554 734
1554 1411
1554 1500
1558 811
1558 906
1558 275
1558 281
1558 1342
1558 1016
1558 971
1558 1881
1559 390
1559 338
1560 1258
1560 679
1560 735
1560 701
1560 1255
1564 1167
1564 997
1564 1854
1564 1334
1564 1806
1564 1759
1565 788
1565 1463
1565 1870
1565 1370
1565 986
1566 1082
1566 1565
1566 537
1567 1763
1567 986
1568 650
1568 432
1568 931
1572 337
1572 1120
1572 1645
1572 1227
1572 154
1572 1780
1572 773
1573 1457
1573 1834
1573 1973
1573 1200
1573 866
1573 803
1573 1718
1573 124
1573 876
1578 1598
1578 1309
1578 1341
1578 160
1578 1239
1578 1702
1579 230
1579 945
1579 1192
1579 772
1580 1211
1580 1803
1580 1659
1580 1968
1581 796
1581 526
1581 2
1583 1533
1583 765
1583 1590
1583 940
1583 422
1583 170
1583 1472
1584 1546
1584 908
1584 97
1584 1592
1584 794
1584 350
1585 1791
1585 746
1585 1669
1585 490
1585 1821
1587 1294
1587 370
1587 141
1587 459
1588 291
1588 1621
1588 1753
1588 5
1588 34
1590 458
1590 1081
1590 147
1590 1734
1590 1052
1590 1187
1590 805
1590 437
1592 1841
1592 1694
1592 893
1592 1544
1592 156
1592 1531
1592 1655
1592 1506
1593 519
1593 1598
1593 1816
1593 100
1593 1830
1593 125
1594 1554
1594 1210
1594 895
1594 480
1594 659
1594 765
1594 586
1595 656
1595 1331
1595 529
1595 940
1595 113
1598 569
1598 422
1599 1517
1599 794
1599 1629
1599 565
1599 1856
1599 169
1599 1005
1601 1163
1601 33
1601 320
1601 340
1601 1621
1601 1690
1601 624
1603 1208
1603 1958
1603 241
1603 1841
1603 1676
1603 1432
1603 1246
1603 935
1606 66
1606 1703
1606 36
1606 1805
1606 375
1606 1843
1606 323
1606 1885
1606 1611
1606 1614
1607 654
1607 397
1607 853
1607 132
1607 3
1607 1471
1608 69
1608 160
1611 373
1611 1969
1611 1011
1611 429
1611 1255
1611 297
1613 1902
1613 1073
1613 183
1614 1053
1614 81
1614 468
1614 1993
1614 1360
1614 4
1614 1323
1614 948
1615 970
1615 278
1615 1531
1615 474
1615 1729
1617 1675
1617 1535
1617 1242
1617 1004
1618 210
1618 319
1618 535
1619 217
1619 1016
1619 208
1619 59
1619 1176
1619 1278
1619 1969
1619 156
1619 987
1619 1818
1619 989
1619 788
1621 899
1622 418
1622 468
1622 1442
1623 1116
1623 809
1623 573
1625 989
1625 1991
1625 571
1625 281
1625 395
1625 260
1625 920
1626 1065
1626 1807
1626 1811
1626 1331
1626 70
1626 822
1626 243
1627 96
1627 797
1629 331
1629 675
1629 121
1629 1867
1629 179
1629 588
1629 910
1629 1753
1629 940
1631 1082
1631 651
1631 1107
1631 2
1631 1160
1631 1547
1634 183
1634 651
1634 717
1634 1318
1634 133
1635 427
1635 891
1635 162
1635 422
1635 791
1637 770
1637 1389
1637 727
1637 990
1637 300
1637 1603
1640 270
1640 316
1641 1655
1641 2
1642 628
1642 1962
1642 161
1642 886
1642 1858
1642 643
1642 455
1643 1611
1643 1395
1643 287
1643 351
1644 1078
1644 1733
1644 1915
1645 1357
1645 1258
1647 644
1647 1916
1647 1595
1647 120
1647 1272
1647 1695
1647 394
1648 1354
1648 607
1648 377
1650 9
1650 1559
1650 708
1650 1887
1650 718
1650 833
1650 1565
1651 983
1651 844
1651 826
1651 777
1651 271
1651 1179
1651 230
1651 1722
1651 1658
1651 1004
1653 632
1653 831
1653 710
1653 160
1653 53
1653 174
1653 319
1653 204
1654 139
1654 1396
1655 462
1655 664
1655 1716
1655 771
1655 275
1657 1832
1657 1291
1657 283
1657 997
1657 519
1657 458
1658 1312
1658 1644
1658 1401
1658 1567
1658 797
1658 787
1658 1601
1658 544
1658 1850
1659 1007
1659 893
1659 1199
1659 291
1659 456
1659 1982
1659 1400
1660 852
1660 1751
1660 1547
1660 1706
1660 1390
1660 132
1660 1631
1660 1974
1660 44
1662 466
1662 392
1662 40
1666 1567
1666 956
1666 1037
1666 189
1669 210
1670 224
1670 1896
1670 1775
1670 610
1670 575
1670 1056
1670 569
1670 761
1670 1706
1671 1982
1671 1789
1671 1083
1675 412
1675 780
1675 290
1676 1072
1676 676
1676 18
1676 1133
1676 1894
1679 1932
1679 563
1679 1854
1679 1310
1679 244
1679 56
1679 1285
1679 469
1679 1246
1679 1214
1679 1906
1680 351
1680 1235
1680 534
1680 1692
1680 1491
1680 731
1681 182
1681 479
1681 802
1681 1432
1681 1607
1682 1642
1682 409
1682 943
1682 987
1682 1725
1682 1186
1682 444
1685 869
1685 1473
1686 406
1686 960
1686 1714
1686 1440
1686 580
1686 298
1686 1614
1687 855
1687 1817
1687 1706
1687 649
1687 1418
1687 1500
1687 1856
1687 1642
1687 429
1689 980
1689 858
1689 1391
1690 1150
1690 62
1690 1599
1690 1416
1690 1850
1690 1554
1691 1592
1691 628
1691 168
1691 933
1691 1541
1691 1526
1691 1199
1692 1588
1692 1509
1692 1842
1692 863
1692 798
1693 743
1693 800
1693 1803
1693 911
1693 562
1694 991
1694 870
1694 338
1694 904
1694 1784
1695 698
1695 63
1695 1506
1695 87
1695 245
1695 1694
1695 550
1695 1034
1698 1694
1698 1090
1698 1251
1699 1969
1699 28
1699 1068
1699 1302
1702 258
1702 1450
1702 146
1702 444
1702 865
1703 1759
1703 1081
1703 1974
1703 1653
1703 1896
1704 1016
1704 1255
1704 1560
1704 184
1704 529
1705 1181
1705 1383
1705 1662
1705 1993
1705 218
1705 40
1705 1508
1705 1738
1705 1607
1706 538
1706 160
1706 1465
1706 158
1709 1554
1709 327
1709 1587
1709 965
1709 668
1709 1961
1709 26
1709 1119
1710 1020
1710 1924
1710 968
1710 1441
1710 1300
1710 1593
1710 1050
1712 1508
1712 911
1712 428
1712 35
1712 627
1712 1918
1714 919
1714 1302
1714 1118
1714 195
1714 783
1714 644
1714 255
1715 1031
1715 97
1715 415
1715 96
1715 242
1715 606
1715 571
1715 1872
1715 1044
1715 1345
1716 525
1716 1861
1716 1974
1716 649
1716 775
1716 62
1716 236
1716 1159
1716 1479
1716 722
1716 1097
1718 894
1718 1238
1718 1006
1718 1971
1718 285
1718 926
1718 743
1718 414
1718 450
1718 1883
1718 462
1719 323
1719 47
1719 733
1722 873
1722 676
1722 619
1722 565
1724 649
1724 975
1724 1913
1724 831
1724 48
1724 1764
1725 1681
1725 373
1725 610
1725 1719
1725 901
1725 1877
1725 216
1729 718
1729 267
1729 379
1731 872
1731 1082
1731 1383
1731 770
1731 1259
1731 1816
1733 1528
1733 1297
1733 1321
1733 796
1733 1991
1733 581
1736 169
1738 988
1738 1314
1738 545
1738 861
1738 418
1738 331
1738 90
1739 327
1739 934
1739 1691
1740 1310
1740 1972
1740 44
1740 1756
1740 1709
1740 191
1741 171
1741 316
1741 1275
1741 1021
1741 1533
1741 538
1741 1505
1741 255
1741 28
1742 302
1742 126
1742 1151
1742 582
1742 1546
1742 1898
1742 720
1743 114
1743 182
1743 1924
1749 807
1749 1853
1749 442
1749 1133
1749 134
1749 91
1749 1280
1751 1212
1751 1889
1751 689
1752 131
1752 1187
1752 908
1752 1940
1752 1662
1752 1655
1753 900
1753 689
1753 198
1753 951
1754 1751
1754 803
1754 94
1754 1471
1755 853
1755 628
1755 543
1755 1338
1755 1558
1755 1635
1755 1918
1755 469
1756 827
1756 1399
1756 1084
1756 837
1756 1811
1756 1687
1757 161
1757 727
1757 309
1757 1397
1757 96
1757 270
1758 651
1758 240
1758 510
1759 752
1759 237
1759 587
1759 1339
1759 644
1759 1762
1759 1412
1762 1655
1762 1651
1762 1169
1762 1160
1762 1179
1763 1708
1763 687
1763 787
1763 1839
1763 1785
1764 1151
1764 1103
1764 1505
1764 848
1764 1846
1764 914
1764 1248
1764 953
1765 355
1765 761
1765 1272
1765 1590
1767 1072
1767 1182
1767 1985
1767 1036
1769 1938
1769 112
1769 525
1769 120
1769 613
1769 1599
1771 1210
1771 837
1774 871
1774 413
1774 17
1774 1559
1774 1870
1775 699
1775 1441
1775 707
1776 1587
1776 980
1776 121
1776 375
1776 537
1778 197
1778 1961
1778 898
1778 659
1778 1297
1779 264
1779 741
1779 59
1780 90
1780 1274
1780 1432
1780 909
1780 439
1780 698
1782 1952
1782 1974
1782 191
1782 86
1782 259
1782 827
1782 843
1782 989
1784 1702
1784 457
1784 1171
1784 1331
1784 258
1784 1911
1784 1037
1785 1798
1785 865
1786 147
1786 1807
1786 1063
1789 1643
1789 1501
1789 876
1791 1213
1791 861
1791 441
1791 1186
1791 1139
1791 161
1791 1938
1791 1134
1794 282
1794 1309
1794 1389
1794 327
1796 1774
1796 1472
1796 1415
1796 872
1796 341
1796 1599
1798 1157
1798 185
1800 66
1800 969
1800 671
1800 1846
1800 1150
1800 444
1800 1169
1800 701
1803 1201
1803 1308
1803 1607
1803 1264
1803 894
1803 1142
1803 796
1803 641
1805 1116
1805 1084
1805 152
1805 1242
1805 1018
1806 1786
1806 1647
1806 1640
1806 882
1806 121
1806 920
1806 33
1806 1842
1806 1566
1806 44
1807 552
1811 299
1811 1897
1811 1446
1812 579
1812 907
1812 1939
1815 588
1815 802
1815 1116
1815 1929
1816 837
1816 708
1816 931
1816 1285
1817 1625
1817 383
1817 794
1817 145
1817 788
1818 1334
1818 1527
1818 561
1818 1434
1818 613
1818 882
1818 872
1818 1124
1818 1397
1818 1372
1818 1776
1818 1319
1818 1201
1820 650
1820 1072
1820 700
1820 1675
1820 1645
1820 156
1820 773
1821 1359
1821 657
1821 490
1825 1163
1825 1085
1825 1753
1825 920
1825 1666
1825 74
1825 861
1825 147
1828 51
1828 502
1828 395
1828 249
1830 848
1830 1420
1830 1709
1830 439
1830 179
1830 1896
1830 1859
1831 189
1831 1662
1831 1032
1831 1731
1831 1939
1831 1415
1831 814
1832 1463
1832 279
1832 899
1832 1841
1832 784
1832 472
1834 692
1834 1444
1834 1527
1834 640
1836 1617
1836 63
1836 5
1836 968
1839 792
1839 1152
1839 1851
1839 1013
1839 571
1839 1162
1841 1709
1841 1070
1841 1302
1841 991
1841 1200
1842 876
1842 146
1842 1118
1842 370
1842 1278
1842 98
1843 986
1843 1175
1844 95
1844 773
1844 1428
1845 1051
1845 1954
1845 491
1845 1856
1845 1171
1846 1525
1846 1572
1846 373
1846 1685
1846 433
1848 51
1848 1906
1850 904
1850 171
1850 346
1850 38
1851 39
1851 297
1851 285
1851 1877
1851 1428
1851 1440
1851 1948
1852 1476
1852 567
1852 510
1852 442
1852 1918
1852 1915
1853 246
1853 169
1853 751
1853 1047
1854 674
1854 752
1854 1725
1854 570
1856 1898
1856 457
1856 613
1856 562
1856 181
1856 902
1856 13
1856 198
1856 1806
1856 1671
1856 1949
1858 1764
1858 712
1858 945
1858 1383
1858 1037
1858 96
1858 1860
1859 1659
1859 1325
1859 707
1860 1710
1860 1325
1860 1188
1861 1629
1861 335
1861 587
1865 1280
1865 1694
1865 1675
1865 1817
1865 131
1865 898
1866 909
1866 997
1866 375
1866 655
1867 1535
1867 341
1867 217
1867 1966
1867 1987
1867 801
1867 1866
1867 688
1868 1666
1868 1742
1868 1859
1868 1119
1868 1841
1868 933
1868 270
1869 1681
1869 1396
1869 418
1869 1121
1870 1614
1870 1354
1870 613
1870 565
1872 971
1872 1319
1872 799
1872 1712
1872 299
1872 1018
1873 439
1873 1800
1873 450
1873 1724
1875 87
1875 1568
1875 1985
1875 1918
1877 1617
1877 652
1877 1782
1877 1091
1879 1988
1879 493
1879 1614
1879 204
1879 28
1879 1297
1881 1929
1881 1702
1881 699
1883 606
1883 859
1883 443
1883 1776
1883 1215
1883 16
1885 669
1885 837
1885 993
1885 1227
1885 236
1885 641
1885 624
1885 358
1887 1742
1887 286
1887 1818
1887 964
1887 402
1889 1724
1889 1274
1889 1962
1889 804
1892 1481
1892 215
1892 476
1892 472
1892 331
1892 1805
1892 690
1893 567
1893 814
1893 1593
1893 1831
1893 565
1893 819
1893 452
1893 1583
1894 1865
1894 1785
1895 516
1895 1187
1895 1786
1895 133
1895 1594
1896 1458
1896 120
1896 1724
1896 1004
1896 558
1896 1704
1896 340
1897 801
1897 1390
1897 1807
1897 1216
1897 59
1898 115
1898 539
1898 131
1898 35
1898 160
1902 1775
1902 1540
1902 1011
1906 1196
1906 212
1906 1384
1906 482
1906 1181
1906 92
1906 475
1906 1858
1906 1145
1906 1805
1908 1083
1908 974
1908 1373
1908 17
1909 594
1909 1279
1909 168
1909 182
1909 1334
1911 1037
1911 296
1911 1725
1912 1623
1912 1615
1912 1027
1912 714
1913 848
1913 413
1913 1710
1913 1939
1913 493
1913 1196
1915 703
1915 1759
1915 1408
1915 183
1915 1581
1916 931
1916 1440
1916 39
1920 240
1920 1691
1920 1359
1920 16
1920 1924
1920 582
1920 1764
1921 1018
1921 1923
1921 1458
1921 1644
1921 1406
1921 1873
1923 877
1923 90
1923 732
1923 104
1923 704
1924 1284
1924 558
1924 1798
1924 953
1924 694
1924 674
1924 1056
1924 1867
1924 1774
1924 1186
1928 1627
1928 1703
1928 1056
1928 869
1928 691
1929 1058
1929 1969
1929 266
1932 347
1932 700
1932 1942
1932 914
1932 699
1933 354
1933 241
1933 1872
1933 1342
1933 545
1938 1897
1938 232
1938 1754
1938 898
1939 1081
1939 1885
1939 169
1939 1655
1939 191
1939 1798
1939 1572
1940 914
1940 428
1940 101
1940 362
1940 1520
1940 847
1940 485
1940 465
1942 1276
1942 787
1942 1758
1942 402
1944 1444
1944 1690
1944 1615
1944 1513
1944 846
1944 1005
1948 811
1948 1695
1948 787
1949 1275
1949 1547
1949 1740
1949 1974
1949 1786
1950 429
1950 1159
1950 1883
1950 644
1951 1553
1951 1244
1951 688
1951 1302
1951 95
1952 537
1952 1072
1952 418
1952 1342
1952 778
1952 370
1954 1321
1954 1059
1954 320
1957 476
1957 1764
1957 1853
1957 441
1957 898
1957 693
1957 272
1957 988
1957 576
1958 1584
1958 1146
1958 938
1958 895
1958 691
1958 1618
1960 303
1960 798
1960 309
1960 1069
1961 529
1961 804
1961 1951
1961 1762
1961 422
1961 883
1962 421
1963 618
1963 1957
1963 1828
1963 291
1963 1385
1963 1204
1966 115
1966 1063
1966 1979
1966 1051
1968 1133
1968 95
1968 788
1968 783
1968 1372
1968 1009
1968 791
1969 1276
1969 1365
1969 552
1969 1275
1971 1769
1971 1830
1972 919
1972 645
1972 1754
1972 94
1973 44
1973 852
1973 1005
1974 911
1974 1284
1974 693
1974 853
1974 869
1974 1753
1974 1706
1974 357
1974 1508
1976 1099
1976 658
1976 1509
1976 1535
1977 661
1977 870
1977 871
1978 631
1978 397
1978 1289
1978 472
1978 1195
1978 571
1978 285
1978 1615
1978 1401
1979 1436
1979 392
1982 1231
1982 127
1982 104
1984 1215
1984 666
1984 843
1985 422
1985 1179
1985 1434
1987 1952
1987 1842
1987 1380
1987 435
1988 1297
1988 1617
1988 1188
1989 443
1989 189
1989 1193
1989 718
1989 446
1989 632
1990 763
1990 943
1990 1806
1990 437
1990 491
1990 787
1990 644
1991 654
1991 141
1991 1694
1991 1588
1991 430
1991 358
1991 1978
1991 1846
1992 501
1992 1434
1992 1588
1992 573
1992 1754
1992 316
1992 1264
1993 1479
1993 1154
1993 1006
1993 1370
1993 1842
1993 423
1993 1118
1993 331
1994 1119
1994 354
1995 35
1997 1626
1997 674
1998 215
1998 672
1998 1052
1998 1642
1998 965
1998 304
1998 147
1998 446
1998 87
1998 918
1998 1432
1999 1854
1999 1440
1999 240
1999 1958
1999 1873
