0 1136
1 1576
1 722
1 1332
1 1651
1 1184
2 1766
2 1364
2 1011
2 1543
2 1219
5 1063
5 326
5 195
5 1032
8 268
8 1717
8 439
8 810
8 1527
9 24
9 1011
9 1106
9 94
9 1020
9 477
9 765
9 849
9 1706
9 1183
9 287
11 868
11 1460
11 1652
11 1993
13 11
13 982
13 899
13 1762
14 809
14 723
14 1226
14 1259
14 440
15 832
15 751
15 1120
15 482
15 526
15 1983
15 601
18 314
18 1842
18 647
18 30
18 445
19 206
19 335
19 322
19 214
19 1854
19 1543
20 1063
20 1881
21 1473
21 1452
21 587
21 1556
21 1146
21 1996
21 140
21 1404
21 1352
22 615
22 542
22 1354
22 1685
23 322
23 1246
23 1098
24 542
24 1523
24 1659
24 912
24 1319
25 1237
25 15
25 1159
25 647
25 1010
25 340
25 1454
25 1439
25 1634
25 1239
27 1663
27 171
27 536
27 943
27 184
27 1886
27 1785
30 96
30 571
31 65
31 220
31 664
31 67
32 1049
32 1060
32 1548
32 540
33 1643
33 1104
33 1499
33 87
33 1685
33 448
33 742
34 1053
34 768
34 1473
37 1213
40 1857
40 573
40 11
40 1541
40 1573
40 1136
40 1887
42 21
42 1337
42 962
42 860
42 829
42 143
45 791
45 1573
45 1832
45 1688
47 1292
47 1854
47 1350
47 906
47 1802
47 1647
47 1804
49 1093
49 1224
49 1832
49 525
49 814
49 445
49 1519
50 1670
50 255
50 721
50 1125
50 1863
50 397
50 334
50 1735
50 1422
50 1935
52 1840
52 1031
52 736
52 559
52 874
55 622
55 912
55 1906
55 96
55 1996
55 331
55 0
56 1371
56 383
56 395
56 881
56 977
56 488
56 1687
56 1411
57 557
57 1422
57 1155
57 14
57 163
57 1324
57 1795
58 1996
58 700
58 397
58 115
58 1264
58 1216
58 1241
58 307
58 1384
58 2
58 1412
60 961
60 1595
60 1890
60 1632
60 1697
62 1878
62 690
62 1662
62 736
62 1880
62 339
62 1925
64 1085
64 604
64 474
64 1659
65 1489
65 1011
65 1292
65 279
65 57
65 1501
65 1831
67 942
67 1706
67 1639
67 851
67 1063
67 1698
67 1965
67 696
67 179
67 1640
67 1739
69 152
69 1516
69 1194
69 1683
69 997
69 1968
69 700
69 273
71 1579
71 903
71 8
71 1401
73 1638
73 1779
73 266
73 1109
74 1351
74 1709
74 1749
74 1621
74 394
74 261
74 1556
74 149
75 1581
75 19
75 1901
75 459
75 1435
76 1698
76 779
76 1031
76 1020
76 87
76 98
76 60
76 905
77 1707
77 1351
77 714
78 1384
78 1417
78 261
78 921
78 1625
78 1371
78 1461
80 487
80 1340
80 930
81 956
81 608
81 57
81 363
81 977
81 779
81 1900
81 315
81 1474
81 322
81 1270
81 572
83 1866
83 501
83 1354
83 175
83 273
83 8
83 1360
83 577
84 871
84 353
84 0
84 1361
84 1941
84 1763
84 134
84 393
84 1554
84 1012
84 57
84 281
85 1728
85 1004
85 696
85 636
85 93
87 1966
87 1766
87 389
87 1651
87 52
87 1833
87 1274
87 828
90 1489
90 1917
90 331
90 1928
93 544
93 609
93 1753
93 1697
94 1563
94 1006
95 1647
95 1527
95 256
95 1577
95 1657
96 578
96 1524
97 1195
97 1531
97 330
97 1880
97 527
97 1822
97 1603
97 677
98 1647
98 144
98 206
98 1767
99 529
99 14
99 1757
99 744
100 1628
100 482
100 1270
102 1127
102 1459
102 1416
103 1541
103 1030
103 1004
103 1879
103 866
103 742
105 1561
105 615
105 1982
105 678
105 1553
105 840
107 647
107 665
107 1025
107 1790
107 694
108 1252
108 492
108 1852
108 565
108 1933
108 1911
108 1347
108 1731
108 766
109 300
109 387
109 448
110 1280
110 1653
110 392
111 287
111 1633
111 85
114 947
114 541
114 949
114 214
114 1446
114 107
114 721
114 1254
115 862
115 1706
115 943
115 1176
115 1737
115 1361
115 180
115 164
115 409
118 1409
118 679
118 961
118 1438
118 186
118 492
119 1681
119 1098
119 1586
119 1901
119 1285
119 442
119 136
119 1255
119 1575
121 861
121 492
121 1340
121 419
121 320
122 1859
122 111
122 591
122 577
123 1847
123 412
123 1019
123 1123
128 611
128 772
128 834
128 837
128 1841
128 1415
128 1773
128 808
128 850
128 1204
128 458
131 339
131 1600
131 260
131 1599
131 84
131 1351
131 1376
134 1853
134 1773
134 1127
134 458
134 1657
134 965
136 1634
136 1016
136 1322
136 552
136 179
137 344
137 1841
137 456
139 864
139 1778
139 1043
140 163
140 1264
140 1194
140 577
140 601
140 128
142 1674
142 501
142 1560
142 1218
142 1752
142 8
142 1831
142 405
142 340
143 265
143 1910
143 864
143 837
143 212
143 1657
143 1125
144 1182
144 1906
144 1901
144 1015
144 1926
146 900
149 1241
149 692
149 808
149 987
149 23
149 1155
149 1901
149 1893
150 1371
151 573
151 741
151 1563
152 257
152 933
152 1274
152 389
152 764
158 1769
158 1299
158 1250
158 1805
158 1838
158 1806
158 1929
159 923
159 21
159 890
159 1784
159 1512
159 739
159 447
159 95
161 963
161 1318
161 1911
161 714
163 1651
163 1004
163 829
163 1683
164 1103
164 1986
164 1463
166 866
166 733
166 119
166 643
166 809
169 1750
169 1785
171 604
171 464
171 189
171 326
171 477
171 617
172 604
172 1023
172 1139
172 297
173 1633
173 1127
173 880
173 1640
174 271
174 267
174 0
174 1773
174 1415
174 1323
174 824
175 902
175 1181
176 855
176 683
177 1515
177 1386
177 1264
177 42
177 568
177 1977
177 658
177 247
177 1133
178 452
178 111
179 930
179 1060
179 1574
179 233
179 224
180 1527
180 1991
180 339
180 1852
181 418
181 1677
181 887
181 102
181 1571
181 1295
181 339
181 1636
181 252
182 785
182 1839
182 1567
182 1085
183 171
183 1488
183 276
183 1306
183 1802
183 1463
183 1909
184 1740
184 1324
184 1179
184 49
184 1649
184 1398
184 323
184 174
184 1576
186 176
186 178
186 1233
186 943
186 1010
187 1062
187 1459
187 573
187 606
187 1263
187 863
189 334
189 1274
189 586
189 57
194 357
194 1577
195 578
195 1531
195 513
195 1999
197 9
197 1833
197 1886
197 694
197 189
199 1965
199 1841
199 522
199 1371
199 1103
199 962
199 174
200 1965
201 252
201 550
201 1652
201 1058
201 347
205 429
205 418
205 769
205 1594
205 1344
206 1398
206 1983
206 641
206 939
206 1779
206 1151
207 1923
207 1936
207 1575
207 963
207 765
207 1472
210 877
210 698
210 1870
210 1878
210 40
210 1175
210 1347
211 1825
211 1795
211 1354
211 1868
211 1344
211 902
211 1983
211 181
212 1395
212 1023
212 765
212 572
212 1159
214 1739
214 499
214 161
214 509
218 1029
218 158
218 1120
220 206
220 1501
220 445
220 269
221 1331
221 1936
221 1311
221 875
223 1845
223 1972
223 764
223 1243
223 766
223 539
224 736
224 1136
224 1825
224 303
224 933
224 1127
225 644
225 768
225 1163
225 1674
227 772
227 52
227 1416
227 1702
227 903
227 779
227 787
229 1472
229 1224
230 709
230 1432
233 1255
233 921
233 646
233 1212
239 1653
239 756
239 42
239 1453
239 794
239 1261
239 403
239 551
244 1881
244 627
244 97
244 1212
244 1984
244 408
244 665
246 1015
246 562
246 705
246 1377
246 568
246 1752
246 39
246 447
247 946
247 1549
247 62
247 1116
247 1822
247 532
247 252
250 1897
250 1628
251 383
251 171
251 1640
251 1078
251 24
251 1420
251 1854
251 961
251 114
251 807
252 537
252 665
252 559
252 60
252 1998
252 18
252 1030
254 733
254 389
254 128
254 643
254 499
254 751
254 647
255 179
255 1677
255 1413
255 1831
255 509
256 1825
256 263
256 1911
257 1411
257 1966
257 1366
257 510
257 1277
260 833
260 963
260 39
261 1867
261 393
261 1693
261 527
263 930
263 1110
263 32
263 1945
263 40
263 851
263 1323
263 1053
263 661
265 1855
265 1276
265 1316
265 495
265 1163
265 49
265 963
266 1205
266 1366
266 981
266 422
266 1398
266 818
266 1600
266 1806
266 540
266 114
267 1001
267 1755
267 818
267 928
267 1873
267 1556
267 0
267 1923
268 1262
268 1139
268 869
268 1908
268 1438
268 1909
268 251
268 470
268 756
268 832
269 1221
269 498
269 173
269 1994
269 214
269 227
269 764
269 1044
271 949
271 473
271 1539
271 1991
271 1435
271 1659
271 483
272 1925
272 206
272 793
272 577
272 544
272 636
272 1607
272 39
273 550
273 256
273 1010
273 1268
273 134
273 790
274 901
274 64
274 447
274 1540
274 163
274 1175
275 886
275 1846
275 483
275 723
275 930
275 726
276 1361
276 329
276 1237
276 1662
276 579
279 429
279 1411
279 413
279 394
279 1099
280 1256
280 174
280 1926
280 1110
280 468
280 18
280 1649
280 1060
280 976
281 99
281 1527
281 1360
281 884
281 907
281 805
281 369
281 885
287 1238
287 1254
287 1907
287 300
287 623
288 548
288 139
288 1250
288 1292
288 384
288 1342
288 1607
289 1910
289 1060
289 871
289 1747
289 1087
289 722
292 903
292 1322
292 1435
293 466
293 1367
293 429
293 1923
297 1739
297 951
297 195
297 559
297 912
297 1015
298 266
300 1307
300 1101
300 1787
300 1796
300 1667
300 1224
300 1254
300 1649
300 246
301 571
301 754
301 949
301 1702
301 862
303 1387
303 818
303 619
303 1473
303 1056
303 905
306 76
307 1221
307 875
307 1528
307 496
307 1681
307 1385
308 451
308 1212
308 392
308 1143
308 1878
308 1663
308 1384
310 1852
310 1134
310 972
310 1870
310 518
312 1447
312 15
312 855
312 896
312 1830
312 621
312 1085
312 710
312 1302
312 553
313 496
313 8
313 851
313 1014
313 1639
313 1845
313 89
313 1717
313 1676
313 1263
314 493
314 1979
314 1407
315 960
315 254
315 607
315 731
319 1887
319 1796
319 1120
319 1101
319 292
320 828
320 877
320 312
320 505
320 1795
320 352
322 1822
322 207
322 1691
322 1421
322 310
322 1526
322 1281
322 765
322 683
323 1286
323 346
323 1857
323 267
323 986
325 1261
325 2
325 1149
325 1893
325 288
326 1621
326 907
326 1816
326 672
326 1787
326 393
326 1181
328 1628
328 1653
328 750
328 1506
328 419
328 1122
329 20
329 1735
329 1998
329 777
329 1182
329 312
329 1014
329 1991
330 1600
330 1932
330 982
330 1366
330 1786
331 1548
331 451
331 688
331 179
334 1999
334 1936
334 1003
334 481
335 532
335 506
335 722
335 1771
335 1149
335 575
336 829
336 710
336 1582
336 495
336 136
337 244
337 1549
337 58
337 1475
339 760
339 1211
339 1236
339 682
339 1740
339 1993
339 1603
339 1304
339 1218
340 963
340 510
340 370
340 37
340 1432
340 551
343 230
343 1781
344 111
344 1384
344 869
344 517
344 622
346 1405
346 1370
346 1057
346 163
346 914
346 1305
347 915
347 1519
347 275
347 27
347 1762
347 1771
347 1308
351 1909
351 1691
351 559
351 1320
351 579
351 329
352 1136
352 1183
352 1364
352 806
352 85
353 829
353 1550
353 473
353 641
353 115
353 459
354 1869
354 547
354 1018
354 1263
354 343
354 603
354 1422
354 1709
354 1179
355 1261
355 150
355 1025
355 1017
355 617
355 1425
356 481
356 1750
356 218
357 227
357 1060
357 31
357 1513
357 1939
357 27
359 566
359 901
359 997
359 1309
359 578
359 1023
361 1189
361 677
361 1979
361 169
361 683
361 885
361 714
361 493
362 351
362 1453
362 1595
362 915
362 875
362 869
362 865
362 1941
362 1623
363 1311
363 1174
363 535
363 254
363 855
365 1221
365 505
365 1933
365 1475
365 354
365 1741
365 1607
365 275
367 298
367 906
367 142
367 1681
367 671
369 539
369 1802
369 892
370 1550
370 763
370 955
370 343
370 769
370 1405
370 515
371 351
371 1239
371 149
371 744
371 73
371 1029
371 367
371 1221
371 832
371 1623
374 1929
374 426
374 1357
374 1350
374 14
375 955
375 1682
375 5
375 910
375 1769
375 1221
375 1139
377 771
378 339
378 655
378 367
378 481
378 171
379 1524
379 441
379 765
379 897
379 868
381 42
381 956
381 1536
381 892
381 1522
381 1869
381 1600
381 1762
383 518
383 1363
383 692
383 1908
384 439
384 651
384 337
384 1309
384 1880
384 1717
384 100
387 792
387 1822
387 55
387 73
387 179
387 1965
387 1181
387 1889
388 881
388 256
389 789
389 904
389 1524
389 214
389 995
389 766
389 251
389 1107
390 337
390 1522
390 437
390 1412
391 702
391 1451
391 62
391 1687
391 158
391 1662
392 1462
392 687
392 507
392 1232
392 644
393 139
393 963
393 32
393 1640
393 1698
393 568
394 491
394 1470
394 1571
394 1548
395 137
395 1889
395 251
395 351
395 331
395 1322
395 1634
395 344
395 844
397 1065
397 1670
403 1804
403 1507
403 724
403 933
403 1801
403 1046
403 1682
403 1347
403 337
404 539
405 1986
405 197
405 1174
405 323
405 85
408 1565
408 1287
408 1642
408 1804
408 914
408 1973
409 1883
409 1412
409 1447
409 1914
409 1125
409 1175
409 89
410 887
410 601
410 39
410 1752
410 536
410 829
410 894
411 1824
411 1255
411 1542
411 771
412 868
412 1592
412 225
412 830
412 1866
412 1996
412 1035
413 474
413 1043
413 314
413 1539
413 83
418 57
418 1123
418 450
418 1024
418 769
418 1499
419 1938
419 736
419 564
419 664
421 1779
421 416
421 643
421 1331
421 1613
422 1122
422 435
422 1765
422 850
422 1883
422 1127
422 860
422 1409
422 1574
424 1881
426 271
426 1867
426 491
426 890
426 1925
427 418
427 912
427 347
427 1307
429 1064
429 1230
429 1592
429 1454
429 1883
429 189
432 1351
432 617
432 30
432 1794
432 956
435 487
435 1118
435 664
435 583
435 742
435 1755
435 5
436 355
436 594
437 1709
437 1084
437 1935
439 1267
439 1044
439 1755
439 621
439 714
439 1409
440 1029
440 1979
440 1183
440 176
440 1841
440 943
440 1805
441 244
441 930
441 8
441 741
441 892
441 532
441 1319
441 910
441 1058
442 1356
442 174
442 1682
442 1785
442 690
443 942
443 1557
443 356
445 76
445 772
445 1033
445 80
447 1267
447 1
447 1655
447 636
447 968
447 866
448 516
448 437
448 1236
448 24
448 677
449 886
449 1772
449 1693
449 1225
450 1241
450 1554
450 14
450 540
450 1472
450 764
450 83
451 1868
451 1283
451 335
451 741
451 697
451 1338
451 1875
451 1911
451 476
452 837
452 1186
452 1779
452 76
452 1653
452 246
452 1101
452 1546
452 163
452 323
452 1295
454 820
454 949
454 1887
454 635
454 1453
454 1793
454 724
454 1771
456 622
456 877
456 899
456 874
456 518
456 1029
456 257
456 1125
456 1595
458 1973
458 739
458 75
458 1417
458 721
458 1194
459 355
459 347
459 1999
459 694
463 1605
463 626
463 432
463 1541
463 411
463 486
464 1395
464 1579
464 787
464 1423
464 1482
464 624
464 1809
464 710
466 1986
466 1306
466 594
466 1358
468 492
468 572
468 175
468 1111
468 361
468 1729
470 1928
470 410
470 1757
470 362
473 1307
473 1276
473 1274
473 541
473 445
473 403
474 766
474 84
474 1820
474 1768
476 343
476 1677
476 322
476 686
476 250
477 429
477 1207
477 884
477 1016
477 886
477 1011
477 1176
477 1881
481 300
481 558
482 492
482 1911
482 1309
482 1351
482 875
482 1411
482 1677
482 1802
483 536
483 266
483 1447
483 797
483 11
485 325
485 1070
485 65
485 1010
485 1695
485 1933
486 45
486 252
486 328
486 73
486 653
487 1671
487 1854
487 510
487 818
487 1197
487 1123
487 542
487 257
487 1420
488 177
488 1493
488 697
489 1755
489 1595
489 535
489 335
489 684
489 307
489 297
489 1173
489 1194
489 230
491 683
491 507
491 855
491 903
491 834
492 1787
492 1023
492 1442
492 591
492 288
492 1454
493 1716
493 268
493 744
493 477
493 1316
495 1841
495 887
495 1564
495 488
496 180
496 1001
496 903
496 1189
496 1136
496 1433
498 67
498 700
498 1540
498 212
498 995
499 419
499 365
499 1138
501 961
501 767
501 1065
501 1370
502 76
502 158
502 1084
502 1386
502 575
502 69
502 256
502 1523
505 956
505 1783
505 622
506 1767
506 354
506 674
506 340
506 1204
506 1483
507 1579
507 532
507 1281
507 617
507 889
507 1986
507 1859
507 1954
509 1709
509 1960
509 1278
509 389
509 45
510 943
510 1677
510 1771
511 904
511 639
511 1516
511 432
511 939
511 1382
513 1513
513 110
513 1149
513 1184
515 1070
515 1001
515 891
515 1261
515 981
515 470
515 1747
515 1011
516 1907
516 805
517 754
517 1264
517 771
517 103
517 1442
517 223
518 987
518 1971
518 1778
518 1560
521 1520
521 1127
521 1549
521 1750
522 1698
522 1667
525 1822
525 491
525 1617
526 1785
526 1729
526 661
526 600
526 1122
527 411
527 671
527 763
527 1569
527 1032
529 1064
529 700
529 946
532 1461
532 1972
532 470
532 115
532 391
532 1804
532 1017
532 134
533 344
533 536
533 1197
533 1933
533 1366
535 1940
535 651
535 30
535 679
536 1304
536 287
536 69
536 1638
536 880
536 1078
536 1787
536 174
537 838
537 1247
537 837
537 1664
537 1543
537 325
539 571
539 378
540 429
540 789
540 1810
541 777
541 840
541 557
541 521
541 1697
541 1447
542 1697
542 1366
542 1657
542 891
542 1337
542 1575
542 1532
542 456
542 729
544 206
544 388
544 1192
544 1453
544 1483
547 257
547 1232
547 87
547 1650
547 1211
547 711
547 571
547 1195
548 653
548 1420
548 214
548 1337
548 1935
548 924
548 40
548 763
550 1599
550 821
550 1826
550 1254
550 686
550 884
550 224
551 958
551 52
551 1771
551 1044
551 195
551 470
552 1230
552 525
552 829
552 924
552 62
553 1909
553 984
553 195
553 1832
553 468
556 52
556 617
556 463
556 57
557 1685
557 924
557 1565
557 1750
557 1936
557 391
558 1252
558 700
558 1208
558 1526
558 1038
559 281
559 1506
559 1854
559 710
562 1034
562 655
562 1772
562 14
562 1516
562 1019
562 915
562 777
564 1204
564 1139
564 1783
564 1674
564 182
564 856
565 1654
565 797
565 1996
565 852
565 1192
565 1331
566 136
566 636
566 1268
566 1246
566 718
566 95
568 1781
568 884
568 27
568 977
568 733
568 1586
571 1815
571 1052
571 1836
571 912
571 58
571 603
571 744
571 1870
571 1927
571 908
572 1305
572 1613
572 271
572 1364
572 343
572 1650
572 1361
573 339
573 1488
573 1787
573 976
573 1380
574 575
574 187
574 927
574 1006
574 429
575 180
575 644
575 939
575 615
575 1404
576 1832
576 1136
576 838
576 887
576 1942
576 928
576 1676
577 1575
577 1230
577 1338
577 1988
577 627
577 1917
577 539
577 1688
577 1024
578 96
578 173
578 1833
578 958
578 1043
578 1655
578 1771
578 1370
579 1769
579 1391
579 750
579 1743
579 1474
579 1519
581 267
581 1825
581 1966
581 1148
581 1781
581 1977
581 897
583 45
583 1907
583 1722
586 1523
587 206
587 1319
587 896
587 371
587 354
587 785
587 1264
591 352
591 607
591 49
591 325
591 201
594 97
594 1869
594 1973
594 518
594 1642
597 932
597 884
597 1283
597 1796
597 934
600 779
600 1527
600 631
600 1781
600 1311
600 1350
600 403
600 1618
601 575
601 851
601 521
601 1385
601 1174
601 1454
603 771
603 175
603 509
603 1118
603 556
603 641
603 1628
603 99
604 375
604 352
604 872
604 378
604 1685
604 257
606 263
606 1741
606 1361
606 1621
606 641
606 452
606 1449
607 1939
607 1687
607 1175
607 485
607 1922
607 1305
607 1968
607 1660
607 62
608 1786
608 176
608 835
608 1056
608 718
608 1138
608 1255
608 694
609 1016
609 1476
609 1866
609 932
610 866
610 371
610 1354
610 623
610 677
610 1634
611 1548
611 281
611 1837
611 994
611 875
613 1405
613 40
613 344
613 515
613 924
615 224
615 591
615 724
615 661
615 548
615 1984
617 968
617 1677
617 114
618 221
618 852
618 381
618 744
618 615
618 93
618 200
618 1722
618 522
619 1695
619 1269
619 227
619 643
619 921
619 1791
621 1524
621 1475
621 579
621 356
621 166
621 1802
621 1561
622 499
622 224
623 214
623 1276
623 27
623 1407
623 445
623 643
624 487
624 933
624 254
624 865
624 84
624 45
624 37
624 474
624 1452
626 810
626 1683
626 574
626 1808
626 542
627 718
627 1078
627 1802
627 441
627 268
627 140
627 144
629 1804
629 432
629 893
629 450
629 1783
629 1929
629 1664
631 1283
631 73
631 411
631 1233
635 351
635 683
635 492
635 1236
635 199
636 700
636 532
636 122
638 65
638 1794
638 1127
638 1270
638 67
639 109
639 874
639 69
641 1398
641 908
641 114
641 23
641 1506
641 1943
641 812
643 42
643 263
643 488
643 1966
643 257
643 184
644 1304
644 1032
644 1131
646 1155
646 1208
646 459
646 336
647 1032
647 205
647 915
651 310
651 1973
651 312
651 336
653 1311
653 812
653 1670
653 1494
653 1901
653 435
653 578
655 1144
655 1855
655 1554
655 383
658 537
658 1953
658 806
658 492
658 1639
658 574
658 518
658 828
658 361
658 1409
661 164
661 387
661 1292
662 276
662 908
662 1277
662 1029
662 319
662 636
662 1973
664 1453
664 647
664 60
664 352
664 723
664 1226
664 986
664 866
664 785
664 1897
664 1046
665 1064
665 214
665 1123
665 1247
665 1768
665 1243
665 1001
665 747
665 1624
671 1965
671 1727
671 1460
671 1430
671 329
672 1953
672 1182
673 325
673 1564
673 566
673 1770
673 212
673 943
673 1766
674 323
674 1819
674 1762
674 1501
677 1685
677 300
677 1541
677 613
677 1979
677 729
677 1533
677 1654
677 199
677 1681
678 326
678 128
678 1354
678 257
678 1796
678 1098
678 1885
678 230
678 1173
678 1313
679 619
682 671
682 1543
682 416
682 868
682 1694
682 866
682 384
683 1035
683 789
683 828
683 885
683 1148
683 1779
683 1212
683 501
684 463
684 1175
684 925
684 487
684 14
684 1801
686 624
686 1943
686 489
686 1999
686 405
687 109
687 772
687 395
687 1049
688 308
688 281
688 643
688 1186
688 1557
688 40
689 458
689 1766
689 1847
689 1965
690 1833
690 1786
690 1449
692 541
692 1899
692 279
692 942
692 142
692 1995
692 1179
692 463
692 99
693 62
693 308
693 765
693 1212
694 1640
694 875
694 1717
694 1275
694 271
694 272
695 1100
695 1900
695 187
695 1307
695 1740
695 1991
695 140
695 540
695 1841
696 27
696 1168
696 210
696 820
696 1638
696 617
696 1765
697 1210
697 1914
697 81
697 499
698 1405
698 1266
700 966
700 574
700 1729
700 64
700 908
700 597
700 736
701 832
701 94
701 594
701 851
701 365
701 1883
702 1133
702 1499
702 674
702 901
702 340
702 1817
705 518
705 1262
705 1443
705 1161
708 539
708 1309
708 1432
708 210
708 1960
708 151
709 369
709 1304
709 1755
709 515
710 172
710 1263
710 486
710 139
710 1417
711 1536
711 1470
711 486
711 906
711 1046
711 272
714 499
714 1195
714 709
714 557
718 1827
718 959
718 1988
718 1314
718 1725
718 1640
718 1536
718 1432
718 1446
720 1651
720 1122
720 1046
720 1900
720 994
720 838
720 1661
721 1765
721 832
721 535
721 1363
721 1866
721 1851
721 786
722 223
722 562
722 522
722 1183
722 1250
722 942
723 1883
723 303
723 984
723 1703
723 1270
723 832
723 1156
723 1928
724 1422
724 1881
724 902
724 674
724 229
724 1303
724 1306
724 1767
726 1653
726 131
726 802
726 641
726 1582
726 1636
729 601
729 485
729 159
729 375
729 374
729 517
731 1676
731 1377
731 1211
731 583
731 1275
731 1771
731 1522
733 361
733 1192
733 1433
733 1240
733 1654
733 821
733 1801
733 60
733 824
734 1100
734 1940
734 1632
734 199
734 839
734 824
736 1255
736 1968
736 474
736 89
736 77
739 1770
739 182
739 736
739 1038
739 1893
739 1182
741 1010
741 55
741 793
742 609
742 1395
742 1853
742 1381
742 1653
742 136
743 1853
743 1935
743 177
743 941
744 1523
744 934
744 622
744 489
744 352
744 884
744 340
744 693
744 1252
746 1173
746 1331
746 33
746 1098
746 353
746 119
746 808
747 1412
747 169
747 1661
747 1420
747 322
747 1859
747 984
747 870
750 886
750 1524
750 1313
750 107
750 1159
751 1569
751 1617
751 370
751 39
751 690
751 1549
754 1221
754 934
754 1592
754 247
754 1246
754 1623
756 1691
756 1053
760 1149
760 629
760 1929
760 1993
760 1882
760 441
760 767
760 1540
761 673
761 1412
761 1837
763 1461
763 522
763 320
763 1109
763 1729
763 1207
764 14
764 1940
764 1035
764 897
764 908
764 1857
765 1044
765 552
765 542
766 1766
766 1186
766 701
766 1161
767 176
767 559
767 169
767 664
767 1965
768 75
768 1136
769 1968
769 518
769 923
769 1460
769 777
769 721
769 1207
769 802
771 1488
771 860
771 247
771 686
771 808
771 708
771 1267
771 1563
772 1986
772 436
772 821
772 339
775 201
775 1114
775 562
775 379
775 319
775 1664
777 1801
777 566
777 903
777 1703
779 805
779 21
779 432
779 1387
779 1107
779 15
779 186
785 1046
785 1910
785 1947
785 734
785 1569
785 1917
785 690
785 789
785 1198
786 947
786 1026
786 576
786 1548
786 1443
787 1201
787 288
787 875
789 1791
789 1769
790 239
790 1664
790 429
790 1114
790 526
790 624
790 990
790 529
790 1159
790 1101
790 459
790 1880
790 1753
791 550
791 684
791 702
791 1186
791 1773
791 1838
791 83
792 997
792 1681
792 609
792 1636
792 1378
792 1526
792 786
792 1787
793 553
793 1796
793 577
793 890
793 1942
794 1859
794 1988
794 1482
794 923
797 1183
797 1790
797 627
797 1658
802 1025
802 257
802 1122
802 586
802 244
802 1538
802 115
805 1690
805 1506
805 806
805 1695
805 1982
805 556
805 604
805 1377
805 486
806 810
806 24
806 963
806 1770
806 1157
807 329
807 559
807 410
807 962
807 47
807 826
808 1462
808 1523
808 729
808 653
808 56
808 389
808 1939
809 606
809 532
809 1470
809 103
809 81
809 967
809 1796
809 777
810 370
810 629
810 1087
810 1384
810 658
810 1482
810 958
810 674
812 437
812 522
812 257
812 1462
812 422
812 483
814 1250
814 966
814 1968
814 27
814 1101
814 456
814 1870
814 23
814 90
814 1473
818 388
818 136
818 337
818 1181
820 768
820 263
820 1087
820 1929
821 1607
821 174
821 1392
821 473
821 233
821 1934
821 1407
823 1765
823 1045
823 896
823 1432
823 1917
823 1556
823 1221
823 711
823 393
823 846
824 897
824 1979
824 1263
824 491
826 621
826 920
826 1769
826 1460
826 885
826 1983
826 1628
828 1575
828 122
828 383
828 1517
828 306
828 1879
829 1052
829 1064
829 1009
829 1347
829 761
829 1825
830 688
830 176
830 1554
830 709
830 1323
830 1991
832 409
832 140
832 751
832 1266
832 1734
832 1993
833 693
833 1886
833 13
833 1313
833 1320
833 507
834 812
834 1441
834 287
834 1941
834 1592
834 1531
835 1725
835 1853
835 959
835 371
835 690
837 102
837 267
837 1029
837 1577
837 1768
837 303
837 1526
837 934
837 229
837 872
837 1824
838 220
838 280
838 1520
838 1671
838 818
838 387
838 1868
838 1470
839 378
839 390
839 693
840 1316
840 1125
840 1649
840 566
840 1354
840 1110
840 702
840 439
844 1122
844 429
844 889
844 897
846 288
846 1880
846 1019
846 1443
846 200
846 1820
846 441
849 14
849 64
849 1703
850 1020
850 452
850 956
850 150
850 74
850 920
850 786
850 1875
851 665
851 1979
851 1262
851 1579
851 268
851 702
851 1723
851 1659
852 172
852 661
852 1198
852 510
852 1155
852 359
855 1528
855 1433
855 1453
855 683
855 1839
855 369
855 1110
855 410
855 1683
855 765
855 1413
856 432
856 864
856 1454
856 1579
856 942
856 1267
856 1858
856 211
860 451
860 791
860 1146
862 343
862 1170
862 1168
862 1977
863 1043
863 655
863 550
864 976
864 802
864 339
864 441
864 1367
864 1818
864 1923
865 325
865 1192
866 1045
866 674
866 624
868 1623
868 1735
868 33
868 577
868 1667
868 1802
868 872
869 144
869 967
869 158
870 943
870 893
870 1555
871 587
871 515
871 1238
871 1642
871 21
872 1386
872 110
872 892
872 1998
872 1883
872 1899
872 1685
872 89
872 1557
872 981
874 473
874 1845
874 1634
874 1868
874 1136
875 1052
875 20
875 566
875 110
875 244
875 158
875 1838
875 1520
877 164
877 1859
877 1256
878 1809
878 1322
878 1024
878 197
878 244
878 175
878 255
878 658
880 1307
880 739
880 1006
880 928
880 571
880 15
881 1920
881 665
884 1351
884 1934
884 369
884 1100
884 892
885 744
885 403
885 1546
885 693
885 522
885 100
885 1099
885 1305
885 39
886 210
886 1561
886 604
887 536
887 1579
887 1270
887 1538
887 279
887 709
889 1364
889 1499
889 83
889 1543
890 1526
890 1044
890 1084
890 1837
890 946
890 1966
891 516
891 850
891 1322
891 1548
891 274
892 1416
892 1322
892 37
892 1725
892 533
892 515
892 466
893 768
893 665
893 983
893 351
893 491
893 1691
894 1674
894 548
894 1151
894 1664
895 108
895 1532
895 326
895 522
895 1029
895 1330
896 510
896 367
896 941
896 747
897 325
897 968
897 1016
897 1735
899 689
899 1327
899 1063
900 522
900 1810
900 1107
900 1784
900 1292
901 622
901 1873
901 1817
901 361
901 105
901 1206
902 340
902 1624
902 1568
902 1254
902 644
902 383
902 1378
902 1430
903 1576
903 939
903 1866
903 1324
903 1035
903 375
903 274
904 722
904 1841
904 214
904 912
904 256
904 830
904 1517
905 1917
905 1255
905 1890
906 1677
906 865
906 562
906 1224
906 1857
906 1761
907 1687
907 1311
907 677
908 20
908 1038
908 397
908 362
908 895
908 741
908 172
908 1953
908 1790
909 1669
909 1206
909 310
909 1179
909 1582
909 1488
909 1560
910 74
910 1762
910 1266
910 618
910 966
910 1716
912 1439
912 1706
912 1802
912 942
912 1295
914 356
914 1607
914 13
914 45
914 200
914 1553
914 257
915 1536
915 394
915 744
915 1211
915 925
915 1977
916 1757
916 671
916 1647
916 394
920 1313
920 915
920 631
920 115
920 909
920 1174
920 1761
920 787
921 1441
921 69
921 1568
921 303
921 515
921 1285
921 1052
921 1120
923 1671
923 218
923 1134
923 1685
924 705
924 1548
924 1839
924 1882
924 1769
924 1787
924 533
924 1912
924 768
924 837
925 310
925 1908
925 708
925 416
925 910
925 1599
925 110
927 684
927 1728
927 909
927 1016
927 1378
927 477
927 613
927 641
927 1226
927 1173
927 1634
927 1252
928 1354
928 404
928 335
928 5
928 1425
928 212
928 571
928 1112
930 833
930 1929
930 1717
930 1694
930 1009
930 115
932 832
932 392
932 1032
932 197
932 1470
933 604
933 1928
933 1954
933 320
933 610
933 1432
933 1735
933 880
933 1168
933 1104
934 1058
934 891
934 631
939 383
939 1207
939 983
939 1838
939 1046
939 1522
939 20
939 1681
939 636
939 1493
939 224
939 225
941 184
941 171
941 1274
941 343
941 339
941 337
942 1316
942 586
942 647
942 1384
943 1131
943 77
943 1820
943 641
943 1757
946 410
946 1728
946 1983
946 1555
946 1706
946 890
946 1387
947 777
947 1197
947 1725
947 647
947 1513
947 1953
949 426
949 839
949 1634
949 1994
949 1728
949 750
949 952
949 1133
949 263
951 573
951 1929
951 535
951 30
951 820
951 886
951 365
952 171
952 772
952 609
952 320
952 1825
955 863
955 1237
955 591
955 1499
955 1642
956 1194
956 1571
956 1941
956 1942
956 239
956 688
958 1912
958 450
958 19
958 932
958 1446
958 171
959 20
959 535
959 109
959 1695
960 533
960 1571
960 1695
960 454
960 1391
960 1292
960 1121
960 1487
961 1163
961 893
961 211
961 1001
961 1207
961 1216
961 1840
961 466
961 1795
961 1327
961 1947
961 1845
962 1840
962 1286
962 701
962 1899
962 351
963 965
963 1194
963 1639
963 540
963 750
963 1441
965 1475
965 1605
965 23
965 1543
965 998
966 718
966 587
966 365
966 1723
966 65
966 355
967 27
967 416
967 392
967 818
967 1698
968 855
968 432
972 1281
972 683
972 142
972 1476
972 1796
972 1560
972 1308
972 1523
972 609
976 344
976 1809
976 1943
976 403
976 890
977 694
977 1494
977 363
977 556
977 1281
977 15
977 764
977 1116
977 835
977 65
977 824
977 314
981 1822
981 1851
982 951
982 292
982 787
982 928
982 210
982 1612
982 1041
982 1694
982 1322
983 1114
983 1831
984 365
984 1122
984 901
984 1452
984 513
984 1694
984 486
984 0
984 916
985 513
985 1582
986 518
986 1219
986 1833
986 1838
986 1482
986 878
986 189
987 1539
987 83
987 498
987 322
990 977
990 20
990 85
990 496
990 1176
994 1999
994 212
994 1366
994 65
994 851
994 1766
995 1307
995 1526
995 1757
995 928
995 1769
995 1687
995 1960
995 1473
997 114
997 1556
997 541
997 1747
997 1093
997 410
997 1
997 542
998 1381
998 1784
998 1330
998 151
998 31
998 1356
998 487
998 571
998 655
1001 199
1001 1337
1001 961
1001 525
1001 175
1001 143
1001 1371
1001 330
1003 1420
1003 1094
1003 998
1003 1110
1003 967
1003 1836
1003 1809
1004 772
1004 1267
1004 565
1004 1599
1004 881
1004 1886
1004 1765
1006 288
1006 1093
1006 334
1006 1062
1006 1363
1006 483
1009 696
1009 1568
1009 672
1009 140
1009 1830
1009 1693
1009 463
1009 159
1009 67
1010 445
1010 1806
1010 771
1011 297
1011 377
1011 892
1011 829
1011 1785
1011 539
1012 1342
1012 1682
1012 961
1012 369
1012 474
1012 1195
1012 1262
1012 960
1014 1818
1014 722
1014 293
1014 1430
1014 559
1014 863
1014 451
1014 1717
1015 653
1015 363
1015 441
1016 2
1016 1420
1016 489
1016 1561
1017 178
1017 1208
1017 751
1017 404
1017 828
1018 1549
1018 384
1018 899
1018 301
1018 576
1018 50
1019 329
1019 1398
1019 1146
1019 846
1019 805
1019 1731
1019 1347
1020 1837
1020 435
1020 1173
1020 1280
1020 768
1020 1739
1023 1662
1023 1810
1023 1221
1023 1712
1023 319
1023 448
1024 1184
1024 1246
1024 1550
1025 556
1025 1264
1025 1563
1025 69
1025 1422
1025 1352
1025 486
1025 452
1025 1277
1026 743
1026 1940
1026 1920
1026 1236
1026 1064
1026 1741
1026 987
1026 1501
1029 994
1029 1280
1029 515
1029 403
1029 1613
1029 1658
1029 1487
1030 195
1030 371
1030 814
1030 1771
1031 870
1031 529
1031 621
1031 32
1031 1268
1031 1412
1032 27
1032 1674
1032 1682
1032 115
1032 224
1033 410
1033 507
1033 1175
1033 1024
1033 1425
1033 255
1033 868
1034 152
1035 1670
1035 75
1035 1139
1035 313
1035 1109
1035 123
1035 1369
1035 1183
1035 1416
1038 878
1038 594
1038 930
1038 551
1038 566
1038 1766
1038 601
1041 1382
1041 177
1041 1527
1041 443
1041 1603
1043 575
1043 1548
1043 1070
1043 1965
1044 361
1044 870
1044 1016
1044 60
1044 746
1044 387
1045 340
1045 522
1045 1470
1045 785
1045 586
1045 1691
1045 1716
1045 626
1046 1186
1046 410
1049 856
1049 541
1049 331
1049 982
1049 183
1049 575
1049 1854
1052 1895
1053 1640
1053 1786
1053 878
1053 1859
1053 982
1053 197
1056 1966
1056 665
1056 747
1056 1103
1056 791
1057 1516
1057 959
1057 1276
1057 1016
1057 419
1057 1181
1057 916
1057 27
1058 1766
1058 1099
1058 1462
1058 1657
1058 583
1059 536
1060 1964
1060 1809
1060 924
1060 1348
1060 212
1060 1264
1062 1023
1062 933
1062 1863
1062 1784
1062 1287
1062 1636
1063 868
1063 492
1063 379
1063 1940
1063 1352
1063 566
1064 56
1064 18
1064 180
1064 868
1064 473
1065 1982
1065 1016
1065 785
1068 1740
1068 1889
1068 956
1068 506
1070 1940
1070 1764
1070 1768
1070 1408
1070 336
1070 511
1074 768
1074 303
1074 1527
1074 1854
1074 1569
1074 700
1078 1233
1078 1623
1078 544
1078 435
1078 458
1078 1407
1084 1122
1084 1911
1084 1224
1084 1728
1084 861
1084 371
1085 1438
1085 1517
1085 746
1085 194
1085 176
1085 1536
1085 807
1085 276
1087 1573
1087 207
1087 131
1087 9
1087 205
1093 1098
1093 824
1093 1462
1093 1750
1094 1541
1094 489
1094 1501
1094 1004
1098 1475
1098 1923
1098 187
1098 1875
1098 1470
1099 1659
1099 1926
1099 997
1099 1900
1100 233
1100 489
1100 493
1100 109
1101 42
1101 1716
1101 733
1101 896
1101 551
1101 507
1103 764
1103 1750
1103 1605
1103 1099
1103 312
1103 487
1103 522
1103 1568
1104 613
1104 227
1104 1170
1104 921
1104 1060
1104 1893
1104 1237
1104 313
1106 1460
1106 1605
1106 1489
1106 906
1106 747
1106 110
1107 393
1107 408
1107 1556
1107 1045
1107 220
1107 1612
1107 790
1109 1116
1109 837
1109 889
1109 572
1110 1305
1110 990
1110 791
1110 73
1110 1784
1110 390
1110 1340
1111 899
1111 254
1111 107
1111 1218
1111 658
1112 437
1112 1254
1112 178
1112 1889
1112 586
1112 1827
1112 1045
1112 746
1112 506
1114 946
1114 900
1114 1769
1114 1965
1114 1266
1116 894
1116 972
1116 429
1116 73
1116 1831
1116 1286
1116 1879
1118 1441
1118 1929
1118 250
1118 49
1118 1869
1118 1204
1120 102
1120 714
1120 1494
1120 517
1120 1309
1120 568
1120 447
1120 603
1120 1613
1121 679
1121 1513
1121 603
1121 1895
1121 1371
1122 343
1122 276
1122 143
1122 708
1122 445
1123 27
1123 1114
1123 956
1125 83
1125 337
1125 1421
1125 2
1125 1840
1125 609
1125 544
1125 1033
1125 1533
1125 1846
1127 834
1127 1653
1127 1060
1127 98
1131 744
1131 1524
1131 574
1131 279
1133 1307
1133 212
1133 1712
1133 1201
1133 562
1133 606
1133 1528
1134 239
1134 289
1134 826
1134 1507
1134 754
1134 1634
1136 1517
1136 105
1136 339
1136 1029
1136 802
1136 1342
1138 308
1138 32
1138 1308
1138 1902
1138 739
1138 496
1139 1716
1139 849
1139 789
1139 1482
1139 1087
1139 1250
1139 1370
1143 865
1143 1634
1143 1642
1143 166
1143 1966
1144 966
1144 94
1144 960
1144 1103
1144 794
1144 379
1144 1221
1146 722
1146 384
1146 493
1147 1131
1147 144
1147 254
1147 486
1147 429
1148 756
1148 62
1148 1243
1148 477
1148 1657
1148 671
1149 1197
1149 771
1149 13
1149 874
1149 1003
1149 1820
1149 1977
1149 653
1151 1840
1151 39
1151 557
1151 576
1151 1417
1151 1109
1155 1420
1155 199
1155 1991
1155 1474
1155 383
1155 1186
1155 1118
1156 429
1156 1506
1156 298
1156 224
1156 777
1156 110
1156 233
1157 742
1157 1556
1157 163
1157 1757
1157 981
1157 910
1157 1517
1157 1422
1157 810
1159 1815
1159 742
1159 1063
1159 1033
1159 122
1159 355
1161 896
1161 1524
1161 840
1161 1643
1161 1319
1163 1857
1163 771
1163 1483
1163 97
1168 1661
1170 840
1170 354
1170 1449
1173 1025
1173 206
1173 718
1173 1197
1174 1790
1174 1676
1174 874
1174 261
1174 877
1174 404
1175 1628
1175 501
1175 1749
1175 775
1175 1991
1175 416
1176 1940
1176 903
1176 1778
1176 1252
1176 1900
1176 1149
1176 1804
1179 807
1179 1607
1179 1579
1179 1851
1179 315
1179 1869
1179 921
1179 1385
1181 947
1181 94
1181 832
1181 25
1181 756
1181 184
1181 1101
1182 925
1182 1161
1182 1216
1182 357
1182 734
1182 1107
1182 1514
1182 1650
1182 1595
1183 743
1183 1624
1183 1953
1183 474
1184 473
1184 1749
1184 1309
1184 1657
1185 1149
1185 621
1185 279
1186 1607
1186 949
1186 692
1186 257
1186 459
1189 1901
1192 1691
1192 862
1192 860
1192 868
1192 1405
1194 1356
1194 172
1194 1062
1195 786
1195 1006
1195 447
1195 702
1195 949
1197 1006
1197 1657
1197 404
1197 1064
1197 289
1197 928
1197 1318
1197 1932
1197 1543
1198 729
1198 884
1198 1925
1198 395
1198 881
1198 1514
1198 1461
1201 247
1201 536
1201 308
1201 552
1201 1173
1204 1899
1204 271
1204 1771
1205 1363
1205 1104
1205 1192
1205 1693
1205 1453
1205 496
1205 627
1205 872
1205 1617
1206 1221
1206 1841
1206 97
1206 186
1207 1664
1207 280
1207 1778
1207 45
1207 662
1207 218
1207 790
1208 674
1208 726
1208 337
1208 473
1208 149
1210 440
1210 653
1210 736
1210 1743
1210 927
1210 1617
1210 1012
1211 1739
1211 1898
1212 369
1212 152
1212 573
1212 619
1212 1922
1213 481
1213 1483
1213 790
1213 1899
1216 1319
1216 661
1216 413
1217 1378
1217 731
1217 1085
1218 1318
1218 450
1218 583
1218 1331
1218 1671
1218 1146
1219 1873
1219 1707
1219 1920
1219 1421
1219 754
1219 1653
1221 818
1221 1612
1221 421
1221 1256
1221 1378
1221 515
1224 184
1224 1320
1224 1313
1224 820
1225 205
1226 498
1226 1737
1226 1582
1226 1466
1226 946
1226 163
1226 1143
1226 733
1230 1574
1230 1275
1230 708
1230 207
1230 1717
1230 1612
1230 718
1230 355
1230 609
1232 1139
1232 1917
1232 987
1232 1723
1233 486
1233 768
1233 897
1233 1413
1233 906
1233 893
1233 705
1236 175
1236 1179
1236 1183
1236 323
1236 1703
1236 288
1236 384
1236 1853
1237 90
1237 977
1237 720
1237 976
1237 1009
1237 1409
1238 1264
1238 144
1238 808
1238 336
1238 25
1238 1945
1239 265
1239 557
1239 562
1239 1010
1239 211
1240 194
1240 394
1240 532
1240 1170
1240 404
1240 1501
1240 1014
1240 176
1241 895
1241 1116
1243 1369
1243 1382
1243 963
1243 1385
1243 64
1246 212
1246 1060
1246 1669
1246 966
1246 64
1246 1983
1246 378
1247 743
1250 877
1250 189
1250 1725
1250 1642
1250 322
1250 697
1252 397
1252 1131
1252 700
1252 323
1252 1695
1252 698
1254 1890
1254 1049
1254 894
1254 1747
1254 1371
1254 381
1254 409
1254 1824
1254 1292
1254 308
1254 450
1254 1303
1255 1820
1255 682
1255 1384
1255 1603
1255 833
1256 507
1256 574
1256 665
1256 289
1256 1687
1256 951
1256 863
1259 1413
1259 1683
1259 365
1259 1853
1259 1517
1259 1779
1261 195
1261 1192
1261 470
1261 683
1261 421
1262 1695
1262 391
1262 413
1262 1694
1262 493
1262 178
1262 946
1263 1003
1263 1594
1263 501
1263 1382
1263 73
1263 1198
1263 1550
1263 1857
1264 175
1264 1660
1264 1205
1264 1634
1264 1522
1264 772
1264 1380
1266 441
1266 194
1266 1886
1266 1694
1266 899
1266 98
1266 1139
1266 1483
1266 878
1267 1669
1267 1304
1267 220
1267 78
1267 763
1267 550
1267 426
1268 1592
1268 544
1268 1819
1268 1536
1268 1409
1269 807
1269 608
1269 272
1269 790
1270 1477
1270 1010
1270 355
1270 210
1270 1983
1274 1147
1274 1935
1274 1892
1274 207
1274 1460
1274 1474
1274 362
1275 362
1275 1725
1275 1057
1275 110
1275 1524
1276 1763
1276 121
1276 726
1276 293
1276 178
1276 611
1276 1159
1276 1463
1277 880
1277 1133
1277 1246
1277 849
1277 1599
1277 702
1277 1527
1277 1247
1278 331
1278 1352
1278 895
1278 1210
1278 1391
1280 769
1280 722
1280 1734
1280 107
1281 1515
1281 832
1281 1494
1281 123
1283 100
1283 252
1283 1883
1283 1964
1285 69
1285 359
1285 1035
1285 367
1285 1605
1285 1825
1285 426
1285 1023
1287 1527
1287 1935
1287 583
1287 200
1287 395
1287 942
1287 96
1292 764
1292 1134
1292 724
1292 1306
1292 230
1292 552
1292 751
1295 377
1295 223
1295 744
1295 218
1299 58
1299 1084
1299 151
1299 463
1302 397
1302 1439
1302 1778
1302 768
1302 1741
1302 1816
1302 280
1302 1709
1302 1323
1303 1018
1303 1163
1304 785
1304 709
1304 509
1304 963
1305 956
1305 422
1305 443
1305 189
1305 73
1305 1770
1305 1863
1305 1522
1305 517
1306 1409
1306 895
1306 98
1306 1895
1306 928
1306 184
1306 1651
1306 1323
1306 641
1306 1594
1306 517
1306 1765
1306 639
1307 1470
1307 875
1307 13
1308 1642
1308 1939
1308 839
1308 729
1308 1211
1309 997
1309 1682
1309 1831
1309 1358
1309 1219
1309 1618
1309 1492
1311 98
1311 1434
1311 1540
1311 962
1311 789
1311 510
1313 491
1313 726
1313 694
1313 1267
1314 1157
1314 698
1314 1706
1314 1910
1314 1369
1314 1690
1314 1979
1316 1793
1316 1261
1316 32
1316 1226
1318 693
1318 1964
1318 1727
1319 408
1319 1755
1319 928
1319 597
1320 535
1320 488
1320 672
1320 1085
1320 1100
1320 1773
1320 456
1322 57
1322 1790
1322 586
1323 87
1323 1729
1323 1796
1323 1928
1323 50
1323 956
1323 1632
1323 677
1323 965
1324 768
1324 542
1324 1409
1327 1979
1327 1070
1327 81
1327 516
1327 1909
1327 315
1327 1320
1330 1281
1330 418
1330 594
1330 251
1330 1767
1330 1779
1330 824
1330 1157
1330 383
1330 1725
1331 1156
1331 1112
1331 32
1331 1337
1331 331
1331 1706
1331 1717
1332 967
1332 1043
1332 1093
1332 1852
1332 1270
1332 356
1336 998
1336 495
1336 1470
1336 392
1336 1131
1337 1120
1337 1189
1337 1574
1337 1030
1337 105
1337 912
1337 1309
1338 952
1338 1882
1338 603
1338 1995
1340 403
1340 410
1340 1246
1341 968
1341 1739
1341 1432
1341 892
1341 1784
1341 1085
1341 1564
1341 533
1341 1405
1342 1062
1342 856
1342 1056
1342 1033
1342 544
1342 357
1342 506
1344 1659
1344 661
1344 1660
1344 1600
1344 390
1344 885
1347 267
1347 1791
1347 1882
1347 1309
1347 1818
1347 1536
1347 1230
1348 103
1348 1543
1348 597
1348 824
1348 894
1350 718
1350 566
1350 797
1351 1304
1351 152
1351 840
1351 102
1352 1569
1352 1762
1352 1314
1352 1973
1354 1003
1354 1794
1354 1603
1354 1385
1354 1833
1356 1201
1356 987
1356 1211
1356 1603
1356 1542
1356 697
1357 1820
1357 1198
1357 1634
1357 319
1358 1342
1358 722
1358 557
1358 314
1358 37
1360 1927
1360 1306
1360 1671
1360 1098
1360 1986
1360 1868
1361 474
1361 1523
1361 1146
1361 179
1361 1439
1363 394
1363 463
1363 1647
1363 731
1363 751
1363 1663
1363 1832
1363 861
1363 1883
1363 466
1364 1175
1364 96
1364 269
1364 1194
1364 1519
1366 977
1366 1785
1366 1560
1366 1482
1366 1563
1367 914
1367 1161
1367 102
1367 1225
1367 1292
1367 314
1367 1100
1367 1865
1369 1205
1369 866
1369 910
1369 1407
1369 1863
1369 77
1369 1398
1370 314
1370 352
1370 835
1370 1240
1371 1830
1371 1595
1371 1669
1371 98
1371 1413
1376 374
1376 1972
1376 1016
1376 906
1376 1470
1376 901
1376 1068
1377 474
1377 275
1377 579
1377 880
1378 1796
1378 1674
1378 1319
1378 5
1378 1816
1378 643
1378 387
1380 323
1380 403
1380 458
1381 218
1381 108
1381 292
1381 1139
1381 361
1381 144
1382 1729
1382 942
1382 1181
1382 1304
1382 607
1384 1270
1384 27
1384 855
1384 1185
1384 601
1384 1878
1384 1621
1384 889
1384 1482
1384 81
1384 1151
1385 1804
1385 1822
1385 1354
1385 442
1385 1676
1385 907
1386 1070
1386 810
1386 1905
1386 421
1386 910
1386 1354
1386 661
1386 658
1387 1846
1387 693
1387 274
1387 532
1387 805
1387 158
1387 310
1387 13
1391 960
1392 641
1392 537
1392 1778
1392 443
1392 1070
1392 1098
1392 692
1392 739
1395 550
1395 808
1395 869
1395 186
1397 1809
1397 1156
1397 1749
1397 824
1397 1532
1397 779
1397 522
1397 1018
1397 537
1398 1716
1398 57
1398 1327
1398 1058
1398 33
1401 409
1401 456
1401 136
1401 279
1401 544
1404 1482
1404 594
1404 387
1404 183
1404 532
1404 1461
1404 225
1405 1662
1405 1971
1405 1928
1405 1381
1405 58
1405 328
1407 506
1407 1725
1407 1246
1407 1873
1407 1506
1407 452
1408 947
1408 1489
1408 518
1408 218
1409 329
1409 71
1409 527
1409 252
1409 468
1411 1441
1411 1779
1411 618
1411 186
1411 1472
1411 1900
1411 548
1411 1826
1411 69
1411 672
1411 1542
1412 1660
1412 146
1412 1107
1412 1459
1412 1175
1412 829
1413 99
1413 1650
1413 440
1413 355
1413 1501
1413 824
1413 1901
1413 862
1413 98
1415 466
1415 1657
1415 388
1415 363
1415 71
1415 1769
1415 374
1415 1337
1415 1898
1416 67
1416 335
1416 448
1416 1212
1416 393
1416 702
1417 1725
1417 298
1417 1489
1417 1387
1417 578
1417 539
1420 865
1420 27
1420 2
1420 40
1420 1779
1420 346
1421 1603
1421 1633
1421 395
1421 1709
1421 828
1421 194
1421 1731
1421 1787
1422 1506
1422 990
1422 214
1422 1034
1422 785
1422 1577
1423 271
1423 1676
1423 1342
1423 280
1423 1380
1423 886
1425 90
1425 1063
1425 1395
1425 1230
1430 1337
1430 1927
1430 761
1430 58
1430 1084
1430 251
1430 1030
1430 956
1430 1577
1430 1670
1432 1348
1432 1030
1432 1642
1433 33
1433 1198
1433 844
1434 1420
1434 1820
1434 1854
1434 1447
1434 1360
1435 1232
1435 1582
1435 1025
1435 354
1435 627
1435 1407
1435 572
1435 495
1435 1855
1438 955
1438 445
1439 967
1439 381
1439 412
1439 912
1439 1827
1441 1250
1441 1356
1441 1093
1441 1182
1441 102
1441 1816
1441 1536
1442 1934
1442 1770
1442 526
1442 20
1442 1638
1443 1318
1443 71
1443 114
1443 1883
1443 952
1443 959
1443 1381
1446 1434
1446 720
1446 860
1446 1425
1446 1986
1446 367
1447 271
1447 1358
1447 189
1447 1747
1449 354
1449 1810
1449 19
1449 429
1449 448
1449 1932
1449 1206
1449 102
1451 1292
1451 1528
1451 1722
1451 995
1451 814
1452 890
1452 118
1452 1889
1452 261
1452 615
1452 1893
1453 1340
1453 1324
1453 464
1453 949
1453 1233
1453 371
1453 1857
1454 1143
1454 643
1454 1523
1454 1239
1454 1676
1459 424
1459 511
1459 201
1459 1901
1459 378
1460 95
1460 920
1460 850
1461 965
1461 1404
1461 1866
1461 244
1461 1707
1462 1911
1462 1003
1462 1430
1462 330
1462 1295
1462 1270
1462 791
1462 1357
1462 1029
1462 289
1463 55
1463 1447
1466 1617
1470 934
1470 1695
1470 959
1472 544
1472 1878
1472 1114
1472 1305
1472 1735
1473 1613
1473 1012
1473 1886
1474 1370
1474 1159
1474 1316
1474 1793
1475 485
1475 1565
1475 1103
1475 1669
1476 405
1476 1453
1476 122
1476 493
1476 1693
1476 246
1476 1859
1476 1208
1476 998
1476 1538
1477 1527
1477 1371
1477 583
1477 1898
1477 1867
1482 1474
1482 1256
1482 565
1482 33
1482 1114
1482 1934
1482 690
1482 711
1482 1651
1483 1725
1483 1382
1483 968
1483 271
1483 930
1483 1769
1483 851
1487 1739
1487 998
1487 1206
1487 1707
1487 1327
1487 353
1487 261
1487 1063
1487 603
1488 1204
1488 983
1488 920
1488 1034
1488 1252
1488 1370
1488 1581
1488 1793
1489 450
1489 432
1489 1625
1489 1415
1489 139
1489 892
1492 639
1492 1430
1492 1973
1492 1599
1492 250
1492 225
1492 1473
1492 1262
1493 1577
1493 1189
1493 821
1493 1014
1494 1263
1494 739
1494 1945
1494 354
1494 1173
1494 1996
1499 1114
1499 225
1499 496
1499 1064
1499 562
1501 677
1501 225
1501 1973
1501 370
1501 94
1501 1653
1501 1852
1501 421
1501 492
1506 946
1506 1466
1506 310
1506 721
1506 1016
1506 207
1506 1024
1506 371
1507 1647
1512 1749
1512 702
1512 1852
1512 115
1512 1175
1512 194
1513 615
1513 870
1513 1895
1513 375
1513 74
1513 541
1514 1827
1514 201
1514 959
1514 924
1515 743
1515 300
1515 690
1515 298
1516 1893
1517 492
1517 1554
1517 840
1517 172
1519 439
1519 1752
1519 880
1519 1016
1519 1189
1520 765
1520 884
1520 1830
1520 119
1522 1004
1522 271
1522 214
1522 307
1522 851
1522 972
1522 251
1523 1255
1523 476
1523 1270
1523 904
1523 927
1523 865
1523 1612
1523 103
1524 1603
1524 1853
1524 1532
1524 1213
1524 1476
1524 1889
1526 1582
1526 1554
1526 1110
1526 250
1526 31
1526 1912
1526 281
1527 1147
1527 611
1527 723
1527 442
1527 1462
1528 427
1528 1020
1528 1869
1528 1898
1528 1205
1528 1595
1528 662
1528 330
1531 908
1531 820
1531 1991
1531 1432
1531 1280
1532 1049
1532 760
1532 361
1533 760
1533 85
1533 1146
1536 821
1536 246
1536 412
1536 357
1536 723
1536 1970
1538 1783
1538 805
1538 1412
1539 477
1539 1764
1539 1412
1539 1671
1539 1033
1539 1084
1540 613
1540 899
1540 871
1540 1256
1540 1783
1540 1707
1540 1655
1540 339
1541 489
1541 793
1541 146
1542 1936
1542 355
1542 449
1542 1110
1542 263
1543 206
1546 1423
1546 1206
1546 733
1546 893
1546 866
1546 1685
1548 1147
1548 19
1548 741
1548 427
1548 468
1548 1709
1548 627
1548 720
1549 331
1549 1107
1549 1238
1549 837
1549 617
1550 1526
1550 878
1550 1098
1550 37
1550 608
1550 1070
1550 1795
1553 878
1553 1842
1553 268
1553 1324
1553 1647
1553 1649
1554 449
1554 802
1554 1324
1554 1120
1554 1691
1554 1015
1554 174
1554 362
1555 137
1555 698
1555 383
1555 1986
1555 1634
1555 769
1555 298
1555 303
1555 1623
1556 947
1556 856
1556 1743
1557 1772
1557 651
1557 429
1557 1074
1557 1522
1557 1331
1557 312
1557 1103
1557 463
1557 583
1557 1247
1560 551
1560 696
1560 1936
1560 1477
1560 860
1560 328
1561 1331
1561 246
1561 389
1561 214
1561 768
1561 723
1561 1747
1561 1512
1563 1912
1563 987
1563 326
1563 1783
1563 1901
1563 1319
1563 1482
1563 1536
1563 1347
1564 221
1564 255
1564 866
1564 1827
1564 405
1564 1816
1564 1184
1565 1851
1565 1323
1565 411
1565 914
1565 1528
1565 1647
1567 1189
1567 11
1567 769
1567 941
1567 1470
1567 429
1568 976
1568 499
1568 69
1568 1994
1568 266
1568 158
1568 1709
1569 1405
1569 1407
1569 573
1571 1941
1571 1618
1571 1820
1571 263
1571 511
1571 1370
1571 340
1573 1920
1573 255
1574 394
1574 491
1574 1624
1574 352
1574 1873
1575 1683
1575 925
1575 442
1575 114
1575 1674
1576 330
1576 548
1576 437
1576 1573
1576 1749
1577 875
1577 790
1577 1768
1579 412
1579 1833
1579 1554
1579 1438
1579 1633
1579 1057
1579 943
1579 557
1581 844
1581 214
1581 968
1581 886
1581 1706
1581 833
1581 468
1581 23
1581 687
1582 1161
1582 906
1582 502
1582 45
1582 966
1582 1425
1582 80
1582 1796
1582 49
1586 961
1586 1492
1586 1316
1586 1986
1586 673
1592 319
1592 1996
1592 1459
1592 1693
1592 723
1592 99
1592 606
1593 109
1593 1186
1593 300
1593 695
1593 1917
1593 292
1593 450
1594 335
1594 1122
1594 1779
1594 947
1594 1653
1594 20
1594 1787
1594 1183
1594 307
1595 1330
1595 568
1595 1970
1595 1546
1595 1816
1599 998
1599 763
1599 537
1599 1691
1599 344
1600 1878
1600 394
1600 230
1600 870
1600 1423
1600 902
1600 244
1603 1561
1603 517
1603 597
1605 1688
1605 1539
1605 1661
1605 1722
1607 1945
1607 655
1607 897
1607 1653
1612 1747
1612 1605
1612 312
1612 1307
1613 1968
1613 622
1613 1771
1613 1533
1613 1657
1613 1398
1617 1351
1617 797
1618 839
1618 1056
1618 1266
1618 496
1618 1766
1621 1671
1621 1342
1621 1313
1621 1019
1621 924
1623 768
1623 903
1623 689
1623 1796
1623 1822
1624 60
1624 1482
1625 1470
1625 1451
1625 579
1625 606
1625 1421
1625 1277
1625 340
1625 346
1625 920
1628 998
1628 537
1628 1435
1628 108
1628 539
1628 1683
1628 1546
1628 1434
1628 142
1628 711
1632 1936
1632 187
1632 410
1632 1723
1632 367
1632 150
1632 8
1633 1771
1633 1810
1633 1371
1634 1052
1634 322
1634 1449
1634 1023
1634 450
1636 860
1636 1837
1636 49
1636 618
1638 1790
1638 357
1638 1320
1639 1902
1639 1337
1639 452
1639 693
1639 1818
1639 1520
1639 1127
1640 239
1640 604
1640 985
1642 166
1642 1386
1642 747
1642 1494
1642 761
1642 1114
1642 949
1642 509
1642 1364
1643 1623
1643 288
1643 199
1646 1922
1646 1189
1646 207
1646 1899
1646 1314
1646 1902
1646 111
1646 1674
1646 610
1646 312
1647 548
1647 1568
1647 1561
1649 1247
1649 1687
1650 767
1650 1681
1650 1899
1650 1925
1651 1143
1651 1466
1651 501
1651 297
1651 1286
1651 1409
1651 586
1651 891
1651 1541
1652 1268
1652 1118
1652 1392
1652 1827
1652 56
1652 1163
1652 1309
1653 37
1653 200
1653 673
1653 764
1653 1659
1653 741
1654 1238
1654 1922
1654 1822
1654 195
1654 244
1654 1868
1654 710
1654 708
1654 340
1654 121
1655 174
1655 85
1655 688
1655 511
1655 1550
1657 673
1657 1731
1657 880
1658 131
1658 436
1658 1749
1658 1628
1659 1661
1659 143
1659 1810
1659 674
1660 378
1660 1801
1660 389
1660 1592
1660 1586
1660 1370
1660 1870
1660 1538
1661 301
1661 1655
1661 95
1661 573
1661 1577
1661 100
1661 182
1662 330
1662 1098
1662 1256
1662 1936
1662 464
1662 355
1663 697
1663 683
1663 1423
1663 93
1664 868
1664 352
1664 448
1667 1411
1667 791
1667 1330
1667 1099
1667 31
1667 362
1667 331
1667 1116
1667 1554
1669 733
1669 15
1669 915
1669 1794
1669 1934
1669 1968
1669 621
1669 959
1669 292
1670 1900
1670 871
1670 179
1670 1576
1670 1565
1670 1023
1670 1043
1670 756
1670 1025
1670 476
1670 1734
1670 720
1670 1702
1670 452
1670 442
1671 1103
1671 850
1671 397
1671 742
1671 1767
1676 869
1676 1259
1676 1174
1676 410
1676 526
1676 1104
1677 1523
1677 1277
1677 1938
1677 1029
1677 1576
1681 1336
1681 150
1681 1207
1681 287
1681 868
1681 864
1681 1098
1682 1070
1682 122
1682 967
1682 1917
1682 336
1683 263
1683 1123
1683 920
1685 361
1685 25
1685 1006
1685 1434
1685 142
1685 1892
1685 271
1685 1311
1687 498
1687 814
1687 371
1687 1183
1687 550
1688 1098
1688 539
1688 424
1688 1914
1688 903
1688 1020
1688 1033
1688 1415
1688 432
1690 674
1690 1833
1690 618
1690 1984
1690 1078
1690 1917
1691 1882
1691 1146
1691 863
1691 1940
1693 1907
1693 346
1693 793
1693 273
1693 1411
1693 121
1693 151
1693 1462
1694 990
1694 1658
1694 868
1694 870
1694 1515
1694 1901
1694 1063
1695 578
1695 1331
1695 1512
1695 1364
1695 1741
1697 1722
1697 1001
1697 930
1697 134
1697 459
1697 1366
1697 1554
1698 562
1698 1954
1698 849
1698 1062
1698 303
1698 587
1698 464
1702 613
1702 1669
1702 1752
1702 337
1703 1006
1703 1451
1703 765
1703 623
1706 1176
1706 552
1706 1889
1706 702
1707 746
1707 1858
1709 1658
1709 331
1709 1114
1712 902
1712 1011
1712 488
1712 574
1712 334
1716 1827
1716 747
1716 1839
1716 1926
1716 1417
1716 64
1716 412
1716 897
1716 84
1716 714
1717 564
1717 880
1717 662
1717 578
1722 171
1722 489
1722 1791
1722 1982
1722 544
1722 451
1723 491
1723 331
1723 868
1723 1749
1723 1933
1723 1846
1723 1363
1723 1367
1723 1352
1723 1791
1725 594
1725 571
1725 359
1725 1078
1727 391
1727 1352
1727 1669
1727 874
1727 1854
1727 1211
1727 1761
1727 1908
1728 1020
1728 587
1728 1114
1728 808
1728 905
1728 961
1728 688
1728 594
1728 966
1728 1970
1728 421
1729 1768
1729 1104
1729 1533
1729 995
1729 1582
1729 1818
1729 1046
1729 900
1731 1922
1731 150
1731 700
1735 1659
1735 761
1735 266
1735 729
1735 1476
1735 42
1737 856
1737 760
1737 169
1737 1722
1739 901
1739 334
1739 432
1739 571
1740 1906
1740 1422
1740 1640
1740 131
1741 939
1741 329
1741 697
1741 739
1741 1555
1741 1593
1743 525
1743 1025
1743 714
1743 518
1743 201
1747 617
1747 1425
1747 1722
1747 1252
1747 1347
1747 515
1747 1917
1749 744
1749 635
1749 139
1750 1303
1750 111
1750 1893
1750 81
1750 1420
1750 1926
1752 220
1752 1532
1752 1885
1752 1933
1752 1694
1752 1057
1752 336
1753 577
1753 1982
1753 573
1753 289
1753 771
1753 1439
1755 525
1755 1136
1755 1483
1755 1064
1755 1881
1755 1409
1755 532
1755 352
1755 535
1757 1526
1757 369
1757 1536
1757 1693
1761 42
1761 1636
1761 904
1761 239
1761 997
1761 615
1762 1182
1762 389
1762 662
1762 720
1762 901
1763 55
1763 952
1763 856
1763 1649
1763 1449
1763 1669
1764 225
1764 159
1764 337
1764 39
1764 1731
1765 42
1765 1254
1765 310
1765 1750
1765 1239
1765 1364
1766 1991
1766 1361
1766 1880
1766 1988
1766 1998
1766 488
1767 74
1767 1323
1768 73
1768 89
1769 1757
1769 1173
1769 1595
1769 1404
1770 1671
1770 998
1770 448
1770 600
1770 1647
1770 1014
1771 477
1771 1624
1771 830
1771 1953
1771 1556
1771 967
1771 1093
1771 651
1771 878
1771 1385
1771 55
1772 635
1772 367
1772 826
1772 609
1772 448
1772 1087
1772 225
1772 573
1772 1376
1772 890
1772 329
1773 169
1773 1041
1773 1185
1773 949
1778 123
1778 1111
1778 1576
1778 171
1779 212
1779 1112
1779 195
1779 1593
1779 1269
1779 252
1779 1842
1779 1664
1781 186
1781 587
1781 1189
1783 906
1783 426
1784 1049
1784 956
1784 487
1784 1769
1784 89
1784 1560
1785 1492
1785 320
1785 1185
1785 421
1785 1839
1785 95
1786 1599
1786 485
1786 1607
1786 392
1786 597
1787 1307
1787 1065
1787 1397
1787 750
1787 268
1787 1842
1790 1934
1790 260
1790 1940
1791 246
1791 793
1791 1815
1791 698
1791 18
1791 109
1791 319
1793 1331
1793 627
1793 1420
1793 1531
1793 884
1793 787
1793 74
1793 1350
1793 507
1794 1449
1794 835
1794 899
1794 336
1794 692
1794 1109
1794 1386
1795 251
1795 1879
1795 1391
1795 1621
1795 1973
1795 1100
1796 1779
1796 448
1796 1761
1801 276
1801 548
1801 346
1801 764
1801 1443
1801 52
1801 1384
1801 702
1802 665
1802 1838
1804 905
1804 1473
1804 809
1804 1650
1804 571
1804 1267
1804 1586
1804 1065
1805 47
1805 693
1805 118
1805 336
1805 679
1805 747
1805 1945
1805 115
1805 963
1805 346
1806 56
1806 221
1806 1340
1806 1385
1806 1892
1808 1768
1808 990
1808 925
1808 301
1808 1819
1808 751
1808 846
1809 1341
1809 374
1809 1447
1809 1159
1809 1847
1809 544
1810 325
1810 1233
1810 128
1810 1104
1810 389
1810 604
1815 1947
1815 510
1815 1442
1815 1911
1815 821
1815 1755
1815 557
1815 32
1816 495
1816 85
1816 837
1817 24
1817 1377
1817 692
1818 1225
1818 1241
1818 1377
1818 1536
1818 1933
1819 1266
1819 330
1819 960
1819 1109
1820 496
1820 181
1820 1238
1820 1311
1820 99
1820 1241
1820 1011
1822 674
1822 672
1822 1049
1822 491
1822 404
1822 1278
1822 1340
1824 1600
1824 756
1824 1971
1824 1120
1824 984
1825 395
1825 966
1825 272
1825 907
1825 15
1825 447
1825 1236
1825 365
1826 692
1826 1880
1826 1526
1826 568
1827 1380
1827 233
1827 346
1827 1011
1827 1621
1827 1320
1830 760
1830 247
1831 1512
1831 1542
1831 864
1831 158
1831 1198
1831 1586
1831 736
1832 835
1832 766
1832 23
1832 981
1832 257
1833 1106
1833 375
1833 1174
1833 1395
1833 851
1833 1305
1833 225
1836 553
1836 925
1836 394
1836 159
1836 1633
1836 354
1837 187
1837 1217
1837 1237
1837 1887
1837 510
1837 131
1837 1869
1837 1867
1837 692
1837 98
1837 1898
1837 963
1838 1407
1838 552
1838 221
1838 1264
1838 201
1839 967
1839 564
1839 682
1839 792
1839 1886
1839 1922
1839 837
1840 1347
1840 1168
1840 102
1840 18
1840 1685
1841 981
1841 171
1841 1144
1841 1303
1842 1041
1842 171
1842 246
1842 1382
1842 1685
1845 1360
1845 1192
1845 1380
1845 287
1845 1472
1845 221
1846 1674
1846 187
1846 844
1846 1380
1846 641
1846 1283
1846 1639
1847 1100
1847 1840
1847 1358
1847 1475
1851 1026
1851 779
1851 522
1851 902
1852 1612
1852 981
1852 794
1852 539
1852 1966
1852 1531
1852 1533
1852 437
1852 1977
1853 62
1853 269
1853 339
1853 1786
1853 850
1853 772
1853 687
1853 1755
1854 1902
1854 1670
1854 855
1854 1965
1855 1667
1855 1879
1855 1579
1855 1633
1855 1029
1855 1237
1855 1885
1857 629
1857 828
1857 1254
1857 1049
1857 119
1857 1640
1857 1827
1857 518
1858 301
1858 1882
1858 1731
1858 447
1858 880
1859 885
1859 1667
1859 1085
1859 1592
1859 1866
1859 1447
1859 1004
1863 694
1863 1103
1863 1623
1863 1941
1863 714
1863 805
1866 1376
1866 140
1866 436
1867 1743
1867 949
1867 990
1867 1350
1868 809
1868 1661
1868 743
1868 182
1868 860
1868 1642
1868 1489
1868 1078
1868 1920
1869 1936
1869 1286
1870 678
1870 1204
1873 539
1873 1643
1873 1538
1875 771
1875 395
1875 1778
1875 866
1875 152
1875 336
1875 22
1875 809
1878 536
1878 700
1878 272
1878 328
1878 556
1879 225
1879 705
1879 709
1879 1923
1879 766
1879 1994
1880 1769
1880 1252
1880 516
1880 1233
1881 307
1881 1369
1881 963
1881 1494
1881 1966
1881 1994
1882 1382
1882 1277
1882 287
1882 1632
1882 1749
1882 498
1882 485
1882 194
1882 556
1882 1994
1882 693
1883 1009
1883 786
1883 1804
1883 76
1883 983
1883 618
1883 565
1883 1364
1885 986
1885 860
1885 746
1885 114
1885 1932
1885 370
1885 1940
1885 1350
1885 1935
1886 1577
1886 1299
1886 1649
1886 197
1886 1387
1886 1569
1887 830
1887 20
1887 1044
1887 1633
1887 1528
1889 1303
1889 1183
1889 174
1889 1933
1890 604
1890 205
1890 897
1890 1762
1890 1846
1890 211
1890 1475
1890 18
1892 474
1892 1093
1892 711
1892 1750
1893 463
1893 419
1893 1356
1893 1772
1895 1454
1895 1688
1895 255
1895 1725
1895 458
1895 442
1895 390
1895 223
1895 1840
1897 1740
1897 1661
1897 812
1897 346
1897 1766
1897 1023
1897 1149
1898 340
1898 1555
1898 114
1899 1882
1899 834
1899 121
1899 541
1899 1341
1899 163
1899 1125
1900 1998
1900 369
1900 1560
1900 1816
1900 1443
1901 1772
1901 705
1901 482
1901 1709
1901 1261
1901 1632
1902 698
1902 1205
1902 263
1902 1735
1902 1211
1902 1991
1902 1475
1902 1438
1902 1539
1905 1979
1905 388
1905 724
1905 326
1905 206
1905 912
1906 769
1906 1833
1906 946
1906 1381
1906 1103
1907 705
1907 1752
1907 900
1907 1942
1908 1100
1908 177
1908 310
1908 1945
1908 1837
1909 573
1909 1100
1909 1225
1909 1651
1909 1056
1909 1640
1909 279
1910 1902
1910 57
1910 432
1910 1716
1910 1934
1910 427
1911 1541
1911 1805
1912 562
1912 1285
1912 881
1912 195
1912 307
1914 722
1914 924
1917 1517
1917 690
1917 1808
1917 673
1917 550
1917 1501
1917 119
1917 566
1917 218
1917 1044
1920 779
1920 760
1920 1671
1920 1953
1920 1111
1922 426
1922 1900
1922 1299
1922 1869
1922 907
1922 1034
1922 1049
1922 1367
1923 1568
1923 897
1923 390
1923 805
1923 1934
1923 775
1923 1910
1925 387
1925 323
1925 1475
1925 485
1925 1123
1925 411
1925 1880
1925 896
1926 997
1926 1216
1926 566
1926 1408
1926 1532
1926 239
1926 393
1926 1110
1927 163
1927 411
1927 587
1927 144
1927 734
1928 77
1928 775
1928 1488
1929 265
1929 1057
1929 1238
1929 394
1932 93
1932 1211
1933 921
1933 1155
1933 1065
1933 164
1934 1882
1934 664
1934 1136
1934 1728
1934 279
1934 566
1934 445
1934 1516
1934 558
1935 1285
1935 1693
1935 805
1935 1025
1935 1912
1935 1026
1935 943
1935 875
1935 518
1935 956
1936 1623
1936 1712
1936 968
1936 1236
1936 1012
1936 1212
1936 828
1938 1983
1938 1741
1938 343
1939 1058
1939 942
1939 370
1939 1912
1939 869
1939 1430
1940 1964
1940 1557
1940 1908
1940 576
1941 641
1941 1735
1941 711
1941 1263
1941 624
1942 513
1942 855
1942 1060
1942 481
1942 1563
1942 403
1942 565
1943 1900
1943 187
1943 418
1945 9
1945 1395
1945 1212
1945 1201
1945 1384
1945 840
1945 1377
1947 1763
1947 1846
1947 136
1947 1624
1947 1053
1947 1351
1947 347
1953 426
1953 673
1953 1085
1954 1517
1954 1151
1954 1259
1954 797
1954 694
1960 880
1960 1386
1960 951
1960 143
1964 344
1964 27
1964 581
1964 1661
1964 1340
1964 1060
1964 1386
1964 1316
1964 412
1964 1354
1964 1764
1965 1116
1965 1925
1965 1524
1965 1361
1965 1618
1965 1575
1965 677
1966 916
1966 1006
1966 454
1966 1493
1966 874
1968 344
1968 1867
1968 276
1968 617
1970 83
1971 968
1971 1853
1971 1982
1971 1149
1971 678
1971 1752
1971 1536
1972 611
1972 1897
1972 544
1972 169
1972 684
1972 1035
1973 1274
1973 1213
1973 1322
1973 1098
1973 982
1973 1660
1977 1439
1977 1677
1977 1965
1977 572
1977 25
1979 1307
1979 1285
1979 1638
1979 959
1979 254
1982 1001
1982 772
1982 1299
1982 535
1982 665
1982 1923
1982 805
1982 1225
1983 1638
1983 103
1983 308
1983 96
1983 1954
1983 244
1984 1149
1984 1832
1984 887
1984 1031
1984 388
1984 261
1986 739
1986 1642
1986 826
1986 1387
1986 81
1986 850
1988 1404
1988 421
1988 1033
1988 696
1988 19
1991 1815
1991 24
1991 166
1991 814
1993 959
1993 566
1993 709
1993 1999
1994 1110
1994 1854
1994 679
1994 329
1994 824
1994 881
1994 495
1994 1912
1995 619
1995 2
1995 459
1995 251
1995 1412
1996 212
1996 1824
1996 1517
1996 1519
1996 274
1998 325
1998 756
1999 1554
1999 445
1999 1084
1999 1404
1999 1882
1999 1687
1999 387
1999 1205
