0 494
0 1504
0 218
0 87
0 634
0 422
2 234
7 134
7 1174
7 835
7 1935
7 422
7 1963
7 1370
7 702
7 1203
8 360
8 977
8 1891
8 628
8 1520
8 1711
8 470
9 1168
9 1790
9 62
9 998
9 121
9 1817
10 1409
10 702
10 1996
10 1749
12 1941
12 436
12 480
12 143
12 1369
12 1487
12 132
12 1548
12 1592
13 1383
13 910
13 1404
13 570
15 772
15 1072
15 2
15 1787
15 1823
15 911
15 836
16 1085
16 1612
16 1879
16 518
16 75
16 1370
17 102
17 963
17 717
17 1513
17 964
17 1956
17 1423
17 1448
19 1798
19 853
19 1993
19 1359
19 1898
22 1810
22 951
22 1707
22 1372
22 1985
22 1213
23 540
23 1855
23 832
23 556
23 1993
23 1748
23 1806
23 1279
23 546
23 516
23 644
24 628
24 1322
24 810
24 579
24 295
24 1537
24 1555
24 557
25 464
25 1708
25 1643
27 1136
27 1618
28 955
28 796
28 1448
28 9
28 344
28 923
28 502
28 957
30 1499
30 45
30 337
30 193
32 1314
32 1183
32 1218
32 1753
32 1766
33 267
33 809
33 1223
33 1950
33 1736
34 1404
34 674
34 1926
35 1473
35 233
35 629
35 1988
35 899
37 1750
37 1127
37 1455
38 236
38 1936
38 353
38 1909
38 1447
38 937
38 328
38 1467
38 1640
40 145
40 1753
40 139
40 184
40 992
40 874
40 1162
40 1473
40 567
41 281
41 825
41 1813
41 1470
41 1440
42 1868
42 391
42 1454
42 571
42 1884
42 1086
43 1552
43 981
43 168
45 135
45 381
47 152
47 1842
47 548
47 241
47 1920
48 1642
48 236
48 1530
48 1453
48 286
48 148
48 1547
49 1151
50 1760
50 511
50 605
52 1185
52 238
52 496
52 397
52 320
52 371
54 1876
54 388
54 980
54 539
54 1643
54 1940
55 1556
55 1749
55 1506
55 1282
55 1385
55 653
55 472
57 1563
57 535
57 265
57 1310
57 1122
57 1219
58 1385
58 935
58 79
58 561
58 264
58 1729
59 1580
59 688
59 1252
59 1786
59 1589
62 763
62 1601
62 616
62 837
62 1399
63 805
63 1334
63 629
63 1401
63 1148
64 447
64 684
64 1757
65 1743
65 1953
67 1645
67 660
67 1576
67 750
68 150
68 38
69 30
69 381
69 1707
69 356
69 1743
70 189
70 161
70 849
70 1428
70 667
71 344
71 40
71 1006
72 306
72 1191
74 1457
74 457
74 1038
74 592
74 1427
74 1276
74 1629
75 1722
75 392
75 1582
75 1006
75 1836
75 1937
75 865
77 446
77 778
77 1832
77 582
77 1517
77 1245
77 978
79 1902
79 121
79 1723
79 1501
79 1156
81 819
81 1229
82 607
82 87
82 931
82 1745
82 374
82 1303
82 1014
82 746
82 865
83 1660
83 951
83 1709
83 894
84 57
84 1597
84 1155
84 188
84 1492
84 118
84 1890
84 1450
84 291
85 644
85 997
85 1370
85 629
85 1765
85 998
86 1412
86 1822
86 1094
86 1417
86 83
86 13
86 342
86 298
87 719
87 304
87 1469
87 301
87 807
87 1678
87 333
87 648
87 84
88 812
88 272
88 730
89 807
89 822
89 891
89 1988
89 327
89 1707
89 528
89 1931
90 1228
90 1753
90 369
90 223
91 1887
91 792
91 469
91 1094
93 777
94 830
94 330
94 775
94 930
94 59
95 511
95 209
95 1831
97 1795
97 1183
97 242
97 758
97 584
97 1866
97 847
98 1366
98 310
98 1469
98 507
98 143
99 1128
99 1887
99 1126
99 1967
99 542
101 926
101 1118
101 1330
101 743
101 1697
102 925
102 740
102 676
102 770
102 1098
102 794
102 832
102 1845
102 331
102 633
102 1168
103 1595
103 1890
103 152
103 1169
106 772
106 943
106 1748
106 342
108 680
108 1196
108 1013
108 634
108 402
109 1215
109 1566
109 619
109 331
111 940
111 612
111 1601
113 1611
113 479
113 452
113 1667
113 286
114 1166
114 479
116 1750
116 1498
116 439
116 1723
116 327
117 1588
117 883
117 1928
117 1622
117 1985
118 977
118 106
118 650
118 303
118 1624
118 339
118 45
118 16
120 1802
120 499
120 748
120 1455
120 1581
121 626
121 653
121 1681
121 83
122 1174
122 582
122 482
122 850
122 1055
122 884
122 354
122 267
125 1017
125 1018
125 1745
125 45
125 1437
126 766
126 769
126 1285
126 1209
126 1233
127 1190
127 839
127 644
127 190
127 819
127 1186
127 1895
127 1795
128 1530
128 332
128 1891
128 1119
128 1737
128 770
128 1998
128 48
128 1035
131 751
131 1401
131 1534
131 1247
131 827
131 1317
132 93
132 462
132 328
133 1045
133 1540
133 867
133 280
133 1499
134 37
134 1174
134 1254
134 371
135 1254
135 267
135 1369
135 249
135 1612
135 1665
135 1297
136 696
136 1465
136 750
136 1511
136 1080
136 166
136 777
136 311
137 503
137 1577
137 1887
137 273
137 698
138 1424
138 1756
138 1959
138 192
138 1508
139 1548
139 1250
139 1291
140 309
140 1155
141 484
141 758
141 28
141 282
141 391
141 1819
142 481
142 301
142 1825
142 330
142 1611
142 390
142 1612
143 237
143 1127
143 1819
143 34
143 1910
144 442
144 1028
144 1879
145 1619
145 960
145 1324
145 410
145 22
147 1514
147 1307
147 364
147 1344
147 568
147 1105
148 1637
148 1548
148 157
148 1528
148 190
148 410
149 1580
149 770
149 209
149 1315
149 1704
149 1051
150 882
150 1887
150 1285
151 1466
151 1038
151 644
152 218
152 1033
152 1547
152 1123
153 1594
153 286
153 730
153 1842
153 860
153 1801
154 926
154 774
154 830
154 548
154 612
154 957
154 506
156 57
156 809
156 1593
156 1305
156 191
156 1224
156 955
156 30
156 1682
157 1409
157 1781
157 1233
157 1123
157 892
157 1050
157 718
157 612
157 1719
157 136
157 739
157 1729
158 1249
158 796
158 587
158 347
158 1157
158 1597
158 1226
159 412
159 459
159 59
159 28
159 563
161 789
161 778
161 135
161 850
161 1813
161 1774
161 953
162 201
162 669
162 1577
162 453
162 1385
162 1875
163 1835
163 1044
163 1162
163 113
163 368
165 488
165 771
165 33
165 277
165 1381
165 843
166 1436
166 1196
166 779
166 1876
166 1329
166 1547
167 1430
167 1209
167 1138
167 59
167 33
167 1869
167 594
167 1261
167 793
168 861
168 950
168 1604
168 1240
168 381
168 682
168 605
168 158
169 1097
169 669
169 677
169 1004
171 1999
171 443
171 1226
171 163
171 132
172 1534
172 339
172 1153
172 839
172 1439
172 974
172 450
172 1456
172 1358
172 1115
174 1744
174 1778
174 1075
174 27
174 1185
174 282
174 1753
174 1180
174 1808
174 787
175 535
175 1611
175 1060
175 1908
175 491
175 1479
175 1076
176 25
176 262
176 1648
178 1778
178 1547
178 594
178 1798
178 32
178 1862
179 1454
179 998
179 137
179 1699
180 828
180 1958
180 121
180 1414
180 766
180 422
180 1933
180 1241
180 79
182 214
182 1885
182 1928
182 184
182 1480
182 891
182 952
182 1037
183 631
183 754
183 1589
184 1218
184 1324
184 1819
184 1908
184 795
184 1565
185 1863
185 1277
185 593
185 564
185 1133
188 148
188 1015
188 1576
188 969
189 925
189 697
189 840
189 207
189 1330
190 590
190 1078
190 584
190 501
190 603
190 516
191 474
191 1147
191 109
191 249
191 1479
191 1150
191 812
192 1049
192 881
192 963
192 291
192 342
193 54
193 1036
193 1748
195 140
195 1350
195 1598
197 528
197 1314
197 764
197 1651
197 1608
197 1217
197 1555
199 580
199 1915
199 1151
199 1270
200 1291
200 872
200 1351
200 861
200 1652
200 1597
200 1742
200 189
201 422
201 1116
201 948
203 740
203 908
203 0
203 551
203 1885
204 1386
204 1479
204 1226
204 43
206 1044
206 872
206 1273
206 776
206 765
206 468
207 1673
207 982
207 1360
207 387
208 118
208 103
208 1755
208 117
208 1388
208 1118
208 1677
209 68
209 1427
209 1031
209 1906
209 499
209 333
209 179
209 337
212 235
212 1357
212 1621
212 1954
212 1789
213 719
213 511
213 1905
213 1057
213 303
214 1874
214 1242
214 1270
215 1469
215 69
215 441
215 953
215 609
216 1762
216 1087
216 1861
216 385
216 967
218 1060
218 1096
219 1316
219 763
219 1077
219 468
220 1816
220 1076
221 1036
221 215
221 147
221 1958
221 1789
221 625
221 70
222 1157
222 1335
222 773
222 490
222 482
222 423
222 977
223 415
223 1099
223 84
223 571
223 587
224 969
224 1992
224 959
225 221
225 1912
225 830
225 1115
225 1553
225 587
226 1627
226 751
226 1353
226 497
227 459
227 1800
227 1777
227 1957
227 1835
228 1785
228 2
228 739
228 772
229 1416
229 1233
229 544
230 1077
230 793
230 1808
230 328
231 1856
231 1657
231 961
231 945
233 868
233 1993
234 1828
234 781
235 526
235 1139
235 377
235 304
236 1238
236 1481
236 1894
236 1885
236 7
237 329
237 1719
237 183
238 1164
238 1499
238 1247
238 38
238 1242
240 1491
240 1496
240 1788
240 1302
240 387
240 952
241 1237
241 666
241 1915
241 1753
241 779
242 1171
242 1302
242 191
242 1966
242 862
242 1275
243 99
243 357
243 737
243 1251
243 1990
244 1610
244 1650
244 843
244 302
244 1709
244 1874
244 1511
244 1397
244 1275
246 446
246 779
246 82
246 314
246 810
246 1060
246 296
246 286
246 1297
247 1615
247 1054
247 1772
247 562
247 1577
247 1065
247 1921
248 1610
248 1448
248 1580
248 1850
248 120
248 1226
248 784
249 1011
249 147
249 1004
249 479
249 1862
249 738
249 231
249 1568
250 147
250 1556
250 1498
250 975
250 1435
250 303
250 543
252 295
252 1289
252 314
252 111
252 601
252 13
252 374
252 1035
253 1887
254 1091
254 1759
259 381
259 1963
259 1958
259 650
259 646
261 1643
261 951
261 1001
261 1864
261 1431
261 544
261 1755
261 1029
261 1310
262 460
262 95
262 148
262 978
262 1360
262 17
263 1014
263 52
263 1937
263 836
263 1317
264 65
264 1072
264 1049
264 346
264 587
264 248
264 289
265 1229
265 1906
265 1728
265 1143
265 978
265 559
265 425
265 1329
265 642
265 1971
265 1956
265 881
265 1842
265 1504
265 1813
267 738
267 55
267 1041
267 853
267 850
267 109
267 52
267 283
269 1016
269 993
269 1796
269 543
269 517
269 1362
269 1045
269 321
269 1861
270 704
270 486
270 474
270 1383
271 631
271 883
271 1068
271 1281
272 1697
272 1177
272 816
272 321
272 1631
272 634
273 1901
273 518
273 1824
273 172
273 717
273 1450
273 1796
273 925
273 856
273 702
274 1127
274 1428
274 932
274 1423
274 1915
274 510
276 1772
276 870
276 341
276 1544
276 220
276 308
276 1144
277 1974
277 1663
277 740
277 1598
277 665
277 1441
280 1119
280 1774
280 369
280 1305
280 47
281 188
281 638
281 441
282 781
282 396
282 1861
282 615
282 1525
282 1596
282 705
283 1541
283 683
283 1424
283 306
283 1588
284 700
284 354
284 218
284 346
284 441
284 1174
284 1506
285 859
285 216
285 781
285 687
286 571
286 1480
286 868
286 1249
286 347
287 1869
287 1759
287 411
287 1011
287 563
287 1577
287 188
287 1054
287 1423
287 704
289 1506
289 28
289 1380
289 1545
291 1772
291 1383
291 1973
293 1261
293 337
293 1562
293 786
293 1177
293 632
293 1573
293 1116
293 22
293 818
293 1897
295 1576
295 1936
295 1223
295 152
295 431
296 431
296 478
296 242
296 626
298 672
298 1450
298 208
298 1382
298 90
301 384
301 719
301 1633
301 913
301 822
302 1349
302 732
302 498
302 1995
302 902
302 1719
303 1044
303 598
303 1367
303 1369
303 50
303 1450
304 1037
304 1535
304 573
304 430
304 1329
304 58
304 1775
304 1087
304 863
304 212
304 1779
304 1741
305 1911
306 1048
306 1918
306 139
306 1054
308 750
308 1095
308 1604
308 1887
308 152
308 1971
309 1672
309 368
309 646
310 475
310 364
310 204
310 1681
310 687
310 371
310 1467
310 1171
310 856
310 604
311 1722
311 1058
311 673
311 905
311 893
311 593
312 1213
312 1559
312 1921
312 697
312 432
312 580
312 601
312 136
312 1406
313 352
313 1571
313 117
313 911
313 182
314 392
314 1941
314 1302
314 1105
314 944
314 1683
314 1329
315 491
315 1125
315 547
315 662
315 784
315 657
315 34
315 311
315 1411
315 430
317 197
317 375
317 683
317 159
317 392
320 1906
320 579
320 118
321 69
321 1676
321 1245
321 1687
321 1625
321 1144
321 891
321 48
321 1594
321 1896
322 656
322 708
322 1624
322 1830
322 1143
322 810
322 626
326 1467
326 838
326 504
326 1508
326 651
327 1397
327 1910
328 1076
328 259
328 1310
329 551
329 1937
329 1566
329 291
329 891
329 207
330 1552
330 1775
330 868
330 1589
330 1975
330 808
330 1428
330 1644
331 1679
331 1845
331 1440
331 1788
331 1898
331 628
332 1391
332 1248
332 828
332 1840
332 882
333 583
333 1299
333 987
333 424
333 851
333 1337
334 573
334 1392
334 1425
334 1052
334 1062
334 598
334 549
334 1937
334 263
335 1522
335 1705
335 69
335 195
335 1581
335 897
335 1633
337 766
337 675
337 1317
337 797
337 593
339 1664
339 701
339 349
339 38
339 654
339 1155
341 631
341 1424
341 158
342 605
342 751
342 1924
342 265
342 1564
342 1054
344 1437
344 726
344 681
344 837
344 1236
344 1090
344 1341
344 1431
346 33
346 1403
346 326
346 1657
346 289
346 546
347 384
347 17
347 234
347 1538
347 565
347 1383
347 787
347 312
349 99
349 795
349 1428
349 489
350 603
350 779
350 1562
350 1355
350 908
350 212
350 218
350 1629
352 1450
352 1828
352 544
352 404
352 1047
352 1715
352 1017
352 1933
352 1959
353 209
353 47
353 1700
353 391
353 1873
353 521
353 772
353 590
354 1603
356 416
356 67
356 1332
356 570
357 1653
357 1155
359 496
359 905
359 1671
359 890
360 830
360 654
360 425
361 886
361 1045
361 1700
361 1185
361 1372
361 1399
361 1594
362 1329
362 1439
362 1381
362 295
362 1466
362 1528
362 432
364 657
364 1320
364 240
364 1465
364 1407
364 1924
364 156
364 824
364 1481
364 1178
366 28
366 663
366 1865
366 90
366 174
366 1150
366 1420
368 659
368 287
368 736
368 1612
368 1036
368 40
369 302
369 1677
369 445
369 178
369 1812
369 1730
369 969
369 859
369 1765
369 1583
369 201
370 659
370 1910
370 773
370 1055
370 93
370 1925
371 167
371 1784
372 1036
372 270
372 1425
373 750
373 1668
373 557
373 786
373 1621
373 1068
373 982
373 587
373 402
374 503
374 1200
374 1951
374 172
374 261
374 192
374 1527
375 137
375 106
375 1878
375 533
377 1383
377 1307
377 1439
377 1511
378 735
378 596
379 1447
379 1617
379 955
379 1066
380 85
380 1310
380 1603
380 1246
380 1862
380 482
380 636
380 441
380 1900
380 792
380 220
380 1001
381 253
381 137
381 474
384 415
384 1285
384 1018
384 310
384 385
384 1498
384 1098
384 637
385 1985
385 0
385 1392
385 686
385 535
385 705
386 644
386 1667
386 1868
386 607
386 479
386 707
386 150
386 1480
387 216
387 568
387 563
387 943
387 1411
387 127
387 837
387 1186
388 1538
388 992
388 1460
388 610
388 479
389 1159
389 764
389 1984
389 1508
389 12
389 453
390 447
390 82
390 1921
390 1800
390 1814
390 1678
390 1982
390 1962
390 1425
391 1650
391 488
391 437
391 1772
391 121
391 1323
391 763
391 1375
391 224
391 999
391 789
392 1921
392 1434
392 1621
392 1391
392 1459
392 1797
392 1351
392 1819
393 624
393 590
393 935
393 1764
393 1680
393 1052
393 774
393 1687
396 743
396 1722
396 575
396 1470
396 185
396 386
397 1695
397 1553
397 1788
397 1087
397 209
397 651
397 1211
397 563
397 1260
399 1652
399 1237
399 1710
399 923
400 106
400 810
400 1414
402 849
402 1137
402 1836
402 422
402 305
404 327
404 1178
404 1704
404 1679
404 1200
404 249
406 1978
406 584
406 1515
406 293
406 926
408 1297
408 1975
408 1030
408 128
408 685
408 1766
409 1689
409 1163
409 1962
409 426
410 673
410 944
411 1297
411 718
411 421
412 1748
412 1276
412 479
412 1257
412 1334
412 617
412 1277
412 1664
412 1540
412 851
412 1817
413 1434
413 1420
413 1915
413 510
413 333
413 103
413 420
415 499
415 438
415 771
415 1506
415 616
415 651
415 500
416 1663
416 974
416 628
416 637
418 656
418 12
418 1301
418 1910
418 743
418 1489
418 1246
418 178
419 697
419 853
419 657
419 197
419 1664
420 700
420 1737
421 1682
421 1766
421 1978
421 1592
421 665
421 636
421 810
421 490
421 1974
421 794
422 1102
422 923
422 1006
422 1681
422 369
422 206
422 621
423 99
423 1137
423 1975
423 412
423 1052
423 1129
423 1298
423 71
423 1002
423 1808
424 626
424 1792
424 349
424 1226
424 125
424 1824
425 1762
425 214
425 1604
425 64
425 714
425 70
426 1503
426 219
426 1722
426 341
426 114
430 332
430 113
430 603
430 1652
430 40
431 565
431 450
431 1455
431 1403
431 1958
432 1513
432 1665
432 1625
432 1963
432 883
433 1831
433 676
433 1832
433 903
433 1596
433 484
433 725
436 409
437 381
437 273
437 787
437 227
438 1410
438 1044
438 626
438 1127
438 436
439 103
439 1598
439 1758
439 1727
439 1350
440 1484
440 1725
440 1368
440 502
440 1257
440 1203
440 621
440 1818
440 1913
440 1651
441 1777
441 1016
441 9
441 808
441 1657
442 953
442 1424
442 1868
442 1323
442 1982
442 812
442 379
443 659
443 1178
443 1517
443 1063
443 1399
443 136
445 583
445 1324
445 1437
445 1407
445 1556
445 1825
445 1205
445 1916
445 1055
446 40
446 1191
446 1568
446 1580
447 317
447 1460
447 944
447 687
447 1832
447 1451
447 681
448 1441
448 1322
449 1538
449 557
449 499
449 1437
449 1029
449 1166
449 1277
449 1154
449 424
450 1596
450 1035
450 320
450 576
450 1770
450 511
450 557
450 68
450 1833
450 89
451 74
451 1978
451 134
451 1652
451 1621
451 605
452 1612
452 871
452 1822
452 601
452 815
452 1215
453 1821
454 1328
454 1762
454 423
454 1482
454 625
455 1816
455 28
455 1978
455 1331
457 1785
457 1495
457 1180
457 182
457 1155
457 1429
457 408
457 574
457 330
457 1159
457 1445
457 28
458 1056
458 1883
458 244
458 1862
458 1267
459 1235
459 1823
459 953
459 1335
459 228
459 1754
459 1186
460 1973
460 672
460 1374
460 1301
460 327
460 810
460 1087
461 1781
461 479
461 1236
461 127
461 1957
461 549
461 752
462 49
462 827
462 1543
462 140
464 674
464 219
464 825
464 243
464 627
464 67
464 534
465 1995
465 1377
465 1027
465 1099
466 441
466 1740
466 897
466 1711
466 1747
466 826
466 264
466 1042
466 15
466 152
468 1035
468 1690
468 1900
469 440
469 1875
469 670
469 145
469 1795
469 1111
469 209
469 392
470 1539
470 1943
470 1785
470 1824
470 1992
470 1902
472 1063
472 285
472 328
472 1406
472 212
473 490
473 485
473 969
473 412
473 1128
473 1246
474 1301
474 598
474 1606
474 1260
474 483
474 1944
474 1248
475 1148
475 1209
475 1075
475 1937
475 424
478 1576
478 450
478 34
479 1439
479 1548
479 885
479 32
480 1293
480 1815
480 59
480 654
481 357
481 242
481 1873
481 1715
481 285
481 1362
481 216
482 874
482 964
482 98
482 249
483 698
483 1349
483 1592
483 1247
483 1051
483 391
483 97
483 810
483 189
484 1504
484 1571
484 1717
485 660
485 868
485 286
485 1650
485 654
486 1971
486 1724
486 314
486 1216
486 433
486 1263
488 978
488 1274
488 746
488 1318
488 1277
489 1592
489 445
489 360
489 1470
489 1701
489 628
489 1004
489 215
490 1754
490 750
490 416
490 86
491 1534
491 1283
491 881
491 588
491 1621
493 1163
493 64
493 1974
493 1116
493 958
494 1289
494 175
494 1622
496 1556
496 1525
496 374
496 1548
497 1153
497 1235
497 1564
497 1796
497 310
498 393
498 1947
498 1496
498 1270
498 638
499 1429
499 752
499 1672
499 189
499 961
499 1276
499 726
499 1944
499 270
500 1450
500 1302
500 932
500 1775
500 1618
500 1276
500 143
501 226
501 535
502 1920
502 141
502 807
502 534
502 1018
503 227
503 849
503 1279
504 1496
504 596
504 716
504 140
504 1827
505 531
505 235
505 400
505 1053
505 1606
505 676
506 561
506 470
506 1077
506 10
506 1170
506 1764
506 542
506 521
507 1984
507 131
507 1491
507 818
507 1036
507 1138
507 253
507 772
509 387
509 131
510 1056
510 131
510 778
510 1775
510 1785
510 776
511 1476
511 1324
511 533
511 1804
511 1825
511 1416
511 1241
511 1423
516 1622
516 1504
516 261
516 1133
516 1513
516 462
516 539
516 459
516 1689
517 344
517 1664
517 1578
517 1429
517 1437
517 921
517 274
517 1178
517 1353
517 1214
518 732
518 1751
518 126
518 75
521 1409
521 1785
521 1077
521 923
521 1601
524 122
524 305
524 686
524 1280
524 556
525 1558
525 1527
525 99
525 419
525 1631
525 927
525 423
525 851
526 1645
526 531
526 1887
526 1482
528 1168
528 742
528 1517
528 1757
528 1417
529 1905
529 1301
529 1818
531 708
531 1213
531 497
531 1358
531 313
533 1267
533 360
533 1994
533 1337
534 1860
534 641
534 1699
534 106
534 342
535 593
535 1921
535 74
535 28
535 1013
535 1501
535 1582
535 1849
535 1456
535 975
539 1301
539 675
539 379
540 692
540 34
540 511
540 296
540 49
540 583
540 1279
540 1470
542 1674
542 1224
542 1640
542 1276
542 1398
542 1237
542 132
543 1315
543 1308
543 1489
543 902
543 1329
543 379
543 1658
543 589
543 1190
544 930
544 277
544 1606
544 68
544 225
544 549
544 1943
544 1544
544 1452
546 621
546 317
546 1875
546 482
546 1180
546 276
546 1107
546 1958
546 912
546 619
547 725
547 117
547 439
547 225
547 1528
547 828
547 496
548 646
548 1184
548 1077
549 1517
549 22
549 1280
549 754
549 1410
549 1121
549 1148
549 1532
549 506
549 725
549 688
551 1745
551 473
551 1967
551 1205
551 758
554 1925
554 746
554 296
555 1538
555 1551
555 183
555 1218
555 1095
555 1375
556 30
556 1905
557 670
557 1785
557 1599
557 303
557 748
557 762
559 489
559 643
559 930
561 1999
561 1978
561 1058
561 1205
561 421
562 1479
562 716
562 1564
562 1754
562 38
563 1578
563 72
563 1183
564 1046
564 182
564 1703
564 436
564 742
565 1821
565 455
565 502
565 1843
565 937
566 1653
566 1823
566 950
566 1520
567 1955
567 951
567 1540
567 963
568 79
568 695
570 978
570 1084
570 135
570 1062
571 1896
571 1510
571 235
571 521
573 1995
573 1320
573 1730
573 604
573 1954
573 944
573 1775
574 1709
574 1383
574 1645
575 354
575 1053
575 1737
575 911
575 929
575 1436
576 9
576 378
576 1119
576 176
576 332
576 248
576 1654
576 718
578 1076
578 451
578 330
578 1397
578 1219
578 1385
578 808
578 1584
579 775
579 192
579 1013
579 546
580 832
581 1752
581 838
581 766
581 594
581 525
581 765
581 42
582 503
582 1583
582 811
582 1548
583 1038
584 648
584 1115
584 823
584 303
584 849
584 654
584 342
584 1457
584 1828
584 535
584 1114
584 95
587 1782
587 624
587 59
587 978
587 1377
587 1099
587 1926
587 1131
587 794
587 490
588 113
588 419
588 344
588 483
588 301
588 1999
588 759
588 870
589 432
589 1885
590 1405
590 1096
590 368
590 1480
590 1827
590 291
592 1090
592 75
592 1308
592 454
593 1626
593 1015
593 1078
593 1439
593 1606
593 573
593 1170
593 360
593 1768
594 1032
594 1918
595 921
595 1650
595 309
595 548
595 1781
595 1151
595 1921
595 605
596 1330
596 341
596 1603
596 1177
596 1909
597 335
597 1563
597 795
597 1123
597 252
597 243
597 149
598 594
598 310
598 1925
598 212
598 1430
598 321
598 1894
601 1768
601 166
601 587
601 1795
601 1417
603 167
603 1549
603 1612
603 87
604 1966
604 390
604 938
604 349
604 1592
604 1582
605 133
605 1672
605 1782
605 242
605 1598
605 68
607 771
607 603
607 978
609 214
609 806
609 736
609 1434
609 1717
609 1075
609 835
609 1992
609 430
609 763
610 1196
610 236
610 138
610 349
610 1568
610 1996
610 688
612 1018
612 1454
612 1666
612 195
612 1385
612 1604
612 1341
615 629
615 1380
615 725
616 1480
616 369
616 1697
616 631
616 1442
616 617
616 1512
616 359
616 1147
617 1900
617 344
617 461
618 1999
618 1320
618 1551
618 556
618 241
618 939
618 1052
619 35
619 1571
619 1337
619 773
619 1774
620 332
620 91
620 103
620 1468
620 1598
620 1651
620 704
621 739
621 657
621 1800
621 1547
621 1162
621 1855
621 461
623 787
623 980
623 1872
624 896
624 1862
625 1725
625 689
625 1711
625 1782
625 991
625 1236
625 903
626 1558
626 305
626 65
626 45
626 1937
627 771
627 680
627 1796
627 789
627 944
627 118
627 1455
627 387
627 691
627 1598
628 1282
628 156
628 1001
628 286
628 1819
628 1468
628 525
629 1347
629 221
629 795
629 1717
629 1465
629 475
631 440
631 760
631 1316
631 1162
631 695
631 1383
631 677
631 1840
632 1965
632 1188
632 903
632 718
632 593
632 1991
632 789
632 45
633 650
633 1071
634 1920
634 1139
636 1136
636 1263
636 1709
636 1209
637 1626
637 1293
637 1016
637 667
637 1071
637 1206
637 774
638 1299
638 1724
638 1574
638 1282
638 1558
638 404
640 1876
640 1144
640 200
641 1121
641 993
641 433
641 1800
641 1583
641 1098
641 1568
641 1699
641 942
642 1883
642 464
642 1439
642 621
642 1807
642 1475
642 1071
642 1317
642 1672
643 215
643 1797
643 1808
643 372
643 1764
643 1286
643 37
643 1651
644 1215
644 175
644 1401
644 1679
644 267
644 1452
644 595
644 529
646 542
646 934
646 1516
646 1695
648 418
648 1612
648 1688
650 497
650 1822
650 1667
650 640
651 976
651 1139
651 1006
651 787
653 193
653 1660
653 1231
653 161
653 796
653 23
653 1749
654 770
654 244
654 1270
654 1773
654 1171
654 1921
655 440
655 1503
655 317
655 213
656 154
656 533
656 1377
656 59
657 371
657 1530
657 1967
657 1801
657 1463
657 1715
659 161
659 74
659 906
659 1782
659 989
660 999
660 1285
660 1663
660 672
660 1811
660 1101
662 1143
662 852
662 350
662 469
662 484
662 1282
662 72
662 1375
662 1542
662 1463
662 197
663 125
663 955
663 1403
663 1928
663 1209
663 229
663 875
663 1402
663 1016
664 881
664 118
664 1369
665 1301
666 1960
666 1494
666 83
666 1186
666 1248
667 201
667 339
667 384
667 1526
667 1014
667 312
669 1167
669 197
669 1390
669 157
669 247
669 1689
669 1599
670 594
670 1611
670 1985
670 868
670 1993
670 673
670 1775
672 1941
672 930
672 384
672 893
672 655
673 770
673 1908
673 617
673 1487
673 484
673 1501
674 655
674 1342
674 241
675 103
675 1760
675 244
675 723
675 322
675 1948
675 1746
675 426
676 1915
676 704
676 1185
676 64
677 1186
677 521
677 891
677 490
677 1562
677 380
677 1754
677 1463
677 1457
677 623
677 42
677 509
677 1119
677 1265
677 1075
679 1450
679 396
679 1680
680 350
680 360
680 999
680 1067
680 1447
681 1952
681 334
681 1298
681 1940
682 101
682 1044
682 753
682 45
682 1503
682 1420
682 269
682 240
683 305
683 1708
683 1348
683 903
683 1382
683 97
683 1882
684 1149
684 952
684 1191
684 313
684 870
685 1868
685 551
685 1357
685 1033
685 169
685 1829
686 638
686 393
686 1570
686 762
686 935
687 1254
687 229
687 237
687 751
687 870
687 791
687 1127
688 1515
688 388
688 465
688 1786
688 615
689 1850
689 377
691 765
691 588
691 33
691 1299
691 1418
691 669
691 213
692 1179
692 1385
692 579
692 628
692 1529
692 286
692 158
692 1224
692 1784
692 1612
692 507
695 1631
695 1711
695 1624
696 1988
696 484
696 462
696 1776
696 726
697 199
697 1804
697 663
698 148
698 349
698 518
698 283
698 454
700 120
700 784
700 1031
701 1232
701 786
701 1890
701 1727
701 327
701 1842
701 1779
701 1275
702 1765
702 1473
702 357
702 1657
702 453
704 1107
704 912
704 915
704 1004
704 131
704 149
704 1771
705 1910
705 1621
705 1804
705 347
705 1115
707 990
707 938
707 579
707 1157
707 888
708 301
708 1736
708 988
708 526
708 896
708 12
708 1673
708 1394
709 139
709 1400
714 1993
714 72
714 1528
714 976
714 1700
714 1250
714 1615
714 503
714 1067
714 1941
716 580
716 502
716 686
716 99
716 804
716 789
717 328
717 578
717 842
717 1137
717 1080
717 1293
717 457
718 643
718 628
718 1166
718 1804
718 1558
719 329
719 637
720 1657
720 25
720 409
721 1909
721 965
721 337
721 1765
721 1031
722 408
722 1901
723 510
723 1241
723 793
723 141
723 981
723 1710
725 218
725 422
725 769
725 1845
725 1645
726 1984
726 642
726 1098
730 184
730 1402
730 746
730 717
730 942
732 1594
732 222
732 1280
732 271
734 50
734 143
734 446
734 359
734 843
734 665
734 682
734 685
735 884
735 746
735 976
736 1674
736 1148
736 651
736 1895
737 1530
737 570
737 1947
737 1002
737 886
737 1522
738 634
738 677
738 1911
738 446
739 1263
739 1663
739 665
739 1931
739 1962
739 341
740 1615
740 159
740 765
741 1901
741 1982
741 301
741 132
741 479
742 1688
742 621
742 346
742 529
742 420
743 486
743 1316
743 453
743 1323
743 1654
743 277
743 1315
743 62
745 1921
745 410
745 923
745 282
745 114
745 1727
745 939
746 903
746 646
746 339
746 424
746 1965
746 391
748 563
748 1840
748 779
748 180
748 1182
748 379
748 1931
748 1928
750 17
750 1435
750 114
750 667
750 1913
750 1115
750 795
751 726
751 1491
751 410
751 126
751 1477
751 619
751 1398
751 1677
751 1552
752 1222
752 1185
752 1308
752 1907
753 928
753 25
753 1832
753 1463
754 1740
754 1266
754 1408
754 1071
754 548
754 0
754 885
754 1489
754 1631
758 1804
758 674
758 2
758 265
759 1113
759 1550
759 1233
759 416
759 1248
760 627
760 946
760 1388
760 1865
760 16
760 853
762 1466
762 817
762 195
763 1667
763 1437
764 1479
764 882
764 1190
765 1920
765 296
765 1748
765 1277
765 412
765 540
765 775
766 1144
766 116
766 1632
766 71
766 375
769 597
769 526
769 1588
769 1479
769 368
769 488
769 1331
769 122
769 1027
770 1215
770 70
770 411
770 1574
770 261
770 1320
771 1555
771 1256
772 1080
772 952
772 573
772 94
772 925
772 1415
772 1707
773 83
773 576
773 1617
773 314
773 1245
773 1828
773 1513
773 1259
774 1214
774 140
775 191
775 158
775 317
776 1658
776 1121
776 1672
776 1594
776 101
776 1139
776 1878
776 1598
776 561
776 978
776 906
776 510
777 637
777 1651
777 540
777 1511
777 137
778 1063
778 1377
778 121
778 1921
778 1840
779 942
779 468
779 443
781 1597
781 1680
781 1482
781 1300
781 792
781 1147
781 987
781 452
782 1775
782 646
782 944
782 839
782 571
782 700
782 872
782 688
782 243
782 1913
782 502
784 1730
784 269
784 1550
784 989
784 628
784 1908
785 1922
785 1977
785 1033
785 947
785 1612
785 1850
785 1341
785 354
786 692
786 1933
786 1390
786 782
787 840
787 308
787 1240
787 1883
787 1869
787 1662
787 535
787 168
787 980
788 305
788 1551
788 935
788 1534
788 861
788 1257
788 415
789 1448
789 322
789 1174
789 938
789 1404
789 507
790 1785
790 533
790 1194
790 896
790 1542
790 1618
791 1798
791 830
791 400
791 1907
791 1708
791 1819
791 958
792 863
792 954
792 1307
792 894
793 1071
793 862
793 215
793 84
793 1894
793 1265
793 445
793 825
794 1908
794 1451
794 884
794 1344
794 1572
795 915
795 57
795 264
795 1814
795 740
795 328
795 905
796 809
796 502
796 1956
796 776
796 794
796 97
796 1800
796 213
796 159
796 1797
796 1758
796 180
797 1314
797 1331
797 1049
797 1941
797 1619
797 1808
797 1715
797 776
797 581
798 1399
798 1473
798 1377
798 1459
798 1688
798 689
798 1247
798 796
799 656
799 1222
799 1845
799 797
799 1682
803 465
803 1582
803 253
804 1017
804 989
804 793
804 1126
805 1660
805 1078
805 1722
805 209
805 386
805 384
805 1925
805 1565
805 1076
805 40
805 1144
805 1671
805 1168
806 1442
806 399
806 1513
806 114
806 1699
806 1427
806 897
806 963
807 581
807 1217
807 863
807 1011
807 1096
807 640
808 516
808 1797
808 74
808 1995
809 486
809 180
809 54
809 272
809 641
810 193
810 356
810 1515
810 1688
810 759
811 246
811 566
811 867
811 83
812 1691
812 171
813 1593
813 1753
813 86
813 1039
815 236
815 1471
815 153
815 1703
815 941
815 1076
815 1814
816 521
816 1619
816 1533
816 1765
816 276
816 1730
816 1530
817 385
817 503
817 1947
817 561
817 672
817 1869
817 1514
817 1240
818 1900
818 1274
818 504
819 934
819 700
819 436
819 1286
822 168
822 1725
822 1954
822 9
822 1309
822 1222
822 1164
822 1744
822 1879
823 128
823 425
823 478
823 314
823 163
824 1156
824 1708
824 631
824 1144
824 1608
825 225
825 1190
825 125
825 183
825 719
825 750
825 1351
825 459
825 1825
826 321
826 707
826 999
826 1796
826 1528
827 763
827 1544
827 357
827 337
827 102
827 928
827 1501
827 1906
827 1342
827 1764
827 1644
827 772
828 1672
828 499
828 961
828 1582
828 455
828 815
828 1494
828 1048
828 1116
828 598
830 812
830 458
830 371
830 840
830 1678
830 667
830 1127
832 720
832 1414
832 1899
832 1657
832 1506
832 1424
835 954
836 1280
836 979
836 59
836 1325
836 1467
836 736
837 1744
837 1709
837 1627
837 437
837 1755
837 1900
837 206
837 1253
838 17
838 1768
838 399
838 824
838 154
838 1463
838 1593
838 1592
838 846
838 1065
838 914
839 291
839 1105
839 1960
840 998
840 1480
840 1796
840 709
841 1534
841 1361
841 1481
841 356
841 222
841 280
841 1513
841 90
841 374
841 141
842 1751
842 760
842 1223
842 1740
842 943
843 1335
843 377
843 1722
843 1573
843 935
843 1855
846 1136
846 1188
846 49
847 1314
847 1982
847 1622
847 293
847 1241
847 494
847 835
847 372
849 1196
849 419
849 544
849 295
849 13
849 692
850 1233
850 90
850 938
850 1673
850 242
850 1095
850 83
850 1503
850 551
851 480
851 1319
851 792
851 1282
851 1900
851 1002
852 863
852 687
852 723
852 357
852 673
852 868
852 411
852 782
852 218
853 1420
853 22
853 91
853 1541
854 1487
854 1241
854 1932
854 158
854 1431
854 851
854 685
854 863
854 253
854 1238
856 1742
856 71
856 271
856 1539
859 1319
859 714
859 1045
859 65
859 1915
860 83
860 1762
860 1918
860 1954
860 411
860 496
860 1312
860 576
861 702
861 1457
862 740
862 925
862 247
862 1130
862 1752
862 1279
862 1828
862 894
863 120
863 1637
863 1391
865 447
865 1177
865 458
865 87
865 1663
865 526
865 1185
865 473
866 147
866 774
866 1265
866 1036
867 1617
867 892
867 1762
867 885
867 1563
867 828
868 1647
868 59
868 1104
870 953
870 843
870 459
870 493
870 136
871 58
871 101
871 1292
871 369
871 968
871 200
872 883
872 1194
872 304
872 490
872 1411
872 587
872 465
872 1179
874 899
874 836
874 1071
874 1068
874 707
874 653
875 1179
875 262
875 1360
875 1807
875 1114
875 1890
875 1057
875 610
875 554
875 1660
875 1568
875 341
875 796
875 1532
877 847
877 1072
877 1369
881 928
881 151
881 314
881 942
881 1662
881 404
881 1166
882 782
882 1330
882 866
882 758
882 1792
882 1318
882 399
883 673
883 502
883 1224
883 33
884 773
884 1195
884 672
884 549
884 1729
885 1753
885 1183
885 575
885 437
885 546
885 381
885 449
885 1279
886 852
886 697
886 790
886 1547
886 1274
886 214
886 881
886 1779
888 1174
888 1918
890 1102
890 1573
890 1203
890 241
890 422
890 1928
890 1122
890 1584
891 252
891 603
891 246
891 1114
891 361
891 793
892 1236
892 1131
892 1091
893 601
893 188
893 1457
893 979
894 1137
894 281
894 1217
894 148
896 1277
896 1420
896 976
896 481
896 389
897 1842
897 1565
897 1590
897 1098
897 1896
899 274
899 965
899 1682
899 175
900 148
900 87
900 303
900 843
900 670
902 359
902 313
902 1777
902 1170
903 479
903 760
903 1637
903 1736
903 271
903 603
903 502
903 1759
903 59
903 640
905 59
905 1163
905 1807
905 397
905 1537
906 1580
906 1469
906 751
906 786
906 1762
906 1050
907 117
907 481
907 1308
907 423
907 913
907 827
907 1001
907 1812
908 937
908 1722
908 480
909 1845
909 1048
909 1241
909 1386
910 71
910 369
910 1967
910 360
910 1850
910 1087
910 9
910 1312
910 1383
910 794
910 356
911 180
911 1147
911 726
911 507
911 197
912 1660
912 151
912 1099
912 37
912 1617
912 317
912 1136
912 1624
913 1185
913 99
913 1217
913 396
913 1759
914 457
914 122
914 1627
914 333
914 965
914 1755
914 1823
914 1281
914 1344
914 1300
915 1249
915 1074
915 1748
915 1955
915 998
921 1779
921 1879
921 82
922 655
922 682
922 856
922 1958
922 243
923 270
923 1164
925 229
925 302
925 42
925 1377
925 1351
925 420
926 144
926 891
927 1293
927 244
927 175
927 1756
927 1819
927 1348
927 1605
927 1318
927 1704
927 503
927 1603
927 1896
927 1206
927 1982
928 633
928 242
928 159
928 1223
928 822
929 408
929 138
929 579
929 571
929 482
929 1456
929 601
930 517
930 168
930 1671
930 1435
930 352
930 816
930 34
931 1218
931 1784
931 361
931 409
931 1808
931 561
931 1214
931 1308
932 1814
932 1147
932 1578
932 1072
932 981
932 1529
932 891
932 131
932 149
932 726
933 499
933 212
933 1584
933 1908
933 218
934 1316
934 932
934 1953
934 231
935 797
935 1753
935 695
935 1102
935 1253
937 1727
937 542
937 1344
937 322
937 1663
937 1835
937 344
938 989
938 1697
938 504
939 736
939 1650
939 797
939 1394
939 1388
939 229
939 1548
939 1334
940 902
940 425
940 252
940 433
941 1416
941 147
941 1935
941 1324
942 98
942 928
942 555
942 1953
942 421
942 1047
942 680
942 32
942 1482
942 145
942 604
943 1937
944 653
944 605
944 489
945 773
945 1770
945 1772
945 961
945 1645
946 1177
946 1513
946 1544
946 1535
946 1406
946 778
947 469
947 1705
947 1441
947 790
948 1355
948 95
948 676
948 1671
948 1549
948 644
948 1622
948 1423
948 1133
950 1562
950 567
951 1421
951 1256
951 1954
951 841
951 1681
951 1209
951 720
951 1991
951 1832
951 1715
951 1688
952 1510
952 220
952 1879
952 1883
952 276
953 669
953 566
953 1119
953 126
953 787
953 1748
953 601
953 67
953 1766
954 1235
954 799
954 1001
955 788
955 726
955 612
955 70
955 1368
955 1457
957 371
957 1816
957 822
957 1113
958 551
958 254
958 1707
958 1700
958 216
958 461
959 1361
959 116
960 914
960 1998
960 823
960 637
960 1397
960 71
960 87
960 334
960 1095
960 734
961 1285
961 938
961 1715
961 421
961 860
961 392
961 1394
961 1612
961 1071
963 911
963 432
963 1760
963 1918
963 421
963 1514
963 1804
963 1369
963 1810
963 1209
964 452
964 269
964 769
964 991
965 498
965 136
965 759
967 1223
967 354
967 603
967 908
967 101
968 149
968 782
968 378
969 1526
969 1470
974 686
974 576
974 360
974 1645
974 375
974 1549
974 741
975 1508
975 1319
975 722
975 1159
975 1251
975 1931
975 342
976 1617
976 1645
976 1153
976 1538
976 1770
977 1928
977 819
977 1958
977 213
978 244
979 1984
979 605
979 1709
979 1036
980 1207
980 1035
980 152
980 1617
980 1378
980 1528
980 1807
980 1137
981 823
981 1090
981 1917
981 418
982 1108
982 782
982 1637
984 571
984 1645
984 1873
985 293
985 1650
985 362
985 1538
985 1760
985 184
985 1942
987 692
987 893
987 1470
987 244
987 627
987 1663
987 380
987 34
988 1252
988 1598
988 125
988 1772
989 397
989 1308
989 874
989 9
989 1277
989 1335
990 1810
990 587
990 616
991 1999
991 1995
991 687
991 1711
991 888
991 720
992 1279
992 565
993 984
993 1206
993 771
993 988
993 443
993 373
993 1096
993 624
997 1705
997 1806
997 617
997 253
998 184
998 500
998 748
998 1377
998 1503
998 1641
998 246
999 462
999 1002
999 854
999 1405
999 179
999 1049
999 368
999 682
1001 1962
1001 335
1001 1030
1001 1419
1001 955
1001 1558
1001 1084
1001 1601
1001 1044
1001 67
1002 498
1002 204
1002 89
1002 248
1002 691
1002 1438
1002 997
1002 1454
1002 475
1002 448
1004 885
1004 195
1006 905
1006 488
1006 570
1006 868
1011 1629
1011 133
1011 144
1011 1096
1013 885
1013 851
1013 1941
1013 662
1013 35
1013 758
1014 482
1014 339
1014 1511
1014 843
1014 631
1014 1350
1015 1266
1015 1849
1015 777
1015 49
1016 906
1016 169
1016 979
1016 1508
1017 249
1017 1038
1017 1467
1017 1766
1018 1013
1018 1466
1018 809
1018 615
1018 1428
1018 1259
1018 1366
1018 832
1019 1742
1019 707
1019 1189
1019 1653
1019 404
1019 1250
1019 1701
1027 1102
1027 1998
1027 1831
1027 366
1027 799
1027 349
1027 1046
1028 743
1028 836
1028 1905
1028 366
1029 95
1029 975
1029 32
1029 137
1029 1532
1029 830
1029 1117
1029 1863
1029 200
1030 816
1030 1528
1030 546
1030 540
1030 1671
1030 1707
1030 871
1031 976
1031 206
1031 1135
1031 1860
1031 1829
1031 1503
1032 179
1032 1141
1032 1908
1032 169
1032 140
1033 165
1033 687
1033 399
1033 497
1035 854
1035 575
1036 1061
1036 1272
1036 283
1037 1301
1037 25
1037 1417
1037 663
1037 1067
1037 804
1037 1549
1038 1224
1038 58
1038 769
1038 912
1038 135
1038 241
1039 1885
1039 1897
1039 357
1039 1596
1039 1150
1039 1845
1041 891
1041 1035
1041 1122
1041 1394
1041 32
1041 2
1041 770
1041 809
1042 1388
1044 273
1044 157
1044 771
1044 859
1044 1548
1044 1599
1044 145
1044 913
1044 1749
1045 302
1045 1966
1045 1324
1045 415
1046 952
1046 83
1046 926
1046 1922
1046 1445
1046 626
1046 902
1047 474
1047 1470
1047 1911
1047 54
1047 8
1048 791
1048 1825
1048 1242
1048 1562
1048 1958
1048 1833
1048 1594
1048 373
1048 399
1049 446
1049 629
1049 1027
1049 1984
1049 1671
1049 1753
1049 1392
1049 244
1050 1990
1050 1247
1050 1950
1051 1604
1051 411
1051 1516
1051 1094
1051 189
1051 601
1052 1551
1052 143
1053 1186
1053 1415
1053 551
1053 1812
1053 1449
1053 967
1053 356
1053 1796
1054 564
1054 479
1054 219
1054 738
1054 1516
1054 1434
1054 1556
1055 70
1055 174
1055 596
1055 1711
1055 141
1056 1080
1056 1094
1056 666
1056 1144
1057 663
1057 413
1057 1113
1057 1912
1057 896
1057 93
1057 1433
1058 1750
1058 1087
1058 1456
1058 1495
1058 462
1058 1618
1058 503
1060 1858
1060 736
1060 1901
1060 914
1061 819
1061 1315
1061 1974
1061 103
1061 1994
1062 465
1062 555
1062 1463
1062 280
1062 993
1062 1401
1062 1612
1062 1729
1062 1583
1062 506
1063 166
1063 832
1063 1086
1063 871
1063 1957
1063 212
1065 1254
1065 433
1065 193
1066 1131
1066 1626
1066 195
1066 627
1066 507
1066 1807
1066 375
1066 418
1066 34
1066 1517
1066 30
1067 1724
1067 897
1067 213
1068 1798
1068 976
1068 1391
1068 272
1070 228
1070 932
1070 1087
1070 1876
1070 1690
1070 1502
1070 253
1071 461
1071 1392
1071 436
1072 472
1072 1566
1072 698
1072 721
1072 1681
1072 1776
1074 958
1074 1942
1075 1891
1075 1266
1075 1651
1076 740
1076 612
1076 1475
1076 866
1077 1578
1077 609
1077 1942
1077 1087
1078 830
1078 1787
1078 1708
1078 1677
1078 274
1078 1086
1078 468
1078 1223
1078 1240
1080 380
1080 1170
1080 445
1080 1768
1080 1570
1080 222
1080 486
1080 1259
1080 566
1080 1697
1080 1465
1081 1248
1081 408
1081 306
1081 79
1081 791
1081 72
1084 1232
1084 687
1084 1386
1085 106
1085 1427
1085 219
1085 1936
1085 1765
1085 1274
1085 505
1085 580
1085 149
1086 1238
1086 651
1086 792
1086 685
1086 1534
1086 1074
1086 1171
1086 1288
1086 763
1086 1690
1087 206
1087 486
1087 390
1087 1243
1087 1651
1087 957
1087 1274
1087 1053
1087 1419
1088 1544
1088 460
1088 828
1088 387
1090 459
1090 1196
1090 1727
1090 148
1090 1253
1090 1862
1090 1409
1090 1925
1090 1051
1090 544
1090 195
1091 676
1091 584
1091 784
1091 1848
1091 1547
1091 70
1091 1442
1091 1495
1091 272
1091 1583
1094 803
1094 646
1094 592
1094 809
1094 1813
1094 707
1094 1789
1094 1041
1094 69
1095 1235
1095 1225
1095 716
1095 1856
1095 616
1096 875
1096 1658
1096 682
1096 1163
1097 289
1097 361
1097 1808
1097 480
1097 1456
1097 1209
1098 1247
1098 1932
1098 1424
1098 1746
1098 1420
1099 1328
1099 1108
1099 438
1099 1449
1099 776
1099 466
1099 1555
1099 1174
1101 740
1101 1314
1101 707
1101 1869
1101 145
1101 273
1101 346
1101 1044
1101 616
1102 1441
1102 1319
1102 1975
1102 1229
1102 158
1102 573
1102 1461
1102 875
1104 171
1105 322
1105 1564
1105 1775
1107 689
1107 470
1107 1541
1107 221
1107 777
1107 762
1107 1752
1108 1438
1108 1633
1108 751
1108 131
1108 1380
1108 1353
1108 120
1108 446
1108 352
1111 980
1111 852
1113 809
1113 1937
1113 1874
1113 464
1113 149
1113 1318
1114 883
1114 1624
1114 1361
1114 1795
1114 790
1115 1392
1115 1539
1115 1379
1115 791
1116 491
1116 453
1116 430
1116 161
1116 52
1116 1119
1116 199
1117 959
1117 698
1117 1185
1117 700
1117 1604
1117 1516
1118 1126
1118 1348
1118 1529
1118 22
1118 730
1118 1157
1118 1303
1119 689
1119 607
1119 450
1119 1817
1119 504
1121 742
1121 491
1121 960
1121 913
1121 352
1121 984
1121 557
1122 1703
1122 621
1122 1719
1122 791
1122 272
1122 940
1123 1241
1123 465
1123 554
1123 1526
1123 950
1125 597
1125 1151
1125 150
1125 1866
1126 746
1126 929
1126 1619
1126 628
1126 1513
1126 1094
1126 563
1126 1215
1126 954
1126 158
1127 431
1127 1962
1127 1643
1127 412
1127 276
1127 890
1128 1643
1128 1163
1128 1232
1129 775
1129 1001
1130 1883
1130 1428
1130 679
1130 331
1130 1044
1130 982
1130 102
1130 432
1131 1372
1131 1436
1131 906
1131 277
1131 1952
1131 1011
1131 468
1131 1999
1131 1175
1131 369
1131 1369
1133 1310
1133 171
1133 935
1133 142
1133 542
1133 1184
1133 960
1135 322
1135 1856
1135 790
1135 159
1135 1312
1135 1492
1135 1243
1135 1973
1135 1196
1136 849
1136 1334
1136 320
1136 452
1136 1660
1136 1150
1136 64
1137 452
1137 1418
1137 1441
1137 1806
1137 1408
1138 1342
1138 604
1138 1678
1138 525
1138 332
1139 1466
1139 270
1139 1725
1140 350
1140 1368
1140 453
1140 952
1140 1344
1140 35
1140 683
1141 218
1141 1299
1141 468
1141 1722
1141 126
1143 1067
1143 1140
1143 840
1143 1362
1144 330
1144 494
1147 1729
1147 58
1147 1319
1147 1238
1147 1293
1147 1032
1147 509
1147 1796
1147 241
1148 1631
1148 562
1148 74
1148 426
1148 339
1148 707
1149 813
1149 262
1149 981
1149 485
1149 573
1149 714
1149 819
1149 247
1149 1280
1149 369
1149 1458
1149 865
1150 881
1150 228
1150 521
1150 10
1150 1752
1151 43
1151 1416
1151 1429
1151 1808
1151 1700
1153 1537
1153 393
1153 189
1154 484
1154 1717
1154 1241
1154 354
1155 1784
1156 1850
1156 716
1156 175
1156 561
1156 436
1156 1237
1157 1672
1157 436
1157 1922
1159 725
1159 1899
1159 1540
1159 771
1162 786
1162 1051
1162 1348
1162 559
1162 860
1162 1910
1162 1323
1162 1453
1162 1115
1162 1320
1163 582
1163 1522
1163 1299
1163 624
1164 707
1164 899
1164 601
1164 1334
1166 849
1166 1243
1166 234
1166 975
1166 374
1166 332
1167 1973
1167 1489
1167 354
1168 1795
1168 544
1168 183
1168 1223
1168 447
1168 237
1168 1344
1169 350
1169 285
1169 1676
1169 1673
1169 1688
1170 1966
1170 804
1170 362
1170 1094
1170 1324
1170 1894
1170 798
1171 1898
1171 908
1171 702
1171 1378
1171 1592
1171 1095
1171 1516
1171 963
1171 326
1174 132
1174 1778
1174 377
1174 22
1174 1862
1174 1896
1174 1280
1174 1659
1174 1766
1174 45
1174 765
1175 1690
1175 1031
1175 1476
1175 1987
1175 1671
1175 116
1176 660
1176 178
1176 583
1177 932
1177 1406
1177 1944
1178 1895
1178 921
1179 212
1179 282
1179 85
1179 1060
1179 908
1180 605
1180 1997
1180 1898
1180 1456
1180 86
1180 1405
1182 888
1182 721
1182 1588
1183 738
1183 1150
1183 1261
1183 216
1184 751
1184 1494
1184 1004
1184 1615
1184 443
1185 1489
1185 1157
1186 1967
1186 859
1186 1902
1186 1479
1186 175
1186 1562
1186 1992
1186 1601
1186 1672
1188 1898
1188 1691
1188 1366
1188 459
1188 1911
1188 807
1188 1836
1188 1999
1188 626
1189 1432
1189 1347
1189 771
1189 315
1189 1804
1189 1700
1189 496
1190 447
1190 984
1190 161
1190 1745
1190 1090
1191 1465
1191 1251
1191 1397
1191 1751
1191 1377
1191 1786
1191 1446
1191 1771
1191 1476
1194 957
1195 1164
1195 1790
1195 1435
1196 1467
1196 1149
1196 1596
1196 827
1196 531
1196 182
1200 54
1200 1149
1200 804
1200 175
1200 605
1203 1573
1205 1425
1205 1483
1205 786
1205 1683
1205 1200
1206 1372
1206 1416
1206 1592
1206 207
1206 573
1206 1270
1206 452
1207 1409
1207 1828
1207 85
1207 1572
1207 1302
1209 71
1209 659
1209 1970
1209 593
1209 781
1209 1254
1209 629
1209 666
1209 576
1211 638
1211 1740
1211 1188
1211 1708
1211 992
1213 1555
1213 191
1213 83
1214 1663
1214 900
1214 853
1214 945
1214 302
1215 339
1215 655
1215 315
1215 982
1215 745
1215 1723
1215 81
1215 180
1215 1572
1215 293
1215 583
1216 426
1216 1973
1216 1257
1216 1966
1216 1811
1217 557
1217 1873
1217 770
1217 1897
1218 580
1218 796
1218 1307
1218 1898
1218 201
1218 1993
1218 1379
1218 384
1219 402
1219 543
1219 1777
1219 1638
1219 1998
1219 1817
1219 719
1219 1525
1219 726
1219 748
1222 651
1222 866
1222 617
1223 1506
1223 12
1223 961
1223 486
1223 870
1224 246
1224 1735
1224 1441
1224 1640
1225 980
1225 1446
1225 1483
1225 443
1226 379
1226 335
1226 85
1226 103
1226 748
1226 555
1226 197
1226 1552
1226 526
1226 1307
1226 125
1226 301
1226 304
1228 1298
1228 951
1228 1041
1229 1990
1229 329
1229 1492
1229 1323
1231 627
1231 672
1233 1965
1233 941
1233 646
1233 1750
1233 776
1233 425
1233 204
1233 1348
1235 944
1235 114
1235 184
1235 1129
1235 1813
1236 1176
1236 28
1236 1625
1236 584
1236 400
1236 1522
1236 746
1236 1545
1237 489
1237 539
1237 725
1237 951
1238 1530
1238 1963
1238 1665
1238 1885
1238 1325
1238 624
1238 1879
1238 357
1240 679
1240 504
1240 77
1240 1050
1241 1912
1241 88
1241 823
1241 1121
1241 412
1241 1762
1242 315
1242 174
1242 1625
1242 1049
1242 1429
1242 1908
1243 1119
1243 930
1243 231
1243 1880
1243 989
1243 1322
1243 462
1243 1140
1243 1958
1245 721
1245 253
1245 1130
1245 1849
1246 1818
1246 1830
1246 981
1246 798
1246 993
1246 298
1247 1753
1247 409
1247 595
1247 397
1247 1439
1247 1095
1248 637
1248 1785
1248 1460
1248 1581
1248 478
1248 852
1248 1468
1248 1674
1249 1589
1249 1090
1249 174
1249 1398
1249 1898
1250 1437
1250 136
1250 62
1250 1676
1250 1987
1250 298
1250 1281
1250 1425
1251 875
1251 968
1252 702
1252 183
1252 670
1252 1824
1252 1390
1252 745
1252 223
1253 922
1253 1240
1253 1544
1253 402
1253 332
1253 1217
1254 1243
1254 1526
1254 964
1254 838
1254 534
1254 1797
1254 157
1254 682
1256 1788
1256 197
1256 885
1256 881
1257 264
1257 1701
1257 1194
1257 877
1259 1324
1259 1608
1259 1598
1259 736
1259 670
1259 1052
1259 797
1259 1814
1259 1570
1259 1792
1260 387
1260 841
1260 618
1260 1360
1260 150
1260 135
1260 1876
1261 1724
1261 1797
1261 1771
1261 1143
1261 1926
1261 91
1261 677
1261 1922
1263 542
1263 322
1263 1977
1263 400
1263 94
1263 1305
1263 1392
1265 1019
1265 1380
1265 813
1266 327
1266 1593
1266 1427
1266 1259
1266 1015
1269 888
1269 797
1269 825
1269 568
1269 659
1269 366
1269 1270
1269 386
1269 1454
1269 777
1270 352
1270 1168
1270 206
1270 1530
1270 1570
1270 915
1271 719
1271 8
1271 1277
1271 1992
1271 1254
1271 725
1272 771
1272 1606
1272 75
1272 1627
1272 246
1272 1777
1273 618
1273 1520
1273 293
1273 1140
1274 38
1274 1377
1275 311
1275 88
1275 1730
1275 94
1275 419
1275 213
1275 1645
1276 88
1276 1446
1276 1566
1276 1610
1276 1606
1276 1247
1277 439
1277 709
1277 616
1277 1869
1279 938
1279 1323
1279 556
1280 410
1280 370
1280 1645
1281 1139
1281 284
1281 1033
1281 1601
1281 223
1281 1392
1281 1835
1282 19
1282 758
1282 676
1282 1878
1283 154
1283 482
1283 1787
1283 621
1283 1280
1283 1273
1283 1390
1283 1053
1285 1349
1286 54
1286 1374
1288 1401
1288 1601
1289 1577
1289 1209
1289 455
1289 1673
1291 1952
1291 1432
1291 1077
1292 216
1292 131
1292 634
1292 470
1292 415
1293 1288
1297 1564
1297 793
1297 1754
1298 1657
1298 540
1298 1537
1298 1377
1298 909
1298 206
1299 42
1299 1689
1299 1459
1299 1211
1299 1245
1300 1499
1300 1777
1300 1610
1300 1457
1300 1921
1301 54
1301 598
1301 1828
1301 1843
1301 1708
1301 709
1301 856
1301 1362
1301 238
1301 1030
1302 1907
1302 1217
1302 1828
1303 865
1303 913
1303 1323
1303 141
1303 1748
1303 448
1303 1086
1303 1200
1305 1175
1305 1226
1305 250
1305 1991
1305 789
1305 1151
1305 1298
1305 285
1307 1937
1307 692
1307 314
1307 375
1307 27
1307 1147
1307 114
1307 1668
1308 926
1308 1907
1308 280
1308 74
1308 1525
1308 72
1309 1842
1309 1417
1310 1117
1310 344
1310 445
1310 1272
1310 849
1310 643
1310 209
1312 1618
1312 667
1312 1865
1312 1548
1314 334
1314 1434
1314 1410
1314 1329
1314 670
1314 50
1314 1752
1315 1439
1315 1307
1315 493
1315 748
1315 959
1315 1746
1316 1943
1316 1514
1316 484
1316 1226
1317 1065
1317 1768
1317 426
1317 249
1317 1157
1318 736
1318 1843
1318 1513
1318 516
1318 8
1319 475
1319 1644
1319 1797
1319 1045
1319 1068
1319 1183
1319 852
1320 1624
1320 674
1320 705
1320 557
1320 1428
1320 1482
1320 1200
1320 1546
1320 1211
1320 964
1322 171
1322 779
1323 762
1323 1833
1323 1511
1323 52
1323 1466
1323 982
1323 709
1324 1957
1324 1664
1324 1931
1325 1515
1325 1792
1325 1547
1325 1576
1325 1829
1325 1674
1325 809
1328 204
1328 705
1328 928
1328 1038
1328 1676
1328 549
1328 1266
1328 83
1328 501
1329 86
1329 1436
1329 1691
1329 1867
1329 259
1330 689
1330 686
1330 548
1330 778
1330 1823
1330 1504
1330 1958
1331 1445
1331 1619
1331 48
1331 1205
1331 695
1331 1070
1331 1045
1331 249
1332 969
1332 188
1332 1041
1332 1880
1334 1091
1334 1556
1334 1400
1334 1482
1334 472
1334 1218
1334 1045
1334 183
1334 758
1334 108
1335 700
1335 841
1335 1804
1335 1583
1335 1341
1337 1115
1337 859
1337 1741
1337 1503
1337 1117
1337 23
1337 881
1337 438
1337 1390
1337 1499
1341 843
1341 1504
1341 737
1341 1773
1341 189
1341 1651
1341 1235
1341 908
1341 516
1341 122
1341 738
1342 506
1342 1958
1342 813
1342 1658
1342 482
1342 1916
1344 742
1344 734
1344 1129
1344 809
1344 1074
1344 595
1346 578
1346 2
1347 1631
1347 861
1347 1970
1347 897
1347 672
1348 1004
1348 578
1348 430
1348 1170
1348 905
1348 1351
1348 439
1348 981
1349 317
1349 133
1349 1461
1350 969
1350 1300
1350 931
1350 1967
1351 698
1351 404
1351 637
1351 1358
1351 1638
1353 1564
1353 1704
1353 1913
1355 551
1355 750
1355 1085
1355 554
1355 184
1355 178
1355 531
1355 1723
1355 822
1357 1621
1357 42
1358 1720
1358 1435
1358 236
1358 975
1358 1867
1358 1815
1359 125
1359 235
1359 823
1359 539
1359 1188
1359 1527
1359 1663
1359 1331
1359 1048
1360 1727
1360 485
1361 531
1361 333
1361 1734
1361 1091
1361 1066
1361 1666
1361 1792
1362 881
1362 1429
1362 273
1362 1813
1362 688
1362 128
1362 1991
1362 298
1363 1441
1363 1756
1363 1773
1363 1724
1363 1156
1363 1347
1363 1666
1363 947
1366 426
1366 1195
1366 1385
1366 1269
1366 677
1367 945
1367 799
1368 1503
1368 1801
1368 1831
1368 482
1369 696
1370 804
1370 1836
1370 106
1370 1990
1370 792
1370 1576
1372 178
1372 721
1372 1397
1372 136
1372 882
1372 984
1372 774
1374 680
1374 925
1374 1598
1374 1679
1374 799
1374 567
1375 1944
1375 1381
1375 1800
1375 1002
1377 289
1377 1973
1377 1547
1378 535
1378 1471
1378 1179
1378 1090
1378 882
1378 980
1379 651
1379 262
1379 42
1380 1446
1380 1245
1380 1874
1380 1155
1381 1342
1381 792
1382 1281
1382 1749
1382 322
1382 1154
1382 1991
1382 762
1382 947
1382 939
1383 1492
1383 1678
1383 839
1384 154
1384 953
1384 1394
1384 1390
1384 1633
1385 1168
1385 1836
1385 615
1385 746
1385 1071
1385 227
1385 274
1385 1200
1385 1789
1385 1084
1386 1974
1386 680
1386 442
1386 938
1386 1965
1388 657
1388 1143
1388 461
1388 1433
1388 1225
1388 1144
1388 708
1388 1673
1388 231
1390 659
1390 1380
1390 899
1390 157
1390 67
1390 1256
1391 422
1391 1051
1391 1436
1391 737
1391 781
1391 84
1392 117
1392 309
1392 1440
1394 1390
1394 883
1394 1594
1394 1807
1394 1831
1397 491
1397 1541
1397 452
1397 1156
1397 190
1398 1503
1398 148
1398 1902
1398 1521
1399 1878
1399 1819
1399 867
1399 481
1399 1320
1400 526
1400 1424
1400 977
1400 1071
1400 913
1400 1701
1400 41
1400 1048
1401 1066
1401 235
1401 117
1401 867
1401 466
1401 526
1401 1084
1401 1180
1401 1390
1401 567
1402 1323
1402 1280
1402 135
1402 798
1402 1645
1402 913
1403 740
1403 1665
1403 491
1404 933
1404 332
1404 1576
1404 433
1404 914
1405 590
1405 94
1405 812
1405 1993
1405 1044
1405 1305
1406 28
1406 1845
1406 1618
1406 1610
1407 705
1407 1468
1407 1563
1408 1922
1408 1719
1408 228
1408 623
1408 1909
1408 1816
1408 305
1409 101
1409 926
1409 1516
1409 231
1409 1391
1409 1288
1410 533
1410 280
1411 8
1411 828
1411 1063
1411 863
1412 1833
1412 42
1412 1271
1412 1932
1412 1648
1414 1530
1414 1975
1414 1299
1414 1829
1414 286
1414 1921
1414 853
1415 1101
1415 1154
1415 1397
1415 190
1415 1678
1415 825
1415 1800
1415 38
1416 1842
1416 1556
1416 570
1416 1703
1416 1922
1417 1830
1417 1205
1417 1534
1417 902
1417 75
1417 593
1418 643
1418 1337
1418 182
1418 725
1418 1882
1418 1113
1419 854
1419 91
1419 1476
1419 1547
1419 1759
1419 362
1419 1310
1420 771
1420 465
1420 718
1420 74
1420 1622
1420 634
1420 1310
1420 1891
1420 1778
1420 708
1420 837
1421 1730
1421 393
1421 737
1421 642
1421 1447
1421 861
1421 826
1423 1419
1424 214
1424 1915
1424 468
1424 106
1424 1995
1424 1786
1424 607
1424 1817
1424 687
1424 1320
1425 1385
1425 686
1425 483
1425 1186
1425 888
1425 1467
1425 81
1425 32
1427 1831
1427 793
1427 866
1427 1434
1427 534
1428 1185
1428 390
1428 500
1428 1391
1428 810
1428 1047
1428 1827
1429 781
1429 1240
1429 128
1429 1709
1430 1468
1430 597
1430 1592
1430 1400
1431 758
1431 1970
1431 704
1431 1062
1432 691
1432 682
1432 158
1432 1657
1432 1671
1432 1510
1433 424
1433 605
1433 1349
1433 77
1434 579
1434 1848
1434 540
1434 1680
1435 1174
1435 1452
1436 900
1436 1300
1436 1417
1436 1952
1436 15
1436 1286
1436 285
1436 1940
1437 48
1437 625
1437 121
1437 633
1437 289
1437 754
1438 1357
1438 1922
1438 762
1438 1659
1438 1353
1438 1785
1438 779
1438 370
1439 1179
1439 627
1439 423
1440 418
1440 1341
1440 89
1440 386
1440 905
1440 621
1441 682
1441 228
1441 127
1441 506
1441 445
1441 1840
1442 1190
1442 1633
1442 1604
1442 1941
1442 934
1442 1325
1442 436
1442 847
1442 672
1445 1863
1445 1773
1445 22
1445 1266
1445 1637
1445 1804
1446 1162
1446 720
1446 615
1446 1893
1446 1944
1446 1996
1446 899
1447 974
1447 721
1447 1920
1447 1312
1447 1231
1447 1704
1447 466
1448 475
1448 185
1448 664
1448 1461
1448 152
1449 979
1449 719
1449 1995
1449 1215
1449 448
1449 1908
1449 1822
1450 208
1450 827
1450 1948
1450 197
1450 1362
1451 269
1451 1538
1451 1833
1451 423
1452 223
1452 1789
1453 30
1453 1832
1453 1987
1453 1642
1453 910
1453 461
1453 1032
1453 1657
1454 33
1454 1423
1454 957
1455 460
1456 140
1456 1817
1456 1002
1456 1004
1457 393
1457 1397
1457 798
1457 810
1457 391
1457 1897
1458 933
1458 413
1458 1566
1458 1535
1458 1937
1458 221
1458 1328
1459 1866
1459 1494
1459 446
1459 486
1459 952
1459 1539
1459 743
1459 1647
1459 1699
1460 1334
1460 1800
1460 1899
1461 1537
1461 1992
1461 1800
1461 677
1461 153
1461 1597
1461 465
1463 932
1463 618
1463 1147
1463 1897
1463 1004
1465 1483
1465 93
1465 270
1465 776
1465 792
1465 1822
1465 1941
1465 137
1465 765
1466 1874
1467 349
1467 1626
1467 1017
1467 1291
1468 235
1468 892
1468 1430
1468 563
1468 531
1470 908
1470 190
1470 1745
1471 224
1471 236
1471 484
1471 1926
1471 128
1473 1423
1473 1928
1473 581
1473 1893
1473 132
1475 1195
1475 1194
1475 722
1475 1465
1475 1162
1475 1410
1475 1687
1476 1341
1476 1018
1476 1813
1476 48
1476 1677
1476 1177
1476 926
1476 1818
1476 770
1476 1691
1476 578
1476 1078
1477 1830
1477 1597
1477 344
1477 282
1477 1795
1477 1129
1477 1423
1477 1622
1479 1386
1479 730
1479 1807
1479 1481
1479 1953
1479 957
1479 992
1479 837
1480 1745
1480 1257
1480 688
1480 91
1481 1279
1482 1511
1482 448
1482 1249
1482 378
1482 377
1482 1887
1482 364
1483 1817
1483 1689
1483 504
1483 1282
1484 1755
1484 815
1484 347
1484 1398
1484 785
1484 938
1484 180
1487 1151
1487 461
1487 313
1487 1971
1487 440
1487 381
1487 570
1488 1391
1488 1394
1488 563
1488 362
1488 203
1489 1960
1489 643
1489 1758
1491 1570
1491 106
1491 1138
1491 925
1491 1465
1491 423
1491 1907
1491 478
1491 320
1492 342
1492 1918
1492 346
1492 684
1492 721
1494 1253
1494 1566
1494 666
1495 1052
1495 135
1495 183
1495 329
1495 1540
1495 759
1498 491
1498 1129
1498 1465
1498 1006
1498 1650
1498 506
1498 1511
1498 967
1498 384
1499 1512
1499 1416
1499 1666
1501 1522
1501 1205
1501 501
1501 479
1501 206
1501 1743
1502 1998
1502 1953
1502 753
1502 1481
1502 1154
1502 535
1502 77
1503 650
1503 1291
1503 207
1503 1451
1503 486
1503 660
1503 218
1503 1099
1503 618
1503 421
1504 1196
1504 546
1504 1907
1504 454
1504 479
1504 1643
1504 1156
1504 1594
1506 1274
1506 1724
1506 1818
1506 150
1506 908
1507 15
1507 700
1507 1540
1507 452
1507 793
1507 1727
1507 353
1507 1028
1508 807
1508 188
1508 1450
1510 465
1510 1752
1510 409
1511 942
1511 1795
1511 236
1511 249
1512 1215
1512 828
1512 1242
1512 1907
1512 875
1512 673
1513 328
1513 1667
1513 843
1513 516
1513 863
1513 725
1513 1459
1513 1966
1513 1771
1514 1912
1514 813
1514 742
1514 132
1514 356
1514 849
1514 494
1515 1406
1515 1218
1515 483
1515 1573
1515 740
1515 416
1515 242
1516 810
1516 1218
1516 975
1516 1880
1516 548
1516 595
1517 594
1517 1729
1520 1219
1520 1274
1520 1468
1520 175
1520 933
1521 1399
1521 839
1521 475
1521 1581
1521 574
1521 867
1522 1517
1522 1067
1522 739
1522 1931
1522 1727
1522 1771
1522 1776
1525 1644
1525 1176
1525 1091
1525 1868
1525 1266
1525 1566
1525 1260
1525 1912
1527 992
1527 674
1527 851
1527 1595
1527 935
1528 819
1528 1580
1528 991
1528 1240
1528 1139
1528 1108
1529 1683
1529 1286
1529 722
1529 1925
1529 1121
1529 1950
1530 1827
1530 264
1530 137
1530 1535
1530 1931
1530 1811
1530 223
1530 932
1530 267
1530 1140
1530 1331
1530 1066
1530 1190
1532 1942
1532 987
1532 337
1532 1091
1533 1182
1533 436
1533 389
1533 52
1534 1417
1534 1622
1534 1782
1534 1265
1535 184
1535 1097
1535 838
1535 791
1537 1164
1537 1807
1537 28
1537 52
1537 1676
1537 1615
1537 754
1537 1128
1537 298
1537 1998
1537 1723
1537 270
1537 1398
1538 1688
1538 479
1538 1471
1538 1266
1538 1169
1538 894
1538 1588
1538 518
1538 1772
1538 754
1539 1512
1539 1734
1539 533
1539 1760
1540 1133
1540 1113
1540 807
1540 223
1540 1475
1541 1360
1541 219
1541 234
1541 1608
1541 1671
1541 1601
1541 143
1541 568
1542 571
1542 220
1542 1695
1542 1418
1542 247
1543 960
1543 1052
1543 470
1544 562
1544 1154
1544 1176
1544 1936
1544 1466
1545 1697
1545 1312
1545 1683
1545 1827
1545 377
1545 457
1546 765
1546 1899
1546 1896
1546 163
1547 1708
1547 95
1547 697
1547 759
1547 1596
1548 881
1548 1908
1548 1916
1548 885
1548 927
1548 371
1549 1681
1549 1773
1549 583
1549 1013
1549 1247
1550 662
1550 1030
1550 1176
1550 1094
1551 1592
1551 443
1551 1601
1551 1796
1551 418
1551 1526
1552 580
1552 526
1552 154
1552 1223
1552 1242
1552 372
1553 1933
1553 773
1553 1013
1553 8
1553 900
1553 769
1553 437
1555 573
1555 1642
1555 798
1555 1438
1555 1542
1555 1751
1555 555
1555 1746
1555 1207
1556 489
1556 406
1556 250
1558 1226
1558 1506
1558 1774
1558 470
1558 271
1558 1940
1559 1141
1559 701
1559 32
1559 491
1559 1205
1559 1865
1559 98
1562 745
1562 1896
1562 1317
1562 1724
1562 241
1563 1817
1563 1391
1563 632
1563 862
1564 989
1564 326
1564 1066
1564 1915
1564 1001
1565 1890
1565 175
1565 83
1565 1814
1566 1501
1566 1804
1566 1477
1568 377
1568 629
1568 1367
1568 1920
1568 846
1570 1876
1570 1452
1570 798
1570 201
1570 1217
1570 1599
1570 1236
1570 296
1571 1465
1571 1756
1571 1358
1571 1753
1571 1453
1572 497
1572 364
1572 688
1573 817
1573 1397
1573 369
1573 1559
1573 1722
1573 746
1573 204
1574 1465
1574 742
1574 700
1574 791
1576 322
1576 1322
1576 1293
1576 462
1576 722
1577 1855
1577 1749
1577 1312
1577 1394
1578 1222
1578 370
1578 1833
1580 1764
1580 136
1580 357
1581 311
1581 1498
1581 455
1581 786
1582 1592
1582 126
1582 286
1582 1406
1582 981
1582 79
1582 1814
1582 730
1582 282
1583 1553
1583 978
1583 1185
1583 158
1584 111
1584 1282
1584 1081
1584 1385
1584 165
1584 758
1584 230
1584 93
1584 753
1584 1017
1586 1408
1586 609
1586 1438
1586 1157
1586 1856
1586 391
1586 885
1588 1267
1588 697
1588 1611
1588 758
1588 166
1588 1041
1588 1570
1588 1700
1588 392
1588 1111
1589 1764
1589 1832
1589 1403
1589 1386
1589 1549
1589 1141
1589 133
1589 1831
1590 623
1590 1743
1590 1667
1590 779
1590 214
1590 743
1590 692
1590 1982
1590 893
1592 1119
1592 1424
1592 1167
1592 1513
1593 1450
1593 1121
1593 1955
1593 1867
1593 1435
1594 1848
1595 580
1595 426
1595 1624
1595 1351
1595 1544
1595 1549
1595 312
1595 391
1595 1673
1595 1664
1595 1211
1596 1542
1596 1344
1596 1872
1596 1075
1596 1997
1596 978
1596 594
1597 897
1597 1513
1597 1971
1597 1580
1597 1467
1597 529
1598 1995
1598 531
1598 371
1598 1323
1598 740
1598 1688
1598 1288
1598 47
1598 1325
1598 989
1598 620
1598 199
1599 267
1599 222
1599 282
1599 1640
1599 1737
1599 1337
1599 1717
1601 22
1601 393
1601 423
1603 1842
1603 321
1603 1446
1603 1447
1603 1301
1603 22
1603 1595
1604 315
1604 269
1604 551
1604 87
1604 1038
1604 999
1604 714
1605 662
1605 1813
1605 795
1605 1740
1605 725
1606 1897
1606 1357
1606 531
1606 808
1606 584
1606 1516
1608 1683
1608 1966
1610 741
1610 1292
1610 1861
1610 1427
1610 222
1610 760
1610 1185
1611 772
1611 697
1611 1544
1611 910
1611 1018
1611 730
1611 1004
1611 195
1611 313
1612 1928
1612 1052
1612 1299
1612 1046
1615 1098
1615 871
1615 997
1617 321
1617 1249
1617 709
1617 1858
1617 393
1617 1701
1618 943
1618 374
1619 730
1619 1707
1621 1926
1621 1214
1622 1015
1622 1186
1622 942
1622 1113
1624 136
1624 391
1624 321
1624 79
1625 1869
1625 1887
1625 1978
1625 588
1625 1219
1626 1974
1626 634
1626 408
1626 1787
1626 1843
1626 1455
1627 97
1627 619
1627 1280
1627 1259
1627 501
1629 1508
1629 1776
1631 40
1631 237
1631 915
1631 184
1631 1180
1631 480
1632 1728
1632 1180
1632 1151
1632 1553
1633 1724
1633 291
1633 1074
1633 789
1633 612
1637 680
1637 1107
1637 506
1637 993
1637 1951
1637 989
1638 478
1638 153
1638 1458
1640 543
1640 1962
1640 443
1640 1549
1640 1748
1640 483
1640 1439
1641 1223
1641 1545
1641 1577
1641 247
1641 393
1641 1041
1641 1788
1641 135
1642 1640
1642 1369
1642 822
1642 1028
1642 697
1643 1937
1643 1222
1643 1868
1643 1279
1643 1570
1643 556
1643 79
1644 987
1644 415
1644 1224
1644 1922
1645 1046
1645 332
1645 227
1645 1897
1645 1583
1645 1113
1647 1690
1647 627
1647 1821
1647 1157
1648 865
1648 1515
1648 1995
1648 805
1648 1862
1648 1224
1648 1424
1650 1673
1650 133
1650 1574
1650 884
1651 770
1651 62
1651 241
1651 1241
1651 118
1651 1571
1652 1305
1652 1576
1652 2
1652 42
1652 1276
1653 1993
1654 945
1654 1368
1654 1529
1654 754
1654 1611
1654 607
1654 1256
1657 665
1657 1562
1657 642
1657 1893
1658 23
1658 1164
1658 483
1658 997
1658 1893
1658 1921
1659 595
1659 928
1659 1543
1660 139
1660 854
1660 122
1660 126
1660 1058
1660 1307
1660 1840
1660 1578
1662 413
1662 206
1662 629
1662 618
1662 1184
1663 206
1663 1965
1663 1720
1663 185
1663 183
1663 79
1664 483
1664 1270
1664 1233
1664 1015
1664 1454
1664 1734
1665 1931
1665 1214
1665 392
1665 1305
1666 705
1666 1071
1666 491
1666 1707
1666 267
1666 442
1666 1027
1667 388
1667 1323
1667 628
1667 1448
1667 1242
1668 501
1668 650
1668 1119
1668 507
1668 1466
1668 1759
1669 1078
1669 952
1671 396
1671 1603
1671 1730
1671 1400
1671 777
1671 1807
1671 19
1671 907
1672 1186
1672 1430
1672 1705
1672 1665
1672 1540
1672 1131
1672 632
1672 686
1672 1102
1672 737
1673 1068
1673 1668
1673 379
1673 197
1673 1804
1673 542
1674 1484
1674 1447
1674 1176
1674 1647
1674 1225
1676 1060
1676 921
1676 150
1676 1409
1676 1862
1676 765
1676 1308
1677 680
1677 234
1677 450
1677 691
1677 1380
1677 1663
1678 1804
1678 771
1678 464
1679 625
1679 511
1679 40
1679 54
1679 993
1679 131
1679 776
1679 1175
1679 296
1680 238
1680 102
1680 1314
1680 481
1680 101
1680 437
1680 646
1681 1209
1681 1772
1681 1818
1681 1194
1681 99
1681 1622
1681 1473
1681 81
1681 1624
1682 1372
1682 1479
1682 551
1682 644
1682 1071
1683 1947
1683 131
1683 959
1683 559
1686 1027
1686 988
1686 1682
1686 854
1686 296
1687 234
1687 903
1687 684
1687 999
1688 670
1688 1415
1688 222
1689 496
1689 1317
1689 707
1689 286
1689 1759
1689 233
1689 366
1689 1031
1689 1402
1690 1868
1690 262
1690 1085
1690 1188
1690 555
1690 156
1690 172
1690 309
1690 922
1691 2
1691 631
1691 911
1691 1917
1691 885
1691 141
1691 1048
1691 1956
1691 1566
1695 883
1695 274
1695 548
1695 1388
1695 491
1695 567
1695 1033
1697 615
1697 1647
1697 312
1697 264
1697 1510
1697 1379
1697 1785
1699 908
1699 786
1699 1641
1700 1369
1700 960
1700 446
1700 1101
1700 521
1700 1734
1700 1283
1701 950
1701 1891
1701 1737
1701 1932
1701 1671
1701 1162
1703 305
1703 1238
1703 162
1703 872
1703 32
1704 472
1704 1947
1704 1144
1704 1315
1704 835
1704 805
1704 1669
1705 138
1705 1166
1705 719
1705 1363
1705 1963
1705 430
1707 1029
1707 1990
1707 1318
1707 1188
1708 1075
1708 893
1708 562
1708 281
1708 1266
1708 1466
1708 1789
1708 1753
1708 1800
1708 1189
1708 293
1709 1898
1709 526
1709 473
1710 1416
1710 1765
1710 1218
1710 1995
1710 346
1710 900
1711 547
1711 1645
1711 32
1715 813
1715 1535
1715 588
1715 788
1717 965
1717 1060
1717 1830
1717 1135
1717 62
1717 308
1717 730
1719 1594
1719 357
1719 59
1722 83
1722 1357
1723 1052
1723 1967
1723 1817
1723 564
1724 868
1724 1241
1724 289
1724 1483
1724 1912
1724 629
1724 99
1725 1247
1725 293
1725 1475
1725 347
1725 1406
1725 70
1727 347
1727 389
1727 305
1727 1545
1727 1603
1727 565
1728 1865
1728 470
1728 1840
1728 1170
1728 778
1728 89
1728 1037
1728 225
1729 748
1729 826
1729 1091
1729 1465
1730 1248
1730 1282
1730 1480
1734 221
1734 1048
1734 1164
1734 720
1735 1407
1735 1996
1735 1662
1735 640
1735 1400
1736 807
1736 501
1736 42
1736 1800
1736 914
1736 763
1737 303
1737 826
1737 1154
1737 1642
1740 473
1740 881
1740 1176
1740 877
1740 692
1741 1067
1741 1863
1741 1496
1741 1283
1741 603
1741 135
1742 748
1742 1101
1742 865
1743 1171
1743 1292
1743 1016
1744 1256
1744 616
1744 1887
1744 1514
1745 1125
1745 1166
1745 1957
1745 840
1745 280
1745 1475
1745 583
1745 411
1746 740
1747 356
1747 413
1747 1087
1747 1266
1747 939
1747 1279
1748 1898
1748 1013
1748 1831
1748 637
1748 1697
1748 1440
1748 1401
1748 697
1748 468
1748 575
1749 1334
1749 1827
1749 1884
1749 113
1749 582
1749 62
1749 1256
1749 738
1750 1137
1750 607
1750 302
1750 1353
1750 808
1750 1893
1751 692
1751 373
1751 663
1751 583
1751 1470
1751 1067
1752 975
1752 1922
1752 176
1752 479
1752 1057
1752 1273
1753 97
1753 145
1753 235
1754 775
1754 826
1754 1643
1754 65
1754 285
1755 1038
1755 792
1755 607
1755 38
1755 413
1756 79
1756 1363
1757 1891
1757 1225
1757 132
1757 1728
1757 1166
1757 788
1758 1065
1758 41
1758 1358
1758 167
1758 698
1758 657
1758 906
1758 1937
1758 213
1759 974
1759 798
1759 721
1759 1496
1759 1515
1760 34
1760 923
1760 1621
1760 950
1760 1807
1762 1902
1762 1577
1762 1773
1764 1415
1764 770
1764 1565
1764 433
1764 1548
1764 356
1765 1406
1765 921
1765 1062
1765 1314
1765 285
1765 1348
1765 989
1766 766
1766 1380
1766 1869
1766 361
1766 1456
1768 1962
1768 1658
1768 1074
1768 1383
1770 453
1770 240
1770 841
1770 1612
1771 1196
1771 1096
1771 450
1771 682
1771 1130
1772 1408
1772 1722
1772 1060
1772 1651
1772 923
1773 959
1773 1935
1773 945
1773 1953
1773 369
1774 516
1774 1136
1774 1006
1774 1454
1774 1875
1774 328
1774 249
1774 1361
1774 1016
1775 925
1775 629
1775 422
1775 227
1775 1917
1775 1374
1776 1727
1776 423
1776 1577
1776 371
1776 938
1776 1368
1777 489
1777 329
1777 1213
1777 347
1778 415
1778 702
1778 890
1778 32
1778 1182
1778 682
1778 509
1778 1241
1778 679
1779 1717
1779 63
1779 1689
1779 1329
1779 943
1779 334
1781 628
1781 1645
1781 952
1781 347
1781 502
1782 261
1782 555
1784 872
1784 737
1784 722
1784 811
1784 1141
1784 1586
1785 1516
1785 0
1785 609
1785 1496
1785 1211
1785 480
1785 657
1786 1632
1786 797
1786 1633
1786 1924
1787 247
1787 838
1787 1439
1787 1958
1787 1071
1787 1534
1787 1310
1787 353
1787 153
1788 1248
1788 1514
1789 875
1789 1014
1789 906
1789 683
1789 1891
1789 1015
1789 871
1790 1063
1790 648
1792 984
1792 777
1792 303
1792 750
1792 997
1795 899
1795 1367
1795 662
1796 1259
1796 356
1796 1495
1796 579
1796 1283
1797 1458
1797 350
1797 593
1797 1386
1797 751
1797 837
1797 420
1798 159
1798 306
1798 785
1800 807
1800 139
1800 1366
1800 881
1800 1292
1800 203
1800 1432
1801 287
1801 1180
1801 364
1801 654
1801 143
1801 1002
1801 1366
1801 1978
1801 592
1801 1117
1802 993
1802 388
1802 1139
1802 1085
1802 922
1804 453
1804 349
1804 556
1804 378
1804 778
1804 1382
1804 791
1804 62
1806 665
1806 1116
1806 1317
1806 1257
1806 1203
1806 1512
1806 988
1806 209
1806 1547
1807 1686
1807 331
1808 1861
1808 1013
1808 1360
1808 696
1810 113
1810 1770
1811 71
1811 784
1811 1751
1811 1729
1811 561
1812 1654
1812 1276
1812 454
1812 1948
1812 242
1813 190
1813 1690
1813 145
1813 1091
1813 1788
1813 1553
1814 1787
1814 626
1814 1039
1814 176
1814 737
1814 237
1814 1501
1814 437
1815 1323
1815 806
1815 1629
1815 131
1815 1503
1816 1388
1816 1350
1816 1081
1816 218
1817 944
1817 134
1817 1162
1817 465
1817 1379
1817 235
1817 590
1818 151
1818 1883
1818 1446
1819 1401
1819 695
1819 216
1819 1595
1819 213
1821 1984
1821 1094
1821 1707
1821 1350
1821 1730
1821 676
1822 812
1822 441
1822 1777
1822 1068
1822 676
1822 1414
1822 1362
1822 719
1823 1773
1823 812
1823 1324
1823 1086
1823 982
1823 1451
1824 283
1824 491
1824 1223
1824 987
1824 810
1824 1864
1824 992
1824 1963
1824 1995
1825 154
1825 1790
1825 102
1825 779
1825 452
1825 640
1827 1459
1827 745
1828 544
1828 1170
1828 1027
1828 808
1829 1652
1829 1973
1829 997
1829 890
1830 314
1830 1117
1830 249
1830 524
1830 1049
1830 330
1830 1825
1830 1654
1830 547
1831 1865
1831 402
1831 638
1831 488
1831 457
1831 740
1831 374
1832 1237
1832 788
1833 1991
1833 1401
1833 794
1833 172
1833 101
1833 58
1833 19
1835 1107
1835 1180
1835 716
1835 151
1835 1647
1835 1735
1836 1205
1836 265
1836 789
1836 1796
1836 1114
1836 229
1840 894
1840 74
1840 1179
1840 789
1840 144
1840 1787
1840 1041
1840 1260
1840 1865
1840 1786
1842 282
1842 1539
1843 588
1843 1096
1843 1319
1843 1642
1843 1286
1845 1056
1845 1804
1845 1361
1845 470
1848 327
1848 443
1848 276
1848 113
1848 604
1848 1213
1849 1967
1849 702
1849 1990
1849 625
1849 451
1849 646
1849 1604
1850 1174
1850 1940
1850 1101
1850 1118
1850 1231
1855 1148
1855 1654
1855 314
1855 766
1856 1666
1856 850
1856 1228
1856 1456
1856 954
1856 159
1856 1013
1858 1405
1858 154
1858 564
1858 1291
1858 203
1860 720
1860 426
1860 493
1860 1784
1860 71
1860 584
1861 1305
1861 1068
1861 651
1861 830
1862 356
1862 1140
1862 1257
1862 1991
1862 681
1862 722
1863 218
1863 135
1863 43
1863 364
1864 1101
1864 771
1864 684
1864 809
1864 284
1864 1908
1865 859
1865 565
1866 594
1866 1781
1866 1828
1866 1495
1866 1995
1867 81
1867 822
1867 1128
1867 1190
1867 1075
1867 1823
1867 83
1867 372
1867 178
1868 1337
1868 1108
1868 631
1868 335
1868 1308
1868 872
1868 1608
1868 779
1868 450
1869 981
1869 305
1869 653
1869 1511
1872 840
1872 1669
1872 1814
1872 1075
1872 422
1873 621
1873 1816
1873 452
1873 872
1873 807
1873 1166
1873 243
1873 709
1874 926
1874 1431
1874 1665
1874 237
1874 484
1874 912
1874 1529
1874 941
1874 1991
1875 356
1875 455
1875 1813
1875 1812
1875 1437
1875 952
1876 953
1876 1753
1876 27
1876 687
1876 930
1876 720
1876 1940
1876 1842
1878 1252
1878 1787
1878 1898
1878 1031
1878 250
1879 1190
1879 528
1880 1350
1880 1048
1880 675
1880 509
1880 261
1880 1985
1880 557
1880 849
1880 1248
1880 1994
1880 1222
1882 226
1882 1890
1882 142
1882 1887
1882 841
1882 1525
1883 903
1883 1527
1884 1011
1884 1894
1884 1411
1884 1659
1885 432
1885 1548
1885 1375
1885 1906
1885 1538
1885 220
1885 1819
1885 909
1885 1662
1887 225
1887 1658
1887 1752
1887 422
1887 1683
1887 1407
1887 1044
1887 277
1890 745
1893 1391
1893 546
1893 1824
1893 1858
1893 1729
1893 648
1894 686
1894 1848
1894 1488
1894 752
1894 1955
1894 1611
1895 875
1895 264
1895 669
1895 825
1895 807
1895 1223
1895 1416
1896 779
1896 561
1896 851
1896 1543
1896 1101
1896 1817
1896 793
1896 1351
1896 675
1897 208
1897 1954
1898 642
1898 206
1898 843
1898 1439
1898 243
1898 769
1898 1467
1898 852
1899 238
1899 377
1899 1425
1899 1108
1899 1674
1900 892
1900 714
1901 714
1901 957
1901 1184
1901 1988
1901 1427
1901 377
1902 222
1902 128
1902 675
1902 709
1902 421
1902 1676
1902 850
1902 1576
1902 311
1902 643
1905 1578
1905 1669
1905 1541
1905 381
1905 439
1905 49
1906 1155
1906 1993
1906 1216
1906 737
1906 438
1907 1704
1907 1663
1907 284
1907 1642
1907 564
1907 133
1907 121
1908 656
1908 1300
1908 1990
1908 548
1909 140
1909 1151
1909 1423
1909 1184
1909 138
1909 1625
1909 1987
1909 1090
1909 1724
1910 1855
1910 1950
1910 1325
1910 784
1910 1928
1910 544
1910 1795
1911 1678
1911 1111
1912 1046
1912 306
1912 1568
1913 1568
1913 1800
1913 1582
1913 1973
1913 897
1913 790
1913 1770
1913 1128
1913 176
1913 1747
1913 1071
1913 961
1913 82
1915 1568
1915 687
1915 247
1915 91
1915 1437
1916 22
1916 1759
1916 237
1916 1627
1917 1695
1917 298
1917 1603
1917 891
1917 1856
1918 850
1918 1318
1918 1207
1918 1141
1918 803
1920 940
1920 1615
1920 948
1920 1015
1920 695
1920 687
1920 65
1921 612
1921 1397
1921 214
1921 915
1922 1562
1922 1483
1922 610
1922 1760
1922 350
1922 1756
1922 1653
1922 333
1924 594
1924 1913
1924 1149
1924 366
1925 1398
1925 1048
1925 143
1926 1359
1926 745
1926 1056
1926 32
1926 1876
1926 286
1928 926
1928 1975
1928 378
1928 1328
1928 1388
1928 1584
1928 1038
1928 1097
1931 978
1932 982
1932 912
1932 503
1932 1725
1933 329
1933 1885
1933 587
1933 1637
1935 596
1935 1815
1935 1428
1936 328
1936 1935
1936 1350
1936 1550
1936 1286
1936 947
1936 518
1936 400
1936 1468
1936 1118
1936 1555
1936 1135
1937 914
1937 777
1937 892
1940 913
1940 1136
1940 93
1940 861
1940 191
1940 853
1941 117
1941 138
1942 1349
1942 1031
1942 701
1942 70
1943 993
1943 131
1943 389
1943 609
1943 1965
1943 1050
1944 1460
1944 992
1944 1391
1944 1298
1944 199
1947 1099
1947 171
1948 859
1948 786
1948 285
1948 1409
1948 1379
1950 1058
1950 1266
1950 1787
1951 1141
1952 224
1952 803
1952 1865
1952 1169
1952 1724
1953 1307
1953 1864
1953 285
1953 1520
1953 1441
1953 309
1954 1155
1954 1504
1954 225
1954 720
1955 1467
1955 1332
1955 730
1955 1277
1955 741
1956 1430
1956 1154
1956 1469
1956 227
1956 963
1956 1495
1957 457
1957 1384
1957 1288
1958 1619
1958 722
1958 1286
1958 1060
1958 1399
1959 1374
1959 1380
1959 1257
1959 447
1959 1549
1959 1060
1959 286
1959 1572
1959 137
1959 1736
1959 1862
1959 1498
1959 923
1959 371
1959 961
1959 1811
1960 753
1960 1836
1960 329
1960 794
1960 189
1960 1645
1962 409
1962 950
1962 1037
1962 787
1962 455
1962 387
1963 1071
1963 718
1963 1214
1965 631
1965 1114
1965 1458
1966 1379
1966 1710
1966 905
1966 79
1967 807
1967 399
1967 1876
1967 384
1967 707
1967 564
1970 1921
1970 1594
1970 1710
1970 1410
1970 719
1971 1774
1971 946
1971 1657
1971 1070
1971 942
1971 576
1973 507
1973 313
1973 574
1973 1189
1973 1246
1973 1384
1973 1467
1974 554
1974 1850
1974 961
1975 1392
1975 1241
1975 1659
1975 975
1975 1808
1975 79
1977 1864
1977 327
1977 1991
1977 1527
1977 565
1977 1222
1977 1757
1977 440
1978 75
1978 1855
1978 1164
1978 426
1978 1144
1978 1496
1978 1006
1978 909
1982 950
1982 1737
1982 1689
1982 900
1984 1126
1984 698
1984 369
1984 1638
1984 778
1985 884
1985 837
1985 392
1985 1610
1985 665
1987 1745
1987 422
1987 1872
1987 193
1987 1380
1987 1861
1988 1740
1988 794
1988 1804
1988 1647
1988 195
1990 156
1990 1303
1990 1260
1990 421
1990 320
1990 301
1990 928
1991 735
1991 1737
1991 374
1991 135
1991 373
1991 1233
1991 1118
1992 1081
1992 1137
1992 1048
1992 1764
1992 655
1992 1619
1992 1251
1993 418
1993 648
1994 1260
1994 1683
1994 1465
1994 84
1995 248
1995 0
1995 1611
1995 253
1995 385
1996 853
1996 638
1996 1179
1997 1136
1997 1932
1997 691
1998 79
1998 1175
1998 696
1999 1054
1999 175
1999 812
1999 1469
1999 1303
1999 1249
1999 1431
1999 583
