0 1307
0 1439
0 642
0 626
0 1663
0 419
0 1625
1 751
1 1436
1 1594
1 1818
1 1758
2 673
2 669
2 131
2 178
2 1193
2 342
2 544
3 354
3 1561
3 501
3 280
3 1539
3 1212
4 992
4 1953
4 1258
4 932
4 97
4 1271
4 1914
6 1710
6 681
6 501
6 442
6 829
6 973
6 447
7 1756
7 114
7 1893
7 1807
8 1252
8 1433
8 254
8 844
8 1949
8 1657
8 1803
8 1190
9 1017
9 674
9 116
9 1748
9 1464
11 794
11 420
11 1182
11 89
11 1020
11 788
11 282
11 951
12 1436
12 1308
12 1199
12 813
12 1266
13 89
13 1796
13 1386
13 199
13 197
13 1288
13 1328
14 611
14 148
14 1298
14 561
14 171
14 309
15 1722
15 616
15 1834
15 1927
15 413
15 328
16 1218
16 1423
16 362
16 62
16 1186
16 1618
19 1776
19 1742
19 1413
19 1232
19 1113
20 1711
20 461
20 1557
21 1764
21 966
21 1232
21 742
21 1165
23 1967
23 114
23 38
23 1852
23 1285
23 1705
23 615
24 43
24 1646
24 1605
24 1878
24 1835
24 772
24 1925
25 679
25 1622
25 1878
25 169
27 170
27 1743
27 1122
27 83
27 1594
27 725
28 830
28 1326
28 424
28 144
28 947
29 525
29 644
29 1495
29 1185
29 1279
29 730
30 222
30 268
30 812
32 1439
32 1956
32 469
32 1491
32 408
32 1666
32 1305
32 954
32 733
34 1079
34 1271
34 335
34 1751
34 1472
34 159
34 770
34 1133
36 1596
36 1588
36 533
36 1397
36 683
36 827
36 1978
36 1956
38 148
38 1270
39 1417
39 724
39 645
39 1335
39 379
39 1003
39 401
39 270
40 199
40 1052
41 827
41 1284
42 1545
42 1134
42 394
42 1063
42 178
42 183
42 728
42 904
42 345
42 860
43 1283
43 1545
43 754
43 1977
43 1918
43 1994
43 1375
43 1565
43 1195
43 1776
44 1832
44 595
44 467
44 1754
44 1223
44 502
44 64
44 1862
47 1839
47 898
47 135
49 668
49 1995
49 1972
49 1332
49 381
50 1075
50 1308
50 1367
50 1269
50 569
50 1270
50 1171
51 387
51 1710
51 612
51 1597
51 1442
51 865
51 693
52 1393
53 1665
53 532
53 454
53 209
53 693
54 1659
54 1156
54 1002
54 630
54 257
54 976
55 199
55 1799
55 173
55 1625
55 331
55 1632
55 1614
55 414
55 700
56 467
56 314
56 1170
56 1271
56 1680
56 1350
58 1401
58 1242
58 812
58 656
58 999
58 1312
58 1357
60 1659
60 1432
60 426
60 474
60 1002
60 319
60 311
60 1707
60 1447
61 1559
61 139
61 1612
61 148
61 908
61 884
61 1996
62 1340
62 678
62 1305
62 1266
62 588
62 558
62 385
63 1044
63 1293
63 1842
63 891
64 809
64 537
64 374
65 1000
65 1966
65 424
65 250
65 56
65 1901
65 821
65 1024
65 888
65 440
66 611
66 1261
66 135
66 962
66 801
68 390
68 83
68 235
68 526
68 1693
68 1546
68 1054
68 838
68 1305
69 1068
69 809
69 1508
69 1377
69 908
70 573
70 362
70 55
70 202
71 976
71 677
71 401
71 329
71 1518
71 1160
71 727
71 1236
73 1337
73 41
73 323
73 418
75 1328
75 1079
76 1747
76 338
76 840
76 1153
76 245
76 1547
76 230
78 909
78 626
78 228
78 895
78 1313
78 1054
78 1679
81 601
81 460
81 1463
81 866
81 937
81 1634
81 1476
82 799
82 98
82 894
82 383
82 290
82 1207
83 966
83 1920
83 676
83 974
83 1113
86 745
86 1394
86 1966
86 309
86 755
86 801
88 639
88 241
88 1362
88 1976
89 152
89 1124
89 1750
89 1091
89 1645
89 1474
90 1122
90 946
90 1157
90 1271
90 728
90 1997
92 1205
92 607
92 386
92 272
95 436
95 1238
95 1866
95 442
95 1019
97 1996
97 1613
97 195
97 805
97 1292
97 354
97 19
97 1639
98 997
98 547
98 1641
98 1082
98 1470
98 522
98 756
98 1037
100 1977
100 83
100 1404
100 693
100 459
100 106
100 154
100 1374
100 1596
100 1945
101 1847
101 104
101 197
101 1700
101 249
103 1557
103 1762
103 569
103 1466
103 330
103 1316
103 19
103 1186
103 1070
104 813
104 1409
105 554
105 861
105 1436
105 672
105 321
105 248
105 953
105 788
105 853
105 285
106 962
106 275
106 1979
106 686
106 55
107 926
107 1086
108 678
108 908
108 680
108 1955
108 920
108 1668
108 1395
110 1571
110 774
110 659
110 406
110 1294
110 1714
110 1722
110 323
110 649
110 993
110 235
112 1626
113 668
113 1225
113 580
113 1426
113 1476
113 1353
113 550
114 1197
114 1942
114 433
114 1816
114 78
114 405
114 323
114 297
114 458
115 1383
115 676
115 1636
115 1607
115 1250
115 1996
115 747
116 1581
116 1917
119 30
119 590
119 1470
119 1541
119 1741
119 419
120 1234
120 182
120 1851
121 120
121 994
121 1191
121 1407
121 548
122 1603
122 1782
122 435
124 651
124 863
125 1185
125 424
125 1376
125 331
125 419
125 343
126 188
126 1523
126 1695
126 1081
126 1268
126 1397
128 1494
128 865
128 369
128 1875
128 1940
130 53
130 668
130 1522
130 1112
130 1922
130 308
130 1708
131 1474
131 1376
131 992
131 124
131 957
131 1207
131 1122
131 1373
131 1788
131 1269
132 1920
132 1760
132 540
132 932
132 1230
132 113
132 1201
132 169
133 119
133 1439
133 1708
133 715
133 1799
133 1359
134 1582
134 282
134 1095
134 447
134 205
134 1958
134 592
134 725
134 576
135 718
135 317
135 376
135 686
135 1354
135 1632
135 1334
135 1091
135 770
135 1409
135 653
135 1559
138 134
138 774
138 1059
138 1439
138 1862
138 1842
138 250
138 25
139 164
139 1999
139 494
139 1338
139 419
139 323
140 42
140 946
140 413
140 1796
140 1201
140 439
140 13
140 540
140 1324
141 101
141 730
141 1114
141 459
142 1754
142 310
142 424
142 736
142 1
142 291
142 710
142 1124
143 998
143 1029
143 543
144 297
144 496
144 1741
144 676
144 1557
144 1431
145 1252
145 252
145 1838
145 423
145 984
145 323
145 1044
145 1675
146 418
146 1624
146 1172
146 171
147 638
147 1656
147 979
147 345
147 1596
147 1972
147 1060
147 1947
147 442
148 1788
148 473
148 642
148 795
148 659
148 1659
148 1832
149 1815
149 104
149 1147
149 1277
149 1074
149 83
149 176
150 1324
150 256
150 771
150 1277
150 1310
150 1203
150 139
150 1809
150 1338
150 577
152 741
152 795
152 1432
152 1810
152 1351
152 318
153 860
153 1561
153 1343
153 263
153 19
153 724
153 1110
154 146
154 1919
154 920
154 329
154 1978
154 1597
154 1714
154 133
154 722
155 106
155 512
155 27
155 1855
155 456
156 101
156 90
156 1005
156 1274
156 533
157 1852
157 1027
157 738
158 1005
158 984
158 884
158 1083
158 463
158 781
159 1973
159 235
160 973
160 32
160 1754
160 669
160 788
160 1494
160 105
160 898
163 1347
163 1635
163 1051
163 1292
163 755
163 1657
163 779
163 104
163 1316
164 1592
164 56
164 1567
164 1700
164 794
164 1871
164 52
164 1354
164 608
164 1429
167 747
167 54
167 1617
167 602
167 1784
167 1963
167 42
167 1220
167 1839
168 888
168 114
168 1623
168 1949
168 1373
168 1215
168 912
168 1081
168 1928
169 1991
169 1530
170 758
170 1902
170 1774
170 1778
170 1074
170 405
170 1357
171 1051
171 1743
171 723
171 1770
171 452
172 971
172 1949
172 1663
172 1976
172 285
173 1237
173 1747
173 802
173 1949
174 319
174 125
174 1409
174 1665
174 1772
174 1148
174 1112
174 669
174 694
174 1310
174 931
175 1146
175 334
175 195
175 1077
175 656
175 164
175 1107
175 603
176 354
176 175
176 617
176 693
176 544
176 1911
177 1586
177 800
177 1349
177 1158
177 275
177 1770
177 1739
177 639
178 1650
178 1458
178 1001
178 145
178 1816
178 1791
178 143
179 14
179 820
179 1649
180 1272
180 797
180 463
181 1520
181 61
181 582
181 724
181 1577
181 1939
181 974
181 1603
182 865
182 1796
182 1866
182 1617
182 513
182 1707
182 1664
182 1506
182 146
182 691
183 205
183 1410
183 1099
183 1825
183 1000
184 1290
184 680
184 1705
184 314
184 352
185 1453
185 1932
185 895
185 825
185 1661
185 1283
185 651
185 1387
188 243
188 1460
188 509
188 172
188 310
188 1394
188 1798
188 937
188 1300
189 913
189 1963
190 366
190 456
190 701
190 292
190 1079
193 1270
193 1133
193 258
193 1023
193 1727
193 1670
194 517
194 1447
194 514
194 1644
194 19
194 912
194 1922
194 122
194 1805
194 141
195 1333
195 1217
195 799
195 548
195 214
195 726
196 393
196 66
196 667
196 1413
196 512
196 1022
197 945
197 1872
197 453
197 1782
197 1530
197 1449
197 1829
198 1508
198 68
198 960
198 499
198 1010
198 446
198 1205
199 1583
199 1878
199 1072
199 511
199 20
199 142
199 1217
199 483
199 1977
199 208
199 913
201 691
201 1138
201 551
201 1554
201 1939
201 1221
202 1226
202 1993
202 1632
202 1303
202 677
202 1301
205 1624
205 734
205 522
206 1635
206 526
206 1507
206 652
206 401
208 1144
208 436
208 1750
208 1983
208 1491
208 442
208 95
209 1384
209 130
209 1973
209 753
209 414
209 665
209 319
209 279
209 1236
209 1825
209 1508
212 1334
212 1983
212 1490
212 1006
212 1867
212 728
214 1643
214 1334
214 148
214 1573
215 634
215 617
215 836
215 1486
215 742
215 1613
215 908
215 1594
216 1886
216 1588
216 561
216 767
216 849
216 902
218 953
218 1705
218 590
218 803
220 1747
220 1824
220 764
220 310
220 1545
220 254
220 694
220 562
220 1034
220 610
222 1107
222 639
222 64
222 1332
222 556
222 352
222 115
222 1224
222 68
226 671
226 1419
226 414
226 171
226 1054
226 14
226 1949
227 517
227 1668
227 228
227 90
227 506
227 317
227 216
227 1588
227 1385
228 1431
228 1570
228 345
228 624
228 189
228 147
228 1659
230 1525
230 1321
230 1136
230 493
230 1310
230 751
230 1220
230 126
231 716
231 1788
231 1374
234 1928
234 483
234 1513
234 239
234 1983
234 1929
235 1147
235 932
235 2
235 291
235 689
235 1730
236 206
236 401
236 36
236 1527
236 1297
236 1151
236 385
236 757
236 1011
238 156
238 888
238 381
238 1749
238 1665
239 744
239 4
239 729
239 1151
239 848
241 942
241 350
241 1284
241 837
241 1986
241 925
241 1818
242 1095
242 1292
242 764
242 720
242 1770
242 1070
242 1413
242 861
243 1922
243 1157
243 1293
243 1703
243 1139
243 239
243 1357
243 1646
243 1171
243 1691
243 1714
244 1220
244 1898
244 1297
244 0
244 885
244 1869
244 1225
244 255
244 1750
244 906
244 299
244 552
245 1645
245 853
245 1323
247 866
247 1036
247 1383
247 389
247 1492
247 133
247 1033
247 1966
247 325
248 1455
248 1587
249 1499
249 999
249 157
250 1636
250 969
250 409
250 972
250 222
252 15
252 983
252 964
252 748
252 1542
252 1238
252 1616
252 239
253 1257
253 1860
253 610
253 334
253 1347
253 1357
254 1762
254 1497
254 1539
254 1850
254 1293
255 375
255 751
255 1794
255 1798
255 106
256 1373
256 728
256 884
256 1440
256 975
257 1467
257 1340
257 809
257 608
257 327
258 389
258 172
258 380
258 326
258 360
260 1703
260 1205
260 311
260 241
260 599
260 1958
260 1179
260 1183
260 1099
262 1837
262 1328
263 725
263 1955
263 76
263 1674
263 335
268 176
268 1766
268 1035
268 761
268 993
270 146
270 1026
270 1024
271 1884
271 895
271 52
271 460
271 415
271 199
271 879
272 1439
272 615
272 40
272 1163
272 1136
272 912
273 773
273 691
273 1532
273 1244
273 1650
274 1304
274 1406
274 1886
275 599
275 1311
275 1452
275 1349
275 363
275 707
275 1500
280 1258
280 1463
280 1608
280 693
280 721
280 874
280 834
280 591
280 1679
280 11
281 1346
281 1424
282 24
282 1702
282 150
282 898
282 1290
282 835
282 1382
282 308
283 150
283 1991
283 681
283 1337
283 1411
284 369
284 1594
285 1982
285 1759
285 667
285 1959
285 198
285 1564
288 1027
288 395
288 293
288 1200
288 824
288 1813
288 138
288 1875
289 1650
289 694
289 1579
289 1916
289 855
289 443
289 244
289 1608
290 1431
290 689
290 812
290 987
290 1501
290 148
291 1188
291 793
291 1739
291 236
291 1709
291 1029
292 1774
292 971
292 66
292 1336
292 613
293 1055
293 701
293 1145
293 291
293 926
293 1414
293 1974
293 1221
294 405
294 655
294 248
294 1301
297 1330
297 1634
297 902
297 510
297 1577
297 619
297 292
297 1624
297 533
298 1659
298 388
298 1453
298 648
298 1185
299 1996
299 858
299 943
299 875
299 692
299 1245
299 1605
301 1565
301 721
301 1168
301 876
301 825
301 1376
301 1334
301 1813
302 1610
302 248
302 153
302 1794
302 1001
304 302
304 199
304 1714
304 1181
304 1567
307 1167
307 1543
307 1365
308 1266
308 254
308 698
308 555
308 1147
308 1357
308 769
308 160
308 646
309 866
309 1010
309 1907
309 1996
310 0
310 61
310 34
310 596
310 550
310 1302
310 984
311 727
311 1250
311 1198
311 615
311 728
311 912
311 1165
311 664
311 235
311 603
311 680
311 1064
312 595
312 446
312 158
312 1501
312 759
312 1650
312 969
313 495
313 1338
313 167
313 436
313 771
313 1266
313 250
313 738
313 156
314 141
314 1196
314 536
314 1799
314 504
314 987
314 540
314 956
314 548
316 1804
316 188
316 15
316 281
316 1881
316 1470
316 199
317 1038
317 69
317 1150
317 1128
317 1307
317 1117
317 1492
318 406
318 1513
319 174
320 592
320 241
320 1550
320 1613
321 1279
321 1298
321 49
321 1768
321 275
321 1746
321 1784
321 1567
323 1905
323 650
323 744
324 756
324 618
324 1029
324 742
324 1942
324 113
324 28
324 1112
325 1323
325 41
325 60
325 178
325 157
325 696
326 414
326 1574
326 1500
326 189
326 1321
326 1172
326 834
326 471
326 1046
326 1085
327 1073
327 747
327 615
327 563
327 836
327 455
327 930
327 238
327 1169
328 1421
328 387
328 1147
328 586
328 742
329 260
329 1639
330 654
330 719
330 1665
330 1800
330 256
330 289
330 280
330 1054
330 1436
331 1768
331 1037
331 1331
331 101
331 1423
331 1803
331 113
332 32
332 169
332 1112
332 1146
332 812
332 1582
332 793
334 1234
334 913
334 1422
334 1788
334 1532
334 659
334 258
335 1671
335 1561
335 1394
335 1834
335 1196
335 983
338 1926
338 1091
338 1175
338 700
338 152
338 256
341 1133
341 1650
342 543
342 740
342 378
342 254
343 12
343 906
343 302
343 1586
343 1732
343 1042
345 1633
345 1460
345 201
345 1545
345 1572
345 895
345 862
346 142
346 675
346 1128
346 701
346 434
346 41
346 648
346 1943
349 562
349 1116
349 931
349 1075
349 513
349 694
349 1665
350 865
350 1560
350 282
350 1916
350 1356
350 1088
350 1281
350 884
352 1607
352 1326
352 1756
352 1916
352 135
352 723
352 1745
352 382
352 1179
353 345
353 957
353 1933
353 1335
354 1083
354 1983
354 771
354 133
354 1461
354 1626
354 1850
354 1326
354 530
358 206
358 835
358 1580
358 1648
358 1446
360 147
360 745
360 1563
360 55
360 1730
360 795
360 677
360 335
360 646
361 1892
361 1432
361 865
361 1869
361 1916
361 1143
361 1185
362 692
362 1149
363 1983
363 142
363 750
363 550
363 1847
363 629
363 1976
363 1000
363 1647
364 852
364 509
364 1260
364 12
366 1326
366 1405
366 845
366 579
366 1089
366 810
366 604
366 1746
366 801
369 1232
369 538
369 939
369 249
369 1473
374 1974
374 642
374 1542
374 1156
374 1138
375 1337
375 1166
375 552
375 1711
376 758
376 1205
376 1636
378 1855
378 945
378 1463
379 1640
379 905
379 1947
379 1557
379 164
379 1969
379 206
379 670
379 1781
380 1134
380 875
380 929
380 1089
380 596
381 1495
381 1258
381 1571
381 715
382 1594
382 389
382 834
382 617
383 346
383 1811
383 1245
383 1569
383 828
384 721
384 467
384 1421
384 953
384 1468
385 966
385 524
385 1364
385 1852
385 1644
385 1692
385 1795
385 1522
386 582
386 1639
386 39
386 1758
386 101
386 1872
386 514
387 1052
387 557
387 6
387 1068
388 1367
388 599
388 1635
388 754
388 490
389 942
389 470
390 649
390 1748
390 1653
390 888
390 1166
390 1818
391 1664
391 551
391 942
391 78
391 1107
391 1338
391 332
391 1501
391 1980
391 1683
392 1965
392 700
392 513
392 1286
392 1093
392 132
392 485
392 1852
393 918
393 468
393 453
393 960
393 1602
393 669
393 1689
394 1914
394 738
394 138
394 1588
394 1160
394 1469
395 1554
395 220
395 788
395 539
395 1440
395 1571
395 1532
396 1925
396 1180
396 1465
396 756
396 675
396 1916
396 168
396 1820
397 1226
397 653
397 1703
397 1884
397 1407
397 1112
397 366
397 909
397 925
397 1683
398 448
398 1487
398 696
398 435
398 1336
401 1893
401 1517
401 395
401 1939
401 1727
401 1390
401 487
403 248
403 1561
403 552
403 1463
403 1338
405 848
405 1740
405 135
406 436
406 1640
406 1850
406 579
406 1972
406 1271
406 680
406 490
406 1983
406 983
407 1660
407 459
407 1326
407 1860
407 1137
407 1411
407 12
407 1210
408 1041
408 1133
408 1784
408 1413
409 1954
409 1958
409 755
409 854
409 1298
409 173
411 1292
411 561
411 1752
411 1630
412 1883
412 1365
412 1383
412 947
412 540
412 1875
413 184
413 1532
413 719
413 646
413 1926
413 115
413 536
414 441
414 1952
414 1148
414 1978
414 570
414 1251
414 288
414 865
414 659
414 1304
415 760
415 105
415 1670
417 1367
417 1209
417 457
417 827
417 898
417 90
418 1137
418 419
418 668
419 993
419 483
419 495
420 449
420 1299
420 62
420 1000
420 992
420 565
423 1784
423 195
423 1759
423 1465
423 374
423 342
423 767
423 1343
423 1038
423 525
424 1517
424 178
426 574
426 349
426 1565
426 1929
426 1397
426 36
426 181
426 310
426 354
428 1701
428 654
428 327
428 1640
428 1173
430 1141
430 1054
430 1317
433 1035
433 1756
433 552
433 145
433 865
433 794
433 1413
433 887
434 145
434 1733
434 1163
434 707
434 1623
434 1220
434 834
434 683
434 1664
434 1656
435 1196
435 748
435 453
435 1207
435 1001
435 608
435 1937
435 62
436 1172
436 1516
436 1530
436 1313
438 180
438 1073
438 1054
439 1675
439 1933
439 1834
440 1493
440 1142
440 1947
440 1613
440 465
440 408
441 1128
441 1840
441 255
441 1582
441 209
441 361
442 227
442 577
442 415
442 1642
442 693
442 1810
442 912
443 1393
443 452
443 588
443 1387
443 1992
444 1677
444 653
444 28
444 1305
444 1586
446 234
446 202
447 1497
447 220
447 888
447 163
447 750
447 1681
447 812
447 1026
447 1527
448 60
448 695
448 688
448 1730
449 1478
449 933
449 1743
449 194
449 1927
449 1100
449 426
449 1555
449 130
449 507
449 1001
450 1264
450 250
450 6
450 1750
452 1164
452 736
452 1624
452 346
453 1952
453 1506
453 1238
453 1884
453 1169
453 343
453 1213
454 1963
454 258
454 1487
454 409
454 1532
455 926
455 592
455 149
455 1338
455 1245
455 1379
455 986
456 1197
456 1347
456 1150
456 1293
456 626
456 1410
456 42
456 1545
456 1091
457 270
457 446
457 1284
457 986
457 1473
458 1623
458 374
458 20
458 447
458 1383
458 820
458 1589
459 978
459 1065
459 1700
460 128
460 1825
460 1629
460 412
460 1515
460 720
461 1423
461 1334
461 290
461 1050
461 239
461 896
462 1501
462 167
462 597
462 1945
462 1340
463 526
463 502
463 621
463 1423
463 1882
463 1635
463 1606
463 599
463 767
463 681
464 1980
464 995
464 833
464 1332
464 358
464 660
464 1960
464 155
465 1042
465 216
465 1474
465 1984
465 198
465 891
465 1112
467 602
467 1916
467 979
467 1763
467 525
467 983
468 1429
468 1694
468 564
468 972
468 525
468 1055
468 1883
468 1581
468 138
469 544
469 820
469 1439
469 106
469 1661
469 1223
470 1717
470 386
470 1843
470 520
470 1035
470 387
470 413
470 1349
470 998
470 1517
470 381
470 1571
471 1525
471 1642
471 132
471 110
471 704
471 1847
472 53
472 231
472 1834
472 417
472 758
472 1747
472 539
472 861
473 1705
473 1889
473 249
473 1052
473 1290
473 751
474 747
474 884
474 88
474 380
474 827
474 1951
474 1562
475 1513
475 1730
475 1258
475 483
475 1547
476 538
476 860
476 497
476 419
476 1347
476 1274
476 263
476 12
479 1742
479 1321
479 1871
479 1533
479 853
479 1921
483 471
483 767
483 1826
483 13
483 656
483 1058
483 414
485 684
485 1160
485 170
485 1505
485 979
485 1372
486 1132
486 1052
486 1373
486 865
486 564
486 1301
487 1828
487 1800
487 11
487 196
487 1026
490 327
490 446
490 979
490 1145
490 440
490 42
490 534
490 55
490 840
490 890
492 1267
492 1959
492 1036
492 1592
492 544
492 1984
493 681
493 1311
493 1215
493 979
493 1338
493 1680
493 579
493 1395
493 1113
494 493
494 642
494 1550
494 1290
495 581
496 1846
496 947
496 293
496 552
496 887
497 1563
497 245
497 1473
497 312
499 1220
499 273
499 893
499 595
499 1397
499 112
499 234
499 312
499 1764
499 869
499 1522
499 1870
499 561
501 486
501 1172
501 159
501 861
501 68
501 1752
502 612
502 1577
502 1964
502 805
502 1421
502 1376
503 805
503 1493
503 1063
503 1225
503 752
503 1877
503 1375
503 170
503 1038
504 1077
504 801
504 1387
505 1298
505 993
505 511
505 734
505 1220
505 717
505 3
506 1121
506 65
506 1870
506 945
506 252
506 202
506 1493
506 1606
507 1618
507 1675
507 465
509 1588
510 1535
510 1172
510 800
510 849
510 170
511 1652
511 1011
511 361
511 696
511 126
511 843
511 1327
512 895
512 1570
512 189
512 1367
512 243
512 387
513 993
513 1925
513 1770
513 1397
513 1869
513 1058
513 1695
513 3
513 1215
514 73
514 434
514 1172
514 331
515 1276
515 1293
515 1597
515 1546
515 1982
515 1082
517 415
517 1711
517 1825
517 135
517 999
520 632
520 448
520 1305
520 1404
520 1579
520 1674
520 1733
520 472
520 1966
522 509
522 973
522 811
523 1265
523 69
523 956
523 71
523 558
523 843
523 1421
524 1691
524 338
524 242
524 243
525 449
525 1262
525 312
525 1106
525 974
525 494
525 73
526 795
526 1648
526 1219
526 44
526 1779
526 1189
526 1334
526 759
527 1281
527 1843
527 586
527 1866
527 1196
527 1034
530 1927
530 1997
530 1716
531 1113
531 405
531 1386
531 206
531 302
531 1015
532 1180
532 1171
532 107
532 665
532 1334
532 1264
533 216
533 208
533 159
533 888
533 1918
533 471
534 1625
534 590
534 1210
534 1526
534 1746
534 1035
534 1234
534 42
535 560
535 615
535 68
535 194
535 97
535 1534
535 1141
535 882
536 794
536 1769
536 302
536 63
536 1770
536 569
536 1020
536 595
537 946
537 1630
537 1587
537 654
538 242
538 69
538 343
538 895
538 834
538 1216
539 220
539 1286
539 1641
539 1038
539 1024
539 862
539 1180
540 744
540 855
540 1216
540 722
540 330
540 415
540 122
540 450
540 386
542 1285
542 723
542 685
542 1221
542 1828
542 1089
542 311
542 281
542 622
542 417
542 939
543 1158
543 467
543 1983
543 149
543 285
543 110
544 436
544 1545
544 1905
544 774
544 1472
547 892
547 792
547 20
547 1371
547 544
547 1923
547 978
547 1448
547 149
547 1493
547 1572
548 1424
548 538
548 837
548 912
548 164
548 1163
548 1293
548 408
548 1165
550 838
550 1342
550 1018
550 1161
551 231
551 20
551 609
552 1024
552 88
552 1546
552 134
552 1982
552 1550
552 467
552 1674
554 906
554 176
554 696
554 53
554 1933
554 454
554 1482
554 718
555 1082
555 474
555 1767
555 863
555 1744
555 1083
555 215
555 1614
555 1837
556 92
557 2
557 1621
557 1977
557 788
557 941
557 1769
558 1308
558 930
558 578
558 1932
558 1756
558 925
558 1034
558 1341
558 226
558 1484
560 803
560 788
560 1668
560 298
560 604
560 1622
560 141
561 503
561 499
561 1147
561 1878
561 936
561 1260
561 42
562 1453
562 662
562 1655
562 1358
563 1267
563 304
563 11
563 1077
563 647
563 598
563 1709
563 15
563 30
564 1359
564 70
564 178
564 1311
564 874
564 1463
564 726
565 1565
565 1922
565 1772
565 1818
565 760
565 1300
565 540
565 513
565 378
565 13
569 1766
569 1700
569 1429
569 632
570 1923
570 715
570 1756
570 523
570 1049
572 1018
572 1772
572 1719
573 281
573 352
573 1896
573 1505
574 572
574 856
574 1624
574 1433
574 725
574 1714
574 1507
574 581
574 592
575 1036
575 1317
576 485
576 321
576 1532
576 969
576 1640
577 1261
577 1558
577 932
577 1323
578 1169
578 1762
578 1652
578 964
578 1046
578 1186
579 1019
579 1895
579 622
579 1049
579 1557
579 290
579 590
580 1283
580 742
580 1316
580 638
580 554
581 1573
581 860
581 1760
581 1937
581 801
581 281
581 1868
582 227
582 196
582 1414
582 147
582 1584
584 676
584 1597
584 1444
586 1527
586 1852
586 1945
586 1883
586 183
586 304
587 1190
587 692
587 988
587 1964
587 255
587 115
588 952
588 592
588 548
588 1285
588 1379
588 1468
590 1237
590 1870
590 279
590 713
590 479
591 1830
591 1330
591 14
591 1500
591 25
591 125
592 38
592 121
592 1352
593 1670
593 978
593 1226
593 1027
593 1680
593 814
593 454
594 1034
594 195
594 1050
594 53
594 1138
595 156
595 896
595 483
595 418
595 544
595 701
595 1642
595 1142
596 345
596 1879
596 850
596 1625
596 547
596 153
596 1163
596 742
596 1583
596 1328
596 361
597 764
597 380
598 1260
598 238
598 1343
598 1426
598 1017
598 779
599 1284
599 1605
599 1293
599 1945
599 1265
599 812
599 995
601 1385
601 236
601 502
601 1040
601 949
601 534
601 621
601 1676
601 214
602 442
602 56
602 1294
602 931
602 124
603 1567
603 639
603 254
603 281
603 1565
603 647
604 1602
604 1769
604 1068
604 1763
604 216
604 1116
607 672
607 621
607 1003
608 1866
608 1633
608 1709
608 1234
608 1860
608 222
609 523
610 1676
610 651
610 505
610 154
610 1846
610 2
610 1741
610 1144
610 1659
611 90
611 472
611 1517
611 323
611 952
611 15
611 332
612 1419
612 1602
612 1620
612 1766
612 199
612 465
612 611
613 1608
613 1593
613 461
613 1870
613 1262
613 969
613 1352
613 659
613 778
613 1860
613 1065
615 312
615 195
615 132
615 834
615 1563
615 1113
615 324
615 289
615 586
616 1500
616 1857
616 1288
616 1610
616 1099
616 731
617 453
617 651
617 1952
617 1916
617 193
617 874
617 1206
617 6
617 672
617 1252
618 577
618 844
618 1310
618 1925
618 1430
618 1625
619 1866
621 751
621 1397
621 1613
621 681
621 241
621 332
621 168
621 1440
621 932
621 749
621 1406
621 1060
622 838
622 874
622 1367
622 206
622 1234
622 1677
622 1952
622 1691
622 263
623 1660
623 323
623 923
623 1593
624 1525
624 149
624 1394
624 671
624 646
624 1150
624 906
626 444
626 1490
626 1650
626 392
626 575
626 595
626 683
626 1159
629 1727
629 180
629 120
629 919
630 1991
630 734
630 1407
630 1523
630 70
630 493
630 826
632 1862
632 376
632 206
632 913
634 1316
634 1983
634 1588
634 413
634 1695
636 1153
636 92
636 1625
638 1134
638 1313
638 1431
638 458
638 7
638 290
638 332
638 1297
639 1079
639 1589
639 1143
639 1961
639 417
639 960
641 1156
641 992
641 536
642 1199
642 1681
642 523
642 95
642 953
642 1612
642 1896
642 1954
643 1674
643 105
643 318
643 1671
644 1698
644 673
644 1070
644 1621
644 1693
644 270
644 492
644 1528
645 1602
645 630
645 933
645 504
645 1028
645 760
645 506
646 1659
646 1768
646 144
646 387
646 1360
646 1762
646 1015
646 761
647 157
647 423
647 1435
647 1468
647 88
647 122
647 1191
647 1453
647 1929
647 1058
647 426
647 1401
647 1366
648 1569
648 1332
648 1105
648 238
648 1602
648 1183
648 1702
649 726
649 1703
649 447
649 42
649 1297
649 814
649 1739
649 1858
650 1005
650 1238
650 890
650 1789
650 1429
651 1227
651 1079
651 21
651 52
651 946
652 418
652 492
652 1806
652 1326
652 21
652 783
652 1245
652 1551
653 1606
653 1709
653 1653
653 984
654 507
654 1882
654 931
654 1024
654 1950
654 594
654 1349
655 1374
655 1508
655 1794
655 1465
655 719
655 596
656 1656
656 1091
656 1261
656 513
656 1778
656 1200
656 1421
656 1639
656 1771
656 617
657 1099
657 573
657 275
658 1741
658 239
658 979
658 457
658 517
658 329
658 1550
658 675
659 369
659 939
659 1778
659 414
659 1138
659 1040
659 345
659 650
659 728
659 36
660 1648
660 25
660 1085
660 1976
660 1573
662 1674
662 893
662 882
662 1394
662 520
665 417
665 1037
665 158
665 1252
665 866
665 318
665 1330
665 794
667 976
667 1949
667 1305
667 891
668 710
668 463
668 1915
668 1509
668 1215
668 205
668 1593
668 159
668 103
668 1687
668 885
669 617
669 1698
669 1541
669 769
669 643
669 734
669 532
669 78
670 1337
670 975
670 569
670 1436
670 1921
670 475
671 1119
671 651
671 1714
671 1999
671 1158
671 1392
671 1832
671 398
671 1321
672 1217
672 1424
672 588
672 713
673 1356
673 984
673 1705
673 651
673 1282
673 1952
673 888
673 1327
674 575
674 1058
674 680
675 1496
675 304
675 1358
675 726
675 1953
675 689
675 1723
675 1564
675 942
675 718
675 539
676 1244
676 473
676 1149
676 699
676 1670
676 1146
676 135
676 1127
676 853
677 668
677 1241
677 1624
677 564
677 1299
677 1105
677 1592
677 436
677 154
678 514
678 1151
678 1039
680 1418
680 280
680 563
680 1128
680 863
680 724
680 1269
680 323
681 717
681 576
681 646
681 1480
681 1352
681 1746
681 176
682 794
682 795
682 532
682 1168
682 1655
682 671
682 1384
682 1969
683 66
683 1322
683 1629
683 1002
683 253
683 799
683 1972
683 1051
683 1044
683 1463
684 1632
684 1559
685 78
685 1160
685 1525
685 1081
685 1699
685 1695
685 209
686 405
686 1606
686 1953
686 1423
688 1524
688 1250
688 56
688 1529
688 554
688 1206
688 827
688 577
688 1632
689 1292
689 56
691 1906
691 1218
691 629
692 1947
692 1872
692 1175
692 593
692 862
692 1763
692 1046
693 408
693 1839
693 1226
693 1809
693 1456
693 1252
694 1558
694 1614
694 1443
694 1848
694 1212
694 202
694 1639
695 388
695 1397
695 724
695 750
695 83
696 1472
696 689
696 470
696 169
696 1426
697 1656
697 1041
697 1501
697 1926
697 457
697 1463
697 1050
697 1880
698 1478
698 561
698 862
698 603
698 1642
698 599
698 1316
698 1408
699 1922
699 338
700 1234
700 1376
700 578
700 154
700 1865
700 468
701 536
701 1696
701 1443
701 1559
701 1161
704 764
704 1727
704 330
704 436
706 770
706 573
706 160
706 332
706 1327
706 1199
706 1944
706 335
707 1762
707 662
707 62
710 572
710 1033
710 312
710 792
710 154
710 1410
710 974
710 655
710 1078
710 1643
713 397
713 483
713 672
713 1564
713 1776
713 188
715 92
715 1083
715 164
715 616
716 1837
716 32
716 552
716 1414
717 767
717 1716
717 781
717 1550
717 1449
717 858
717 190
717 1019
717 611
718 14
718 403
718 1734
718 1774
718 1634
719 1379
719 1661
719 1244
719 383
719 78
719 198
719 285
719 309
720 1824
720 1290
720 419
721 41
721 578
721 966
721 1026
721 327
722 1581
722 1204
722 1590
722 696
722 819
722 441
723 588
723 659
723 147
723 499
723 1337
723 835
723 1258
723 1788
723 456
723 1213
724 683
724 1862
724 214
724 861
724 1843
724 833
725 464
725 133
725 618
725 90
725 617
726 859
726 715
726 552
726 134
726 1858
726 1086
726 1
726 1882
727 960
727 1299
727 1213
727 1447
727 1426
727 715
727 887
727 1008
727 603
727 454
727 861
728 1652
728 1076
728 1771
728 1005
728 1242
729 1761
729 992
729 1405
729 1337
729 1336
729 503
729 1680
729 1211
729 888
729 565
729 1649
730 1919
730 976
730 632
730 1225
730 55
730 1026
731 364
731 159
733 1330
733 185
733 1220
733 945
733 1828
733 939
733 1096
733 1258
733 1731
734 890
734 401
734 106
734 1942
734 263
734 97
734 1122
736 561
736 986
736 1851
736 1079
736 487
736 304
736 239
738 1540
738 1332
738 752
738 1563
740 1027
740 944
740 1489
740 185
740 644
741 270
741 1923
741 742
741 1310
741 1331
741 311
741 1290
741 474
742 1520
742 1445
742 159
742 1965
742 1387
742 1046
742 1017
744 908
744 651
744 386
744 1714
745 1422
745 951
745 1282
745 1581
745 1868
745 88
745 695
747 1741
747 1395
747 1969
747 1015
748 452
748 185
748 588
748 824
748 854
749 874
749 76
749 1675
749 1546
749 1348
750 1142
750 1419
750 652
750 292
750 1200
751 1944
751 1171
751 398
751 66
751 1251
751 1679
751 374
752 573
752 1000
752 1616
752 190
752 343
752 231
753 1593
753 803
753 892
754 533
754 1465
754 693
754 1401
755 1121
755 1
755 511
755 54
755 1379
755 149
755 1157
756 1427
756 835
756 1270
756 1216
756 1834
756 70
756 895
756 1862
756 691
756 1360
757 180
757 727
757 1825
757 1983
757 170
757 1645
757 1695
758 1642
758 1561
758 76
758 1500
758 974
758 169
758 1701
758 189
758 1460
758 1527
758 821
758 685
759 1772
759 1877
759 1317
759 731
759 894
759 1739
760 1980
760 1440
760 1046
760 38
760 1829
761 1618
761 1671
761 1610
764 1042
764 644
764 321
764 1730
764 44
767 1379
767 1733
767 472
767 1488
767 811
769 1768
769 471
769 1217
769 1011
769 1993
769 617
769 998
769 891
769 1206
769 385
769 904
769 1939
770 662
770 1288
770 677
770 1524
771 1249
771 1679
771 462
771 439
771 734
771 604
772 1224
772 517
772 1998
772 1419
772 1109
773 1803
773 1612
773 1376
773 89
773 218
773 1081
773 1394
773 1161
773 699
773 1933
774 653
774 1945
774 900
774 61
774 1950
774 1592
778 1976
778 382
778 855
778 435
778 1951
778 1128
778 418
778 405
778 376
778 736
779 485
779 103
779 1073
779 1093
779 1770
779 799
779 1678
779 105
779 1136
781 1576
781 160
781 1944
781 1700
783 1935
783 1509
783 1796
783 1705
783 942
783 531
783 1366
783 1461
783 423
785 1955
785 671
785 469
785 974
785 1976
785 1064
786 694
786 1973
786 1076
786 241
786 1308
786 1120
786 1883
786 1010
786 594
786 1106
786 476
786 1424
788 1759
788 967
788 1198
788 569
788 764
788 1733
788 1826
788 459
792 494
792 1294
792 756
792 1298
792 216
792 1217
792 70
792 184
793 923
793 1732
793 1497
793 1303
793 238
793 1059
794 1060
794 1762
794 988
794 1979
794 1518
794 1046
794 1141
794 1132
794 944
795 130
795 1117
795 176
797 1750
797 1594
797 779
799 1033
800 1799
800 1199
800 896
800 654
800 55
800 1340
801 1384
801 121
801 1532
801 757
801 1132
801 1742
801 1636
802 1383
802 1953
802 1500
802 120
802 1297
802 1868
802 358
802 649
802 767
802 937
803 1732
803 1017
803 667
805 108
805 486
805 935
805 1933
805 1348
809 1694
809 655
809 1039
809 564
810 1945
810 1937
810 882
810 1301
810 844
810 891
810 98
810 433
810 819
811 1564
811 1401
811 1055
811 89
811 1997
812 1433
812 1814
812 645
812 884
812 1033
812 843
812 1576
812 1732
812 1679
813 174
813 1507
813 16
813 1331
813 1926
813 644
813 1666
814 1551
814 1006
814 1832
814 311
814 752
814 1405
814 913
815 1038
815 729
815 1734
815 475
815 1197
815 501
815 1294
815 314
815 1848
816 856
816 1813
816 1623
816 475
816 1958
816 1265
816 38
819 281
819 414
819 1
820 1188
820 953
820 987
820 1855
820 1788
820 1727
820 50
820 275
820 581
820 387
821 745
821 835
821 514
821 1247
821 159
821 147
824 144
824 686
824 1142
824 139
824 1303
824 1670
824 270
825 1105
825 1820
825 1920
825 1967
825 86
825 78
825 311
825 304
825 1267
825 653
825 1592
826 1693
826 1237
826 1851
826 693
826 691
826 510
826 1549
826 360
826 75
826 1630
826 1328
827 495
827 569
827 8
827 1026
828 1260
828 1338
828 931
828 1001
828 849
828 758
828 1054
829 905
829 1455
829 325
829 282
830 1140
830 1460
830 624
830 694
830 1203
830 713
830 174
830 1676
830 1868
830 1024
830 1008
833 594
833 502
833 171
833 1571
833 1955
833 2
834 1110
834 1616
834 1997
834 495
834 829
834 128
835 1494
835 1030
835 551
836 919
836 1490
836 933
837 812
837 236
837 668
837 1439
837 1709
837 450
838 749
838 681
838 1411
838 352
840 341
840 1150
840 1261
840 1298
840 1888
841 1234
841 1546
841 556
841 1304
841 1242
841 1626
843 1414
843 1254
843 54
843 1789
843 1594
843 987
843 319
843 756
844 1857
844 393
844 882
844 420
844 1513
844 1716
844 979
844 1375
844 638
845 469
845 563
845 1005
845 1741
845 281
845 1837
845 1695
848 501
848 551
848 1727
848 882
848 274
848 1198
848 1073
848 1675
848 381
848 757
848 1217
848 1083
848 1167
849 1489
849 751
849 1933
849 1744
849 979
849 1952
849 1937
850 1085
850 769
850 825
850 1488
850 52
850 1632
850 741
852 1343
852 494
852 764
852 1133
853 1276
853 1058
853 1960
853 1979
853 815
853 8
853 1424
853 1469
853 1920
854 1560
854 946
854 235
854 407
854 379
854 1179
854 1703
854 1987
854 1366
854 450
854 1832
854 1744
854 23
854 617
854 321
854 139
855 1892
855 363
855 1488
855 1348
855 869
855 1973
855 1142
856 1545
856 993
856 1681
856 253
856 1947
858 1895
858 1424
858 809
858 196
858 616
859 1703
859 1592
859 1695
859 1668
859 1265
860 413
860 1993
860 1041
860 562
860 609
860 1215
860 544
860 1267
860 128
860 1587
860 407
861 490
861 550
861 1244
861 680
861 809
861 493
861 387
861 1484
861 1594
862 1023
862 1501
862 1935
862 1943
862 997
862 1617
862 321
862 665
862 1077
863 289
863 310
863 1771
863 250
863 1268
864 986
864 1311
864 1322
865 1648
865 23
865 1951
865 741
865 255
865 1674
866 1573
866 1264
869 874
869 1020
869 898
869 930
874 1216
874 1433
874 1074
874 1175
874 643
874 935
875 1529
875 1356
875 227
875 681
875 679
875 1661
875 170
875 1383
876 1461
876 1237
876 1465
876 1860
876 1520
876 163
876 258
876 1029
879 1968
879 1179
879 586
882 1474
882 1532
882 1872
882 677
882 231
882 1173
883 1033
883 906
883 612
883 1170
883 49
884 409
884 1497
884 1040
884 448
884 752
884 358
884 61
885 1070
885 1305
885 439
885 1298
885 1503
887 1215
887 1392
887 1614
887 1409
887 1089
887 1256
887 420
887 608
887 1517
887 1940
887 475
888 757
888 1137
888 670
888 1052
888 1947
888 957
888 1366
890 575
890 564
890 1110
890 648
890 649
890 130
890 779
890 1179
890 1011
891 1351
891 984
891 1035
891 1553
891 1702
892 1655
892 1005
892 1676
892 1201
892 540
892 1555
892 988
893 242
893 933
893 383
893 1478
893 1768
893 669
893 854
893 51
893 1670
894 1500
894 145
894 1055
894 56
894 1949
895 270
895 834
895 147
896 1888
896 1936
896 1147
896 1895
896 757
896 1933
896 1969
898 1698
898 626
898 939
898 42
898 1468
898 1798
898 20
899 235
899 1423
899 1263
899 1770
899 1508
899 591
900 758
900 90
900 1626
900 1343
900 65
900 1337
900 54
900 1397
900 1212
900 208
902 401
902 1922
902 1459
902 552
902 1336
902 933
902 538
904 805
904 1072
904 1376
904 1395
904 1582
904 1141
904 613
904 1288
905 1088
905 1074
905 1670
905 391
906 1443
906 139
906 1227
906 154
906 1567
906 586
906 944
906 670
906 1888
906 672
906 1694
908 1394
908 1784
908 1666
908 1623
908 1264
908 744
908 1238
909 324
909 1242
909 1463
909 956
909 423
909 537
909 236
909 1553
910 1251
910 362
910 913
910 1886
910 1373
910 1107
912 855
912 1326
912 7
912 1747
912 960
912 1764
912 1390
912 1852
913 1738
913 1911
913 271
913 1434
913 197
913 132
913 900
913 812
913 472
916 95
916 925
916 608
916 932
917 1029
917 330
917 556
917 785
917 1925
917 1649
917 1665
918 272
918 983
918 1405
918 1811
918 555
918 1095
918 1633
919 1496
919 329
919 863
919 392
919 1967
920 1645
920 1848
920 1367
920 561
920 728
920 919
920 1676
920 1657
920 42
923 957
923 430
923 1629
923 506
923 1212
923 1967
924 1190
924 120
924 1942
924 1678
924 565
925 460
925 1889
925 720
925 244
925 1678
926 979
926 1623
926 1203
926 860
926 381
926 110
926 428
929 1717
929 239
929 389
930 452
930 1494
930 177
930 655
930 490
930 1225
930 1473
930 1472
930 875
930 160
930 772
930 509
930 844
931 1535
931 1862
932 1201
932 874
932 764
932 1902
932 126
932 390
933 1382
933 1077
933 1055
933 1993
933 1703
933 1899
935 767
935 972
935 1410
935 1597
935 293
936 1257
936 1488
936 238
936 436
936 1925
936 1335
936 12
936 1633
936 1880
936 1354
936 920
936 1865
937 1286
937 0
937 1641
937 1426
937 100
939 688
939 222
939 1997
939 144
939 1494
939 601
941 1791
941 411
941 1227
941 1448
942 894
942 1059
942 430
942 148
942 290
942 1564
943 1407
943 62
943 1326
943 449
943 1301
943 413
943 879
943 157
943 441
944 805
944 1892
944 1017
944 470
944 493
945 1921
945 1074
945 580
945 1616
946 912
946 379
946 1745
946 1346
946 418
946 1063
946 1275
946 1635
947 655
947 1732
947 178
947 1033
947 535
947 610
947 1617
947 1848
949 1620
949 472
949 1098
949 1153
949 154
951 681
951 1692
951 145
951 503
951 906
951 560
951 1707
951 1442
951 235
951 1029
951 936
952 1520
952 4
952 1858
952 1095
952 168
952 1323
952 1892
952 1275
952 1830
953 1826
953 257
953 398
953 1993
953 992
953 131
953 898
953 788
954 1739
954 454
954 1459
954 1543
954 1980
954 1516
954 252
954 380
956 1981
956 925
956 178
956 1508
956 1238
956 1417
957 805
957 701
957 908
957 658
957 1710
957 252
960 1210
960 1211
960 71
960 461
960 1703
960 30
960 967
962 1675
962 1227
962 1792
962 1093
962 1961
964 1159
964 936
964 813
964 176
964 1279
964 53
964 313
965 1784
965 1379
965 733
965 413
965 1999
965 1302
965 19
966 116
966 1005
966 167
966 1357
966 403
966 548
966 294
966 397
967 1379
967 1528
967 843
967 1139
967 457
967 936
967 1954
967 1385
967 78
969 342
969 335
969 313
969 639
971 424
971 607
971 1172
971 0
971 483
971 786
971 1055
972 285
972 1602
973 1979
973 1347
973 464
973 624
973 108
973 525
973 318
973 610
973 1382
974 1465
974 1905
974 1676
975 88
975 674
975 536
975 454
976 1055
976 257
976 1932
976 442
978 1157
978 1212
978 301
978 1842
978 1500
979 717
979 1848
979 1448
979 951
979 994
983 1646
983 1470
983 1961
983 1804
983 1636
983 1870
983 212
983 1173
984 698
984 563
984 2
984 1414
986 1805
986 572
986 1228
986 1767
987 1813
987 1038
987 36
987 1766
987 19
987 426
987 164
987 747
987 1384
987 1626
987 14
987 1944
987 307
987 1768
988 105
988 736
988 1798
988 682
988 1351
988 1426
988 1505
992 1840
992 1122
992 824
992 174
992 866
992 113
993 680
993 1923
993 1127
993 409
993 502
993 1769
994 1979
994 1151
994 1334
994 1932
994 242
994 389
995 1028
995 1407
995 284
995 1267
995 1068
997 331
997 626
997 1914
997 474
997 60
997 366
997 1993
997 112
997 1751
998 1694
998 1889
998 1070
998 1332
999 1340
999 932
999 1338
999 330
999 1168
1000 1973
1000 896
1001 1692
1001 524
1001 1371
1001 1340
1001 1623
1001 1584
1001 1553
1002 218
1002 1958
1002 1633
1002 327
1002 1024
1002 1653
1002 1582
1002 1813
1002 1800
1003 82
1003 1985
1003 1134
1003 442
1004 14
1004 293
1004 805
1005 611
1005 638
1005 1848
1005 1792
1006 1497
1006 1586
1006 770
1006 1073
1006 1048
1006 182
1006 222
1006 1794
1006 812
1006 824
1008 1659
1008 304
1008 1367
1008 1011
1008 607
1008 63
1008 1218
1009 1613
1009 749
1009 499
1009 1133
1009 341
1010 458
1010 346
1010 578
1010 1075
1010 503
1010 231
1011 679
1011 971
1011 1015
1015 1072
1015 1993
1015 1513
1015 178
1015 1241
1017 1791
1017 1217
1018 1303
1018 189
1018 858
1018 1109
1018 1414
1018 220
1019 256
1019 418
1019 244
1019 1112
1019 122
1020 23
1020 685
1020 1573
1022 285
1022 352
1022 1124
1022 1260
1022 27
1023 692
1023 1804
1023 226
1023 525
1023 1874
1023 1546
1023 1205
1024 722
1024 1710
1024 983
1024 1422
1024 945
1024 575
1024 1048
1024 1953
1026 673
1026 1522
1026 369
1026 895
1026 238
1026 1618
1026 1731
1026 595
1026 1078
1026 1378
1027 110
1027 282
1027 1204
1027 1610
1028 1809
1028 1153
1028 827
1028 423
1028 1565
1029 1064
1029 75
1029 736
1030 178
1030 619
1030 1626
1030 1150
1033 364
1033 1857
1033 1164
1033 309
1033 769
1034 190
1034 1408
1034 1553
1034 1809
1034 1920
1034 1867
1035 1071
1035 1746
1035 1191
1035 23
1035 1609
1035 252
1035 214
1036 523
1036 592
1036 1422
1036 1206
1036 556
1036 468
1036 1240
1036 1460
1036 506
1036 1710
1037 1112
1037 1762
1037 1940
1037 588
1037 1907
1037 358
1038 1851
1038 1855
1038 1806
1038 485
1038 92
1038 760
1038 744
1038 1699
1039 1869
1039 15
1039 439
1039 255
1040 281
1040 250
1040 974
1040 1181
1040 1212
1040 1564
1040 1610
1040 1961
1040 125
1041 394
1041 1515
1041 504
1041 1649
1041 514
1041 442
1042 1020
1042 1306
1042 1563
1042 520
1044 180
1044 1281
1046 330
1046 757
1046 1005
1046 1835
1046 42
1046 116
1046 1762
1048 835
1048 1550
1048 1501
1048 1977
1049 253
1049 205
1049 1738
1049 353
1049 1000
1049 149
1050 244
1050 360
1050 1838
1050 591
1050 1527
1050 1929
1050 332
1051 827
1051 95
1051 523
1051 1349
1052 1258
1052 1036
1052 263
1052 1298
1052 324
1052 760
1054 1312
1054 1847
1054 38
1054 1577
1054 1254
1055 1586
1055 1523
1055 1714
1055 1098
1055 1232
1055 1424
1055 1423
1055 394
1056 1260
1056 366
1056 190
1056 648
1056 1800
1058 1855
1058 641
1058 293
1058 1440
1058 1895
1058 932
1059 190
1059 1352
1059 617
1059 756
1059 524
1059 1385
1060 684
1060 139
1060 1034
1060 1992
1060 1917
1062 1586
1062 1752
1062 1760
1062 198
1062 669
1062 1180
1062 845
1063 291
1063 83
1063 1337
1063 1427
1063 569
1063 1144
1064 82
1064 174
1064 499
1064 16
1064 988
1064 1905
1064 1696
1064 799
1065 1279
1065 1551
1065 858
1065 1877
1065 1342
1065 1371
1065 206
1068 1959
1068 1799
1068 1980
1068 1056
1068 686
1068 1746
1068 1195
1068 570
1070 858
1070 292
1070 145
1070 1593
1070 1602
1070 892
1070 1543
1070 1743
1070 205
1071 1284
1071 1549
1071 1912
1071 1096
1071 986
1071 1984
1071 536
1071 920
1071 1779
1071 972
1072 159
1072 1912
1072 946
1073 859
1073 1508
1073 1040
1073 1096
1073 1978
1073 1760
1074 298
1074 1413
1074 1967
1074 1522
1074 401
1074 1792
1074 525
1074 197
1074 859
1074 1305
1074 1141
1075 455
1075 1641
1075 160
1076 786
1076 1963
1076 1782
1076 174
1076 1437
1076 439
1077 1018
1077 430
1077 401
1078 409
1078 332
1078 759
1078 1716
1078 205
1078 460
1078 160
1079 1800
1079 728
1079 1348
1079 1912
1079 638
1079 283
1079 1134
1079 1561
1079 1637
1081 1868
1081 141
1081 1172
1081 904
1081 25
1081 171
1082 930
1082 64
1082 262
1082 1734
1082 98
1082 170
1082 1486
1083 202
1083 288
1083 673
1083 1905
1083 309
1083 1674
1083 1146
1084 1509
1084 1905
1084 756
1084 1541
1084 1758
1084 302
1085 1464
1085 515
1085 962
1086 1387
1086 701
1086 1650
1086 461
1086 29
1087 964
1087 932
1087 375
1087 937
1087 114
1088 185
1088 1274
1088 349
1088 969
1088 487
1088 1483
1088 586
1088 654
1088 952
1089 749
1089 1408
1089 426
1089 499
1089 1513
1089 1218
1089 106
1091 1512
1091 386
1091 1955
1091 1621
1091 1141
1091 1730
1091 1373
1091 62
1091 680
1091 318
1091 1423
1091 494
1093 1805
1093 172
1093 1610
1093 809
1094 1922
1094 1657
1094 1865
1094 1607
1094 1928
1095 1150
1095 1592
1095 1816
1095 1847
1095 1410
1096 1516
1096 386
1096 1933
1096 299
1096 1771
1096 1213
1096 536
1096 1647
1096 20
1098 255
1098 1882
1098 1198
1098 1678
1098 1987
1098 1150
1098 560
1098 621
1098 1046
1099 1661
1099 1423
1099 1730
1099 68
1099 887
1100 1827
1100 1986
1100 1649
1100 1469
1100 1543
1100 707
1100 698
1100 892
1100 1766
1100 1586
1105 1732
1105 1860
1105 419
1105 485
1105 917
1105 1152
1105 641
1106 1987
1106 329
1106 1650
1106 557
1106 1432
1106 1109
1106 66
1106 90
1107 1717
1107 1894
1107 1343
1107 1347
1107 692
1107 1895
1107 112
1109 891
1109 720
1109 206
1109 1124
1109 1555
1109 1375
1109 1170
1110 1186
1110 1480
1110 443
1110 975
1110 1860
1110 411
1110 1077
1110 428
1112 20
1112 1731
1112 935
1112 862
1112 1198
1112 11
1113 1769
1113 1656
1113 1413
1113 327
1113 126
1114 1264
1114 1401
1114 895
1114 64
1114 486
1114 42
1114 1468
1114 548
1116 1288
1116 890
1116 195
1116 876
1116 1346
1116 1203
1116 1446
1116 1210
1116 325
1116 1263
1117 1322
1117 1570
1117 1768
1117 1534
1117 195
1117 468
1117 632
1117 814
1117 471
1117 956
1117 786
1119 972
1119 558
1119 1026
1119 1967
1119 1442
1120 1193
1120 1870
1120 73
1120 1251
1120 662
1120 581
1120 1597
1120 1703
1120 592
1121 1584
1121 1490
1121 1456
1121 1317
1121 1166
1121 78
1121 1500
1121 999
1122 1030
1122 380
1122 926
1122 1916
1124 190
1124 1764
1124 176
1124 1746
1124 1827
1125 1197
1125 951
1125 252
1125 1401
1127 181
1127 689
1128 1493
1128 905
1128 304
1128 584
1128 909
1128 1298
1130 1838
1130 1122
1130 1086
1132 258
1132 284
1132 1527
1132 730
1132 1332
1132 908
1132 83
1132 1358
1132 1062
1133 110
1133 1621
1133 1056
1133 604
1133 799
1133 1853
1133 591
1133 391
1133 1744
1133 623
1133 1350
1133 239
1133 1692
1133 146
1133 754
1134 304
1134 8
1134 686
1134 653
1134 819
1134 641
1134 1562
1136 1116
1136 1413
1136 329
1136 1182
1136 648
1136 1048
1136 1517
1137 1916
1137 1739
1137 710
1137 1520
1137 268
1138 650
1138 1060
1138 442
1138 1846
1138 1572
1138 389
1139 584
1139 1929
1140 742
1140 1125
1140 668
1140 930
1140 310
1140 1707
1140 987
1140 409
1140 1086
1140 1087
1141 1839
1141 273
1141 1762
1141 216
1141 257
1141 24
1142 1758
1142 1542
1142 1847
1142 1055
1142 691
1142 965
1143 147
1143 573
1144 1991
1144 1943
1144 1006
1145 1936
1145 1610
1145 1074
1145 226
1145 1939
1145 392
1145 1114
1145 1307
1146 536
1146 701
1146 1694
1146 1661
1146 1122
1146 1852
1147 1700
1147 301
1148 686
1148 1077
1148 241
1148 394
1148 195
1148 913
1149 1740
1149 1096
1149 244
1149 119
1149 467
1149 812
1150 316
1150 475
1150 1116
1150 738
1150 461
1150 1482
1151 675
1151 1929
1152 786
1152 119
1152 841
1152 175
1152 1806
1153 598
1153 715
1153 1163
1153 616
1153 1332
1153 275
1153 1862
1153 1056
1153 167
1156 1109
1156 386
1156 769
1156 178
1157 1257
1157 449
1157 53
1157 1464
1157 1965
1157 326
1157 479
1157 1256
1158 119
1158 736
1158 131
1158 1252
1158 1281
1158 23
1158 391
1159 49
1159 506
1159 1071
1159 629
1159 1760
1160 381
1160 1616
1160 1180
1160 1857
1160 41
1160 1549
1161 1250
1161 1925
1161 1011
1163 1055
1163 1488
1163 366
1163 898
1163 1473
1164 1678
1164 1487
1164 245
1164 1230
1164 701
1164 1212
1165 1095
1165 1360
1165 1660
1165 126
1166 1387
1166 341
1166 1282
1166 1582
1166 202
1167 1629
1167 1665
1167 1964
1167 510
1167 588
1167 632
1167 738
1167 1773
1167 1225
1167 590
1168 1584
1168 393
1168 1542
1168 1260
1168 228
1168 1286
1169 1444
1169 325
1169 1762
1170 1766
1170 1745
1170 1581
1170 830
1170 574
1170 1577
1170 108
1170 1308
1170 1710
1170 1905
1171 24
1171 849
1171 586
1171 967
1172 1852
1172 960
1172 1133
1172 668
1172 697
1172 216
1172 205
1172 773
1173 577
1173 862
1173 803
1173 771
1173 1974
1173 1838
1173 86
1173 869
1175 64
1175 1366
1175 967
1175 1210
1175 718
1175 972
1175 415
1175 704
1179 748
1179 509
1179 71
1179 943
1179 769
1179 1152
1179 1143
1180 1624
1180 1825
1180 503
1180 904
1180 492
1181 1332
1181 908
1181 953
1181 1870
1181 1238
1181 656
1181 1799
1181 1
1181 995
1181 226
1182 1145
1182 900
1182 1473
1182 312
1182 1907
1183 1979
1183 525
1183 134
1183 952
1183 740
1183 1786
1183 856
1183 1964
1183 116
1185 1850
1185 618
1185 1648
1185 184
1185 943
1185 650
1185 238
1186 495
1186 1977
1186 1961
1186 1119
1186 1883
1188 1580
1188 685
1188 836
1188 133
1188 283
1188 824
1188 994
1188 73
1188 586
1188 658
1188 1147
1189 358
1189 1580
1189 1055
1189 1293
1190 813
1190 289
1190 1936
1190 1208
1190 1379
1190 250
1191 1422
1193 374
1193 1998
1193 1848
1193 1433
1193 1562
1193 1622
1193 440
1193 1489
1195 673
1195 1589
1195 1918
1195 618
1195 1722
1195 1082
1196 1218
1196 664
1196 1199
1196 1668
1197 152
1197 1254
1197 1172
1197 205
1197 248
1197 1666
1197 456
1197 736
1198 43
1198 274
1198 760
1198 530
1198 158
1199 301
1199 308
1199 1495
1199 242
1199 1530
1199 106
1199 1048
1199 121
1199 1152
1200 812
1200 73
1200 25
1200 505
1201 1224
1201 1889
1201 945
1201 1455
1201 4
1201 44
1201 1759
1203 617
1203 1678
1203 1695
1203 953
1203 1294
1203 1998
1203 184
1203 752
1203 1277
1203 1099
1204 1698
1204 1947
1204 1796
1204 1341
1204 650
1204 1689
1204 656
1204 380
1204 1747
1204 388
1204 805
1205 696
1205 757
1205 1512
1205 147
1205 1074
1206 349
1206 1953
1206 54
1206 1593
1207 4
1207 1293
1207 1455
1207 89
1207 1371
1207 595
1207 1855
1207 1409
1208 426
1208 750
1208 1181
1208 1136
1208 1748
1208 358
1208 433
1209 623
1209 1234
1209 159
1209 1466
1209 226
1209 573
1209 532
1210 1247
1210 720
1210 1116
1210 1182
1210 1944
1211 1516
1211 366
1211 626
1211 13
1211 27
1211 1982
1211 1916
1211 1171
1211 346
1212 1422
1212 49
1212 346
1212 1394
1212 442
1212 778
1212 534
1212 1157
1212 1978
1212 755
1212 1473
1212 1497
1213 1199
1213 175
1213 1607
1213 503
1215 490
1215 1221
1215 242
1215 193
1215 1302
1215 101
1215 56
1215 1473
1215 1889
1216 412
1216 255
1216 1644
1216 829
1216 1245
1217 120
1217 572
1217 293
1217 1995
1218 781
1218 1077
1218 294
1218 1743
1218 767
1219 727
1219 1634
1219 1582
1219 1503
1219 636
1219 430
1219 149
1219 281
1219 408
1219 700
1219 694
1219 830
1220 1116
1220 619
1220 1992
1220 1989
1220 1305
1220 1840
1220 1484
1221 398
1221 1010
1221 41
1223 598
1223 797
1223 1078
1223 439
1224 905
1224 866
1224 154
1224 1862
1224 1640
1224 119
1224 1437
1225 1206
1225 1286
1225 1559
1225 1676
1226 1121
1226 358
1226 104
1226 1939
1226 866
1226 1001
1226 891
1226 646
1227 1284
1227 297
1227 116
1228 1734
1228 1392
1228 1323
1228 816
1228 1328
1228 689
1228 756
1228 1596
1228 1806
1230 1716
1230 1992
1230 393
1230 138
1230 1374
1230 1140
1230 1180
1230 1641
1232 244
1232 1476
1232 964
1232 1806
1232 747
1232 231
1232 1153
1232 1346
1234 138
1234 1579
1234 723
1234 1758
1234 1448
1234 1529
1234 1033
1234 1292
1234 143
1234 1437
1234 1070
1236 1077
1236 1052
1236 409
1236 1372
1236 533
1236 1009
1237 1495
1237 891
1237 898
1237 1528
1237 1895
1237 1630
1238 812
1238 1905
1238 994
1238 1751
1238 1886
1238 750
1238 1390
1240 1004
1240 920
1240 448
1240 384
1241 1034
1241 960
1241 1465
1241 575
1242 717
1242 44
1242 1303
1244 1814
1244 1976
1244 864
1244 764
1244 1409
1244 4
1244 992
1244 1592
1244 726
1244 256
1245 1004
1245 577
1245 1147
1245 1677
1245 1170
1245 317
1245 1373
1247 257
1247 155
1247 1572
1249 1655
1249 1618
1249 126
1249 1330
1249 497
1249 66
1249 527
1250 449
1250 145
1250 1837
1250 1170
1251 1698
1251 1838
1251 560
1251 501
1252 811
1252 1085
1252 1404
1252 1483
1252 1952
1252 1974
1252 651
1252 21
1254 892
1254 1394
1254 1256
1254 1778
1254 1328
1256 387
1256 899
1256 1535
1257 1160
1257 294
1257 364
1257 1207
1258 726
1258 1818
1258 1547
1258 669
1258 1105
1258 1117
1259 413
1259 954
1259 110
1259 1122
1261 1308
1261 1085
1261 565
1261 1256
1261 803
1261 1480
1261 1163
1262 960
1262 866
1263 1776
1263 1860
1263 1871
1263 290
1263 892
1263 1666
1263 289
1263 876
1263 730
1264 1782
1264 1347
1264 1664
1264 1791
1264 1172
1264 302
1264 716
1265 442
1265 1160
1265 1163
1265 1878
1266 1264
1266 1022
1266 1998
1266 19
1267 560
1267 1011
1267 313
1267 1989
1267 1382
1268 1815
1268 468
1268 1138
1268 1739
1268 648
1268 464
1269 58
1269 1871
1269 444
1269 1159
1269 835
1269 1939
1269 1230
1270 1200
1270 1827
1270 1086
1271 13
1271 767
1271 1078
1271 751
1271 1453
1271 1933
1271 1347
1271 1306
1271 1730
1271 574
1271 555
1272 642
1272 1022
1272 434
1274 942
1274 97
1274 1977
1274 1509
1274 424
1274 1238
1274 1219
1275 459
1275 1920
1275 1779
1275 694
1276 1217
1276 800
1276 155
1276 748
1276 686
1276 1911
1276 341
1277 319
1277 1360
1277 657
1277 41
1277 6
1277 866
1277 1038
1277 1073
1279 1741
1279 852
1279 1002
1279 1088
1281 253
1281 1964
1281 1019
1281 1768
1281 642
1281 1356
1282 648
1282 119
1282 1159
1282 1423
1283 398
1283 199
1283 1779
1283 767
1283 1211
1283 866
1283 1805
1284 845
1284 9
1284 1303
1284 1879
1285 1520
1285 332
1285 1951
1285 773
1285 1773
1285 1894
1285 892
1285 1547
1286 688
1286 1328
1286 1139
1286 550
1286 38
1286 1019
1288 601
1288 133
1288 1739
1288 1813
1288 1350
1288 947
1288 29
1288 700
1290 1569
1290 1219
1290 685
1290 845
1290 671
1290 1778
1290 1258
1292 1082
1292 689
1292 517
1292 1224
1292 1883
1292 774
1293 1633
1293 1163
1293 819
1293 485
1293 1826
1293 599
1293 601
1293 1818
1293 935
1293 1353
1294 1316
1294 133
1294 1712
1294 1099
1294 173
1297 1661
1297 676
1297 1994
1297 420
1297 828
1297 1512
1298 467
1298 1333
1298 1105
1298 1250
1298 497
1299 1699
1299 25
1300 1259
1300 1258
1300 1940
1300 1279
1300 1545
1300 181
1300 1256
1300 774
1301 525
1301 821
1301 884
1301 874
1301 179
1301 360
1301 1367
1302 956
1302 29
1302 1907
1302 836
1302 976
1302 1540
1302 1570
1302 590
1302 70
1302 865
1302 101
1302 141
1302 366
1303 1641
1303 1967
1303 1277
1303 1642
1304 1008
1304 1955
1304 496
1304 1447
1304 271
1304 1961
1304 905
1304 1534
1304 189
1305 1643
1305 1434
1305 564
1306 852
1306 686
1306 411
1306 1843
1306 66
1306 1936
1306 1186
1306 1951
1306 1382
1307 385
1307 194
1307 103
1307 1008
1307 1925
1307 141
1307 859
1307 734
1308 362
1308 1490
1308 1433
1308 1914
1308 1114
1308 202
1308 862
1310 812
1310 1995
1310 318
1311 199
1311 1051
1311 415
1311 1252
1311 1136
1312 1784
1312 1816
1312 639
1313 328
1313 1358
1313 1982
1316 953
1316 144
1316 530
1317 691
1317 696
1317 693
1317 1745
1321 629
1321 1156
1321 662
1321 1571
1321 485
1321 1828
1321 1953
1322 1589
1322 1149
1322 840
1322 1795
1322 358
1322 861
1322 1141
1322 331
1322 906
1323 1074
1323 1072
1323 1986
1323 1040
1323 626
1324 1936
1324 157
1324 1596
1324 1620
1324 1151
1324 1378
1324 1150
1324 854
1326 1580
1326 1401
1327 1985
1327 774
1327 420
1327 282
1327 1587
1327 1106
1328 1439
1328 1220
1328 1877
1328 1486
1328 486
1330 1963
1330 1193
1330 1851
1330 1687
1331 1456
1331 1749
1331 1282
1331 428
1331 1998
1331 1167
1331 139
1332 1286
1332 382
1332 1020
1332 1328
1332 1341
1332 1949
1333 1444
1333 1073
1333 363
1333 910
1333 1939
1334 1518
1334 1984
1334 1574
1334 1620
1334 841
1334 720
1334 1132
1334 1605
1334 1056
1334 212
1335 413
1335 1499
1335 1981
1335 374
1336 617
1336 1172
1336 1116
1336 1094
1336 8
1337 1375
1337 793
1337 1622
1337 767
1337 1023
1337 756
1337 1977
1338 1346
1338 944
1338 1883
1338 596
1338 294
1338 913
1338 1798
1338 114
1340 1898
1340 1333
1340 499
1340 1419
1340 557
1340 1917
1340 1982
1340 745
1341 1172
1341 1950
1341 597
1341 1017
1341 417
1341 1878
1341 1326
1342 1180
1342 923
1342 1997
1342 1486
1342 1751
1343 898
1343 349
1343 1211
1343 390
1343 1701
1343 1730
1343 550
1343 441
1343 953
1346 1714
1346 1565
1346 1337
1346 975
1347 1078
1347 1204
1347 548
1347 1310
1347 1789
1347 1062
1348 1717
1348 792
1348 379
1348 1011
1348 575
1348 1365
1348 1610
1348 1038
1348 226
1348 542
1349 32
1349 609
1349 840
1349 1746
1349 1759
1349 1760
1350 420
1350 747
1350 1832
1350 1207
1350 1532
1351 395
1351 30
1351 1142
1351 464
1351 988
1351 569
1351 656
1351 665
1351 1302
1352 530
1352 1153
1352 256
1352 788
1353 816
1353 1220
1353 664
1353 144
1353 1151
1353 1199
1354 564
1354 723
1354 552
1354 1958
1354 282
1354 1166
1354 771
1356 20
1356 1150
1356 595
1356 1624
1356 323
1356 1323
1356 69
1356 21
1356 378
1357 1824
1357 424
1358 1646
1358 1353
1358 34
1358 1758
1358 1201
1358 1771
1358 1960
1358 913
1359 1687
1359 242
1359 1227
1359 825
1359 951
1359 1650
1360 1472
1360 1539
1360 1079
1360 1609
1360 1905
1360 1303
1360 810
1360 725
1360 289
1360 1561
1362 38
1362 1401
1362 719
1362 21
1362 1327
1362 353
1362 1148
1364 358
1364 1283
1364 569
1364 1588
1364 1161
1365 407
1365 575
1365 1164
1365 110
1366 196
1367 695
1367 1749
1367 1071
1367 1297
1367 778
1367 86
1367 1472
1371 387
1371 1478
1371 1137
1371 1472
1371 1151
1371 106
1371 1413
1371 1906
1371 1889
1371 1482
1371 1779
1372 395
1372 283
1372 971
1372 1649
1372 1681
1372 1367
1373 1529
1373 1648
1373 239
1373 1668
1373 15
1373 459
1374 1151
1375 957
1375 1206
1375 1443
1375 417
1375 659
1375 786
1376 1203
1376 1995
1376 595
1376 1074
1376 47
1376 669
1376 1436
1377 1896
1377 242
1377 1305
1377 212
1377 1385
1377 1307
1377 1966
1378 1169
1378 747
1378 1473
1378 1951
1378 98
1378 1741
1378 1616
1379 461
1379 110
1382 551
1382 258
1382 935
1382 565
1382 452
1383 558
1383 554
1383 659
1383 1751
1383 308
1383 1995
1383 128
1384 143
1384 812
1384 1977
1384 260
1384 582
1384 964
1384 1429
1384 170
1384 748
1385 1505
1385 764
1385 182
1385 1791
1385 1409
1385 596
1386 1587
1386 1226
1386 1040
1386 1677
1386 1663
1386 1966
1387 386
1387 1750
1387 1002
1387 1805
1387 660
1387 859
1390 1423
1390 1409
1390 1528
1390 861
1390 1952
1390 1867
1392 949
1392 1929
1392 682
1392 1144
1392 414
1393 504
1393 993
1393 1583
1393 1994
1393 391
1394 707
1394 253
1394 334
1394 1033
1394 268
1394 321
1394 1569
1394 1699
1394 539
1395 1290
1395 1751
1395 860
1395 1199
1395 1587
1395 1052
1395 1302
1397 713
1397 1476
1397 887
1397 1807
1397 1075
1397 146
1397 696
1401 1746
1401 827
1401 551
1401 113
1401 1305
1401 1087
1401 816
1401 596
1401 456
1404 1590
1404 1238
1404 1011
1405 899
1405 855
1405 1674
1405 1254
1406 1322
1406 1128
1406 413
1406 1422
1406 397
1406 835
1406 612
1406 1683
1406 1453
1407 1985
1407 781
1407 89
1407 1742
1407 611
1407 1766
1407 810
1407 1143
1407 411
1407 47
1407 208
1408 694
1408 1048
1408 1691
1408 388
1408 1614
1408 930
1408 1327
1409 1281
1409 1107
1409 411
1409 1460
1410 793
1410 1518
1410 485
1410 596
1411 861
1411 1875
1411 282
1411 332
1411 319
1411 302
1413 686
1413 827
1413 1447
1413 503
1413 1347
1413 116
1413 1186
1413 1981
1414 1046
1414 196
1414 182
1414 1579
1414 1407
1414 1127
1414 1206
1414 935
1417 1834
1417 1158
1417 394
1417 1907
1417 850
1417 882
1418 1188
1418 1272
1418 618
1418 487
1418 833
1418 1664
1419 1912
1419 1800
1419 1173
1419 837
1419 1439
1421 1182
1421 1746
1421 385
1421 527
1422 1932
1422 1461
1422 858
1422 1337
1422 1605
1422 307
1422 755
1423 1851
1423 550
1423 979
1423 227
1423 740
1424 314
1424 1969
1424 308
1424 1738
1424 1882
1424 193
1426 1588
1426 1413
1426 155
1426 754
1426 656
1427 681
1427 1968
1427 1418
1427 250
1427 680
1427 1907
1427 413
1427 679
1429 830
1429 1094
1429 1723
1429 401
1430 986
1430 485
1430 1198
1430 1656
1430 1712
1430 1112
1431 66
1431 716
1431 1734
1431 110
1431 1269
1431 197
1431 632
1431 700
1432 58
1432 1815
1432 1274
1432 470
1432 1770
1432 1567
1432 860
1432 148
1432 1301
1432 1674
1432 234
1432 242
1432 693
1433 1490
1433 1659
1433 1826
1433 1442
1433 299
1434 724
1434 849
1434 883
1434 185
1434 674
1434 1492
1434 272
1434 8
1434 1017
1435 189
1435 1387
1435 1298
1435 973
1435 1784
1436 972
1436 1408
1436 150
1436 755
1436 1357
1436 802
1437 1330
1437 630
1437 492
1439 415
1439 1809
1439 441
1439 195
1439 1773
1439 1059
1439 1165
1439 386
1439 66
1440 1116
1440 1838
1440 1748
1440 1986
1440 28
1440 1322
1440 533
1442 1376
1442 389
1442 580
1442 1286
1442 974
1442 538
1442 1372
1443 1778
1443 1206
1443 774
1444 1622
1444 1390
1444 464
1444 205
1445 1895
1445 181
1445 1824
1445 1206
1446 1337
1446 718
1446 317
1447 1743
1447 1310
1447 1956
1448 1928
1448 1991
1449 1886
1449 1559
1449 1794
1452 391
1452 809
1452 551
1452 1116
1452 86
1453 1456
1453 993
1453 1945
1453 1794
1453 1791
1453 122
1455 887
1455 1272
1455 935
1455 403
1455 813
1455 1308
1455 841
1455 1215
1455 534
1455 1747
1455 321
1455 639
1455 42
1455 1992
1455 113
1456 144
1456 1526
1456 1106
1456 150
1456 1496
1456 1689
1456 1978
1456 1215
1458 234
1458 113
1459 525
1459 34
1459 845
1459 983
1459 707
1459 544
1459 171
1460 1216
1460 1907
1460 1912
1460 1234
1460 1205
1460 729
1460 1293
1460 89
1460 413
1461 1634
1461 1476
1461 1346
1461 1267
1461 866
1461 343
1461 1898
1461 801
1461 840
1461 128
1463 572
1463 479
1463 1964
1463 1702
1463 596
1463 1646
1463 1748
1463 926
1463 318
1463 1078
1464 660
1464 405
1464 1973
1464 308
1464 684
1464 1875
1464 662
1464 354
1464 440
1464 1466
1465 1163
1465 51
1465 1404
1465 544
1465 1712
1465 1528
1465 183
1465 81
1466 1051
1466 1478
1466 1263
1467 1075
1467 1266
1467 1561
1467 328
1468 1262
1468 1973
1468 1340
1468 1117
1468 843
1468 180
1468 993
1468 565
1469 260
1469 978
1469 636
1469 659
1469 594
1469 1572
1469 156
1469 1039
1470 1896
1470 647
1470 376
1470 561
1470 894
1470 253
1472 1301
1472 1879
1472 574
1472 684
1472 1211
1472 438
1472 11
1473 1629
1473 836
1473 866
1474 1456
1474 1750
1474 648
1474 1268
1474 106
1474 471
1474 1236
1474 1664
1474 539
1474 1378
1474 49
1474 1464
1476 157
1476 388
1476 1034
1476 799
1476 1815
1476 579
1478 25
1478 1195
1478 906
1478 227
1478 1265
1478 43
1478 999
1478 601
1478 163
1478 1430
1480 1754
1480 1567
1480 1120
1480 1523
1480 1583
1482 1978
1482 1094
1482 156
1482 1254
1482 1907
1482 972
1482 1198
1483 884
1483 1758
1483 1223
1483 1744
1483 243
1484 754
1484 883
1484 1201
1484 403
1484 1731
1484 852
1484 1857
1486 313
1486 805
1486 781
1486 814
1486 1974
1486 1165
1486 222
1487 755
1487 1629
1487 1914
1487 1972
1487 582
1487 128
1487 974
1488 1241
1488 172
1488 1056
1488 456
1488 1134
1488 249
1489 495
1489 1769
1489 1059
1489 171
1489 321
1490 108
1490 501
1490 615
1490 252
1490 1328
1490 470
1490 896
1490 1919
1491 1283
1491 13
1491 1645
1491 324
1491 1034
1491 353
1491 1095
1491 1078
1491 890
1492 1896
1492 1110
1492 1656
1492 1899
1492 78
1492 667
1493 158
1493 1968
1493 1816
1493 312
1493 112
1494 1193
1494 1630
1494 1743
1494 472
1494 1305
1494 1843
1494 110
1494 1898
1494 1546
1494 1613
1494 778
1494 147
1495 1254
1495 1268
1495 577
1495 1219
1495 555
1495 812
1496 231
1496 647
1496 188
1496 1584
1496 1705
1496 1347
1496 954
1496 4
1496 1995
1497 1579
1497 653
1497 1236
1497 1006
1497 1503
1499 1465
1499 1284
1499 1553
1499 657
1499 1533
1499 1244
1499 1945
1500 272
1500 1639
1500 144
1500 724
1500 1991
1500 1608
1500 146
1500 1588
1501 1461
1501 636
1501 1712
1501 729
1501 613
1501 1397
1501 1373
1501 1277
1503 124
1503 1898
1503 1312
1503 862
1503 1495
1503 407
1505 910
1505 1959
1505 865
1505 1110
1505 1717
1505 1694
1506 830
1506 888
1506 1851
1506 1637
1506 812
1506 956
1506 935
1506 247
1506 908
1507 647
1507 1261
1507 1186
1507 1180
1507 470
1507 1147
1507 1491
1507 1305
1508 904
1508 750
1508 387
1508 760
1508 1574
1508 700
1508 1198
1509 1065
1509 459
1509 767
1509 62
1509 1476
1509 902
1509 1541
1512 724
1512 1022
1513 1266
1513 1639
1513 143
1513 1125
1513 1606
1513 967
1513 120
1513 689
1513 754
1515 932
1515 999
1515 313
1515 1122
1515 64
1515 441
1516 1782
1516 933
1516 81
1516 1452
1516 742
1516 1649
1517 1515
1517 826
1517 275
1517 1139
1517 770
1517 1306
1517 1674
1517 1250
1517 1794
1517 1372
1517 707
1517 1311
1518 622
1518 523
1518 1038
1518 19
1518 444
1518 1467
1520 1659
1520 1075
1520 1763
1520 1185
1520 953
1522 942
1522 1639
1522 1130
1522 393
1522 1707
1522 1594
1522 1311
1522 1842
1522 644
1522 657
1522 310
1522 1781
1522 537
1522 935
1522 40
1523 1113
1523 1354
1523 1076
1524 1071
1524 1410
1524 1778
1524 1051
1524 618
1524 1750
1525 1390
1525 378
1525 576
1525 1161
1525 593
1525 1209
1526 1170
1526 341
1526 554
1527 887
1527 1796
1528 271
1528 923
1528 205
1528 212
1528 1203
1529 636
1529 647
1529 153
1529 659
1529 736
1529 86
1530 1956
1530 772
1530 475
1530 1683
1530 1646
1530 1752
1532 1341
1532 1467
1532 1943
1532 1917
1532 1770
1533 802
1533 1810
1533 514
1533 1257
1534 613
1534 1387
1534 311
1534 1271
1534 947
1534 1167
1534 740
1534 1480
1534 1008
1534 919
1534 1337
1535 815
1535 1983
1535 147
1535 1945
1539 1465
1539 1142
1539 1193
1539 418
1539 864
1540 1503
1540 853
1540 1605
1540 1653
1540 685
1540 381
1541 1524
1541 189
1541 260
1541 293
1541 1169
1541 363
1541 1523
1541 888
1541 1901
1541 255
1542 908
1542 1458
1542 1437
1542 1650
1542 414
1542 1466
1543 71
1544 262
1544 862
1544 1942
1544 752
1544 1730
1545 1700
1545 1528
1546 783
1546 321
1546 394
1546 1824
1546 751
1546 1769
1546 14
1546 900
1546 685
1547 86
1547 209
1549 107
1549 624
1549 1189
1549 601
1549 1827
1549 1535
1550 1644
1550 199
1550 1060
1550 327
1550 1969
1550 1360
1550 1495
1551 668
1551 652
1551 53
1551 1512
1551 1493
1551 249
1553 1542
1553 1018
1553 180
1553 68
1553 459
1553 517
1553 446
1553 978
1554 840
1554 1752
1554 82
1554 1703
1554 905
1554 1917
1554 1490
1555 222
1555 1993
1555 1188
1555 1276
1555 428
1557 1964
1557 142
1557 758
1557 621
1557 1696
1557 570
1558 435
1558 1843
1558 555
1558 464
1558 710
1558 1794
1559 731
1559 1288
1559 1837
1559 641
1559 1018
1559 1051
1559 1476
1560 1436
1560 42
1560 36
1560 1286
1560 1213
1560 1005
1561 1899
1561 668
1561 1258
1561 1302
1562 1643
1562 1493
1562 230
1562 1848
1562 1189
1562 1905
1562 658
1562 564
1562 1656
1562 4
1562 917
1562 936
1563 1794
1563 1245
1563 1881
1564 542
1564 465
1564 176
1564 1625
1564 1816
1564 1328
1564 1761
1565 1268
1565 469
1565 1947
1565 1700
1565 1252
1565 699
1567 1493
1567 575
1567 1460
1567 15
1567 827
1567 1208
1567 647
1567 170
1567 1958
1567 1003
1567 1816
1569 180
1569 273
1569 406
1569 555
1569 941
1569 16
1569 1582
1569 255
1569 1456
1570 461
1570 1217
1570 805
1570 1186
1571 1435
1571 110
1571 634
1571 1254
1571 1050
1571 418
1571 599
1571 882
1571 1868
1571 1293
1572 209
1572 1852
1572 660
1573 827
1573 21
1573 949
1573 1676
1573 1185
1573 1366
1573 1648
1573 677
1573 133
1574 167
1574 688
1574 1407
1574 122
1574 1799
1574 155
1574 1490
1576 1006
1576 1907
1576 242
1576 1871
1577 90
1577 1534
1577 1392
1577 13
1577 1594
1577 939
1579 1915
1579 417
1579 1807
1579 887
1579 1532
1579 670
1579 1313
1579 618
1579 1076
1580 1407
1580 1952
1580 1285
1580 573
1580 594
1580 706
1581 1326
1581 1383
1581 951
1581 280
1581 293
1582 1657
1582 195
1582 349
1582 975
1582 270
1583 815
1583 121
1583 405
1583 414
1583 662
1583 1452
1583 316
1583 49
1584 460
1584 1279
1584 1828
1584 520
1584 1834
1586 1653
1586 1535
1586 1657
1586 403
1586 1687
1587 956
1587 1659
1587 280
1587 1311
1587 309
1587 226
1587 1058
1587 107
1587 1259
1587 1322
1588 176
1588 1232
1588 918
1588 175
1588 1159
1588 1023
1588 1495
1589 502
1589 439
1589 717
1589 101
1589 522
1589 468
1589 1517
1590 1782
1590 194
1590 1307
1590 764
1592 1516
1592 1167
1592 62
1592 1660
1592 104
1592 1221
1592 190
1592 670
1592 1039
1592 1804
1592 1083
1593 916
1593 1201
1593 1338
1593 1598
1593 209
1593 149
1593 68
1594 1480
1594 643
1594 641
1594 1356
1594 1851
1594 610
1594 65
1594 829
1596 1354
1596 1563
1596 1365
1596 156
1596 308
1596 1359
1596 1208
1596 288
1597 1087
1597 1618
1597 1251
1597 1767
1598 188
1598 467
1598 216
1598 354
1598 260
1598 302
1598 1436
1598 717
1602 52
1602 1755
1602 740
1602 556
1603 1152
1603 769
1603 1959
1603 1778
1603 1083
1603 148
1603 725
1604 1814
1604 1324
1604 1592
1604 1562
1604 683
1604 1200
1604 642
1604 773
1605 1932
1605 1444
1605 722
1605 364
1605 1571
1605 899
1605 1979
1605 624
1606 1648
1606 140
1606 575
1606 1283
1606 1850
1607 575
1607 1640
1607 1925
1607 1446
1607 684
1607 1664
1607 1968
1608 785
1608 1054
1608 496
1609 1110
1609 1181
1609 866
1609 770
1609 78
1609 1088
1609 1371
1609 1112
1610 1466
1610 747
1610 1827
1610 1789
1610 795
1610 1364
1610 1083
1610 95
1612 1625
1612 1733
1612 962
1612 1889
1612 1134
1613 272
1613 543
1613 1232
1613 809
1613 68
1613 1088
1614 1236
1614 205
1614 899
1614 1124
1616 810
1616 149
1616 1546
1616 326
1616 1682
1617 573
1617 330
1617 460
1618 510
1618 616
1618 1868
1618 387
1618 403
1618 1582
1618 170
1618 97
1620 271
1620 621
1620 121
1620 458
1620 1448
1620 1470
1621 1098
1621 1245
1621 1779
1621 154
1621 899
1622 603
1622 1203
1622 1972
1623 1488
1623 1871
1623 1705
1623 767
1623 594
1623 1027
1624 1968
1624 1189
1624 1855
1624 1408
1624 142
1624 1220
1625 309
1625 61
1625 1698
1625 1579
1625 701
1625 879
1625 398
1625 1766
1626 285
1626 741
1626 845
1626 759
1626 1436
1629 578
1629 1809
1629 73
1629 388
1629 1567
1629 1872
1629 83
1629 1974
1629 364
1629 281
1629 374
1630 309
1630 105
1630 1705
1630 957
1631 586
1631 1008
1631 1506
1631 195
1631 1307
1632 937
1632 1079
1632 1748
1632 882
1632 1705
1632 994
1632 1508
1632 1168
1632 1161
1633 7
1633 470
1633 168
1633 70
1633 686
1633 435
1634 721
1634 1279
1634 1110
1634 41
1634 1935
1634 1939
1635 910
1635 1944
1635 1826
1635 1156
1635 1001
1636 1303
1636 414
1636 138
1636 1141
1636 346
1636 908
1636 995
1636 395
1636 1714
1636 1437
1636 354
1637 1594
1637 649
1637 1679
1639 1490
1639 757
1639 314
1639 68
1639 677
1639 124
1639 1714
1639 1541
1639 523
1639 726
1639 659
1640 1198
1640 665
1640 476
1640 1855
1641 937
1641 594
1641 1587
1641 751
1641 144
1641 1695
1642 387
1642 983
1642 1199
1642 1587
1642 175
1642 413
1643 700
1643 688
1643 1453
1643 844
1643 619
1644 1901
1644 1717
1644 1875
1644 1020
1644 1622
1644 1520
1645 1282
1645 1668
1646 908
1646 685
1646 558
1646 1583
1647 1922
1647 584
1647 1555
1647 721
1648 525
1648 1532
1648 1708
1648 591
1648 793
1648 1963
1648 353
1649 110
1649 1905
1649 1926
1649 979
1649 558
1649 1125
1650 1346
1650 667
1650 288
1650 676
1650 727
1650 1145
1650 1238
1650 1037
1650 1951
1652 260
1652 1951
1652 574
1652 1228
1652 167
1652 171
1652 1732
1652 60
1652 944
1652 548
1653 474
1653 433
1653 1116
1653 1011
1653 1707
1653 1840
1653 1323
1655 1884
1655 1772
1655 398
1655 1244
1655 24
1655 744
1655 1317
1655 686
1656 397
1656 1366
1656 1218
1656 302
1656 227
1656 1127
1656 21
1656 1520
1656 1540
1657 1241
1657 1763
1657 1855
1657 190
1657 1421
1657 1010
1659 1952
1659 1922
1659 609
1659 29
1659 465
1659 1142
1660 1463
1660 369
1660 1540
1660 1944
1660 159
1660 1017
1660 700
1661 496
1661 1733
1663 1305
1663 1346
1663 435
1663 222
1663 888
1663 1586
1663 650
1663 1693
1664 293
1664 725
1664 302
1664 1576
1664 486
1664 1655
1664 509
1664 92
1664 713
1665 573
1665 1989
1665 670
1665 1240
1665 744
1665 1224
1665 1264
1665 1814
1665 1112
1666 247
1666 1710
1666 536
1666 581
1666 1700
1666 1490
1666 840
1666 1272
1668 965
1668 1237
1668 1265
1668 590
1668 624
1668 121
1668 941
1670 1564
1670 1153
1670 1523
1670 1292
1670 163
1670 69
1670 1648
1670 1137
1670 655
1671 424
1671 1149
1671 741
1671 1547
1671 20
1671 1755
1671 334
1671 611
1671 418
1671 1518
1674 1068
1674 32
1674 1414
1674 1996
1675 1228
1675 1993
1675 1000
1675 1709
1675 983
1675 1044
1675 884
1675 464
1676 575
1676 829
1676 866
1676 517
1676 42
1676 122
1677 1467
1677 1914
1677 1030
1677 449
1677 106
1677 1393
1677 829
1678 1022
1678 560
1678 222
1678 882
1678 1614
1678 692
1678 853
1679 943
1679 1008
1679 283
1679 1127
1679 152
1679 1630
1680 895
1680 1335
1680 140
1680 288
1680 684
1680 888
1680 1555
1680 1896
1680 520
1680 1023
1681 110
1681 744
1681 1351
1681 941
1681 1743
1681 1513
1681 1316
1682 1306
1682 520
1682 1224
1682 1351
1682 1298
1682 406
1682 193
1682 679
1683 840
1683 1776
1683 1907
1683 1352
1683 590
1683 1792
1683 1195
1683 1625
1683 1386
1683 608
1683 520
1687 1540
1687 1860
1687 720
1687 1196
1687 1279
1687 341
1687 1892
1687 1734
1687 169
1687 1898
1689 449
1689 1747
1689 1982
1689 1350
1689 1059
1689 504
1689 1927
1689 1814
1689 86
1689 1875
1689 888
1689 1452
1689 317
1691 564
1691 270
1691 507
1692 1661
1692 1830
1692 154
1692 1206
1692 1290
1692 713
1692 168
1693 1301
1693 1117
1693 458
1693 1346
1693 531
1693 1527
1693 1056
1694 1907
1694 426
1694 850
1694 1974
1695 1489
1695 415
1695 1029
1695 1994
1695 1197
1695 1825
1695 1245
1695 1158
1695 1855
1695 527
1695 173
1695 1203
1696 1788
1696 1884
1696 1770
1696 1230
1696 561
1696 760
1696 926
1698 503
1698 474
1698 811
1698 1099
1698 419
1698 1068
1699 29
1699 1305
1699 338
1699 279
1699 1219
1699 1206
1699 1955
1699 1986
1700 736
1700 1423
1700 1829
1700 1439
1700 64
1700 419
1701 1631
1701 1168
1701 1084
1701 178
1701 170
1701 721
1701 813
1701 849
1701 1896
1702 1593
1702 1533
1702 1508
1702 1834
1702 1375
1702 150
1702 1963
1702 408
1703 475
1703 1588
1703 330
1703 434
1703 634
1703 328
1703 755
1703 1739
1703 1565
1703 135
1703 514
1705 770
1705 362
1705 1308
1705 1350
1705 308
1705 1947
1705 1026
1707 891
1707 561
1707 1661
1707 398
1707 1539
1707 1052
1707 1110
1708 1226
1708 1808
1708 9
1708 697
1708 759
1709 1759
1709 255
1709 249
1709 1929
1709 1208
1710 1401
1710 493
1710 441
1710 34
1710 25
1710 1167
1710 1730
1710 726
1710 1017
1711 1136
1711 1732
1711 426
1711 324
1711 1005
1711 1225
1711 578
1711 1738
1711 1933
1712 374
1712 815
1712 1383
1712 503
1712 456
1714 158
1714 539
1714 558
1714 1671
1714 1144
1714 83
1714 993
1716 1221
1716 324
1716 1551
1716 343
1716 774
1716 1614
1716 1700
1717 1842
1717 603
1717 1560
1717 1221
1717 909
1717 1490
1717 1992
1719 1168
1719 411
1720 1968
1720 1527
1720 771
1722 1105
1722 331
1722 802
1722 1060
1722 1496
1722 275
1722 449
1722 64
1722 144
1722 1079
1723 1997
1723 32
1723 1645
1723 453
1723 509
1727 443
1727 1372
1730 512
1730 1299
1730 1333
1730 1799
1730 676
1730 1424
1730 330
1730 463
1731 1005
1731 1307
1731 308
1731 128
1731 861
1731 1953
1731 544
1731 557
1731 769
1731 1773
1731 710
1731 1082
1731 1469
1731 354
1732 170
1732 1401
1732 1964
1732 1952
1732 1947
1732 1022
1732 358
1732 1902
1732 995
1732 580
1732 678
1732 515
1733 1088
1733 434
1733 1719
1734 1564
1734 1406
1734 1164
1734 1316
1734 1459
1734 1464
1734 1241
1734 858
1734 599
1738 1172
1738 655
1738 525
1738 613
1738 644
1739 656
1739 1694
1739 90
1739 1995
1739 497
1739 1139
1740 582
1740 494
1740 170
1741 374
1741 1732
1741 1144
1741 1522
1741 1947
1741 158
1741 502
1742 1992
1742 215
1742 449
1742 675
1743 175
1743 678
1743 741
1744 164
1744 634
1744 272
1745 364
1745 1242
1745 174
1745 615
1745 995
1746 734
1746 1063
1746 1574
1746 616
1746 540
1746 335
1746 1613
1746 457
1746 311
1746 1766
1746 312
1746 1445
1747 993
1747 313
1747 1582
1747 1754
1747 1263
1747 1629
1747 157
1747 686
1748 1033
1748 613
1748 1127
1748 753
1748 1889
1748 1789
1749 495
1749 465
1749 837
1749 650
1750 1469
1750 1968
1750 1200
1750 584
1751 1444
1751 1602
1751 910
1751 1773
1751 674
1751 621
1751 1087
1751 609
1752 716
1752 380
1752 1351
1752 726
1752 1448
1754 1245
1754 920
1754 1100
1754 514
1754 1524
1754 1555
1754 2
1754 406
1755 1588
1755 727
1755 1390
1755 214
1755 112
1755 923
1755 1006
1756 1839
1756 71
1756 1749
1756 1493
1756 1606
1756 1993
1756 530
1756 1267
1756 1764
1756 1999
1758 966
1758 143
1758 1417
1758 288
1758 1326
1759 1501
1759 1458
1759 1143
1759 1405
1759 1099
1759 115
1759 1033
1760 1027
1760 753
1760 1019
1760 520
1760 448
1760 1210
1761 502
1761 1494
1761 1056
1761 1443
1761 1074
1762 394
1762 1963
1762 1574
1762 542
1762 1433
1762 540
1762 275
1762 556
1762 302
1762 1445
1762 1275
1762 353
1763 632
1763 1371
1763 724
1763 114
1763 1274
1763 799
1763 43
1763 704
1763 966
1763 1499
1763 202
1764 1608
1764 1250
1764 228
1764 112
1764 471
1764 659
1764 1065
1764 504
1766 1456
1766 962
1766 1630
1766 1465
1766 669
1766 438
1767 1232
1767 1407
1767 447
1767 396
1767 159
1768 1612
1768 68
1768 821
1768 331
1768 1357
1768 1981
1768 1524
1769 809
1769 1037
1769 1343
1769 444
1770 1505
1770 756
1770 152
1771 379
1771 1933
1771 1133
1771 1002
1771 1544
1771 826
1771 1506
1772 83
1772 971
1772 1250
1772 949
1772 1940
1772 1636
1772 55
1773 1124
1773 892
1773 7
1773 1228
1773 423
1773 1217
1773 854
1774 185
1774 1710
1774 1312
1774 98
1774 378
1774 1992
1774 1059
1774 1612
1774 1297
1776 656
1776 1015
1776 1631
1776 1515
1776 1095
1776 1316
1776 1880
1776 909
1776 570
1778 1695
1778 1261
1778 1570
1778 1687
1778 202
1778 1709
1778 459
1779 1653
1779 1465
1779 189
1779 1423
1779 1267
1781 1121
1781 1719
1781 1327
1781 538
1781 350
1781 543
1781 319
1781 1956
1782 1027
1782 1597
1782 1612
1782 160
1782 1922
1782 1543
1782 1247
1784 1305
1784 420
1784 101
1784 1275
1784 849
1784 972
1784 156
1786 1150
1786 885
1788 1172
1788 450
1788 101
1789 3
1789 175
1789 1327
1789 929
1789 1166
1789 353
1791 586
1791 1837
1791 463
1791 201
1791 837
1791 1734
1791 1525
1791 1179
1791 1576
1791 178
1792 1347
1792 228
1792 1049
1792 1694
1792 1072
1792 150
1792 1617
1792 1522
1792 234
1792 1808
1792 1644
1792 1986
1792 578
1794 1880
1794 1965
1794 1882
1794 1907
1795 582
1795 1433
1795 291
1795 1435
1796 110
1796 1563
1796 1263
1796 1166
1796 1503
1796 590
1798 1607
1798 1099
1798 1740
1798 1602
1798 228
1798 670
1798 1323
1798 1071
1798 458
1799 1213
1799 326
1799 391
1799 1960
1799 1826
1800 1798
1800 1710
1800 119
1800 1882
1803 215
1803 1918
1803 539
1803 1027
1803 108
1804 1232
1804 1581
1804 814
1804 1523
1805 618
1805 556
1805 781
1805 1284
1805 112
1805 995
1805 862
1805 1874
1805 1301
1805 925
1806 1716
1806 1133
1806 1789
1806 942
1806 1112
1807 254
1807 679
1807 1754
1807 815
1807 1810
1807 770
1807 813
1808 1769
1808 1973
1808 1494
1808 764
1808 1920
1808 1150
1808 495
1808 779
1808 591
1808 674
1808 66
1809 1813
1809 619
1809 1170
1809 343
1810 19
1810 289
1810 235
1811 1629
1811 925
1811 1570
1811 1661
1811 1794
1811 752
1811 1027
1811 38
1811 1563
1811 1093
1811 1505
1813 1703
1813 321
1814 1330
1814 1207
1814 560
1814 391
1814 1132
1814 1664
1815 113
1815 1189
1815 1679
1815 1008
1815 1488
1815 1671
1815 757
1815 1433
1816 1949
1816 848
1816 1444
1816 1008
1816 1564
1816 468
1816 719
1816 1453
1816 1609
1816 1562
1818 1985
1818 413
1820 143
1820 752
1820 1120
1820 1266
1824 393
1824 208
1824 1386
1824 615
1825 462
1825 1561
1825 1838
1825 929
1825 92
1825 1308
1825 930
1825 418
1825 781
1825 449
1825 1254
1826 1000
1826 1993
1826 1058
1826 134
1826 1252
1826 413
1826 396
1827 1846
1827 220
1827 1991
1827 1349
1827 960
1827 1542
1827 691
1827 910
1828 245
1828 1387
1828 107
1828 1258
1829 467
1829 726
1829 1084
1830 837
1830 1866
1830 1882
1830 1106
1830 155
1830 177
1832 733
1832 556
1832 1830
1832 1682
1834 685
1834 1436
1834 101
1835 536
1835 1730
1835 1002
1835 1816
1835 1383
1837 302
1837 657
1837 801
1837 815
1837 1694
1838 809
1838 1085
1838 893
1838 639
1838 1010
1838 113
1839 1365
1839 656
1839 1110
1840 1121
1840 1829
1840 1534
1840 1880
1842 1056
1842 456
1842 178
1843 353
1843 386
1843 465
1846 1889
1846 547
1846 1664
1846 1143
1846 1487
1846 1212
1846 254
1846 1147
1846 1234
1846 132
1847 1723
1847 1476
1847 1199
1847 1140
1847 1033
1847 855
1847 1832
1847 1297
1847 1334
1848 1405
1848 1459
1848 298
1848 457
1848 486
1848 1221
1848 452
1848 148
1848 1932
1850 1122
1850 133
1850 4
1850 1230
1850 332
1850 171
1850 602
1850 956
1850 942
1850 1279
1851 1232
1851 1405
1851 1216
1851 1362
1851 608
1851 707
1851 302
1852 329
1852 346
1852 728
1852 803
1853 1484
1853 1340
1853 824
1853 1341
1853 522
1853 1828
1855 1851
1855 1925
1855 230
1855 1949
1857 1998
1857 1843
1857 1698
1857 424
1858 979
1858 926
1858 1701
1858 120
1858 741
1858 376
1858 1373
1858 624
1858 169
1860 1359
1860 317
1860 16
1860 613
1860 1258
1860 23
1860 1095
1860 646
1860 833
1862 1813
1862 1597
1862 1722
1862 1217
1862 523
1862 622
1862 1551
1865 236
1865 695
1866 1070
1866 1249
1866 36
1866 1764
1866 1482
1866 680
1866 1653
1867 1252
1867 1516
1867 1151
1867 720
1867 1573
1867 866
1867 1076
1867 1846
1867 68
1868 1818
1868 701
1868 515
1868 1940
1868 338
1868 42
1868 1645
1869 1062
1869 1340
1869 279
1869 1717
1869 473
1869 1659
1870 1597
1870 591
1870 1570
1871 468
1871 670
1871 1140
1871 1149
1872 185
1872 446
1872 896
1872 941
1874 1494
1874 513
1874 1796
1874 943
1874 1507
1875 1678
1875 1404
1875 785
1875 198
1875 36
1875 748
1877 1367
1877 582
1877 329
1877 1113
1877 697
1877 325
1877 658
1879 1426
1879 734
1879 767
1880 1517
1880 1371
1880 417
1880 520
1880 1995
1880 449
1881 904
1881 701
1881 517
1881 459
1882 1981
1882 1089
1882 1570
1882 1266
1882 602
1883 875
1883 1300
1883 1818
1883 501
1883 1017
1883 1774
1883 1260
1883 61
1883 178
1884 1593
1884 1333
1884 364
1884 1799
1886 539
1886 556
1886 608
1886 1689
1886 1497
1886 544
1886 408
1886 1404
1886 794
1886 320
1886 756
1888 629
1888 1982
1888 574
1888 1198
1888 1956
1888 1914
1889 536
1889 1395
1889 1125
1889 1491
1892 527
1892 733
1892 1571
1892 819
1893 385
1893 297
1893 1267
1893 1236
1893 1524
1893 1976
1893 1360
1893 114
1893 1769
1893 285
1893 726
1893 813
1894 906
1894 227
1894 1616
1894 1933
1894 1404
1894 1719
1894 193
1894 1437
1894 535
1895 1215
1895 1198
1895 946
1895 1234
1896 412
1896 974
1896 1549
1896 1676
1896 1429
1898 34
1898 1506
1898 861
1898 448
1898 1331
1898 834
1898 1238
1899 866
1899 1268
1899 1954
1899 1373
1899 262
1899 1468
1899 1058
1901 1022
1901 71
1901 1940
1901 1430
1901 1571
1902 1158
1902 1727
1902 913
1902 643
1902 899
1902 106
1905 1048
1905 800
1905 1305
1905 580
1905 874
1905 1739
1906 1411
1906 1631
1906 24
1906 198
1906 910
1906 483
1906 1680
1906 338
1907 1545
1907 623
1907 1362
1907 952
1907 243
1911 1443
1911 299
1911 751
1911 1976
1911 42
1911 1804
1911 1625
1912 1741
1912 1410
1912 1807
1912 845
1912 1533
1914 449
1914 1091
1914 1936
1914 1710
1914 572
1914 957
1914 12
1915 1994
1915 841
1915 1466
1915 1748
1915 1279
1915 360
1915 335
1915 1119
1916 1256
1916 279
1916 601
1916 799
1916 1491
1916 499
1916 706
1916 1815
1917 159
1917 1455
1918 1322
1918 1759
1918 1782
1919 301
1919 450
1919 364
1919 609
1919 1610
1919 1010
1920 1268
1920 1645
1921 517
1921 299
1921 434
1921 1037
1921 2
1921 624
1922 1779
1922 1696
1922 1776
1922 183
1922 1059
1922 837
1922 1840
1922 188
1922 1279
1922 626
1923 1809
1923 1050
1923 180
1923 1979
1924 978
1924 669
1924 311
1924 727
1924 220
1924 1027
1925 1540
1925 1473
1925 1567
1925 465
1926 164
1926 954
1926 58
1926 1660
1926 1920
1926 1117
1926 158
1927 1317
1927 1307
1927 1741
1927 11
1927 810
1928 1825
1928 785
1928 32
1928 483
1928 442
1928 1417
1928 1495
1928 1023
1928 1877
1929 235
1929 307
1929 1196
1929 608
1929 1846
1929 1528
1929 446
1929 812
1932 1208
1932 29
1932 342
1932 7
1932 1985
1933 11
1933 1430
1933 539
1933 1739
1933 1620
1933 474
1933 291
1933 1094
1935 1708
1935 1959
1935 727
1936 1731
1936 1298
1936 745
1936 1018
1937 964
1937 1926
1937 662
1937 114
1937 1712
1937 812
1939 1507
1939 290
1939 866
1939 441
1939 1584
1940 1503
1940 383
1940 1857
1940 1810
1940 1937
1942 1625
1942 599
1942 1346
1942 1835
1942 133
1942 294
1942 70
1942 983
1942 272
1942 1495
1942 153
1943 1933
1943 1522
1943 327
1943 1495
1943 384
1943 534
1943 1484
1943 1606
1943 610
1944 1059
1944 558
1944 1489
1944 805
1944 364
1944 50
1944 792
1944 918
1944 1245
1944 65
1945 1275
1945 962
1945 1058
1945 293
1945 1439
1945 1482
1947 464
1947 1432
1947 1915
1947 811
1947 1539
1947 759
1949 209
1949 241
1949 375
1949 1826
1949 1330
1950 1767
1950 1932
1950 849
1950 1002
1950 649
1950 1467
1950 1641
1950 108
1951 992
1951 1271
1952 47
1952 383
1952 1483
1952 891
1953 122
1953 378
1953 507
1953 1427
1953 555
1953 1259
1953 1860
1953 715
1953 834
1953 651
1953 1465
1954 656
1954 895
1954 1689
1954 657
1954 1390
1954 721
1954 154
1954 56
1954 874
1954 485
1954 1869
1954 398
1954 1366
1954 573
1954 284
1955 848
1955 1181
1955 1815
1955 100
1956 675
1956 1297
1956 398
1956 1820
1956 560
1956 520
1958 786
1958 430
1958 964
1958 1803
1958 1087
1958 38
1958 1625
1959 1665
1959 439
1959 1691
1959 563
1959 645
1959 1714
1959 604
1960 125
1960 1727
1960 116
1960 1581
1960 1160
1960 1680
1960 1506
1961 1049
1961 1921
1961 460
1961 1747
1963 1816
1963 707
1963 1474
1963 1249
1963 1460
1964 86
1964 1186
1964 1866
1964 1105
1964 1993
1964 1431
1964 408
1964 338
1965 71
1965 1999
1965 1127
1965 1085
1966 81
1966 154
1966 32
1966 618
1967 1167
1967 1397
1967 1480
1967 503
1968 1348
1968 1892
1968 1963
1968 1776
1969 1655
1969 917
1969 936
1969 324
1969 1581
1969 731
1972 1052
1973 1374
1973 1313
1973 674
1973 181
1973 1989
1974 636
1974 802
1974 957
1974 550
1974 1354
1974 298
1974 418
1974 1580
1974 1397
1974 415
1976 1947
1976 260
1976 1992
1976 1677
1976 1372
1976 1470
1976 926
1976 1871
1976 1138
1977 1151
1977 542
1977 1432
1977 476
1977 964
1979 1878
1979 1986
1979 147
1979 1467
1979 245
1979 1245
1980 1390
1980 1228
1980 1529
1980 16
1980 1015
1981 1180
1981 1604
1981 1397
1981 1034
1981 1652
1981 1100
1981 1179
1981 1321
1982 1739
1982 314
1982 588
1982 993
1982 1563
1982 565
1982 932
1982 324
1982 953
1983 820
1983 849
1983 1070
1983 912
1983 1978
1983 103
1983 1508
1984 1042
1984 976
1984 586
1984 1128
1984 715
1984 1167
1984 16
1985 226
1985 1213
1985 1922
1985 36
1985 1377
1986 1328
1986 785
1986 1275
1986 413
1986 1019
1986 346
1986 1465
1987 349
1987 1843
1987 621
1987 1188
1987 904
1989 1935
1989 530
1989 1705
1989 144
1989 913
1989 786
1989 1444
1989 55
1989 1664
1989 392
1991 581
1991 1562
1991 1317
1991 900
1991 1739
1992 1828
1992 1978
1992 1217
1992 1740
1992 483
1992 291
1992 275
1993 900
1993 1528
1993 1951
1993 499
1993 1266
1993 801
1993 1935
1994 1211
1994 47
1994 1302
1994 1251
1994 803
1994 247
1994 343
1995 188
1995 1716
1995 453
1995 1196
1995 1317
1995 979
1995 1961
1995 212
1995 1695
1996 366
1996 976
1996 1687
1996 1119
1996 1640
1996 1195
1996 181
1996 1437
1996 1960
1997 785
1997 1999
1997 1464
1997 1240
1997 1768
1997 1342
1997 51
1997 1169
1997 1539
1998 1489
1998 641
1998 1711
1998 228
1998 1491
1998 304
1998 1165
1999 1146
1999 1070
1999 1203
1999 730
1999 21
