0 52
0 74
0 100
0 55
0 282
0 152
1 182
1 64
1 77
1 71
1 187
2 80
2 16
2 52
2 240
2 299
2 93
2 33
3 274
4 26
4 175
4 240
4 204
4 279
4 298
4 133
4 172
5 298
5 64
5 221
5 287
5 243
6 56
6 102
6 49
6 183
6 191
6 24
7 296
7 95
7 11
7 195
8 167
8 231
8 160
8 132
9 76
9 283
9 282
9 110
9 20
10 272
10 213
10 212
10 247
10 7
10 196
11 103
11 119
11 205
11 61
11 250
11 84
12 240
12 244
12 102
12 75
12 99
12 114
12 177
13 152
13 109
13 67
13 232
13 139
13 151
13 125
13 6
13 88
13 128
14 146
15 290
15 201
15 225
15 33
15 89
15 119
15 22
15 21
15 78
15 121
15 171
15 51
16 120
16 68
16 268
16 297
16 57
16 288
16 186
17 56
17 225
17 147
17 179
17 267
18 64
18 62
18 144
18 152
18 67
18 12
19 137
19 140
19 0
19 295
19 76
19 109
19 90
19 235
19 246
20 72
20 208
20 270
20 110
20 253
20 280
20 283
21 227
21 220
21 39
21 77
22 216
22 266
22 119
22 195
22 201
22 130
22 273
22 7
22 210
23 223
23 244
23 171
23 150
23 37
24 188
24 99
24 103
24 284
24 294
24 46
24 189
25 19
25 268
25 238
25 261
25 80
25 61
25 118
25 21
25 287
26 155
26 257
26 173
26 225
26 280
27 102
27 219
27 208
27 255
27 100
27 139
28 96
28 182
28 19
28 245
28 157
28 257
28 227
29 258
29 278
29 274
30 218
30 156
30 80
30 205
30 123
30 181
31 129
31 46
31 169
31 33
31 297
32 125
32 197
32 58
32 84
33 86
33 64
33 75
33 230
33 260
33 167
33 153
34 108
34 46
34 284
34 204
35 276
35 172
35 155
36 50
36 116
36 118
36 184
36 149
36 140
36 293
36 40
36 203
37 284
37 277
37 282
37 0
38 146
38 236
38 167
38 288
38 80
39 280
39 297
39 206
39 184
40 126
40 5
41 105
41 252
41 17
41 108
41 168
41 2
41 165
41 200
42 98
42 39
42 204
42 212
42 10
43 225
43 148
43 292
43 144
43 283
43 196
43 279
44 246
44 234
44 48
44 208
44 143
44 180
44 97
44 36
45 192
45 153
45 234
45 277
45 167
46 275
46 47
46 99
47 288
47 168
47 169
47 41
47 210
47 294
47 8
47 126
48 197
48 271
48 239
48 75
48 220
48 236
48 97
48 180
48 262
49 291
49 274
50 274
50 103
50 19
50 21
50 181
50 81
50 15
51 180
51 238
51 87
51 228
52 235
52 15
52 80
53 223
53 288
53 230
53 71
53 231
53 226
54 103
54 228
54 151
54 114
55 152
55 125
55 114
55 275
55 22
56 233
56 180
56 145
56 106
56 138
56 109
56 13
56 292
56 216
57 138
57 153
57 169
57 247
57 232
58 257
58 23
58 45
58 99
58 7
58 74
58 255
58 125
58 260
59 6
59 53
59 80
59 228
59 277
59 253
60 186
60 153
60 136
60 285
60 9
60 247
61 148
61 101
61 239
61 226
62 104
62 233
62 214
62 200
62 220
63 72
63 75
63 90
63 251
63 140
64 76
64 194
64 210
64 295
64 291
64 159
65 185
65 66
65 276
65 200
66 159
66 261
66 237
66 146
66 297
66 70
66 180
66 57
67 248
67 8
67 30
68 65
68 41
68 182
68 286
68 295
69 15
69 164
69 126
69 152
70 15
70 131
70 171
70 212
71 202
72 245
72 222
72 30
72 232
72 60
72 189
72 89
72 244
73 60
73 58
73 94
74 33
74 192
74 170
74 81
75 174
75 291
76 282
76 59
76 186
76 102
76 233
76 69
77 61
77 107
77 197
77 51
77 45
77 24
77 193
78 220
78 185
78 109
78 59
79 266
79 21
79 210
80 277
80 255
80 125
80 282
80 271
80 8
80 279
80 188
81 297
81 139
81 208
81 162
81 11
81 28
81 133
81 196
82 275
82 284
82 111
82 139
82 166
83 286
83 35
83 49
83 210
83 234
83 219
84 208
84 290
84 28
84 273
84 113
84 87
84 32
84 51
85 28
85 153
85 218
86 58
86 260
86 229
86 77
86 141
86 298
86 17
87 298
87 11
87 244
87 189
87 109
87 272
87 250
87 152
88 254
88 213
88 4
88 207
88 68
88 10
88 113
88 15
88 85
88 173
88 33
89 187
89 24
89 40
89 58
89 286
89 188
89 193
89 171
90 191
90 203
90 173
91 242
91 173
91 33
91 23
91 64
91 192
91 217
92 144
92 286
92 159
93 30
93 7
93 116
93 158
93 29
93 55
94 63
94 74
94 157
94 1
95 165
95 140
95 251
95 230
95 60
95 58
95 264
95 293
95 151
96 148
96 270
96 253
96 297
97 244
97 11
97 245
97 287
97 156
98 8
98 69
98 164
98 70
99 7
99 76
99 141
99 243
99 268
99 132
99 262
99 195
100 192
100 76
100 189
100 271
100 13
100 21
100 3
100 293
100 25
101 137
101 292
101 92
101 111
102 281
102 123
102 44
103 200
103 118
104 114
104 73
104 89
104 17
104 113
104 94
104 78
104 190
104 299
104 27
104 141
104 14
105 20
105 255
105 243
105 153
105 103
105 130
105 283
105 18
105 279
106 258
106 33
106 108
106 168
106 216
106 194
106 140
107 99
107 235
107 297
108 188
108 256
108 183
108 198
109 87
109 258
109 5
110 70
110 19
110 152
110 186
110 225
111 73
111 0
111 188
111 61
111 231
111 201
111 120
112 177
112 95
112 223
112 188
112 83
112 120
112 25
112 199
113 162
113 40
113 275
114 180
114 82
114 71
114 75
114 238
115 249
115 10
115 31
115 40
115 159
115 102
115 32
115 196
115 55
116 142
116 12
116 213
116 254
116 83
116 124
116 57
116 166
116 220
117 102
117 264
117 209
118 38
118 80
118 44
118 269
119 267
119 193
119 144
119 296
120 101
120 88
121 252
121 42
121 268
121 262
121 19
121 128
121 11
121 47
122 4
122 58
122 171
122 61
122 16
122 45
123 177
123 212
123 191
124 272
124 180
124 36
124 173
124 59
124 92
125 242
125 86
125 132
125 151
125 148
126 55
126 33
126 199
126 207
127 231
127 162
127 28
127 1
127 59
127 15
127 159
127 29
128 170
128 223
128 181
128 246
128 168
129 214
129 248
129 211
129 240
129 7
129 291
130 153
130 298
130 225
130 115
130 84
130 290
130 285
130 243
130 227
130 210
131 127
131 158
131 105
132 174
132 181
132 18
132 140
132 24
133 97
133 51
133 193
133 5
133 204
133 223
134 14
134 68
134 282
134 257
135 179
135 70
135 24
135 169
136 171
137 290
137 115
137 45
137 238
137 181
137 214
137 282
137 192
138 70
138 116
138 124
138 207
138 258
138 168
139 250
139 220
139 62
139 258
139 4
139 103
140 180
140 227
140 119
140 123
140 218
141 139
141 145
141 16
141 53
141 26
141 112
141 19
142 238
142 60
142 83
143 288
143 55
143 60
143 196
143 71
143 73
144 114
144 149
144 118
144 129
144 175
145 75
145 11
146 243
146 197
146 156
147 53
147 78
147 238
147 16
147 242
148 237
148 31
148 191
148 43
148 284
148 181
148 56
148 240
149 285
149 14
149 252
149 177
149 250
149 136
149 85
149 91
149 49
149 16
150 176
150 191
150 133
150 229
150 165
150 0
151 282
151 277
151 49
151 64
151 5
151 216
151 217
151 273
151 119
152 13
152 135
152 63
152 19
152 163
152 81
152 229
153 242
153 183
153 293
153 9
153 125
154 153
154 104
154 78
154 218
154 264
154 95
155 237
155 274
155 207
155 112
155 20
156 5
156 98
156 57
156 120
156 65
156 101
156 254
157 252
157 144
157 278
157 129
157 124
157 175
157 84
157 201
158 70
158 167
158 74
158 53
158 248
158 211
159 74
159 11
159 67
159 57
159 61
159 106
159 281
160 167
160 227
160 74
160 163
161 289
161 142
162 191
162 196
162 154
163 94
163 51
163 80
163 212
163 26
163 42
163 12
164 53
164 226
164 107
164 289
164 229
165 211
165 43
165 69
165 6
165 25
165 261
166 51
166 20
166 119
166 10
167 171
167 91
167 39
167 33
167 25
168 208
168 164
169 259
169 21
169 74
169 131
169 256
169 218
169 104
169 82
169 122
169 142
169 243
170 82
170 5
170 204
170 132
170 281
170 266
170 30
170 55
171 101
171 21
172 261
172 276
172 108
172 198
173 295
173 281
174 110
174 258
174 214
174 26
175 250
175 0
175 200
175 206
175 10
175 42
175 34
175 234
175 197
176 129
176 130
176 19
176 252
177 269
177 25
177 199
178 3
178 238
178 206
179 76
179 250
179 2
179 254
179 129
179 277
180 33
180 59
180 256
181 237
181 29
181 1
181 82
181 162
181 2
181 25
181 294
182 49
182 45
183 295
183 30
183 128
183 70
184 266
184 86
184 259
184 59
184 281
184 47
185 193
185 2
185 252
185 202
185 28
185 39
185 290
186 44
186 10
186 229
187 2
187 88
187 3
188 220
188 290
188 247
188 299
188 42
189 124
189 23
189 165
189 245
189 269
190 185
191 138
191 69
191 234
191 203
191 68
191 97
191 94
191 295
191 5
192 84
192 139
192 294
192 110
192 266
193 211
193 187
193 88
193 284
193 62
193 169
193 188
194 70
194 76
194 149
194 291
194 202
194 198
194 232
195 53
195 104
195 175
195 91
195 200
195 177
196 48
196 16
196 89
196 5
196 36
196 269
196 165
196 232
197 254
197 165
198 39
198 16
198 140
198 233
198 79
198 236
199 288
199 153
199 23
199 123
199 293
199 24
199 251
199 137
200 231
200 127
200 123
200 297
201 215
201 108
201 216
201 284
201 223
202 259
202 190
202 212
202 192
202 125
203 196
203 11
203 214
203 155
203 273
203 39
203 279
203 178
204 196
204 43
204 257
204 119
204 2
204 275
205 240
205 99
205 276
205 73
205 126
206 67
206 143
206 190
206 162
207 269
207 46
207 240
207 162
207 165
207 37
207 113
207 273
207 43
207 45
207 211
207 203
208 227
208 238
208 259
208 103
208 222
209 143
209 297
209 186
210 162
210 264
210 122
210 173
210 3
210 145
211 194
211 213
212 94
212 157
212 251
212 246
212 159
212 69
212 49
213 284
213 129
213 131
213 165
213 234
214 154
214 201
214 43
214 75
214 170
214 264
215 274
215 265
215 232
215 186
216 191
216 73
216 150
216 252
216 65
216 280
216 159
216 250
216 209
216 208
217 118
218 104
218 245
218 223
218 277
218 294
219 121
219 0
219 250
220 63
221 153
221 188
221 252
222 32
222 201
222 78
222 36
222 100
222 129
222 138
222 118
222 173
222 58
223 76
223 13
223 186
223 275
224 249
224 130
224 168
224 71
225 89
225 269
225 182
225 42
225 221
225 54
225 28
225 91
226 132
226 260
227 94
227 4
227 172
227 232
227 270
227 262
227 203
228 39
228 299
228 38
228 29
228 274
228 8
228 203
228 240
229 13
229 171
229 227
230 80
230 191
231 216
231 191
231 164
231 71
231 28
231 44
232 14
232 261
232 126
232 273
232 121
232 5
233 176
233 251
234 103
234 201
234 105
234 270
235 248
235 245
235 15
235 70
235 257
235 19
236 159
236 246
236 139
236 191
236 294
236 68
237 248
237 98
237 106
237 223
237 105
238 225
238 170
238 135
238 159
238 37
238 255
239 220
239 60
239 241
239 173
239 137
240 277
240 62
240 59
240 299
240 65
241 120
241 102
241 91
242 192
242 101
243 183
243 45
243 159
243 236
243 174
243 104
243 189
243 59
244 116
244 29
244 144
245 229
245 44
245 190
245 184
245 253
245 23
245 84
245 20
245 39
245 127
245 19
246 116
246 29
246 72
246 132
247 45
247 276
247 256
247 287
247 269
247 58
247 280
247 87
247 120
248 65
248 38
248 175
248 183
249 205
249 267
249 241
249 198
250 167
250 60
250 71
250 139
250 284
251 269
251 154
251 184
251 190
251 245
251 127
251 283
251 125
252 110
252 223
252 133
252 181
253 14
254 144
254 122
255 28
255 212
255 88
255 54
255 248
256 217
256 94
256 12
256 212
256 32
256 88
257 282
257 233
257 206
257 20
258 192
258 1
258 188
258 161
259 153
259 289
259 288
259 132
259 275
260 82
260 169
260 62
260 144
260 49
261 226
261 55
261 25
261 14
261 53
261 185
261 8
262 290
262 158
262 160
262 62
263 271
263 282
263 110
264 73
265 139
265 100
265 120
265 161
265 129
265 238
265 9
266 233
266 262
266 37
266 67
266 8
266 17
266 61
267 270
267 30
267 183
267 135
267 4
267 58
268 149
268 211
268 299
268 80
268 105
269 125
269 65
269 4
269 6
269 270
269 229
269 20
269 111
269 250
270 192
270 146
270 208
270 13
270 189
270 218
270 194
270 259
270 93
270 118
270 59
270 177
271 224
271 49
271 113
271 48
271 28
271 236
271 117
272 260
272 256
272 36
272 56
272 266
272 16
272 223
272 31
273 94
273 267
273 219
273 170
274 138
274 226
274 136
274 214
274 40
274 178
274 218
274 204
275 4
275 136
275 43
275 57
275 245
275 17
276 222
276 183
277 86
277 207
277 31
277 97
277 206
278 53
278 189
278 36
278 258
278 59
278 134
278 71
279 298
279 170
279 141
279 271
280 89
280 237
281 236
281 239
281 105
281 111
282 104
282 3
282 94
282 254
282 150
283 113
283 108
283 188
283 280
283 227
283 181
284 69
284 165
284 25
284 39
284 109
284 135
284 108
284 29
285 31
285 160
285 100
286 97
286 24
286 208
286 180
286 49
286 150
286 16
287 111
287 186
287 205
287 109
287 258
287 190
287 161
288 64
288 240
288 41
288 197
288 51
288 202
289 176
289 69
289 101
289 276
289 240
289 144
290 285
290 66
290 196
290 199
290 191
290 105
291 187
291 273
291 225
291 35
292 141
292 57
292 19
292 22
292 95
293 245
293 207
293 18
293 23
294 92
294 237
294 154
294 27
294 88
295 128
295 13
295 208
295 88
296 256
296 263
296 50
296 248
296 235
296 129
296 215
296 95
297 217
297 152
297 260
298 17
298 132
298 212
298 67
298 295
299 275
299 20
299 10
299 61
299 91
