0 118 1.0
1 70 1.0
2 109 1.0
2 210 1.0
2 298 1.0
3 24 1.0
3 63 1.0
3 143 1.0
3 158 1.0
3 163 1.0
3 206 1.0
4 178 1.0
4 248 1.0
4 277 1.0
4 285 1.0
5 19 1.0
5 28 1.0
5 78 1.0
5 116 1.0
5 122 1.0
5 137 1.0
5 246 1.0
5 256 1.0
5 296 1.0
6 9 1.0
6 144 1.0
6 206 1.0
6 263 1.0
6 271 1.0
7 34 1.0
7 59 1.0
7 115 1.0
7 130 1.0
7 170 1.0
7 177 1.0
7 292 1.0
8 10 1.0
8 37 1.0
8 203 1.0
8 238 1.0
8 265 1.0
8 290 1.0
8 292 1.0
9 25 1.0
9 128 1.0
9 154 1.0
9 293 1.0
10 6 1.0
10 47 1.0
10 157 1.0
10 165 1.0
11 99 1.0
11 101 1.0
11 112 1.0
11 182 1.0
11 204 1.0
11 241 1.0
12 84 1.0
12 279 1.0
13 15 1.0
13 78 1.0
13 173 1.0
13 208 1.0
13 209 1.0
13 214 1.0
13 262 1.0
14 55 1.0
14 221 1.0
14 265 1.0
15 241 1.0
16 54 1.0
16 97 1.0
16 143 1.0
17 45 1.0
17 53 1.0
17 83 1.0
17 275 1.0
18 12 1.0
18 19 1.0
18 25 1.0
18 53 1.0
18 60 1.0
18 69 1.0
18 88 1.0
18 166 1.0
18 273 1.0
19 17 1.0
19 74 1.0
19 126 1.0
19 127 1.0
19 143 1.0
19 248 1.0
20 264 1.0
21 15 1.0
21 84 1.0
21 87 1.0
21 100 1.0
21 171 1.0
22 19 1.0
22 24 1.0
22 40 1.0
22 185 1.0
22 207 1.0
22 246 1.0
23 18 1.0
23 124 1.0
24 13 1.0
24 56 1.0
24 162 1.0
24 215 1.0
24 231 1.0
24 272 1.0
25 1 1.0
25 32 1.0
25 40 1.0
25 62 1.0
25 102 1.0
25 206 1.0
25 260 1.0
26 75 1.0
26 142 1.0
26 154 1.0
26 209 1.0
26 217 1.0
27 59 1.0
27 146 1.0
27 175 1.0
28 17 1.0
28 41 1.0
28 53 1.0
28 101 1.0
28 110 1.0
28 157 1.0
28 197 1.0
28 264 1.0
29 20 1.0
29 39 1.0
29 70 1.0
29 180 1.0
29 205 1.0
29 286 1.0
30 7 1.0
30 46 1.0
30 48 1.0
30 55 1.0
30 156 1.0
30 187 1.0
30 253 1.0
31 85 1.0
31 216 1.0
32 55 1.0
32 57 1.0
32 100 1.0
32 158 1.0
32 251 1.0
32 265 1.0
32 281 1.0
32 288 1.0
33 54 1.0
33 90 1.0
33 98 1.0
33 121 1.0
33 150 1.0
33 237 1.0
33 255 1.0
33 266 1.0
34 30 1.0
34 52 1.0
34 106 1.0
35 86 1.0
35 99 1.0
35 115 1.0
35 158 1.0
35 166 1.0
35 201 1.0
35 203 1.0
36 33 1.0
36 121 1.0
36 186 1.0
37 257 1.0
37 261 1.0
38 56 1.0
38 82 1.0
38 145 1.0
39 165 1.0
39 166 1.0
39 195 1.0
39 278 1.0
40 93 1.0
40 205 1.0
40 210 1.0
40 211 1.0
41 44 1.0
41 54 1.0
42 4 1.0
42 43 1.0
42 45 1.0
42 262 1.0
43 13 1.0
43 14 1.0
43 77 1.0
43 104 1.0
43 106 1.0
43 185 1.0
43 199 1.0
43 223 1.0
43 227 1.0
43 237 1.0
43 268 1.0
44 11 1.0
44 24 1.0
44 172 1.0
44 190 1.0
44 215 1.0
44 265 1.0
44 266 1.0
45 21 1.0
45 72 1.0
45 96 1.0
45 121 1.0
45 154 1.0
45 175 1.0
45 248 1.0
46 18 1.0
46 37 1.0
46 126 1.0
46 215 1.0
46 234 1.0
46 243 1.0
47 30 1.0
47 162 1.0
47 187 1.0
47 194 1.0
47 212 1.0
47 225 1.0
48 5 1.0
48 115 1.0
48 159 1.0
48 163 1.0
48 165 1.0
48 243 1.0
49 6 1.0
49 19 1.0
49 30 1.0
49 51 1.0
49 109 1.0
49 140 1.0
49 169 1.0
50 0 1.0
50 68 1.0
50 108 1.0
50 161 1.0
50 249 1.0
51 62 1.0
51 143 1.0
51 147 1.0
51 191 1.0
51 195 1.0
51 197 1.0
51 240 1.0
52 66 1.0
52 166 1.0
52 174 1.0
52 175 1.0
52 267 1.0
53 59 1.0
53 95 1.0
54 65 1.0
54 130 1.0
54 215 1.0
55 50 1.0
55 74 1.0
55 89 1.0
55 148 1.0
55 177 1.0
55 191 1.0
55 205 1.0
55 212 1.0
55 225 1.0
55 257 1.0
56 21 1.0
56 47 1.0
56 71 1.0
56 86 1.0
56 145 1.0
56 205 1.0
56 263 1.0
57 45 1.0
57 118 1.0
57 220 1.0
57 239 1.0
58 15 1.0
58 159 1.0
58 176 1.0
58 241 1.0
59 51 1.0
59 99 1.0
59 109 1.0
59 124 1.0
59 179 1.0
60 64 1.0
60 185 1.0
60 189 1.0
61 10 1.0
61 57 1.0
61 86 1.0
61 115 1.0
61 155 1.0
61 156 1.0
61 244 1.0
61 254 1.0
62 32 1.0
62 104 1.0
62 126 1.0
62 155 1.0
62 229 1.0
62 238 1.0
63 68 1.0
63 86 1.0
63 91 1.0
63 127 1.0
63 128 1.0
64 16 1.0
64 49 1.0
64 51 1.0
64 278 1.0
64 284 1.0
65 69 1.0
65 152 1.0
65 219 1.0
65 223 1.0
65 249 1.0
66 16 1.0
66 53 1.0
66 91 1.0
66 98 1.0
66 131 1.0
66 157 1.0
66 177 1.0
66 196 1.0
66 205 1.0
67 25 1.0
67 61 1.0
67 115 1.0
67 253 1.0
68 67 1.0
68 72 1.0
68 183 1.0
68 193 1.0
68 241 1.0
69 3 1.0
69 25 1.0
69 54 1.0
69 244 1.0
69 266 1.0
70 122 1.0
70 127 1.0
70 165 1.0
70 180 1.0
70 226 1.0
70 269 1.0
70 294 1.0
71 14 1.0
71 57 1.0
71 187 1.0
71 210 1.0
72 0 1.0
72 16 1.0
72 63 1.0
72 80 1.0
72 120 1.0
72 133 1.0
72 149 1.0
72 163 1.0
72 190 1.0
72 256 1.0
73 12 1.0
73 154 1.0
73 163 1.0
73 189 1.0
73 191 1.0
73 217 1.0
74 20 1.0
74 44 1.0
74 76 1.0
74 88 1.0
74 227 1.0
74 246 1.0
74 290 1.0
75 108 1.0
75 134 1.0
75 138 1.0
75 187 1.0
75 207 1.0
75 228 1.0
75 275 1.0
76 23 1.0
76 27 1.0
76 42 1.0
76 107 1.0
76 235 1.0
76 240 1.0
76 289 1.0
77 2 1.0
77 28 1.0
77 34 1.0
77 130 1.0
77 232 1.0
77 237 1.0
78 11 1.0
78 36 1.0
78 134 1.0
78 192 1.0
78 220 1.0
78 221 1.0
79 0 1.0
79 70 1.0
79 86 1.0
79 113 1.0
79 196 1.0
79 209 1.0
79 222 1.0
79 251 1.0
79 269 1.0
80 36 1.0
80 147 1.0
81 49 1.0
82 70 1.0
82 125 1.0
82 191 1.0
83 2 1.0
83 182 1.0
83 194 1.0
83 218 1.0
84 4 1.0
84 40 1.0
84 62 1.0
84 65 1.0
84 74 1.0
84 85 1.0
84 112 1.0
84 175 1.0
84 182 1.0
84 237 1.0
84 243 1.0
85 19 1.0
85 28 1.0
85 51 1.0
85 59 1.0
85 101 1.0
85 135 1.0
85 285 1.0
86 59 1.0
86 123 1.0
86 148 1.0
86 192 1.0
86 233 1.0
86 266 1.0
87 63 1.0
87 81 1.0
87 108 1.0
87 129 1.0
87 136 1.0
87 180 1.0
87 224 1.0
88 15 1.0
88 60 1.0
88 77 1.0
88 99 1.0
88 182 1.0
88 217 1.0
88 230 1.0
88 248 1.0
88 272 1.0
89 72 1.0
90 43 1.0
90 127 1.0
90 175 1.0
90 207 1.0
90 246 1.0
91 96 1.0
91 147 1.0
91 230 1.0
92 46 1.0
92 120 1.0
92 190 1.0
92 199 1.0
92 258 1.0
93 34 1.0
93 74 1.0
93 105 1.0
93 130 1.0
93 236 1.0
94 6 1.0
94 55 1.0
94 71 1.0
94 100 1.0
94 183 1.0
95 14 1.0
95 39 1.0
95 201 1.0
96 26 1.0
96 29 1.0
96 168 1.0
96 296 1.0
97 94 1.0
97 102 1.0
97 114 1.0
97 186 1.0
97 202 1.0
97 211 1.0
97 219 1.0
98 129 1.0
98 151 1.0
98 171 1.0
98 172 1.0
98 188 1.0
98 278 1.0
98 280 1.0
99 117 1.0
99 141 1.0
99 147 1.0
99 179 1.0
99 196 1.0
99 244 1.0
100 11 1.0
100 46 1.0
100 126 1.0
100 174 1.0
100 179 1.0
100 290 1.0
100 292 1.0
101 54 1.0
101 158 1.0
101 177 1.0
101 204 1.0
101 222 1.0
102 14 1.0
102 15 1.0
102 22 1.0
102 30 1.0
102 75 1.0
102 79 1.0
102 98 1.0
102 187 1.0
102 198 1.0
102 205 1.0
102 241 1.0
102 244 1.0
102 280 1.0
103 268 1.0
104 34 1.0
104 79 1.0
104 155 1.0
104 194 1.0
105 31 1.0
105 97 1.0
105 233 1.0
106 51 1.0
106 96 1.0
106 166 1.0
106 181 1.0
106 228 1.0
106 250 1.0
107 78 1.0
107 80 1.0
107 95 1.0
107 109 1.0
107 141 1.0
107 230 1.0
108 26 1.0
108 180 1.0
108 182 1.0
108 227 1.0
108 247 1.0
108 277 1.0
109 87 1.0
109 94 1.0
109 247 1.0
110 7 1.0
110 59 1.0
110 111 1.0
110 140 1.0
111 15 1.0
111 56 1.0
111 184 1.0
111 190 1.0
112 193 1.0
112 254 1.0
113 48 1.0
113 56 1.0
113 87 1.0
113 123 1.0
113 141 1.0
113 255 1.0
114 31 1.0
114 85 1.0
114 221 1.0
115 3 1.0
115 157 1.0
115 178 1.0
115 180 1.0
115 246 1.0
115 258 1.0
115 269 1.0
116 5 1.0
116 221 1.0
116 227 1.0
117 37 1.0
117 132 1.0
117 150 1.0
117 241 1.0
118 30 1.0
118 58 1.0
118 91 1.0
118 133 1.0
118 264 1.0
119 6 1.0
119 84 1.0
119 100 1.0
119 150 1.0
119 188 1.0
119 248 1.0
119 258 1.0
120 47 1.0
120 85 1.0
120 163 1.0
120 189 1.0
120 266 1.0
120 282 1.0
121 18 1.0
121 93 1.0
121 177 1.0
122 110 1.0
122 128 1.0
122 166 1.0
122 198 1.0
122 207 1.0
122 248 1.0
123 92 1.0
123 173 1.0
123 203 1.0
123 262 1.0
124 35 1.0
124 64 1.0
124 116 1.0
124 174 1.0
124 209 1.0
124 249 1.0
125 15 1.0
125 67 1.0
125 115 1.0
125 142 1.0
125 238 1.0
126 21 1.0
126 22 1.0
126 67 1.0
126 125 1.0
126 155 1.0
126 167 1.0
126 261 1.0
127 77 1.0
127 120 1.0
128 171 1.0
128 173 1.0
128 201 1.0
128 214 1.0
128 218 1.0
129 24 1.0
129 40 1.0
129 84 1.0
129 212 1.0
130 50 1.0
130 85 1.0
130 122 1.0
130 160 1.0
131 58 1.0
131 205 1.0
131 251 1.0
131 262 1.0
131 264 1.0
132 152 1.0
132 216 1.0
132 242 1.0
132 246 1.0
132 272 1.0
133 59 1.0
133 134 1.0
133 165 1.0
134 102 1.0
134 124 1.0
134 251 1.0
135 68 1.0
135 81 1.0
135 223 1.0
135 235 1.0
136 37 1.0
136 157 1.0
136 249 1.0
137 75 1.0
137 103 1.0
137 122 1.0
137 210 1.0
137 226 1.0
138 47 1.0
138 52 1.0
138 59 1.0
138 107 1.0
138 117 1.0
138 194 1.0
138 219 1.0
138 293 1.0
139 15 1.0
139 98 1.0
139 262 1.0
140 6 1.0
140 91 1.0
140 119 1.0
140 143 1.0
140 181 1.0
140 212 1.0
140 260 1.0
140 263 1.0
141 32 1.0
141 60 1.0
141 76 1.0
141 83 1.0
141 104 1.0
141 122 1.0
141 153 1.0
141 198 1.0
141 216 1.0
141 233 1.0
141 248 1.0
142 29 1.0
142 45 1.0
142 202 1.0
142 224 1.0
142 246 1.0
143 11 1.0
143 86 1.0
143 88 1.0
143 95 1.0
143 131 1.0
143 208 1.0
143 235 1.0
143 263 1.0
144 15 1.0
144 18 1.0
144 33 1.0
144 74 1.0
144 76 1.0
144 77 1.0
144 98 1.0
144 151 1.0
144 187 1.0
144 217 1.0
144 240 1.0
144 249 1.0
144 252 1.0
145 147 1.0
145 202 1.0
146 2 1.0
146 10 1.0
146 35 1.0
146 84 1.0
146 87 1.0
146 114 1.0
146 131 1.0
146 182 1.0
146 183 1.0
146 196 1.0
146 206 1.0
146 233 1.0
146 269 1.0
147 0 1.0
147 149 1.0
147 225 1.0
148 12 1.0
148 13 1.0
148 21 1.0
148 122 1.0
148 150 1.0
148 249 1.0
149 152 1.0
149 161 1.0
149 204 1.0
149 221 1.0
150 48 1.0
150 134 1.0
150 156 1.0
150 158 1.0
150 245 1.0
151 21 1.0
151 140 1.0
151 160 1.0
151 199 1.0
151 226 1.0
151 227 1.0
152 88 1.0
152 264 1.0
153 76 1.0
153 79 1.0
153 110 1.0
153 117 1.0
153 279 1.0
154 7 1.0
154 153 1.0
154 209 1.0
154 235 1.0
154 287 1.0
155 28 1.0
155 74 1.0
155 228 1.0
155 296 1.0
156 161 1.0
156 257 1.0
156 261 1.0
157 206 1.0
158 42 1.0
158 177 1.0
158 267 1.0
159 199 1.0
159 259 1.0
160 11 1.0
160 152 1.0
160 168 1.0
160 187 1.0
160 208 1.0
160 234 1.0
160 242 1.0
160 247 1.0
161 109 1.0
162 102 1.0
162 135 1.0
162 189 1.0
162 225 1.0
162 295 1.0
163 23 1.0
163 55 1.0
163 141 1.0
163 165 1.0
163 201 1.0
163 229 1.0
163 246 1.0
164 29 1.0
164 40 1.0
164 84 1.0
164 104 1.0
164 108 1.0
164 151 1.0
164 158 1.0
165 91 1.0
165 155 1.0
165 184 1.0
165 213 1.0
165 261 1.0
165 291 1.0
166 0 1.0
166 72 1.0
167 215 1.0
167 285 1.0
168 7 1.0
168 110 1.0
168 229 1.0
169 8 1.0
169 10 1.0
169 42 1.0
169 81 1.0
169 117 1.0
169 172 1.0
169 177 1.0
169 240 1.0
169 247 1.0
169 293 1.0
170 10 1.0
170 130 1.0
170 223 1.0
171 60 1.0
171 66 1.0
171 116 1.0
171 141 1.0
171 198 1.0
171 207 1.0
171 226 1.0
171 248 1.0
172 39 1.0
172 44 1.0
172 241 1.0
172 299 1.0
173 120 1.0
173 128 1.0
173 209 1.0
173 217 1.0
174 96 1.0
175 111 1.0
175 253 1.0
175 257 1.0
176 1 1.0
176 35 1.0
176 153 1.0
176 163 1.0
176 179 1.0
176 226 1.0
176 276 1.0
177 11 1.0
177 15 1.0
177 35 1.0
177 92 1.0
177 171 1.0
177 189 1.0
177 225 1.0
177 237 1.0
177 239 1.0
178 45 1.0
178 46 1.0
178 106 1.0
178 122 1.0
178 148 1.0
178 168 1.0
178 201 1.0
178 273 1.0
179 75 1.0
179 117 1.0
179 253 1.0
180 2 1.0
180 29 1.0
180 50 1.0
180 135 1.0
180 137 1.0
180 223 1.0
180 236 1.0
180 238 1.0
181 51 1.0
181 76 1.0
181 150 1.0
181 284 1.0
181 297 1.0
182 210 1.0
182 266 1.0
183 41 1.0
183 67 1.0
183 126 1.0
183 128 1.0
183 149 1.0
183 161 1.0
184 52 1.0
184 54 1.0
184 68 1.0
184 244 1.0
185 107 1.0
185 167 1.0
185 195 1.0
185 201 1.0
186 23 1.0
186 37 1.0
186 75 1.0
186 83 1.0
186 117 1.0
186 252 1.0
186 269 1.0
187 22 1.0
187 107 1.0
187 140 1.0
187 236 1.0
188 123 1.0
188 129 1.0
188 169 1.0
189 2 1.0
189 40 1.0
189 134 1.0
189 138 1.0
189 192 1.0
190 75 1.0
190 109 1.0
190 136 1.0
191 34 1.0
191 43 1.0
191 55 1.0
191 61 1.0
191 118 1.0
191 230 1.0
191 235 1.0
191 245 1.0
191 250 1.0
192 24 1.0
192 88 1.0
192 101 1.0
192 112 1.0
192 202 1.0
192 209 1.0
192 224 1.0
192 299 1.0
193 6 1.0
193 26 1.0
193 40 1.0
193 64 1.0
193 210 1.0
194 5 1.0
194 50 1.0
194 63 1.0
194 71 1.0
195 16 1.0
195 59 1.0
195 91 1.0
195 115 1.0
195 166 1.0
195 207 1.0
195 298 1.0
196 19 1.0
196 83 1.0
196 133 1.0
196 161 1.0
196 169 1.0
196 208 1.0
196 209 1.0
196 245 1.0
196 256 1.0
196 291 1.0
197 62 1.0
197 119 1.0
197 139 1.0
197 160 1.0
197 199 1.0
197 210 1.0
197 250 1.0
197 260 1.0
197 297 1.0
198 161 1.0
198 175 1.0
198 228 1.0
198 233 1.0
198 251 1.0
199 1 1.0
199 100 1.0
199 128 1.0
199 188 1.0
199 202 1.0
199 225 1.0
199 232 1.0
200 44 1.0
200 111 1.0
200 151 1.0
200 247 1.0
200 258 1.0
201 8 1.0
201 14 1.0
201 68 1.0
201 178 1.0
201 249 1.0
201 298 1.0
202 14 1.0
202 61 1.0
202 112 1.0
202 149 1.0
203 13 1.0
203 77 1.0
203 199 1.0
203 233 1.0
204 5 1.0
204 27 1.0
204 90 1.0
204 117 1.0
204 118 1.0
204 126 1.0
204 132 1.0
204 174 1.0
204 221 1.0
204 227 1.0
205 19 1.0
205 126 1.0
205 147 1.0
205 237 1.0
206 41 1.0
206 98 1.0
206 157 1.0
206 203 1.0
206 269 1.0
207 22 1.0
207 27 1.0
207 48 1.0
207 75 1.0
207 183 1.0
207 196 1.0
207 221 1.0
207 227 1.0
208 106 1.0
208 154 1.0
208 162 1.0
208 165 1.0
208 237 1.0
208 286 1.0
208 299 1.0
209 46 1.0
209 105 1.0
209 127 1.0
209 144 1.0
209 174 1.0
209 206 1.0
209 248 1.0
210 10 1.0
210 13 1.0
210 35 1.0
210 101 1.0
210 131 1.0
210 166 1.0
210 195 1.0
210 196 1.0
210 205 1.0
210 206 1.0
211 157 1.0
211 184 1.0
211 185 1.0
211 188 1.0
211 213 1.0
211 280 1.0
212 120 1.0
212 175 1.0
212 207 1.0
213 78 1.0
213 107 1.0
213 147 1.0
213 177 1.0
214 37 1.0
214 50 1.0
214 82 1.0
214 255 1.0
215 98 1.0
215 239 1.0
216 35 1.0
216 67 1.0
216 111 1.0
216 152 1.0
216 253 1.0
216 263 1.0
217 110 1.0
217 141 1.0
217 150 1.0
217 173 1.0
217 205 1.0
217 295 1.0
217 297 1.0
218 256 1.0
220 88 1.0
220 111 1.0
220 155 1.0
220 176 1.0
220 217 1.0
220 247 1.0
221 24 1.0
221 33 1.0
221 60 1.0
221 123 1.0
221 199 1.0
221 262 1.0
222 68 1.0
222 116 1.0
222 166 1.0
222 196 1.0
223 58 1.0
223 96 1.0
223 134 1.0
224 59 1.0
224 136 1.0
224 141 1.0
224 177 1.0
225 86 1.0
225 147 1.0
225 164 1.0
225 190 1.0
225 213 1.0
225 231 1.0
225 234 1.0
225 291 1.0
226 18 1.0
226 24 1.0
226 72 1.0
226 73 1.0
226 111 1.0
226 121 1.0
226 159 1.0
226 268 1.0
226 299 1.0
227 95 1.0
227 99 1.0
227 219 1.0
228 38 1.0
228 52 1.0
228 54 1.0
228 57 1.0
228 67 1.0
228 107 1.0
228 163 1.0
228 244 1.0
228 295 1.0
229 52 1.0
229 59 1.0
229 141 1.0
229 168 1.0
229 192 1.0
229 213 1.0
229 276 1.0
230 0 1.0
230 35 1.0
230 96 1.0
230 234 1.0
230 286 1.0
231 62 1.0
231 86 1.0
231 88 1.0
231 112 1.0
231 164 1.0
231 257 1.0
232 98 1.0
232 163 1.0
232 184 1.0
232 208 1.0
233 32 1.0
233 78 1.0
233 167 1.0
234 4 1.0
234 59 1.0
234 82 1.0
234 102 1.0
234 113 1.0
234 215 1.0
234 227 1.0
234 230 1.0
235 73 1.0
235 76 1.0
235 175 1.0
235 207 1.0
235 265 1.0
236 4 1.0
236 12 1.0
236 18 1.0
236 76 1.0
236 137 1.0
236 154 1.0
236 158 1.0
236 202 1.0
236 216 1.0
236 226 1.0
237 97 1.0
237 119 1.0
237 140 1.0
237 196 1.0
237 242 1.0
237 255 1.0
238 16 1.0
238 33 1.0
238 48 1.0
238 62 1.0
238 121 1.0
238 195 1.0
238 220 1.0
238 247 1.0
238 249 1.0
238 256 1.0
238 264 1.0
239 8 1.0
239 76 1.0
239 159 1.0
239 196 1.0
240 37 1.0
240 228 1.0
241 10 1.0
241 52 1.0
241 76 1.0
241 122 1.0
241 163 1.0
241 171 1.0
241 198 1.0
242 35 1.0
242 145 1.0
242 157 1.0
242 212 1.0
243 200 1.0
243 249 1.0
244 167 1.0
244 168 1.0
245 37 1.0
245 98 1.0
245 145 1.0
245 156 1.0
245 191 1.0
245 222 1.0
245 260 1.0
246 78 1.0
246 154 1.0
246 161 1.0
246 253 1.0
247 122 1.0
247 181 1.0
248 0 1.0
248 42 1.0
248 82 1.0
248 83 1.0
248 167 1.0
248 199 1.0
249 24 1.0
249 77 1.0
249 112 1.0
249 212 1.0
250 69 1.0
250 95 1.0
250 96 1.0
250 140 1.0
250 170 1.0
250 178 1.0
251 82 1.0
251 87 1.0
251 98 1.0
251 252 1.0
252 21 1.0
252 108 1.0
252 109 1.0
252 168 1.0
253 124 1.0
253 133 1.0
253 134 1.0
253 182 1.0
253 185 1.0
253 239 1.0
254 82 1.0
254 136 1.0
254 178 1.0
254 180 1.0
254 206 1.0
255 55 1.0
255 132 1.0
255 133 1.0
255 244 1.0
256 33 1.0
256 56 1.0
256 78 1.0
256 207 1.0
256 215 1.0
256 225 1.0
256 240 1.0
256 262 1.0
256 281 1.0
256 282 1.0
256 286 1.0
257 38 1.0
257 69 1.0
257 74 1.0
257 82 1.0
257 174 1.0
257 179 1.0
257 271 1.0
258 2 1.0
258 19 1.0
258 37 1.0
258 73 1.0
258 283 1.0
259 6 1.0
259 119 1.0
259 132 1.0
259 241 1.0
259 291 1.0
260 6 1.0
260 46 1.0
260 162 1.0
260 246 1.0
260 253 1.0
261 58 1.0
261 117 1.0
261 229 1.0
261 268 1.0
262 59 1.0
262 137 1.0
262 197 1.0
263 85 1.0
263 151 1.0
263 212 1.0
263 223 1.0
263 227 1.0
263 287 1.0
264 6 1.0
264 19 1.0
264 57 1.0
264 136 1.0
264 251 1.0
264 267 1.0
264 270 1.0
264 272 1.0
264 274 1.0
264 290 1.0
265 24 1.0
265 40 1.0
265 138 1.0
265 223 1.0
265 254 1.0
265 274 1.0
266 188 1.0
266 236 1.0
266 295 1.0
267 85 1.0
267 223 1.0
268 12 1.0
268 158 1.0
268 159 1.0
268 187 1.0
268 198 1.0
268 239 1.0
268 245 1.0
269 29 1.0
269 48 1.0
269 102 1.0
269 159 1.0
269 184 1.0
269 216 1.0
269 231 1.0
270 264 1.0
271 6 1.0
271 257 1.0
271 287 1.0
271 296 1.0
272 24 1.0
272 88 1.0
272 132 1.0
272 264 1.0
272 273 1.0
273 18 1.0
273 178 1.0
273 272 1.0
274 264 1.0
274 265 1.0
274 274 1.0
274 275 1.0
274 279 1.0
274 281 1.0
275 17 1.0
275 75 1.0
275 274 1.0
276 176 1.0
276 229 1.0
276 281 1.0
277 4 1.0
277 108 1.0
277 277 1.0
277 284 1.0
278 39 1.0
278 64 1.0
278 98 1.0
279 12 1.0
279 153 1.0
279 274 1.0
279 279 1.0
279 280 1.0
280 98 1.0
280 102 1.0
280 211 1.0
280 279 1.0
280 280 1.0
281 32 1.0
281 256 1.0
281 274 1.0
281 276 1.0
282 120 1.0
282 256 1.0
282 283 1.0
282 287 1.0
283 258 1.0
283 282 1.0
284 64 1.0
284 181 1.0
284 277 1.0
284 288 1.0
284 289 1.0
284 295 1.0
285 4 1.0
285 85 1.0
285 167 1.0
285 285 1.0
286 29 1.0
286 208 1.0
286 230 1.0
286 256 1.0
287 154 1.0
287 263 1.0
287 271 1.0
287 282 1.0
287 294 1.0
288 32 1.0
288 284 1.0
289 76 1.0
289 284 1.0
289 289 1.0
289 294 1.0
290 8 1.0
290 74 1.0
290 100 1.0
290 264 1.0
290 290 1.0
291 165 1.0
291 196 1.0
291 225 1.0
291 259 1.0
292 7 1.0
292 8 1.0
292 100 1.0
293 9 1.0
293 138 1.0
293 169 1.0
294 70 1.0
294 287 1.0
294 289 1.0
295 162 1.0
295 217 1.0
295 228 1.0
295 266 1.0
295 284 1.0
296 5 1.0
296 96 1.0
296 155 1.0
296 271 1.0
297 181 1.0
297 197 1.0
297 217 1.0
298 2 1.0
298 195 1.0
298 201 1.0
298 298 1.0
299 172 1.0
299 192 1.0
299 208 1.0
299 226 1.0
