1 9
1 89
1 287
1 7
1 64
2 268
2 64
2 111
2 189
2 113
2 247
3 287
3 266
3 136
4 24
4 260
4 224
4 164
4 114
4 106
5 116
5 41
5 204
5 224
5 136
7 281
7 82
7 230
7 123
8 147
8 106
8 113
8 2
8 17
8 252
8 244
8 200
8 152
9 256
9 129
9 240
9 92
9 40
9 268
9 7
11 36
11 210
11 274
11 172
11 216
11 223
13 191
13 143
13 136
13 54
13 45
13 77
13 20
13 145
15 146
15 26
15 298
15 116
15 172
15 152
17 118
17 200
17 280
17 237
17 276
17 290
17 156
17 281
17 66
17 147
17 254
17 137
18 142
18 291
18 28
18 68
18 55
18 52
18 231
18 274
19 223
19 64
19 7
19 61
19 155
19 143
19 8
19 159
20 103
20 56
20 186
20 128
20 271
20 62
20 68
21 228
21 129
21 198
22 39
22 141
22 237
22 267
22 26
22 293
22 176
22 147
23 137
23 143
23 267
23 242
23 86
23 71
23 157
24 242
24 113
24 42
24 230
24 99
24 179
25 55
25 254
25 198
25 65
25 175
25 192
25 156
26 212
26 72
26 137
26 168
26 210
27 172
27 52
27 77
27 113
27 184
27 296
28 132
28 198
28 26
28 186
29 273
29 130
29 68
29 163
29 54
29 242
29 233
29 86
29 188
31 40
31 32
31 101
31 114
31 189
31 192
31 136
31 255
31 120
31 106
32 64
32 275
32 35
32 278
32 243
32 22
33 203
33 5
33 128
33 23
33 45
33 289
33 85
33 108
33 211
33 221
33 205
34 239
34 161
34 200
34 201
34 63
34 169
34 65
35 29
35 57
35 68
36 86
36 171
36 285
37 87
37 211
37 135
37 172
37 67
37 275
38 108
38 299
38 208
38 244
39 236
39 274
40 129
40 276
40 64
40 9
40 57
40 187
40 148
40 210
40 254
40 92
40 96
41 293
41 4
41 188
41 37
42 201
42 104
42 72
42 121
42 258
44 277
44 130
44 120
44 171
44 266
44 73
44 288
45 55
45 82
45 299
45 97
45 67
45 214
45 7
45 17
46 153
46 212
46 223
46 270
47 151
47 102
47 256
47 240
47 42
47 18
48 67
48 137
48 129
48 125
48 119
48 182
50 13
50 75
50 247
50 195
50 98
50 82
50 217
50 56
51 292
51 121
51 212
51 19
52 230
52 170
52 44
52 278
52 197
52 271
53 250
53 256
53 130
53 4
53 96
53 113
53 66
53 128
54 11
54 28
54 189
54 221
54 151
54 147
54 276
54 270
55 106
55 189
56 126
56 27
56 20
56 276
56 278
56 277
57 70
57 128
57 163
58 289
59 164
59 268
59 143
59 225
59 67
61 282
61 115
62 293
62 140
62 285
62 55
62 210
62 82
62 125
63 40
63 56
63 41
63 180
63 26
63 80
64 186
64 66
64 20
64 143
64 101
64 41
65 159
65 57
65 192
65 289
65 135
65 266
66 298
66 140
66 197
66 103
66 53
66 135
67 240
67 215
67 212
67 42
67 133
67 171
67 93
68 144
68 124
69 52
69 177
69 106
69 33
69 116
69 218
69 188
69 101
69 200
69 78
70 239
70 54
70 152
70 232
70 168
70 186
71 99
71 108
71 18
71 151
71 298
71 122
71 130
71 124
71 106
71 128
72 40
72 148
72 19
72 17
72 192
72 59
72 127
72 285
72 271
73 198
73 145
73 41
73 209
73 76
74 268
74 86
74 223
74 241
75 47
75 254
75 218
75 237
75 17
76 11
76 231
77 3
77 187
77 244
77 69
77 106
77 163
77 131
77 33
78 258
78 17
78 50
78 24
78 155
80 69
80 164
80 268
80 74
80 230
80 253
80 290
81 108
81 102
81 59
81 33
82 102
82 203
82 74
82 286
82 4
82 39
82 241
82 36
84 299
84 224
84 32
85 289
85 44
85 191
86 141
86 93
86 46
86 231
86 248
86 70
87 197
87 158
87 63
87 72
87 207
87 153
87 193
87 182
87 29
87 298
87 50
87 223
88 294
88 53
88 25
88 17
88 196
88 39
88 2
88 13
88 29
89 55
89 205
91 111
91 192
91 129
91 156
91 240
91 29
91 97
91 283
91 116
91 84
92 280
92 189
92 296
92 157
92 208
92 89
92 63
92 61
93 114
93 138
93 231
93 242
93 140
93 191
93 73
95 183
95 111
95 51
95 118
95 93
95 224
95 164
95 254
96 151
96 37
96 276
96 146
96 266
97 24
97 181
97 183
98 232
98 67
98 99
98 142
98 192
98 140
98 65
98 69
98 183
98 193
99 236
99 112
99 224
99 232
99 231
99 293
99 296
99 2
101 36
101 247
101 96
102 127
102 236
102 275
102 3
102 252
103 70
103 225
103 59
103 260
103 17
103 297
104 193
104 191
104 120
104 201
104 149
104 34
104 163
106 228
106 65
106 151
106 190
106 36
108 129
108 140
108 243
108 3
108 93
108 286
110 291
110 80
110 75
110 225
110 108
110 70
110 298
110 280
111 189
111 241
111 81
111 203
111 179
111 97
112 287
112 267
112 295
112 218
112 66
112 81
112 126
113 128
113 186
113 159
113 182
113 89
114 216
114 56
114 38
114 282
114 29
114 46
114 187
115 275
115 53
115 137
115 296
115 172
115 11
115 149
116 157
116 146
116 183
118 84
118 111
118 140
118 193
118 287
118 13
119 112
119 39
119 242
119 78
119 291
119 34
119 9
120 169
120 110
120 9
120 36
120 275
121 32
121 87
121 204
121 232
121 191
121 145
121 147
121 188
121 81
121 5
122 291
122 125
122 62
123 180
123 221
123 69
123 24
123 115
124 202
124 8
124 35
124 217
124 111
124 255
125 131
125 147
125 20
125 151
125 26
125 277
125 157
125 266
126 248
126 39
126 176
126 148
126 21
126 102
126 253
126 153
127 87
127 82
127 125
127 181
127 281
127 280
127 175
127 95
128 85
128 297
129 158
129 196
129 26
129 177
129 200
129 127
130 75
130 149
130 137
130 217
130 257
130 213
131 217
131 233
131 73
132 20
132 297
133 102
133 38
133 47
133 257
135 125
135 296
135 99
135 123
136 32
136 127
136 35
136 184
136 218
136 23
136 215
136 261
136 264
136 256
137 28
137 2
137 298
137 68
137 75
138 116
138 59
138 68
138 144
138 61
138 26
138 200
140 277
140 80
140 32
140 36
140 283
141 276
141 74
141 216
141 40
141 153
141 122
141 213
141 28
142 84
142 4
142 255
142 112
143 50
143 41
143 288
143 119
143 126
143 47
143 256
143 71
144 212
144 215
144 282
145 31
145 256
145 70
145 254
145 65
145 11
145 46
146 11
146 166
146 169
146 143
146 185
147 202
147 224
147 287
147 59
147 5
147 137
147 103
148 87
148 158
148 143
148 211
148 102
148 252
148 103
148 99
148 202
149 187
149 196
149 114
149 230
149 119
149 168
151 114
151 46
151 240
151 187
152 223
152 282
152 182
153 250
153 84
153 248
153 31
153 257
155 242
155 178
155 54
155 126
155 81
155 95
155 64
155 142
155 138
156 51
156 7
156 274
156 35
156 276
156 197
156 266
156 48
156 192
157 140
157 138
157 175
157 76
158 225
158 287
158 228
158 268
159 70
159 186
159 148
159 157
159 4
159 146
161 229
161 48
163 281
163 189
163 20
163 121
163 285
163 164
163 57
163 181
163 228
164 36
164 69
164 280
166 192
166 129
166 71
166 27
166 31
166 132
168 203
168 4
168 61
168 67
168 230
169 72
169 26
169 256
169 215
170 212
170 104
170 288
170 31
170 127
170 129
170 217
170 252
171 288
171 273
171 58
171 282
171 64
171 260
172 210
172 96
172 208
172 153
172 291
172 278
172 52
175 295
175 198
175 123
175 183
175 180
175 118
175 34
176 133
176 248
176 181
176 202
176 31
176 36
177 8
177 189
177 191
177 70
177 202
177 124
178 197
178 31
178 194
178 271
178 211
178 7
178 55
179 161
179 77
179 294
179 252
179 28
179 82
179 85
179 29
179 92
179 295
180 255
180 129
180 108
180 148
180 17
180 166
180 55
181 198
181 85
181 128
181 118
181 142
181 194
181 11
181 20
181 186
181 185
181 62
182 178
182 138
183 73
183 33
183 182
183 278
183 254
183 258
183 196
183 161
183 146
184 20
184 126
185 97
185 74
185 15
185 115
185 197
186 120
186 89
186 115
186 282
186 130
187 9
187 298
187 189
187 144
188 32
188 122
188 190
188 232
188 64
189 185
189 158
189 267
189 295
189 50
190 95
190 271
190 108
190 253
190 239
191 8
191 221
191 128
191 118
191 170
192 217
192 118
192 216
192 175
192 232
192 229
193 8
193 268
193 115
193 208
193 163
193 166
193 144
193 13
194 267
194 55
195 51
195 118
195 203
195 39
196 205
196 11
196 120
196 210
196 147
196 121
197 248
197 121
197 245
197 172
197 145
197 34
197 254
197 140
198 244
198 5
198 200
198 293
198 9
198 102
200 202
200 213
200 295
200 74
200 267
200 221
200 73
201 217
201 64
201 18
201 294
202 224
202 273
202 110
202 194
202 111
202 18
203 297
203 292
203 133
204 254
204 1
205 224
205 185
205 183
205 95
205 92
205 171
205 267
207 119
207 188
207 152
207 126
208 39
208 132
208 129
208 280
208 57
208 254
208 286
209 64
209 21
210 42
210 98
211 124
211 69
211 175
211 244
211 198
211 63
211 224
211 203
211 290
211 277
212 1
212 194
212 274
212 120
212 293
212 19
212 62
212 59
212 141
212 285
213 137
213 39
213 237
213 95
213 147
214 270
214 66
214 250
214 196
214 271
214 137
214 144
215 125
215 164
215 77
215 285
215 239
215 45
216 41
216 196
216 39
216 59
216 201
217 193
217 205
217 146
217 155
217 125
217 252
217 114
217 289
217 164
217 214
217 116
218 151
218 189
218 75
218 32
221 177
221 27
221 237
221 129
221 171
221 260
221 101
223 3
223 299
223 159
224 133
224 65
224 282
224 180
225 292
225 283
225 264
225 68
225 85
225 51
225 175
225 4
225 245
228 159
228 37
228 144
228 65
228 39
228 286
228 126
229 144
229 280
229 8
229 127
229 155
229 22
230 202
230 144
230 121
230 102
230 180
230 15
230 280
230 271
231 69
231 25
231 5
231 267
231 213
232 183
232 82
232 35
232 164
233 177
233 138
233 158
233 70
233 113
233 144
233 56
236 232
236 37
236 70
236 77
237 221
237 187
237 11
237 200
237 177
237 71
239 248
239 47
240 208
240 32
240 295
240 252
240 261
240 47
240 224
240 50
241 3
241 156
241 236
241 38
241 277
241 291
241 121
241 48
241 145
241 102
242 289
242 126
242 122
242 80
242 146
243 295
243 274
243 286
243 141
243 204
244 223
244 196
244 65
244 268
244 276
244 5
244 133
245 268
245 23
245 183
245 88
245 44
247 179
247 22
247 146
248 170
248 95
248 101
248 161
248 144
248 207
248 63
248 243
248 73
248 28
248 242
250 202
250 242
250 115
250 40
250 286
252 282
252 178
252 32
252 138
252 245
252 205
252 275
252 86
253 65
253 80
253 110
253 148
253 22
254 153
254 84
254 122
255 59
255 4
255 33
255 32
256 156
256 202
256 298
256 261
256 50
256 203
256 228
256 141
256 118
256 175
256 293
257 120
257 169
257 188
257 195
257 128
257 275
257 203
257 229
258 240
258 176
258 196
258 188
258 276
258 48
258 137
258 114
258 120
258 264
260 116
260 103
260 275
261 297
261 148
261 267
261 136
261 189
261 274
264 128
264 67
264 126
264 140
264 123
266 257
266 152
266 292
266 243
266 216
267 247
267 106
267 145
268 146
268 298
268 51
268 96
270 76
270 210
270 112
270 264
271 70
271 257
271 296
271 27
273 108
273 68
273 138
273 212
273 252
274 247
274 108
274 133
274 17
274 129
274 184
275 136
275 207
275 22
275 101
275 178
275 62
275 35
275 163
275 45
275 230
276 86
276 121
276 135
276 204
276 34
277 41
277 194
277 285
277 287
277 1
277 254
277 271
278 208
278 231
278 152
278 242
278 40
280 239
280 113
280 168
280 299
280 164
280 48
281 97
281 106
281 1
281 108
281 237
281 213
281 268
282 200
282 125
282 39
282 138
282 213
282 229
282 280
283 183
283 153
283 140
283 51
283 136
283 121
283 295
283 82
283 252
285 63
285 111
285 77
285 92
285 20
285 267
285 195
286 200
286 187
286 296
286 133
286 169
286 294
287 280
287 207
287 175
287 169
287 41
287 191
288 205
288 229
288 121
288 283
289 39
289 224
289 198
289 245
289 108
289 158
289 144
290 111
290 161
290 87
291 185
291 225
292 243
292 104
292 3
292 193
292 270
292 179
292 42
292 209
292 224
293 212
293 250
293 198
293 208
293 176
293 149
293 57
293 239
294 95
294 197
294 248
294 243
295 260
295 32
295 62
295 74
296 196
296 64
296 271
296 76
296 13
296 210
296 82
297 129
297 127
297 211
297 101
297 25
297 89
297 88
297 159
298 99
298 148
298 266
298 28
299 166
299 277
299 93
299 144
