0 197
0 217
0 122
0 283
0 83
1 266
2 283
5 244
5 243
5 0
6 188
6 0
8 42
8 34
10 36
10 296
10 151
10 153
10 52
10 273
12 291
12 53
13 180
15 262
15 70
15 151
15 53
16 135
16 112
16 128
18 115
18 257
18 54
19 292
19 82
19 244
19 131
19 97
19 164
20 78
20 249
20 156
20 174
20 118
20 234
20 180
21 138
21 185
21 242
21 146
21 109
21 19
21 22
24 47
24 8
24 271
24 109
24 218
24 146
25 222
25 273
25 171
25 72
25 185
25 277
29 174
29 63
29 273
29 262
29 88
31 193
32 184
32 115
32 139
32 217
33 29
33 215
33 286
33 140
34 91
34 70
34 295
34 257
35 245
35 288
35 272
36 276
36 231
36 189
38 294
38 128
38 239
40 274
40 58
42 261
43 54
43 291
43 18
44 222
44 215
44 272
44 153
44 57
44 299
46 293
46 219
47 204
50 172
50 293
50 156
50 35
51 180
51 269
52 194
52 225
52 10
52 51
52 253
53 237
53 138
53 131
53 142
53 58
54 299
54 177
54 83
54 122
54 19
57 20
58 112
58 196
58 262
58 24
58 167
59 18
59 80
59 173
59 118
59 140
60 256
60 105
60 205
60 25
60 255
60 225
60 271
60 20
63 122
63 88
63 226
70 173
70 43
70 140
72 24
72 194
74 141
74 218
74 113
74 283
74 36
77 63
77 169
77 138
77 295
77 132
77 113
78 149
78 215
80 261
80 132
80 123
82 185
82 123
82 262
82 209
82 181
83 26
83 164
83 185
83 266
83 293
83 277
86 123
86 164
86 295
86 142
86 192
87 148
87 91
87 237
88 292
91 254
91 115
91 44
91 21
91 131
91 54
91 116
94 223
94 209
94 31
94 18
94 98
94 217
96 136
97 293
97 254
98 112
98 140
99 119
99 184
99 60
99 133
100 224
100 239
100 163
103 145
103 144
103 247
103 130
103 197
103 226
103 94
103 215
103 297
105 258
105 21
105 167
105 74
105 247
106 180
106 164
106 144
106 213
109 135
109 35
110 292
110 38
110 141
112 184
112 33
112 129
112 78
112 204
112 142
112 157
113 278
113 245
115 87
116 209
116 34
116 63
118 164
119 52
120 110
120 6
120 21
121 172
121 58
121 271
121 237
122 288
122 97
122 173
122 215
122 217
122 119
123 154
123 35
125 63
125 225
125 291
125 232
128 74
128 213
128 169
129 218
129 271
129 87
129 214
129 280
130 172
130 116
130 91
130 151
131 52
131 216
131 297
132 208
132 100
132 146
132 24
133 42
133 145
133 274
133 262
133 255
133 180
133 148
133 146
134 116
134 42
135 123
135 205
136 266
136 138
136 86
136 217
138 273
138 292
138 222
139 222
139 47
140 283
140 130
140 54
141 285
141 91
141 235
141 261
142 59
142 277
142 255
142 109
144 26
144 33
144 177
144 200
144 70
145 134
145 72
146 280
146 273
146 278
146 257
146 70
147 60
147 121
147 234
148 157
149 201
149 50
149 44
150 115
150 72
151 31
151 78
151 212
151 192
151 295
151 274
153 29
153 192
153 133
153 87
154 140
156 173
156 223
156 138
156 16
156 277
156 272
157 52
157 133
157 2
157 206
157 97
158 22
158 112
158 269
163 243
163 181
163 146
164 237
167 112
167 57
169 115
169 243
169 60
169 218
171 261
171 253
171 210
172 47
172 147
172 128
172 115
172 256
172 223
173 119
173 72
173 128
173 226
173 232
174 50
174 210
174 296
174 289
175 208
175 280
177 255
177 249
180 211
180 12
180 25
180 97
181 148
181 94
181 239
184 8
184 221
184 291
184 113
185 74
185 32
188 52
189 252
189 58
192 32
192 171
192 258
193 296
193 125
193 158
193 100
193 141
193 10
194 16
194 22
194 220
196 197
196 18
196 58
197 184
197 139
200 240
200 283
200 173
201 289
201 54
201 128
201 77
204 140
204 115
204 40
205 215
206 169
208 147
209 1
209 19
209 77
209 96
210 255
211 57
211 299
211 150
211 6
211 140
211 157
212 278
212 181
212 29
213 150
213 278
213 105
213 235
213 205
214 16
214 120
215 105
215 142
216 243
216 89
216 230
217 149
217 173
218 240
218 31
218 150
218 249
218 258
219 146
219 46
219 192
220 54
220 145
221 256
221 1
221 109
222 175
222 239
223 150
223 86
223 289
223 240
223 217
223 276
224 292
224 194
224 15
224 20
224 135
224 115
225 294
225 46
225 60
225 278
225 262
226 225
226 135
226 43
230 129
230 72
231 98
231 235
231 121
231 146
232 212
232 294
232 15
232 200
233 18
233 215
233 91
233 209
233 283
234 10
235 211
235 219
235 94
237 269
237 72
240 289
240 172
240 173
240 96
242 247
243 283
243 297
243 119
243 184
243 94
244 20
244 249
245 78
245 216
245 271
247 185
249 231
252 100
252 264
252 16
252 214
252 288
252 157
253 24
253 105
254 244
256 123
256 295
256 87
256 204
257 267
257 253
257 146
257 213
258 256
258 180
261 8
262 196
262 10
262 135
264 121
264 261
266 140
266 212
266 234
267 26
267 244
269 234
269 89
269 146
269 129
269 131
270 154
270 96
271 142
271 134
271 53
271 283
272 262
272 164
273 217
273 88
273 134
274 272
274 141
276 181
276 299
276 216
277 25
277 139
277 91
277 224
277 267
278 125
278 218
278 295
280 78
280 116
280 297
280 272
283 139
283 18
283 226
283 131
283 99
283 269
283 253
283 213
285 232
285 286
285 139
285 299
286 89
286 6
286 132
288 142
288 151
288 213
289 196
289 206
289 149
289 109
291 206
291 296
291 122
292 149
292 193
293 31
293 274
294 142
294 200
294 5
295 142
295 122
295 278
296 125
296 223
296 269
296 118
296 42
296 112
297 224
297 197
297 213
297 105
297 74
299 158
299 113
299 151
299 213
299 200
299 94
