0 143
0 230
0 151
0 125
1 132
1 71
1 277
1 228
1 145
1 174
1 186
1 269
1 140
1 261
1 197
1 113
2 251
2 171
2 275
2 135
2 12
3 245
3 96
3 192
3 241
3 206
3 101
4 228
4 286
4 175
4 299
4 83
4 65
4 21
4 165
4 277
4 192
4 7
5 233
5 67
5 109
5 284
5 124
5 211
5 32
5 137
5 83
5 175
5 49
5 232
6 292
6 9
6 130
6 169
6 45
6 261
6 218
6 72
6 204
7 22
7 125
7 283
7 184
7 198
7 66
7 263
7 111
7 117
8 167
8 256
8 128
8 227
8 134
8 23
8 277
8 66
8 295
8 191
8 32
9 95
9 71
9 74
9 70
9 118
9 171
9 0
9 200
10 199
10 38
10 171
10 74
10 269
10 64
10 62
10 155
10 169
11 99
11 190
11 211
11 197
11 174
12 160
12 39
12 267
12 201
12 176
12 283
12 125
12 47
13 98
13 26
13 193
13 117
13 70
13 78
13 6
14 90
14 19
14 269
14 4
14 57
14 264
14 48
14 23
14 202
14 131
14 81
14 85
15 8
15 3
15 84
15 235
15 29
15 170
15 205
15 37
15 100
15 145
16 91
16 37
16 15
16 195
16 205
16 109
16 113
17 251
17 96
17 30
17 288
17 195
17 129
17 76
17 228
17 93
17 11
17 236
18 108
18 29
18 79
18 175
18 53
18 119
18 264
18 98
18 41
19 89
19 133
19 47
19 3
19 184
19 150
19 220
19 32
19 59
19 197
19 87
21 119
21 120
21 154
21 28
21 3
21 185
21 299
21 26
21 297
21 134
22 136
22 113
22 78
22 105
22 87
22 47
22 14
22 249
22 41
22 266
22 257
22 169
22 229
22 128
23 119
23 277
23 68
23 36
23 174
23 11
23 141
23 286
23 18
24 161
24 54
24 144
24 44
24 204
24 266
24 184
24 96
25 197
25 124
25 126
25 243
25 56
26 72
26 158
26 216
26 56
26 166
27 76
27 213
27 44
27 86
27 119
27 235
27 289
27 74
28 157
28 14
28 147
28 33
28 208
29 136
29 215
29 96
29 193
29 236
29 265
29 208
30 28
30 115
30 119
30 9
30 245
30 299
30 132
30 165
31 146
31 80
31 47
31 49
31 217
31 268
31 194
31 13
31 236
31 261
31 91
31 85
31 145
32 220
32 139
32 299
32 277
32 252
32 91
32 278
32 186
32 75
33 269
33 54
33 28
33 200
33 109
33 155
33 209
33 178
33 291
33 99
34 90
34 291
34 297
34 223
34 60
34 298
34 152
34 118
34 241
34 206
35 193
35 92
35 6
35 25
36 141
36 256
36 272
36 88
36 70
36 230
36 248
36 297
36 134
36 219
37 113
37 285
37 106
38 26
38 199
38 269
38 130
38 21
38 299
38 95
38 48
38 9
39 223
39 11
39 145
39 175
39 250
39 62
39 197
39 292
39 272
40 80
40 38
40 26
40 117
40 254
40 178
40 191
40 37
40 270
41 200
41 60
41 49
41 257
41 234
41 18
42 163
42 13
42 112
42 195
42 161
42 69
42 47
43 236
43 52
43 195
43 219
43 18
43 174
43 175
43 283
44 243
44 273
44 213
44 206
44 208
45 264
45 94
45 159
45 206
45 299
45 243
46 197
46 209
46 99
46 291
46 133
46 4
46 117
46 280
46 233
46 151
47 190
47 219
47 32
47 64
47 38
47 119
47 161
47 107
47 4
47 99
48 147
48 88
48 12
48 151
48 119
49 113
49 3
49 131
51 76
51 4
51 62
51 130
51 117
51 227
51 82
51 250
51 179
52 62
52 204
52 80
52 66
52 238
52 122
52 258
52 191
52 124
52 135
52 13
52 289
52 6
53 168
53 129
53 275
53 37
53 7
53 5
53 245
53 85
54 69
54 100
54 251
54 204
54 242
54 216
54 129
54 49
56 232
56 275
56 231
56 46
56 19
56 188
56 48
57 202
57 91
57 45
57 30
57 232
57 41
57 261
57 27
57 3
58 272
58 12
58 163
58 282
58 8
59 81
59 102
59 3
59 222
59 75
59 82
59 198
59 283
60 106
60 110
60 249
60 270
60 102
60 46
60 166
60 237
60 12
61 202
61 175
61 234
61 153
61 237
61 188
61 266
61 74
61 198
61 183
61 292
61 264
62 202
62 118
62 235
62 289
62 30
62 248
62 11
63 229
63 61
63 35
63 135
63 161
63 68
63 285
63 216
63 243
63 277
63 111
64 185
64 295
64 296
64 19
64 15
64 10
64 5
64 54
64 183
64 75
64 82
64 157
64 148
64 278
65 249
65 83
65 168
65 87
65 271
65 69
65 45
65 68
65 172
66 53
66 24
66 247
66 163
66 151
66 176
66 202
66 140
66 94
66 264
66 67
66 89
67 139
67 234
67 285
67 170
67 56
67 0
67 230
67 134
67 101
68 8
68 72
68 162
68 199
68 29
68 167
68 110
68 209
69 169
69 297
69 14
69 93
69 43
69 7
69 277
69 280
69 209
69 162
69 5
70 145
70 286
70 163
70 60
70 12
70 166
70 56
70 45
70 266
70 192
70 247
70 93
70 102
70 242
70 160
71 212
71 258
71 111
71 278
71 200
71 218
71 201
71 68
72 22
72 199
72 183
72 124
72 130
72 272
72 208
72 125
72 11
72 25
72 64
73 238
73 247
73 63
73 158
73 202
73 228
74 206
74 133
74 68
74 128
74 99
74 109
74 188
74 228
74 223
74 264
75 33
75 155
75 234
75 100
75 25
75 115
75 19
75 191
75 243
76 295
76 165
76 227
76 149
76 32
76 2
76 166
76 58
77 218
77 201
77 96
77 90
77 39
77 72
77 234
77 10
77 115
77 184
77 98
78 163
78 234
78 118
78 268
78 250
78 254
78 273
79 148
79 62
79 11
79 215
79 77
79 279
79 196
79 153
79 212
79 21
79 151
79 242
79 136
80 216
80 213
80 252
80 233
80 183
81 80
81 295
81 269
81 143
81 194
82 256
82 196
82 17
82 167
82 163
82 246
82 68
82 95
83 192
83 154
83 157
83 68
83 200
83 34
83 80
83 35
84 267
84 5
84 28
84 195
84 102
84 184
84 45
84 56
84 159
85 130
85 37
85 177
85 160
86 243
86 81
86 157
86 195
86 191
86 263
86 196
86 89
87 32
87 12
87 172
87 80
87 137
87 285
87 228
88 30
88 127
88 7
88 145
88 234
89 45
89 206
89 176
89 26
90 106
90 297
90 249
90 113
90 257
90 248
90 195
90 178
90 263
90 167
90 261
90 190
91 271
91 250
91 198
91 133
91 177
91 51
92 106
92 15
92 253
92 152
92 180
92 154
92 88
92 79
93 122
93 148
93 85
93 247
93 100
93 75
93 105
94 74
94 73
94 31
94 76
94 5
94 170
94 145
95 5
95 79
95 256
95 77
95 125
95 105
95 279
95 228
95 121
95 72
96 149
96 81
96 237
96 27
96 168
96 108
96 110
96 246
96 150
97 21
97 19
97 154
97 17
97 83
97 238
97 139
97 115
97 100
97 227
97 39
98 296
98 159
98 1
98 76
98 297
98 235
99 197
99 293
99 32
99 79
99 298
99 153
99 13
99 98
99 94
99 177
99 154
99 175
99 131
100 159
100 5
100 91
100 22
100 291
100 252
100 172
100 271
100 14
100 194
100 208
100 21
101 113
101 253
101 165
101 96
101 196
101 261
101 59
101 168
102 276
102 21
102 166
102 27
102 286
102 87
102 56
102 179
102 31
102 233
102 150
102 34
102 272
102 169
105 177
105 60
105 64
105 129
105 1
105 257
105 91
105 83
105 197
105 259
106 258
106 143
106 135
106 35
106 153
106 188
106 178
106 3
107 233
107 236
107 38
107 106
107 178
107 71
107 47
107 180
108 9
108 96
108 206
108 188
108 99
108 40
108 91
108 201
109 245
109 176
109 89
109 45
110 260
110 27
110 241
110 155
110 140
111 129
111 120
111 202
111 144
111 276
111 88
111 245
111 1
111 278
111 28
111 80
112 52
112 234
112 263
112 141
112 299
112 220
112 32
112 100
113 222
113 98
113 233
113 88
113 177
113 213
113 83
113 194
113 49
113 82
113 282
115 17
115 95
115 289
115 51
115 0
115 100
115 87
116 260
116 235
116 149
117 263
117 116
117 229
117 200
118 22
118 7
118 271
118 158
118 60
118 160
118 251
118 285
118 32
118 98
119 1
119 174
119 77
119 52
119 125
119 198
120 236
120 51
120 250
120 89
120 159
120 60
120 21
120 76
120 78
120 288
120 106
120 212
120 94
120 59
121 149
121 109
121 110
121 223
121 108
121 249
122 235
122 293
122 132
122 93
122 180
122 1
124 32
124 53
124 29
124 35
124 202
124 297
124 82
125 205
125 175
125 22
125 183
125 237
125 85
125 200
126 206
126 97
126 80
126 145
126 183
126 87
126 111
126 58
126 154
126 264
126 259
126 246
127 160
127 84
127 277
127 54
127 12
127 3
127 253
127 38
127 206
127 215
127 219
128 113
128 293
128 234
128 228
128 193
128 174
128 121
128 49
128 133
128 70
128 63
128 278
129 101
129 144
129 14
129 87
129 297
129 40
129 89
129 76
129 48
129 62
129 127
129 289
130 53
130 174
130 188
130 211
130 277
130 205
130 147
131 108
131 101
131 82
131 56
131 34
131 31
131 25
131 84
131 119
131 219
132 89
132 263
132 245
132 215
132 209
132 195
132 276
133 229
133 223
133 205
133 71
133 230
133 147
133 263
133 139
133 18
133 62
133 201
133 54
134 137
134 167
134 17
134 149
135 263
135 84
135 141
135 199
135 86
135 246
135 295
135 81
135 202
135 145
135 130
135 95
135 279
136 42
136 108
136 174
136 223
136 228
136 220
136 259
136 167
136 159
137 125
137 261
137 195
137 79
137 200
137 97
137 78
137 289
137 94
137 215
137 122
137 82
139 8
139 202
139 180
139 183
139 171
139 135
139 52
140 66
140 82
140 21
140 236
141 220
141 41
141 1
141 267
141 218
141 96
141 129
141 35
141 209
141 185
141 177
142 22
142 190
142 242
142 162
142 215
142 81
142 212
142 99
143 188
143 129
143 267
143 234
143 227
143 49
143 237
143 76
143 271
144 289
144 51
144 116
144 195
144 126
144 228
144 11
144 188
144 39
144 105
145 158
145 124
145 141
145 6
145 295
146 110
146 231
146 205
146 106
146 56
146 180
146 72
146 259
146 245
146 276
146 140
147 106
147 99
147 272
147 122
147 9
147 79
148 49
148 271
148 60
148 137
148 235
148 174
148 18
149 180
149 33
149 38
149 273
149 107
149 174
149 73
149 147
149 288
149 268
149 7
149 216
149 13
149 4
149 297
150 264
150 205
150 77
150 43
150 65
150 121
150 272
150 10
150 191
150 52
150 147
151 297
151 204
151 15
151 93
151 150
151 276
151 38
151 83
151 91
151 175
151 174
151 197
151 285
151 127
152 212
152 180
152 97
152 135
152 77
152 176
152 163
152 111
152 219
153 148
153 72
153 86
153 233
153 150
153 169
153 76
154 11
154 2
154 3
154 48
154 35
154 263
154 220
155 180
155 199
155 200
155 289
155 128
155 41
155 100
155 126
155 127
155 56
157 206
157 37
157 260
157 102
157 190
157 127
158 174
158 45
158 151
158 265
158 22
158 134
159 117
159 278
159 259
159 230
159 251
159 217
159 165
159 49
159 56
159 136
159 125
159 200
159 134
159 85
159 45
159 196
160 279
160 83
160 120
160 74
160 89
161 151
161 115
161 106
161 211
161 245
161 275
161 228
162 205
162 29
162 40
162 33
162 106
162 143
162 132
162 100
162 5
162 121
163 90
163 65
163 23
163 183
163 223
163 271
163 100
163 71
163 145
163 88
163 76
163 116
165 196
165 201
165 176
165 205
165 25
165 199
165 67
165 96
166 34
166 242
166 119
166 276
166 39
166 100
166 59
166 142
166 133
167 277
167 256
167 5
167 36
167 101
167 40
168 99
168 259
168 250
168 26
168 133
168 146
168 112
168 29
168 253
168 261
169 162
169 78
169 213
169 275
169 249
169 67
169 115
169 246
170 209
170 94
170 184
170 23
170 43
170 26
170 42
170 202
170 121
170 281
170 198
170 84
170 3
170 8
170 299
170 163
171 266
171 99
171 289
171 183
171 187
171 219
171 139
172 8
172 82
174 120
174 118
174 267
174 116
174 79
174 188
174 80
174 99
174 8
175 202
175 285
175 273
175 72
175 80
175 39
175 174
175 68
176 149
176 228
176 292
176 284
176 1
176 163
177 298
177 116
177 149
177 289
177 62
177 143
177 17
177 231
178 222
178 40
178 89
178 249
178 130
178 125
179 16
179 167
179 159
179 256
179 45
179 3
179 297
179 120
179 293
180 74
180 105
180 81
180 53
180 14
180 217
180 15
180 208
180 197
183 167
183 285
183 128
183 249
183 64
183 144
183 67
183 158
183 171
183 235
183 192
183 283
184 3
184 238
184 68
184 271
184 264
184 295
184 100
184 79
184 163
184 15
184 70
184 275
185 157
185 44
185 247
185 80
185 9
185 23
186 246
186 279
186 175
186 99
187 152
187 299
187 197
187 254
187 81
187 129
187 267
187 265
187 297
187 243
187 11
188 208
188 118
188 258
188 8
188 283
188 249
188 85
189 78
189 213
189 175
189 126
189 212
189 109
190 299
190 179
190 70
190 277
190 206
190 230
190 222
190 14
190 67
190 112
190 279
191 232
191 229
191 101
191 85
191 230
191 157
191 146
191 2
191 5
191 10
192 29
192 105
192 206
192 86
192 215
192 3
192 1
192 66
192 235
192 242
192 131
192 189
193 162
193 115
193 258
193 71
193 82
193 250
194 195
194 243
194 71
194 211
194 83
194 18
194 212
194 157
195 116
195 148
195 271
195 291
196 139
196 28
196 157
196 270
196 18
196 167
196 174
196 254
196 131
196 135
196 68
196 227
197 145
197 135
197 144
197 12
197 67
197 66
197 3
198 139
198 293
198 95
198 152
198 48
198 59
198 132
198 141
199 90
199 249
199 251
199 143
199 190
199 293
199 62
199 233
199 155
200 204
200 280
200 245
200 271
200 35
200 63
200 196
200 252
201 167
201 193
201 238
201 86
201 110
201 234
201 165
201 149
201 175
201 87
201 212
201 192
201 197
202 170
202 83
202 235
202 167
204 231
204 128
204 299
204 77
204 86
204 95
205 81
205 142
205 258
205 298
205 61
205 171
205 47
205 96
206 280
206 109
206 120
206 48
206 42
206 227
206 232
206 183
206 251
208 147
208 242
208 223
208 85
208 250
208 158
208 196
208 259
208 49
209 13
209 18
209 273
209 135
209 246
209 145
211 122
211 152
211 249
211 161
211 102
211 162
211 62
211 252
211 166
211 73
211 194
211 154
212 25
212 198
212 162
212 26
212 159
212 215
212 202
212 157
213 44
213 37
213 72
213 245
213 38
213 125
213 188
213 100
215 34
215 83
215 278
215 69
215 112
215 60
215 129
215 40
215 253
216 33
216 285
216 58
216 175
216 2
216 117
216 218
217 199
217 212
217 288
217 276
217 81
217 18
217 119
217 204
218 58
218 119
218 162
218 43
218 22
218 229
218 220
218 256
218 49
218 154
219 106
219 209
219 267
219 118
219 75
219 299
219 49
219 249
219 253
220 41
220 163
220 293
220 161
220 160
220 284
220 33
220 66
222 17
222 93
222 33
222 137
222 202
222 81
222 92
222 46
222 84
222 37
222 131
222 141
223 282
223 272
223 194
223 82
223 176
223 148
227 97
227 125
227 89
227 286
227 220
227 296
227 85
227 56
227 192
228 212
228 178
228 56
228 167
228 116
228 195
229 23
229 295
229 13
229 125
229 261
229 78
229 268
230 1
230 190
230 148
230 152
230 177
230 265
230 6
230 276
231 7
231 64
231 236
231 193
231 165
231 158
232 93
232 215
232 157
232 227
232 269
232 254
232 78
232 238
233 64
233 149
233 41
233 23
233 174
233 178
233 91
233 43
233 260
233 42
234 171
234 17
234 289
234 188
235 229
235 177
235 170
235 132
235 234
235 58
235 204
235 163
235 256
235 23
236 220
236 117
236 228
236 37
237 299
237 223
237 253
237 109
237 256
238 163
238 82
238 130
238 267
238 282
238 54
238 137
241 270
241 159
241 15
241 110
241 256
241 154
242 197
242 70
242 155
242 126
242 29
242 267
242 283
242 147
242 249
243 130
243 295
243 47
243 64
243 40
243 92
243 158
243 252
243 176
245 267
245 252
245 118
245 195
245 141
245 145
245 298
245 59
245 137
245 92
246 46
246 143
246 31
246 258
246 251
246 5
246 247
246 165
247 215
247 237
247 250
247 249
247 75
247 8
248 88
248 115
248 15
248 187
248 293
248 272
248 193
248 39
249 24
249 180
249 208
249 199
249 266
249 145
250 127
250 68
250 38
250 89
250 259
250 253
250 183
250 291
250 8
250 34
250 36
251 83
251 92
251 74
251 142
251 45
251 37
251 229
251 291
251 194
251 230
252 24
252 231
252 39
252 175
252 285
252 259
252 115
253 192
253 23
253 120
253 83
253 282
253 56
253 268
253 75
253 191
254 180
254 44
254 9
254 246
254 230
254 148
254 52
254 205
254 30
256 163
256 251
256 174
256 18
256 84
256 160
256 266
256 204
256 176
256 27
256 51
256 135
256 134
256 232
257 136
257 48
257 125
257 190
257 264
257 65
257 66
258 39
258 59
258 267
258 110
258 284
258 38
258 218
258 260
258 257
258 205
258 61
259 18
259 212
259 227
259 153
259 298
259 251
260 70
260 82
260 152
260 275
260 250
260 68
260 202
261 116
261 75
261 159
261 43
261 218
261 82
261 144
261 18
261 265
263 174
263 288
263 296
263 272
263 98
263 259
263 81
263 30
263 109
263 161
263 295
263 73
263 297
263 248
263 175
263 125
263 105
264 172
264 228
264 70
264 141
264 45
264 8
264 139
264 279
264 89
264 163
264 59
264 11
265 41
265 299
265 157
265 47
265 295
266 5
266 17
266 275
266 39
266 91
266 97
266 31
266 93
267 160
267 49
267 135
267 209
267 167
268 77
268 232
268 15
268 21
268 277
268 4
269 188
269 19
269 220
269 175
269 42
269 128
269 149
270 18
270 6
270 265
270 53
270 233
270 261
270 1
270 27
270 219
270 155
270 142
270 64
271 105
271 180
271 145
271 299
271 131
271 277
271 265
271 57
272 254
272 63
272 133
272 284
272 24
272 54
272 245
272 169
272 95
273 278
273 223
273 265
273 122
273 113
273 145
273 92
273 43
273 5
273 162
273 10
273 242
273 185
275 5
275 99
275 13
275 232
275 157
275 101
275 23
275 27
275 177
275 77
275 204
275 230
275 155
275 257
276 159
276 128
276 26
276 163
276 196
276 140
276 228
276 286
276 86
276 132
276 157
276 135
277 46
277 150
277 93
277 128
277 176
277 58
277 67
277 31
277 148
277 155
277 249
278 166
278 39
278 202
278 149
278 180
279 79
279 168
279 35
279 74
279 133
279 25
279 108
279 187
279 67
279 238
279 169
279 180
279 183
280 41
280 129
280 196
280 144
280 140
280 111
280 272
281 35
281 39
281 1
281 270
281 87
281 232
281 155
281 188
281 84
281 124
281 135
281 119
281 149
281 227
282 229
282 148
282 63
282 236
282 80
282 197
282 278
282 187
282 146
283 12
283 47
283 220
283 197
283 277
283 264
283 25
283 8
283 131
283 18
283 256
283 64
283 44
284 279
284 172
284 204
284 67
284 228
284 185
284 35
284 280
284 52
285 126
285 167
285 250
285 158
285 5
285 30
286 208
286 113
286 137
286 95
286 34
286 219
286 271
286 293
286 241
286 216
286 1
286 135
288 146
288 118
288 69
288 47
288 153
289 81
289 0
289 158
289 129
289 278
289 48
289 41
289 109
289 238
289 217
289 195
289 115
289 259
291 18
291 65
291 168
291 235
291 216
291 48
291 208
291 111
291 179
291 259
292 30
292 121
292 13
292 23
292 168
292 212
292 147
292 241
292 278
292 178
293 167
293 179
293 18
293 174
293 63
293 232
293 284
293 98
293 76
295 111
295 266
295 249
295 42
295 284
295 187
295 172
295 116
295 212
295 2
296 254
296 10
296 242
296 252
296 236
297 213
297 250
297 42
297 22
297 89
297 5
297 218
298 33
298 202
298 265
298 52
298 72
298 276
298 257
298 180
298 295
299 73
299 17
299 231
