0 293
0 158
0 82
0 117
0 4
0 280
0 34
1 71
1 134
1 184
2 200
2 107
2 225
2 51
2 179
3 141
3 179
3 172
3 253
4 133
4 154
4 174
4 57
4 105
5 191
5 269
5 26
6 182
6 52
6 134
6 199
7 196
7 37
7 65
7 123
7 211
8 42
8 139
10 223
10 113
11 280
11 55
11 133
11 294
11 269
11 156
11 59
12 8
12 156
12 292
12 134
12 95
12 195
13 204
13 254
13 184
13 68
13 124
13 17
14 143
14 77
14 20
14 93
14 250
15 162
15 213
15 138
15 170
15 153
15 57
16 12
16 192
16 185
17 289
17 153
17 284
17 213
17 256
17 164
17 0
17 247
17 2
18 172
18 179
18 191
18 168
18 101
18 105
18 248
18 197
18 82
18 125
20 10
20 44
20 131
20 203
20 32
20 34
20 115
21 256
21 42
21 174
21 58
21 130
21 56
21 67
21 158
22 217
22 227
22 188
22 68
23 76
23 49
23 168
23 240
23 294
24 30
24 43
24 176
24 85
24 131
24 134
24 151
24 66
25 84
25 8
25 242
25 267
25 217
25 262
26 108
26 92
26 159
26 262
27 102
27 41
27 199
27 193
27 235
27 43
27 298
28 155
28 174
28 293
28 129
28 296
29 272
29 218
29 140
29 138
29 57
30 276
30 129
30 40
30 96
30 117
31 215
31 255
31 101
31 44
32 67
32 129
32 18
32 149
32 14
33 271
33 18
33 179
33 212
34 102
34 179
34 77
35 203
35 24
35 167
35 139
35 13
37 1
37 76
37 164
37 264
37 141
37 82
38 74
38 227
38 105
38 156
38 221
38 287
40 172
40 236
40 60
40 5
40 283
40 1
40 256
40 32
40 130
41 140
41 96
41 265
41 229
41 0
41 268
41 77
42 149
42 171
42 236
42 82
42 52
42 94
42 18
43 213
43 18
44 159
44 88
44 15
44 234
44 221
45 211
45 29
45 5
45 254
45 125
45 241
45 76
45 167
45 13
46 3
46 264
46 181
46 182
46 168
46 147
46 180
46 126
46 73
46 123
46 271
49 28
49 219
49 285
49 198
49 22
49 68
50 265
50 22
50 44
50 192
50 291
50 169
50 196
50 126
50 37
50 295
51 77
51 223
51 8
51 119
52 177
52 50
52 132
53 256
53 12
55 252
55 130
55 274
55 184
55 210
56 4
56 238
56 17
56 59
56 266
56 156
56 115
56 104
56 58
57 50
57 117
57 125
57 15
58 293
58 17
58 297
58 279
59 46
59 241
59 287
60 44
60 26
60 272
60 37
60 269
62 34
62 220
62 211
63 56
63 94
63 102
63 131
63 250
65 240
65 225
65 2
65 185
66 65
66 109
66 295
66 94
66 263
66 17
66 128
66 1
67 141
67 176
67 86
67 156
67 180
67 267
68 153
68 254
68 134
68 41
68 103
68 241
68 140
68 252
69 192
69 67
69 34
69 231
69 28
69 276
70 65
70 102
70 149
70 99
70 107
70 257
71 248
71 238
71 119
71 5
72 49
72 144
72 74
72 257
72 83
73 172
73 136
73 248
74 68
74 53
74 26
74 56
75 86
75 169
75 68
75 71
75 251
75 167
75 57
75 34
76 294
76 227
76 245
76 84
76 34
76 167
76 37
77 86
77 143
77 162
77 207
79 56
79 149
79 265
79 99
79 269
82 217
82 41
82 139
82 272
83 139
83 179
83 75
83 260
84 144
84 0
84 106
84 27
84 140
85 204
85 179
86 143
86 21
86 291
86 272
87 265
87 63
87 169
87 50
88 44
88 26
88 72
90 57
90 35
90 73
90 98
91 16
92 154
93 107
93 132
93 238
93 162
93 245
93 223
93 18
93 7
93 296
94 95
94 116
94 189
95 144
95 50
95 201
95 142
96 126
96 151
96 274
96 229
96 179
96 10
96 213
96 169
97 218
97 22
97 223
97 196
97 23
97 273
98 225
98 57
98 266
98 101
98 121
99 207
99 265
99 229
99 123
100 53
100 155
100 97
100 136
101 179
101 8
102 204
102 162
102 242
102 159
102 71
103 69
103 229
103 58
103 156
103 275
103 141
103 99
103 221
103 120
103 284
104 17
104 253
104 16
104 259
104 258
104 179
105 190
105 66
105 117
105 138
105 46
105 258
106 117
106 120
106 140
106 296
106 175
107 251
107 151
107 295
107 132
108 196
108 63
108 11
108 110
109 49
109 287
109 275
109 66
109 240
109 198
109 22
109 182
110 116
110 10
110 11
110 159
112 246
112 5
112 289
113 128
113 10
113 215
113 51
113 272
115 20
115 226
115 33
115 67
116 229
116 283
116 97
117 257
117 242
117 138
117 87
117 45
117 142
118 169
118 4
118 3
118 161
118 282
118 285
118 269
119 28
119 280
119 91
119 155
119 236
119 38
120 72
120 245
120 129
121 257
121 59
121 120
121 137
121 284
121 106
123 218
123 57
123 0
123 191
123 247
123 49
124 15
124 207
124 285
124 98
124 260
124 265
125 45
125 283
125 86
125 34
125 213
125 72
126 29
126 99
126 271
126 87
126 141
126 51
126 110
126 5
128 199
128 66
128 221
128 151
129 156
129 240
129 242
129 104
129 256
130 1
130 86
130 5
130 226
130 27
130 129
130 22
130 143
130 0
130 13
131 79
131 274
131 172
131 281
131 101
131 210
131 181
132 14
132 210
132 240
132 77
132 231
133 179
133 233
133 12
133 100
133 219
133 188
133 98
134 55
134 234
136 128
136 181
136 294
136 20
136 182
136 106
137 128
137 287
137 60
137 182
137 14
137 43
137 20
137 21
138 86
138 11
138 133
138 90
138 4
138 167
138 44
138 242
138 93
138 153
139 273
139 118
139 31
139 119
140 93
140 293
140 139
140 296
140 234
140 201
141 231
141 70
141 219
141 233
141 115
141 139
142 276
142 75
142 263
142 17
143 13
143 38
143 73
143 170
143 220
144 269
147 143
147 119
147 174
147 110
149 169
149 137
149 235
149 225
149 128
149 2
151 86
151 198
153 172
153 154
153 262
153 91
154 118
154 215
154 168
154 203
154 217
154 284
155 132
155 210
155 242
155 125
155 180
155 282
156 93
156 229
156 158
156 44
156 99
156 128
157 254
157 197
157 139
157 285
157 113
157 50
158 52
158 207
158 247
158 229
158 33
159 279
161 115
161 113
161 261
161 57
162 15
162 189
162 33
162 38
162 28
162 174
162 23
164 128
164 298
164 14
164 116
164 131
164 161
164 35
164 248
164 260
164 96
166 280
166 102
166 289
166 215
166 200
166 44
166 84
166 149
166 287
166 211
166 77
167 65
167 103
167 142
167 210
167 198
168 71
168 34
168 137
169 101
169 166
169 235
169 119
169 260
170 2
170 121
170 268
170 247
171 297
171 156
171 93
171 197
171 103
171 73
172 257
172 218
174 83
174 126
174 143
174 284
174 108
174 140
174 139
175 74
175 248
175 275
175 132
175 71
176 120
176 86
176 161
176 294
176 297
176 33
176 212
176 233
176 12
177 6
177 231
179 253
179 4
179 95
179 14
179 73
179 218
179 196
179 233
179 29
179 249
179 139
180 22
180 231
180 142
180 295
180 66
180 270
180 255
180 110
181 124
181 123
181 256
182 88
184 258
184 5
184 283
184 3
185 14
185 75
185 204
188 251
188 198
188 223
188 241
188 57
188 276
188 280
189 144
189 266
189 289
189 112
189 136
189 272
189 210
190 58
190 65
190 26
191 169
191 33
191 291
191 104
191 298
191 18
191 59
192 295
192 56
192 8
192 62
192 226
192 119
192 136
192 262
193 130
193 212
193 128
193 180
193 157
195 18
195 59
195 257
195 198
195 263
196 284
196 86
196 236
196 289
196 205
197 28
197 139
197 34
197 264
197 11
197 242
197 5
197 90
198 282
198 16
198 123
198 10
199 180
199 205
200 182
200 271
200 60
200 220
200 113
200 84
200 3
200 115
201 166
201 72
203 249
203 55
204 296
204 101
204 200
204 94
204 138
205 68
205 93
205 212
207 55
207 284
207 285
207 10
210 239
210 65
210 155
211 253
211 62
212 110
212 169
212 161
212 248
212 34
212 201
212 184
212 68
212 76
213 104
213 0
213 149
215 282
215 88
215 268
215 284
215 130
215 271
217 51
217 268
217 74
217 138
218 60
218 294
218 166
218 2
218 226
218 219
218 5
218 229
218 76
219 53
219 242
219 220
219 99
220 210
220 113
220 51
220 275
221 105
221 52
221 85
221 130
221 101
223 104
223 112
223 204
223 235
223 149
225 229
225 83
225 92
225 294
225 281
225 119
226 51
226 211
226 35
226 87
226 18
226 133
227 273
229 298
229 292
229 22
231 141
231 137
231 255
231 232
231 246
231 106
231 268
231 153
232 296
232 38
233 203
233 191
233 136
233 30
233 199
233 98
234 20
234 252
234 82
234 198
234 13
234 129
234 38
234 53
235 184
235 118
235 261
235 96
235 84
235 250
236 57
236 172
236 266
236 270
236 0
236 28
238 103
238 265
238 41
238 248
238 140
238 271
238 132
239 151
239 195
239 139
240 62
240 203
240 251
240 71
240 129
241 95
241 169
241 126
241 287
242 239
242 124
242 51
242 92
242 28
245 100
245 71
245 179
245 66
245 133
245 91
246 147
246 42
246 103
246 260
246 82
246 189
246 234
246 180
246 11
246 52
246 22
247 154
247 246
247 245
247 123
247 115
247 205
247 242
248 246
248 20
249 84
249 14
249 294
250 66
250 177
250 256
250 171
250 18
250 68
250 74
251 119
251 142
251 280
251 120
251 140
251 41
251 198
252 38
252 53
252 154
252 12
252 236
253 259
253 100
253 246
253 175
253 112
253 192
254 274
254 29
254 207
254 259
254 121
254 105
254 170
255 60
255 168
255 49
255 291
256 38
256 226
256 288
256 99
256 105
256 174
257 76
257 113
257 94
257 6
257 132
257 109
258 130
258 42
258 119
258 166
259 63
259 203
259 242
259 210
259 31
259 21
260 246
260 68
260 188
260 63
260 110
261 75
262 283
262 274
262 239
262 128
263 234
263 238
263 23
263 185
263 197
263 0
263 151
263 241
263 90
263 29
264 29
264 247
264 238
264 63
264 288
264 129
264 100
264 12
264 162
266 159
266 218
266 60
266 63
266 52
266 11
267 191
267 18
267 263
267 45
268 155
268 67
268 125
268 291
268 17
268 233
268 181
269 92
269 276
269 285
270 134
270 25
271 282
271 42
271 103
271 287
271 225
271 142
272 4
272 193
272 95
272 124
272 223
272 195
272 70
272 199
273 1
273 86
273 174
273 108
274 129
274 103
274 197
274 168
274 226
275 101
275 289
275 30
275 298
275 249
275 296
276 182
276 283
276 53
276 199
276 293
276 211
279 219
279 137
279 293
279 37
279 275
280 296
280 226
280 253
280 207
281 147
281 31
281 253
281 215
282 33
282 280
282 5
282 241
282 10
282 261
283 14
283 295
283 195
283 265
283 15
284 162
284 25
284 59
284 289
284 144
284 18
284 149
284 227
284 140
285 124
285 213
285 229
285 167
285 12
287 215
287 40
287 85
287 77
287 17
288 1
288 223
288 249
288 100
288 91
288 3
289 84
289 162
289 259
289 74
291 57
291 24
291 34
291 103
291 282
291 95
291 263
291 181
291 245
291 236
292 97
292 0
292 151
293 240
293 95
293 107
293 30
293 196
293 205
294 69
294 73
294 72
294 44
294 62
295 136
295 86
295 53
295 20
295 27
295 22
295 44
295 7
295 13
296 71
296 29
296 182
296 102
296 207
296 260
296 121
296 17
297 219
297 204
297 155
298 52
298 37
298 72
298 223
298 129
298 149
298 31
298 276
298 274
298 247
