0 89
0 261
0 31
0 130
0 221
0 168
0 219
1 298
1 109
1 195
1 139
1 23
1 277
1 11
1 3
1 257
1 156
2 98
2 81
2 253
2 286
2 196
2 171
2 157
2 66
2 264
2 200
2 294
3 287
3 87
3 269
3 181
3 107
3 203
3 13
3 143
3 256
3 213
4 263
4 245
4 14
4 253
4 284
4 141
4 125
4 83
5 146
5 223
5 124
5 168
5 152
5 137
5 257
5 121
5 120
6 210
6 220
6 159
6 112
6 155
6 96
6 95
6 101
6 152
6 156
7 6
7 257
7 175
7 179
7 252
7 52
7 225
8 62
8 219
8 145
8 149
8 257
8 101
8 205
8 12
8 43
8 100
8 120
8 82
9 225
9 22
9 172
9 198
9 129
9 200
9 121
9 221
10 185
10 167
10 208
10 298
10 219
10 53
10 252
10 273
11 16
11 238
11 48
11 165
12 57
12 255
12 203
12 42
12 239
12 219
12 26
12 15
13 94
13 272
13 50
13 21
13 219
14 188
14 122
14 81
15 265
15 193
15 266
15 147
15 24
15 233
15 90
15 14
15 240
15 167
15 156
15 209
15 263
15 131
15 279
15 54
15 69
16 75
16 253
16 230
16 135
16 4
16 71
16 119
16 87
17 263
17 228
17 119
17 44
17 142
18 110
18 102
18 64
18 147
18 148
18 233
18 285
18 293
19 152
19 134
19 20
19 256
19 25
19 22
19 126
19 49
19 123
19 103
19 100
20 117
20 24
20 157
20 70
21 133
21 255
21 268
21 36
21 220
21 24
21 91
21 273
22 124
22 182
22 161
22 33
23 44
23 109
23 1
23 208
23 191
23 194
23 134
23 153
24 267
24 27
24 146
25 23
25 45
25 130
25 81
25 102
25 39
25 231
25 138
25 238
25 210
26 40
26 160
26 251
26 240
27 140
27 257
27 84
27 11
27 156
27 275
27 48
28 30
28 179
28 82
28 101
28 176
28 290
28 297
28 64
29 95
29 197
29 219
29 117
29 69
29 157
29 254
29 104
30 77
30 67
30 281
30 276
30 103
30 118
30 76
31 162
31 90
31 98
31 137
31 66
31 26
31 256
31 32
31 110
31 259
31 276
31 196
32 55
32 205
32 46
32 233
32 267
32 121
32 212
32 142
33 151
33 145
33 120
33 130
33 255
33 193
33 268
33 264
33 89
33 155
34 163
34 247
34 72
34 162
34 205
35 158
35 7
35 46
35 160
35 210
35 215
35 49
35 121
35 180
35 136
35 169
35 216
36 255
36 219
36 217
36 163
36 214
36 125
37 142
37 72
37 269
37 268
37 212
37 272
38 270
38 86
38 25
38 90
38 80
38 85
39 273
39 211
39 220
39 183
39 3
39 293
39 23
39 69
39 60
40 152
40 230
40 216
40 76
40 263
40 167
40 231
40 82
40 130
40 246
41 289
41 104
41 79
41 67
41 261
41 76
41 66
41 8
41 219
41 221
42 165
42 119
42 196
42 215
42 195
42 289
42 240
42 18
43 65
43 195
43 289
43 245
43 1
43 113
43 86
43 282
43 135
43 241
43 260
43 229
44 286
44 28
44 86
44 204
44 100
44 96
44 161
44 185
44 94
44 206
44 29
45 11
45 210
45 21
45 248
45 175
45 18
45 176
45 208
46 204
46 220
46 78
46 119
46 258
46 292
46 189
47 122
47 54
47 124
47 95
47 154
47 285
47 36
47 46
47 78
47 213
48 117
48 128
48 269
48 231
48 258
48 248
48 205
49 161
49 62
49 250
49 236
49 222
49 96
49 12
49 185
50 276
50 216
50 218
50 185
50 3
50 91
50 21
50 259
51 252
51 213
51 112
51 81
51 149
52 153
52 58
52 60
52 34
52 147
52 63
52 200
52 155
52 260
52 225
53 204
53 58
53 235
53 279
53 285
54 135
54 24
54 263
54 4
54 195
54 227
54 16
54 98
54 171
54 272
55 256
55 111
55 226
55 197
55 73
55 145
55 185
55 239
56 202
56 29
56 268
56 53
56 262
56 110
56 135
57 291
57 218
57 127
57 220
57 62
57 230
57 254
57 143
57 36
57 26
57 219
57 239
58 158
58 70
58 18
58 269
58 186
59 169
59 32
59 286
59 53
59 49
59 193
59 168
59 293
59 111
59 80
59 196
59 29
59 164
59 247
60 148
60 14
60 63
60 62
60 160
60 233
61 293
61 256
61 58
61 146
61 129
61 296
61 9
61 97
61 230
62 63
62 148
62 21
62 237
62 123
62 243
62 201
62 188
62 246
63 44
63 282
63 253
63 205
63 148
63 262
63 118
63 11
63 113
63 239
63 4
64 28
64 207
64 218
64 215
64 235
64 21
64 12
65 37
65 252
65 64
65 264
65 218
65 81
66 284
66 6
66 1
66 270
66 60
66 170
66 32
66 100
66 92
66 242
67 211
67 255
67 31
67 273
67 11
67 216
67 252
67 253
67 104
67 210
68 237
68 136
68 156
68 42
68 223
68 120
68 162
68 235
68 272
68 33
68 178
68 234
69 144
69 30
69 22
69 218
69 92
69 246
69 191
69 287
69 155
69 163
69 250
69 14
69 48
69 111
70 137
70 87
70 97
70 0
70 146
70 182
70 214
70 45
71 189
71 211
71 119
71 121
71 107
71 85
71 127
72 143
72 144
72 24
72 4
72 103
72 51
72 255
72 113
72 132
73 269
73 109
73 140
73 289
73 231
74 34
74 53
74 132
74 217
74 71
74 154
74 107
75 119
75 137
75 0
75 241
75 3
75 154
76 298
76 21
76 99
76 175
76 59
77 116
77 207
77 174
77 218
77 11
77 85
78 26
78 76
78 95
78 275
78 204
79 147
79 142
79 249
79 98
79 246
79 121
79 75
80 122
80 165
80 46
80 76
80 79
80 263
80 70
80 164
80 20
80 199
80 190
80 152
80 242
80 198
80 147
80 133
81 51
81 200
81 180
81 198
81 127
81 46
81 115
82 199
82 176
82 250
82 98
82 88
82 182
83 44
83 165
83 220
83 9
83 133
83 273
83 182
84 91
84 117
84 298
84 262
84 269
84 198
84 100
84 115
84 276
85 205
85 25
85 225
86 208
86 135
86 296
86 31
86 194
86 215
86 205
86 119
86 254
87 160
87 156
87 116
87 133
87 72
87 67
87 20
87 235
87 234
87 161
87 174
87 6
88 47
88 146
88 121
88 189
88 106
88 2
89 168
89 220
89 23
89 21
89 293
89 109
90 73
90 97
90 168
90 155
90 160
90 104
90 58
90 157
90 267
90 119
91 163
91 208
91 154
91 257
91 216
91 192
92 225
92 178
92 114
92 222
92 273
92 94
92 168
93 57
93 121
93 257
93 234
93 71
93 286
93 28
93 180
94 252
94 269
94 145
94 233
94 254
94 52
94 93
94 191
95 133
95 227
95 6
95 119
95 20
95 114
95 74
96 250
96 108
96 12
96 196
96 279
96 237
97 2
97 43
97 25
97 175
97 297
97 23
97 67
97 188
97 216
97 13
97 108
98 151
98 102
98 88
98 86
98 228
98 74
98 286
99 164
99 21
99 226
99 204
99 255
99 17
99 136
100 216
100 133
100 266
100 116
100 32
100 104
100 144
101 287
101 55
101 183
101 225
101 255
101 1
101 34
101 54
101 259
101 48
102 57
102 18
102 86
102 196
102 34
103 124
103 154
103 69
103 182
103 148
103 287
104 45
104 116
104 166
104 140
104 206
104 254
104 212
104 67
104 163
104 156
105 139
105 155
105 18
105 278
105 251
105 101
105 102
105 171
105 55
105 292
106 176
106 78
106 121
106 191
106 195
106 226
107 0
107 103
107 110
107 266
107 20
107 212
108 221
108 123
108 269
108 190
108 36
108 181
108 242
108 38
108 116
109 44
109 279
109 124
109 228
109 16
109 244
109 261
109 89
109 249
109 34
109 79
110 252
110 4
110 271
110 261
110 25
110 174
110 285
110 233
110 54
110 27
111 127
111 51
111 5
111 104
111 160
111 97
111 231
111 222
111 130
111 24
111 194
112 274
112 232
112 156
112 297
112 67
113 251
113 284
113 46
113 24
113 193
113 174
114 247
114 102
114 251
114 207
114 71
114 46
114 53
114 277
114 1
114 156
115 211
115 273
115 250
115 120
115 204
115 173
116 117
116 120
116 8
116 129
116 12
116 260
116 84
116 58
116 156
117 290
117 183
117 159
117 60
117 203
117 53
117 113
117 28
117 24
117 42
117 8
117 252
117 9
118 18
118 22
118 283
118 81
119 255
119 175
119 59
119 130
119 29
119 205
119 106
119 146
119 126
119 31
119 186
119 203
119 168
120 105
120 204
120 82
120 36
120 288
120 71
121 278
121 22
121 187
121 43
121 200
121 16
122 184
122 267
122 282
122 189
122 24
122 4
122 255
122 81
122 172
123 90
123 165
123 126
123 262
123 57
123 178
123 197
124 46
124 158
124 251
124 54
125 168
125 172
125 177
125 258
125 54
125 174
125 254
126 157
126 47
126 118
126 148
126 85
126 218
126 168
126 199
126 167
126 110
126 142
126 162
127 95
127 104
127 53
127 193
127 283
127 44
127 190
127 154
127 207
128 155
128 285
128 56
128 68
128 19
128 52
128 13
128 207
128 81
128 232
128 154
128 200
129 5
129 83
129 161
129 250
129 235
129 106
129 35
129 193
130 170
130 176
130 71
130 286
130 239
130 222
130 161
130 209
130 89
130 8
131 46
131 245
131 273
131 223
131 281
131 76
131 120
132 192
132 259
132 287
132 270
132 266
132 190
132 128
132 29
132 120
132 39
132 204
132 19
132 228
133 145
133 252
133 227
133 66
133 274
133 41
133 210
133 75
133 192
133 275
133 269
133 158
133 27
134 143
134 136
134 250
134 38
135 220
135 25
135 233
135 94
135 286
135 232
135 260
135 158
135 110
136 208
136 194
136 264
136 173
136 192
136 7
136 164
137 77
137 26
137 297
137 236
137 4
137 90
137 298
137 129
138 82
138 47
138 261
138 212
138 41
138 28
139 14
139 257
139 53
139 266
140 297
140 142
140 132
140 59
141 231
141 88
141 104
141 251
141 227
141 224
142 200
142 89
142 53
142 160
142 126
142 121
142 135
142 275
142 58
142 31
142 71
143 61
143 230
143 85
143 78
143 102
143 228
143 287
143 59
144 191
144 7
144 159
144 295
144 129
144 140
144 291
144 269
144 262
145 97
145 154
145 5
145 286
145 161
145 172
145 72
145 190
146 255
146 122
146 40
146 18
146 174
146 201
146 283
146 184
146 224
146 58
146 106
146 84
146 287
146 290
146 81
146 133
147 279
147 193
147 60
147 281
147 80
147 84
147 296
147 244
147 169
147 164
148 224
148 277
148 104
148 36
148 73
149 31
149 289
149 92
149 253
149 136
149 38
149 48
150 201
150 156
150 119
150 244
150 10
150 284
150 43
151 246
151 96
151 56
151 84
151 77
151 209
151 94
152 98
152 11
152 139
152 143
152 295
153 70
153 170
153 183
153 53
153 180
153 162
153 44
153 290
153 288
153 143
153 123
153 11
154 275
154 206
154 181
154 49
154 98
155 143
155 256
155 189
155 194
155 223
155 193
155 13
156 105
156 218
156 44
156 45
156 160
156 51
157 106
157 197
157 196
157 135
157 45
157 52
158 213
158 38
158 12
158 110
158 29
158 179
159 110
159 112
159 201
159 125
159 222
159 242
160 238
160 75
160 194
160 46
160 232
160 189
160 249
161 238
161 133
161 18
161 264
161 219
161 138
161 294
162 288
162 165
162 128
162 28
162 56
162 32
162 137
162 47
162 277
163 218
163 237
163 129
163 41
164 6
164 220
164 22
164 51
164 261
164 13
164 62
164 230
165 135
165 62
165 174
165 25
165 167
165 114
165 179
165 134
166 64
166 79
166 111
166 54
166 78
166 267
166 206
167 107
167 99
167 298
167 106
167 269
167 152
167 67
168 42
168 30
168 220
168 277
168 12
168 95
168 27
168 273
168 34
168 171
168 82
168 70
169 107
169 43
169 215
169 299
169 46
169 248
169 221
169 228
169 19
170 274
170 209
170 266
170 61
170 128
171 39
171 4
171 219
171 31
171 220
171 142
171 70
171 86
171 182
171 161
172 54
172 101
172 188
172 63
172 228
172 175
172 104
172 13
172 240
172 35
172 71
173 298
173 187
173 226
173 59
173 58
173 225
173 49
173 8
174 67
174 266
174 162
174 205
175 7
175 225
175 244
175 282
175 264
176 289
176 23
176 192
176 86
176 109
176 160
176 43
176 108
176 72
177 70
177 225
177 260
177 53
177 252
177 266
177 137
177 273
178 236
178 33
178 79
178 228
178 167
178 99
178 106
178 144
178 126
178 85
178 146
178 129
179 118
179 180
179 174
179 134
179 189
179 19
179 178
179 116
180 103
180 51
180 20
180 232
180 235
180 50
180 87
181 164
181 89
181 75
181 285
181 220
181 248
181 233
181 105
181 84
181 27
181 251
181 149
181 26
181 87
181 158
182 51
182 67
182 106
182 22
182 285
182 272
182 171
183 245
183 29
183 184
183 44
184 295
184 24
184 166
184 240
184 230
184 106
184 233
184 14
184 92
185 158
185 183
185 63
185 69
185 34
185 280
185 213
186 248
186 161
186 49
186 228
186 141
186 260
186 284
186 249
186 217
186 181
187 284
187 147
187 238
187 183
187 80
187 113
187 51
188 16
188 115
188 158
188 187
188 69
189 69
189 225
189 123
189 160
189 68
189 281
189 157
189 9
189 276
189 81
190 185
190 83
191 29
191 227
191 155
191 75
191 16
191 134
191 142
191 144
192 250
192 136
192 188
192 48
192 269
192 222
192 180
192 258
193 47
193 285
193 106
193 23
193 171
193 202
193 282
194 285
194 255
194 9
194 123
194 77
194 74
195 80
195 51
195 129
195 243
195 84
195 191
195 151
195 201
195 167
195 164
195 25
195 287
196 265
196 106
196 61
196 177
196 275
196 69
196 75
196 291
197 150
197 227
197 290
198 24
198 266
198 164
198 234
198 149
198 231
198 96
198 222
198 233
199 207
199 47
199 183
199 250
199 197
199 11
199 286
199 127
199 188
199 226
199 131
199 231
200 59
200 18
200 188
200 123
200 71
200 282
200 134
200 277
201 161
201 94
201 296
201 135
201 133
202 146
202 279
202 117
202 239
202 17
203 99
203 140
203 218
203 119
203 32
203 252
203 258
203 254
203 224
203 143
203 14
204 173
204 276
204 135
204 223
204 125
204 98
204 94
204 21
205 206
205 292
205 55
205 30
206 33
206 210
206 267
206 209
206 25
206 112
206 252
206 246
206 156
206 227
206 189
206 241
206 5
207 1
207 255
207 17
207 272
207 116
207 155
207 174
208 109
208 141
208 281
208 273
208 45
208 14
208 155
208 295
208 293
208 161
208 108
208 27
208 148
209 186
209 85
209 167
209 111
209 42
209 265
209 82
209 144
210 174
210 178
210 78
210 198
210 8
210 98
210 286
210 193
210 79
210 67
210 172
210 58
210 129
211 14
211 192
211 116
211 50
211 297
211 63
212 199
212 101
212 225
212 149
212 157
212 249
212 58
212 128
213 146
213 53
213 161
213 224
213 25
213 65
213 145
213 149
213 13
213 42
213 89
213 230
213 279
213 159
214 295
214 73
214 89
214 205
214 232
214 90
214 222
214 94
215 186
215 1
215 252
215 199
215 78
215 52
215 102
215 75
215 256
215 43
215 29
216 70
216 99
216 192
216 165
216 254
216 210
216 120
216 74
216 240
217 87
217 31
217 56
217 4
217 257
217 147
217 240
217 35
217 144
217 19
217 134
217 297
218 183
218 277
218 114
218 47
218 157
218 35
218 124
218 32
218 60
218 63
218 108
218 37
219 238
219 145
219 9
219 119
219 75
219 147
219 236
219 26
219 199
219 276
219 200
219 17
220 27
220 272
220 135
220 92
220 160
220 169
220 95
220 107
221 86
221 134
221 5
221 180
221 144
221 45
222 18
222 75
222 170
222 231
222 182
222 195
222 8
222 262
222 190
222 269
222 155
222 270
222 14
223 292
223 145
223 291
223 206
223 121
223 88
223 130
223 20
223 184
223 35
224 117
224 95
224 253
224 151
224 112
224 121
225 11
225 283
225 135
225 158
225 47
225 292
225 78
225 237
225 267
226 239
226 171
226 220
226 212
226 94
226 217
226 64
226 218
226 52
227 279
227 191
227 75
227 298
227 49
227 105
228 122
228 180
228 258
228 146
228 247
229 296
229 60
229 74
229 83
229 243
229 188
229 140
229 287
229 236
230 170
230 298
230 223
230 197
230 58
231 156
231 165
231 233
231 24
231 187
231 184
231 248
231 239
231 20
232 254
232 136
232 237
232 84
232 218
233 102
233 273
233 99
233 6
233 82
233 76
233 197
233 38
233 105
234 88
234 272
234 263
234 101
234 159
234 190
235 181
235 132
235 56
235 276
235 107
235 226
236 283
236 42
236 196
236 81
236 295
236 151
237 184
237 267
237 9
237 205
237 162
237 93
237 86
237 175
238 254
238 272
238 66
238 194
238 141
238 241
238 76
238 233
238 21
238 269
238 2
239 190
239 191
239 162
239 138
239 29
239 20
239 222
239 278
239 69
239 23
240 90
240 35
240 277
240 37
240 96
240 222
240 114
240 221
240 247
241 164
241 217
242 24
242 284
242 119
242 62
242 75
242 274
243 77
243 218
243 95
243 280
243 217
243 223
243 137
243 118
243 176
243 107
243 235
244 69
244 197
244 70
244 45
244 285
244 43
245 52
245 136
245 61
245 207
246 65
246 62
246 250
246 261
246 254
246 85
246 36
247 133
247 258
247 191
247 24
247 203
247 81
247 59
247 38
247 291
247 20
247 109
248 274
248 186
248 241
248 71
248 172
248 8
248 235
248 187
248 284
248 200
248 11
249 33
249 155
249 153
249 14
249 45
249 159
249 176
250 201
250 41
250 124
250 247
250 299
251 71
251 10
251 137
251 207
251 16
251 57
251 178
251 257
251 17
251 5
251 225
251 170
252 293
252 228
252 53
252 135
252 37
252 285
252 243
252 97
252 144
252 208
252 94
253 78
253 70
253 186
253 178
253 103
253 214
253 235
253 13
254 77
254 256
254 8
254 99
254 188
255 14
255 123
255 138
255 237
255 292
255 114
255 63
255 72
256 25
256 257
256 177
256 127
256 37
256 158
256 172
256 130
257 119
257 166
257 283
257 93
257 285
257 276
257 248
257 122
257 270
257 76
257 238
257 288
258 273
258 141
258 12
258 118
258 84
259 15
259 5
259 247
259 33
259 175
259 40
259 108
259 171
260 112
260 243
260 252
260 133
260 177
260 22
260 16
261 60
261 52
261 151
261 269
261 65
262 187
262 6
262 92
262 195
263 4
263 27
263 271
263 73
263 280
263 222
263 23
263 163
263 144
264 150
264 41
264 96
264 275
264 248
264 298
264 236
264 206
264 75
264 26
264 113
264 19
265 117
265 225
265 48
265 184
265 40
265 238
265 182
265 86
265 120
266 58
266 284
266 128
266 90
266 262
267 140
267 67
267 147
267 56
267 204
267 37
267 151
267 168
267 34
267 187
267 165
268 17
268 86
268 32
268 260
268 237
269 56
269 59
269 6
269 259
269 205
269 271
269 73
269 197
269 21
269 166
270 54
270 132
270 158
270 28
270 122
270 127
271 284
271 171
271 45
271 221
271 36
271 33
271 218
271 103
272 212
272 106
272 145
272 273
272 132
272 8
273 71
273 241
273 42
273 64
273 105
273 280
273 205
273 219
274 84
274 149
274 174
274 202
274 3
275 192
275 71
275 201
275 133
275 50
275 156
275 51
275 235
276 219
276 277
276 154
276 3
276 299
276 39
276 85
277 233
277 45
277 146
277 284
277 287
277 118
278 170
278 141
279 150
279 16
279 45
279 61
279 299
279 43
280 292
280 237
280 104
280 273
280 207
280 47
280 198
281 231
281 176
281 109
281 147
281 76
281 154
281 276
281 180
281 29
281 138
281 288
281 235
281 17
281 141
281 133
282 288
282 248
282 265
282 261
282 75
282 150
283 145
283 23
283 190
283 275
283 32
283 264
284 43
284 203
284 38
284 273
284 37
284 165
284 124
284 227
284 226
285 122
285 185
285 95
285 33
285 96
285 227
285 217
285 181
286 275
286 99
286 97
286 68
286 141
286 105
286 34
286 65
287 51
287 3
287 231
287 153
287 49
287 293
287 170
287 205
287 119
287 33
287 30
287 221
287 22
287 196
288 111
288 224
288 210
288 3
288 136
288 78
288 244
288 146
288 122
288 85
289 268
289 219
289 85
289 65
289 297
289 186
289 242
289 72
289 287
290 188
290 253
290 124
290 92
290 192
290 104
290 245
290 184
290 267
290 12
290 268
291 14
291 56
291 94
291 240
291 100
291 176
291 5
291 69
291 194
292 84
292 70
292 110
292 226
292 249
292 133
292 116
293 91
293 105
293 243
293 299
293 0
293 217
293 254
293 107
293 158
293 268
293 104
294 95
294 237
294 109
294 166
294 176
294 233
295 220
295 296
295 251
295 5
295 185
295 129
295 225
295 148
296 125
296 177
296 32
296 138
296 191
296 286
296 19
296 252
297 205
297 3
297 208
297 12
297 77
297 167
297 193
297 288
297 72
298 227
298 78
298 3
298 85
298 91
298 106
299 8
299 283
299 258
299 242
299 142
299 289
299 17
299 287
299 50
299 212
