0 169
0 69
0 216
1 181
1 60
1 119
1 7
1 190
2 286
2 259
3 72
3 71
3 18
3 55
3 36
3 49
3 94
3 53
4 76
4 272
4 164
4 241
4 162
4 30
5 135
5 273
5 213
5 113
5 34
5 38
5 284
6 83
6 257
6 173
6 247
6 293
6 170
7 67
7 6
7 82
7 212
7 42
7 149
7 2
8 25
8 176
8 96
8 145
8 101
8 231
8 24
9 122
9 19
9 111
9 135
9 221
9 119
9 253
9 164
10 285
10 293
10 239
10 257
10 151
11 156
11 273
11 138
11 18
11 292
11 54
12 28
12 245
12 96
13 2
13 143
13 80
13 69
13 34
13 283
14 253
14 139
14 115
14 294
14 81
14 154
15 135
15 14
15 116
15 281
15 60
15 257
16 299
16 101
16 213
16 210
16 172
16 230
16 119
16 127
17 100
17 76
17 24
17 147
17 163
17 229
17 249
17 14
17 223
17 177
17 279
18 133
18 176
18 161
18 90
18 297
19 230
19 144
19 58
19 186
19 39
20 181
20 256
20 249
20 265
20 65
20 280
20 210
21 17
21 116
21 120
21 161
21 160
21 60
21 142
22 266
22 75
22 162
23 231
23 140
23 88
23 104
23 209
23 197
24 169
24 4
25 216
25 214
25 281
26 230
26 261
26 127
26 34
26 72
26 100
26 186
26 67
27 135
27 41
27 128
28 272
28 20
28 228
28 44
28 27
28 147
29 288
30 83
30 242
30 205
30 105
30 95
30 204
30 15
30 79
30 99
30 27
31 11
31 197
31 114
31 226
31 42
32 17
32 3
32 102
32 152
32 285
32 22
32 254
32 174
33 294
33 101
33 65
33 207
33 22
33 92
33 131
33 116
33 130
33 273
34 30
34 26
34 128
34 247
34 64
35 40
35 147
36 110
36 58
36 223
36 206
36 142
36 282
37 45
37 262
37 181
37 7
37 33
37 259
37 160
37 87
37 52
37 81
37 219
37 1
37 28
38 37
38 158
38 32
38 288
38 163
38 292
38 157
38 169
39 44
39 57
39 225
39 63
39 183
39 272
39 20
40 251
40 196
40 45
40 32
40 163
40 85
40 204
41 37
41 247
41 63
41 148
41 48
42 223
42 1
42 50
42 33
43 40
43 222
43 1
43 59
44 243
44 273
44 55
44 23
44 236
44 252
45 59
45 127
46 57
46 222
46 147
46 53
46 191
46 218
47 79
47 131
47 296
47 101
47 65
47 173
47 261
48 169
48 165
48 146
48 188
49 142
49 278
49 35
49 33
50 73
50 82
50 226
50 99
50 41
50 74
50 249
51 97
51 251
51 189
51 17
51 87
51 102
51 274
51 137
51 270
51 138
52 129
52 101
52 103
52 8
52 136
52 100
53 215
53 141
54 234
54 144
54 6
54 215
54 277
54 212
54 71
54 9
55 173
55 85
55 119
55 290
55 291
56 266
56 253
56 277
56 273
56 33
56 214
56 17
57 299
57 94
57 260
57 2
57 293
58 73
58 15
58 174
58 214
58 95
59 152
59 122
59 266
59 174
59 18
59 107
59 158
60 91
60 224
60 138
60 274
60 211
60 286
61 245
61 204
61 237
62 238
62 243
62 206
62 46
62 59
62 147
63 6
63 203
63 93
63 228
63 29
64 17
64 292
64 56
64 28
64 146
64 77
64 171
65 52
65 182
65 100
65 242
65 6
65 165
65 285
66 286
66 221
66 110
66 265
66 169
66 238
66 33
67 40
67 215
67 203
67 35
67 148
67 277
67 130
68 276
68 21
68 82
68 66
68 56
68 25
68 75
68 202
68 126
68 216
69 29
69 13
69 101
69 33
69 252
70 133
70 207
70 115
70 261
70 164
70 42
71 254
71 297
71 257
71 36
71 1
71 48
72 104
72 134
72 193
72 177
72 181
72 294
73 15
73 292
73 222
73 254
73 237
74 231
74 297
74 149
74 142
74 148
74 124
74 203
75 7
75 76
75 105
75 21
75 254
75 71
75 232
76 87
76 155
76 237
76 224
76 195
76 9
76 39
76 104
76 196
76 55
77 32
77 34
77 168
77 143
77 59
78 115
78 99
78 112
78 262
79 151
79 25
79 87
79 19
79 100
80 140
80 163
80 77
80 99
80 215
80 27
81 11
81 116
81 188
81 176
81 21
81 50
82 7
83 271
83 103
83 274
84 36
84 255
84 123
84 129
84 279
84 215
84 94
85 57
85 271
85 255
85 296
85 123
85 53
85 48
86 190
86 121
86 229
86 185
86 21
86 174
86 150
86 173
86 130
87 299
87 229
87 166
88 59
88 187
88 161
88 158
89 1
89 121
89 195
89 33
89 219
90 250
90 284
90 255
90 87
90 215
90 65
90 5
90 82
90 272
91 87
91 112
91 25
91 21
92 6
92 18
93 82
93 108
93 121
93 221
93 213
93 257
93 139
93 25
93 71
93 295
93 190
94 149
94 183
94 9
94 123
95 172
95 41
95 155
95 82
96 229
96 225
96 92
96 15
96 209
96 171
96 191
96 205
96 196
97 219
97 127
98 136
98 145
98 164
98 287
98 181
98 80
99 60
100 121
100 142
100 9
100 187
100 4
100 116
101 42
101 52
101 246
101 274
101 89
101 287
101 38
102 1
102 12
102 151
102 147
102 180
102 261
102 9
102 207
103 157
103 234
103 69
103 18
103 94
103 34
103 140
104 171
104 245
104 134
104 265
104 63
104 234
104 31
104 281
105 66
105 193
105 216
105 276
105 225
106 262
106 87
106 181
106 44
106 64
107 211
107 234
107 35
108 85
108 240
109 173
109 105
109 228
109 81
109 157
109 41
109 145
110 209
110 41
110 160
110 33
110 5
111 126
111 42
111 39
111 14
111 189
111 52
111 63
111 96
112 5
112 225
112 276
112 277
112 6
113 62
113 297
113 160
113 184
113 143
114 128
114 269
114 90
114 116
114 197
114 149
114 165
115 83
115 129
115 164
115 1
115 273
115 33
115 190
116 165
116 170
116 23
116 75
116 282
116 1
116 216
116 12
117 42
117 228
117 81
117 157
117 111
117 251
117 67
117 159
117 6
117 299
117 268
118 270
118 190
118 219
118 77
118 56
118 182
119 139
119 146
119 38
119 44
119 166
119 14
119 83
119 5
119 82
119 103
120 241
120 186
120 267
120 24
121 169
121 65
121 177
121 140
121 20
121 289
122 195
122 177
123 151
123 223
123 47
123 7
124 244
124 152
124 251
124 132
124 38
124 6
124 142
125 205
125 76
125 139
125 260
125 3
125 196
126 222
126 262
126 284
126 251
126 34
126 208
126 80
126 242
127 70
127 237
127 129
127 143
127 197
127 277
128 49
128 8
128 288
128 78
128 32
129 67
129 109
129 188
129 144
129 239
130 57
130 89
130 230
130 74
131 287
131 212
132 235
132 80
133 270
133 37
133 118
133 0
133 119
133 283
134 261
134 49
134 18
134 94
134 54
134 37
134 30
134 5
134 63
134 110
134 53
135 147
135 58
136 295
136 62
136 240
136 27
136 265
136 299
137 234
137 149
137 212
137 194
137 218
137 247
138 34
138 278
138 288
139 204
139 91
139 119
139 243
139 9
139 248
139 191
140 8
140 172
140 49
140 241
140 214
140 29
140 234
140 7
141 19
141 146
141 123
141 78
141 267
141 171
141 125
141 216
142 4
142 122
143 212
143 207
143 20
143 68
144 91
144 111
144 63
145 116
145 96
145 291
145 246
146 93
146 152
146 126
146 34
146 263
147 113
147 230
147 111
147 158
147 227
147 196
148 192
148 200
148 212
148 32
148 125
149 265
149 240
149 218
149 116
149 131
150 28
150 41
150 115
150 55
150 286
150 261
150 142
150 232
150 0
150 132
151 288
151 166
151 290
151 225
151 150
151 156
151 71
152 27
152 266
153 4
153 185
153 79
153 57
153 272
153 50
153 145
154 269
154 190
154 28
154 165
154 168
155 163
155 29
155 283
155 96
155 18
155 250
156 179
156 257
156 293
156 139
156 237
156 277
156 84
157 54
157 217
157 168
157 43
157 172
157 262
157 287
158 170
158 177
158 16
158 217
158 46
158 272
158 152
159 165
159 77
159 70
160 112
160 52
160 127
160 115
160 220
161 223
161 171
161 164
161 114
161 199
161 76
161 168
161 177
161 192
162 252
162 34
162 287
162 1
162 104
163 111
163 265
163 220
163 192
163 160
164 37
164 98
164 240
164 159
164 124
165 115
165 6
165 137
165 208
165 285
165 124
165 88
165 272
165 129
165 86
165 299
166 256
166 297
166 239
166 94
166 275
167 30
167 140
167 229
167 9
167 267
167 90
167 246
167 263
167 104
168 230
168 239
168 92
168 88
168 136
168 267
169 274
169 176
169 139
170 191
170 297
170 29
170 87
170 30
171 35
171 263
171 190
171 71
171 45
171 65
171 292
172 49
172 14
172 129
172 142
172 277
172 70
172 36
172 69
173 210
173 150
173 111
173 230
173 92
173 102
173 117
173 238
174 275
174 185
174 127
174 30
174 259
174 248
174 9
174 297
174 130
174 227
175 211
175 19
175 150
175 24
176 180
176 234
176 92
176 216
176 170
176 223
176 147
176 46
177 78
177 188
177 227
177 11
177 215
178 188
178 121
178 151
178 78
178 58
178 154
178 43
179 119
179 292
179 23
179 4
179 78
180 176
180 27
180 217
180 267
180 129
180 10
181 286
181 47
181 175
181 162
181 180
181 87
181 140
181 12
181 148
182 32
182 272
182 100
183 175
183 297
183 258
183 294
183 115
183 272
183 104
183 257
184 256
184 97
184 163
184 277
185 208
185 132
185 6
186 112
186 71
186 38
187 195
187 5
187 285
187 143
187 51
187 180
188 167
188 214
189 117
189 149
189 143
189 97
189 221
189 141
190 230
190 185
190 60
191 201
191 162
191 139
191 299
191 278
192 26
192 126
192 102
192 257
192 122
192 116
192 72
193 153
193 201
193 202
194 67
194 139
194 71
194 11
194 161
194 270
195 189
195 235
195 65
195 285
195 159
195 52
195 137
195 180
195 98
196 32
196 87
196 220
196 3
197 39
197 236
197 128
197 46
197 66
198 200
198 227
198 57
198 284
198 160
198 231
198 216
198 211
199 74
199 86
199 252
199 90
199 0
199 295
199 23
200 1
200 50
200 120
200 166
200 26
200 231
201 177
201 212
202 201
202 253
202 43
202 93
202 76
202 191
202 147
202 188
202 53
202 113
203 85
203 223
203 292
203 29
203 244
204 36
204 174
204 262
204 228
205 198
205 238
205 119
205 196
205 145
205 44
205 77
205 32
206 52
206 253
206 127
206 234
206 251
206 214
206 198
206 48
206 151
206 4
207 236
207 91
207 171
207 70
207 229
208 143
208 216
208 21
208 20
208 258
209 248
209 75
209 185
210 207
210 116
210 155
210 159
210 288
210 191
211 116
211 69
211 81
211 157
211 58
212 295
212 277
212 236
212 218
212 4
212 258
212 215
212 97
213 170
213 159
213 200
213 117
213 278
213 265
213 234
214 105
214 24
214 79
214 207
214 87
214 178
214 64
214 143
215 137
215 36
215 97
215 219
216 145
216 282
216 141
216 171
216 92
216 15
216 109
217 39
217 64
217 182
217 2
218 287
218 263
218 235
218 21
218 11
218 200
219 65
219 183
219 124
219 253
220 215
220 222
220 105
220 45
221 298
221 184
221 250
221 185
221 295
222 2
222 235
222 289
222 55
222 71
222 213
222 66
222 143
222 167
222 65
223 228
223 173
223 218
224 213
224 204
225 161
225 172
225 53
225 76
225 18
225 81
225 101
225 164
226 188
226 225
226 227
226 27
226 91
226 17
227 263
227 252
227 172
227 92
228 24
228 289
228 182
228 215
228 186
228 262
228 207
228 31
229 135
229 80
229 172
229 168
229 35
229 99
229 53
229 40
229 209
230 263
230 39
230 87
230 44
230 242
230 20
230 284
231 183
231 99
231 168
232 220
232 68
232 267
232 17
233 262
233 131
233 220
233 127
233 117
233 203
233 207
234 8
234 56
234 197
234 278
234 296
234 154
235 141
235 94
235 247
235 111
235 166
235 210
235 167
236 208
236 74
237 76
237 66
237 193
237 157
237 231
237 25
237 156
238 176
238 222
238 212
238 54
238 22
238 282
239 119
239 116
239 291
239 41
240 248
240 238
240 260
240 25
240 295
240 237
240 277
240 105
241 293
241 290
241 172
241 89
241 132
241 166
241 85
242 161
242 186
242 181
242 79
242 277
242 102
242 174
243 215
243 264
243 272
243 9
243 93
244 52
244 130
244 29
244 257
245 68
245 160
245 261
245 217
245 18
245 34
246 170
246 168
246 275
246 59
246 155
247 63
247 84
247 42
247 279
247 35
247 160
247 153
248 252
248 212
248 178
248 262
248 137
249 277
249 257
249 74
249 87
249 254
249 27
250 253
250 125
250 214
250 70
250 168
250 234
250 158
250 106
250 224
251 252
251 256
251 81
251 133
251 190
251 126
251 254
251 62
252 32
252 269
252 65
252 158
252 134
252 167
253 210
253 272
253 217
254 171
254 234
254 179
254 119
255 215
255 93
255 251
255 151
255 196
255 21
255 92
255 202
256 220
256 299
256 275
256 171
256 236
256 292
256 118
256 59
257 115
257 140
257 5
257 111
257 238
258 51
258 186
258 264
258 120
258 212
258 4
258 202
258 139
259 31
259 280
259 291
259 177
260 128
260 161
260 284
260 31
260 181
260 61
260 53
260 27
260 144
260 3
260 231
260 59
261 290
261 272
261 96
261 155
261 186
262 10
262 35
262 260
262 274
262 52
262 183
263 42
263 241
263 11
263 191
263 210
264 214
264 110
264 30
264 275
264 90
264 104
264 230
264 99
264 181
264 150
264 43
265 137
265 36
265 178
265 287
266 108
266 254
266 242
266 15
266 29
266 77
266 224
266 22
266 66
267 187
267 275
267 64
267 16
267 82
267 65
267 40
267 86
267 289
267 145
267 233
268 163
268 223
268 275
268 278
269 202
269 11
269 123
269 130
269 277
269 160
269 95
270 119
270 109
270 211
270 51
270 213
270 121
270 175
270 176
270 17
271 119
271 294
271 33
272 180
272 96
272 289
272 150
272 151
272 252
272 193
273 141
273 35
273 3
274 5
274 212
274 122
274 131
274 12
275 227
275 8
275 231
276 84
276 265
276 62
276 39
276 129
276 89
277 157
277 209
277 230
277 69
278 143
278 14
278 69
278 149
278 249
278 240
279 221
279 273
279 134
279 115
280 216
280 67
280 229
281 189
281 106
281 8
281 110
281 282
281 294
281 122
281 39
281 266
282 168
282 44
282 90
282 262
282 87
282 71
282 261
282 238
282 228
283 40
283 22
283 82
283 28
283 170
283 157
283 264
283 260
284 60
284 95
284 68
284 91
284 28
284 169
284 87
284 93
284 39
284 199
285 79
285 284
285 34
285 247
285 87
285 245
285 257
285 246
285 157
286 291
286 11
286 262
286 19
286 261
287 30
287 6
287 293
287 212
288 96
288 146
288 54
288 117
288 43
288 19
288 152
288 199
288 125
289 0
289 114
289 90
290 172
290 285
290 263
290 107
291 24
291 109
291 67
292 163
292 97
292 161
293 115
293 35
293 87
293 292
293 220
294 226
294 245
294 28
294 18
294 167
294 11
294 116
294 4
295 35
295 34
295 85
295 227
295 92
295 45
295 118
295 274
296 126
296 100
296 106
296 6
296 215
296 161
296 84
296 290
297 268
297 244
297 55
297 288
297 177
297 220
297 227
297 198
297 203
298 183
298 36
298 227
298 286
299 202
299 171
299 10
299 99
