0 53 1.0
0 141 1.0
0 180 1.0
0 255 1.0
0 270 1.0
1 216 1.0
1 238 1.0
1 279 1.0
2 27 1.0
2 39 1.0
2 41 1.0
2 55 1.0
2 56 1.0
2 76 1.0
2 280 1.0
3 21 1.0
3 59 1.0
3 136 1.0
3 200 1.0
3 287 1.0
3 293 1.0
4 25 1.0
4 94 1.0
4 113 1.0
4 177 1.0
4 228 1.0
4 237 1.0
5 1 1.0
5 32 1.0
5 51 1.0
5 65 1.0
5 126 1.0
5 176 1.0
5 266 1.0
5 270 1.0
6 18 1.0
6 78 1.0
6 83 1.0
6 122 1.0
6 147 1.0
6 192 1.0
6 290 1.0
7 14 1.0
7 92 1.0
7 99 1.0
7 101 1.0
7 113 1.0
7 184 1.0
7 211 1.0
7 255 1.0
8 78 1.0
8 204 1.0
8 271 1.0
8 297 1.0
9 1 1.0
9 25 1.0
9 53 1.0
9 63 1.0
9 120 1.0
9 236 1.0
9 262 1.0
9 287 1.0
10 64 1.0
10 96 1.0
10 130 1.0
10 211 1.0
10 244 1.0
10 261 1.0
11 10 1.0
11 45 1.0
11 113 1.0
11 214 1.0
11 235 1.0
12 83 1.0
12 99 1.0
12 106 1.0
12 143 1.0
12 175 1.0
12 177 1.0
12 191 1.0
12 249 1.0
12 259 1.0
12 269 1.0
13 10 1.0
13 59 1.0
13 82 1.0
13 124 1.0
13 137 1.0
13 148 1.0
13 207 1.0
13 233 1.0
13 293 1.0
13 294 1.0
14 29 1.0
14 43 1.0
14 121 1.0
14 154 1.0
14 191 1.0
15 13 1.0
15 45 1.0
15 100 1.0
15 119 1.0
15 135 1.0
16 58 1.0
16 136 1.0
16 222 1.0
16 265 1.0
16 286 1.0
17 71 1.0
17 86 1.0
17 117 1.0
17 163 1.0
17 174 1.0
17 192 1.0
17 274 1.0
18 178 1.0
18 180 1.0
18 235 1.0
18 261 1.0
19 31 1.0
19 107 1.0
19 113 1.0
20 256 1.0
20 283 1.0
20 287 1.0
21 11 1.0
21 19 1.0
21 62 1.0
21 66 1.0
21 77 1.0
21 81 1.0
21 87 1.0
21 169 1.0
21 170 1.0
21 201 1.0
21 252 1.0
21 275 1.0
22 32 1.0
22 95 1.0
22 163 1.0
22 188 1.0
22 250 1.0
23 2 1.0
23 13 1.0
23 16 1.0
23 84 1.0
23 128 1.0
23 145 1.0
23 212 1.0
24 16 1.0
24 49 1.0
24 75 1.0
24 83 1.0
24 108 1.0
24 109 1.0
24 172 1.0
24 228 1.0
24 244 1.0
24 272 1.0
24 289 1.0
25 21 1.0
25 107 1.0
25 255 1.0
25 276 1.0
26 30 1.0
26 124 1.0
27 43 1.0
27 119 1.0
27 171 1.0
27 294 1.0
27 298 1.0
28 5 1.0
28 24 1.0
28 38 1.0
28 64 1.0
28 70 1.0
28 150 1.0
28 216 1.0
28 219 1.0
28 277 1.0
28 280 1.0
29 34 1.0
29 48 1.0
29 187 1.0
30 23 1.0
30 68 1.0
30 137 1.0
30 169 1.0
30 209 1.0
30 294 1.0
31 28 1.0
31 48 1.0
31 125 1.0
31 290 1.0
32 24 1.0
32 275 1.0
32 293 1.0
33 30 1.0
33 44 1.0
33 185 1.0
33 272 1.0
34 17 1.0
34 41 1.0
34 197 1.0
34 202 1.0
34 210 1.0
34 228 1.0
34 273 1.0
35 39 1.0
35 124 1.0
35 158 1.0
35 182 1.0
35 185 1.0
35 296 1.0
36 49 1.0
36 62 1.0
36 83 1.0
36 109 1.0
36 144 1.0
36 218 1.0
36 246 1.0
37 13 1.0
37 70 1.0
37 79 1.0
37 84 1.0
37 115 1.0
37 116 1.0
37 156 1.0
37 209 1.0
37 226 1.0
37 229 1.0
37 252 1.0
37 260 1.0
37 269 1.0
37 296 1.0
38 6 1.0
38 82 1.0
38 83 1.0
38 85 1.0
38 114 1.0
38 254 1.0
39 118 1.0
39 179 1.0
39 296 1.0
40 7 1.0
40 55 1.0
40 121 1.0
40 176 1.0
40 179 1.0
40 195 1.0
40 231 1.0
40 298 1.0
41 68 1.0
41 99 1.0
41 144 1.0
41 241 1.0
41 258 1.0
41 282 1.0
42 13 1.0
42 24 1.0
42 178 1.0
42 211 1.0
42 222 1.0
42 228 1.0
42 231 1.0
42 259 1.0
43 11 1.0
43 77 1.0
43 145 1.0
43 178 1.0
43 292 1.0
43 295 1.0
44 89 1.0
44 101 1.0
44 128 1.0
44 145 1.0
44 222 1.0
45 74 1.0
45 116 1.0
45 186 1.0
45 229 1.0
45 238 1.0
45 257 1.0
45 268 1.0
46 169 1.0
46 204 1.0
47 35 1.0
47 44 1.0
47 124 1.0
47 171 1.0
47 202 1.0
48 20 1.0
48 168 1.0
48 190 1.0
48 266 1.0
48 291 1.0
49 38 1.0
49 82 1.0
49 151 1.0
49 201 1.0
50 24 1.0
50 141 1.0
50 184 1.0
50 238 1.0
50 293 1.0
51 26 1.0
51 30 1.0
51 108 1.0
51 125 1.0
51 168 1.0
51 179 1.0
51 231 1.0
51 261 1.0
51 282 1.0
51 295 1.0
51 297 1.0
52 15 1.0
52 18 1.0
52 42 1.0
52 50 1.0
52 58 1.0
52 65 1.0
52 105 1.0
52 180 1.0
52 230 1.0
53 9 1.0
53 20 1.0
53 24 1.0
53 83 1.0
53 210 1.0
54 32 1.0
54 96 1.0
54 111 1.0
54 172 1.0
54 218 1.0
54 292 1.0
55 27 1.0
55 212 1.0
55 214 1.0
55 247 1.0
55 288 1.0
56 86 1.0
56 112 1.0
56 148 1.0
56 150 1.0
56 160 1.0
56 244 1.0
56 252 1.0
57 103 1.0
57 119 1.0
57 125 1.0
57 126 1.0
57 168 1.0
57 192 1.0
57 247 1.0
58 5 1.0
58 15 1.0
58 55 1.0
58 59 1.0
58 87 1.0
58 193 1.0
58 212 1.0
58 254 1.0
59 7 1.0
59 29 1.0
59 41 1.0
59 70 1.0
59 86 1.0
59 131 1.0
59 162 1.0
59 186 1.0
59 255 1.0
59 285 1.0
59 292 1.0
60 23 1.0
60 25 1.0
60 44 1.0
60 120 1.0
60 140 1.0
60 272 1.0
61 81 1.0
61 93 1.0
61 96 1.0
61 219 1.0
62 14 1.0
62 18 1.0
62 70 1.0
62 82 1.0
62 127 1.0
62 279 1.0
63 19 1.0
63 60 1.0
63 81 1.0
63 117 1.0
63 137 1.0
63 179 1.0
63 299 1.0
64 15 1.0
64 147 1.0
64 155 1.0
64 264 1.0
65 5 1.0
66 85 1.0
66 227 1.0
66 229 1.0
66 259 1.0
66 284 1.0
66 298 1.0
67 27 1.0
67 76 1.0
67 102 1.0
67 179 1.0
67 213 1.0
67 233 1.0
68 39 1.0
68 102 1.0
68 213 1.0
68 227 1.0
68 246 1.0
68 260 1.0
69 15 1.0
69 108 1.0
69 144 1.0
69 145 1.0
69 153 1.0
69 157 1.0
69 254 1.0
69 289 1.0
70 138 1.0
70 249 1.0
70 265 1.0
71 44 1.0
71 135 1.0
71 251 1.0
71 278 1.0
72 24 1.0
72 162 1.0
72 262 1.0
72 263 1.0
72 267 1.0
72 273 1.0
73 4 1.0
73 49 1.0
73 65 1.0
73 70 1.0
73 179 1.0
73 208 1.0
73 213 1.0
73 237 1.0
73 297 1.0
74 15 1.0
74 18 1.0
74 70 1.0
74 93 1.0
74 297 1.0
76 7 1.0
76 102 1.0
76 126 1.0
76 291 1.0
77 31 1.0
77 65 1.0
77 131 1.0
77 143 1.0
77 268 1.0
77 290 1.0
77 299 1.0
78 11 1.0
78 75 1.0
78 158 1.0
78 170 1.0
78 174 1.0
78 187 1.0
78 253 1.0
78 284 1.0
78 292 1.0
78 293 1.0
79 106 1.0
79 289 1.0
80 63 1.0
80 114 1.0
80 122 1.0
80 150 1.0
80 239 1.0
80 265 1.0
80 273 1.0
81 45 1.0
81 286 1.0
81 290 1.0
81 291 1.0
82 3 1.0
82 7 1.0
82 119 1.0
82 254 1.0
83 32 1.0
83 38 1.0
83 72 1.0
83 205 1.0
83 229 1.0
83 239 1.0
84 7 1.0
84 8 1.0
84 124 1.0
84 127 1.0
84 172 1.0
84 218 1.0
84 289 1.0
85 25 1.0
85 53 1.0
85 76 1.0
85 117 1.0
85 133 1.0
85 195 1.0
85 265 1.0
85 267 1.0
86 22 1.0
86 48 1.0
86 112 1.0
86 195 1.0
86 204 1.0
86 235 1.0
86 280 1.0
87 50 1.0
87 160 1.0
87 180 1.0
87 187 1.0
87 230 1.0
88 34 1.0
88 70 1.0
88 150 1.0
88 219 1.0
89 26 1.0
89 195 1.0
89 298 1.0
90 68 1.0
90 199 1.0
90 251 1.0
91 31 1.0
91 64 1.0
91 87 1.0
91 122 1.0
91 133 1.0
91 144 1.0
91 190 1.0
92 10 1.0
92 29 1.0
92 32 1.0
92 38 1.0
92 48 1.0
92 78 1.0
92 105 1.0
92 156 1.0
92 280 1.0
92 289 1.0
93 4 1.0
93 187 1.0
93 230 1.0
93 231 1.0
93 277 1.0
93 290 1.0
94 47 1.0
94 120 1.0
94 152 1.0
94 247 1.0
94 277 1.0
95 73 1.0
95 107 1.0
95 126 1.0
95 163 1.0
95 225 1.0
96 24 1.0
96 66 1.0
96 157 1.0
96 228 1.0
96 287 1.0
97 32 1.0
97 51 1.0
97 64 1.0
97 92 1.0
97 133 1.0
97 134 1.0
97 190 1.0
97 209 1.0
97 224 1.0
97 249 1.0
97 272 1.0
98 42 1.0
98 60 1.0
98 151 1.0
98 157 1.0
98 226 1.0
98 288 1.0
99 4 1.0
99 10 1.0
99 34 1.0
99 65 1.0
99 66 1.0
99 85 1.0
99 123 1.0
99 138 1.0
99 290 1.0
100 154 1.0
100 200 1.0
100 223 1.0
101 148 1.0
101 162 1.0
101 259 1.0
101 288 1.0
102 5 1.0
102 36 1.0
102 127 1.0
102 267 1.0
102 294 1.0
103 110 1.0
103 119 1.0
103 128 1.0
103 203 1.0
103 209 1.0
104 2 1.0
104 59 1.0
104 170 1.0
104 217 1.0
105 25 1.0
105 63 1.0
105 173 1.0
105 185 1.0
105 201 1.0
105 209 1.0
105 219 1.0
105 237 1.0
105 251 1.0
105 262 1.0
106 54 1.0
106 120 1.0
106 163 1.0
106 231 1.0
106 257 1.0
107 6 1.0
107 23 1.0
107 61 1.0
107 268 1.0
107 277 1.0
107 285 1.0
107 296 1.0
108 57 1.0
108 72 1.0
108 191 1.0
109 176 1.0
109 239 1.0
110 63 1.0
110 196 1.0
110 257 1.0
110 279 1.0
111 0 1.0
111 28 1.0
111 98 1.0
111 99 1.0
111 226 1.0
111 236 1.0
111 273 1.0
112 4 1.0
112 21 1.0
112 28 1.0
112 39 1.0
112 40 1.0
112 48 1.0
112 76 1.0
112 218 1.0
112 288 1.0
113 43 1.0
113 124 1.0
113 252 1.0
113 274 1.0
114 19 1.0
114 47 1.0
114 199 1.0
114 245 1.0
114 249 1.0
115 126 1.0
115 161 1.0
115 176 1.0
115 182 1.0
115 195 1.0
115 253 1.0
115 285 1.0
115 296 1.0
116 25 1.0
116 232 1.0
116 255 1.0
116 294 1.0
117 5 1.0
117 6 1.0
117 20 1.0
117 143 1.0
117 178 1.0
117 195 1.0
117 200 1.0
117 252 1.0
118 14 1.0
118 61 1.0
118 102 1.0
118 104 1.0
118 123 1.0
118 180 1.0
118 223 1.0
118 250 1.0
118 292 1.0
119 3 1.0
119 101 1.0
119 296 1.0
120 52 1.0
120 172 1.0
120 176 1.0
121 48 1.0
121 74 1.0
121 92 1.0
121 264 1.0
121 289 1.0
121 299 1.0
122 78 1.0
122 205 1.0
122 241 1.0
122 251 1.0
122 261 1.0
122 281 1.0
123 25 1.0
123 105 1.0
123 128 1.0
123 220 1.0
123 250 1.0
124 92 1.0
124 94 1.0
124 189 1.0
124 191 1.0
124 256 1.0
125 23 1.0
125 104 1.0
125 159 1.0
125 166 1.0
125 176 1.0
125 283 1.0
125 284 1.0
126 109 1.0
126 182 1.0
126 199 1.0
126 250 1.0
126 273 1.0
127 55 1.0
127 132 1.0
127 138 1.0
127 187 1.0
128 19 1.0
128 222 1.0
128 276 1.0
128 282 1.0
129 3 1.0
129 62 1.0
129 122 1.0
129 153 1.0
129 272 1.0
129 298 1.0
130 140 1.0
130 157 1.0
130 225 1.0
130 258 1.0
130 299 1.0
131 20 1.0
131 78 1.0
131 137 1.0
131 208 1.0
131 236 1.0
131 255 1.0
131 259 1.0
131 297 1.0
132 67 1.0
132 149 1.0
132 214 1.0
132 231 1.0
132 243 1.0
132 274 1.0
132 295 1.0
133 33 1.0
133 40 1.0
133 140 1.0
133 143 1.0
133 181 1.0
133 219 1.0
133 239 1.0
133 254 1.0
134 54 1.0
134 60 1.0
134 294 1.0
135 59 1.0
135 95 1.0
135 140 1.0
135 148 1.0
135 159 1.0
135 165 1.0
135 257 1.0
135 276 1.0
135 282 1.0
136 25 1.0
136 86 1.0
136 210 1.0
136 239 1.0
136 262 1.0
137 92 1.0
137 159 1.0
137 183 1.0
137 276 1.0
137 289 1.0
137 292 1.0
138 76 1.0
138 198 1.0
138 247 1.0
138 262 1.0
138 264 1.0
138 272 1.0
139 7 1.0
139 21 1.0
139 73 1.0
139 86 1.0
139 117 1.0
139 205 1.0
139 220 1.0
139 223 1.0
139 254 1.0
139 270 1.0
140 71 1.0
140 75 1.0
140 114 1.0
140 191 1.0
140 198 1.0
140 223 1.0
140 268 1.0
140 270 1.0
140 299 1.0
141 147 1.0
141 229 1.0
141 279 1.0
142 20 1.0
142 21 1.0
142 70 1.0
142 158 1.0
142 247 1.0
143 10 1.0
143 27 1.0
143 53 1.0
143 54 1.0
143 119 1.0
143 231 1.0
144 75 1.0
144 84 1.0
144 92 1.0
144 97 1.0
144 175 1.0
144 191 1.0
144 265 1.0
145 7 1.0
145 21 1.0
145 106 1.0
145 108 1.0
145 153 1.0
145 189 1.0
145 206 1.0
145 216 1.0
145 247 1.0
146 14 1.0
146 262 1.0
146 267 1.0
147 35 1.0
147 75 1.0
147 124 1.0
147 142 1.0
147 180 1.0
147 195 1.0
147 273 1.0
147 290 1.0
148 61 1.0
148 155 1.0
148 179 1.0
148 189 1.0
148 252 1.0
148 289 1.0
149 3 1.0
149 17 1.0
149 61 1.0
149 99 1.0
149 242 1.0
149 256 1.0
149 273 1.0
150 8 1.0
150 36 1.0
150 70 1.0
150 117 1.0
150 125 1.0
150 136 1.0
150 146 1.0
150 238 1.0
150 271 1.0
150 275 1.0
151 23 1.0
151 82 1.0
152 79 1.0
152 137 1.0
152 231 1.0
152 251 1.0
153 110 1.0
153 173 1.0
154 55 1.0
154 93 1.0
154 269 1.0
154 283 1.0
155 139 1.0
155 178 1.0
156 79 1.0
156 97 1.0
156 118 1.0
156 120 1.0
156 126 1.0
156 184 1.0
156 261 1.0
157 45 1.0
157 153 1.0
157 191 1.0
157 256 1.0
158 136 1.0
158 167 1.0
158 232 1.0
158 249 1.0
158 250 1.0
159 56 1.0
159 84 1.0
159 101 1.0
159 105 1.0
159 214 1.0
159 251 1.0
160 129 1.0
160 167 1.0
161 51 1.0
161 55 1.0
161 135 1.0
161 226 1.0
161 286 1.0
161 299 1.0
162 38 1.0
162 49 1.0
162 80 1.0
162 115 1.0
162 134 1.0
162 156 1.0
162 196 1.0
162 293 1.0
162 295 1.0
163 29 1.0
163 35 1.0
163 50 1.0
163 107 1.0
163 197 1.0
163 253 1.0
164 166 1.0
164 180 1.0
164 189 1.0
164 192 1.0
164 237 1.0
165 0 1.0
165 17 1.0
165 57 1.0
165 69 1.0
165 73 1.0
165 210 1.0
165 245 1.0
166 100 1.0
166 138 1.0
166 192 1.0
167 148 1.0
167 176 1.0
168 20 1.0
168 68 1.0
168 203 1.0
168 242 1.0
168 266 1.0
169 27 1.0
169 145 1.0
169 190 1.0
169 219 1.0
170 23 1.0
170 34 1.0
170 60 1.0
170 99 1.0
170 122 1.0
170 164 1.0
170 292 1.0
170 295 1.0
171 3 1.0
171 38 1.0
171 106 1.0
171 127 1.0
171 164 1.0
171 178 1.0
171 195 1.0
171 209 1.0
171 211 1.0
171 280 1.0
172 54 1.0
172 74 1.0
172 197 1.0
173 15 1.0
173 120 1.0
173 180 1.0
173 215 1.0
173 256 1.0
173 274 1.0
173 277 1.0
173 280 1.0
173 288 1.0
174 58 1.0
174 153 1.0
174 206 1.0
175 131 1.0
175 134 1.0
175 158 1.0
175 172 1.0
176 3 1.0
176 79 1.0
176 179 1.0
176 182 1.0
176 197 1.0
176 215 1.0
176 231 1.0
176 245 1.0
176 258 1.0
176 262 1.0
177 97 1.0
177 134 1.0
177 142 1.0
177 166 1.0
177 195 1.0
177 232 1.0
177 272 1.0
177 279 1.0
178 62 1.0
178 70 1.0
178 87 1.0
178 120 1.0
178 172 1.0
178 259 1.0
178 276 1.0
178 278 1.0
178 283 1.0
179 27 1.0
179 79 1.0
179 115 1.0
180 11 1.0
180 75 1.0
180 91 1.0
180 118 1.0
180 122 1.0
180 274 1.0
180 276 1.0
181 1 1.0
181 29 1.0
181 151 1.0
182 15 1.0
182 166 1.0
182 196 1.0
182 220 1.0
182 239 1.0
183 87 1.0
183 179 1.0
183 185 1.0
184 152 1.0
184 153 1.0
184 208 1.0
184 245 1.0
184 248 1.0
184 281 1.0
185 1 1.0
185 41 1.0
185 49 1.0
185 50 1.0
185 55 1.0
185 120 1.0
185 139 1.0
185 177 1.0
185 196 1.0
185 240 1.0
185 250 1.0
185 271 1.0
186 169 1.0
186 177 1.0
186 297 1.0
187 39 1.0
187 59 1.0
187 64 1.0
187 83 1.0
187 135 1.0
187 143 1.0
187 263 1.0
187 273 1.0
188 13 1.0
188 19 1.0
188 74 1.0
188 155 1.0
188 187 1.0
188 189 1.0
188 271 1.0
188 297 1.0
189 75 1.0
189 143 1.0
189 210 1.0
189 220 1.0
190 22 1.0
190 151 1.0
190 154 1.0
190 172 1.0
190 179 1.0
190 219 1.0
190 240 1.0
190 275 1.0
191 29 1.0
191 34 1.0
191 70 1.0
191 201 1.0
191 220 1.0
191 237 1.0
192 81 1.0
192 140 1.0
193 13 1.0
193 52 1.0
193 183 1.0
193 223 1.0
193 250 1.0
193 270 1.0
193 277 1.0
193 291 1.0
194 97 1.0
194 106 1.0
194 109 1.0
194 168 1.0
194 172 1.0
194 183 1.0
194 219 1.0
194 266 1.0
194 269 1.0
195 6 1.0
195 42 1.0
195 130 1.0
195 163 1.0
195 232 1.0
195 246 1.0
195 261 1.0
196 76 1.0
196 92 1.0
196 118 1.0
196 138 1.0
196 139 1.0
196 175 1.0
196 268 1.0
197 57 1.0
197 173 1.0
197 267 1.0
198 31 1.0
198 99 1.0
198 241 1.0
198 255 1.0
198 264 1.0
199 18 1.0
199 87 1.0
199 206 1.0
199 217 1.0
199 231 1.0
199 245 1.0
200 68 1.0
200 72 1.0
200 110 1.0
200 138 1.0
200 143 1.0
200 243 1.0
200 260 1.0
200 269 1.0
201 62 1.0
201 84 1.0
201 135 1.0
201 145 1.0
201 150 1.0
201 154 1.0
201 231 1.0
202 7 1.0
202 179 1.0
202 221 1.0
202 264 1.0
203 20 1.0
203 38 1.0
203 108 1.0
203 214 1.0
203 266 1.0
203 269 1.0
203 284 1.0
204 25 1.0
204 52 1.0
204 181 1.0
204 218 1.0
204 257 1.0
205 44 1.0
205 131 1.0
205 140 1.0
205 142 1.0
205 250 1.0
206 115 1.0
206 176 1.0
206 210 1.0
206 219 1.0
207 19 1.0
207 57 1.0
207 70 1.0
207 212 1.0
207 214 1.0
207 231 1.0
208 54 1.0
208 88 1.0
208 104 1.0
208 140 1.0
208 178 1.0
208 186 1.0
208 195 1.0
208 211 1.0
208 250 1.0
208 263 1.0
208 267 1.0
208 289 1.0
209 47 1.0
209 64 1.0
209 105 1.0
209 111 1.0
209 157 1.0
209 210 1.0
209 212 1.0
210 23 1.0
210 49 1.0
210 112 1.0
210 139 1.0
210 225 1.0
210 253 1.0
211 175 1.0
211 181 1.0
211 266 1.0
211 288 1.0
212 99 1.0
212 149 1.0
212 195 1.0
213 15 1.0
213 75 1.0
213 127 1.0
213 179 1.0
213 209 1.0
214 4 1.0
214 92 1.0
214 96 1.0
214 117 1.0
214 267 1.0
215 3 1.0
215 37 1.0
215 100 1.0
215 154 1.0
215 176 1.0
215 221 1.0
216 22 1.0
216 148 1.0
216 234 1.0
216 241 1.0
217 2 1.0
217 19 1.0
217 22 1.0
217 39 1.0
217 44 1.0
217 46 1.0
217 107 1.0
217 121 1.0
217 135 1.0
217 150 1.0
217 192 1.0
217 237 1.0
217 273 1.0
218 78 1.0
218 131 1.0
218 154 1.0
218 278 1.0
219 26 1.0
219 38 1.0
219 217 1.0
219 229 1.0
219 255 1.0
220 32 1.0
220 158 1.0
220 175 1.0
220 200 1.0
220 263 1.0
221 21 1.0
221 33 1.0
221 73 1.0
221 81 1.0
221 86 1.0
221 150 1.0
221 178 1.0
221 191 1.0
221 268 1.0
222 11 1.0
222 16 1.0
222 20 1.0
222 50 1.0
222 60 1.0
222 90 1.0
222 186 1.0
222 201 1.0
222 212 1.0
222 267 1.0
222 296 1.0
223 12 1.0
223 30 1.0
223 49 1.0
223 65 1.0
223 69 1.0
223 122 1.0
223 194 1.0
223 240 1.0
223 263 1.0
223 289 1.0
224 137 1.0
224 232 1.0
225 77 1.0
225 102 1.0
225 108 1.0
225 231 1.0
225 252 1.0
226 13 1.0
226 37 1.0
226 91 1.0
226 99 1.0
226 146 1.0
226 147 1.0
226 177 1.0
226 285 1.0
227 24 1.0
227 99 1.0
227 244 1.0
227 251 1.0
227 288 1.0
228 2 1.0
228 26 1.0
228 118 1.0
229 4 1.0
229 8 1.0
229 101 1.0
229 109 1.0
229 176 1.0
229 250 1.0
230 29 1.0
230 47 1.0
230 67 1.0
230 72 1.0
230 283 1.0
231 53 1.0
231 133 1.0
231 174 1.0
231 191 1.0
231 268 1.0
232 10 1.0
232 53 1.0
232 120 1.0
232 126 1.0
232 199 1.0
232 207 1.0
232 251 1.0
233 96 1.0
233 112 1.0
233 184 1.0
233 228 1.0
234 51 1.0
234 180 1.0
235 6 1.0
235 29 1.0
235 88 1.0
235 101 1.0
235 156 1.0
235 222 1.0
235 244 1.0
235 299 1.0
236 16 1.0
236 30 1.0
236 65 1.0
236 133 1.0
236 142 1.0
236 217 1.0
236 221 1.0
237 29 1.0
237 45 1.0
237 52 1.0
237 70 1.0
237 74 1.0
237 77 1.0
237 141 1.0
237 165 1.0
237 257 1.0
237 270 1.0
238 14 1.0
238 218 1.0
238 219 1.0
238 241 1.0
238 257 1.0
238 259 1.0
238 273 1.0
238 278 1.0
239 21 1.0
239 176 1.0
239 243 1.0
240 0 1.0
240 73 1.0
240 95 1.0
240 260 1.0
240 264 1.0
240 293 1.0
241 51 1.0
241 91 1.0
241 274 1.0
242 79 1.0
242 135 1.0
242 137 1.0
242 251 1.0
242 256 1.0
243 26 1.0
243 70 1.0
243 96 1.0
243 183 1.0
243 242 1.0
243 287 1.0
244 3 1.0
244 139 1.0
244 188 1.0
244 204 1.0
245 25 1.0
245 26 1.0
245 68 1.0
245 75 1.0
245 98 1.0
245 189 1.0
245 229 1.0
245 273 1.0
246 67 1.0
246 82 1.0
246 88 1.0
246 105 1.0
246 135 1.0
246 179 1.0
246 281 1.0
247 41 1.0
247 148 1.0
247 164 1.0
247 168 1.0
247 183 1.0
247 189 1.0
247 203 1.0
247 224 1.0
247 262 1.0
247 286 1.0
248 27 1.0
248 189 1.0
248 238 1.0
249 81 1.0
249 257 1.0
249 278 1.0
250 22 1.0
250 118 1.0
250 123 1.0
250 126 1.0
250 158 1.0
250 185 1.0
250 193 1.0
250 205 1.0
250 208 1.0
250 229 1.0
251 71 1.0
251 90 1.0
251 105 1.0
251 122 1.0
251 152 1.0
251 159 1.0
251 227 1.0
251 232 1.0
251 242 1.0
252 21 1.0
252 37 1.0
252 56 1.0
252 113 1.0
252 117 1.0
252 148 1.0
252 225 1.0
253 78 1.0
253 115 1.0
253 163 1.0
253 210 1.0
253 287 1.0
254 38 1.0
254 58 1.0
254 69 1.0
254 82 1.0
254 133 1.0
254 139 1.0
254 282 1.0
255 0 1.0
255 7 1.0
255 25 1.0
255 59 1.0
255 116 1.0
255 131 1.0
255 198 1.0
255 219 1.0
255 268 1.0
256 20 1.0
256 124 1.0
256 149 1.0
256 157 1.0
256 173 1.0
256 242 1.0
256 281 1.0
257 45 1.0
257 106 1.0
257 110 1.0
257 135 1.0
257 204 1.0
257 237 1.0
257 238 1.0
257 249 1.0
258 41 1.0
258 130 1.0
258 176 1.0
258 279 1.0
258 290 1.0
258 295 1.0
259 12 1.0
259 42 1.0
259 66 1.0
259 101 1.0
259 131 1.0
259 178 1.0
259 238 1.0
260 37 1.0
260 68 1.0
260 200 1.0
260 240 1.0
261 10 1.0
261 18 1.0
261 51 1.0
261 122 1.0
261 156 1.0
261 195 1.0
262 9 1.0
262 72 1.0
262 105 1.0
262 136 1.0
262 138 1.0
262 146 1.0
262 176 1.0
262 247 1.0
263 72 1.0
263 187 1.0
263 208 1.0
263 220 1.0
263 223 1.0
263 275 1.0
263 283 1.0
263 292 1.0
264 64 1.0
264 121 1.0
264 138 1.0
264 198 1.0
264 202 1.0
264 240 1.0
265 16 1.0
265 70 1.0
265 80 1.0
265 85 1.0
265 144 1.0
265 293 1.0
266 5 1.0
266 48 1.0
266 168 1.0
266 194 1.0
266 203 1.0
266 211 1.0
266 295 1.0
267 72 1.0
267 85 1.0
267 102 1.0
267 146 1.0
267 197 1.0
267 208 1.0
267 214 1.0
267 222 1.0
268 45 1.0
268 77 1.0
268 107 1.0
268 140 1.0
268 196 1.0
268 221 1.0
268 231 1.0
268 255 1.0
268 286 1.0
269 12 1.0
269 37 1.0
269 154 1.0
269 194 1.0
269 200 1.0
269 203 1.0
270 0 1.0
270 5 1.0
270 139 1.0
270 140 1.0
270 193 1.0
270 237 1.0
271 8 1.0
271 150 1.0
271 185 1.0
271 188 1.0
271 290 1.0
272 24 1.0
272 33 1.0
272 60 1.0
272 97 1.0
272 129 1.0
272 138 1.0
272 177 1.0
273 34 1.0
273 72 1.0
273 80 1.0
273 111 1.0
273 126 1.0
273 147 1.0
273 149 1.0
273 187 1.0
273 217 1.0
273 238 1.0
273 245 1.0
274 17 1.0
274 113 1.0
274 132 1.0
274 173 1.0
274 180 1.0
274 241 1.0
275 21 1.0
275 32 1.0
275 150 1.0
275 190 1.0
275 263 1.0
275 278 1.0
276 25 1.0
276 128 1.0
276 135 1.0
276 137 1.0
276 178 1.0
276 180 1.0
277 28 1.0
277 93 1.0
277 94 1.0
277 107 1.0
277 173 1.0
277 193 1.0
277 295 1.0
278 71 1.0
278 178 1.0
278 218 1.0
278 238 1.0
278 249 1.0
278 275 1.0
279 1 1.0
279 62 1.0
279 110 1.0
279 141 1.0
279 177 1.0
279 258 1.0
280 2 1.0
280 28 1.0
280 86 1.0
280 92 1.0
280 171 1.0
280 173 1.0
281 122 1.0
281 184 1.0
281 246 1.0
281 256 1.0
282 41 1.0
282 51 1.0
282 128 1.0
282 135 1.0
282 254 1.0
283 20 1.0
283 125 1.0
283 154 1.0
283 178 1.0
283 230 1.0
283 263 1.0
284 66 1.0
284 78 1.0
284 125 1.0
284 203 1.0
284 299 1.0
285 59 1.0
285 107 1.0
285 115 1.0
285 226 1.0
286 16 1.0
286 81 1.0
286 161 1.0
286 247 1.0
286 268 1.0
287 3 1.0
287 9 1.0
287 20 1.0
287 96 1.0
287 243 1.0
287 253 1.0
288 55 1.0
288 98 1.0
288 101 1.0
288 112 1.0
288 173 1.0
288 211 1.0
288 227 1.0
289 24 1.0
289 69 1.0
289 79 1.0
289 84 1.0
289 92 1.0
289 121 1.0
289 137 1.0
289 148 1.0
289 208 1.0
289 223 1.0
290 6 1.0
290 31 1.0
290 77 1.0
290 81 1.0
290 93 1.0
290 99 1.0
290 147 1.0
290 258 1.0
290 271 1.0
291 48 1.0
291 76 1.0
291 81 1.0
291 193 1.0
291 297 1.0
292 43 1.0
292 54 1.0
292 59 1.0
292 78 1.0
292 118 1.0
292 137 1.0
292 170 1.0
292 263 1.0
293 3 1.0
293 13 1.0
293 32 1.0
293 50 1.0
293 78 1.0
293 162 1.0
293 240 1.0
293 265 1.0
294 13 1.0
294 27 1.0
294 30 1.0
294 102 1.0
294 116 1.0
294 134 1.0
295 43 1.0
295 51 1.0
295 132 1.0
295 162 1.0
295 170 1.0
295 258 1.0
295 266 1.0
295 277 1.0
296 35 1.0
296 37 1.0
296 39 1.0
296 107 1.0
296 115 1.0
296 119 1.0
296 222 1.0
297 8 1.0
297 51 1.0
297 73 1.0
297 74 1.0
297 131 1.0
297 186 1.0
297 188 1.0
297 291 1.0
298 27 1.0
298 40 1.0
298 66 1.0
298 89 1.0
298 129 1.0
299 63 1.0
299 77 1.0
299 121 1.0
299 130 1.0
299 140 1.0
299 161 1.0
299 235 1.0
299 284 1.0
