0 236
0 6
0 143
0 127
0 44
1 209
1 250
1 249
1 262
1 266
1 274
1 285
1 252
2 222
2 102
2 167
2 266
2 44
2 39
2 106
2 41
3 151
3 69
3 98
3 70
4 266
4 282
4 207
4 161
4 182
4 162
4 183
4 117
6 37
6 214
6 175
6 183
6 59
6 250
6 294
6 43
7 152
7 246
7 127
7 37
8 213
8 9
8 86
8 164
8 18
9 214
9 125
9 224
9 295
9 230
9 24
9 74
10 1
10 54
10 19
10 282
10 124
11 279
11 295
11 52
11 112
11 184
11 81
11 22
11 253
12 212
12 222
12 48
12 211
12 39
12 97
12 71
12 289
14 287
14 4
14 221
14 278
14 20
14 105
14 213
17 142
17 207
17 157
17 10
17 289
17 224
17 90
17 95
18 184
18 59
18 24
18 290
18 20
18 249
18 198
19 280
19 202
19 68
19 181
19 138
19 233
19 105
20 104
20 36
20 86
20 236
20 210
20 268
20 90
20 277
20 185
21 146
21 152
21 94
21 117
21 193
21 239
21 33
22 165
22 26
22 124
22 256
22 244
22 24
23 178
23 41
23 52
23 207
23 229
23 248
23 297
24 132
24 153
24 201
25 84
25 135
25 67
26 212
26 112
26 14
26 110
26 221
26 224
26 102
28 21
28 74
28 24
28 109
28 101
28 187
28 75
28 90
29 52
29 124
29 275
30 171
30 117
30 264
30 234
30 176
30 198
30 297
31 160
31 18
31 297
31 48
32 49
32 163
32 257
32 204
32 26
32 48
32 94
32 55
32 287
32 261
33 57
33 199
33 10
33 246
36 105
36 176
36 284
36 123
36 254
36 295
37 102
37 262
37 211
37 284
37 213
37 41
37 267
37 55
39 150
39 230
39 100
39 253
39 26
39 23
40 264
40 116
40 126
40 216
40 95
40 294
41 23
41 242
41 233
41 39
41 97
41 219
41 207
41 285
41 254
41 257
41 229
43 285
43 59
43 109
44 209
44 91
44 32
46 203
46 17
46 85
46 134
47 57
47 109
47 193
47 25
48 114
48 178
48 188
48 113
48 6
49 174
49 133
49 184
49 142
49 281
50 250
50 212
50 70
50 254
50 122
50 44
52 121
52 183
52 160
53 163
53 290
53 174
53 138
53 264
53 172
54 95
54 125
54 59
55 260
55 288
55 247
55 12
56 277
56 249
56 229
56 125
56 178
56 173
57 188
57 253
57 11
57 19
57 29
57 275
57 166
58 143
58 113
58 39
58 169
58 265
58 56
58 91
58 60
58 236
59 24
59 290
59 151
59 128
59 28
59 32
59 256
60 246
60 7
60 113
60 265
60 172
60 68
61 89
61 11
61 37
61 260
61 132
61 135
61 112
61 256
61 288
62 101
62 253
63 94
63 249
63 254
63 164
63 188
63 21
65 203
65 278
65 30
65 173
65 136
65 98
65 4
65 111
65 94
65 31
66 291
66 95
66 100
66 17
67 178
67 95
67 223
67 183
67 250
67 228
67 224
67 157
68 89
68 246
68 109
68 248
68 63
69 296
69 171
69 161
69 22
70 256
70 89
70 59
71 134
71 272
71 214
71 230
71 242
71 131
71 213
71 122
72 213
72 188
72 84
72 224
72 232
72 214
72 44
73 243
73 174
73 49
73 57
74 182
74 0
74 36
74 131
74 168
75 116
75 259
75 2
75 283
75 26
75 60
78 62
78 283
78 267
78 168
78 277
78 131
78 105
81 268
81 229
81 109
81 205
81 135
81 62
82 72
82 293
82 145
82 228
82 171
82 71
82 111
82 255
82 233
82 70
82 98
84 155
84 242
84 185
84 147
85 145
85 279
85 232
85 81
85 127
85 33
85 171
85 14
85 82
85 214
86 173
86 229
86 188
86 29
86 26
86 127
86 22
87 137
87 288
87 164
87 57
89 105
89 114
89 55
89 20
90 282
90 281
90 180
90 67
90 224
90 291
90 85
91 87
91 187
91 3
91 59
91 287
91 159
94 214
94 251
94 48
94 207
94 209
94 198
94 66
94 105
95 260
95 72
95 198
95 223
97 183
97 180
97 153
98 238
98 39
98 288
98 232
98 210
99 238
99 163
99 117
99 68
99 207
99 105
99 124
99 69
100 18
100 176
100 149
100 232
100 217
100 257
101 261
101 256
101 247
101 36
101 48
102 267
102 142
102 106
102 28
102 59
103 281
103 181
103 63
104 190
104 230
104 3
104 97
104 99
104 65
105 297
105 162
105 281
105 37
105 273
105 72
105 21
105 138
105 160
105 112
105 102
105 110
106 142
106 147
106 129
106 253
106 112
106 32
107 249
107 149
107 245
107 14
107 223
107 152
107 23
107 153
107 103
109 117
109 136
109 285
109 12
109 256
109 129
110 216
110 243
110 198
110 71
110 121
111 25
111 172
111 191
111 4
112 95
112 26
112 294
113 279
113 0
113 188
113 24
113 247
113 287
113 251
113 256
113 52
114 52
114 210
114 0
114 10
114 48
116 262
116 147
116 4
116 159
116 155
117 101
117 29
117 73
117 172
117 191
117 164
121 239
121 249
121 129
121 252
121 284
121 106
121 276
121 248
121 99
122 195
122 239
122 285
122 201
122 213
122 249
122 36
122 284
122 257
123 225
123 9
123 111
124 276
124 284
124 247
124 68
124 209
124 48
124 293
124 20
125 282
125 291
125 22
125 281
125 243
125 278
125 216
125 101
126 24
126 29
126 276
126 48
126 173
126 157
127 135
127 212
127 272
128 110
128 282
128 162
128 4
128 103
128 173
129 280
129 162
129 231
129 43
129 87
129 125
129 48
129 254
129 116
129 178
131 244
131 65
131 230
131 229
131 175
131 258
131 103
131 200
131 54
132 30
132 11
132 33
132 136
132 211
132 86
132 222
132 155
132 163
132 66
132 221
133 75
133 4
133 262
133 208
133 134
134 20
134 284
134 229
135 249
135 201
135 272
135 255
135 250
135 173
136 296
136 131
136 295
136 167
136 101
137 219
137 123
137 0
137 7
137 168
137 268
138 110
138 58
138 278
138 134
138 18
138 124
138 114
138 82
138 209
138 283
138 54
140 274
140 196
140 135
140 67
140 201
140 167
140 261
140 162
140 36
140 132
140 137
140 151
142 200
142 264
142 209
142 85
142 116
142 210
142 203
142 136
143 147
143 212
143 221
145 256
145 74
145 59
145 84
145 70
145 20
145 286
145 295
145 274
145 244
146 84
146 268
146 103
146 26
146 67
146 282
146 277
146 18
146 210
146 37
146 182
146 81
147 181
147 90
147 61
147 4
147 142
147 133
149 217
149 216
149 132
149 2
149 117
150 137
150 7
150 116
150 234
150 101
150 259
150 52
150 129
150 175
151 245
151 255
151 183
151 87
151 67
151 239
151 276
151 248
151 225
151 187
151 18
152 193
152 180
152 200
152 23
152 211
152 166
152 70
152 273
152 7
152 251
152 109
153 138
153 196
153 164
153 85
153 191
153 249
153 281
153 126
153 193
153 183
153 198
153 152
153 30
155 138
155 215
155 178
155 54
157 50
157 91
157 279
157 85
157 134
157 1
157 63
157 167
159 71
159 66
159 217
159 295
159 22
159 70
159 98
159 229
159 241
160 170
160 17
160 23
160 49
160 117
161 289
161 198
161 221
161 75
162 74
162 39
162 41
162 296
163 129
163 33
163 149
163 281
163 11
164 29
164 260
164 58
164 185
164 49
164 219
164 52
164 257
165 258
165 89
165 261
165 73
165 254
165 225
166 238
166 246
166 201
166 86
166 106
166 280
166 7
166 37
166 250
166 277
167 59
167 246
167 114
168 183
168 116
168 264
168 211
168 111
168 281
168 11
169 285
169 236
169 233
169 184
170 107
170 94
170 21
170 216
171 8
171 273
171 100
172 231
172 0
172 65
172 62
173 124
173 81
173 280
173 72
173 114
174 12
174 201
174 169
175 199
175 277
176 48
176 106
176 296
176 31
176 47
176 24
177 10
177 125
177 1
177 262
177 57
177 161
177 166
178 201
178 8
178 259
178 103
178 244
178 53
180 165
180 104
181 212
181 291
181 55
181 171
182 106
182 72
182 250
183 128
183 284
183 55
183 162
183 28
183 171
183 233
183 146
184 226
184 233
184 281
184 157
184 146
184 55
185 257
185 243
185 184
185 30
185 129
187 73
187 199
187 232
187 293
187 131
187 69
187 46
187 257
187 241
188 95
188 250
188 26
188 281
188 87
189 167
189 57
189 60
189 292
189 253
189 117
189 250
189 41
189 217
189 133
190 177
190 140
190 221
190 286
190 192
190 110
190 72
190 253
191 167
191 290
191 221
191 74
191 46
191 18
191 192
192 26
192 233
192 24
192 39
192 173
192 169
193 255
193 257
193 181
193 32
193 47
195 31
195 268
195 153
195 181
195 233
195 109
195 127
196 75
196 261
196 121
196 226
198 22
198 190
198 274
198 216
198 128
198 75
198 211
198 192
199 126
199 69
199 57
200 229
200 295
200 164
200 204
200 3
200 22
200 157
200 31
200 136
200 283
201 169
201 163
201 210
201 94
201 124
201 260
201 218
201 142
201 4
202 71
202 226
202 155
202 159
202 193
202 195
202 268
203 123
203 180
203 198
203 222
203 0
203 110
203 50
204 81
204 199
204 221
204 52
205 39
205 21
205 212
207 171
207 125
207 146
207 284
207 213
208 217
208 280
208 164
208 127
208 40
208 43
209 29
209 109
209 55
209 98
209 102
209 286
209 43
210 56
210 74
210 257
210 49
211 265
211 254
211 181
211 280
211 199
211 29
211 85
211 86
211 165
211 260
211 112
211 224
212 155
212 273
212 105
212 18
212 102
212 266
212 183
213 187
214 171
214 247
214 78
214 167
214 23
214 37
214 292
214 187
214 89
214 210
214 191
214 73
215 176
215 68
215 201
215 143
215 70
216 165
216 112
216 177
216 190
216 124
216 100
216 187
216 127
217 0
217 225
217 196
218 136
218 14
219 8
219 208
219 283
219 168
219 30
219 159
221 236
221 82
221 14
221 296
221 54
221 71
222 196
222 255
222 296
222 137
222 247
222 286
223 101
223 70
223 280
223 265
223 272
223 97
224 187
224 280
224 185
224 72
224 189
224 8
224 91
225 56
225 159
225 165
225 143
225 238
225 296
225 268
226 94
226 19
226 54
226 160
226 279
226 239
226 117
226 249
228 142
228 152
228 151
228 12
228 217
229 132
229 54
229 239
229 249
229 183
229 205
229 224
229 74
230 239
230 226
230 9
230 229
230 17
230 296
230 202
230 258
230 172
231 278
231 171
231 73
231 189
232 116
232 182
232 0
232 49
232 132
232 81
232 265
233 253
233 275
233 94
233 150
233 123
233 95
233 230
233 26
233 219
234 18
234 273
234 248
234 102
234 98
236 242
236 126
236 30
236 226
236 178
236 14
236 71
238 71
238 122
238 256
239 232
239 182
239 69
239 178
241 112
241 138
241 248
241 272
241 166
241 18
242 103
242 228
242 142
242 23
242 63
243 224
243 229
243 125
243 247
243 49
243 59
243 238
243 239
244 160
244 268
244 213
245 67
245 52
245 18
245 50
245 140
245 180
245 260
246 191
246 236
246 23
246 60
246 258
246 20
246 268
246 99
246 94
246 65
247 286
247 213
247 125
247 6
247 134
247 218
247 84
247 211
247 112
248 128
248 133
248 39
248 123
248 295
248 284
249 70
249 286
249 219
250 68
250 278
250 295
250 274
250 99
251 111
251 59
251 286
251 281
251 73
251 200
251 239
252 109
252 267
252 62
252 12
252 100
252 22
252 221
252 3
253 259
253 121
253 218
253 134
253 213
253 244
254 17
254 258
254 266
254 183
254 33
254 105
254 188
255 143
255 102
255 28
255 205
255 256
256 53
257 243
257 127
257 191
257 216
257 238
257 133
257 166
257 125
257 222
257 137
257 66
257 131
258 2
258 74
258 33
258 273
258 44
258 46
259 202
259 266
259 222
259 198
259 164
259 196
259 89
259 254
260 243
260 203
260 23
260 25
260 251
261 112
261 114
261 176
261 249
261 107
261 196
261 39
261 7
262 288
262 59
262 171
262 136
262 249
262 150
262 44
264 239
264 297
264 242
264 228
264 236
264 284
264 84
264 67
264 256
264 110
265 53
265 41
265 219
265 157
265 252
266 256
266 107
266 41
266 1
266 228
266 251
266 49
267 138
267 72
267 32
267 181
267 198
268 233
268 28
268 48
268 67
268 258
268 153
268 1
272 215
272 176
272 243
272 289
272 246
272 203
272 251
272 124
272 276
273 152
273 17
273 283
273 289
273 213
273 147
273 190
274 254
274 244
274 146
274 169
274 234
274 183
274 278
274 182
274 153
275 86
275 71
275 273
275 212
275 169
275 162
275 184
276 1
276 264
276 59
276 283
276 9
276 94
276 246
276 54
276 11
276 196
277 157
277 247
277 53
277 209
277 244
277 238
277 22
277 170
277 207
277 134
277 17
278 102
278 203
278 159
278 97
278 54
278 126
278 150
279 276
279 255
279 7
279 122
279 99
279 61
279 142
279 241
279 22
279 63
280 171
280 281
280 181
280 249
280 288
281 124
281 291
281 89
281 272
281 54
282 81
282 257
283 151
283 185
283 60
283 23
283 169
283 150
284 69
284 54
284 19
284 82
284 86
285 129
285 22
285 204
285 73
285 248
285 2
285 153
285 61
285 251
285 276
285 59
286 121
286 22
286 112
286 65
286 53
286 0
286 260
286 168
286 129
287 8
287 75
287 82
287 268
287 264
287 204
288 110
288 113
288 216
289 221
289 30
289 207
289 40
289 146
290 208
290 75
290 150
290 58
290 43
290 157
290 111
290 104
291 81
291 228
291 285
291 185
291 128
291 204
291 177
292 63
292 234
292 20
292 297
292 185
293 226
293 60
293 162
293 101
293 53
294 192
294 183
294 254
294 135
294 230
294 283
295 150
295 232
295 190
295 259
295 126
295 114
296 82
296 1
296 136
296 68
296 204
296 101
297 129
297 60
297 172
297 116
297 68
297 254
