0 88 1.0
0 105 1.0
0 256 1.0
0 262 1.0
1 14 1.0
1 124 1.0
1 135 1.0
1 240 1.0
1 275 1.0
1 286 1.0
2 35 1.0
2 56 1.0
2 152 1.0
2 169 1.0
2 184 1.0
2 238 1.0
3 56 1.0
3 103 1.0
4 48 1.0
4 72 1.0
4 248 1.0
4 283 1.0
5 23 1.0
5 67 1.0
5 131 1.0
5 195 1.0
5 226 1.0
5 294 1.0
6 1 1.0
6 35 1.0
6 71 1.0
6 159 1.0
6 200 1.0
6 217 1.0
6 226 1.0
6 251 1.0
6 258 1.0
6 263 1.0
6 290 1.0
7 110 1.0
7 247 1.0
7 256 1.0
8 0 1.0
8 29 1.0
8 73 1.0
8 118 1.0
8 137 1.0
8 152 1.0
8 192 1.0
8 215 1.0
8 222 1.0
8 245 1.0
8 246 1.0
8 281 1.0
9 12 1.0
9 21 1.0
9 37 1.0
9 44 1.0
9 58 1.0
9 78 1.0
9 104 1.0
9 154 1.0
9 188 1.0
9 208 1.0
9 224 1.0
9 263 1.0
9 267 1.0
9 276 1.0
9 298 1.0
10 59 1.0
10 116 1.0
10 152 1.0
10 224 1.0
10 260 1.0
11 9 1.0
11 26 1.0
11 32 1.0
11 115 1.0
11 121 1.0
11 157 1.0
11 163 1.0
11 286 1.0
11 289 1.0
12 84 1.0
12 88 1.0
12 196 1.0
12 234 1.0
13 0 1.0
13 24 1.0
13 47 1.0
13 71 1.0
13 108 1.0
13 143 1.0
13 151 1.0
13 159 1.0
14 120 1.0
14 246 1.0
15 0 1.0
15 45 1.0
15 237 1.0
15 262 1.0
15 276 1.0
15 290 1.0
16 1 1.0
16 6 1.0
16 39 1.0
16 120 1.0
16 211 1.0
16 238 1.0
16 293 1.0
17 20 1.0
17 69 1.0
17 190 1.0
17 200 1.0
17 216 1.0
18 96 1.0
18 110 1.0
18 132 1.0
18 179 1.0
18 195 1.0
18 222 1.0
18 265 1.0
19 66 1.0
19 135 1.0
19 137 1.0
19 164 1.0
19 165 1.0
19 245 1.0
20 4 1.0
20 146 1.0
20 148 1.0
20 205 1.0
20 253 1.0
20 286 1.0
21 42 1.0
21 47 1.0
21 52 1.0
21 74 1.0
21 79 1.0
21 89 1.0
21 125 1.0
21 170 1.0
21 199 1.0
21 256 1.0
21 259 1.0
22 13 1.0
22 15 1.0
22 29 1.0
22 104 1.0
22 126 1.0
22 143 1.0
22 168 1.0
22 183 1.0
22 206 1.0
22 221 1.0
22 237 1.0
23 93 1.0
23 109 1.0
23 195 1.0
23 196 1.0
23 237 1.0
25 29 1.0
25 55 1.0
25 79 1.0
25 81 1.0
25 139 1.0
25 152 1.0
25 157 1.0
25 261 1.0
25 279 1.0
26 24 1.0
26 47 1.0
26 67 1.0
26 70 1.0
26 82 1.0
26 106 1.0
26 180 1.0
26 274 1.0
27 44 1.0
27 120 1.0
27 166 1.0
27 208 1.0
27 217 1.0
28 43 1.0
28 52 1.0
28 59 1.0
28 129 1.0
29 127 1.0
29 137 1.0
29 166 1.0
29 170 1.0
29 186 1.0
29 295 1.0
30 43 1.0
30 102 1.0
30 116 1.0
30 158 1.0
30 206 1.0
30 209 1.0
31 2 1.0
31 63 1.0
32 140 1.0
32 152 1.0
32 186 1.0
32 210 1.0
32 222 1.0
32 249 1.0
32 258 1.0
32 259 1.0
32 278 1.0
33 0 1.0
33 111 1.0
33 157 1.0
33 193 1.0
33 281 1.0
33 292 1.0
34 19 1.0
34 23 1.0
34 25 1.0
34 147 1.0
34 162 1.0
34 175 1.0
34 196 1.0
34 213 1.0
34 224 1.0
34 251 1.0
35 8 1.0
35 10 1.0
35 68 1.0
35 110 1.0
35 122 1.0
35 185 1.0
35 188 1.0
35 208 1.0
36 33 1.0
36 51 1.0
36 67 1.0
36 140 1.0
36 197 1.0
36 224 1.0
36 249 1.0
37 41 1.0
37 124 1.0
37 144 1.0
37 166 1.0
37 169 1.0
38 37 1.0
38 70 1.0
38 78 1.0
38 157 1.0
38 227 1.0
39 16 1.0
39 52 1.0
39 78 1.0
39 185 1.0
39 186 1.0
39 195 1.0
39 226 1.0
39 244 1.0
40 56 1.0
40 67 1.0
40 181 1.0
40 241 1.0
41 26 1.0
41 62 1.0
41 88 1.0
41 120 1.0
41 180 1.0
41 230 1.0
41 294 1.0
42 6 1.0
42 117 1.0
42 183 1.0
42 193 1.0
43 2 1.0
43 110 1.0
43 165 1.0
43 171 1.0
43 276 1.0
44 3 1.0
44 28 1.0
44 61 1.0
44 136 1.0
44 162 1.0
44 163 1.0
44 221 1.0
44 231 1.0
45 9 1.0
45 36 1.0
45 68 1.0
45 74 1.0
45 79 1.0
45 86 1.0
45 102 1.0
45 167 1.0
45 231 1.0
45 241 1.0
46 142 1.0
46 201 1.0
47 14 1.0
48 36 1.0
48 94 1.0
48 154 1.0
48 159 1.0
48 187 1.0
48 194 1.0
48 216 1.0
48 222 1.0
48 236 1.0
48 238 1.0
48 287 1.0
49 40 1.0
49 73 1.0
49 136 1.0
49 138 1.0
49 166 1.0
50 69 1.0
50 103 1.0
50 168 1.0
50 298 1.0
51 7 1.0
51 9 1.0
51 109 1.0
51 141 1.0
51 150 1.0
51 210 1.0
51 272 1.0
52 89 1.0
52 121 1.0
52 146 1.0
52 267 1.0
53 13 1.0
53 40 1.0
53 47 1.0
53 76 1.0
53 86 1.0
54 3 1.0
54 13 1.0
54 20 1.0
54 42 1.0
54 92 1.0
54 153 1.0
54 190 1.0
54 240 1.0
55 61 1.0
55 78 1.0
55 152 1.0
55 181 1.0
56 79 1.0
56 161 1.0
56 187 1.0
57 24 1.0
57 89 1.0
57 112 1.0
57 173 1.0
57 226 1.0
58 3 1.0
58 14 1.0
58 62 1.0
58 101 1.0
58 150 1.0
58 198 1.0
58 199 1.0
58 261 1.0
58 276 1.0
59 55 1.0
59 66 1.0
59 160 1.0
59 187 1.0
59 255 1.0
60 23 1.0
60 67 1.0
60 108 1.0
60 112 1.0
60 146 1.0
60 151 1.0
61 40 1.0
61 55 1.0
61 94 1.0
61 119 1.0
61 290 1.0
62 59 1.0
62 84 1.0
62 292 1.0
63 65 1.0
63 175 1.0
63 199 1.0
63 212 1.0
63 266 1.0
63 282 1.0
64 47 1.0
64 119 1.0
64 137 1.0
64 201 1.0
64 247 1.0
64 261 1.0
64 269 1.0
64 285 1.0
65 81 1.0
65 83 1.0
65 160 1.0
65 162 1.0
65 174 1.0
65 190 1.0
65 282 1.0
66 8 1.0
66 9 1.0
66 29 1.0
66 35 1.0
66 49 1.0
66 73 1.0
66 151 1.0
66 202 1.0
66 220 1.0
66 239 1.0
67 34 1.0
67 79 1.0
67 105 1.0
67 134 1.0
67 166 1.0
67 224 1.0
67 236 1.0
68 6 1.0
68 57 1.0
68 126 1.0
68 204 1.0
68 225 1.0
69 57 1.0
69 81 1.0
69 94 1.0
69 159 1.0
69 187 1.0
70 1 1.0
70 76 1.0
70 137 1.0
70 166 1.0
70 203 1.0
70 241 1.0
71 25 1.0
71 88 1.0
71 106 1.0
71 141 1.0
71 162 1.0
71 171 1.0
71 254 1.0
71 269 1.0
72 186 1.0
72 204 1.0
72 214 1.0
72 231 1.0
72 242 1.0
73 29 1.0
73 45 1.0
73 59 1.0
73 78 1.0
73 83 1.0
73 125 1.0
73 129 1.0
73 151 1.0
73 292 1.0
74 5 1.0
74 181 1.0
74 183 1.0
75 158 1.0
76 30 1.0
76 52 1.0
76 59 1.0
76 90 1.0
76 177 1.0
77 18 1.0
77 20 1.0
77 129 1.0
77 132 1.0
77 174 1.0
77 192 1.0
77 224 1.0
77 234 1.0
77 264 1.0
78 33 1.0
78 83 1.0
78 124 1.0
78 146 1.0
78 150 1.0
78 156 1.0
78 173 1.0
78 258 1.0
78 291 1.0
79 112 1.0
80 8 1.0
80 79 1.0
80 152 1.0
80 186 1.0
80 225 1.0
80 272 1.0
80 283 1.0
81 30 1.0
81 71 1.0
81 164 1.0
81 172 1.0
81 201 1.0
82 4 1.0
82 61 1.0
82 126 1.0
82 236 1.0
83 8 1.0
83 36 1.0
83 103 1.0
83 160 1.0
83 243 1.0
83 284 1.0
84 15 1.0
84 46 1.0
84 81 1.0
84 92 1.0
84 176 1.0
85 1 1.0
85 22 1.0
85 63 1.0
85 111 1.0
85 127 1.0
85 137 1.0
85 213 1.0
86 102 1.0
86 131 1.0
86 145 1.0
87 23 1.0
87 98 1.0
87 230 1.0
87 244 1.0
88 195 1.0
88 200 1.0
88 233 1.0
88 240 1.0
88 273 1.0
88 287 1.0
89 48 1.0
89 69 1.0
89 72 1.0
89 184 1.0
89 254 1.0
90 71 1.0
90 83 1.0
90 121 1.0
90 194 1.0
90 285 1.0
91 7 1.0
91 52 1.0
91 142 1.0
91 153 1.0
91 157 1.0
91 206 1.0
92 1 1.0
92 78 1.0
92 144 1.0
92 158 1.0
92 182 1.0
93 44 1.0
93 85 1.0
93 143 1.0
93 149 1.0
93 169 1.0
93 170 1.0
93 171 1.0
93 259 1.0
94 136 1.0
94 146 1.0
95 35 1.0
95 146 1.0
95 157 1.0
95 258 1.0
96 7 1.0
96 109 1.0
96 153 1.0
96 175 1.0
96 257 1.0
96 297 1.0
96 299 1.0
97 14 1.0
97 80 1.0
97 108 1.0
97 131 1.0
97 217 1.0
97 292 1.0
98 34 1.0
98 39 1.0
98 51 1.0
98 128 1.0
98 203 1.0
98 223 1.0
99 16 1.0
99 54 1.0
100 52 1.0
100 147 1.0
100 218 1.0
100 277 1.0
101 36 1.0
101 98 1.0
101 105 1.0
101 195 1.0
101 297 1.0
102 38 1.0
102 74 1.0
102 117 1.0
102 243 1.0
103 42 1.0
103 97 1.0
103 170 1.0
103 190 1.0
103 275 1.0
104 84 1.0
104 153 1.0
104 170 1.0
104 201 1.0
104 227 1.0
104 266 1.0
105 44 1.0
105 48 1.0
105 102 1.0
105 110 1.0
105 117 1.0
105 142 1.0
105 154 1.0
105 256 1.0
106 81 1.0
106 126 1.0
106 155 1.0
106 185 1.0
106 186 1.0
106 225 1.0
106 288 1.0
107 69 1.0
107 113 1.0
107 116 1.0
107 129 1.0
107 203 1.0
107 217 1.0
108 19 1.0
108 29 1.0
108 35 1.0
108 41 1.0
108 49 1.0
108 81 1.0
108 98 1.0
108 153 1.0
108 199 1.0
108 235 1.0
109 1 1.0
109 113 1.0
109 127 1.0
109 135 1.0
109 186 1.0
109 253 1.0
110 20 1.0
110 31 1.0
110 241 1.0
111 62 1.0
111 100 1.0
111 184 1.0
111 202 1.0
111 238 1.0
111 239 1.0
112 153 1.0
112 299 1.0
113 5 1.0
113 31 1.0
113 96 1.0
113 196 1.0
114 24 1.0
114 36 1.0
114 78 1.0
114 95 1.0
114 108 1.0
114 125 1.0
114 152 1.0
115 13 1.0
115 44 1.0
115 110 1.0
115 116 1.0
115 132 1.0
116 69 1.0
116 108 1.0
116 135 1.0
116 137 1.0
116 155 1.0
116 189 1.0
116 215 1.0
116 249 1.0
116 266 1.0
116 290 1.0
117 0 1.0
117 65 1.0
117 97 1.0
117 121 1.0
117 159 1.0
118 30 1.0
118 119 1.0
118 176 1.0
119 135 1.0
119 171 1.0
119 195 1.0
120 95 1.0
120 188 1.0
120 210 1.0
120 290 1.0
121 8 1.0
121 76 1.0
121 84 1.0
121 120 1.0
121 141 1.0
121 145 1.0
121 158 1.0
121 214 1.0
122 92 1.0
122 175 1.0
122 185 1.0
122 197 1.0
122 266 1.0
123 48 1.0
123 101 1.0
123 108 1.0
123 121 1.0
123 132 1.0
123 154 1.0
124 7 1.0
124 78 1.0
125 13 1.0
125 50 1.0
125 111 1.0
125 136 1.0
126 188 1.0
127 1 1.0
127 6 1.0
127 62 1.0
127 76 1.0
127 154 1.0
127 155 1.0
127 252 1.0
128 15 1.0
128 61 1.0
128 93 1.0
128 126 1.0
128 249 1.0
128 291 1.0
129 74 1.0
129 163 1.0
129 280 1.0
130 1 1.0
130 7 1.0
130 9 1.0
130 102 1.0
130 112 1.0
130 237 1.0
130 264 1.0
130 293 1.0
131 0 1.0
131 11 1.0
131 34 1.0
131 59 1.0
131 123 1.0
131 176 1.0
131 197 1.0
131 244 1.0
131 280 1.0
132 11 1.0
132 112 1.0
132 208 1.0
132 278 1.0
132 286 1.0
133 53 1.0
133 80 1.0
133 116 1.0
133 213 1.0
134 9 1.0
134 23 1.0
134 88 1.0
134 107 1.0
134 125 1.0
134 131 1.0
135 90 1.0
135 95 1.0
135 134 1.0
136 11 1.0
136 24 1.0
136 41 1.0
136 118 1.0
136 143 1.0
136 160 1.0
136 178 1.0
136 197 1.0
136 224 1.0
136 280 1.0
137 94 1.0
137 97 1.0
137 129 1.0
137 203 1.0
138 45 1.0
138 57 1.0
138 72 1.0
138 99 1.0
138 178 1.0
138 182 1.0
138 188 1.0
138 224 1.0
138 229 1.0
139 0 1.0
139 36 1.0
139 94 1.0
139 112 1.0
140 16 1.0
140 92 1.0
140 161 1.0
140 194 1.0
141 28 1.0
141 123 1.0
141 131 1.0
141 192 1.0
141 281 1.0
142 38 1.0
142 115 1.0
142 144 1.0
142 155 1.0
142 277 1.0
142 282 1.0
142 286 1.0
143 2 1.0
143 21 1.0
143 102 1.0
143 124 1.0
143 205 1.0
144 12 1.0
144 13 1.0
144 18 1.0
144 40 1.0
144 77 1.0
144 97 1.0
144 159 1.0
144 223 1.0
145 5 1.0
145 61 1.0
145 89 1.0
145 90 1.0
145 280 1.0
146 100 1.0
147 10 1.0
147 11 1.0
147 16 1.0
147 85 1.0
147 112 1.0
147 129 1.0
147 155 1.0
147 191 1.0
147 197 1.0
148 69 1.0
148 97 1.0
148 273 1.0
149 6 1.0
149 30 1.0
149 109 1.0
149 118 1.0
149 141 1.0
149 155 1.0
149 156 1.0
149 176 1.0
149 193 1.0
149 236 1.0
150 33 1.0
150 61 1.0
150 87 1.0
150 122 1.0
150 170 1.0
150 178 1.0
151 3 1.0
151 47 1.0
151 61 1.0
151 62 1.0
151 120 1.0
151 135 1.0
151 285 1.0
151 295 1.0
152 16 1.0
152 50 1.0
152 81 1.0
152 131 1.0
152 143 1.0
152 165 1.0
152 212 1.0
152 216 1.0
152 266 1.0
152 269 1.0
152 290 1.0
152 295 1.0
153 29 1.0
153 175 1.0
154 75 1.0
154 77 1.0
154 87 1.0
154 166 1.0
155 19 1.0
155 20 1.0
155 94 1.0
155 110 1.0
155 122 1.0
155 162 1.0
155 221 1.0
156 17 1.0
157 24 1.0
157 26 1.0
157 85 1.0
157 98 1.0
157 101 1.0
157 115 1.0
157 158 1.0
157 159 1.0
157 175 1.0
157 236 1.0
158 5 1.0
158 48 1.0
158 58 1.0
158 150 1.0
158 165 1.0
158 166 1.0
158 176 1.0
158 288 1.0
158 294 1.0
159 63 1.0
159 64 1.0
159 99 1.0
160 156 1.0
160 209 1.0
160 285 1.0
161 56 1.0
161 198 1.0
161 219 1.0
162 38 1.0
162 130 1.0
162 202 1.0
162 282 1.0
163 155 1.0
163 157 1.0
163 279 1.0
163 289 1.0
163 298 1.0
164 14 1.0
164 98 1.0
164 198 1.0
165 27 1.0
165 100 1.0
165 141 1.0
165 159 1.0
165 173 1.0
165 174 1.0
165 176 1.0
166 2 1.0
166 17 1.0
166 36 1.0
166 116 1.0
166 247 1.0
166 263 1.0
167 134 1.0
167 152 1.0
167 165 1.0
167 229 1.0
168 18 1.0
168 35 1.0
168 56 1.0
168 179 1.0
169 3 1.0
169 63 1.0
169 75 1.0
169 121 1.0
169 156 1.0
169 158 1.0
169 198 1.0
169 224 1.0
170 27 1.0
170 39 1.0
170 93 1.0
170 119 1.0
170 181 1.0
170 207 1.0
170 212 1.0
171 4 1.0
171 68 1.0
171 118 1.0
171 278 1.0
172 82 1.0
172 99 1.0
172 140 1.0
173 67 1.0
173 153 1.0
173 196 1.0
173 233 1.0
174 62 1.0
174 65 1.0
174 81 1.0
174 100 1.0
174 204 1.0
174 279 1.0
175 1 1.0
175 119 1.0
175 167 1.0
175 172 1.0
176 45 1.0
176 54 1.0
176 123 1.0
176 129 1.0
176 182 1.0
176 226 1.0
176 236 1.0
177 15 1.0
177 189 1.0
177 278 1.0
178 1 1.0
178 30 1.0
178 70 1.0
178 74 1.0
179 68 1.0
179 80 1.0
179 93 1.0
179 153 1.0
179 229 1.0
179 293 1.0
180 168 1.0
180 181 1.0
180 240 1.0
180 272 1.0
181 44 1.0
181 129 1.0
181 162 1.0
182 27 1.0
182 75 1.0
182 84 1.0
182 123 1.0
183 1 1.0
183 37 1.0
183 72 1.0
183 141 1.0
183 144 1.0
183 162 1.0
183 237 1.0
184 68 1.0
184 104 1.0
184 107 1.0
184 171 1.0
184 186 1.0
184 200 1.0
185 79 1.0
185 175 1.0
185 195 1.0
185 250 1.0
185 259 1.0
186 46 1.0
186 87 1.0
186 92 1.0
186 164 1.0
186 178 1.0
187 107 1.0
187 158 1.0
187 242 1.0
188 19 1.0
188 90 1.0
188 97 1.0
188 161 1.0
189 12 1.0
189 24 1.0
189 35 1.0
189 188 1.0
190 73 1.0
190 95 1.0
190 136 1.0
190 168 1.0
190 288 1.0
191 20 1.0
191 45 1.0
191 55 1.0
191 111 1.0
191 178 1.0
191 227 1.0
191 269 1.0
192 1 1.0
192 33 1.0
192 81 1.0
192 148 1.0
192 215 1.0
192 256 1.0
193 10 1.0
193 26 1.0
193 27 1.0
193 30 1.0
193 105 1.0
193 144 1.0
193 218 1.0
193 223 1.0
193 284 1.0
194 163 1.0
194 204 1.0
194 214 1.0
194 232 1.0
195 15 1.0
195 22 1.0
195 59 1.0
195 83 1.0
195 196 1.0
195 255 1.0
196 11 1.0
196 166 1.0
196 230 1.0
197 14 1.0
197 75 1.0
197 120 1.0
197 146 1.0
197 150 1.0
198 62 1.0
198 84 1.0
198 91 1.0
198 191 1.0
198 230 1.0
198 283 1.0
199 9 1.0
199 47 1.0
199 186 1.0
199 206 1.0
199 226 1.0
200 6 1.0
200 17 1.0
200 88 1.0
200 184 1.0
200 214 1.0
200 247 1.0
201 46 1.0
201 64 1.0
201 81 1.0
201 104 1.0
202 66 1.0
202 111 1.0
202 162 1.0
203 70 1.0
203 98 1.0
203 107 1.0
203 137 1.0
204 68 1.0
204 72 1.0
204 174 1.0
204 194 1.0
205 20 1.0
205 143 1.0
205 275 1.0
206 22 1.0
206 30 1.0
206 91 1.0
206 199 1.0
207 170 1.0
207 257 1.0
207 291 1.0
207 297 1.0
208 9 1.0
208 27 1.0
208 35 1.0
208 132 1.0
208 229 1.0
209 30 1.0
209 160 1.0
209 245 1.0
209 248 1.0
210 32 1.0
210 51 1.0
210 120 1.0
210 228 1.0
211 16 1.0
211 219 1.0
212 63 1.0
212 152 1.0
212 170 1.0
213 34 1.0
213 85 1.0
213 133 1.0
214 72 1.0
214 121 1.0
214 194 1.0
214 200 1.0
214 276 1.0
215 8 1.0
215 116 1.0
215 192 1.0
216 17 1.0
216 48 1.0
216 152 1.0
216 268 1.0
217 6 1.0
217 27 1.0
217 97 1.0
217 107 1.0
217 220 1.0
218 100 1.0
218 193 1.0
218 246 1.0
219 161 1.0
219 211 1.0
219 225 1.0
219 252 1.0
220 66 1.0
220 217 1.0
220 279 1.0
221 22 1.0
221 44 1.0
221 155 1.0
221 242 1.0
222 8 1.0
222 18 1.0
222 32 1.0
222 48 1.0
223 98 1.0
223 144 1.0
223 193 1.0
224 9 1.0
224 10 1.0
224 34 1.0
224 36 1.0
224 67 1.0
224 77 1.0
224 136 1.0
224 138 1.0
224 169 1.0
224 266 1.0
225 68 1.0
225 80 1.0
225 106 1.0
225 219 1.0
225 249 1.0
225 266 1.0
226 5 1.0
226 6 1.0
226 39 1.0
226 57 1.0
226 176 1.0
226 199 1.0
226 271 1.0
226 286 1.0
226 294 1.0
227 38 1.0
227 104 1.0
227 191 1.0
227 271 1.0
227 297 1.0
228 210 1.0
228 236 1.0
228 246 1.0
229 138 1.0
229 167 1.0
229 179 1.0
229 208 1.0
229 235 1.0
229 256 1.0
230 41 1.0
230 87 1.0
230 196 1.0
230 198 1.0
231 44 1.0
231 45 1.0
231 72 1.0
231 296 1.0
232 194 1.0
232 233 1.0
232 245 1.0
232 299 1.0
233 88 1.0
233 173 1.0
233 232 1.0
234 12 1.0
234 77 1.0
234 250 1.0
234 274 1.0
234 280 1.0
234 296 1.0
235 108 1.0
235 229 1.0
235 261 1.0
236 48 1.0
236 67 1.0
236 82 1.0
236 149 1.0
236 157 1.0
236 176 1.0
236 228 1.0
236 273 1.0
236 284 1.0
237 15 1.0
237 22 1.0
237 23 1.0
237 130 1.0
237 183 1.0
238 2 1.0
238 16 1.0
238 48 1.0
238 111 1.0
238 283 1.0
238 297 1.0
239 66 1.0
239 111 1.0
239 279 1.0
240 1 1.0
240 54 1.0
240 88 1.0
240 180 1.0
241 40 1.0
241 45 1.0
241 70 1.0
241 110 1.0
241 246 1.0
242 72 1.0
242 187 1.0
242 221 1.0
243 83 1.0
243 102 1.0
243 284 1.0
244 39 1.0
244 87 1.0
244 131 1.0
245 8 1.0
245 19 1.0
245 209 1.0
245 232 1.0
246 8 1.0
246 14 1.0
246 218 1.0
246 228 1.0
246 241 1.0
246 272 1.0
247 7 1.0
247 64 1.0
247 166 1.0
247 200 1.0
248 4 1.0
248 209 1.0
249 32 1.0
249 36 1.0
249 116 1.0
249 128 1.0
249 225 1.0
250 185 1.0
250 234 1.0
250 291 1.0
251 6 1.0
251 34 1.0
251 257 1.0
251 287 1.0
252 127 1.0
252 219 1.0
253 20 1.0
253 109 1.0
253 280 1.0
254 71 1.0
254 89 1.0
254 287 1.0
255 59 1.0
255 195 1.0
255 274 1.0
256 0 1.0
256 7 1.0
256 21 1.0
256 105 1.0
256 192 1.0
256 229 1.0
257 96 1.0
257 207 1.0
257 251 1.0
258 6 1.0
258 32 1.0
258 78 1.0
258 95 1.0
258 267 1.0
258 278 1.0
259 21 1.0
259 32 1.0
259 93 1.0
259 185 1.0
259 260 1.0
260 10 1.0
260 259 1.0
260 273 1.0
260 284 1.0
261 25 1.0
261 58 1.0
261 64 1.0
261 235 1.0
261 288 1.0
262 0 1.0
262 15 1.0
263 6 1.0
263 9 1.0
263 166 1.0
264 77 1.0
264 130 1.0
264 271 1.0
264 296 1.0
265 18 1.0
266 63 1.0
266 104 1.0
266 116 1.0
266 122 1.0
266 152 1.0
266 224 1.0
266 225 1.0
266 281 1.0
267 9 1.0
267 52 1.0
267 258 1.0
268 216 1.0
269 64 1.0
269 71 1.0
269 152 1.0
269 191 1.0
269 270 1.0
270 269 1.0
270 291 1.0
270 292 1.0
271 226 1.0
271 227 1.0
271 264 1.0
271 277 1.0
272 51 1.0
272 80 1.0
272 180 1.0
272 246 1.0
273 88 1.0
273 148 1.0
273 236 1.0
273 260 1.0
274 26 1.0
274 234 1.0
274 255 1.0
275 1 1.0
275 103 1.0
275 205 1.0
276 9 1.0
276 15 1.0
276 43 1.0
276 58 1.0
276 214 1.0
277 100 1.0
277 142 1.0
277 271 1.0
277 284 1.0
278 32 1.0
278 132 1.0
278 171 1.0
278 177 1.0
278 258 1.0
278 296 1.0
279 25 1.0
279 163 1.0
279 174 1.0
279 220 1.0
279 239 1.0
279 280 1.0
279 287 1.0
280 129 1.0
280 131 1.0
280 136 1.0
280 145 1.0
280 234 1.0
280 253 1.0
280 279 1.0
281 8 1.0
281 33 1.0
281 141 1.0
281 266 1.0
282 63 1.0
282 65 1.0
282 142 1.0
282 162 1.0
283 4 1.0
283 80 1.0
283 198 1.0
283 238 1.0
283 283 1.0
284 83 1.0
284 193 1.0
284 236 1.0
284 243 1.0
284 260 1.0
284 277 1.0
285 64 1.0
285 90 1.0
285 151 1.0
285 160 1.0
286 1 1.0
286 11 1.0
286 20 1.0
286 132 1.0
286 142 1.0
286 226 1.0
286 288 1.0
287 48 1.0
287 88 1.0
287 251 1.0
287 254 1.0
287 279 1.0
288 106 1.0
288 158 1.0
288 190 1.0
288 261 1.0
288 286 1.0
289 11 1.0
289 163 1.0
290 6 1.0
290 15 1.0
290 61 1.0
290 116 1.0
290 120 1.0
290 152 1.0
291 78 1.0
291 128 1.0
291 207 1.0
291 250 1.0
291 270 1.0
292 33 1.0
292 62 1.0
292 73 1.0
292 97 1.0
292 270 1.0
293 16 1.0
293 130 1.0
293 179 1.0
294 5 1.0
294 41 1.0
294 158 1.0
294 226 1.0
295 29 1.0
295 151 1.0
295 152 1.0
296 231 1.0
296 234 1.0
296 264 1.0
296 278 1.0
296 298 1.0
297 96 1.0
297 101 1.0
297 207 1.0
297 227 1.0
297 238 1.0
298 9 1.0
298 50 1.0
298 163 1.0
298 296 1.0
299 96 1.0
299 112 1.0
299 232 1.0
