0 286
0 112
0 14
0 47
0 296
0 171
0 107
0 64
0 42
1 248
1 81
1 76
1 218
1 183
1 217
1 234
1 59
1 182
1 274
2 109
2 172
2 119
2 45
2 76
2 221
2 142
2 193
3 163
3 266
3 73
3 102
3 13
3 199
3 33
3 98
3 15
4 110
4 114
4 231
4 99
4 246
4 145
4 67
4 73
4 54
4 185
4 16
4 169
4 172
4 29
4 254
5 24
5 165
5 14
5 243
5 241
5 42
5 291
5 294
6 105
6 230
6 148
6 186
6 13
6 87
6 107
6 274
6 34
6 167
6 155
7 71
7 31
7 223
7 239
7 38
7 121
7 205
7 107
7 210
8 27
8 192
8 68
8 113
8 77
8 180
8 84
9 80
9 169
9 107
9 209
9 257
9 244
9 91
9 66
9 114
9 262
9 26
9 178
10 78
10 137
10 216
10 32
10 214
10 182
10 289
11 267
11 8
11 191
11 262
11 6
12 177
12 8
12 261
12 112
12 107
12 179
12 75
12 4
12 13
13 174
13 205
13 111
13 249
13 270
13 90
14 223
14 227
14 63
14 102
14 267
14 28
14 90
14 144
14 30
15 299
15 45
15 42
15 25
16 216
16 294
16 188
16 13
16 247
16 241
16 39
16 132
16 234
16 171
16 72
16 204
17 113
17 187
17 191
17 161
17 66
17 26
17 30
17 49
17 275
17 61
18 119
18 93
18 155
18 19
18 293
18 247
18 131
19 159
19 272
19 29
19 285
19 238
19 65
19 291
19 88
19 32
19 47
19 90
19 74
20 110
20 227
20 133
20 273
20 171
20 74
20 14
21 26
21 149
21 134
21 217
21 143
21 96
21 94
21 267
21 39
21 235
21 118
21 216
21 168
22 35
22 156
22 41
22 149
22 4
22 241
22 191
22 270
22 86
22 13
22 120
23 189
23 263
23 277
23 174
23 98
23 231
23 214
23 161
23 49
23 163
23 270
23 121
23 272
23 217
24 108
24 78
24 162
24 221
24 292
24 288
24 209
24 263
24 206
25 125
25 228
25 178
25 243
25 83
25 251
25 34
25 112
25 283
25 274
25 234
25 240
25 182
26 285
26 101
26 186
26 244
26 250
26 172
26 80
26 45
26 242
26 297
26 171
26 84
27 241
27 116
27 250
27 135
27 160
27 214
27 14
27 283
27 7
27 208
27 55
27 174
27 258
27 230
27 297
27 28
27 282
27 108
28 37
28 189
28 204
28 133
28 267
28 275
28 64
29 129
29 138
29 19
29 141
29 71
29 77
29 273
29 88
29 196
29 241
29 214
30 45
30 7
30 162
30 229
30 193
30 284
30 66
30 228
30 51
30 134
31 93
31 264
31 12
31 22
31 144
31 43
31 70
31 251
31 282
31 148
32 156
32 2
32 78
32 236
32 67
32 15
32 201
32 25
32 289
32 281
32 170
33 61
33 199
33 75
33 153
33 102
33 112
33 273
34 106
34 78
34 156
34 79
34 233
34 206
34 279
34 292
34 293
35 254
35 210
35 59
35 86
35 242
35 262
36 172
36 233
36 292
36 277
37 223
37 236
37 120
37 167
37 9
37 70
37 83
37 177
37 80
37 32
38 250
38 166
38 113
38 118
38 224
38 76
38 295
39 235
39 73
39 123
39 102
39 290
40 208
40 5
40 113
40 168
40 277
40 247
40 173
40 54
40 4
40 260
40 171
41 284
41 262
41 110
41 291
41 217
41 29
41 259
41 90
41 173
41 56
41 67
41 180
41 53
41 196
42 163
42 98
42 141
42 57
42 13
42 192
43 198
43 179
43 91
43 171
43 244
43 94
43 116
43 33
43 225
43 46
43 287
43 196
43 114
44 173
44 295
44 267
44 82
44 204
44 110
45 198
45 76
45 220
45 127
45 264
45 145
45 180
45 286
46 124
46 20
46 253
46 75
46 141
46 280
46 153
46 137
46 298
47 299
47 31
47 38
47 65
47 36
47 25
48 246
48 0
48 110
48 182
48 285
48 40
48 243
48 193
48 85
48 73
49 201
49 31
49 52
49 4
49 243
49 15
49 211
49 11
49 35
50 252
50 290
50 275
50 61
50 166
50 41
50 217
50 227
50 133
50 193
50 42
50 100
51 36
51 158
51 128
51 293
51 169
51 248
51 266
52 35
52 292
52 185
52 127
52 46
52 116
53 230
53 61
53 85
53 273
53 147
53 93
53 240
53 72
53 190
53 5
53 258
53 46
53 162
54 243
54 135
54 248
54 106
54 205
54 266
54 257
54 207
54 253
54 23
54 87
55 247
55 74
55 293
55 270
55 85
55 278
55 254
55 288
56 275
56 229
56 224
56 94
57 278
57 176
57 199
57 286
57 167
57 20
57 117
57 116
57 279
57 156
57 264
58 59
58 148
58 37
58 178
59 275
59 135
59 164
59 254
59 257
59 227
60 116
60 206
60 208
60 266
60 267
60 22
60 12
60 295
60 40
60 189
60 33
60 269
61 90
61 230
61 226
61 121
61 145
61 56
61 211
61 15
61 291
61 6
62 244
62 12
62 278
62 74
62 16
62 115
62 101
62 211
62 92
63 195
63 16
63 9
63 251
63 187
63 207
63 271
64 149
64 227
64 293
64 278
64 73
64 165
64 291
65 125
65 231
65 162
65 276
65 106
65 45
65 260
65 299
65 294
66 100
66 24
66 92
66 293
66 291
66 90
66 272
66 295
66 287
66 134
66 217
66 233
66 207
67 171
67 289
67 217
67 119
67 187
67 25
67 68
67 256
68 104
68 266
68 81
68 280
68 251
68 48
68 46
68 189
68 224
69 194
69 104
69 11
69 113
69 260
69 29
70 18
70 255
70 263
70 193
70 168
70 167
70 33
70 113
71 8
71 286
71 64
71 202
71 51
71 199
71 239
71 34
71 118
71 173
72 104
72 211
72 209
72 172
72 167
72 28
72 226
72 58
72 133
73 202
73 112
73 141
73 177
73 59
73 105
73 222
73 176
73 107
73 79
74 24
74 176
74 169
74 60
75 4
75 114
75 103
75 226
75 125
75 51
75 205
75 216
75 283
75 273
75 156
75 62
75 110
76 248
76 26
76 113
76 115
76 232
76 272
76 259
77 297
77 282
77 215
77 76
77 114
77 266
77 15
77 117
78 124
78 49
78 69
78 4
78 200
78 233
78 72
79 174
79 66
79 191
79 240
79 25
79 75
79 196
79 44
79 195
79 39
79 274
79 2
79 156
80 259
80 181
80 182
80 83
80 219
80 255
80 47
80 215
81 264
81 163
81 59
81 43
81 5
81 246
81 195
82 238
82 11
82 295
82 164
82 255
82 284
82 171
82 97
82 71
82 70
82 190
82 168
82 8
82 34
83 197
83 118
83 228
83 170
83 91
83 144
83 254
83 284
83 39
83 269
83 238
83 63
83 163
83 149
83 258
83 126
83 19
83 137
84 287
84 280
84 7
84 32
84 216
84 224
84 174
84 21
84 101
84 260
85 239
85 43
85 79
85 53
85 224
85 4
85 0
85 141
85 256
85 206
85 219
85 198
85 201
86 27
86 238
86 146
86 16
86 269
86 233
87 218
87 293
87 129
87 288
87 229
87 105
87 107
87 58
87 196
88 299
88 193
88 5
88 200
88 84
88 274
88 102
88 7
88 241
88 243
88 229
89 251
89 166
89 262
89 6
89 103
89 158
89 5
89 144
89 198
90 94
90 2
90 137
90 195
90 172
91 221
91 233
91 124
91 77
91 267
91 103
91 8
92 20
92 220
92 286
92 199
92 180
92 121
93 112
93 139
93 53
93 37
93 137
93 25
93 214
93 102
93 6
94 198
94 98
94 193
94 48
94 275
94 115
94 160
94 255
94 49
94 135
94 34
94 214
94 111
94 235
94 273
94 102
95 59
95 52
95 197
95 6
95 113
95 36
95 74
95 134
96 18
96 167
96 65
96 204
96 226
96 197
97 19
97 137
97 244
98 207
98 29
98 141
98 117
98 211
99 228
99 96
99 144
99 3
99 160
99 246
99 211
99 10
99 53
99 78
99 74
99 21
100 45
100 105
100 253
100 64
100 0
100 263
100 70
100 1
100 157
100 234
101 110
101 210
101 144
101 52
101 281
101 247
101 253
101 183
101 185
102 12
102 37
102 104
102 109
102 276
102 60
102 69
102 26
102 35
102 61
102 218
102 118
102 282
102 250
102 208
102 142
102 278
102 100
102 132
102 231
102 57
103 168
103 25
103 246
103 1
103 189
103 247
103 7
103 274
103 153
104 209
104 16
104 184
104 58
104 30
104 255
104 248
104 25
104 76
104 270
104 73
105 210
105 98
105 219
105 58
105 112
105 104
105 222
105 134
105 143
105 161
105 160
105 216
105 287
105 295
106 65
106 48
106 188
106 29
106 86
106 16
107 133
107 23
107 228
107 253
107 84
107 276
107 247
107 88
107 18
107 116
107 226
107 105
107 80
108 293
108 153
108 154
108 160
108 9
108 129
108 7
108 167
108 42
108 56
108 218
109 298
109 31
109 210
109 122
109 91
109 170
109 138
109 118
110 43
110 215
110 163
110 147
110 78
110 146
110 169
110 167
111 212
111 106
111 206
111 259
111 9
111 256
111 267
111 249
112 216
112 68
112 291
112 69
112 240
112 188
112 222
112 111
112 275
112 214
112 12
112 6
112 295
112 186
112 86
113 42
113 229
113 210
113 88
114 95
114 134
114 179
114 198
114 148
114 53
114 274
114 246
115 259
115 93
115 195
115 188
115 295
115 125
116 206
116 256
116 202
116 132
116 229
116 34
116 258
116 135
116 89
116 165
117 20
117 70
117 247
117 172
117 105
117 257
117 94
117 146
117 66
117 56
117 224
117 213
118 132
118 57
118 41
118 219
118 247
118 237
118 122
118 173
118 0
118 210
118 59
118 277
118 257
119 122
119 88
119 179
119 48
119 237
119 147
119 174
119 110
119 68
119 255
119 79
119 249
119 256
120 144
120 14
120 249
120 173
120 107
120 155
120 45
120 172
120 161
120 231
120 42
121 299
121 146
121 201
121 176
121 5
121 2
121 47
121 45
121 21
121 167
121 123
121 273
122 186
122 177
122 217
122 86
122 210
122 241
122 57
122 23
122 167
122 22
122 257
122 236
123 167
123 298
123 76
123 115
123 129
123 242
123 211
124 211
124 213
124 289
124 141
124 187
124 91
124 246
125 183
125 23
125 83
125 5
125 210
125 276
125 251
125 289
126 5
126 169
126 92
126 238
126 293
126 4
126 210
127 298
127 152
127 223
127 276
127 157
127 193
127 123
127 132
128 186
128 256
128 122
128 6
128 168
128 64
128 81
128 203
128 120
128 44
128 67
128 147
129 273
129 294
129 205
129 164
129 92
129 156
129 30
129 234
130 221
130 203
130 104
130 55
130 16
130 48
130 267
130 50
130 185
130 134
130 43
131 78
131 267
131 218
131 149
131 71
131 187
132 273
132 100
132 107
132 70
132 127
133 101
133 278
133 163
133 167
133 109
133 293
133 200
133 180
133 299
133 64
133 157
134 34
134 29
134 52
134 236
134 74
134 159
135 277
135 174
135 262
135 172
135 254
135 12
135 32
136 131
136 128
136 85
136 0
136 2
136 265
136 214
137 151
137 1
137 223
137 296
137 265
137 188
137 177
137 70
137 155
137 244
138 31
138 272
138 65
138 103
138 36
138 19
138 184
138 193
139 177
139 190
139 50
139 63
140 187
140 125
140 54
140 246
140 230
140 291
140 199
140 226
140 75
140 151
140 32
140 238
141 33
141 180
141 157
141 249
141 125
141 198
141 85
141 6
141 268
141 274
141 183
142 282
142 231
142 192
142 59
142 62
142 268
142 274
142 182
142 106
143 179
143 224
143 94
143 184
144 197
144 137
144 265
144 97
144 233
144 165
144 256
144 80
144 93
144 236
144 134
144 15
144 101
145 153
145 175
145 35
145 92
145 1
145 243
145 8
145 5
145 212
146 122
146 95
146 8
146 297
146 296
146 190
146 280
146 201
146 45
146 114
146 27
146 295
147 73
147 178
147 207
147 252
147 36
148 139
148 171
148 131
148 167
148 290
148 264
148 21
148 19
148 234
148 198
148 222
149 286
149 204
149 263
149 27
149 271
149 165
149 104
150 45
150 64
150 93
150 281
150 191
150 58
150 113
150 197
150 172
150 50
150 47
150 253
150 12
150 76
150 134
150 43
151 77
151 105
151 124
151 274
151 256
151 50
151 167
151 30
151 72
151 285
151 162
152 77
152 119
152 83
152 87
152 140
152 135
152 62
152 233
152 54
153 198
153 24
153 156
153 169
153 224
153 221
153 179
153 18
153 150
154 139
154 287
154 256
154 49
154 214
154 298
154 57
154 176
154 87
155 106
155 279
155 87
155 185
155 62
155 95
155 229
156 48
156 78
156 268
156 192
156 30
156 130
156 157
156 142
156 153
156 61
156 104
157 30
157 255
157 274
157 276
157 76
157 41
158 293
158 52
158 278
158 264
158 76
158 114
158 58
158 222
158 203
158 22
159 89
159 243
159 202
159 267
160 172
160 236
160 126
160 252
160 201
160 225
161 25
161 88
161 289
161 19
161 263
161 8
161 33
161 248
161 53
162 59
162 255
162 231
162 111
162 211
162 219
162 138
162 175
163 56
163 157
163 276
163 3
163 45
163 144
163 275
163 13
163 26
163 159
163 190
164 82
164 238
164 210
164 170
164 106
164 147
164 252
164 242
164 32
164 46
164 229
165 235
165 50
165 209
165 187
165 219
165 112
166 177
166 219
166 0
166 233
166 255
166 221
167 256
167 190
167 32
167 221
167 292
167 111
167 93
167 267
167 34
167 1
167 224
168 78
168 30
168 83
168 221
168 286
168 107
168 64
168 184
169 197
169 164
169 122
169 282
169 264
169 261
170 214
170 220
170 230
170 145
170 57
171 27
171 244
171 211
171 87
171 150
171 181
171 273
172 271
172 13
172 157
172 137
172 36
172 100
172 119
172 1
172 278
172 0
173 273
173 243
173 180
173 66
173 51
173 262
173 132
174 250
174 14
174 284
174 198
174 240
174 253
174 157
174 143
174 206
174 68
174 292
175 27
175 28
175 72
175 144
175 24
175 245
176 102
176 192
176 206
176 77
176 272
176 33
176 256
177 54
177 255
177 2
177 144
177 182
177 257
177 225
177 207
177 199
177 193
177 84
177 49
178 78
178 153
178 124
178 177
178 51
178 211
178 151
178 293
178 7
178 22
178 4
179 49
179 27
179 252
179 260
179 114
179 128
179 183
179 219
179 181
179 194
179 17
179 173
180 292
180 101
180 121
180 117
180 136
181 83
181 252
181 48
181 30
181 221
181 82
181 55
181 149
181 275
181 20
181 255
181 11
181 185
182 86
182 180
182 9
182 157
182 122
182 178
182 141
182 1
182 234
183 72
183 22
183 29
183 21
183 285
183 47
183 163
183 179
184 145
184 16
184 182
184 87
184 38
184 85
184 22
184 134
184 69
184 140
184 223
185 162
185 12
185 149
185 36
185 194
185 150
185 233
186 283
186 21
186 273
186 298
186 174
186 80
187 240
187 261
187 156
187 44
187 93
187 151
187 6
188 169
188 8
188 156
188 69
188 81
188 210
188 279
188 228
188 267
188 154
189 71
189 146
189 219
189 21
189 234
189 52
190 175
190 264
190 240
190 234
191 110
191 37
191 247
191 55
191 90
191 91
191 132
191 22
191 39
191 139
192 186
192 111
192 262
192 187
192 38
192 82
192 48
192 62
192 61
192 117
192 40
193 289
193 227
193 29
193 64
193 121
193 107
193 38
193 65
193 213
193 120
193 277
194 171
194 125
194 208
194 153
194 281
194 245
194 59
194 94
194 205
194 34
195 296
195 140
195 249
195 160
195 33
195 293
196 147
196 178
196 284
196 122
196 258
196 192
196 175
196 189
196 56
197 111
197 8
197 261
197 10
197 150
197 298
197 16
197 123
197 208
197 215
197 140
198 226
198 60
198 24
198 97
198 64
198 89
198 287
198 244
198 15
199 65
199 133
199 135
199 184
199 233
199 272
199 188
199 257
199 113
199 291
199 290
199 238
199 131
199 253
199 160
200 104
200 73
200 268
200 238
200 261
200 16
200 2
201 275
201 131
201 251
201 293
201 16
201 244
201 25
201 280
201 296
201 52
202 279
202 10
202 261
202 115
202 78
202 286
202 188
202 278
202 235
202 147
202 140
203 276
203 22
203 246
203 198
203 126
203 225
203 139
203 224
203 60
204 105
204 166
204 142
204 270
204 47
204 281
204 31
204 148
204 24
204 37
204 249
204 186
204 279
205 248
205 33
205 12
205 8
205 145
205 289
205 112
205 249
205 32
205 148
205 155
205 41
206 257
206 294
206 175
206 67
206 127
206 159
206 218
206 195
206 173
206 168
206 170
206 25
206 164
206 153
207 249
207 265
207 35
207 150
207 261
207 200
207 14
207 206
207 169
207 283
208 150
208 241
208 284
208 45
208 167
208 89
208 33
208 158
209 5
209 47
209 191
209 122
209 271
209 130
209 155
209 13
209 283
210 206
210 152
210 175
210 229
210 59
210 148
211 285
211 186
211 149
211 63
211 11
211 264
211 41
211 110
211 289
211 184
211 270
212 67
212 165
212 66
213 167
213 254
213 148
213 210
213 141
213 246
213 18
213 142
213 63
213 8
214 260
214 28
214 233
214 30
214 24
214 281
214 43
214 201
215 65
215 100
215 283
215 225
215 122
215 3
215 211
215 124
215 28
216 245
216 242
216 144
216 22
216 46
216 54
216 161
216 34
216 273
217 120
217 277
217 60
217 20
217 0
217 46
217 47
217 168
217 161
217 91
218 93
218 265
218 51
218 82
218 184
218 11
218 106
218 257
218 133
218 209
218 41
218 169
218 286
219 172
219 183
219 56
219 157
219 73
219 81
219 184
219 11
220 225
220 15
220 60
220 207
220 118
220 19
220 137
220 144
220 284
220 172
220 11
220 14
221 284
221 87
221 37
221 163
221 119
221 257
221 23
221 139
221 36
221 1
221 152
222 70
222 64
222 86
222 261
222 126
222 213
222 267
222 203
222 239
222 299
223 98
223 105
223 166
223 233
223 172
223 158
223 75
223 275
223 191
223 109
223 113
224 17
224 116
224 178
224 51
224 268
224 147
224 286
224 270
225 266
225 212
225 4
225 125
226 229
226 112
226 86
226 120
226 34
226 14
226 57
226 225
226 170
226 156
226 67
226 12
226 230
227 252
227 280
227 142
227 221
227 67
227 216
227 2
227 284
227 20
228 139
228 140
228 46
228 116
228 77
228 93
228 255
228 153
228 88
228 103
228 231
228 38
228 168
228 104
228 289
228 167
229 181
229 13
229 123
229 167
229 232
229 215
229 291
229 186
229 226
229 257
230 172
230 134
230 292
230 173
230 258
231 56
231 241
231 35
231 106
231 230
231 191
231 45
231 165
231 283
232 17
232 188
232 72
232 203
232 124
232 88
232 111
232 227
232 52
232 273
232 225
232 35
232 260
233 67
233 58
233 72
233 12
233 286
233 270
233 69
233 118
233 241
234 227
234 10
234 229
234 1
234 30
234 122
234 108
234 91
234 8
234 99
234 34
234 288
234 163
234 209
234 146
235 76
235 205
235 94
235 269
235 96
235 149
235 65
235 231
235 250
235 296
235 155
235 41
235 223
236 265
236 139
236 92
236 213
237 104
237 275
237 72
237 204
237 242
237 48
238 83
238 177
238 167
238 225
238 14
238 94
238 236
238 58
238 230
238 189
238 273
238 118
238 71
239 37
239 198
239 81
239 237
239 251
240 142
240 276
240 68
240 25
240 184
240 98
241 185
241 77
241 10
241 23
241 89
241 54
241 45
241 44
241 121
241 72
241 268
241 125
242 119
242 203
242 46
242 193
242 127
242 194
242 102
242 265
242 9
242 49
242 0
243 215
243 190
243 63
243 244
243 47
243 257
243 57
243 33
243 81
243 199
243 77
244 48
244 290
244 155
244 8
244 23
244 38
244 248
244 297
244 47
244 99
244 162
245 65
245 97
245 191
245 204
245 98
245 246
245 31
245 28
245 160
245 181
245 117
245 171
245 18
245 262
246 154
246 168
246 73
246 100
246 163
247 164
247 56
247 239
247 62
247 207
247 122
248 108
248 260
248 255
248 263
249 22
249 225
249 187
249 253
249 251
249 75
249 98
250 241
250 82
250 206
250 140
250 118
250 114
251 159
251 19
251 79
251 287
251 188
251 51
251 207
251 1
251 11
251 211
252 17
252 189
252 39
252 166
252 38
252 89
253 289
253 6
253 168
253 196
253 67
253 122
253 263
254 222
254 28
254 27
254 243
254 213
254 133
254 56
254 134
254 34
254 286
255 121
255 176
255 48
255 46
255 154
255 71
255 221
255 43
256 279
256 152
256 76
256 251
256 187
256 56
256 192
256 203
256 268
257 48
257 163
257 125
257 134
257 59
257 4
257 205
257 214
258 230
258 236
258 238
258 188
258 102
258 70
258 167
258 41
258 34
258 251
258 152
258 89
258 222
258 177
259 91
259 227
259 2
259 20
259 27
259 129
259 5
259 155
259 71
260 170
260 245
260 248
260 5
260 153
260 269
260 162
260 89
260 280
260 29
260 82
260 257
261 17
261 195
261 122
261 80
261 273
261 290
262 85
262 190
262 259
262 274
262 130
262 290
262 82
262 287
262 104
262 87
262 75
263 233
263 291
263 184
263 33
263 197
263 209
263 164
263 129
263 29
263 96
263 166
263 157
263 74
263 269
263 253
264 197
264 215
264 298
264 108
264 78
264 27
264 213
264 67
265 256
265 214
265 224
265 92
265 291
265 73
265 30
265 97
265 263
265 294
266 116
266 16
266 221
266 248
266 61
266 218
266 30
266 69
267 237
267 202
267 206
267 71
267 220
267 203
267 94
267 239
267 115
268 107
268 108
268 220
268 91
268 227
268 186
268 278
268 242
268 277
268 286
269 133
269 27
269 4
269 286
269 16
269 47
269 144
269 124
270 285
270 172
270 26
270 263
270 88
270 194
270 130
271 55
271 46
271 270
271 283
271 168
271 244
271 218
271 27
271 295
271 134
271 76
271 247
271 272
271 135
272 37
272 279
272 96
272 219
272 65
272 251
273 42
273 190
273 2
273 296
273 86
273 95
273 276
273 200
273 268
274 174
274 192
274 57
274 26
274 73
274 58
274 158
274 79
274 188
274 40
274 51
274 271
274 24
274 101
275 146
275 139
275 170
275 259
275 0
275 25
275 162
275 40
275 142
275 168
275 171
275 2
275 140
276 73
276 286
276 147
276 84
276 56
276 270
276 260
277 141
277 201
277 182
277 223
277 240
277 60
277 260
277 246
277 39
277 35
277 11
277 77
278 8
278 112
278 48
278 247
278 182
279 293
279 31
279 158
279 262
279 241
279 33
279 294
279 178
279 282
279 22
280 200
280 120
280 281
280 63
280 165
280 255
280 187
280 154
280 252
280 108
281 186
281 137
281 206
281 212
281 231
281 228
281 215
281 95
281 184
281 259
281 261
282 189
282 108
282 228
282 31
282 237
282 30
282 232
282 32
283 291
283 117
283 95
283 263
283 256
284 113
284 213
284 93
284 66
284 182
284 143
284 158
285 67
285 28
285 164
286 191
286 58
286 123
286 195
286 176
286 145
286 34
286 244
286 117
286 140
286 232
286 267
287 193
287 294
287 194
287 279
287 224
287 231
287 260
287 140
287 54
288 37
288 148
288 83
288 20
288 200
288 94
288 135
288 265
288 285
288 286
289 205
289 207
289 295
289 138
289 165
289 175
289 62
289 135
290 101
290 246
290 219
290 119
290 279
290 42
290 28
290 289
290 251
290 110
290 210
290 133
290 9
290 140
290 280
290 272
291 137
291 211
291 187
291 36
291 213
291 21
291 52
291 48
292 3
292 90
292 274
292 192
292 239
292 270
292 22
292 54
292 174
293 186
293 182
293 292
293 258
293 255
293 298
293 161
293 271
293 139
293 70
293 36
293 275
294 165
294 163
294 277
294 211
294 98
294 109
294 38
295 15
295 160
295 47
295 262
295 170
295 162
295 205
295 298
296 152
296 245
296 106
296 230
296 94
296 53
296 134
297 12
297 232
297 68
297 254
297 56
297 39
298 46
298 164
298 102
298 256
298 238
298 14
298 124
298 73
299 260
299 125
299 93
299 208
299 250
299 158
299 152
299 72
299 7
