0 71 1.0
0 140 1.0
0 234 1.0
0 262 1.0
0 269 1.0
1 52 1.0
1 55 1.0
1 134 1.0
1 168 1.0
1 289 1.0
2 14 1.0
2 17 1.0
2 69 1.0
2 246 1.0
2 281 1.0
3 66 1.0
3 116 1.0
3 143 1.0
3 212 1.0
3 255 1.0
3 289 1.0
3 292 1.0
4 25 1.0
4 119 1.0
4 127 1.0
4 264 1.0
4 290 1.0
5 24 1.0
5 108 1.0
5 152 1.0
5 191 1.0
5 235 1.0
5 287 1.0
6 53 1.0
6 73 1.0
6 78 1.0
6 82 1.0
6 123 1.0
6 285 1.0
6 288 1.0
7 50 1.0
7 58 1.0
7 128 1.0
7 277 1.0
8 122 1.0
8 140 1.0
8 270 1.0
9 0 1.0
9 13 1.0
9 140 1.0
9 218 1.0
9 242 1.0
10 12 1.0
10 25 1.0
10 145 1.0
10 156 1.0
10 194 1.0
10 246 1.0
10 272 1.0
11 103 1.0
11 286 1.0
12 25 1.0
12 112 1.0
12 216 1.0
13 31 1.0
13 79 1.0
13 98 1.0
13 245 1.0
13 277 1.0
14 31 1.0
14 57 1.0
14 84 1.0
14 102 1.0
14 158 1.0
14 173 1.0
14 218 1.0
15 134 1.0
15 150 1.0
15 243 1.0
15 246 1.0
15 261 1.0
15 262 1.0
16 12 1.0
16 111 1.0
16 273 1.0
16 277 1.0
16 289 1.0
17 104 1.0
17 164 1.0
17 187 1.0
18 34 1.0
18 52 1.0
18 153 1.0
18 213 1.0
18 244 1.0
18 255 1.0
18 271 1.0
19 189 1.0
19 207 1.0
19 254 1.0
19 280 1.0
19 283 1.0
20 76 1.0
20 86 1.0
20 92 1.0
20 233 1.0
20 265 1.0
20 269 1.0
20 294 1.0
20 299 1.0
21 32 1.0
21 126 1.0
21 178 1.0
21 184 1.0
21 241 1.0
21 299 1.0
22 137 1.0
22 151 1.0
22 190 1.0
23 157 1.0
23 190 1.0
23 191 1.0
23 208 1.0
23 212 1.0
23 218 1.0
23 235 1.0
23 295 1.0
23 297 1.0
24 33 1.0
24 36 1.0
24 96 1.0
24 110 1.0
24 141 1.0
24 200 1.0
24 218 1.0
24 283 1.0
25 57 1.0
25 60 1.0
25 64 1.0
25 102 1.0
25 167 1.0
25 260 1.0
25 273 1.0
26 34 1.0
26 165 1.0
27 16 1.0
27 28 1.0
27 258 1.0
27 283 1.0
28 1 1.0
28 24 1.0
28 78 1.0
28 185 1.0
28 187 1.0
28 292 1.0
29 38 1.0
29 142 1.0
29 187 1.0
29 202 1.0
29 239 1.0
29 264 1.0
29 289 1.0
29 291 1.0
29 299 1.0
30 34 1.0
30 97 1.0
30 120 1.0
30 128 1.0
30 194 1.0
30 222 1.0
30 284 1.0
30 292 1.0
31 42 1.0
31 73 1.0
31 87 1.0
31 112 1.0
31 199 1.0
31 244 1.0
31 253 1.0
31 260 1.0
31 296 1.0
32 13 1.0
32 63 1.0
32 71 1.0
32 76 1.0
32 109 1.0
32 122 1.0
32 162 1.0
32 169 1.0
32 218 1.0
32 222 1.0
32 233 1.0
32 235 1.0
32 291 1.0
33 147 1.0
33 174 1.0
33 214 1.0
33 235 1.0
33 239 1.0
33 254 1.0
34 14 1.0
34 195 1.0
35 1 1.0
35 4 1.0
35 191 1.0
35 222 1.0
35 298 1.0
36 6 1.0
36 73 1.0
36 144 1.0
36 160 1.0
36 167 1.0
36 220 1.0
36 234 1.0
36 236 1.0
37 73 1.0
37 75 1.0
37 94 1.0
37 225 1.0
37 233 1.0
38 23 1.0
38 77 1.0
38 98 1.0
38 127 1.0
38 147 1.0
38 199 1.0
38 289 1.0
39 21 1.0
39 40 1.0
39 169 1.0
39 178 1.0
39 242 1.0
39 246 1.0
39 267 1.0
39 288 1.0
40 27 1.0
40 57 1.0
40 68 1.0
40 83 1.0
40 277 1.0
40 289 1.0
41 1 1.0
41 38 1.0
41 78 1.0
41 121 1.0
41 124 1.0
41 147 1.0
41 166 1.0
41 216 1.0
41 244 1.0
42 4 1.0
42 65 1.0
42 113 1.0
42 191 1.0
42 282 1.0
43 19 1.0
43 38 1.0
43 52 1.0
43 73 1.0
43 197 1.0
43 216 1.0
43 241 1.0
44 1 1.0
44 11 1.0
44 138 1.0
44 211 1.0
44 257 1.0
44 278 1.0
44 290 1.0
45 47 1.0
45 49 1.0
45 123 1.0
45 161 1.0
45 164 1.0
45 247 1.0
46 127 1.0
46 131 1.0
46 191 1.0
47 35 1.0
47 39 1.0
47 92 1.0
47 114 1.0
47 133 1.0
47 198 1.0
47 258 1.0
48 35 1.0
48 52 1.0
48 70 1.0
48 122 1.0
48 137 1.0
48 212 1.0
48 253 1.0
48 275 1.0
49 6 1.0
49 13 1.0
49 18 1.0
49 20 1.0
49 31 1.0
49 89 1.0
49 186 1.0
49 239 1.0
49 243 1.0
49 258 1.0
50 28 1.0
50 121 1.0
50 134 1.0
50 185 1.0
51 8 1.0
51 173 1.0
51 193 1.0
51 217 1.0
51 239 1.0
51 248 1.0
51 261 1.0
51 289 1.0
52 28 1.0
52 37 1.0
52 112 1.0
52 127 1.0
52 155 1.0
52 169 1.0
52 234 1.0
52 299 1.0
53 15 1.0
53 47 1.0
53 48 1.0
53 74 1.0
53 213 1.0
54 9 1.0
54 23 1.0
54 26 1.0
54 115 1.0
54 121 1.0
54 122 1.0
54 167 1.0
54 248 1.0
54 282 1.0
54 299 1.0
55 9 1.0
55 19 1.0
55 29 1.0
55 30 1.0
55 48 1.0
55 124 1.0
55 157 1.0
55 214 1.0
55 220 1.0
55 235 1.0
55 279 1.0
56 17 1.0
56 237 1.0
56 249 1.0
56 254 1.0
56 292 1.0
57 35 1.0
57 79 1.0
57 105 1.0
57 133 1.0
57 287 1.0
58 14 1.0
58 62 1.0
58 70 1.0
58 118 1.0
58 224 1.0
58 254 1.0
58 264 1.0
59 75 1.0
59 155 1.0
59 208 1.0
59 225 1.0
59 256 1.0
59 277 1.0
59 297 1.0
60 13 1.0
60 61 1.0
60 128 1.0
60 218 1.0
60 262 1.0
60 275 1.0
60 276 1.0
61 0 1.0
61 5 1.0
61 76 1.0
61 140 1.0
61 226 1.0
61 235 1.0
61 242 1.0
61 294 1.0
61 299 1.0
62 23 1.0
62 160 1.0
62 174 1.0
62 273 1.0
62 297 1.0
63 2 1.0
63 27 1.0
63 57 1.0
63 111 1.0
63 140 1.0
63 144 1.0
63 170 1.0
63 295 1.0
64 45 1.0
64 56 1.0
64 59 1.0
64 91 1.0
64 100 1.0
64 107 1.0
64 113 1.0
64 159 1.0
66 23 1.0
66 86 1.0
66 121 1.0
66 147 1.0
66 194 1.0
66 204 1.0
66 214 1.0
66 247 1.0
66 258 1.0
67 2 1.0
67 37 1.0
67 58 1.0
67 121 1.0
67 124 1.0
67 149 1.0
67 190 1.0
67 272 1.0
67 280 1.0
68 22 1.0
68 82 1.0
68 108 1.0
68 169 1.0
68 183 1.0
68 269 1.0
68 275 1.0
69 16 1.0
69 91 1.0
69 190 1.0
69 228 1.0
69 278 1.0
70 79 1.0
70 137 1.0
70 203 1.0
70 207 1.0
70 234 1.0
70 262 1.0
71 44 1.0
71 104 1.0
71 115 1.0
71 207 1.0
72 118 1.0
72 131 1.0
72 151 1.0
72 210 1.0
74 1 1.0
74 47 1.0
74 57 1.0
74 147 1.0
74 153 1.0
74 177 1.0
74 178 1.0
74 201 1.0
74 287 1.0
75 156 1.0
75 194 1.0
75 202 1.0
75 243 1.0
75 249 1.0
76 20 1.0
76 84 1.0
76 100 1.0
76 187 1.0
76 230 1.0
76 259 1.0
76 276 1.0
77 31 1.0
77 59 1.0
77 182 1.0
77 196 1.0
77 268 1.0
77 274 1.0
77 294 1.0
78 57 1.0
78 86 1.0
78 125 1.0
78 137 1.0
78 138 1.0
78 153 1.0
78 295 1.0
78 296 1.0
79 21 1.0
79 25 1.0
79 49 1.0
79 232 1.0
79 240 1.0
79 278 1.0
80 10 1.0
80 72 1.0
80 264 1.0
80 279 1.0
80 284 1.0
81 31 1.0
81 139 1.0
81 180 1.0
81 231 1.0
81 267 1.0
82 60 1.0
82 87 1.0
83 5 1.0
83 34 1.0
83 98 1.0
83 132 1.0
83 158 1.0
83 230 1.0
84 16 1.0
84 49 1.0
84 70 1.0
84 144 1.0
84 184 1.0
84 284 1.0
85 166 1.0
85 183 1.0
85 217 1.0
85 222 1.0
85 266 1.0
85 274 1.0
86 17 1.0
86 53 1.0
86 58 1.0
86 74 1.0
86 188 1.0
86 211 1.0
86 251 1.0
87 30 1.0
87 221 1.0
87 238 1.0
88 27 1.0
88 148 1.0
88 204 1.0
88 291 1.0
89 39 1.0
89 63 1.0
89 96 1.0
89 125 1.0
89 201 1.0
89 253 1.0
89 266 1.0
89 297 1.0
90 33 1.0
90 220 1.0
90 270 1.0
91 6 1.0
91 54 1.0
91 76 1.0
91 219 1.0
91 242 1.0
91 253 1.0
92 10 1.0
92 103 1.0
92 106 1.0
92 192 1.0
92 214 1.0
92 297 1.0
93 14 1.0
93 235 1.0
93 290 1.0
94 57 1.0
94 63 1.0
94 99 1.0
94 160 1.0
94 268 1.0
95 43 1.0
95 78 1.0
95 87 1.0
95 201 1.0
96 127 1.0
96 135 1.0
96 186 1.0
96 235 1.0
96 251 1.0
96 261 1.0
96 262 1.0
97 38 1.0
97 133 1.0
97 161 1.0
97 198 1.0
97 221 1.0
98 16 1.0
98 43 1.0
98 47 1.0
98 51 1.0
98 96 1.0
98 136 1.0
98 155 1.0
98 180 1.0
98 210 1.0
98 234 1.0
98 251 1.0
98 275 1.0
98 291 1.0
98 296 1.0
99 51 1.0
99 109 1.0
99 112 1.0
99 116 1.0
99 171 1.0
99 176 1.0
100 117 1.0
100 168 1.0
100 227 1.0
101 0 1.0
101 123 1.0
101 128 1.0
101 148 1.0
101 183 1.0
101 242 1.0
101 272 1.0
102 33 1.0
102 114 1.0
102 152 1.0
102 157 1.0
102 211 1.0
102 212 1.0
102 252 1.0
102 283 1.0
103 163 1.0
103 243 1.0
103 248 1.0
104 18 1.0
104 37 1.0
104 40 1.0
104 49 1.0
104 89 1.0
104 214 1.0
104 281 1.0
104 292 1.0
105 40 1.0
105 71 1.0
105 156 1.0
105 240 1.0
105 245 1.0
105 271 1.0
106 167 1.0
106 170 1.0
107 5 1.0
107 68 1.0
107 73 1.0
107 155 1.0
107 190 1.0
107 200 1.0
107 291 1.0
108 95 1.0
108 225 1.0
108 260 1.0
108 276 1.0
108 297 1.0
109 53 1.0
109 72 1.0
109 97 1.0
109 119 1.0
109 131 1.0
109 140 1.0
109 188 1.0
109 226 1.0
110 4 1.0
110 32 1.0
110 107 1.0
110 156 1.0
111 0 1.0
111 27 1.0
111 31 1.0
111 54 1.0
111 72 1.0
111 80 1.0
111 129 1.0
111 132 1.0
111 186 1.0
111 248 1.0
112 25 1.0
112 107 1.0
112 214 1.0
112 217 1.0
112 254 1.0
113 32 1.0
113 97 1.0
113 177 1.0
113 188 1.0
113 226 1.0
113 252 1.0
113 267 1.0
114 6 1.0
114 25 1.0
114 77 1.0
114 233 1.0
114 244 1.0
114 279 1.0
115 34 1.0
115 143 1.0
115 233 1.0
115 293 1.0
116 17 1.0
116 39 1.0
116 180 1.0
116 190 1.0
117 18 1.0
117 106 1.0
117 144 1.0
117 199 1.0
118 62 1.0
118 89 1.0
118 114 1.0
118 202 1.0
119 77 1.0
119 90 1.0
119 97 1.0
119 175 1.0
119 206 1.0
119 267 1.0
119 297 1.0
120 39 1.0
120 48 1.0
120 103 1.0
120 118 1.0
120 130 1.0
120 165 1.0
120 171 1.0
120 188 1.0
120 194 1.0
120 243 1.0
121 3 1.0
121 124 1.0
122 59 1.0
122 185 1.0
122 226 1.0
122 244 1.0
122 263 1.0
123 12 1.0
123 124 1.0
123 133 1.0
123 289 1.0
124 19 1.0
124 51 1.0
124 104 1.0
124 130 1.0
124 182 1.0
125 107 1.0
125 140 1.0
125 273 1.0
126 5 1.0
126 83 1.0
126 254 1.0
126 296 1.0
127 40 1.0
127 60 1.0
127 151 1.0
128 27 1.0
128 163 1.0
128 223 1.0
128 288 1.0
129 19 1.0
129 53 1.0
129 120 1.0
129 127 1.0
129 152 1.0
129 157 1.0
129 189 1.0
129 199 1.0
129 266 1.0
129 267 1.0
129 295 1.0
130 3 1.0
130 44 1.0
130 78 1.0
130 133 1.0
131 64 1.0
131 73 1.0
131 280 1.0
132 39 1.0
132 104 1.0
132 114 1.0
132 153 1.0
132 187 1.0
132 202 1.0
132 245 1.0
132 267 1.0
133 24 1.0
133 166 1.0
133 181 1.0
133 271 1.0
134 118 1.0
134 288 1.0
135 89 1.0
135 142 1.0
135 177 1.0
135 178 1.0
135 266 1.0
135 268 1.0
135 275 1.0
136 63 1.0
136 109 1.0
136 118 1.0
136 145 1.0
136 146 1.0
136 205 1.0
136 223 1.0
136 247 1.0
136 255 1.0
136 270 1.0
136 279 1.0
136 296 1.0
137 161 1.0
137 191 1.0
137 230 1.0
138 12 1.0
138 38 1.0
138 82 1.0
138 217 1.0
138 249 1.0
139 86 1.0
139 135 1.0
140 44 1.0
140 110 1.0
140 121 1.0
140 209 1.0
140 240 1.0
140 247 1.0
140 288 1.0
141 67 1.0
141 175 1.0
141 204 1.0
141 211 1.0
141 231 1.0
141 270 1.0
142 64 1.0
142 100 1.0
142 193 1.0
142 210 1.0
142 213 1.0
142 226 1.0
142 233 1.0
142 252 1.0
142 275 1.0
143 1 1.0
143 45 1.0
143 86 1.0
143 99 1.0
143 129 1.0
143 177 1.0
144 5 1.0
144 41 1.0
144 83 1.0
144 109 1.0
144 127 1.0
144 168 1.0
144 274 1.0
145 19 1.0
145 119 1.0
145 184 1.0
145 276 1.0
146 163 1.0
146 253 1.0
147 21 1.0
147 56 1.0
147 62 1.0
147 78 1.0
147 101 1.0
147 105 1.0
147 148 1.0
147 228 1.0
147 230 1.0
148 51 1.0
148 129 1.0
148 158 1.0
148 169 1.0
148 193 1.0
148 218 1.0
148 290 1.0
149 48 1.0
149 60 1.0
149 83 1.0
149 94 1.0
149 146 1.0
150 16 1.0
150 67 1.0
150 85 1.0
150 117 1.0
150 136 1.0
150 192 1.0
150 220 1.0
150 235 1.0
150 279 1.0
151 11 1.0
151 152 1.0
151 236 1.0
151 250 1.0
152 32 1.0
152 34 1.0
152 95 1.0
152 101 1.0
152 105 1.0
152 110 1.0
152 153 1.0
152 164 1.0
152 167 1.0
152 282 1.0
152 283 1.0
153 3 1.0
153 90 1.0
153 123 1.0
153 245 1.0
153 274 1.0
154 186 1.0
154 282 1.0
155 24 1.0
155 49 1.0
155 113 1.0
155 115 1.0
155 131 1.0
155 198 1.0
155 201 1.0
155 273 1.0
156 5 1.0
156 70 1.0
156 78 1.0
156 106 1.0
156 196 1.0
156 228 1.0
156 235 1.0
156 270 1.0
156 295 1.0
157 13 1.0
157 62 1.0
157 75 1.0
157 105 1.0
157 115 1.0
157 117 1.0
157 205 1.0
157 231 1.0
157 253 1.0
157 263 1.0
158 70 1.0
158 109 1.0
158 179 1.0
158 197 1.0
158 282 1.0
158 292 1.0
158 293 1.0
159 23 1.0
160 30 1.0
160 34 1.0
160 39 1.0
160 80 1.0
160 105 1.0
160 195 1.0
160 259 1.0
160 276 1.0
160 279 1.0
161 184 1.0
161 215 1.0
161 259 1.0
162 102 1.0
162 134 1.0
162 184 1.0
163 68 1.0
163 79 1.0
163 124 1.0
163 190 1.0
163 200 1.0
163 207 1.0
163 209 1.0
163 233 1.0
163 280 1.0
163 291 1.0
164 57 1.0
164 67 1.0
164 82 1.0
164 141 1.0
164 184 1.0
164 211 1.0
164 231 1.0
165 73 1.0
165 201 1.0
165 240 1.0
165 258 1.0
165 260 1.0
165 274 1.0
166 75 1.0
166 128 1.0
167 29 1.0
167 60 1.0
167 114 1.0
167 144 1.0
167 149 1.0
167 184 1.0
167 215 1.0
167 285 1.0
168 183 1.0
168 267 1.0
168 273 1.0
168 281 1.0
169 6 1.0
169 88 1.0
169 113 1.0
169 135 1.0
169 146 1.0
169 148 1.0
169 163 1.0
169 196 1.0
169 239 1.0
169 293 1.0
170 22 1.0
170 153 1.0
170 276 1.0
171 13 1.0
171 125 1.0
171 132 1.0
171 229 1.0
171 274 1.0
171 297 1.0
172 37 1.0
172 102 1.0
172 143 1.0
172 252 1.0
173 18 1.0
173 91 1.0
173 257 1.0
173 283 1.0
174 11 1.0
174 38 1.0
174 98 1.0
174 282 1.0
174 290 1.0
175 7 1.0
175 36 1.0
175 39 1.0
175 70 1.0
175 104 1.0
175 229 1.0
175 256 1.0
175 292 1.0
176 26 1.0
176 46 1.0
176 147 1.0
176 154 1.0
176 155 1.0
176 164 1.0
176 225 1.0
177 1 1.0
177 70 1.0
177 75 1.0
177 128 1.0
177 136 1.0
177 139 1.0
177 175 1.0
177 275 1.0
177 279 1.0
178 12 1.0
178 56 1.0
178 257 1.0
178 263 1.0
179 66 1.0
179 133 1.0
179 156 1.0
179 184 1.0
180 73 1.0
180 80 1.0
180 173 1.0
180 266 1.0
180 280 1.0
181 87 1.0
181 124 1.0
181 229 1.0
181 252 1.0
182 4 1.0
182 101 1.0
182 122 1.0
183 21 1.0
183 29 1.0
183 51 1.0
183 58 1.0
183 65 1.0
183 130 1.0
183 171 1.0
183 201 1.0
183 224 1.0
183 231 1.0
183 257 1.0
183 263 1.0
183 273 1.0
183 284 1.0
184 67 1.0
184 99 1.0
184 181 1.0
184 218 1.0
184 222 1.0
184 281 1.0
184 298 1.0
185 167 1.0
186 221 1.0
186 247 1.0
186 291 1.0
187 17 1.0
187 69 1.0
187 87 1.0
187 131 1.0
187 273 1.0
188 10 1.0
188 11 1.0
188 34 1.0
188 45 1.0
188 202 1.0
188 253 1.0
189 24 1.0
189 77 1.0
189 86 1.0
189 149 1.0
189 190 1.0
190 28 1.0
190 40 1.0
190 231 1.0
190 273 1.0
191 24 1.0
191 35 1.0
191 64 1.0
191 120 1.0
191 154 1.0
191 183 1.0
191 196 1.0
191 199 1.0
191 252 1.0
191 253 1.0
191 287 1.0
191 293 1.0
192 1 1.0
192 70 1.0
192 120 1.0
192 140 1.0
192 172 1.0
192 195 1.0
192 269 1.0
192 273 1.0
192 275 1.0
192 278 1.0
192 294 1.0
193 26 1.0
193 34 1.0
193 38 1.0
193 164 1.0
193 212 1.0
193 268 1.0
193 271 1.0
193 298 1.0
194 26 1.0
194 141 1.0
194 293 1.0
195 8 1.0
195 57 1.0
195 108 1.0
195 119 1.0
195 158 1.0
195 186 1.0
195 192 1.0
195 196 1.0
195 213 1.0
196 27 1.0
196 107 1.0
196 221 1.0
196 266 1.0
196 267 1.0
197 53 1.0
197 101 1.0
197 111 1.0
197 126 1.0
197 228 1.0
197 280 1.0
197 293 1.0
198 68 1.0
198 86 1.0
198 144 1.0
198 194 1.0
198 261 1.0
198 298 1.0
199 69 1.0
199 82 1.0
199 149 1.0
199 177 1.0
199 184 1.0
199 191 1.0
199 226 1.0
199 237 1.0
199 259 1.0
200 10 1.0
200 68 1.0
200 92 1.0
200 117 1.0
200 183 1.0
200 230 1.0
200 258 1.0
200 287 1.0
200 290 1.0
201 4 1.0
201 39 1.0
201 47 1.0
201 85 1.0
201 134 1.0
201 135 1.0
201 155 1.0
201 157 1.0
201 163 1.0
201 188 1.0
201 216 1.0
201 248 1.0
201 270 1.0
202 40 1.0
202 117 1.0
202 132 1.0
202 189 1.0
202 203 1.0
202 232 1.0
203 1 1.0
203 149 1.0
203 205 1.0
203 216 1.0
203 260 1.0
203 290 1.0
204 38 1.0
204 41 1.0
204 81 1.0
204 103 1.0
204 249 1.0
204 259 1.0
204 289 1.0
205 31 1.0
205 50 1.0
205 81 1.0
205 99 1.0
205 124 1.0
205 207 1.0
205 209 1.0
205 211 1.0
206 22 1.0
206 24 1.0
206 35 1.0
206 192 1.0
206 241 1.0
207 6 1.0
207 19 1.0
207 39 1.0
207 71 1.0
207 77 1.0
207 83 1.0
207 148 1.0
207 191 1.0
207 218 1.0
207 221 1.0
207 243 1.0
207 262 1.0
207 265 1.0
208 7 1.0
208 134 1.0
208 139 1.0
208 271 1.0
208 275 1.0
209 25 1.0
209 149 1.0
209 235 1.0
209 256 1.0
209 264 1.0
210 48 1.0
210 99 1.0
210 149 1.0
210 236 1.0
211 28 1.0
211 80 1.0
211 91 1.0
211 133 1.0
211 298 1.0
212 42 1.0
212 57 1.0
212 109 1.0
212 117 1.0
212 244 1.0
212 264 1.0
212 273 1.0
212 289 1.0
213 65 1.0
213 164 1.0
213 168 1.0
214 28 1.0
214 87 1.0
214 104 1.0
214 150 1.0
214 151 1.0
214 234 1.0
214 252 1.0
214 270 1.0
214 284 1.0
215 12 1.0
215 25 1.0
215 30 1.0
215 91 1.0
215 125 1.0
215 127 1.0
215 167 1.0
215 214 1.0
215 222 1.0
216 22 1.0
216 71 1.0
216 88 1.0
216 115 1.0
216 144 1.0
216 148 1.0
216 191 1.0
216 222 1.0
216 260 1.0
217 23 1.0
217 32 1.0
217 103 1.0
217 147 1.0
217 252 1.0
217 284 1.0
217 286 1.0
218 8 1.0
218 16 1.0
218 22 1.0
218 31 1.0
218 59 1.0
218 116 1.0
218 160 1.0
218 181 1.0
218 216 1.0
218 229 1.0
218 237 1.0
218 245 1.0
219 56 1.0
219 165 1.0
219 255 1.0
219 288 1.0
220 35 1.0
220 38 1.0
220 109 1.0
220 140 1.0
221 58 1.0
221 65 1.0
221 76 1.0
221 84 1.0
221 102 1.0
221 158 1.0
222 6 1.0
222 21 1.0
222 56 1.0
222 71 1.0
222 92 1.0
222 123 1.0
222 186 1.0
222 193 1.0
222 284 1.0
223 55 1.0
223 66 1.0
223 72 1.0
223 155 1.0
223 195 1.0
223 208 1.0
224 91 1.0
224 167 1.0
224 169 1.0
224 175 1.0
224 201 1.0
224 210 1.0
224 228 1.0
224 239 1.0
224 247 1.0
225 22 1.0
225 38 1.0
225 171 1.0
225 187 1.0
225 207 1.0
225 256 1.0
225 276 1.0
225 280 1.0
225 291 1.0
226 93 1.0
226 121 1.0
226 157 1.0
226 237 1.0
226 256 1.0
226 261 1.0
227 4 1.0
227 33 1.0
227 37 1.0
227 96 1.0
227 125 1.0
227 208 1.0
227 293 1.0
228 100 1.0
228 118 1.0
228 214 1.0
228 260 1.0
229 70 1.0
229 161 1.0
229 164 1.0
229 256 1.0
229 272 1.0
229 274 1.0
230 16 1.0
230 152 1.0
230 173 1.0
230 241 1.0
231 49 1.0
231 89 1.0
231 153 1.0
231 169 1.0
232 38 1.0
232 147 1.0
232 176 1.0
232 211 1.0
232 255 1.0
232 270 1.0
232 297 1.0
233 12 1.0
233 35 1.0
233 36 1.0
233 144 1.0
233 188 1.0
233 225 1.0
233 294 1.0
234 22 1.0
234 48 1.0
234 84 1.0
234 89 1.0
234 150 1.0
234 203 1.0
235 0 1.0
235 22 1.0
235 39 1.0
235 131 1.0
235 282 1.0
235 293 1.0
235 296 1.0
235 298 1.0
236 75 1.0
236 95 1.0
236 178 1.0
236 230 1.0
236 295 1.0
237 22 1.0
237 47 1.0
237 53 1.0
237 91 1.0
237 193 1.0
237 297 1.0
238 59 1.0
238 107 1.0
238 133 1.0
238 210 1.0
238 235 1.0
238 252 1.0
238 277 1.0
239 166 1.0
239 215 1.0
239 240 1.0
240 8 1.0
240 47 1.0
240 48 1.0
240 119 1.0
240 148 1.0
240 171 1.0
240 197 1.0
240 216 1.0
240 251 1.0
241 22 1.0
241 58 1.0
241 112 1.0
241 262 1.0
241 277 1.0
242 72 1.0
242 128 1.0
242 210 1.0
242 225 1.0
242 279 1.0
243 34 1.0
243 40 1.0
243 49 1.0
243 104 1.0
243 169 1.0
243 255 1.0
243 263 1.0
244 3 1.0
244 52 1.0
244 99 1.0
244 161 1.0
244 250 1.0
245 52 1.0
245 113 1.0
245 142 1.0
245 164 1.0
245 269 1.0
246 45 1.0
246 90 1.0
246 131 1.0
246 199 1.0
246 202 1.0
246 273 1.0
246 288 1.0
247 24 1.0
247 34 1.0
247 156 1.0
247 220 1.0
248 18 1.0
248 100 1.0
248 113 1.0
248 125 1.0
248 166 1.0
248 197 1.0
248 234 1.0
248 265 1.0
248 286 1.0
249 10 1.0
249 30 1.0
249 64 1.0
249 176 1.0
249 236 1.0
249 248 1.0
249 257 1.0
250 151 1.0
250 244 1.0
251 86 1.0
251 96 1.0
251 98 1.0
251 240 1.0
251 294 1.0
252 102 1.0
252 113 1.0
252 142 1.0
252 172 1.0
252 181 1.0
252 191 1.0
252 214 1.0
252 217 1.0
252 238 1.0
253 31 1.0
253 48 1.0
253 89 1.0
253 91 1.0
253 146 1.0
253 157 1.0
253 188 1.0
253 191 1.0
253 299 1.0
254 19 1.0
254 33 1.0
254 56 1.0
254 58 1.0
254 112 1.0
254 126 1.0
254 296 1.0
254 299 1.0
255 3 1.0
255 18 1.0
255 136 1.0
255 219 1.0
255 232 1.0
255 243 1.0
255 263 1.0
255 288 1.0
255 295 1.0
256 59 1.0
256 175 1.0
256 209 1.0
256 225 1.0
256 226 1.0
256 229 1.0
257 44 1.0
257 173 1.0
257 178 1.0
257 183 1.0
257 249 1.0
257 260 1.0
257 281 1.0
257 283 1.0
257 299 1.0
258 27 1.0
258 47 1.0
258 49 1.0
258 66 1.0
258 165 1.0
258 200 1.0
259 76 1.0
259 160 1.0
259 161 1.0
259 199 1.0
259 204 1.0
260 25 1.0
260 31 1.0
260 108 1.0
260 165 1.0
260 203 1.0
260 216 1.0
260 228 1.0
260 257 1.0
260 271 1.0
260 286 1.0
261 15 1.0
261 51 1.0
261 96 1.0
261 198 1.0
261 226 1.0
261 285 1.0
262 0 1.0
262 15 1.0
262 60 1.0
262 70 1.0
262 96 1.0
262 207 1.0
262 241 1.0
263 122 1.0
263 157 1.0
263 178 1.0
263 183 1.0
263 243 1.0
263 255 1.0
263 283 1.0
263 299 1.0
264 4 1.0
264 29 1.0
264 58 1.0
264 80 1.0
264 209 1.0
264 212 1.0
265 20 1.0
265 207 1.0
265 248 1.0
265 272 1.0
266 85 1.0
266 89 1.0
266 129 1.0
266 135 1.0
266 180 1.0
266 196 1.0
267 39 1.0
267 81 1.0
267 113 1.0
267 119 1.0
267 129 1.0
267 132 1.0
267 168 1.0
267 196 1.0
268 77 1.0
268 94 1.0
268 135 1.0
268 193 1.0
269 0 1.0
269 20 1.0
269 68 1.0
269 192 1.0
269 245 1.0
269 296 1.0
270 8 1.0
270 90 1.0
270 136 1.0
270 141 1.0
270 156 1.0
270 201 1.0
270 214 1.0
270 232 1.0
270 279 1.0
271 18 1.0
271 105 1.0
271 133 1.0
271 193 1.0
271 208 1.0
271 260 1.0
272 10 1.0
272 67 1.0
272 101 1.0
272 229 1.0
272 265 1.0
272 280 1.0
273 16 1.0
273 25 1.0
273 62 1.0
273 125 1.0
273 155 1.0
273 168 1.0
273 183 1.0
273 187 1.0
273 190 1.0
273 192 1.0
273 212 1.0
273 246 1.0
274 77 1.0
274 85 1.0
274 144 1.0
274 153 1.0
274 165 1.0
274 171 1.0
274 229 1.0
274 291 1.0
274 296 1.0
275 48 1.0
275 60 1.0
275 68 1.0
275 98 1.0
275 135 1.0
275 142 1.0
275 177 1.0
275 192 1.0
275 208 1.0
276 60 1.0
276 76 1.0
276 108 1.0
276 145 1.0
276 160 1.0
276 170 1.0
276 225 1.0
277 7 1.0
277 13 1.0
277 16 1.0
277 40 1.0
277 59 1.0
277 238 1.0
277 241 1.0
278 44 1.0
278 69 1.0
278 79 1.0
278 192 1.0
278 282 1.0
279 55 1.0
279 80 1.0
279 114 1.0
279 136 1.0
279 150 1.0
279 160 1.0
279 177 1.0
279 242 1.0
279 270 1.0
280 19 1.0
280 67 1.0
280 131 1.0
280 163 1.0
280 180 1.0
280 197 1.0
280 225 1.0
280 272 1.0
281 2 1.0
281 104 1.0
281 168 1.0
281 184 1.0
281 257 1.0
282 42 1.0
282 54 1.0
282 152 1.0
282 154 1.0
282 158 1.0
282 174 1.0
282 235 1.0
282 278 1.0
283 19 1.0
283 24 1.0
283 27 1.0
283 102 1.0
283 152 1.0
283 173 1.0
283 257 1.0
283 263 1.0
283 287 1.0
284 30 1.0
284 80 1.0
284 84 1.0
284 183 1.0
284 214 1.0
284 217 1.0
284 222 1.0
285 6 1.0
285 167 1.0
285 261 1.0
286 11 1.0
286 217 1.0
286 248 1.0
286 260 1.0
287 5 1.0
287 57 1.0
287 74 1.0
287 191 1.0
287 200 1.0
287 283 1.0
288 6 1.0
288 39 1.0
288 128 1.0
288 134 1.0
288 140 1.0
288 219 1.0
288 246 1.0
288 255 1.0
289 1 1.0
289 3 1.0
289 16 1.0
289 29 1.0
289 38 1.0
289 40 1.0
289 51 1.0
289 123 1.0
289 204 1.0
289 212 1.0
289 298 1.0
290 4 1.0
290 44 1.0
290 93 1.0
290 148 1.0
290 174 1.0
290 200 1.0
290 203 1.0
291 29 1.0
291 32 1.0
291 88 1.0
291 98 1.0
291 107 1.0
291 163 1.0
291 186 1.0
291 225 1.0
291 274 1.0
292 3 1.0
292 28 1.0
292 30 1.0
292 56 1.0
292 104 1.0
292 158 1.0
292 175 1.0
292 299 1.0
293 115 1.0
293 158 1.0
293 169 1.0
293 191 1.0
293 194 1.0
293 197 1.0
293 227 1.0
293 235 1.0
294 20 1.0
294 61 1.0
294 77 1.0
294 192 1.0
294 233 1.0
294 251 1.0
295 23 1.0
295 63 1.0
295 78 1.0
295 129 1.0
295 156 1.0
295 236 1.0
295 255 1.0
295 296 1.0
296 31 1.0
296 78 1.0
296 98 1.0
296 126 1.0
296 136 1.0
296 235 1.0
296 254 1.0
296 269 1.0
296 274 1.0
296 295 1.0
297 23 1.0
297 59 1.0
297 62 1.0
297 89 1.0
297 92 1.0
297 108 1.0
297 119 1.0
297 171 1.0
297 232 1.0
297 237 1.0
298 35 1.0
298 184 1.0
298 193 1.0
298 198 1.0
298 211 1.0
298 235 1.0
298 289 1.0
299 20 1.0
299 21 1.0
299 29 1.0
299 52 1.0
299 54 1.0
299 61 1.0
299 253 1.0
299 254 1.0
299 257 1.0
299 263 1.0
299 292 1.0
