0 42
0 158
0 16
0 236
0 193
0 147
0 103
0 137
0 274
1 203
1 102
1 16
1 244
1 283
1 200
1 58
1 57
1 66
1 294
1 215
2 7
2 143
2 210
2 148
2 151
2 262
3 167
3 281
3 182
3 200
3 18
3 193
3 180
3 183
3 189
4 50
4 113
4 174
4 185
4 7
4 199
4 164
4 48
5 148
5 107
5 71
5 43
5 205
5 116
5 53
5 50
6 174
6 288
6 299
6 94
6 273
6 142
6 264
6 72
6 289
6 70
6 230
6 30
7 111
7 276
7 63
7 204
7 113
7 8
7 201
7 233
8 226
8 213
8 263
8 77
8 262
8 10
9 285
9 180
9 178
9 65
9 268
9 25
10 266
10 142
10 216
10 186
10 155
10 200
10 45
10 122
11 237
11 145
11 269
11 134
11 246
11 61
11 271
11 256
11 191
11 37
12 293
12 27
12 140
12 283
12 42
12 216
12 17
12 135
13 108
13 190
13 206
13 86
13 19
13 167
13 38
13 50
13 202
14 253
14 110
14 265
14 88
14 101
14 270
14 223
14 256
15 33
15 173
15 66
15 155
15 255
15 261
16 257
16 264
16 292
17 270
17 228
17 172
17 166
17 153
17 171
17 125
17 109
17 177
18 45
18 173
18 299
18 110
18 30
18 218
18 76
18 248
18 21
18 8
18 209
18 68
18 36
19 34
19 236
19 281
19 133
19 291
19 114
19 17
19 241
19 10
19 6
19 45
19 201
19 60
20 118
20 34
20 132
20 121
20 11
20 240
20 106
20 196
20 86
20 59
20 298
21 161
21 86
21 136
21 120
21 119
22 240
22 199
22 123
22 38
22 155
22 233
22 246
22 142
22 120
23 176
23 148
23 150
23 220
23 216
23 188
23 270
24 213
24 243
24 85
24 115
24 31
24 52
24 127
24 29
24 272
25 168
25 76
25 143
25 299
25 101
26 295
26 114
26 47
26 275
26 59
26 273
26 130
27 22
27 243
27 126
27 224
27 171
27 168
27 44
27 194
27 197
27 123
27 244
27 210
28 202
28 132
28 240
28 34
28 157
28 15
28 136
29 11
29 179
29 142
29 153
29 130
29 151
29 115
29 169
29 0
30 41
30 187
30 116
30 111
30 292
30 12
30 180
30 297
30 182
30 37
31 152
31 213
31 85
31 69
31 279
31 245
31 67
32 168
32 228
32 98
32 177
32 171
32 200
32 276
32 67
33 237
33 213
33 262
33 95
34 262
34 246
34 78
34 29
34 161
34 44
34 170
34 158
34 213
35 246
35 37
35 89
35 165
35 268
35 172
35 274
35 108
35 63
35 161
36 217
36 28
36 260
36 227
36 4
36 114
36 111
36 103
36 21
37 298
37 235
37 113
37 195
37 214
37 58
37 69
37 218
37 130
37 95
38 269
38 164
38 16
38 25
38 147
38 149
38 84
38 192
38 52
39 101
39 200
39 180
39 97
39 14
39 272
39 261
39 113
40 81
40 182
40 16
40 145
40 64
40 111
40 211
40 247
40 86
40 259
41 56
41 90
41 132
41 43
41 257
42 18
42 82
42 130
42 297
42 202
42 3
43 229
43 216
43 117
43 157
43 99
43 31
44 256
44 175
44 159
44 109
44 181
44 156
44 14
44 288
44 134
44 187
45 164
45 181
45 288
45 98
45 212
45 286
45 159
46 109
46 106
46 13
46 154
46 268
46 115
46 244
46 135
47 238
47 249
47 64
47 212
47 208
48 221
48 40
48 175
48 149
48 254
48 206
48 151
49 149
49 285
49 163
49 51
49 194
49 3
49 39
50 239
50 45
50 183
50 83
50 53
50 15
50 170
50 161
50 192
51 218
51 236
51 100
51 152
51 64
51 98
51 271
52 157
52 217
52 28
52 149
52 76
52 264
53 256
53 250
53 172
53 163
53 297
53 253
54 163
54 121
54 122
54 24
54 192
54 203
54 160
54 133
54 73
55 75
55 53
55 50
55 32
55 278
55 288
55 246
56 280
56 170
56 291
56 34
56 132
56 137
56 273
56 14
56 207
57 293
57 8
57 268
57 279
57 19
57 67
57 79
57 261
57 206
58 123
58 155
58 263
58 27
58 69
58 172
58 32
58 53
59 119
59 237
59 232
59 91
59 157
59 145
59 117
60 189
60 90
60 4
60 145
60 129
60 148
60 271
61 28
61 203
61 252
61 103
61 122
61 108
61 113
62 118
62 80
62 240
62 110
62 54
62 53
62 299
62 250
62 186
63 150
63 230
63 60
63 193
63 299
63 13
63 173
63 224
63 111
63 20
63 181
64 148
64 163
64 41
64 21
64 18
64 154
64 230
64 227
64 133
65 185
65 171
65 6
65 127
65 122
65 19
65 75
65 107
65 80
65 174
65 296
65 54
65 30
65 266
66 41
66 216
66 230
66 221
66 244
67 14
67 279
67 50
67 83
67 75
67 103
67 116
67 248
67 231
67 79
67 5
67 143
68 100
68 173
68 29
68 90
68 212
68 103
69 76
69 214
69 75
69 262
70 291
70 90
70 261
70 238
71 34
71 178
71 216
71 235
71 44
71 250
71 279
71 258
71 267
72 15
72 289
72 69
72 142
72 5
72 199
72 180
73 182
73 67
73 152
73 113
73 75
73 121
73 131
73 191
74 42
74 110
74 70
74 126
74 104
75 268
75 157
75 252
75 126
75 64
75 177
75 98
75 257
75 27
75 79
75 285
75 195
76 62
76 13
76 274
76 95
76 218
76 296
77 273
77 116
77 102
77 93
77 219
77 164
77 174
77 51
77 277
78 16
78 290
78 119
78 138
78 53
78 105
78 296
79 39
79 95
79 207
79 75
79 246
80 74
80 257
80 132
80 230
80 69
80 160
80 235
80 103
81 294
81 233
81 29
81 183
81 171
81 93
81 164
81 196
82 247
82 222
82 284
82 84
82 173
82 281
82 89
83 155
83 253
83 67
83 193
83 99
83 172
83 89
83 4
83 159
83 8
84 120
84 161
84 297
84 21
84 133
84 12
84 262
84 227
84 233
85 62
85 234
85 266
85 105
85 116
85 291
85 98
85 165
85 48
85 83
85 233
85 168
85 43
86 239
86 224
86 96
86 37
86 95
86 221
86 0
86 196
86 185
87 265
87 11
87 212
87 195
87 200
87 96
87 152
87 58
88 216
88 56
88 74
88 278
89 292
89 245
89 55
89 86
90 171
90 70
90 50
90 214
90 261
90 192
90 28
90 73
90 220
91 294
91 90
91 170
91 193
91 84
92 68
92 218
92 185
92 205
92 52
92 287
93 17
93 225
93 270
93 87
94 64
94 233
94 229
94 149
94 165
94 46
94 37
94 123
94 137
95 223
95 271
95 151
95 66
95 3
95 122
95 228
96 72
96 199
96 262
96 98
96 193
96 165
97 26
97 189
97 183
97 146
97 235
97 64
97 224
97 263
97 257
97 184
98 208
98 95
98 77
98 246
99 257
99 234
99 50
99 205
100 233
100 222
100 284
100 162
100 84
100 37
100 93
100 102
100 290
101 90
101 242
101 266
101 75
101 293
101 160
101 198
101 197
101 4
101 262
101 206
101 1
101 149
101 202
102 248
102 79
102 67
102 209
102 80
102 72
102 257
102 184
102 169
102 107
102 239
102 35
103 109
104 265
104 67
104 25
104 87
104 200
104 119
104 90
104 164
104 231
104 73
104 142
104 187
105 20
105 168
105 123
105 185
105 291
105 38
105 251
105 25
105 112
106 157
106 250
106 171
106 53
106 291
106 161
106 140
106 30
106 243
106 269
106 178
106 70
106 19
106 168
107 92
107 276
107 175
107 48
107 236
107 38
107 37
107 260
107 88
107 191
108 43
108 252
108 224
108 211
108 55
108 118
108 201
108 127
109 287
109 233
109 25
109 124
109 5
109 148
109 134
109 123
109 41
110 148
110 15
110 37
110 178
110 190
110 274
110 141
110 248
110 187
110 52
111 267
111 247
111 141
111 113
111 24
111 13
111 40
111 139
111 225
111 106
111 59
111 227
112 199
112 79
112 116
112 168
112 41
112 294
112 20
112 212
112 181
113 279
113 258
113 219
113 91
113 115
113 197
113 237
113 243
113 39
113 63
113 224
113 61
114 227
114 147
114 175
114 79
114 250
114 26
114 280
114 255
114 265
114 13
114 58
114 150
114 161
115 27
115 116
115 164
115 197
115 194
115 56
115 280
115 176
116 75
116 292
116 60
116 7
117 8
117 268
117 160
117 9
117 105
117 54
117 200
117 59
117 58
117 127
117 244
118 66
118 73
118 179
118 154
118 178
118 186
119 288
119 18
119 150
119 219
119 197
119 171
119 216
119 7
119 160
119 92
120 198
120 243
120 132
120 155
120 279
120 238
121 213
121 110
121 68
121 290
121 166
121 235
121 40
121 0
121 211
121 283
122 262
122 22
122 51
122 188
122 228
122 177
122 291
122 167
123 256
123 172
123 156
123 55
123 44
123 38
123 41
123 87
123 250
124 10
124 223
124 29
124 106
124 53
124 203
125 71
125 174
125 21
125 248
125 18
125 72
126 94
126 269
126 130
126 76
126 127
126 30
126 79
126 35
126 281
126 280
127 287
127 92
127 101
127 130
127 269
128 201
128 208
128 206
128 79
128 248
128 130
128 0
128 215
128 230
128 270
128 151
129 15
129 80
129 190
129 83
129 150
129 151
129 236
129 161
129 101
129 45
129 195
129 107
129 203
130 127
130 223
130 163
130 38
130 193
130 255
130 247
130 85
131 230
131 248
131 278
131 69
131 8
131 144
131 225
132 69
132 184
132 123
132 45
132 114
132 222
132 286
132 27
133 209
133 167
133 21
133 184
133 296
133 229
134 283
134 296
134 280
134 74
134 118
135 110
135 227
135 33
135 257
135 273
135 26
135 0
135 205
135 211
136 6
136 213
136 131
136 248
136 17
136 279
136 139
136 20
136 209
136 257
136 43
136 44
137 30
137 46
137 47
137 275
137 219
137 100
137 62
137 186
137 260
138 223
138 236
138 82
138 108
138 153
138 9
138 167
139 24
139 269
139 286
139 114
139 84
139 102
139 227
139 224
140 121
140 80
140 96
140 43
140 245
140 282
140 134
140 101
140 98
140 49
140 97
140 165
140 227
141 127
141 248
141 9
141 110
141 73
141 264
141 252
141 162
142 47
142 104
142 148
142 38
142 103
142 211
142 156
142 95
142 201
142 214
142 16
142 254
143 257
143 158
143 181
143 96
143 59
143 135
143 156
143 48
143 101
143 200
143 104
144 208
144 11
144 117
144 115
144 170
144 24
144 181
144 10
145 265
145 38
145 257
145 281
145 13
145 153
145 144
145 55
146 181
146 30
147 24
147 213
147 64
147 27
147 223
147 163
148 18
148 179
148 59
148 112
148 228
148 37
149 191
149 57
149 216
149 109
149 114
149 241
149 237
150 18
150 88
150 187
150 182
150 115
150 54
151 137
151 3
151 295
151 244
151 277
151 35
151 267
151 86
151 106
152 249
152 277
152 151
152 116
152 186
152 288
152 141
152 123
152 163
153 178
153 63
153 297
153 72
153 286
153 257
153 40
153 193
154 79
154 70
154 166
154 278
154 55
154 140
155 239
155 235
155 210
155 278
155 164
155 288
155 34
156 10
156 211
156 25
156 232
156 192
156 206
156 121
156 28
156 24
156 194
157 194
157 241
157 105
157 69
157 112
157 51
157 131
158 153
158 256
158 61
158 24
158 214
158 206
158 246
158 261
158 151
159 95
159 278
159 119
159 259
159 148
159 97
160 299
160 217
160 17
160 59
160 192
160 177
160 139
160 5
160 156
160 158
160 6
161 238
161 131
161 224
161 133
161 255
161 260
161 2
162 19
162 177
162 219
162 298
162 239
162 281
162 269
163 79
163 247
163 98
164 203
164 263
164 277
164 191
164 149
164 135
164 267
164 271
164 200
164 259
165 57
165 107
165 156
165 223
165 284
165 264
165 25
165 119
165 112
166 2
166 277
166 36
166 257
166 62
166 234
166 200
166 103
166 56
167 149
167 35
167 38
167 138
167 236
167 29
167 81
167 298
167 132
168 157
168 259
168 162
168 27
168 30
168 202
168 97
168 39
168 265
169 296
169 79
169 5
169 105
169 220
169 115
169 50
170 234
170 283
170 13
170 292
170 41
170 289
170 253
170 255
170 129
170 238
170 80
170 195
171 262
171 65
171 123
171 282
171 159
171 184
171 299
171 78
171 162
172 223
172 231
172 238
172 267
173 68
173 27
173 298
173 41
173 33
174 127
174 74
174 118
174 113
174 135
174 261
174 193
174 99
174 19
174 109
174 98
174 249
174 0
175 96
175 284
175 265
176 116
176 263
176 161
176 175
176 115
176 139
176 88
176 201
176 144
176 255
177 105
177 195
177 234
177 120
177 7
177 266
178 207
178 24
178 161
178 226
179 181
179 15
179 100
179 206
179 75
179 57
180 203
180 153
180 178
180 194
180 160
180 57
180 234
180 141
181 151
181 18
181 94
181 103
181 283
181 60
181 295
181 26
181 55
182 193
182 239
182 107
182 146
182 195
183 266
183 84
183 126
183 39
183 276
183 40
183 222
184 65
184 135
184 259
184 210
184 230
184 96
184 122
185 290
185 92
185 281
185 199
185 64
185 210
185 118
185 229
185 54
186 202
186 168
186 12
186 276
186 258
186 137
187 29
187 207
187 237
187 145
187 33
187 94
187 292
187 107
187 176
187 134
187 75
187 100
188 298
188 201
188 106
188 222
188 240
189 176
189 106
189 184
189 188
189 298
189 211
189 203
189 92
190 69
190 204
190 70
190 53
190 135
190 134
190 154
190 249
190 105
190 294
190 270
191 295
191 235
191 79
191 158
191 216
192 252
192 286
192 242
192 132
192 127
192 154
192 199
192 105
192 60
192 14
193 69
193 27
193 212
193 1
193 273
194 188
194 107
194 75
194 203
194 244
194 63
195 274
195 68
195 47
195 33
195 188
195 93
195 17
195 143
195 150
195 131
196 276
196 6
196 101
196 176
196 212
196 270
196 265
197 297
197 129
197 283
197 3
197 133
197 274
197 177
197 181
197 162
197 163
197 228
197 160
198 168
198 17
198 277
198 36
198 123
199 193
199 274
199 89
199 263
199 150
199 256
200 277
200 298
200 161
200 275
200 266
200 281
200 129
200 222
200 25
201 123
201 26
201 59
201 152
201 117
201 141
201 18
201 280
201 264
201 28
201 175
201 283
201 49
201 72
202 79
202 18
202 204
202 89
202 85
202 48
202 249
203 170
203 213
203 151
203 158
203 44
204 81
204 2
204 298
204 113
204 271
204 171
204 179
204 294
204 98
204 142
204 258
204 249
204 289
204 137
204 240
205 291
205 223
205 286
205 134
205 295
205 80
205 177
206 142
206 200
206 223
206 15
206 280
207 251
207 279
207 204
207 198
207 225
207 89
207 34
208 8
208 155
208 56
208 73
208 151
208 137
209 70
209 227
210 13
210 107
210 91
210 82
210 95
210 226
210 263
210 92
211 71
211 222
211 104
211 291
211 53
212 247
212 159
212 82
212 269
212 122
212 235
212 241
212 167
212 76
212 280
213 32
213 269
213 148
213 165
213 16
214 31
214 146
214 127
214 223
214 291
214 237
215 64
215 203
215 130
216 225
216 233
216 38
216 51
216 83
216 202
216 276
216 20
216 205
217 15
217 165
217 197
217 210
218 179
218 254
218 67
218 24
218 235
219 175
219 113
219 44
220 147
220 248
220 225
220 241
220 2
221 32
221 92
221 29
221 241
221 223
221 202
221 150
221 293
222 77
222 280
222 167
222 112
222 237
222 165
222 160
222 130
223 255
223 47
223 246
223 52
223 63
223 240
223 298
223 142
223 120
223 129
223 278
224 226
224 206
224 87
224 43
224 207
225 157
225 14
225 43
225 37
225 296
225 237
225 284
225 2
225 104
226 88
226 50
226 297
226 90
226 125
226 202
226 71
226 32
226 1
226 47
226 247
226 25
227 203
227 18
227 42
227 118
227 217
227 157
227 251
228 252
228 191
228 60
228 143
228 146
228 278
229 249
229 204
229 71
229 185
229 53
229 83
230 197
230 140
230 23
230 102
230 81
230 202
230 9
230 76
230 250
231 180
231 99
231 175
231 41
231 208
231 256
231 135
232 168
233 127
233 289
233 139
234 169
234 0
234 162
234 85
234 297
234 170
234 126
234 43
235 35
235 296
235 90
235 7
235 250
235 279
235 46
235 243
236 135
236 75
236 67
236 264
236 35
236 158
237 75
237 236
237 33
237 160
238 13
238 164
238 56
238 31
238 75
238 220
238 96
238 123
239 174
239 210
239 241
239 209
239 146
239 80
239 293
239 13
239 128
239 45
240 166
240 122
240 269
241 120
241 92
241 274
241 129
241 211
241 217
242 240
242 102
242 108
242 30
242 196
242 252
242 152
242 5
242 40
243 118
243 60
243 15
243 191
243 80
243 63
243 21
243 113
243 153
243 248
243 282
243 64
244 264
245 170
245 223
245 273
245 32
246 181
246 156
246 178
246 226
246 109
246 105
247 49
247 271
247 42
247 128
247 47
247 55
247 77
247 18
247 103
248 203
248 117
248 129
248 153
249 35
249 86
249 43
249 45
249 197
249 13
249 224
249 201
249 32
249 237
250 94
250 244
250 16
250 240
250 220
250 27
250 159
250 281
251 130
251 147
251 37
251 246
251 92
251 67
251 280
251 172
251 184
251 10
251 165
252 142
252 152
252 20
252 281
252 40
252 46
252 64
252 181
252 208
252 42
253 128
253 3
253 7
253 293
253 0
253 119
253 236
253 129
254 216
254 195
254 269
254 189
254 258
254 13
254 295
254 71
255 82
255 196
255 93
255 78
255 146
255 214
255 34
255 117
255 43
256 277
256 3
256 295
256 109
256 244
256 172
256 158
256 136
256 91
256 229
256 261
257 95
257 286
257 296
257 289
257 1
257 35
258 207
258 220
258 111
258 49
258 117
258 274
258 271
258 185
258 287
258 261
258 179
259 64
259 241
259 126
259 226
260 176
260 78
260 297
260 132
260 35
260 18
260 129
261 44
261 171
261 234
261 2
261 3
261 59
262 16
262 168
262 220
262 133
262 177
262 55
262 176
262 161
262 292
262 105
262 253
262 76
262 221
262 192
262 153
262 121
262 179
263 234
263 110
263 189
263 109
263 54
263 222
263 95
263 254
263 249
263 157
263 59
264 3
264 184
264 243
264 23
264 155
264 32
264 161
264 21
264 138
265 77
265 288
265 203
265 194
265 139
265 179
265 75
265 244
266 202
266 118
266 24
266 72
266 55
266 1
266 152
266 158
266 196
267 19
267 9
267 275
267 35
267 106
267 128
267 94
267 203
268 280
268 84
268 21
268 295
268 98
268 50
268 22
268 182
268 46
269 50
269 220
269 131
269 103
269 233
270 26
270 48
270 252
270 56
270 152
270 219
270 158
270 288
270 12
270 247
270 206
270 95
270 29
270 100
271 214
271 136
271 157
271 121
271 192
271 288
271 56
271 263
272 171
272 263
272 34
272 292
272 46
272 24
272 158
272 251
272 144
272 232
272 183
273 193
273 118
273 287
273 61
273 142
273 134
273 143
273 191
274 99
274 283
274 234
274 36
274 278
274 19
274 197
274 143
274 49
274 27
275 276
275 289
275 169
275 127
275 173
275 102
275 21
275 211
275 222
275 99
275 209
276 5
276 78
276 289
276 215
276 299
276 8
276 229
276 31
276 10
276 57
277 289
277 213
277 129
277 44
277 296
277 288
277 67
277 239
278 154
278 256
278 115
278 219
279 76
279 102
279 89
279 266
279 212
280 44
280 40
280 155
280 129
280 287
280 162
280 140
280 286
280 266
280 174
281 161
281 177
281 66
281 62
281 250
281 155
281 295
282 191
282 298
282 66
282 212
282 155
282 213
282 84
283 153
283 192
283 78
283 3
283 52
283 38
283 97
283 261
284 33
284 48
284 119
284 280
284 265
284 173
284 186
284 18
284 163
285 183
285 80
285 207
285 218
285 164
286 288
286 258
286 55
286 23
286 37
286 278
286 224
286 206
287 130
287 38
287 203
287 269
287 201
287 205
287 82
288 19
288 175
288 47
288 46
288 165
288 247
288 37
288 85
289 126
289 40
289 124
289 30
289 185
289 51
289 55
289 199
289 288
289 286
290 107
290 36
290 224
290 108
290 116
291 65
291 33
291 101
291 222
291 234
291 29
291 266
291 88
291 35
291 282
291 232
291 276
292 170
292 198
292 154
292 6
292 230
292 144
292 275
293 15
293 155
293 98
293 88
293 181
294 85
294 93
294 240
294 152
294 298
294 176
294 180
294 70
294 159
295 35
295 229
295 53
295 56
295 33
295 161
295 74
296 280
296 187
296 263
296 143
296 98
297 67
297 10
297 232
297 172
297 281
297 174
297 71
297 181
297 154
297 163
298 194
298 168
298 95
298 266
298 45
298 279
298 101
298 48
299 97
299 268
299 140
299 10
