0 233
0 4
0 67
0 284
0 85
0 272
0 205
1 213
1 134
1 296
1 192
1 24
1 123
2 49
2 20
2 154
2 153
2 245
2 50
3 136
3 75
3 2
3 150
4 177
4 105
4 294
4 199
4 126
4 77
4 109
4 42
4 40
4 141
4 124
4 189
5 55
5 10
5 119
5 207
5 37
5 267
5 210
6 150
6 109
6 288
6 238
6 115
6 77
6 222
6 243
6 209
6 63
6 173
6 95
6 141
7 214
7 169
7 73
8 144
8 18
8 123
8 43
8 106
8 180
8 204
8 153
9 198
9 73
9 157
9 121
9 249
9 172
9 44
9 24
9 188
9 197
10 264
10 22
10 268
10 40
10 115
11 70
11 2
11 110
11 74
11 125
11 229
11 98
11 153
12 202
12 124
12 218
12 148
12 262
12 222
12 115
12 221
12 260
12 156
12 246
12 245
12 199
13 265
13 276
13 10
13 285
13 264
14 63
14 178
14 137
14 110
14 190
14 181
14 118
15 125
15 216
15 271
15 91
15 155
15 143
15 89
15 293
15 211
16 54
16 43
16 237
16 127
16 176
16 240
16 274
16 1
17 154
17 212
17 209
17 3
17 31
18 69
18 261
18 56
18 288
18 216
18 82
18 99
18 237
18 38
18 234
18 122
19 228
19 168
19 5
19 262
19 236
20 95
20 107
20 77
20 94
20 5
20 279
20 175
20 79
20 180
20 247
21 69
21 25
21 126
21 147
21 299
21 136
21 128
21 282
21 18
22 220
22 118
22 167
22 61
22 25
22 101
22 16
22 246
23 198
23 266
23 59
23 90
23 205
24 94
24 122
24 76
24 247
24 62
24 67
24 137
25 279
25 190
25 283
26 41
26 143
26 166
26 15
26 78
26 90
26 288
26 63
26 31
26 147
26 80
27 291
27 49
27 59
27 193
27 32
28 203
28 12
28 244
28 228
28 113
28 195
28 92
29 177
29 203
29 148
29 211
29 284
29 160
29 235
29 158
29 255
29 223
29 275
29 77
30 115
30 162
30 21
30 142
30 122
30 20
31 107
31 265
31 91
31 102
31 185
31 60
31 23
32 51
32 36
32 233
32 211
32 87
32 63
32 171
32 126
32 10
33 90
33 73
33 257
33 166
33 67
33 215
34 158
34 43
34 70
34 155
34 195
34 30
34 172
34 248
34 132
34 250
34 8
35 136
35 62
35 232
35 132
35 204
35 270
35 124
36 113
36 77
36 110
36 67
37 163
37 294
37 150
37 23
37 258
37 40
37 210
37 220
37 22
37 197
38 142
38 232
38 162
38 78
38 284
38 75
38 279
39 252
39 36
39 279
39 175
39 291
39 196
39 68
39 51
39 131
39 108
39 184
39 42
39 30
40 130
40 33
40 66
40 50
40 87
40 62
40 196
41 3
42 119
42 172
42 96
42 160
43 67
43 251
43 39
43 55
43 45
44 34
44 248
44 24
44 20
45 187
45 53
45 30
45 91
45 97
45 271
45 244
45 27
46 181
46 208
46 253
46 82
46 69
46 259
47 213
47 183
47 59
47 18
47 266
47 137
47 240
48 44
48 142
48 103
49 236
49 161
49 103
49 143
49 96
49 152
49 202
50 199
50 88
50 77
50 105
50 133
50 40
51 70
51 265
51 175
51 140
51 187
51 205
51 78
51 261
51 28
51 44
51 264
52 274
52 172
52 198
52 231
52 71
52 80
53 87
53 185
53 176
53 25
53 55
53 84
53 127
53 27
53 269
53 32
53 290
53 78
54 103
54 50
54 167
54 135
54 174
54 122
54 200
54 268
54 282
55 270
55 137
55 155
55 70
55 4
55 158
55 106
55 236
55 245
56 20
56 115
56 283
56 32
56 81
56 273
56 139
56 255
56 178
56 148
56 197
57 280
57 176
57 161
57 201
57 198
57 287
57 278
57 51
58 79
58 133
58 82
58 109
58 81
59 52
59 40
59 262
59 186
59 175
59 180
60 234
60 145
60 269
60 151
60 133
61 272
61 13
61 191
61 156
61 161
61 237
61 262
62 210
62 92
62 229
62 143
62 70
62 35
63 285
63 291
63 211
63 253
63 257
63 18
63 148
64 85
64 144
64 107
64 142
64 180
64 159
64 58
64 256
64 297
64 277
64 5
64 185
64 200
65 218
65 177
65 286
65 55
65 292
66 128
66 44
66 111
66 228
66 168
66 12
67 240
67 238
67 162
67 195
67 192
67 14
67 180
67 297
67 51
67 262
67 115
67 267
67 280
68 172
68 234
68 271
68 125
68 249
68 265
69 186
69 257
69 240
69 40
69 233
69 237
70 152
70 107
70 66
70 114
70 127
70 5
70 272
71 253
71 217
71 9
71 19
71 16
71 239
71 138
71 178
71 169
71 12
72 123
72 137
72 246
72 95
72 213
73 21
73 129
73 259
73 52
73 214
73 270
74 89
74 40
74 237
74 82
74 13
74 142
74 125
74 46
74 202
75 181
75 210
75 59
75 267
75 120
75 73
75 245
75 108
75 247
75 185
76 47
76 132
76 57
77 228
77 193
77 112
77 167
77 282
77 108
77 180
78 55
78 154
78 118
78 114
78 86
78 205
78 264
78 219
78 79
78 265
78 171
79 41
79 232
79 117
79 57
79 182
79 153
79 94
80 191
80 73
80 143
80 295
80 119
80 94
80 252
81 154
81 146
81 159
81 137
81 45
81 274
82 254
82 248
82 231
82 278
82 276
82 174
82 56
83 270
83 185
83 29
83 204
83 35
83 14
83 94
83 81
84 208
84 41
84 113
85 195
85 13
85 161
85 50
85 37
85 222
86 0
86 168
86 189
86 194
86 92
86 172
86 204
86 281
86 51
86 132
86 136
86 276
86 183
86 127
87 99
87 73
87 258
87 196
88 53
88 215
88 266
88 96
88 220
89 124
89 112
89 69
89 82
89 267
89 169
89 19
89 113
90 146
90 214
90 162
90 208
90 39
90 102
90 212
90 231
90 240
90 188
90 277
90 289
90 74
90 258
91 55
91 60
91 225
91 277
91 222
91 86
91 107
91 252
92 158
92 54
92 12
92 125
92 37
92 129
92 233
93 187
93 9
93 102
93 264
93 153
93 263
93 118
93 56
93 36
93 249
94 267
94 204
94 98
94 193
94 160
94 60
94 260
94 293
94 221
94 247
94 95
95 126
95 4
95 37
95 142
95 189
95 173
95 247
95 30
95 26
95 233
96 204
96 247
96 278
96 201
96 221
96 23
96 187
97 69
97 37
97 42
97 110
97 25
97 267
97 58
97 96
98 286
98 143
98 176
98 238
98 205
99 47
99 203
99 97
100 75
100 117
100 163
101 46
101 289
101 237
101 135
101 108
101 276
101 120
101 205
102 109
102 246
102 87
102 275
102 280
103 101
103 137
104 204
104 167
104 95
104 299
104 87
104 54
104 249
104 83
104 22
104 193
104 55
104 58
104 237
105 205
105 163
105 165
105 275
105 299
105 260
105 177
105 183
105 10
105 103
105 154
106 282
106 76
106 53
106 126
106 211
106 40
106 84
107 38
107 236
107 73
107 12
107 240
107 39
107 183
107 249
107 63
108 269
108 137
108 150
108 237
108 175
108 195
108 129
108 283
108 32
109 29
109 20
109 83
109 142
109 240
109 199
109 68
110 153
110 128
110 41
110 205
110 247
110 53
110 112
110 21
110 289
110 262
110 217
110 51
111 61
111 212
111 137
111 237
111 204
111 219
111 138
111 120
111 17
112 284
112 81
112 237
112 292
112 157
112 115
113 26
113 90
113 215
113 259
113 163
113 204
113 101
113 62
114 232
114 247
114 187
114 149
114 135
114 218
114 270
115 38
115 261
115 246
115 146
115 202
115 288
115 24
115 172
115 287
115 217
115 209
116 3
116 126
116 134
116 4
116 192
116 263
116 290
116 14
116 148
116 94
117 160
117 213
117 67
117 276
117 65
117 195
117 162
117 177
117 184
117 157
117 62
117 217
117 66
118 186
118 287
118 94
118 209
118 284
118 185
118 241
119 120
119 196
119 165
119 234
120 23
120 82
120 167
120 30
120 88
120 186
120 165
120 245
120 270
120 129
120 70
120 140
121 144
121 128
121 12
121 3
121 187
121 5
122 69
122 136
122 297
122 42
122 240
123 222
123 134
123 132
123 173
123 16
123 36
124 97
124 190
124 231
124 28
124 86
124 233
124 279
124 25
124 222
125 64
125 32
125 150
125 177
126 92
126 95
126 136
126 94
126 213
126 68
127 142
127 42
127 282
127 97
127 65
127 94
127 239
127 201
127 6
127 37
127 157
127 220
127 0
128 226
128 197
128 34
128 93
128 46
128 254
128 150
128 182
129 186
129 211
129 281
129 67
129 176
129 166
129 112
130 140
130 33
130 28
130 129
130 93
130 44
131 240
131 19
131 265
131 61
131 291
131 255
131 54
131 231
131 239
132 282
132 15
132 113
132 168
132 227
132 190
132 260
132 262
132 107
132 284
133 43
133 101
134 213
134 72
134 149
134 27
134 53
135 1
135 157
135 163
135 284
135 238
135 128
135 46
135 171
135 268
135 100
135 240
135 55
135 47
136 31
136 170
136 259
136 288
136 2
136 28
136 298
137 282
137 119
137 295
138 35
138 158
138 167
138 142
138 1
138 227
138 159
139 285
139 150
139 102
139 33
139 297
139 41
139 56
139 59
139 236
139 197
139 138
139 88
139 229
140 232
140 259
140 299
140 146
140 17
140 235
140 194
140 220
141 134
141 202
141 293
141 111
141 211
141 10
141 234
141 82
141 200
142 77
142 89
142 225
142 251
142 132
142 29
142 185
142 125
143 51
143 105
143 42
143 179
143 92
143 67
143 269
143 34
143 291
143 89
143 185
144 64
144 90
144 15
144 287
144 62
145 33
145 279
145 247
145 236
145 293
145 73
146 200
146 158
146 202
146 79
146 298
147 3
147 251
147 213
147 189
147 0
147 79
147 82
147 132
147 5
147 142
147 264
148 87
148 114
148 141
148 10
148 77
148 125
149 135
149 156
149 72
149 272
149 160
149 203
149 53
149 260
150 270
150 216
150 166
150 131
150 201
150 31
150 265
150 120
150 23
150 294
151 185
151 110
151 22
151 113
151 39
151 29
151 37
151 131
151 111
152 166
152 12
152 83
152 112
152 240
152 62
152 254
152 28
152 16
152 37
152 147
153 156
154 84
154 209
154 137
154 89
154 278
154 166
154 277
154 281
154 26
155 9
155 156
155 114
155 154
155 274
155 61
155 142
155 29
155 279
156 278
156 189
156 81
156 170
157 12
157 173
157 214
157 244
157 105
158 23
158 249
158 250
158 121
158 33
158 95
158 221
158 54
158 194
159 144
159 290
159 194
159 182
159 215
160 204
161 163
161 107
161 30
161 152
161 184
161 292
161 168
161 1
162 268
162 12
162 3
162 11
162 69
162 267
162 206
162 73
162 143
163 116
163 126
163 180
163 216
163 119
163 123
164 79
164 165
164 39
164 111
164 45
164 278
165 89
165 176
165 141
166 240
166 227
166 194
166 167
166 70
166 197
166 165
166 299
166 158
166 120
167 98
167 243
167 239
167 108
167 141
167 255
167 91
167 83
167 25
168 66
168 264
168 207
168 92
168 117
168 164
168 147
169 160
169 291
169 58
169 251
169 154
169 279
169 236
170 263
170 79
170 289
170 247
170 179
170 284
170 148
170 16
170 85
170 172
170 108
171 297
171 277
171 205
171 111
171 147
171 292
171 263
171 0
171 31
171 218
172 59
172 183
172 194
172 243
172 77
173 105
173 110
173 252
173 227
173 118
173 161
173 267
173 241
173 153
173 113
173 191
173 135
173 50
173 238
173 183
173 283
174 0
174 253
174 233
174 45
174 149
174 42
174 250
174 23
174 267
175 9
175 181
175 166
175 269
175 270
176 194
176 27
176 17
176 187
176 115
176 292
177 236
177 238
177 88
177 264
178 114
178 183
178 97
178 185
178 214
178 182
179 276
179 31
179 114
179 152
179 153
179 136
179 139
179 137
180 239
180 155
180 66
180 46
181 193
181 33
181 202
181 88
181 116
181 207
181 120
181 50
181 242
181 187
181 277
182 270
182 97
182 116
182 273
182 271
182 79
183 139
183 39
183 225
183 127
183 131
184 18
184 274
184 237
184 260
184 276
184 61
184 228
184 266
184 94
184 251
184 25
185 156
185 63
185 281
185 187
185 195
185 201
185 80
185 207
185 186
185 166
186 208
186 265
186 259
186 60
186 16
186 4
186 88
186 252
186 167
186 47
186 105
187 285
187 141
187 111
187 53
188 4
188 132
188 255
188 11
189 110
189 24
189 55
189 75
189 177
189 197
189 74
190 274
190 107
190 283
190 176
190 264
190 270
190 174
190 216
191 16
191 145
191 87
191 157
191 70
191 292
192 43
192 112
192 287
192 252
192 142
192 217
192 179
193 182
193 145
193 69
193 168
194 161
194 257
194 11
194 175
194 156
194 177
194 64
194 142
194 181
194 210
195 241
195 18
195 69
195 191
196 242
196 232
196 271
196 167
196 260
197 250
197 289
197 38
197 84
197 53
197 89
197 125
198 143
198 162
198 189
198 101
198 239
198 274
198 45
199 178
199 13
199 260
199 132
199 148
199 104
200 28
200 50
200 253
200 278
200 214
200 37
200 30
200 257
200 241
201 288
201 30
201 295
201 11
201 193
201 257
202 49
202 118
202 251
202 7
202 28
202 265
202 68
203 73
203 78
203 28
203 130
203 38
203 251
204 62
204 129
204 229
204 168
204 279
204 141
204 58
204 293
205 153
205 271
205 192
205 246
205 40
205 220
205 269
206 246
206 52
206 273
206 119
206 267
206 125
206 205
206 164
206 82
206 14
206 163
207 142
207 215
207 70
207 227
207 254
207 299
207 93
208 25
208 62
208 37
208 141
208 255
208 9
209 293
209 150
209 211
209 268
209 28
209 274
209 1
210 20
210 45
210 205
210 273
210 232
210 82
210 111
210 181
211 222
211 286
211 177
211 264
211 180
211 9
211 183
211 86
211 184
211 200
212 31
212 130
212 279
212 118
212 106
212 148
212 171
212 138
212 93
212 226
212 246
212 114
212 76
212 38
213 84
213 137
213 20
213 170
213 149
213 229
213 241
213 211
213 136
214 107
214 76
214 81
214 40
214 65
215 140
215 155
215 89
215 259
215 85
216 7
216 180
216 141
216 120
216 285
216 183
216 113
216 89
216 205
217 284
217 27
217 179
217 238
217 231
217 83
217 69
217 140
217 165
218 205
218 295
218 299
218 233
218 123
218 165
218 42
218 43
218 228
218 276
219 244
219 129
220 286
220 60
220 275
220 155
220 232
220 241
220 297
220 35
220 34
221 265
221 246
221 172
221 237
221 71
221 57
221 64
221 250
221 85
222 68
222 244
222 116
222 145
222 119
222 256
222 38
222 242
222 139
223 192
223 84
223 205
223 109
223 40
223 234
223 133
223 63
223 99
224 83
224 214
225 61
225 164
225 266
225 48
225 218
225 15
226 29
226 155
226 35
226 143
226 247
226 16
226 30
226 169
227 134
227 80
227 144
227 181
228 160
228 227
228 221
228 13
228 223
228 204
228 127
229 282
229 22
229 38
229 68
229 279
229 158
229 69
230 176
230 50
230 133
230 280
230 119
230 110
231 137
231 211
231 191
232 105
232 277
232 4
232 257
232 284
232 76
232 172
232 211
232 180
233 201
233 89
233 20
233 9
234 297
234 175
234 224
235 179
235 176
235 37
235 295
235 247
235 292
235 148
236 93
236 229
236 296
236 104
236 199
236 120
236 9
236 172
236 98
236 145
236 245
237 23
237 229
237 235
238 203
238 173
238 168
238 93
238 271
238 160
238 82
238 38
238 115
239 33
239 170
239 130
239 132
239 180
240 42
240 219
241 68
241 232
241 42
241 239
241 203
241 216
241 2
241 256
241 197
241 93
242 137
242 156
242 282
242 247
242 195
242 100
242 249
243 3
243 248
243 111
243 83
243 101
243 185
243 260
243 58
243 165
244 276
244 155
244 37
244 270
244 262
244 65
244 187
244 133
244 48
244 220
245 106
245 4
245 67
245 288
245 156
245 278
245 202
245 190
245 197
246 103
246 229
246 53
246 27
246 190
246 299
246 113
246 55
246 33
246 119
246 234
246 40
247 0
247 280
247 248
247 156
247 174
247 240
247 61
248 98
249 149
249 179
249 60
249 192
249 272
249 139
249 232
249 95
249 37
249 211
250 18
250 157
250 128
250 210
250 46
250 287
250 88
251 216
251 230
251 281
251 96
251 175
251 95
251 42
251 166
252 249
252 260
252 145
252 171
252 242
252 256
252 281
252 259
252 157
252 111
252 146
253 189
253 116
254 33
254 248
254 255
254 235
254 281
254 285
255 128
255 221
255 204
255 103
255 66
255 18
255 202
255 246
255 112
255 188
256 181
256 144
256 151
256 234
256 287
257 62
257 197
257 10
257 265
257 36
257 84
257 168
258 206
258 113
258 140
258 4
258 184
258 57
258 207
258 215
259 34
259 149
259 89
259 24
259 174
259 87
259 14
259 80
259 162
259 47
259 179
259 134
259 41
260 169
260 272
260 134
260 25
260 219
260 46
260 183
260 225
260 43
260 261
261 166
261 137
261 1
261 106
261 9
261 10
261 42
262 24
262 46
262 77
262 134
262 64
262 124
262 121
263 270
263 89
263 95
263 19
263 226
263 290
264 50
264 278
264 223
264 23
264 271
264 233
264 17
264 115
264 49
265 124
265 106
265 36
265 5
265 228
266 252
266 13
266 267
266 213
266 208
266 283
267 49
267 197
267 91
267 249
267 200
267 107
268 259
268 204
268 255
268 77
268 65
268 142
268 210
268 236
269 53
269 293
269 218
269 56
269 23
269 281
269 165
269 25
269 258
269 73
269 21
269 71
270 138
270 137
270 3
270 50
270 278
270 25
270 219
271 104
271 218
271 29
271 185
271 168
272 290
272 257
272 192
272 182
272 18
272 3
272 62
272 236
272 150
272 129
272 23
272 227
273 194
273 83
273 26
273 132
273 293
273 259
273 171
273 96
274 137
274 33
274 64
274 54
275 72
275 11
275 47
275 121
275 158
275 127
275 154
275 193
275 189
275 153
275 207
275 63
276 118
276 176
276 217
276 35
276 3
276 63
276 155
276 104
276 14
276 93
276 201
276 16
276 122
276 42
277 219
277 119
277 195
277 190
277 184
277 108
278 284
278 90
278 137
278 74
278 28
278 192
278 151
278 78
278 118
278 159
278 99
279 20
279 160
279 298
279 23
279 104
279 73
279 51
279 108
280 84
280 257
280 24
280 18
280 120
280 201
280 127
281 215
281 99
281 26
281 64
281 53
281 233
281 145
281 155
281 21
281 178
281 283
282 137
282 134
282 136
282 42
282 221
282 49
282 227
282 57
283 35
283 230
283 276
283 137
283 112
283 275
283 248
283 31
283 202
283 152
283 281
283 193
284 239
284 214
284 197
284 216
284 295
284 226
284 152
284 164
284 149
284 14
285 61
285 238
285 132
285 146
285 30
285 180
285 209
285 154
286 259
286 45
286 257
286 119
286 197
286 94
286 40
287 23
287 284
287 62
287 261
287 15
287 131
287 172
287 54
287 200
288 56
288 241
288 150
288 287
288 106
289 25
289 1
289 281
289 228
289 215
290 84
290 39
290 49
290 201
290 173
290 213
290 25
291 274
291 90
291 286
291 200
291 100
291 76
291 72
291 226
291 117
291 133
291 32
291 118
291 194
291 251
292 188
292 204
292 85
292 135
292 230
292 186
292 212
292 228
293 187
293 269
293 224
293 34
293 135
293 114
293 19
293 294
293 137
293 80
294 134
294 68
294 243
295 182
295 147
295 23
295 19
295 94
296 230
296 47
296 64
296 62
296 219
296 40
297 11
297 205
297 69
297 298
297 47
297 247
297 113
297 281
297 33
298 207
298 18
298 258
298 44
298 171
298 209
298 277
298 160
298 33
298 65
298 14
299 190
299 252
299 204
299 221
299 184
