0 127
0 75
1 232
1 100
1 39
1 201
4 170
4 26
4 37
4 189
6 101
6 236
6 255
6 159
6 67
6 138
6 254
7 211
7 77
7 0
7 10
7 274
7 93
8 9
8 99
8 186
8 135
8 28
9 267
9 250
9 296
9 60
10 226
10 162
10 188
10 224
10 101
11 9
13 157
13 127
13 118
13 245
13 19
13 77
13 222
15 100
15 166
15 76
15 162
16 206
16 97
16 209
16 109
17 22
17 249
17 139
17 208
18 260
18 63
18 158
18 152
19 206
19 191
19 126
20 287
20 62
20 95
20 155
20 211
20 138
20 119
22 165
22 168
23 112
23 86
24 123
24 295
25 73
25 268
25 15
26 245
26 1
26 271
26 260
26 155
28 20
28 117
29 219
29 82
29 221
29 188
33 276
33 108
33 56
33 16
33 4
33 258
34 193
34 296
34 273
34 289
34 7
35 296
35 200
35 51
36 125
36 132
36 299
37 175
37 35
37 281
37 63
39 295
39 231
39 170
39 65
39 141
43 39
43 195
43 63
43 204
45 295
45 101
45 250
45 296
45 221
47 147
47 165
47 241
47 105
47 8
50 247
50 241
50 141
50 222
50 112
50 175
51 186
51 35
51 219
51 272
51 138
51 212
53 35
53 26
53 125
56 202
56 276
56 105
56 264
56 224
56 248
56 78
56 16
59 90
59 167
59 108
59 254
60 254
60 267
60 101
60 208
60 170
62 7
62 158
62 266
63 165
65 99
65 159
65 137
65 148
67 261
67 20
70 247
70 255
70 187
70 182
72 191
72 139
72 228
73 257
73 209
75 178
75 219
75 156
75 139
75 196
75 204
76 231
76 210
76 158
77 148
77 186
77 92
77 63
78 278
78 209
78 295
79 65
79 175
79 241
81 33
81 177
81 25
82 128
82 123
82 22
82 234
82 276
82 1
82 25
82 219
83 81
86 128
88 19
88 121
88 92
88 39
88 59
89 97
89 63
89 7
89 296
89 202
90 126
90 259
90 139
90 274
90 73
90 117
90 11
92 117
92 83
92 6
92 207
92 229
93 272
93 295
93 59
93 43
93 112
94 226
94 22
94 293
94 173
94 23
94 89
95 294
95 59
95 4
95 122
95 245
96 77
96 173
96 75
97 187
97 241
97 236
97 132
99 67
99 19
99 77
99 250
99 173
100 60
100 187
100 111
100 105
100 128
101 273
101 43
101 210
101 171
101 144
101 290
101 248
104 95
104 159
104 15
105 289
105 65
105 6
105 247
107 182
107 250
108 125
108 63
108 117
108 287
109 73
109 264
109 117
109 97
111 162
111 168
111 187
112 7
112 272
117 122
117 123
117 93
117 23
118 202
118 179
118 152
119 202
121 224
121 187
122 186
122 274
122 53
122 157
122 182
123 237
125 177
125 268
125 97
125 26
126 119
126 118
126 163
126 282
126 139
126 95
126 151
126 222
126 170
126 173
127 152
127 190
127 219
127 234
127 70
128 100
128 247
128 107
128 281
130 271
130 283
130 152
132 60
132 16
132 212
132 234
132 108
132 144
134 257
134 262
135 219
137 225
137 267
137 238
137 93
138 51
138 298
139 89
139 163
139 204
139 264
141 25
141 83
141 208
143 206
143 297
143 7
143 70
143 25
143 211
144 156
144 162
144 241
144 182
147 39
147 289
147 1
147 188
147 109
147 4
148 251
148 250
148 67
148 108
148 77
151 270
151 229
151 89
151 298
152 254
152 93
152 45
153 126
153 67
154 276
154 191
154 122
154 271
155 248
155 47
155 153
155 94
155 259
156 20
156 99
156 86
156 8
156 137
156 122
156 195
156 108
156 134
157 236
157 168
157 276
157 241
158 65
158 92
158 155
158 33
158 0
158 144
159 121
159 247
159 206
159 231
159 278
162 37
162 95
162 219
162 59
162 128
162 53
162 282
162 204
162 212
163 262
163 228
163 237
163 36
165 200
165 248
165 234
165 148
166 219
166 24
166 226
166 122
166 275
167 278
167 165
167 212
167 96
168 247
168 76
168 108
168 17
168 165
168 287
170 293
170 78
170 231
170 175
171 270
171 96
172 153
172 193
172 94
172 283
172 72
172 209
172 157
172 22
173 210
173 251
173 11
173 167
173 208
173 259
173 274
173 247
173 175
175 154
175 20
175 56
175 86
175 266
177 271
177 4
177 95
178 83
178 121
178 134
178 228
178 107
179 238
179 153
179 212
179 165
179 16
182 156
182 224
182 237
182 162
182 29
183 245
183 17
183 177
183 157
187 122
188 28
188 101
188 100
188 208
188 190
189 159
189 101
189 28
189 109
189 283
189 247
190 130
190 167
190 138
191 51
191 232
191 216
191 72
193 178
193 134
193 260
193 50
195 171
195 278
195 143
196 216
196 274
196 272
196 228
196 13
196 95
196 165
200 108
200 20
200 26
200 156
201 15
201 121
201 94
201 90
201 248
202 51
202 92
202 273
202 189
204 293
204 195
206 35
207 83
207 125
207 17
207 153
207 281
207 45
208 151
208 249
208 293
208 121
209 237
209 264
209 47
210 287
210 188
210 239
210 152
210 75
211 179
211 75
211 144
211 166
211 82
211 10
212 274
212 36
212 81
212 47
212 241
212 183
212 56
212 15
214 267
214 193
214 299
214 186
216 222
216 35
219 50
219 255
219 165
219 147
219 6
219 170
221 56
222 207
222 165
222 249
224 89
224 126
224 257
224 221
225 127
225 97
225 237
225 196
225 18
225 60
226 16
226 247
226 274
226 212
226 245
228 26
228 162
228 156
228 251
228 92
229 293
229 33
229 236
229 72
229 207
231 190
231 234
231 17
231 16
232 45
232 274
234 171
234 156
234 210
234 179
234 83
234 177
236 216
236 8
236 241
236 56
237 35
237 83
237 17
237 141
237 25
238 166
238 128
238 276
238 101
239 183
239 261
241 158
241 122
241 195
245 8
245 219
245 289
245 158
245 159
246 211
246 278
247 53
247 152
247 6
247 122
248 76
248 216
248 22
248 214
249 28
249 208
249 45
249 154
249 50
249 105
250 18
250 148
250 236
251 267
251 170
251 274
254 35
254 237
254 157
254 23
254 248
254 22
254 60
254 122
254 28
254 132
255 22
257 299
257 132
257 231
257 216
257 246
257 248
258 109
258 134
258 83
258 245
258 172
259 125
259 0
259 196
259 59
259 187
259 175
259 270
259 92
259 257
259 163
260 138
260 35
260 154
261 262
261 81
261 210
262 10
262 17
262 37
262 144
262 249
262 269
264 25
264 257
264 11
264 158
264 125
266 105
266 94
266 51
266 291
266 62
267 94
267 272
267 206
267 119
268 132
268 86
269 93
269 107
269 16
270 189
270 262
270 147
270 86
271 195
271 16
271 127
271 108
272 59
272 151
272 201
272 207
272 241
273 158
273 29
273 166
273 221
273 25
274 112
274 100
274 165
274 273
275 112
275 122
275 296
276 269
276 283
276 296
278 225
278 101
278 121
278 211
278 89
278 123
278 107
281 109
281 25
281 168
282 159
282 202
282 276
282 111
282 25
283 250
283 281
287 75
287 109
289 83
289 96
289 105
289 260
290 89
290 188
290 118
291 11
291 36
291 262
291 37
291 294
291 274
293 239
293 172
293 132
294 183
294 245
294 273
295 34
295 147
295 59
295 167
295 127
296 248
296 96
296 236
296 254
296 126
297 33
297 175
298 17
298 8
298 274
298 158
298 23
298 134
298 189
298 231
298 255
298 81
299 16
299 163
299 276
299 210
299 72
