0 279
0 258
0 204
0 210
0 76
0 112
0 30
0 26
0 1
0 36
0 266
1 173
1 33
1 242
1 267
1 258
1 240
1 41
2 132
2 268
2 203
2 174
2 18
3 96
3 297
3 155
3 258
3 62
3 88
3 203
4 108
4 296
4 65
4 91
4 136
4 180
4 156
4 63
4 185
4 120
4 76
5 66
5 91
5 117
5 19
5 49
5 30
5 55
5 52
5 149
6 267
6 175
6 272
6 156
7 87
7 19
8 186
8 208
8 247
8 286
8 158
9 90
9 21
9 85
9 106
9 148
9 194
9 201
9 56
9 209
9 46
10 135
10 176
10 98
10 257
10 94
10 110
11 197
11 176
11 217
11 193
11 73
11 170
11 221
12 70
12 77
12 148
12 10
12 187
12 110
12 4
12 288
13 67
13 100
13 1
13 245
13 126
13 255
13 88
13 166
14 208
14 156
14 203
14 249
14 159
14 154
14 44
15 5
15 91
15 186
16 166
16 199
16 72
16 95
16 59
16 56
16 104
16 60
17 209
17 20
17 220
17 102
17 279
17 207
18 44
18 208
18 220
19 189
19 2
19 259
19 102
19 230
19 76
19 207
19 276
19 198
19 203
19 233
19 209
20 50
20 194
20 22
20 168
20 132
20 242
20 142
20 110
21 285
21 205
21 198
21 148
21 240
21 164
21 16
21 252
21 297
21 94
21 248
21 124
21 279
21 63
22 290
22 215
22 261
22 136
22 61
22 209
22 20
22 74
22 269
22 251
22 198
22 58
23 159
23 218
24 218
24 146
24 78
24 76
25 241
25 185
25 38
25 132
25 128
26 82
26 12
26 33
26 165
26 278
26 267
26 83
26 61
26 154
26 122
26 184
28 289
28 177
28 217
29 186
29 175
29 50
29 60
29 290
29 262
29 82
29 276
30 262
30 14
30 214
30 36
31 230
31 178
31 87
31 235
31 10
31 174
32 274
32 8
32 142
32 278
32 150
33 230
33 79
33 124
33 49
34 63
34 132
34 210
34 49
35 244
35 174
35 135
35 117
35 266
35 119
35 214
35 102
35 252
35 123
35 18
35 26
36 105
37 21
37 202
37 19
37 158
37 134
37 171
37 23
37 106
37 262
38 202
38 32
38 12
38 78
38 9
38 143
38 236
38 178
39 202
39 8
39 34
39 35
39 48
40 126
40 297
40 74
40 155
40 136
40 2
41 13
41 289
41 265
41 247
41 38
41 56
41 44
42 125
42 101
42 10
42 132
42 52
44 251
44 229
44 256
44 212
45 230
45 148
45 150
46 155
46 198
46 217
46 6
46 278
46 261
46 289
46 115
46 287
46 177
47 138
47 189
47 142
47 217
47 290
47 238
47 131
47 177
48 202
48 290
48 10
48 46
49 6
49 181
49 241
49 290
49 11
49 273
50 57
50 298
50 268
50 112
50 20
50 194
50 106
50 224
50 203
50 26
50 171
50 136
50 181
51 269
51 258
51 142
51 249
51 38
51 238
51 111
51 28
51 184
51 98
52 37
52 57
52 150
52 28
52 106
52 219
54 63
54 121
54 22
54 290
54 242
54 149
55 272
55 109
55 111
55 276
55 249
56 145
56 146
56 228
56 197
56 109
56 182
56 262
56 217
56 65
56 212
56 10
57 68
57 175
57 14
57 116
57 225
57 160
57 152
58 269
58 82
58 125
58 41
58 241
58 179
58 286
58 231
58 84
58 242
58 98
58 162
59 175
59 88
59 79
59 213
59 123
59 12
59 119
59 244
60 177
60 2
60 88
60 276
61 46
61 212
61 28
61 275
61 68
61 152
61 252
62 85
62 106
62 193
62 257
62 274
62 186
62 50
62 153
62 82
63 252
63 59
63 257
63 280
63 272
63 145
63 267
64 16
64 193
64 111
64 161
64 135
65 267
65 134
65 186
65 258
65 28
65 116
65 151
65 190
65 2
65 202
65 278
66 185
66 36
66 156
66 244
66 233
66 91
66 7
66 199
66 131
66 132
66 87
67 262
67 58
67 101
67 279
67 120
67 196
67 97
67 247
67 294
68 116
68 208
68 298
68 282
68 107
68 166
68 212
68 84
68 88
68 295
68 241
70 295
70 297
70 276
70 168
70 171
70 101
71 138
71 280
71 145
71 181
72 66
72 102
72 39
72 141
72 6
72 278
72 15
73 2
73 109
73 139
73 181
73 44
73 9
73 83
74 19
74 110
74 278
76 56
76 97
76 86
76 276
76 49
77 110
77 256
77 20
77 129
77 293
77 139
77 232
77 299
77 266
78 59
78 195
78 199
78 210
78 153
78 92
78 285
79 77
79 189
80 266
80 177
80 248
80 37
80 44
80 60
80 208
80 204
82 28
82 256
82 254
82 45
82 108
82 71
82 106
82 88
82 15
82 215
83 39
83 180
83 179
83 6
83 198
83 119
84 288
84 14
84 169
84 31
84 233
84 11
84 260
85 123
85 165
85 13
85 246
86 218
86 286
86 63
86 20
86 101
87 159
87 82
87 61
87 108
87 228
87 31
87 20
87 170
88 55
88 171
88 251
88 166
88 157
89 76
89 50
89 280
89 271
90 161
90 12
90 137
90 299
90 224
91 286
91 17
91 71
91 252
91 151
91 67
92 76
92 129
92 90
92 169
93 74
93 265
93 295
93 247
93 220
93 144
93 115
93 71
94 161
94 15
94 230
95 107
95 35
95 163
95 112
95 274
95 264
95 127
95 194
95 209
95 270
95 6
96 252
96 4
96 284
97 271
97 295
97 113
97 229
97 213
97 125
97 138
98 135
98 143
98 44
98 271
98 56
98 196
98 1
98 20
98 209
98 93
100 124
100 213
100 95
100 161
100 267
100 197
100 151
101 71
101 26
101 148
101 241
101 92
101 24
101 135
102 265
102 139
102 136
102 252
102 185
102 35
102 269
103 36
103 120
103 262
103 110
103 273
104 63
104 215
104 178
104 36
104 225
104 139
104 282
105 2
105 202
105 176
105 268
105 288
105 276
105 116
105 153
106 1
106 164
107 61
107 3
107 102
107 117
107 197
107 228
107 229
107 45
108 189
108 160
108 277
108 28
108 231
108 249
109 260
109 268
109 105
109 282
109 25
109 61
109 20
109 285
109 158
110 159
110 289
110 223
110 7
110 129
110 19
111 44
111 54
111 155
111 251
111 126
111 33
111 13
112 214
112 175
112 83
112 267
113 146
113 228
113 173
113 241
115 55
115 144
115 134
115 93
116 55
116 70
116 279
116 144
116 48
116 185
116 15
116 28
117 67
117 287
117 44
117 83
117 52
119 134
119 283
119 13
119 106
119 265
119 83
119 168
119 277
119 68
120 85
120 71
120 225
120 233
120 166
121 30
121 230
121 209
121 276
122 283
122 218
122 148
122 100
122 195
122 112
122 289
122 42
123 214
123 199
123 240
123 194
123 160
123 141
124 241
124 295
124 79
124 110
124 146
125 10
125 187
125 85
125 5
125 218
125 299
125 297
125 9
125 145
125 120
126 258
126 194
126 283
127 208
127 293
127 97
127 51
127 295
127 247
127 282
127 203
127 20
127 22
127 55
127 225
128 283
129 298
129 155
129 135
129 45
131 170
131 46
131 145
131 23
131 40
131 33
132 103
132 246
132 78
132 152
132 68
132 250
133 268
133 72
133 290
133 17
133 165
133 97
133 21
133 182
134 268
134 198
134 60
134 150
134 256
135 68
135 76
135 148
135 210
135 24
136 283
136 42
136 249
136 58
136 255
136 167
137 247
137 139
137 39
137 195
137 202
137 121
137 170
137 271
137 84
137 82
138 278
138 72
138 249
138 272
138 71
138 74
138 39
138 152
139 278
139 104
139 62
139 89
139 168
139 40
139 185
139 141
139 251
139 181
141 9
141 76
141 240
141 64
142 164
142 46
143 287
143 95
143 197
143 254
144 111
144 14
144 290
144 18
144 61
145 160
145 39
146 120
146 21
146 157
146 39
146 126
146 197
146 203
148 86
148 163
148 168
148 89
148 97
148 63
148 58
149 36
149 218
149 143
150 66
150 171
150 272
150 100
150 65
150 283
150 286
151 279
151 19
151 115
152 78
152 100
152 12
153 250
153 144
153 45
153 275
153 73
153 110
154 174
154 235
154 275
154 212
154 276
154 186
154 143
155 212
155 63
155 124
156 115
156 197
156 238
156 56
157 287
157 98
157 288
158 157
159 87
159 21
159 184
159 19
159 139
159 289
160 244
160 59
160 108
160 283
160 20
160 189
160 198
160 278
160 34
161 277
161 275
161 36
161 209
162 84
162 26
162 212
162 207
162 35
162 102
162 137
162 271
162 41
162 57
162 278
162 260
162 36
163 225
163 89
163 15
163 11
163 142
163 260
164 78
164 274
165 91
165 297
165 256
165 219
165 49
165 169
165 148
166 12
166 201
166 60
166 274
166 214
166 211
166 25
167 210
167 229
167 139
167 255
167 102
168 41
168 276
168 251
168 238
168 124
168 179
169 285
169 145
169 151
169 78
169 181
169 205
169 95
170 8
170 50
170 76
170 135
170 153
170 182
170 229
171 167
171 58
171 83
171 273
171 90
171 133
171 221
173 9
173 294
173 126
173 274
173 38
174 76
174 17
174 293
174 246
174 77
174 125
175 45
175 168
175 251
175 60
176 205
176 218
176 288
177 261
177 159
177 19
177 142
177 201
177 299
177 41
177 164
178 42
178 14
178 85
178 157
178 190
178 271
179 271
179 195
179 288
179 139
180 25
180 106
180 80
180 141
180 268
180 62
180 67
181 35
181 84
181 215
181 32
181 224
181 65
181 63
181 17
182 165
182 103
182 180
182 28
182 0
182 97
184 176
184 219
184 150
184 40
185 190
185 132
185 122
185 29
186 213
186 276
186 174
186 1
187 94
187 22
187 100
187 235
187 25
187 166
187 70
189 128
189 255
189 26
189 86
189 79
190 258
192 93
192 24
192 20
192 142
192 14
193 196
193 142
193 2
193 220
193 59
194 160
194 254
194 231
194 173
194 58
195 31
195 182
195 267
195 46
195 212
196 65
196 72
196 62
196 95
196 107
196 7
197 68
197 135
197 90
197 39
197 28
197 77
197 92
197 35
197 294
197 174
197 277
198 104
198 267
198 148
198 146
199 131
199 281
199 266
199 35
199 269
199 230
199 185
199 77
201 190
201 154
201 77
201 48
201 22
201 173
201 199
201 72
202 156
202 273
202 13
202 139
202 149
202 144
202 231
202 170
202 255
203 182
203 290
203 173
203 250
203 42
203 251
203 295
203 10
203 35
204 197
204 170
204 10
204 214
204 83
204 171
204 284
204 192
204 195
205 165
205 88
205 102
205 84
205 46
205 141
205 31
205 232
207 49
207 266
207 108
207 18
207 58
207 299
207 97
208 90
208 299
208 26
208 271
208 145
208 282
208 107
208 32
208 34
209 78
209 154
209 87
209 34
209 9
209 91
209 70
210 5
210 116
210 48
211 218
211 235
211 138
211 104
212 150
212 176
212 28
212 295
212 244
212 113
213 244
213 97
213 217
213 115
213 242
214 297
214 259
214 286
214 261
214 70
215 5
215 28
215 86
215 62
215 56
215 41
215 70
215 270
215 0
215 37
215 272
217 272
217 19
217 268
217 107
217 66
217 260
218 277
218 178
218 112
218 46
218 261
219 262
219 76
219 1
219 182
220 142
220 8
220 196
220 14
220 288
220 203
220 88
220 67
220 192
220 281
221 252
221 13
221 66
223 265
223 14
223 48
223 296
223 56
223 30
223 165
223 148
224 278
224 19
224 72
224 50
225 255
225 52
225 198
225 19
225 127
225 134
228 124
228 167
228 157
228 257
229 141
229 246
229 214
229 132
229 3
229 26
229 76
229 160
229 8
229 247
229 104
230 280
230 214
230 8
230 62
230 299
230 48
230 196
230 233
230 83
231 28
231 297
231 187
231 154
231 271
231 204
231 207
232 107
232 282
232 238
233 117
233 212
233 288
235 77
235 193
235 8
235 33
235 54
235 22
235 256
235 157
235 68
235 272
236 295
236 244
236 47
236 177
236 117
238 52
238 185
238 122
240 6
240 268
240 14
240 278
240 156
240 167
240 35
240 269
240 282
241 28
241 112
242 173
242 264
242 86
242 14
244 187
244 193
244 213
244 56
244 259
245 50
245 123
245 219
245 5
246 17
246 37
246 52
246 139
246 18
246 111
246 48
247 63
248 266
248 240
248 98
248 2
248 85
248 196
248 157
248 136
248 299
249 97
249 298
249 77
249 74
249 41
249 294
249 232
249 228
250 84
250 68
250 54
250 205
250 299
250 98
250 47
251 165
251 185
251 187
251 80
251 295
252 25
252 23
252 264
252 281
252 76
252 29
252 93
252 134
254 249
254 142
254 159
254 293
254 154
254 150
254 246
254 95
254 25
254 284
255 8
255 84
255 195
256 35
256 177
256 163
256 245
256 134
256 141
256 250
256 145
256 279
257 23
257 74
257 0
257 62
257 209
257 205
257 248
257 32
258 21
258 220
258 274
258 275
258 149
258 208
258 268
258 178
259 85
259 71
259 281
259 40
259 124
259 6
259 255
260 66
260 144
260 277
261 15
261 128
261 126
261 262
261 280
261 154
262 174
262 281
262 9
262 169
262 36
262 26
262 97
262 245
262 95
262 265
262 19
262 50
262 102
264 60
264 271
264 242
264 146
264 50
265 164
265 180
265 273
265 285
265 201
265 57
266 275
266 210
266 57
266 190
266 217
266 277
266 97
266 21
266 174
267 189
267 190
267 134
267 203
267 113
267 0
267 266
267 229
268 142
268 278
268 136
268 271
268 5
268 2
268 202
269 204
269 127
269 246
269 129
269 87
269 250
269 155
269 186
269 238
269 221
269 219
269 74
269 57
270 14
270 258
270 262
270 123
270 149
270 111
270 151
270 220
271 20
271 31
271 138
271 169
271 39
271 62
271 297
272 181
272 57
272 156
272 51
272 26
272 47
273 127
273 155
273 67
273 106
274 197
274 70
274 186
274 157
274 165
274 193
274 205
274 54
274 98
274 180
275 74
275 176
275 271
275 61
275 174
275 189
276 15
276 29
276 273
276 47
276 236
276 108
276 76
276 270
276 229
276 153
277 210
277 272
277 203
277 14
277 209
277 143
277 26
277 256
277 244
277 64
277 115
278 257
278 72
278 274
278 146
278 132
278 38
278 161
279 238
279 107
279 97
279 36
279 28
279 91
279 11
280 171
280 213
280 177
280 13
280 255
280 25
280 74
280 5
280 267
280 296
281 121
281 261
281 255
281 175
282 207
282 112
283 144
283 28
283 193
283 238
283 257
284 158
284 115
284 233
284 8
284 264
284 184
284 178
285 162
286 68
286 165
286 35
286 252
286 122
287 8
287 269
287 265
287 240
287 24
287 73
287 126
288 167
288 197
288 96
288 76
288 252
288 210
288 254
289 3
289 120
289 145
289 80
289 124
289 70
289 233
290 78
290 211
290 117
290 166
290 72
290 64
293 113
293 1
293 127
293 157
293 62
294 252
294 113
294 217
294 94
295 90
295 187
295 123
295 152
295 159
295 95
295 45
295 164
296 61
296 33
296 230
296 229
296 17
296 152
296 5
296 157
297 156
297 217
297 249
297 285
297 209
298 111
298 193
299 3
299 289
299 52
299 194
299 173
