0 41 1.0
0 44 1.0
0 46 1.0
0 76 1.0
0 88 1.0
0 90 1.0
0 209 1.0
0 215 1.0
0 225 1.0
0 243 1.0
0 278 1.0
0 289 1.0
1 54 1.0
1 231 1.0
1 294 1.0
2 57 1.0
2 60 1.0
2 68 1.0
2 131 1.0
2 154 1.0
2 212 1.0
2 220 1.0
2 228 1.0
2 257 1.0
3 10 1.0
3 28 1.0
3 78 1.0
3 98 1.0
3 132 1.0
3 139 1.0
3 150 1.0
3 166 1.0
3 192 1.0
3 293 1.0
4 33 1.0
4 44 1.0
4 224 1.0
4 239 1.0
4 274 1.0
4 276 1.0
4 279 1.0
5 17 1.0
5 47 1.0
6 52 1.0
6 65 1.0
6 72 1.0
6 87 1.0
6 94 1.0
6 131 1.0
6 158 1.0
6 187 1.0
6 292 1.0
7 62 1.0
7 70 1.0
7 85 1.0
7 92 1.0
7 105 1.0
7 112 1.0
7 135 1.0
7 179 1.0
8 24 1.0
8 30 1.0
8 91 1.0
8 107 1.0
8 117 1.0
8 177 1.0
8 217 1.0
8 257 1.0
9 30 1.0
9 50 1.0
9 68 1.0
9 104 1.0
9 128 1.0
9 132 1.0
9 220 1.0
9 229 1.0
9 232 1.0
9 243 1.0
9 268 1.0
9 287 1.0
10 127 1.0
10 219 1.0
11 67 1.0
11 214 1.0
11 221 1.0
12 5 1.0
12 14 1.0
12 80 1.0
12 103 1.0
12 113 1.0
12 198 1.0
13 16 1.0
13 96 1.0
13 123 1.0
13 125 1.0
13 167 1.0
13 170 1.0
13 211 1.0
13 252 1.0
14 69 1.0
14 104 1.0
14 106 1.0
14 168 1.0
14 170 1.0
14 178 1.0
14 184 1.0
14 196 1.0
14 213 1.0
14 220 1.0
14 251 1.0
14 279 1.0
15 37 1.0
15 139 1.0
15 140 1.0
15 149 1.0
15 159 1.0
15 195 1.0
15 217 1.0
15 251 1.0
16 125 1.0
16 156 1.0
16 168 1.0
16 220 1.0
16 248 1.0
17 8 1.0
17 83 1.0
17 138 1.0
17 147 1.0
17 153 1.0
17 213 1.0
17 214 1.0
17 219 1.0
17 259 1.0
17 262 1.0
17 284 1.0
18 52 1.0
18 55 1.0
18 76 1.0
18 91 1.0
18 95 1.0
18 107 1.0
18 114 1.0
18 156 1.0
18 224 1.0
18 253 1.0
19 17 1.0
19 49 1.0
19 73 1.0
19 79 1.0
19 122 1.0
19 145 1.0
19 166 1.0
19 218 1.0
19 230 1.0
19 268 1.0
19 269 1.0
20 49 1.0
20 126 1.0
20 148 1.0
20 182 1.0
20 214 1.0
20 255 1.0
20 273 1.0
21 41 1.0
21 153 1.0
21 164 1.0
21 231 1.0
21 244 1.0
22 25 1.0
22 121 1.0
22 136 1.0
22 138 1.0
22 166 1.0
22 185 1.0
22 215 1.0
22 231 1.0
22 282 1.0
23 104 1.0
23 106 1.0
23 110 1.0
23 172 1.0
23 237 1.0
23 269 1.0
23 291 1.0
24 22 1.0
24 68 1.0
24 82 1.0
24 131 1.0
24 162 1.0
24 185 1.0
24 235 1.0
24 279 1.0
24 286 1.0
25 53 1.0
25 63 1.0
25 65 1.0
25 193 1.0
25 202 1.0
25 203 1.0
25 231 1.0
25 249 1.0
25 263 1.0
25 291 1.0
26 85 1.0
26 86 1.0
26 103 1.0
26 129 1.0
26 168 1.0
26 186 1.0
26 203 1.0
26 248 1.0
26 298 1.0
27 29 1.0
27 52 1.0
27 63 1.0
27 68 1.0
27 177 1.0
27 293 1.0
28 16 1.0
28 92 1.0
28 120 1.0
28 170 1.0
28 188 1.0
28 206 1.0
29 21 1.0
29 77 1.0
29 133 1.0
29 134 1.0
29 153 1.0
29 190 1.0
29 275 1.0
30 39 1.0
30 176 1.0
30 193 1.0
30 220 1.0
30 235 1.0
30 276 1.0
31 23 1.0
31 98 1.0
31 140 1.0
31 210 1.0
31 248 1.0
31 249 1.0
32 3 1.0
32 72 1.0
32 100 1.0
32 117 1.0
32 135 1.0
33 11 1.0
33 29 1.0
33 41 1.0
33 128 1.0
33 208 1.0
33 214 1.0
33 287 1.0
34 1 1.0
34 19 1.0
34 68 1.0
34 76 1.0
34 80 1.0
34 81 1.0
34 89 1.0
34 117 1.0
34 158 1.0
34 159 1.0
34 248 1.0
35 44 1.0
35 81 1.0
35 94 1.0
35 124 1.0
35 142 1.0
35 149 1.0
35 153 1.0
35 180 1.0
35 218 1.0
35 238 1.0
35 297 1.0
36 69 1.0
36 129 1.0
36 152 1.0
36 175 1.0
36 199 1.0
37 0 1.0
37 18 1.0
37 106 1.0
37 122 1.0
37 130 1.0
37 176 1.0
37 191 1.0
37 241 1.0
38 7 1.0
38 10 1.0
38 67 1.0
38 108 1.0
38 131 1.0
38 140 1.0
38 208 1.0
38 209 1.0
38 237 1.0
38 239 1.0
38 281 1.0
38 295 1.0
39 5 1.0
39 216 1.0
39 221 1.0
39 232 1.0
39 287 1.0
39 289 1.0
39 297 1.0
40 11 1.0
40 36 1.0
40 55 1.0
40 74 1.0
40 95 1.0
40 119 1.0
40 283 1.0
40 293 1.0
41 2 1.0
41 65 1.0
41 77 1.0
41 95 1.0
41 148 1.0
41 154 1.0
41 250 1.0
42 139 1.0
42 162 1.0
42 169 1.0
42 182 1.0
42 249 1.0
42 273 1.0
42 295 1.0
42 299 1.0
43 78 1.0
43 139 1.0
43 153 1.0
43 186 1.0
43 189 1.0
43 218 1.0
43 232 1.0
44 92 1.0
44 106 1.0
44 193 1.0
44 227 1.0
44 228 1.0
45 36 1.0
45 83 1.0
45 97 1.0
45 100 1.0
45 107 1.0
45 121 1.0
45 221 1.0
45 232 1.0
46 23 1.0
46 65 1.0
46 83 1.0
46 91 1.0
46 103 1.0
46 263 1.0
46 271 1.0
46 277 1.0
47 98 1.0
47 221 1.0
47 229 1.0
48 70 1.0
48 104 1.0
48 138 1.0
48 175 1.0
48 287 1.0
49 200 1.0
49 202 1.0
49 292 1.0
50 3 1.0
50 22 1.0
50 35 1.0
50 55 1.0
50 67 1.0
50 108 1.0
50 128 1.0
50 236 1.0
50 264 1.0
51 70 1.0
51 181 1.0
51 195 1.0
51 201 1.0
51 214 1.0
51 234 1.0
51 274 1.0
51 277 1.0
51 284 1.0
52 6 1.0
52 13 1.0
52 21 1.0
52 57 1.0
52 113 1.0
52 115 1.0
52 122 1.0
52 142 1.0
53 8 1.0
53 11 1.0
53 33 1.0
53 72 1.0
53 91 1.0
53 163 1.0
53 209 1.0
53 213 1.0
53 224 1.0
54 50 1.0
54 62 1.0
54 65 1.0
54 105 1.0
54 133 1.0
54 167 1.0
54 174 1.0
54 254 1.0
54 276 1.0
54 295 1.0
55 7 1.0
55 81 1.0
55 122 1.0
55 188 1.0
55 224 1.0
55 237 1.0
55 273 1.0
56 11 1.0
56 84 1.0
56 206 1.0
56 254 1.0
56 267 1.0
56 275 1.0
57 13 1.0
57 64 1.0
57 147 1.0
57 243 1.0
57 272 1.0
58 31 1.0
58 52 1.0
58 65 1.0
58 66 1.0
58 86 1.0
58 103 1.0
58 137 1.0
58 172 1.0
58 175 1.0
58 248 1.0
58 285 1.0
59 5 1.0
59 13 1.0
59 31 1.0
59 42 1.0
59 45 1.0
59 86 1.0
59 122 1.0
59 131 1.0
59 143 1.0
59 176 1.0
59 199 1.0
59 218 1.0
59 233 1.0
59 250 1.0
59 252 1.0
60 31 1.0
60 53 1.0
60 84 1.0
60 89 1.0
60 98 1.0
60 110 1.0
60 113 1.0
60 154 1.0
60 251 1.0
60 265 1.0
61 3 1.0
61 21 1.0
61 112 1.0
61 167 1.0
61 183 1.0
61 258 1.0
61 270 1.0
61 289 1.0
62 108 1.0
62 195 1.0
62 219 1.0
62 221 1.0
62 252 1.0
62 285 1.0
62 286 1.0
63 39 1.0
63 226 1.0
63 241 1.0
64 1 1.0
64 36 1.0
64 42 1.0
64 215 1.0
64 225 1.0
64 235 1.0
64 253 1.0
64 286 1.0
64 292 1.0
65 50 1.0
65 86 1.0
65 90 1.0
65 159 1.0
65 178 1.0
65 287 1.0
66 48 1.0
66 100 1.0
66 123 1.0
66 136 1.0
66 153 1.0
66 160 1.0
66 175 1.0
66 209 1.0
66 246 1.0
67 8 1.0
67 26 1.0
67 32 1.0
67 37 1.0
67 103 1.0
67 114 1.0
67 126 1.0
67 165 1.0
67 196 1.0
67 220 1.0
67 227 1.0
67 242 1.0
67 260 1.0
67 293 1.0
68 48 1.0
68 107 1.0
68 132 1.0
68 139 1.0
68 147 1.0
68 191 1.0
68 195 1.0
68 261 1.0
68 278 1.0
68 292 1.0
69 14 1.0
69 35 1.0
69 43 1.0
69 45 1.0
69 87 1.0
69 95 1.0
69 219 1.0
69 243 1.0
69 251 1.0
69 289 1.0
70 29 1.0
70 36 1.0
70 58 1.0
70 88 1.0
70 110 1.0
70 123 1.0
70 126 1.0
70 138 1.0
70 141 1.0
70 176 1.0
70 290 1.0
71 12 1.0
71 15 1.0
71 34 1.0
71 131 1.0
71 222 1.0
71 249 1.0
71 277 1.0
71 299 1.0
72 126 1.0
72 170 1.0
72 288 1.0
72 290 1.0
72 297 1.0
73 12 1.0
73 122 1.0
73 199 1.0
73 289 1.0
74 17 1.0
74 38 1.0
74 52 1.0
74 79 1.0
74 100 1.0
74 229 1.0
74 235 1.0
74 261 1.0
75 0 1.0
75 1 1.0
75 28 1.0
75 99 1.0
75 106 1.0
75 109 1.0
75 157 1.0
75 183 1.0
76 5 1.0
76 136 1.0
76 251 1.0
77 29 1.0
77 59 1.0
77 124 1.0
77 215 1.0
77 231 1.0
77 247 1.0
77 262 1.0
77 266 1.0
78 10 1.0
78 52 1.0
78 91 1.0
78 103 1.0
78 115 1.0
78 132 1.0
78 184 1.0
78 199 1.0
78 259 1.0
78 264 1.0
78 280 1.0
78 296 1.0
79 21 1.0
79 57 1.0
79 97 1.0
79 179 1.0
79 294 1.0
79 297 1.0
80 108 1.0
80 125 1.0
80 198 1.0
80 224 1.0
81 4 1.0
81 39 1.0
81 46 1.0
81 98 1.0
81 136 1.0
81 228 1.0
82 37 1.0
82 94 1.0
82 143 1.0
82 161 1.0
82 165 1.0
82 184 1.0
82 248 1.0
82 249 1.0
82 251 1.0
82 268 1.0
82 298 1.0
83 64 1.0
83 140 1.0
83 228 1.0
83 235 1.0
83 275 1.0
83 279 1.0
84 69 1.0
84 99 1.0
84 188 1.0
85 7 1.0
85 18 1.0
85 150 1.0
85 158 1.0
85 180 1.0
85 204 1.0
85 285 1.0
86 48 1.0
86 104 1.0
86 128 1.0
86 212 1.0
86 261 1.0
87 9 1.0
87 93 1.0
87 183 1.0
87 204 1.0
87 220 1.0
87 254 1.0
88 14 1.0
88 33 1.0
88 35 1.0
88 50 1.0
88 72 1.0
88 115 1.0
88 157 1.0
88 183 1.0
88 218 1.0
88 263 1.0
88 264 1.0
88 295 1.0
89 84 1.0
89 116 1.0
89 131 1.0
89 205 1.0
90 3 1.0
90 25 1.0
90 35 1.0
90 69 1.0
90 79 1.0
90 218 1.0
90 254 1.0
91 8 1.0
91 65 1.0
91 92 1.0
91 103 1.0
91 138 1.0
91 147 1.0
91 151 1.0
91 184 1.0
91 198 1.0
91 202 1.0
91 228 1.0
91 245 1.0
91 258 1.0
91 283 1.0
91 299 1.0
92 15 1.0
92 64 1.0
92 141 1.0
92 179 1.0
92 207 1.0
92 228 1.0
92 282 1.0
93 66 1.0
93 69 1.0
93 87 1.0
93 149 1.0
93 156 1.0
93 172 1.0
93 225 1.0
93 241 1.0
93 250 1.0
93 264 1.0
94 43 1.0
94 111 1.0
94 127 1.0
94 131 1.0
94 191 1.0
94 208 1.0
94 249 1.0
94 263 1.0
94 271 1.0
95 72 1.0
95 76 1.0
95 79 1.0
95 187 1.0
95 221 1.0
95 298 1.0
96 26 1.0
96 73 1.0
96 111 1.0
96 121 1.0
96 131 1.0
96 157 1.0
97 9 1.0
97 14 1.0
97 35 1.0
97 58 1.0
97 100 1.0
97 128 1.0
97 211 1.0
97 264 1.0
97 284 1.0
98 22 1.0
98 109 1.0
98 148 1.0
98 195 1.0
98 243 1.0
98 247 1.0
98 261 1.0
98 273 1.0
98 287 1.0
98 296 1.0
99 81 1.0
99 124 1.0
99 210 1.0
100 19 1.0
100 147 1.0
100 161 1.0
100 175 1.0
100 240 1.0
100 255 1.0
101 27 1.0
101 80 1.0
101 260 1.0
101 265 1.0
102 10 1.0
102 14 1.0
102 25 1.0
102 50 1.0
102 82 1.0
102 129 1.0
102 218 1.0
102 259 1.0
102 262 1.0
102 263 1.0
103 60 1.0
103 65 1.0
103 86 1.0
103 145 1.0
103 159 1.0
103 164 1.0
103 212 1.0
103 229 1.0
103 282 1.0
104 52 1.0
104 92 1.0
104 164 1.0
104 193 1.0
104 231 1.0
104 267 1.0
104 295 1.0
105 18 1.0
105 21 1.0
105 79 1.0
105 89 1.0
105 182 1.0
105 230 1.0
105 250 1.0
105 251 1.0
106 22 1.0
106 27 1.0
106 94 1.0
106 196 1.0
106 217 1.0
106 261 1.0
106 298 1.0
107 15 1.0
107 24 1.0
107 25 1.0
107 51 1.0
107 166 1.0
107 268 1.0
108 19 1.0
108 20 1.0
108 28 1.0
108 99 1.0
108 146 1.0
108 203 1.0
108 209 1.0
108 240 1.0
108 256 1.0
108 297 1.0
109 28 1.0
109 152 1.0
109 177 1.0
109 198 1.0
109 240 1.0
109 262 1.0
109 266 1.0
110 25 1.0
110 28 1.0
110 77 1.0
110 162 1.0
110 176 1.0
110 213 1.0
110 237 1.0
111 3 1.0
111 5 1.0
111 24 1.0
111 28 1.0
111 70 1.0
111 83 1.0
111 90 1.0
111 133 1.0
111 171 1.0
111 203 1.0
111 210 1.0
111 218 1.0
111 247 1.0
112 24 1.0
112 46 1.0
112 55 1.0
112 61 1.0
112 63 1.0
112 81 1.0
112 119 1.0
112 161 1.0
112 223 1.0
112 248 1.0
112 271 1.0
112 285 1.0
113 4 1.0
113 73 1.0
113 145 1.0
113 184 1.0
113 208 1.0
113 214 1.0
114 3 1.0
114 36 1.0
114 86 1.0
114 138 1.0
114 185 1.0
114 225 1.0
114 289 1.0
114 290 1.0
115 1 1.0
115 74 1.0
115 80 1.0
115 81 1.0
115 93 1.0
115 138 1.0
115 189 1.0
115 198 1.0
115 201 1.0
115 204 1.0
115 212 1.0
115 266 1.0
116 21 1.0
116 73 1.0
116 87 1.0
116 104 1.0
116 144 1.0
116 150 1.0
116 199 1.0
116 200 1.0
116 202 1.0
116 226 1.0
117 23 1.0
117 43 1.0
117 61 1.0
117 71 1.0
117 88 1.0
117 95 1.0
117 160 1.0
118 8 1.0
118 18 1.0
118 89 1.0
118 112 1.0
118 150 1.0
118 273 1.0
118 289 1.0
119 138 1.0
119 154 1.0
119 189 1.0
119 214 1.0
119 241 1.0
119 248 1.0
119 271 1.0
120 52 1.0
120 78 1.0
120 95 1.0
120 97 1.0
120 121 1.0
120 182 1.0
120 198 1.0
120 210 1.0
120 263 1.0
121 82 1.0
121 96 1.0
121 132 1.0
121 157 1.0
121 172 1.0
121 213 1.0
121 267 1.0
121 294 1.0
122 81 1.0
122 92 1.0
122 132 1.0
122 147 1.0
122 178 1.0
122 286 1.0
122 296 1.0
123 19 1.0
123 96 1.0
123 156 1.0
123 282 1.0
123 291 1.0
124 17 1.0
124 41 1.0
124 83 1.0
124 145 1.0
124 147 1.0
124 186 1.0
124 217 1.0
124 228 1.0
125 75 1.0
125 136 1.0
125 150 1.0
125 190 1.0
125 286 1.0
126 52 1.0
126 134 1.0
126 170 1.0
126 227 1.0
126 239 1.0
127 207 1.0
127 249 1.0
127 256 1.0
127 266 1.0
128 64 1.0
128 90 1.0
128 93 1.0
128 99 1.0
128 113 1.0
128 161 1.0
128 209 1.0
128 278 1.0
128 296 1.0
129 26 1.0
129 96 1.0
129 101 1.0
129 111 1.0
129 116 1.0
129 120 1.0
129 128 1.0
129 145 1.0
129 156 1.0
129 229 1.0
129 279 1.0
130 0 1.0
130 45 1.0
130 65 1.0
130 128 1.0
130 164 1.0
130 174 1.0
130 182 1.0
130 192 1.0
130 195 1.0
130 213 1.0
130 251 1.0
130 281 1.0
131 184 1.0
131 232 1.0
131 263 1.0
131 291 1.0
132 11 1.0
132 28 1.0
132 48 1.0
132 99 1.0
132 188 1.0
132 268 1.0
132 272 1.0
132 295 1.0
133 6 1.0
133 17 1.0
133 124 1.0
133 144 1.0
133 152 1.0
133 217 1.0
134 19 1.0
134 66 1.0
134 83 1.0
134 148 1.0
134 160 1.0
134 174 1.0
134 218 1.0
135 59 1.0
135 95 1.0
135 96 1.0
135 142 1.0
135 263 1.0
136 18 1.0
136 30 1.0
136 63 1.0
136 71 1.0
136 121 1.0
136 127 1.0
136 191 1.0
136 215 1.0
137 27 1.0
137 47 1.0
137 66 1.0
137 68 1.0
137 76 1.0
137 91 1.0
137 99 1.0
137 109 1.0
137 124 1.0
137 281 1.0
137 292 1.0
138 3 1.0
138 4 1.0
138 18 1.0
138 34 1.0
138 129 1.0
138 205 1.0
138 224 1.0
138 231 1.0
138 234 1.0
138 267 1.0
139 10 1.0
139 105 1.0
139 109 1.0
139 134 1.0
139 171 1.0
139 183 1.0
139 190 1.0
139 200 1.0
139 236 1.0
139 256 1.0
140 41 1.0
141 10 1.0
141 28 1.0
141 45 1.0
141 143 1.0
141 164 1.0
141 209 1.0
141 214 1.0
141 258 1.0
141 270 1.0
142 112 1.0
142 119 1.0
142 130 1.0
142 213 1.0
142 241 1.0
142 252 1.0
142 299 1.0
143 17 1.0
143 36 1.0
143 53 1.0
143 61 1.0
143 157 1.0
143 172 1.0
143 179 1.0
143 193 1.0
143 200 1.0
143 239 1.0
143 244 1.0
143 279 1.0
144 103 1.0
144 171 1.0
145 147 1.0
145 223 1.0
145 241 1.0
146 38 1.0
146 95 1.0
146 118 1.0
146 122 1.0
146 182 1.0
146 204 1.0
146 255 1.0
147 43 1.0
147 154 1.0
147 155 1.0
148 99 1.0
148 253 1.0
148 262 1.0
149 0 1.0
149 1 1.0
149 53 1.0
149 81 1.0
149 122 1.0
149 128 1.0
149 168 1.0
149 170 1.0
149 182 1.0
149 195 1.0
149 203 1.0
149 233 1.0
150 27 1.0
150 37 1.0
150 46 1.0
150 59 1.0
150 62 1.0
150 78 1.0
150 125 1.0
150 157 1.0
150 206 1.0
150 279 1.0
151 50 1.0
151 64 1.0
151 83 1.0
151 174 1.0
151 290 1.0
152 10 1.0
152 12 1.0
152 32 1.0
152 46 1.0
152 89 1.0
152 114 1.0
152 255 1.0
152 267 1.0
152 279 1.0
152 286 1.0
153 9 1.0
153 18 1.0
153 191 1.0
153 227 1.0
154 37 1.0
154 107 1.0
154 112 1.0
154 127 1.0
154 207 1.0
154 269 1.0
154 284 1.0
155 17 1.0
155 33 1.0
155 34 1.0
155 44 1.0
155 108 1.0
155 138 1.0
155 158 1.0
155 212 1.0
155 261 1.0
155 278 1.0
156 55 1.0
156 59 1.0
156 110 1.0
156 114 1.0
156 158 1.0
156 199 1.0
156 216 1.0
156 226 1.0
156 245 1.0
156 249 1.0
156 251 1.0
156 270 1.0
156 279 1.0
157 18 1.0
157 21 1.0
157 50 1.0
157 83 1.0
157 111 1.0
157 135 1.0
157 138 1.0
157 143 1.0
157 219 1.0
157 243 1.0
157 285 1.0
158 21 1.0
158 213 1.0
158 244 1.0
158 272 1.0
158 289 1.0
159 35 1.0
159 60 1.0
159 65 1.0
159 80 1.0
159 93 1.0
159 101 1.0
159 114 1.0
159 151 1.0
159 211 1.0
159 221 1.0
159 228 1.0
159 253 1.0
159 259 1.0
160 0 1.0
160 51 1.0
160 91 1.0
160 133 1.0
160 156 1.0
160 198 1.0
160 209 1.0
160 228 1.0
160 246 1.0
160 253 1.0
160 267 1.0
161 0 1.0
161 11 1.0
161 35 1.0
161 91 1.0
161 165 1.0
161 200 1.0
161 242 1.0
161 285 1.0
162 24 1.0
162 97 1.0
162 126 1.0
162 148 1.0
162 258 1.0
163 0 1.0
163 15 1.0
163 109 1.0
164 66 1.0
164 78 1.0
164 116 1.0
164 185 1.0
164 270 1.0
165 45 1.0
165 102 1.0
165 167 1.0
165 207 1.0
165 226 1.0
166 6 1.0
166 22 1.0
166 277 1.0
167 40 1.0
167 105 1.0
167 158 1.0
167 212 1.0
167 219 1.0
167 227 1.0
167 231 1.0
167 241 1.0
167 259 1.0
167 260 1.0
167 274 1.0
168 23 1.0
168 34 1.0
168 43 1.0
168 76 1.0
168 110 1.0
168 145 1.0
168 147 1.0
168 190 1.0
168 198 1.0
168 275 1.0
169 27 1.0
169 115 1.0
169 121 1.0
169 181 1.0
169 192 1.0
169 209 1.0
169 288 1.0
170 30 1.0
170 54 1.0
170 74 1.0
170 140 1.0
170 145 1.0
171 45 1.0
171 177 1.0
171 178 1.0
171 184 1.0
171 225 1.0
171 260 1.0
171 265 1.0
171 274 1.0
171 281 1.0
172 15 1.0
172 30 1.0
172 36 1.0
172 40 1.0
172 117 1.0
172 136 1.0
172 148 1.0
172 221 1.0
173 38 1.0
173 45 1.0
173 179 1.0
173 247 1.0
173 271 1.0
174 21 1.0
174 32 1.0
174 250 1.0
174 285 1.0
175 41 1.0
175 172 1.0
175 219 1.0
175 258 1.0
175 275 1.0
175 277 1.0
176 12 1.0
176 37 1.0
176 40 1.0
176 49 1.0
176 51 1.0
176 72 1.0
176 134 1.0
176 166 1.0
176 199 1.0
176 219 1.0
176 265 1.0
176 295 1.0
177 49 1.0
177 152 1.0
177 161 1.0
177 195 1.0
177 235 1.0
177 247 1.0
177 274 1.0
177 276 1.0
178 79 1.0
178 91 1.0
178 170 1.0
178 202 1.0
178 245 1.0
178 277 1.0
178 282 1.0
179 26 1.0
179 28 1.0
179 63 1.0
179 67 1.0
179 123 1.0
179 162 1.0
179 254 1.0
179 275 1.0
179 297 1.0
180 36 1.0
180 82 1.0
180 92 1.0
180 130 1.0
180 136 1.0
180 210 1.0
181 35 1.0
181 88 1.0
181 107 1.0
181 199 1.0
181 235 1.0
181 239 1.0
181 246 1.0
181 279 1.0
182 1 1.0
182 11 1.0
182 39 1.0
182 109 1.0
182 111 1.0
182 119 1.0
182 121 1.0
182 233 1.0
182 247 1.0
183 6 1.0
183 51 1.0
183 144 1.0
183 201 1.0
183 209 1.0
183 226 1.0
183 239 1.0
183 274 1.0
183 277 1.0
183 284 1.0
184 2 1.0
184 23 1.0
184 55 1.0
184 78 1.0
184 108 1.0
184 129 1.0
184 135 1.0
184 193 1.0
184 220 1.0
184 240 1.0
185 75 1.0
185 110 1.0
185 152 1.0
185 162 1.0
185 254 1.0
185 272 1.0
185 273 1.0
186 5 1.0
186 34 1.0
186 187 1.0
186 195 1.0
186 204 1.0
186 234 1.0
186 297 1.0
187 28 1.0
187 37 1.0
187 57 1.0
187 136 1.0
187 138 1.0
187 139 1.0
187 277 1.0
188 2 1.0
188 25 1.0
188 75 1.0
188 96 1.0
188 111 1.0
188 123 1.0
188 205 1.0
189 26 1.0
189 58 1.0
189 76 1.0
189 90 1.0
189 92 1.0
189 131 1.0
189 147 1.0
189 176 1.0
189 178 1.0
189 218 1.0
189 241 1.0
189 296 1.0
190 15 1.0
190 20 1.0
190 60 1.0
190 80 1.0
190 112 1.0
190 140 1.0
190 254 1.0
190 291 1.0
191 46 1.0
191 85 1.0
191 139 1.0
191 155 1.0
192 16 1.0
192 34 1.0
192 224 1.0
192 260 1.0
193 18 1.0
193 57 1.0
193 61 1.0
193 74 1.0
193 110 1.0
193 145 1.0
193 149 1.0
193 151 1.0
193 170 1.0
193 212 1.0
193 227 1.0
193 266 1.0
194 8 1.0
194 34 1.0
194 49 1.0
194 111 1.0
194 122 1.0
194 162 1.0
194 190 1.0
194 225 1.0
194 241 1.0
194 255 1.0
194 284 1.0
194 285 1.0
195 0 1.0
195 9 1.0
195 47 1.0
195 140 1.0
195 143 1.0
195 144 1.0
195 153 1.0
195 180 1.0
195 215 1.0
195 244 1.0
195 260 1.0
196 12 1.0
196 18 1.0
196 24 1.0
196 98 1.0
196 146 1.0
196 188 1.0
196 278 1.0
197 8 1.0
197 18 1.0
197 85 1.0
197 103 1.0
197 198 1.0
197 207 1.0
197 262 1.0
197 268 1.0
197 270 1.0
198 79 1.0
198 125 1.0
198 159 1.0
198 195 1.0
198 202 1.0
198 225 1.0
199 6 1.0
199 93 1.0
199 207 1.0
199 242 1.0
199 259 1.0
199 280 1.0
199 281 1.0
199 298 1.0
200 64 1.0
200 125 1.0
200 145 1.0
200 206 1.0
200 225 1.0
200 255 1.0
200 258 1.0
200 282 1.0
200 287 1.0
201 22 1.0
201 30 1.0
201 66 1.0
201 159 1.0
201 166 1.0
201 174 1.0
201 196 1.0
201 257 1.0
201 269 1.0
201 284 1.0
202 48 1.0
202 56 1.0
202 143 1.0
202 185 1.0
202 187 1.0
202 247 1.0
203 6 1.0
203 22 1.0
203 76 1.0
203 92 1.0
203 169 1.0
203 174 1.0
203 209 1.0
203 215 1.0
203 234 1.0
203 246 1.0
203 294 1.0
204 3 1.0
204 56 1.0
204 78 1.0
204 177 1.0
204 178 1.0
204 199 1.0
204 270 1.0
204 291 1.0
204 297 1.0
205 3 1.0
205 39 1.0
205 177 1.0
205 222 1.0
205 223 1.0
205 297 1.0
206 21 1.0
206 27 1.0
206 111 1.0
206 118 1.0
206 231 1.0
206 243 1.0
206 245 1.0
206 251 1.0
206 289 1.0
207 18 1.0
207 24 1.0
207 93 1.0
207 235 1.0
207 297 1.0
208 35 1.0
208 40 1.0
208 63 1.0
208 87 1.0
208 116 1.0
208 134 1.0
208 157 1.0
208 160 1.0
208 164 1.0
208 195 1.0
208 207 1.0
208 249 1.0
208 253 1.0
208 288 1.0
209 3 1.0
209 47 1.0
209 96 1.0
209 115 1.0
209 169 1.0
209 172 1.0
209 174 1.0
209 186 1.0
209 188 1.0
209 200 1.0
209 217 1.0
209 233 1.0
209 256 1.0
209 275 1.0
209 283 1.0
210 33 1.0
210 64 1.0
210 140 1.0
210 141 1.0
210 188 1.0
210 204 1.0
210 238 1.0
210 248 1.0
210 249 1.0
210 273 1.0
211 22 1.0
211 151 1.0
211 236 1.0
211 283 1.0
212 19 1.0
212 37 1.0
212 49 1.0
212 107 1.0
212 144 1.0
212 173 1.0
212 234 1.0
212 255 1.0
212 267 1.0
213 20 1.0
213 61 1.0
213 219 1.0
213 266 1.0
213 269 1.0
214 68 1.0
214 84 1.0
214 95 1.0
214 123 1.0
214 151 1.0
214 226 1.0
214 250 1.0
214 265 1.0
214 298 1.0
215 1 1.0
215 25 1.0
215 30 1.0
215 68 1.0
215 81 1.0
215 135 1.0
215 148 1.0
215 154 1.0
215 197 1.0
215 262 1.0
215 281 1.0
215 283 1.0
216 23 1.0
216 59 1.0
216 79 1.0
216 96 1.0
216 181 1.0
216 257 1.0
216 266 1.0
217 2 1.0
217 15 1.0
217 40 1.0
217 92 1.0
217 262 1.0
217 266 1.0
217 285 1.0
218 8 1.0
218 111 1.0
218 134 1.0
218 138 1.0
218 172 1.0
218 193 1.0
218 195 1.0
218 199 1.0
218 206 1.0
218 252 1.0
218 279 1.0
218 282 1.0
219 39 1.0
219 66 1.0
219 117 1.0
219 135 1.0
219 149 1.0
219 190 1.0
219 282 1.0
219 286 1.0
220 1 1.0
220 39 1.0
220 75 1.0
220 94 1.0
220 100 1.0
220 143 1.0
220 195 1.0
220 223 1.0
220 236 1.0
220 270 1.0
221 13 1.0
221 19 1.0
221 78 1.0
221 96 1.0
221 99 1.0
221 133 1.0
221 233 1.0
221 256 1.0
221 279 1.0
221 293 1.0
222 84 1.0
222 131 1.0
222 146 1.0
222 212 1.0
223 4 1.0
223 35 1.0
223 53 1.0
223 125 1.0
223 132 1.0
223 136 1.0
223 186 1.0
223 209 1.0
223 217 1.0
223 269 1.0
224 10 1.0
224 143 1.0
224 186 1.0
224 251 1.0
224 257 1.0
225 96 1.0
225 132 1.0
225 144 1.0
225 222 1.0
225 258 1.0
225 286 1.0
226 55 1.0
226 74 1.0
226 122 1.0
226 179 1.0
226 208 1.0
226 229 1.0
226 251 1.0
226 298 1.0
227 48 1.0
227 67 1.0
227 121 1.0
227 163 1.0
227 196 1.0
227 220 1.0
227 237 1.0
227 249 1.0
228 24 1.0
228 76 1.0
228 129 1.0
228 163 1.0
228 164 1.0
228 225 1.0
229 41 1.0
229 75 1.0
229 100 1.0
229 142 1.0
229 155 1.0
229 277 1.0
229 293 1.0
230 47 1.0
230 68 1.0
230 86 1.0
230 113 1.0
230 138 1.0
230 183 1.0
230 198 1.0
230 199 1.0
230 260 1.0
231 129 1.0
231 140 1.0
231 151 1.0
231 167 1.0
231 222 1.0
231 250 1.0
231 278 1.0
232 10 1.0
232 82 1.0
232 138 1.0
232 202 1.0
232 213 1.0
232 225 1.0
232 245 1.0
232 250 1.0
232 264 1.0
232 288 1.0
233 26 1.0
233 109 1.0
233 146 1.0
233 196 1.0
233 239 1.0
233 261 1.0
233 287 1.0
234 20 1.0
234 64 1.0
234 103 1.0
234 113 1.0
234 137 1.0
234 138 1.0
234 139 1.0
234 209 1.0
234 218 1.0
234 229 1.0
234 255 1.0
234 262 1.0
235 13 1.0
235 39 1.0
235 47 1.0
235 104 1.0
235 176 1.0
235 246 1.0
236 118 1.0
236 156 1.0
237 4 1.0
237 11 1.0
237 70 1.0
237 94 1.0
237 295 1.0
238 31 1.0
238 182 1.0
238 184 1.0
238 210 1.0
238 232 1.0
238 237 1.0
238 245 1.0
238 294 1.0
239 22 1.0
239 39 1.0
239 50 1.0
239 68 1.0
239 78 1.0
239 132 1.0
239 274 1.0
240 8 1.0
240 31 1.0
240 65 1.0
240 70 1.0
240 77 1.0
240 128 1.0
240 137 1.0
240 174 1.0
240 188 1.0
240 193 1.0
240 255 1.0
241 29 1.0
241 38 1.0
241 85 1.0
241 239 1.0
241 293 1.0
242 10 1.0
242 25 1.0
242 39 1.0
242 58 1.0
242 130 1.0
242 159 1.0
242 182 1.0
242 213 1.0
242 258 1.0
242 266 1.0
242 286 1.0
243 52 1.0
243 103 1.0
243 195 1.0
243 211 1.0
243 225 1.0
243 239 1.0
243 240 1.0
243 286 1.0
244 40 1.0
244 48 1.0
244 71 1.0
244 98 1.0
244 124 1.0
244 144 1.0
244 270 1.0
244 278 1.0
245 17 1.0
245 94 1.0
245 125 1.0
245 168 1.0
245 252 1.0
245 254 1.0
245 276 1.0
245 278 1.0
246 20 1.0
246 92 1.0
246 101 1.0
246 109 1.0
246 123 1.0
246 140 1.0
246 156 1.0
246 271 1.0
247 2 1.0
247 19 1.0
247 24 1.0
247 45 1.0
247 107 1.0
247 128 1.0
247 135 1.0
247 196 1.0
247 207 1.0
247 241 1.0
247 249 1.0
248 31 1.0
248 105 1.0
248 134 1.0
248 224 1.0
248 271 1.0
249 24 1.0
249 126 1.0
249 185 1.0
249 293 1.0
250 41 1.0
250 59 1.0
250 93 1.0
250 105 1.0
250 174 1.0
250 214 1.0
250 231 1.0
250 232 1.0
251 14 1.0
251 15 1.0
251 60 1.0
251 69 1.0
251 76 1.0
251 82 1.0
251 105 1.0
251 130 1.0
251 156 1.0
251 206 1.0
251 224 1.0
251 226 1.0
251 298 1.0
252 13 1.0
252 59 1.0
252 62 1.0
252 142 1.0
252 218 1.0
252 245 1.0
252 297 1.0
252 299 1.0
253 18 1.0
253 64 1.0
253 148 1.0
253 159 1.0
253 160 1.0
253 208 1.0
253 261 1.0
254 54 1.0
254 56 1.0
254 87 1.0
254 90 1.0
254 179 1.0
254 185 1.0
254 190 1.0
254 245 1.0
255 20 1.0
255 100 1.0
255 146 1.0
255 152 1.0
255 194 1.0
255 200 1.0
255 212 1.0
255 234 1.0
255 240 1.0
255 274 1.0
255 275 1.0
256 108 1.0
256 127 1.0
256 139 1.0
256 209 1.0
256 221 1.0
257 2 1.0
257 8 1.0
257 201 1.0
257 216 1.0
257 224 1.0
257 276 1.0
257 291 1.0
258 61 1.0
258 91 1.0
258 141 1.0
258 162 1.0
258 175 1.0
258 200 1.0
258 225 1.0
258 242 1.0
258 279 1.0
259 17 1.0
259 78 1.0
259 102 1.0
259 159 1.0
259 167 1.0
259 199 1.0
259 264 1.0
260 67 1.0
260 101 1.0
260 167 1.0
260 171 1.0
260 192 1.0
260 195 1.0
260 230 1.0
260 280 1.0
261 68 1.0
261 74 1.0
261 86 1.0
261 98 1.0
261 106 1.0
261 155 1.0
261 233 1.0
261 253 1.0
261 272 1.0
262 17 1.0
262 77 1.0
262 102 1.0
262 109 1.0
262 148 1.0
262 197 1.0
262 215 1.0
262 217 1.0
262 234 1.0
263 25 1.0
263 46 1.0
263 88 1.0
263 94 1.0
263 102 1.0
263 120 1.0
263 131 1.0
263 135 1.0
263 280 1.0
263 290 1.0
264 50 1.0
264 78 1.0
264 88 1.0
264 93 1.0
264 97 1.0
264 232 1.0
264 259 1.0
264 266 1.0
264 276 1.0
265 60 1.0
265 101 1.0
265 171 1.0
265 176 1.0
265 214 1.0
265 270 1.0
265 299 1.0
266 77 1.0
266 109 1.0
266 115 1.0
266 127 1.0
266 193 1.0
266 213 1.0
266 216 1.0
266 217 1.0
266 242 1.0
266 264 1.0
267 56 1.0
267 104 1.0
267 121 1.0
267 138 1.0
267 152 1.0
267 160 1.0
267 212 1.0
268 9 1.0
268 19 1.0
268 82 1.0
268 107 1.0
268 132 1.0
268 197 1.0
268 286 1.0
269 19 1.0
269 23 1.0
269 154 1.0
269 201 1.0
269 213 1.0
269 223 1.0
269 273 1.0
270 61 1.0
270 141 1.0
270 156 1.0
270 164 1.0
270 197 1.0
270 204 1.0
270 220 1.0
270 244 1.0
270 265 1.0
271 46 1.0
271 94 1.0
271 112 1.0
271 119 1.0
271 173 1.0
271 246 1.0
271 248 1.0
271 293 1.0
271 294 1.0
272 57 1.0
272 132 1.0
272 158 1.0
272 185 1.0
272 261 1.0
272 299 1.0
273 20 1.0
273 42 1.0
273 55 1.0
273 98 1.0
273 118 1.0
273 185 1.0
273 210 1.0
273 269 1.0
274 4 1.0
274 51 1.0
274 167 1.0
274 171 1.0
274 177 1.0
274 183 1.0
274 239 1.0
274 255 1.0
274 299 1.0
275 29 1.0
275 56 1.0
275 83 1.0
275 168 1.0
275 175 1.0
275 179 1.0
275 209 1.0
275 255 1.0
276 4 1.0
276 30 1.0
276 54 1.0
276 177 1.0
276 245 1.0
276 257 1.0
276 264 1.0
276 281 1.0
277 46 1.0
277 51 1.0
277 71 1.0
277 166 1.0
277 175 1.0
277 178 1.0
277 183 1.0
277 187 1.0
277 229 1.0
277 280 1.0
277 293 1.0
278 0 1.0
278 68 1.0
278 128 1.0
278 155 1.0
278 196 1.0
278 231 1.0
278 244 1.0
278 245 1.0
279 4 1.0
279 14 1.0
279 24 1.0
279 83 1.0
279 129 1.0
279 143 1.0
279 150 1.0
279 152 1.0
279 156 1.0
279 181 1.0
279 218 1.0
279 221 1.0
279 258 1.0
279 281 1.0
279 298 1.0
280 78 1.0
280 199 1.0
280 260 1.0
280 263 1.0
280 277 1.0
280 292 1.0
281 38 1.0
281 130 1.0
281 137 1.0
281 171 1.0
281 199 1.0
281 215 1.0
281 276 1.0
281 279 1.0
282 22 1.0
282 92 1.0
282 103 1.0
282 123 1.0
282 178 1.0
282 200 1.0
282 218 1.0
282 219 1.0
283 40 1.0
283 91 1.0
283 209 1.0
283 211 1.0
283 215 1.0
284 17 1.0
284 51 1.0
284 97 1.0
284 154 1.0
284 183 1.0
284 194 1.0
284 201 1.0
285 58 1.0
285 62 1.0
285 85 1.0
285 112 1.0
285 157 1.0
285 161 1.0
285 174 1.0
285 194 1.0
285 217 1.0
286 24 1.0
286 62 1.0
286 64 1.0
286 122 1.0
286 125 1.0
286 152 1.0
286 219 1.0
286 225 1.0
286 242 1.0
286 243 1.0
286 268 1.0
287 9 1.0
287 33 1.0
287 39 1.0
287 48 1.0
287 65 1.0
287 98 1.0
287 200 1.0
287 233 1.0
288 72 1.0
288 169 1.0
288 208 1.0
288 232 1.0
288 292 1.0
288 296 1.0
289 0 1.0
289 39 1.0
289 61 1.0
289 69 1.0
289 73 1.0
289 114 1.0
289 118 1.0
289 158 1.0
289 206 1.0
289 298 1.0
290 70 1.0
290 72 1.0
290 114 1.0
290 151 1.0
290 263 1.0
291 23 1.0
291 25 1.0
291 123 1.0
291 131 1.0
291 190 1.0
291 204 1.0
291 257 1.0
292 6 1.0
292 49 1.0
292 64 1.0
292 68 1.0
292 137 1.0
292 280 1.0
292 288 1.0
292 297 1.0
293 3 1.0
293 27 1.0
293 40 1.0
293 67 1.0
293 221 1.0
293 229 1.0
293 241 1.0
293 249 1.0
293 271 1.0
293 277 1.0
294 1 1.0
294 79 1.0
294 121 1.0
294 203 1.0
294 238 1.0
294 271 1.0
295 38 1.0
295 42 1.0
295 54 1.0
295 88 1.0
295 104 1.0
295 132 1.0
295 176 1.0
295 237 1.0
296 78 1.0
296 98 1.0
296 122 1.0
296 128 1.0
296 189 1.0
296 288 1.0
297 35 1.0
297 39 1.0
297 72 1.0
297 79 1.0
297 108 1.0
297 179 1.0
297 186 1.0
297 204 1.0
297 205 1.0
297 207 1.0
297 252 1.0
297 292 1.0
298 26 1.0
298 82 1.0
298 95 1.0
298 106 1.0
298 199 1.0
298 214 1.0
298 226 1.0
298 251 1.0
298 279 1.0
298 289 1.0
299 42 1.0
299 71 1.0
299 91 1.0
299 142 1.0
299 252 1.0
299 265 1.0
299 272 1.0
299 274 1.0
