0 16
0 59
0 11
0 232
1 34
1 285
1 134
1 80
1 167
1 182
1 231
2 151
2 247
2 259
2 115
2 233
3 218
3 167
3 29
4 140
5 24
5 109
5 99
5 55
5 144
5 106
6 254
6 276
6 81
6 99
6 131
6 2
7 76
7 262
7 238
7 96
7 217
7 65
7 206
7 281
8 187
8 167
8 43
9 25
9 80
9 294
9 252
10 184
10 262
10 246
10 66
10 224
10 202
11 59
11 254
11 201
11 71
11 138
11 18
11 97
11 204
11 17
11 63
11 167
11 140
11 132
12 87
12 186
12 69
12 128
12 212
12 249
12 277
12 29
13 77
13 166
14 167
14 107
14 32
14 277
14 27
14 15
15 64
15 279
15 292
15 17
16 205
16 222
16 154
16 61
16 223
16 207
16 231
16 224
16 124
17 236
17 143
17 172
17 66
17 18
17 227
17 292
18 148
18 153
18 43
18 5
19 80
19 255
19 128
19 285
19 43
19 269
19 190
20 180
20 64
20 252
20 145
20 225
20 150
21 160
21 32
21 0
21 246
21 117
21 261
21 192
22 190
22 160
22 69
22 236
22 199
22 26
22 87
22 4
22 119
22 116
22 84
22 290
22 221
22 77
22 203
23 234
23 178
23 73
23 204
23 176
23 201
23 43
23 55
24 28
24 13
24 173
25 250
26 270
26 139
26 62
27 167
27 104
27 65
27 8
27 277
28 264
28 152
28 157
28 196
28 149
28 12
28 50
29 243
29 292
29 30
30 83
30 171
30 39
31 266
31 48
31 199
32 60
32 229
32 14
33 145
33 253
34 292
34 111
34 293
34 183
35 200
35 93
35 108
35 123
35 82
35 102
35 173
36 231
36 245
36 284
36 91
36 212
37 125
37 202
37 135
37 285
37 280
37 257
37 223
37 269
38 58
39 54
39 160
39 192
40 33
40 109
40 168
40 248
40 186
41 274
41 142
41 218
41 150
41 155
41 31
41 2
41 247
42 55
42 159
42 1
43 278
43 285
43 258
43 275
43 282
44 63
44 198
44 268
44 18
44 195
44 266
44 170
44 136
44 202
45 89
45 190
45 19
45 18
45 243
46 296
46 153
46 258
46 184
47 71
47 264
47 63
47 45
47 257
47 141
48 178
48 274
48 6
48 286
48 81
48 114
48 269
48 186
48 65
49 180
49 201
49 213
49 163
49 292
49 104
49 197
49 37
49 24
50 70
50 114
50 85
50 213
51 151
51 139
51 110
51 105
51 203
52 88
52 92
52 239
52 50
52 16
52 200
52 286
52 100
52 3
52 207
53 63
53 153
53 239
53 171
53 15
53 130
53 211
53 263
54 149
54 63
54 293
54 85
54 241
54 87
55 74
55 67
55 210
55 233
55 196
55 269
55 286
55 148
56 134
56 243
56 114
56 102
56 120
56 260
56 199
57 112
57 92
58 182
58 4
58 160
58 284
58 290
58 112
59 151
59 114
59 244
59 5
59 295
59 263
60 18
60 207
60 151
60 10
60 96
60 215
61 208
61 165
61 194
62 136
62 204
62 228
62 287
62 134
62 81
62 156
63 236
63 202
63 15
63 77
63 226
63 107
64 4
64 202
64 226
64 71
64 114
64 74
65 151
65 141
65 81
65 126
65 68
65 235
65 289
65 99
66 288
66 296
66 212
66 152
66 295
66 123
66 141
66 231
66 42
66 139
67 14
67 149
67 1
67 165
67 214
68 10
68 51
68 21
68 267
68 151
68 280
68 281
68 31
69 210
69 13
69 278
69 266
69 2
70 269
70 278
70 115
70 246
70 50
71 251
71 155
71 204
71 198
72 32
72 273
72 167
72 197
72 110
72 246
72 256
72 245
73 299
73 238
73 91
73 6
73 116
74 78
75 117
75 182
75 231
75 35
75 183
75 275
76 5
76 298
76 149
76 104
77 217
77 269
77 195
77 60
77 297
77 4
78 239
78 77
78 225
78 31
78 157
78 161
78 271
79 43
79 60
79 47
79 171
79 186
79 176
79 117
80 260
80 179
80 118
80 5
80 215
80 213
80 151
80 273
81 126
81 100
81 168
81 252
81 220
82 21
82 217
82 257
83 64
83 228
83 72
83 141
83 196
84 10
84 15
84 150
84 232
84 241
84 106
84 142
84 254
84 43
85 180
85 294
85 161
85 233
86 190
86 150
86 288
86 53
86 253
86 96
86 284
87 180
87 212
87 96
87 52
87 98
87 251
88 129
88 195
88 42
88 224
88 65
89 82
89 201
89 80
89 86
89 30
90 103
90 283
90 216
90 35
90 131
90 29
90 191
90 134
90 214
91 155
91 111
91 113
91 31
92 183
92 67
92 96
93 203
93 239
93 223
94 281
94 183
94 190
94 106
94 18
94 225
95 11
95 261
95 294
95 273
96 118
96 55
96 238
97 79
97 10
97 172
97 218
97 260
98 154
98 6
98 89
98 145
98 39
99 83
99 164
99 213
99 93
99 62
99 59
99 36
99 260
100 41
100 72
100 6
100 249
100 176
101 171
101 135
101 240
101 271
101 20
101 150
101 123
101 134
101 37
101 172
101 283
102 218
102 105
102 3
102 243
102 110
103 219
103 279
103 50
103 289
103 133
103 51
103 2
103 259
103 84
104 86
104 236
104 91
104 213
104 31
104 63
105 95
105 239
105 245
105 293
106 125
106 36
106 145
107 256
107 284
107 9
107 70
107 50
107 281
107 210
108 15
108 140
108 287
108 177
108 96
109 234
109 121
109 299
110 160
110 56
110 241
110 9
110 169
111 252
111 199
111 28
112 40
112 211
112 230
112 16
112 116
112 96
113 123
113 218
113 154
113 33
113 88
113 64
113 266
113 161
114 108
114 210
114 227
114 66
115 49
115 118
115 167
115 60
115 224
115 214
115 217
115 160
115 52
116 142
116 238
116 145
116 223
117 197
117 171
118 227
118 112
118 161
118 208
118 180
118 97
118 215
118 189
118 101
118 124
119 22
119 186
119 181
119 5
120 31
120 59
121 63
121 91
121 248
121 242
122 251
122 240
122 169
122 160
123 289
123 194
123 251
123 26
123 97
123 55
124 55
124 58
124 142
124 265
124 11
125 31
125 23
125 73
125 249
125 195
126 295
126 116
126 94
126 97
126 297
127 160
127 135
127 207
127 29
127 85
127 99
127 57
127 116
127 159
127 285
128 45
128 2
128 189
129 284
129 91
129 139
129 187
129 121
130 105
130 286
130 218
130 191
130 92
130 250
131 272
131 118
131 102
131 225
131 283
131 284
131 290
131 197
131 2
131 187
132 53
132 139
132 256
132 168
133 34
133 272
133 215
133 186
133 70
134 180
134 25
134 59
134 227
134 162
134 86
134 238
134 252
134 294
134 58
135 80
135 174
135 287
135 71
135 200
135 45
135 28
136 188
136 230
136 249
136 87
136 186
136 54
136 57
136 95
136 45
137 12
137 71
137 135
137 51
137 83
137 80
138 101
138 92
138 136
138 151
138 193
138 273
138 4
139 213
139 119
139 158
140 143
140 296
140 269
140 255
140 242
141 265
141 161
142 257
142 139
142 24
142 245
142 247
142 259
142 107
143 19
143 280
143 63
143 164
143 101
143 154
143 44
144 188
144 295
144 122
144 84
144 180
144 64
145 91
145 156
145 99
145 85
146 161
146 26
146 289
146 154
147 49
147 169
147 6
147 10
148 169
148 22
148 198
148 191
148 139
148 234
148 106
148 248
148 1
149 241
149 75
149 265
149 279
149 273
150 66
150 77
150 257
150 290
150 141
150 252
150 286
151 198
151 102
151 92
151 71
151 155
151 260
151 159
151 116
151 98
151 108
152 224
152 246
152 182
152 160
153 13
153 49
153 255
154 115
154 228
154 140
154 62
154 108
154 200
154 255
154 137
154 107
154 287
155 248
155 62
155 60
155 145
156 239
156 42
156 223
156 5
156 2
156 295
156 130
156 78
157 166
157 107
157 198
157 153
157 65
157 162
157 118
157 8
158 117
158 28
158 61
158 56
158 80
158 206
159 214
159 265
159 268
159 131
159 28
159 12
160 211
160 111
161 164
161 188
161 162
161 232
161 274
161 272
161 51
162 241
162 244
162 149
162 65
162 134
162 85
163 34
163 158
163 112
164 101
164 252
164 204
164 205
165 146
165 235
165 206
165 295
165 265
165 54
165 16
165 46
166 195
166 11
166 116
166 3
166 178
167 210
167 66
167 224
167 238
167 7
167 176
167 132
168 55
168 205
169 87
169 137
169 206
169 33
169 251
170 195
170 104
170 185
170 289
171 192
171 164
171 144
172 146
172 6
172 103
172 54
173 234
173 241
173 164
173 188
173 96
173 209
174 251
174 172
174 66
174 134
174 214
175 63
175 78
175 157
176 286
176 97
176 130
176 197
176 154
176 72
176 269
176 188
176 233
176 293
177 183
178 296
178 200
178 122
178 281
178 176
178 233
178 164
178 210
179 192
179 142
179 113
179 224
180 19
180 244
180 161
180 60
181 170
181 125
181 155
182 180
182 14
182 53
182 138
183 80
183 20
183 67
184 227
184 30
184 99
184 275
184 165
184 284
184 1
184 54
185 89
185 249
186 260
186 125
186 279
186 129
187 141
187 278
187 63
187 293
187 160
187 8
187 97
187 108
188 50
188 223
188 225
188 36
188 47
188 74
188 60
189 107
189 128
189 206
189 273
189 26
190 178
190 39
190 173
190 72
190 290
190 241
191 256
191 66
191 56
191 9
191 241
191 286
191 127
192 23
192 15
192 204
192 77
192 63
192 266
192 157
192 17
192 186
193 167
193 108
193 208
193 253
193 32
193 226
193 290
193 38
193 52
194 290
194 31
194 116
195 215
195 228
195 141
195 146
195 243
196 221
196 130
197 255
197 157
197 12
197 290
198 91
198 212
198 230
198 33
198 254
198 294
198 203
199 211
199 130
199 289
199 168
199 137
199 210
200 65
200 291
200 108
200 123
200 128
201 136
201 33
201 35
201 140
201 122
201 220
201 219
202 162
202 222
202 1
202 98
202 277
202 82
203 60
203 256
204 209
204 35
204 102
204 178
204 244
204 16
204 299
205 261
205 71
205 132
205 6
205 219
205 67
205 113
205 84
205 63
205 72
206 297
206 47
206 173
206 45
206 179
206 161
206 194
207 182
207 150
207 37
207 67
207 273
207 257
208 296
208 146
209 17
209 281
209 243
209 255
209 284
209 250
210 96
210 151
210 146
210 36
210 172
211 196
212 264
212 5
212 195
212 238
212 178
212 288
212 233
213 103
213 1
213 257
213 25
213 251
214 92
214 238
214 123
214 246
214 163
214 204
215 239
215 57
215 154
215 86
215 257
215 156
215 295
215 165
215 244
215 27
216 291
216 94
216 73
216 177
216 74
216 155
216 167
216 248
217 120
217 184
217 59
217 192
217 202
217 145
217 141
218 279
218 73
218 238
218 104
218 268
219 164
219 34
219 152
219 296
219 68
219 265
219 142
220 170
220 49
220 262
220 255
220 12
220 252
220 40
220 209
221 47
221 167
221 129
221 86
221 98
221 201
221 246
221 52
221 106
221 69
222 170
222 124
223 238
223 263
223 131
224 129
224 216
225 144
225 210
225 34
225 142
226 197
227 14
227 208
227 53
227 255
227 118
227 119
227 263
228 25
228 123
228 246
228 106
228 225
228 220
229 107
229 1
229 267
229 183
229 80
229 138
230 31
230 10
230 58
230 287
230 141
230 179
230 57
231 131
231 289
231 267
231 119
232 194
232 91
232 231
232 227
232 121
232 59
232 206
233 32
233 129
233 70
233 100
233 184
233 199
234 111
234 261
234 71
234 127
234 47
234 266
234 254
235 143
235 247
235 19
235 185
235 115
235 294
235 213
236 189
236 90
236 22
236 110
236 194
236 14
237 118
237 200
237 279
237 189
237 258
238 202
238 208
238 290
238 18
238 64
238 284
239 222
239 3
239 131
239 73
239 55
239 60
240 89
240 15
240 229
240 110
240 165
241 267
241 150
241 36
241 104
241 100
242 282
242 240
242 149
242 164
242 30
243 246
243 203
243 190
243 55
243 183
243 209
243 237
244 277
244 294
244 235
244 30
245 190
245 80
245 6
246 46
246 148
246 212
247 294
247 296
247 161
247 226
247 93
247 160
247 237
247 214
247 50
248 16
248 168
248 143
248 13
248 244
248 166
248 277
248 266
249 113
249 261
249 82
250 118
250 281
250 194
250 58
250 108
251 266
251 259
252 179
252 40
252 133
252 23
252 190
252 272
253 13
253 274
253 133
253 181
253 136
253 52
253 212
254 293
254 88
254 220
254 240
254 225
255 258
255 261
255 90
255 156
255 210
255 77
255 134
255 243
256 286
256 290
257 223
257 176
257 26
257 226
257 270
258 59
258 163
258 187
259 290
259 232
259 87
259 217
259 227
259 214
259 55
260 256
260 171
260 179
260 146
260 174
260 276
261 266
261 216
261 269
261 180
262 231
262 154
262 47
263 109
263 22
263 218
263 283
263 207
263 139
263 7
263 234
264 240
264 144
264 108
265 31
265 24
265 213
265 216
265 294
265 88
266 26
266 89
266 295
266 96
266 152
266 171
267 139
267 64
267 205
267 183
267 42
267 283
268 44
268 79
268 131
268 19
268 150
268 183
268 269
268 250
269 90
269 152
270 234
270 138
270 154
270 205
270 68
271 180
271 25
271 132
271 96
271 158
271 119
271 194
271 54
272 13
272 204
272 198
273 79
273 94
273 297
273 27
273 294
273 252
273 146
273 83
274 281
274 289
274 18
274 260
274 120
274 56
275 95
275 99
275 134
275 256
275 1
275 158
275 211
275 283
275 176
276 204
277 175
277 203
277 110
277 246
277 124
278 254
278 268
279 76
279 193
279 170
279 156
280 94
280 273
280 22
280 32
280 147
280 15
281 232
281 98
281 109
281 260
281 259
281 250
281 90
281 156
282 279
282 132
282 257
282 232
283 80
283 113
284 295
284 192
284 134
284 89
284 177
284 13
284 70
284 268
285 60
285 184
285 191
285 287
285 68
285 155
285 202
286 141
286 202
286 244
286 154
286 168
286 182
287 26
287 277
287 120
287 141
287 96
287 222
287 270
288 278
288 90
288 99
288 163
288 201
288 280
288 246
288 98
288 23
288 63
289 7
289 208
289 160
289 142
290 91
290 229
290 45
290 100
290 74
290 154
290 169
290 72
290 152
290 30
290 59
291 106
291 128
291 277
291 205
291 15
291 61
292 53
292 99
292 228
292 255
292 178
293 102
293 214
293 12
293 120
293 32
294 235
294 135
294 148
294 160
294 120
294 80
294 188
294 152
294 75
294 199
295 284
295 40
295 231
295 167
295 14
295 43
295 19
296 199
296 122
296 188
296 205
297 163
297 262
297 275
297 234
298 67
298 194
298 251
298 145
298 208
298 256
298 2
298 81
298 258
298 218
299 140
299 279
299 121
