0 153 1.0
0 201 1.0
0 227 1.0
0 234 1.0
0 237 1.0
1 76 1.0
1 85 1.0
1 149 1.0
1 189 1.0
1 258 1.0
1 286 1.0
2 34 1.0
2 74 1.0
2 93 1.0
2 169 1.0
2 255 1.0
2 269 1.0
2 285 1.0
3 60 1.0
3 100 1.0
3 148 1.0
3 202 1.0
3 257 1.0
4 23 1.0
4 128 1.0
4 168 1.0
4 179 1.0
4 217 1.0
4 241 1.0
5 4 1.0
5 29 1.0
5 67 1.0
5 78 1.0
5 128 1.0
5 135 1.0
5 208 1.0
5 238 1.0
5 246 1.0
5 283 1.0
6 25 1.0
6 81 1.0
6 162 1.0
6 169 1.0
6 207 1.0
6 243 1.0
6 293 1.0
7 15 1.0
7 64 1.0
7 126 1.0
7 144 1.0
7 177 1.0
7 266 1.0
7 284 1.0
7 290 1.0
7 297 1.0
8 45 1.0
8 101 1.0
8 117 1.0
8 124 1.0
8 153 1.0
8 159 1.0
8 169 1.0
8 172 1.0
8 231 1.0
8 249 1.0
9 5 1.0
9 130 1.0
9 205 1.0
9 270 1.0
10 1 1.0
10 23 1.0
10 24 1.0
10 88 1.0
10 184 1.0
11 45 1.0
11 67 1.0
11 90 1.0
11 100 1.0
11 115 1.0
11 156 1.0
11 216 1.0
11 243 1.0
11 284 1.0
12 0 1.0
12 158 1.0
12 217 1.0
12 224 1.0
13 22 1.0
13 38 1.0
13 165 1.0
13 205 1.0
14 33 1.0
14 42 1.0
14 186 1.0
14 245 1.0
15 104 1.0
15 142 1.0
15 175 1.0
15 197 1.0
16 11 1.0
16 43 1.0
16 120 1.0
16 220 1.0
17 98 1.0
17 145 1.0
18 42 1.0
18 49 1.0
18 58 1.0
18 100 1.0
18 113 1.0
18 140 1.0
18 215 1.0
18 234 1.0
19 22 1.0
19 121 1.0
19 194 1.0
19 216 1.0
19 255 1.0
19 257 1.0
19 265 1.0
20 25 1.0
20 65 1.0
20 78 1.0
20 110 1.0
20 187 1.0
20 247 1.0
21 151 1.0
21 159 1.0
21 162 1.0
21 205 1.0
21 239 1.0
22 20 1.0
22 38 1.0
22 65 1.0
22 126 1.0
22 218 1.0
22 234 1.0
23 14 1.0
23 26 1.0
23 73 1.0
24 12 1.0
24 37 1.0
24 75 1.0
24 160 1.0
24 214 1.0
24 291 1.0
25 76 1.0
25 117 1.0
25 188 1.0
25 198 1.0
25 233 1.0
25 273 1.0
26 2 1.0
26 47 1.0
26 65 1.0
26 105 1.0
26 109 1.0
26 112 1.0
26 129 1.0
26 159 1.0
26 193 1.0
26 267 1.0
27 1 1.0
27 98 1.0
27 105 1.0
27 158 1.0
27 164 1.0
27 184 1.0
27 194 1.0
27 218 1.0
27 228 1.0
28 76 1.0
28 134 1.0
28 139 1.0
28 166 1.0
28 170 1.0
28 193 1.0
28 272 1.0
28 282 1.0
29 135 1.0
29 192 1.0
30 44 1.0
30 78 1.0
30 87 1.0
30 106 1.0
30 122 1.0
30 242 1.0
31 40 1.0
31 87 1.0
31 132 1.0
31 133 1.0
31 149 1.0
32 44 1.0
32 95 1.0
32 100 1.0
32 121 1.0
32 144 1.0
32 159 1.0
32 206 1.0
32 272 1.0
32 290 1.0
33 13 1.0
33 67 1.0
33 134 1.0
33 248 1.0
33 264 1.0
34 122 1.0
34 204 1.0
34 209 1.0
34 221 1.0
34 233 1.0
35 11 1.0
35 30 1.0
35 60 1.0
35 168 1.0
35 282 1.0
36 29 1.0
36 30 1.0
36 130 1.0
36 147 1.0
36 162 1.0
36 187 1.0
36 221 1.0
36 234 1.0
36 235 1.0
37 19 1.0
37 35 1.0
37 119 1.0
37 149 1.0
37 170 1.0
38 117 1.0
38 146 1.0
38 196 1.0
38 281 1.0
39 224 1.0
39 258 1.0
40 9 1.0
40 17 1.0
40 100 1.0
40 148 1.0
40 175 1.0
40 179 1.0
40 225 1.0
40 244 1.0
40 287 1.0
41 77 1.0
42 3 1.0
42 30 1.0
42 87 1.0
42 145 1.0
42 180 1.0
42 204 1.0
42 225 1.0
42 252 1.0
43 96 1.0
43 214 1.0
43 236 1.0
43 241 1.0
44 28 1.0
44 84 1.0
44 92 1.0
44 158 1.0
45 40 1.0
45 59 1.0
45 93 1.0
45 109 1.0
45 140 1.0
45 143 1.0
45 150 1.0
45 251 1.0
45 281 1.0
46 50 1.0
46 94 1.0
46 109 1.0
46 164 1.0
46 192 1.0
46 266 1.0
47 2 1.0
47 28 1.0
47 136 1.0
47 199 1.0
47 216 1.0
48 7 1.0
48 64 1.0
48 121 1.0
48 147 1.0
49 102 1.0
49 112 1.0
49 149 1.0
49 173 1.0
50 80 1.0
50 117 1.0
50 121 1.0
50 124 1.0
50 132 1.0
50 143 1.0
50 219 1.0
51 15 1.0
51 33 1.0
51 81 1.0
51 100 1.0
51 106 1.0
51 127 1.0
51 138 1.0
51 167 1.0
51 182 1.0
51 274 1.0
52 8 1.0
52 61 1.0
52 96 1.0
52 132 1.0
52 154 1.0
52 277 1.0
53 57 1.0
53 59 1.0
53 69 1.0
53 113 1.0
53 151 1.0
53 167 1.0
53 192 1.0
54 22 1.0
54 34 1.0
54 43 1.0
54 49 1.0
54 121 1.0
54 187 1.0
54 215 1.0
55 129 1.0
55 147 1.0
55 179 1.0
55 192 1.0
55 220 1.0
56 11 1.0
56 26 1.0
56 197 1.0
57 51 1.0
57 86 1.0
57 144 1.0
58 25 1.0
58 95 1.0
58 137 1.0
58 182 1.0
58 211 1.0
59 150 1.0
60 79 1.0
60 138 1.0
60 139 1.0
60 172 1.0
60 186 1.0
60 214 1.0
61 4 1.0
61 8 1.0
61 26 1.0
61 58 1.0
61 101 1.0
61 111 1.0
61 195 1.0
61 219 1.0
62 31 1.0
62 47 1.0
62 145 1.0
62 162 1.0
63 33 1.0
63 72 1.0
64 26 1.0
64 36 1.0
64 55 1.0
64 109 1.0
64 182 1.0
64 199 1.0
65 41 1.0
65 67 1.0
65 128 1.0
65 141 1.0
65 144 1.0
65 170 1.0
65 200 1.0
65 246 1.0
65 252 1.0
66 20 1.0
66 45 1.0
66 69 1.0
66 81 1.0
66 133 1.0
66 157 1.0
66 188 1.0
66 191 1.0
66 218 1.0
66 226 1.0
67 45 1.0
67 201 1.0
67 229 1.0
68 24 1.0
68 35 1.0
68 186 1.0
68 213 1.0
68 253 1.0
69 7 1.0
69 17 1.0
69 20 1.0
69 59 1.0
69 78 1.0
69 88 1.0
69 103 1.0
69 142 1.0
69 170 1.0
69 207 1.0
69 212 1.0
69 234 1.0
70 22 1.0
70 134 1.0
70 145 1.0
70 178 1.0
70 183 1.0
70 186 1.0
70 198 1.0
70 242 1.0
70 284 1.0
71 7 1.0
71 24 1.0
71 63 1.0
71 65 1.0
71 74 1.0
71 102 1.0
71 131 1.0
72 36 1.0
72 90 1.0
72 119 1.0
72 125 1.0
72 130 1.0
72 173 1.0
72 220 1.0
72 226 1.0
72 260 1.0
73 8 1.0
73 30 1.0
73 52 1.0
73 125 1.0
73 217 1.0
74 196 1.0
74 227 1.0
74 258 1.0
75 63 1.0
75 107 1.0
75 151 1.0
75 157 1.0
75 284 1.0
76 9 1.0
76 99 1.0
76 223 1.0
76 266 1.0
77 19 1.0
77 36 1.0
77 42 1.0
77 101 1.0
77 159 1.0
77 170 1.0
78 35 1.0
78 41 1.0
78 104 1.0
78 113 1.0
78 141 1.0
78 176 1.0
78 200 1.0
79 132 1.0
79 134 1.0
79 142 1.0
79 143 1.0
79 144 1.0
79 153 1.0
79 176 1.0
79 183 1.0
80 5 1.0
80 64 1.0
80 73 1.0
80 148 1.0
80 207 1.0
80 257 1.0
81 52 1.0
81 240 1.0
82 4 1.0
82 103 1.0
82 106 1.0
82 110 1.0
82 127 1.0
82 193 1.0
82 215 1.0
82 216 1.0
82 254 1.0
82 295 1.0
83 23 1.0
83 43 1.0
83 85 1.0
83 106 1.0
83 118 1.0
83 123 1.0
83 160 1.0
83 180 1.0
83 280 1.0
84 0 1.0
84 27 1.0
84 54 1.0
84 79 1.0
84 198 1.0
84 237 1.0
85 89 1.0
85 109 1.0
85 128 1.0
85 190 1.0
85 192 1.0
85 222 1.0
86 3 1.0
86 64 1.0
86 103 1.0
86 149 1.0
86 186 1.0
87 120 1.0
87 224 1.0
87 229 1.0
88 32 1.0
88 109 1.0
88 157 1.0
88 180 1.0
88 204 1.0
89 6 1.0
89 28 1.0
89 65 1.0
89 66 1.0
89 155 1.0
89 178 1.0
90 227 1.0
91 67 1.0
91 78 1.0
91 136 1.0
92 51 1.0
92 56 1.0
92 181 1.0
92 202 1.0
92 247 1.0
93 46 1.0
93 72 1.0
93 97 1.0
93 137 1.0
93 180 1.0
94 46 1.0
94 96 1.0
94 103 1.0
94 120 1.0
94 145 1.0
95 115 1.0
95 134 1.0
96 45 1.0
96 59 1.0
96 92 1.0
96 126 1.0
96 184 1.0
96 211 1.0
96 225 1.0
96 233 1.0
96 287 1.0
97 23 1.0
97 81 1.0
97 145 1.0
97 156 1.0
97 221 1.0
97 226 1.0
98 71 1.0
98 85 1.0
98 182 1.0
99 32 1.0
99 77 1.0
99 106 1.0
99 204 1.0
99 207 1.0
99 251 1.0
100 47 1.0
100 48 1.0
100 111 1.0
100 140 1.0
100 158 1.0
100 212 1.0
100 243 1.0
100 257 1.0
100 290 1.0
101 167 1.0
101 209 1.0
101 265 1.0
101 292 1.0
102 58 1.0
102 68 1.0
102 125 1.0
102 139 1.0
102 203 1.0
103 111 1.0
104 10 1.0
104 65 1.0
104 95 1.0
104 267 1.0
104 299 1.0
105 24 1.0
105 76 1.0
105 142 1.0
105 222 1.0
105 236 1.0
106 16 1.0
106 50 1.0
106 100 1.0
106 117 1.0
106 164 1.0
106 231 1.0
106 244 1.0
107 20 1.0
107 79 1.0
107 95 1.0
107 111 1.0
107 171 1.0
107 178 1.0
107 270 1.0
108 13 1.0
108 17 1.0
108 145 1.0
108 290 1.0
109 4 1.0
109 80 1.0
109 167 1.0
110 60 1.0
110 161 1.0
110 170 1.0
110 290 1.0
111 105 1.0
111 115 1.0
111 166 1.0
111 189 1.0
112 76 1.0
112 83 1.0
112 259 1.0
113 6 1.0
113 40 1.0
113 181 1.0
113 184 1.0
114 14 1.0
114 102 1.0
114 136 1.0
114 152 1.0
114 188 1.0
114 189 1.0
115 50 1.0
115 143 1.0
115 205 1.0
115 230 1.0
116 96 1.0
116 100 1.0
116 124 1.0
116 179 1.0
116 205 1.0
117 23 1.0
117 29 1.0
117 76 1.0
117 159 1.0
117 166 1.0
117 172 1.0
117 244 1.0
117 279 1.0
118 3 1.0
118 20 1.0
118 188 1.0
118 276 1.0
119 15 1.0
119 40 1.0
119 66 1.0
119 83 1.0
119 141 1.0
119 213 1.0
120 0 1.0
120 18 1.0
120 82 1.0
120 96 1.0
120 181 1.0
121 8 1.0
121 141 1.0
121 266 1.0
122 37 1.0
122 109 1.0
122 162 1.0
122 211 1.0
123 60 1.0
123 142 1.0
123 199 1.0
124 32 1.0
124 177 1.0
125 111 1.0
125 159 1.0
125 187 1.0
125 268 1.0
126 22 1.0
126 117 1.0
127 75 1.0
127 195 1.0
128 12 1.0
128 16 1.0
128 45 1.0
128 182 1.0
128 224 1.0
128 227 1.0
128 254 1.0
128 271 1.0
128 282 1.0
129 12 1.0
129 116 1.0
129 138 1.0
129 191 1.0
129 203 1.0
129 231 1.0
129 244 1.0
130 22 1.0
130 37 1.0
130 162 1.0
130 191 1.0
130 211 1.0
130 212 1.0
130 214 1.0
130 253 1.0
131 91 1.0
131 98 1.0
131 164 1.0
131 194 1.0
131 199 1.0
131 216 1.0
131 232 1.0
131 254 1.0
132 16 1.0
132 17 1.0
132 34 1.0
132 187 1.0
132 256 1.0
133 2 1.0
133 26 1.0
133 33 1.0
133 61 1.0
133 65 1.0
133 68 1.0
133 75 1.0
133 91 1.0
133 112 1.0
133 170 1.0
133 196 1.0
133 197 1.0
133 215 1.0
133 232 1.0
134 27 1.0
134 44 1.0
134 78 1.0
134 232 1.0
134 234 1.0
134 280 1.0
134 286 1.0
135 11 1.0
135 49 1.0
135 187 1.0
135 247 1.0
136 156 1.0
136 162 1.0
136 259 1.0
137 178 1.0
137 213 1.0
137 254 1.0
138 101 1.0
138 155 1.0
138 180 1.0
139 23 1.0
139 63 1.0
139 121 1.0
139 164 1.0
139 222 1.0
140 69 1.0
140 87 1.0
140 110 1.0
140 133 1.0
140 144 1.0
140 259 1.0
141 19 1.0
141 41 1.0
141 57 1.0
141 81 1.0
141 82 1.0
141 124 1.0
141 128 1.0
142 23 1.0
142 180 1.0
143 97 1.0
143 120 1.0
143 279 1.0
144 27 1.0
144 89 1.0
144 145 1.0
144 226 1.0
144 235 1.0
144 299 1.0
145 76 1.0
145 86 1.0
145 103 1.0
145 160 1.0
145 163 1.0
145 198 1.0
145 206 1.0
145 256 1.0
145 287 1.0
146 42 1.0
146 56 1.0
146 65 1.0
146 136 1.0
146 138 1.0
146 157 1.0
146 287 1.0
147 165 1.0
148 5 1.0
148 169 1.0
148 170 1.0
148 182 1.0
149 77 1.0
149 85 1.0
149 180 1.0
149 286 1.0
150 64 1.0
150 176 1.0
150 179 1.0
150 199 1.0
151 33 1.0
151 51 1.0
151 153 1.0
151 236 1.0
151 288 1.0
152 63 1.0
152 74 1.0
152 86 1.0
152 129 1.0
152 214 1.0
152 288 1.0
153 5 1.0
153 115 1.0
153 131 1.0
153 164 1.0
153 169 1.0
153 174 1.0
153 177 1.0
153 182 1.0
153 221 1.0
153 260 1.0
153 283 1.0
154 59 1.0
154 119 1.0
154 124 1.0
154 129 1.0
154 177 1.0
154 194 1.0
154 246 1.0
154 249 1.0
154 268 1.0
155 86 1.0
155 135 1.0
155 151 1.0
155 184 1.0
156 48 1.0
156 132 1.0
156 144 1.0
157 72 1.0
157 73 1.0
157 185 1.0
158 285 1.0
159 4 1.0
159 84 1.0
159 162 1.0
159 197 1.0
160 106 1.0
160 122 1.0
160 143 1.0
160 202 1.0
160 276 1.0
160 294 1.0
161 108 1.0
161 138 1.0
161 167 1.0
161 214 1.0
162 48 1.0
162 66 1.0
162 84 1.0
162 117 1.0
162 118 1.0
162 123 1.0
162 240 1.0
163 138 1.0
163 193 1.0
164 67 1.0
164 76 1.0
164 113 1.0
164 142 1.0
164 174 1.0
164 180 1.0
164 297 1.0
165 47 1.0
165 59 1.0
165 107 1.0
165 215 1.0
166 0 1.0
166 67 1.0
166 74 1.0
166 91 1.0
166 137 1.0
166 214 1.0
166 227 1.0
166 250 1.0
167 40 1.0
167 50 1.0
167 90 1.0
167 135 1.0
167 144 1.0
167 247 1.0
168 55 1.0
168 79 1.0
168 89 1.0
168 130 1.0
168 183 1.0
169 31 1.0
169 36 1.0
169 48 1.0
169 136 1.0
169 166 1.0
169 168 1.0
169 243 1.0
170 89 1.0
170 197 1.0
170 201 1.0
170 275 1.0
171 31 1.0
171 88 1.0
172 10 1.0
172 57 1.0
172 92 1.0
172 94 1.0
172 100 1.0
172 115 1.0
172 118 1.0
172 124 1.0
173 15 1.0
173 29 1.0
173 38 1.0
173 114 1.0
173 183 1.0
174 61 1.0
174 161 1.0
174 171 1.0
174 181 1.0
174 195 1.0
174 224 1.0
175 24 1.0
175 69 1.0
175 138 1.0
175 203 1.0
175 294 1.0
176 29 1.0
176 52 1.0
176 282 1.0
176 298 1.0
177 39 1.0
177 42 1.0
177 59 1.0
177 85 1.0
177 86 1.0
177 122 1.0
177 130 1.0
177 132 1.0
177 136 1.0
177 147 1.0
177 156 1.0
177 197 1.0
177 292 1.0
178 79 1.0
178 102 1.0
178 107 1.0
178 153 1.0
179 22 1.0
179 101 1.0
179 119 1.0
179 141 1.0
179 172 1.0
180 71 1.0
180 140 1.0
180 144 1.0
180 153 1.0
180 157 1.0
180 238 1.0
181 55 1.0
181 57 1.0
181 137 1.0
181 208 1.0
182 11 1.0
182 251 1.0
183 27 1.0
183 50 1.0
183 153 1.0
184 117 1.0
184 150 1.0
184 163 1.0
184 173 1.0
185 37 1.0
185 164 1.0
185 193 1.0
186 15 1.0
186 177 1.0
187 29 1.0
187 56 1.0
187 72 1.0
187 74 1.0
187 183 1.0
188 2 1.0
188 44 1.0
188 52 1.0
188 80 1.0
188 184 1.0
188 246 1.0
188 263 1.0
189 47 1.0
190 27 1.0
190 35 1.0
191 3 1.0
191 5 1.0
191 42 1.0
191 66 1.0
191 85 1.0
191 97 1.0
191 150 1.0
191 157 1.0
191 279 1.0
192 81 1.0
192 122 1.0
192 133 1.0
192 157 1.0
192 167 1.0
192 201 1.0
192 253 1.0
192 259 1.0
193 51 1.0
193 104 1.0
193 205 1.0
193 213 1.0
193 297 1.0
194 73 1.0
194 95 1.0
194 179 1.0
194 222 1.0
195 15 1.0
195 52 1.0
195 130 1.0
195 156 1.0
195 280 1.0
196 49 1.0
196 60 1.0
196 74 1.0
196 137 1.0
196 140 1.0
196 187 1.0
197 31 1.0
197 47 1.0
197 68 1.0
197 107 1.0
197 175 1.0
197 178 1.0
197 179 1.0
197 190 1.0
197 216 1.0
198 43 1.0
198 68 1.0
198 100 1.0
198 129 1.0
198 138 1.0
198 218 1.0
198 254 1.0
198 258 1.0
199 60 1.0
199 134 1.0
199 177 1.0
199 230 1.0
199 235 1.0
200 65 1.0
200 78 1.0
200 202 1.0
201 0 1.0
201 67 1.0
201 170 1.0
201 192 1.0
201 201 1.0
201 208 1.0
201 295 1.0
202 3 1.0
202 92 1.0
202 160 1.0
202 200 1.0
203 102 1.0
203 129 1.0
203 175 1.0
203 287 1.0
204 34 1.0
204 42 1.0
204 88 1.0
204 99 1.0
204 210 1.0
204 232 1.0
204 293 1.0
205 9 1.0
205 13 1.0
205 21 1.0
205 115 1.0
205 116 1.0
205 193 1.0
205 246 1.0
205 267 1.0
205 298 1.0
206 32 1.0
206 145 1.0
206 263 1.0
207 6 1.0
207 69 1.0
207 80 1.0
207 99 1.0
207 208 1.0
207 278 1.0
208 5 1.0
208 181 1.0
208 201 1.0
208 207 1.0
208 254 1.0
208 271 1.0
209 34 1.0
209 101 1.0
209 287 1.0
210 204 1.0
210 212 1.0
210 219 1.0
210 256 1.0
210 263 1.0
211 58 1.0
211 96 1.0
211 122 1.0
211 130 1.0
212 69 1.0
212 100 1.0
212 130 1.0
212 210 1.0
212 269 1.0
212 297 1.0
213 68 1.0
213 119 1.0
213 137 1.0
213 193 1.0
213 275 1.0
213 278 1.0
214 24 1.0
214 43 1.0
214 60 1.0
214 130 1.0
214 152 1.0
214 161 1.0
214 166 1.0
214 240 1.0
214 293 1.0
215 18 1.0
215 54 1.0
215 82 1.0
215 133 1.0
215 165 1.0
215 217 1.0
215 220 1.0
216 11 1.0
216 19 1.0
216 47 1.0
216 82 1.0
216 131 1.0
216 197 1.0
216 237 1.0
216 247 1.0
216 264 1.0
216 265 1.0
216 295 1.0
217 4 1.0
217 12 1.0
217 73 1.0
217 215 1.0
217 218 1.0
218 22 1.0
218 27 1.0
218 66 1.0
218 198 1.0
218 217 1.0
218 222 1.0
218 253 1.0
218 276 1.0
219 50 1.0
219 61 1.0
219 210 1.0
220 16 1.0
220 55 1.0
220 72 1.0
220 215 1.0
220 221 1.0
220 241 1.0
220 266 1.0
220 270 1.0
221 34 1.0
221 36 1.0
221 97 1.0
221 153 1.0
221 220 1.0
222 85 1.0
222 105 1.0
222 139 1.0
222 194 1.0
222 218 1.0
223 76 1.0
223 242 1.0
223 259 1.0
224 12 1.0
224 39 1.0
224 87 1.0
224 128 1.0
224 174 1.0
225 40 1.0
225 42 1.0
225 96 1.0
225 227 1.0
226 66 1.0
226 72 1.0
226 97 1.0
226 144 1.0
226 240 1.0
226 257 1.0
226 294 1.0
227 0 1.0
227 74 1.0
227 90 1.0
227 128 1.0
227 166 1.0
227 225 1.0
227 231 1.0
228 27 1.0
228 252 1.0
229 67 1.0
229 87 1.0
230 115 1.0
230 199 1.0
230 257 1.0
230 289 1.0
231 8 1.0
231 106 1.0
231 129 1.0
231 227 1.0
232 131 1.0
232 133 1.0
232 134 1.0
232 204 1.0
232 236 1.0
233 25 1.0
233 34 1.0
233 96 1.0
234 0 1.0
234 18 1.0
234 22 1.0
234 36 1.0
234 69 1.0
234 134 1.0
234 235 1.0
234 291 1.0
235 36 1.0
235 144 1.0
235 199 1.0
235 234 1.0
235 274 1.0
236 43 1.0
236 105 1.0
236 151 1.0
236 232 1.0
237 0 1.0
237 84 1.0
237 216 1.0
237 238 1.0
237 270 1.0
238 5 1.0
238 180 1.0
238 237 1.0
238 289 1.0
239 21 1.0
239 287 1.0
240 81 1.0
240 162 1.0
240 214 1.0
240 226 1.0
241 4 1.0
241 43 1.0
241 220 1.0
241 248 1.0
242 30 1.0
242 70 1.0
242 223 1.0
243 6 1.0
243 11 1.0
243 100 1.0
243 169 1.0
243 278 1.0
244 40 1.0
244 106 1.0
244 117 1.0
244 129 1.0
244 293 1.0
245 14 1.0
246 5 1.0
246 65 1.0
246 154 1.0
246 188 1.0
246 205 1.0
246 295 1.0
247 20 1.0
247 92 1.0
247 135 1.0
247 167 1.0
247 216 1.0
247 289 1.0
248 33 1.0
248 241 1.0
248 268 1.0
249 8 1.0
249 154 1.0
249 252 1.0
250 166 1.0
250 273 1.0
250 275 1.0
250 299 1.0
251 45 1.0
251 99 1.0
251 182 1.0
251 298 1.0
252 42 1.0
252 65 1.0
252 228 1.0
252 249 1.0
252 272 1.0
252 284 1.0
253 68 1.0
253 130 1.0
253 192 1.0
253 218 1.0
254 82 1.0
254 128 1.0
254 131 1.0
254 137 1.0
254 198 1.0
254 208 1.0
255 2 1.0
255 19 1.0
255 261 1.0
255 265 1.0
255 296 1.0
256 132 1.0
256 145 1.0
256 210 1.0
256 275 1.0
257 3 1.0
257 19 1.0
257 80 1.0
257 100 1.0
257 226 1.0
257 230 1.0
258 1 1.0
258 39 1.0
258 74 1.0
258 198 1.0
259 112 1.0
259 136 1.0
259 140 1.0
259 192 1.0
259 223 1.0
259 286 1.0
260 72 1.0
260 153 1.0
260 295 1.0
261 255 1.0
261 274 1.0
261 276 1.0
263 188 1.0
263 206 1.0
263 210 1.0
263 264 1.0
264 33 1.0
264 216 1.0
264 263 1.0
265 19 1.0
265 101 1.0
265 216 1.0
265 255 1.0
266 7 1.0
266 46 1.0
266 76 1.0
266 121 1.0
266 220 1.0
266 292 1.0
267 26 1.0
267 104 1.0
267 205 1.0
267 268 1.0
268 125 1.0
268 154 1.0
268 248 1.0
268 267 1.0
269 2 1.0
269 212 1.0
269 274 1.0
270 9 1.0
270 107 1.0
270 220 1.0
270 237 1.0
270 297 1.0
271 128 1.0
271 208 1.0
272 28 1.0
272 32 1.0
272 252 1.0
273 25 1.0
273 250 1.0
274 51 1.0
274 235 1.0
274 261 1.0
274 269 1.0
275 170 1.0
275 213 1.0
275 250 1.0
275 256 1.0
276 118 1.0
276 160 1.0
276 218 1.0
276 261 1.0
276 297 1.0
277 52 1.0
278 207 1.0
278 213 1.0
278 243 1.0
279 117 1.0
279 143 1.0
279 191 1.0
279 288 1.0
280 83 1.0
280 134 1.0
280 195 1.0
281 38 1.0
281 45 1.0
281 283 1.0
282 28 1.0
282 35 1.0
282 128 1.0
282 176 1.0
282 282 1.0
283 5 1.0
283 153 1.0
283 281 1.0
283 286 1.0
284 7 1.0
284 11 1.0
284 70 1.0
284 75 1.0
284 252 1.0
285 2 1.0
285 158 1.0
286 1 1.0
286 134 1.0
286 149 1.0
286 259 1.0
286 283 1.0
287 40 1.0
287 96 1.0
287 145 1.0
287 146 1.0
287 203 1.0
287 209 1.0
287 239 1.0
287 293 1.0
287 296 1.0
288 151 1.0
288 152 1.0
288 279 1.0
289 230 1.0
289 238 1.0
289 247 1.0
290 7 1.0
290 32 1.0
290 100 1.0
290 108 1.0
290 110 1.0
290 295 1.0
291 24 1.0
291 234 1.0
292 101 1.0
292 177 1.0
292 266 1.0
293 6 1.0
293 204 1.0
293 214 1.0
293 244 1.0
293 287 1.0
294 160 1.0
294 175 1.0
294 226 1.0
295 82 1.0
295 201 1.0
295 216 1.0
295 246 1.0
295 260 1.0
295 290 1.0
295 296 1.0
296 255 1.0
296 287 1.0
296 295 1.0
297 7 1.0
297 164 1.0
297 193 1.0
297 212 1.0
297 270 1.0
297 276 1.0
298 176 1.0
298 205 1.0
298 251 1.0
299 104 1.0
299 144 1.0
299 250 1.0
