0 202
0 270
0 265
0 195
0 182
1 203
1 96
1 255
1 152
2 74
2 221
2 142
2 39
2 60
3 254
3 234
3 157
3 197
3 26
4 246
4 279
4 0
4 150
4 256
4 276
5 266
5 159
5 16
5 189
5 294
5 207
5 249
5 121
5 179
6 48
6 169
6 163
6 273
6 150
6 220
7 60
7 15
7 223
7 84
7 259
7 135
7 181
8 245
8 112
8 40
8 69
8 159
9 59
9 149
9 109
9 269
9 8
9 183
10 231
10 34
10 188
10 215
11 21
11 107
11 79
11 223
11 128
11 25
11 0
11 238
12 250
12 19
12 275
12 31
12 163
12 27
12 264
12 104
12 80
12 241
13 184
13 180
13 230
13 159
13 143
13 55
14 42
14 172
14 215
14 21
14 265
14 135
14 25
15 84
15 271
15 219
15 231
15 40
15 111
16 0
16 139
16 287
16 145
16 94
16 35
17 294
17 187
17 76
17 108
17 282
17 277
18 190
18 176
18 258
19 294
19 130
19 197
19 227
19 179
19 297
19 92
19 218
19 111
19 151
20 221
20 142
20 33
20 127
20 47
20 115
21 207
21 275
22 295
22 143
22 204
22 278
22 194
22 258
23 230
23 72
23 217
23 19
23 76
23 254
23 226
23 99
23 63
24 254
24 258
24 298
24 178
24 156
24 112
24 71
25 151
25 214
25 163
25 203
25 272
25 82
26 174
26 127
26 121
26 237
26 17
26 207
27 174
27 169
27 132
27 62
27 180
27 255
27 70
28 203
28 181
28 208
28 268
28 212
28 66
28 238
28 83
28 85
29 155
29 239
29 253
30 63
30 268
30 198
30 79
30 249
31 179
31 164
31 259
31 187
31 49
31 205
31 46
31 226
32 36
32 100
32 292
32 115
32 268
32 236
32 12
32 108
32 211
33 218
33 182
33 259
33 47
34 287
34 213
35 19
35 250
35 273
35 281
35 76
35 125
35 205
35 151
36 249
36 152
36 102
36 206
36 96
36 50
36 174
36 176
36 179
37 9
37 195
37 278
37 286
37 70
37 277
37 55
37 48
38 134
38 233
38 39
38 83
38 254
38 283
38 48
38 221
39 247
39 11
39 159
39 10
39 89
39 31
39 139
39 246
39 30
39 63
39 53
40 12
40 116
40 183
40 10
40 257
41 148
41 161
41 200
41 99
41 11
42 203
42 106
42 274
42 170
43 0
43 167
43 121
43 194
43 75
44 281
44 202
44 256
44 18
44 100
44 69
44 111
45 63
45 83
45 110
45 52
45 181
45 199
45 250
45 167
45 138
46 271
46 61
46 150
46 298
46 32
46 93
46 269
47 216
47 43
48 98
48 224
48 284
49 50
49 185
49 224
49 140
50 187
50 263
50 137
50 162
50 244
51 16
51 125
51 196
51 59
51 82
51 268
51 260
51 265
51 117
51 113
52 20
53 231
53 15
53 42
53 296
53 298
53 225
53 71
54 199
54 298
54 121
54 65
54 166
54 110
54 253
54 181
55 164
55 121
55 61
55 246
55 70
55 296
55 18
55 127
55 153
55 82
55 49
56 274
56 282
56 132
56 47
56 120
56 190
56 119
56 85
56 210
57 78
57 81
57 152
57 19
57 179
57 214
58 19
58 45
58 152
58 113
58 67
58 268
58 54
58 255
58 256
58 276
58 114
58 96
58 0
59 236
59 109
59 134
59 120
59 255
59 151
59 105
59 145
60 105
60 51
60 44
60 287
61 132
61 142
61 80
61 257
61 100
61 235
62 257
62 149
62 162
62 298
62 37
62 143
62 147
63 66
63 208
63 6
63 36
63 121
64 170
64 107
64 269
64 183
64 188
64 283
64 250
64 79
64 81
64 140
64 166
64 92
64 116
64 10
64 226
64 143
65 170
65 106
65 75
65 190
65 105
65 261
65 162
65 24
65 258
66 206
66 295
66 59
66 249
67 29
67 162
67 261
67 272
67 207
67 2
67 78
67 136
68 122
68 273
68 85
68 208
68 97
68 294
68 291
69 91
69 65
69 122
69 154
69 230
69 12
69 250
69 134
70 126
70 164
70 110
70 31
70 21
70 187
70 137
70 200
71 191
71 97
72 81
72 160
72 95
72 12
72 130
72 154
72 162
72 152
72 290
73 192
73 39
73 166
73 19
73 244
73 170
74 166
74 197
74 295
74 141
74 294
74 168
74 14
74 203
75 295
75 22
75 51
75 42
75 228
75 220
75 231
75 103
75 203
75 116
75 149
76 229
76 160
76 36
76 70
76 221
76 131
76 205
77 85
77 64
78 55
78 103
78 269
78 81
79 93
79 3
79 141
79 60
79 177
79 66
80 271
80 167
80 213
80 123
80 136
81 180
81 59
81 199
81 39
81 195
81 61
81 250
82 147
82 6
82 159
82 165
82 212
82 277
83 189
84 70
84 266
84 41
84 229
84 114
84 296
84 137
85 95
85 46
85 87
85 183
85 74
85 144
85 238
86 82
86 36
86 75
86 257
86 164
86 63
86 237
86 143
86 169
87 78
87 175
87 207
87 268
87 272
87 92
87 253
87 200
88 261
88 84
88 23
88 89
89 232
89 130
89 294
89 116
89 176
89 182
89 52
89 143
89 16
89 273
89 88
89 2
89 285
90 200
90 119
90 247
90 9
90 279
90 240
90 213
90 270
90 114
91 35
91 145
91 245
91 249
91 200
91 29
91 94
91 209
91 64
91 127
92 259
92 117
92 230
92 75
92 254
92 252
92 285
92 115
92 207
92 38
92 121
93 222
93 55
93 195
93 90
93 70
93 221
93 113
93 212
93 239
93 64
93 299
94 73
94 44
94 193
95 194
95 242
95 280
95 245
95 251
95 120
95 99
95 187
96 241
96 274
96 184
96 243
96 105
96 187
96 17
96 72
96 23
96 90
97 78
97 259
97 270
97 249
97 194
97 34
98 216
98 10
98 212
98 170
98 238
98 258
98 107
98 264
99 62
99 199
99 93
99 88
99 254
99 129
99 205
99 41
99 21
99 290
99 176
100 47
100 134
100 190
100 232
100 19
101 3
101 1
101 160
101 268
101 132
101 90
101 117
101 53
101 190
101 145
101 214
102 295
102 203
102 8
102 225
102 104
103 141
103 12
103 6
103 159
103 271
103 248
103 73
104 262
104 234
104 212
104 269
104 12
105 298
105 110
105 28
105 235
106 50
106 71
106 57
106 298
106 290
106 296
106 261
106 111
106 22
106 87
107 229
107 232
108 132
108 114
108 235
108 62
108 100
108 152
109 256
109 248
109 224
109 175
109 245
109 273
109 164
109 269
109 278
110 4
110 165
110 70
110 202
110 226
111 130
111 139
111 142
111 110
112 113
112 19
112 54
112 194
112 255
112 228
112 294
113 150
114 249
114 198
114 188
114 113
114 73
115 120
115 150
115 62
115 84
115 169
115 286
116 5
116 247
116 19
116 223
116 170
116 256
116 244
116 251
116 145
117 138
117 250
117 10
117 59
117 9
117 162
117 4
117 261
117 171
118 261
118 158
118 281
118 226
118 15
118 82
118 215
118 212
118 160
119 75
119 222
119 277
119 229
119 295
119 290
119 62
119 200
119 296
120 41
120 248
120 195
120 262
120 185
120 246
120 184
120 164
120 286
120 176
120 260
120 274
121 104
121 127
121 271
121 30
121 38
121 151
121 48
122 141
122 258
122 297
122 219
122 296
122 148
122 257
122 125
122 214
123 149
123 166
123 28
123 226
123 232
123 107
123 110
123 29
124 201
124 263
124 148
124 271
124 99
125 76
125 291
125 154
125 204
125 181
126 133
126 52
126 259
126 230
126 114
127 140
127 25
127 37
127 211
127 11
127 130
127 267
127 179
128 90
128 252
128 126
128 148
128 142
128 120
128 199
128 95
128 241
128 208
128 94
128 165
129 162
129 14
129 30
129 99
129 86
129 5
130 159
130 244
130 276
130 162
130 248
130 257
130 284
131 123
131 286
131 50
131 16
131 215
131 114
131 27
131 248
131 245
131 201
132 191
132 182
132 31
132 162
132 198
132 49
132 129
132 59
133 107
133 240
133 278
133 167
133 237
133 273
134 63
134 106
134 129
134 124
135 289
135 294
135 35
135 170
135 60
135 91
135 165
136 261
136 295
136 207
136 131
137 26
137 76
137 161
137 170
137 185
137 256
137 187
138 11
138 28
138 287
138 253
138 132
138 149
139 160
139 81
139 230
139 287
139 41
140 263
140 1
140 70
140 18
140 264
140 194
140 277
140 117
141 24
141 249
141 288
141 238
141 4
141 205
142 117
142 100
142 174
142 93
142 233
142 88
143 16
143 58
143 231
143 184
143 249
143 217
144 163
144 88
144 204
144 209
145 135
145 1
145 20
145 37
145 241
145 41
145 29
145 254
145 109
146 8
146 91
146 280
146 101
146 5
146 212
146 81
146 115
146 17
147 74
147 97
147 106
147 297
147 20
147 117
147 144
147 259
148 174
148 169
148 91
149 175
149 189
149 285
149 266
149 191
149 158
149 196
149 236
149 60
150 161
150 93
150 85
151 208
151 95
151 263
151 283
151 214
151 198
151 170
151 89
152 290
152 288
152 229
152 277
152 3
152 52
153 247
153 207
153 298
153 259
153 203
153 20
154 269
154 251
154 25
154 69
154 212
154 213
154 39
154 294
154 272
154 190
154 233
155 127
155 82
155 209
155 130
155 219
155 108
155 174
155 144
155 169
156 25
156 69
156 109
156 252
156 1
156 211
156 234
157 55
157 10
157 48
157 171
157 43
157 11
157 97
157 56
157 14
157 13
157 154
158 150
158 83
158 167
158 180
159 81
159 288
159 112
159 263
159 23
159 267
159 201
159 90
159 168
159 38
159 129
159 166
160 125
161 26
161 28
161 104
161 7
161 112
161 152
161 55
162 268
162 215
162 147
162 79
162 59
162 262
162 226
162 265
162 87
163 298
163 119
163 63
163 51
163 123
163 8
163 59
163 207
163 89
163 141
163 97
164 15
164 266
164 48
164 66
164 287
164 187
164 84
165 259
165 93
165 127
165 137
165 179
165 117
165 134
165 252
165 120
165 262
165 47
166 124
166 133
166 239
166 104
166 119
166 110
166 243
167 82
167 291
167 153
167 40
167 269
167 32
168 80
168 45
168 81
168 111
168 224
168 199
168 138
168 68
168 268
168 18
169 67
169 20
169 234
170 297
170 159
170 277
170 86
170 30
171 122
171 296
171 24
171 138
171 240
171 6
171 19
172 283
172 266
172 34
172 286
172 255
172 220
172 87
172 125
172 202
173 158
173 196
173 214
173 233
174 282
174 173
174 153
174 84
174 242
174 290
174 270
174 221
175 234
175 44
175 187
175 153
175 293
175 1
175 213
176 274
176 200
176 229
176 236
176 117
177 40
177 154
177 121
177 2
177 47
177 122
177 1
178 51
178 173
178 5
178 45
178 203
179 40
179 266
179 94
179 196
179 264
179 204
180 4
180 267
180 72
180 94
180 282
180 144
181 101
181 207
181 149
181 256
181 49
181 116
181 245
181 2
181 254
181 125
181 233
181 12
182 207
182 90
182 77
182 193
182 210
183 266
183 88
183 20
183 98
183 269
183 106
184 287
184 194
184 193
184 45
184 34
185 249
185 285
185 265
185 114
185 171
185 54
185 225
186 151
186 224
186 143
186 10
186 233
187 167
187 190
187 298
187 237
188 37
188 222
188 82
189 185
189 129
189 174
189 240
190 32
190 17
190 73
190 125
190 92
190 119
190 214
190 130
190 43
191 13
191 246
191 184
191 192
191 7
191 125
191 155
192 249
192 250
192 152
192 151
192 206
192 154
192 279
193 86
193 232
193 161
193 66
193 172
193 175
193 176
193 245
193 40
194 39
194 293
194 209
194 243
195 155
195 106
195 233
195 68
195 250
196 35
196 191
196 187
196 169
196 277
197 145
197 224
197 280
197 122
197 194
197 91
198 221
198 183
198 96
198 95
198 252
199 270
199 98
199 122
199 53
199 135
199 234
199 280
199 260
200 51
200 157
200 219
200 284
200 227
200 95
200 198
201 127
201 141
201 164
201 23
201 177
202 114
202 141
202 247
202 254
202 252
202 17
202 35
202 207
203 148
203 55
203 2
203 33
204 182
204 136
204 225
204 29
204 213
204 104
204 33
205 296
205 153
205 184
205 112
205 132
205 292
205 234
205 291
205 227
206 69
206 248
206 3
206 260
206 289
207 280
207 285
207 262
207 104
207 80
207 119
207 255
207 13
207 253
208 77
208 265
208 111
208 132
208 43
208 187
208 184
208 14
208 233
209 9
209 242
209 182
209 34
209 36
209 134
209 24
210 45
210 279
210 135
210 256
210 107
210 269
210 10
210 282
210 116
211 280
211 19
211 126
211 287
211 284
211 298
211 100
212 0
212 64
212 93
212 188
212 127
212 227
212 194
212 285
213 166
213 45
214 117
214 240
214 49
214 20
214 134
214 81
214 263
214 148
214 205
214 297
214 83
214 86
214 6
215 291
215 14
215 174
216 60
216 250
216 213
216 269
216 153
216 221
216 56
217 227
217 170
217 214
217 2
217 250
217 79
218 18
218 134
218 219
218 130
218 266
218 144
218 33
218 237
218 73
218 89
218 257
218 169
219 58
219 235
219 2
219 140
219 114
219 164
219 124
220 157
220 247
220 22
220 29
220 226
220 232
220 75
220 24
220 241
221 9
221 142
221 116
221 32
221 130
221 156
221 234
221 271
222 102
222 158
222 82
222 65
222 216
222 175
223 15
223 253
223 100
224 130
224 140
224 295
224 291
224 266
224 3
224 127
225 279
225 20
225 30
225 26
225 52
225 123
225 258
225 204
225 155
226 147
226 161
226 64
226 193
226 45
226 101
226 98
226 251
226 172
226 116
227 233
227 44
227 147
227 38
227 175
227 160
227 53
228 202
228 296
228 204
228 96
228 24
228 20
228 16
228 35
228 261
229 268
229 8
229 239
229 288
229 234
229 216
229 285
230 283
230 285
230 244
230 184
231 184
231 22
231 63
231 91
232 91
232 58
233 235
233 133
233 116
233 183
233 128
233 241
234 248
234 201
234 215
234 193
234 127
234 199
234 205
235 152
235 35
235 160
235 204
235 50
235 269
235 138
235 140
235 165
235 271
235 94
236 163
236 188
236 299
236 154
237 120
237 181
237 17
237 121
237 66
237 281
237 129
238 45
238 232
238 149
238 204
239 191
239 280
239 216
239 141
239 90
239 15
240 139
240 44
240 144
240 31
240 50
240 253
241 84
241 257
241 141
241 253
241 239
241 236
241 27
241 237
242 218
242 11
242 79
242 103
242 290
242 63
242 87
242 296
243 104
243 198
243 51
243 180
244 147
244 265
244 138
244 161
245 196
245 17
245 241
245 237
245 271
245 168
245 173
245 234
245 130
246 29
246 268
246 186
246 223
246 137
246 52
247 190
247 69
247 8
248 112
248 212
248 233
248 12
248 61
248 290
249 127
249 205
249 63
249 48
249 148
249 134
249 93
250 101
250 163
250 59
250 44
250 218
250 52
250 287
251 250
251 99
251 167
251 292
251 190
251 144
252 63
252 61
252 131
252 169
253 177
253 37
253 115
253 214
254 29
254 271
254 18
254 138
254 127
255 247
255 287
255 156
255 121
255 195
255 75
255 58
255 109
256 59
256 113
256 38
256 251
256 211
256 166
256 146
256 170
256 226
256 165
256 181
257 107
257 216
257 63
257 285
257 168
258 271
258 290
258 44
258 87
258 283
258 142
258 151
258 17
258 225
258 75
259 0
259 219
259 289
259 240
259 180
259 52
259 56
260 239
260 230
260 261
260 54
260 41
260 179
260 76
260 136
260 202
261 144
261 223
261 249
261 94
261 270
261 87
261 115
262 47
262 60
263 220
263 216
263 276
263 153
263 152
263 287
263 136
263 250
263 271
263 226
263 20
264 77
264 278
264 42
264 207
264 228
264 56
265 120
265 36
265 131
266 37
266 206
266 32
266 138
266 29
267 202
267 160
267 92
267 22
267 11
267 239
267 238
267 7
268 240
268 262
268 89
268 70
269 258
269 16
269 227
269 247
269 198
270 23
270 202
270 147
270 184
270 3
270 206
270 174
271 251
271 200
271 213
271 175
271 182
271 257
272 215
272 126
272 106
272 205
272 99
272 236
272 220
272 5
273 229
273 250
273 137
273 100
273 240
273 108
273 0
274 231
274 1
274 244
275 256
275 103
275 261
275 134
275 115
276 21
276 36
276 160
276 283
276 246
276 6
277 8
277 272
277 168
277 107
277 17
277 165
278 76
278 2
278 242
278 44
278 62
278 276
278 259
279 65
279 1
279 84
279 52
279 33
279 214
279 210
279 42
279 25
280 19
280 146
280 231
280 67
280 119
280 144
281 188
281 27
281 270
281 18
281 14
281 169
281 141
282 232
282 231
282 63
282 14
282 271
283 18
283 40
283 32
283 299
283 269
284 206
284 92
285 140
285 65
285 156
285 267
285 282
285 133
285 37
285 235
285 246
285 98
286 153
286 50
286 277
286 214
286 116
286 185
286 206
286 62
286 95
286 260
286 122
286 47
286 263
286 41
287 52
287 15
287 169
287 29
287 12
287 136
287 225
287 127
287 85
287 91
288 29
288 149
288 96
288 20
288 90
288 36
289 210
289 292
289 156
290 24
290 258
290 121
290 202
290 287
290 206
290 72
291 87
291 75
291 2
291 269
291 216
292 118
292 133
292 217
292 70
292 240
292 131
292 130
292 55
292 29
292 126
293 277
293 37
293 20
293 40
293 63
293 58
294 266
294 198
294 2
294 88
294 289
294 164
294 1
294 250
295 84
295 121
295 230
295 119
295 111
296 270
296 285
296 223
296 251
296 171
296 107
296 156
296 226
296 217
297 195
297 164
297 150
297 262
297 185
297 293
297 70
297 29
297 269
298 41
298 29
298 107
298 11
298 111
298 146
298 293
299 15
299 22
299 162
299 206
299 44
