0 119 1.0
0 129 1.0
0 134 1.0
0 178 1.0
0 182 1.0
0 200 1.0
0 208 1.0
0 229 1.0
0 232 1.0
0 233 1.0
0 269 1.0
1 62 1.0
1 100 1.0
1 135 1.0
1 235 1.0
1 241 1.0
1 294 1.0
2 36 1.0
2 46 1.0
2 93 1.0
2 148 1.0
2 276 1.0
3 0 1.0
3 99 1.0
3 166 1.0
3 172 1.0
3 187 1.0
3 215 1.0
3 227 1.0
3 294 1.0
4 12 1.0
4 79 1.0
4 117 1.0
4 125 1.0
4 179 1.0
4 225 1.0
4 275 1.0
4 290 1.0
5 32 1.0
5 99 1.0
5 105 1.0
5 110 1.0
5 147 1.0
5 184 1.0
5 202 1.0
5 216 1.0
5 239 1.0
6 42 1.0
6 74 1.0
6 165 1.0
7 6 1.0
7 120 1.0
7 181 1.0
7 239 1.0
8 124 1.0
8 153 1.0
8 220 1.0
8 222 1.0
9 14 1.0
9 21 1.0
9 50 1.0
9 69 1.0
9 105 1.0
9 162 1.0
9 169 1.0
9 186 1.0
9 215 1.0
9 279 1.0
10 33 1.0
10 94 1.0
10 121 1.0
10 225 1.0
11 19 1.0
11 28 1.0
11 89 1.0
11 111 1.0
11 178 1.0
11 219 1.0
11 228 1.0
11 254 1.0
11 267 1.0
12 0 1.0
12 25 1.0
12 209 1.0
12 221 1.0
12 238 1.0
13 47 1.0
13 72 1.0
13 188 1.0
13 191 1.0
13 211 1.0
14 59 1.0
14 73 1.0
14 117 1.0
14 131 1.0
14 146 1.0
14 197 1.0
14 231 1.0
14 261 1.0
15 24 1.0
15 84 1.0
15 93 1.0
15 148 1.0
16 94 1.0
16 128 1.0
16 136 1.0
16 174 1.0
16 189 1.0
16 219 1.0
16 257 1.0
17 14 1.0
17 37 1.0
17 45 1.0
17 47 1.0
17 65 1.0
17 145 1.0
17 234 1.0
17 241 1.0
17 292 1.0
18 44 1.0
18 74 1.0
18 116 1.0
18 174 1.0
18 198 1.0
18 228 1.0
18 240 1.0
19 52 1.0
19 105 1.0
19 135 1.0
19 143 1.0
19 215 1.0
19 217 1.0
19 255 1.0
19 277 1.0
20 13 1.0
20 79 1.0
20 84 1.0
20 113 1.0
20 159 1.0
20 224 1.0
20 242 1.0
20 250 1.0
21 43 1.0
21 87 1.0
21 110 1.0
21 113 1.0
22 171 1.0
22 238 1.0
23 9 1.0
23 66 1.0
23 72 1.0
23 141 1.0
23 158 1.0
23 180 1.0
23 196 1.0
23 210 1.0
24 119 1.0
24 146 1.0
24 175 1.0
25 14 1.0
25 47 1.0
25 82 1.0
25 137 1.0
25 169 1.0
25 184 1.0
26 32 1.0
26 53 1.0
26 88 1.0
26 148 1.0
26 155 1.0
26 192 1.0
27 65 1.0
27 98 1.0
27 103 1.0
27 133 1.0
27 253 1.0
28 135 1.0
28 185 1.0
29 0 1.0
29 79 1.0
29 109 1.0
29 128 1.0
29 270 1.0
30 42 1.0
30 66 1.0
30 73 1.0
30 134 1.0
30 172 1.0
30 221 1.0
30 244 1.0
31 37 1.0
31 53 1.0
31 109 1.0
31 118 1.0
31 169 1.0
32 64 1.0
32 149 1.0
32 223 1.0
32 231 1.0
32 235 1.0
32 236 1.0
32 249 1.0
32 292 1.0
33 43 1.0
33 52 1.0
33 79 1.0
33 84 1.0
33 106 1.0
33 166 1.0
33 228 1.0
33 235 1.0
33 271 1.0
33 273 1.0
33 283 1.0
34 78 1.0
34 87 1.0
34 140 1.0
34 185 1.0
34 191 1.0
35 0 1.0
35 14 1.0
35 31 1.0
35 62 1.0
35 75 1.0
35 100 1.0
35 172 1.0
35 180 1.0
35 187 1.0
35 281 1.0
35 290 1.0
35 299 1.0
36 30 1.0
36 70 1.0
36 218 1.0
36 222 1.0
36 232 1.0
36 244 1.0
36 269 1.0
36 284 1.0
37 5 1.0
37 40 1.0
37 79 1.0
37 202 1.0
37 210 1.0
38 8 1.0
38 49 1.0
38 51 1.0
38 59 1.0
38 71 1.0
38 91 1.0
38 94 1.0
38 108 1.0
38 120 1.0
38 124 1.0
38 169 1.0
38 181 1.0
38 192 1.0
39 18 1.0
39 70 1.0
39 104 1.0
39 174 1.0
39 177 1.0
39 247 1.0
39 268 1.0
40 138 1.0
40 214 1.0
40 231 1.0
40 232 1.0
40 262 1.0
41 63 1.0
41 184 1.0
41 195 1.0
41 233 1.0
41 236 1.0
42 9 1.0
42 39 1.0
42 58 1.0
42 88 1.0
42 101 1.0
42 169 1.0
42 227 1.0
42 236 1.0
43 83 1.0
43 90 1.0
43 106 1.0
43 133 1.0
43 216 1.0
43 218 1.0
44 63 1.0
44 126 1.0
44 297 1.0
45 9 1.0
45 51 1.0
45 61 1.0
45 100 1.0
45 101 1.0
45 104 1.0
45 215 1.0
46 11 1.0
46 92 1.0
46 108 1.0
46 131 1.0
46 135 1.0
46 213 1.0
46 237 1.0
47 43 1.0
47 137 1.0
47 148 1.0
47 152 1.0
47 262 1.0
48 33 1.0
48 51 1.0
48 181 1.0
48 247 1.0
48 250 1.0
49 36 1.0
49 40 1.0
49 60 1.0
49 92 1.0
49 115 1.0
49 269 1.0
50 80 1.0
50 109 1.0
50 183 1.0
50 232 1.0
50 271 1.0
51 129 1.0
51 169 1.0
52 5 1.0
52 97 1.0
52 107 1.0
52 142 1.0
52 188 1.0
52 207 1.0
53 125 1.0
53 224 1.0
54 27 1.0
54 43 1.0
54 75 1.0
54 90 1.0
54 152 1.0
54 179 1.0
54 202 1.0
55 37 1.0
55 52 1.0
55 94 1.0
55 106 1.0
55 110 1.0
55 159 1.0
55 173 1.0
56 17 1.0
56 54 1.0
56 57 1.0
56 177 1.0
56 228 1.0
57 2 1.0
57 12 1.0
57 56 1.0
57 94 1.0
57 119 1.0
57 154 1.0
57 184 1.0
57 193 1.0
58 22 1.0
58 25 1.0
58 38 1.0
58 84 1.0
58 133 1.0
58 139 1.0
58 165 1.0
58 205 1.0
58 215 1.0
58 221 1.0
58 287 1.0
59 26 1.0
59 76 1.0
59 79 1.0
59 175 1.0
59 193 1.0
60 33 1.0
60 38 1.0
60 43 1.0
60 129 1.0
60 142 1.0
60 148 1.0
60 199 1.0
60 278 1.0
60 283 1.0
61 65 1.0
61 78 1.0
61 128 1.0
61 165 1.0
61 170 1.0
61 190 1.0
62 13 1.0
62 17 1.0
62 45 1.0
62 70 1.0
62 121 1.0
62 162 1.0
62 163 1.0
62 185 1.0
63 48 1.0
63 128 1.0
63 175 1.0
63 182 1.0
64 8 1.0
64 71 1.0
64 142 1.0
64 144 1.0
64 160 1.0
64 174 1.0
64 236 1.0
64 242 1.0
64 255 1.0
64 275 1.0
64 277 1.0
65 27 1.0
65 56 1.0
65 60 1.0
65 86 1.0
65 137 1.0
65 230 1.0
65 275 1.0
65 292 1.0
66 14 1.0
66 88 1.0
66 154 1.0
67 1 1.0
67 76 1.0
67 87 1.0
67 143 1.0
67 180 1.0
68 6 1.0
68 69 1.0
68 135 1.0
68 150 1.0
68 298 1.0
69 9 1.0
69 142 1.0
69 156 1.0
69 181 1.0
69 236 1.0
69 248 1.0
69 266 1.0
70 157 1.0
70 198 1.0
70 207 1.0
70 238 1.0
71 152 1.0
71 154 1.0
71 288 1.0
72 66 1.0
72 75 1.0
72 87 1.0
72 100 1.0
72 157 1.0
72 224 1.0
72 227 1.0
72 251 1.0
73 93 1.0
73 275 1.0
74 14 1.0
74 128 1.0
74 151 1.0
74 229 1.0
75 124 1.0
75 132 1.0
75 213 1.0
75 273 1.0
75 286 1.0
75 295 1.0
76 3 1.0
76 7 1.0
76 8 1.0
76 104 1.0
76 169 1.0
76 177 1.0
76 241 1.0
76 267 1.0
77 52 1.0
77 102 1.0
77 142 1.0
77 177 1.0
78 27 1.0
78 106 1.0
78 121 1.0
78 122 1.0
78 129 1.0
78 166 1.0
78 168 1.0
78 176 1.0
78 185 1.0
78 276 1.0
78 279 1.0
79 26 1.0
79 32 1.0
79 69 1.0
79 84 1.0
79 183 1.0
79 259 1.0
80 22 1.0
80 71 1.0
80 108 1.0
80 154 1.0
80 226 1.0
80 247 1.0
80 287 1.0
81 65 1.0
81 98 1.0
81 183 1.0
82 47 1.0
82 101 1.0
82 118 1.0
82 136 1.0
82 195 1.0
82 261 1.0
82 278 1.0
82 282 1.0
83 75 1.0
83 175 1.0
83 213 1.0
83 233 1.0
83 285 1.0
84 19 1.0
84 91 1.0
84 117 1.0
84 141 1.0
84 237 1.0
84 297 1.0
85 61 1.0
85 78 1.0
85 83 1.0
85 93 1.0
85 98 1.0
85 107 1.0
85 162 1.0
86 4 1.0
86 11 1.0
86 55 1.0
86 65 1.0
86 104 1.0
87 86 1.0
87 104 1.0
87 119 1.0
87 126 1.0
87 132 1.0
87 294 1.0
88 37 1.0
88 81 1.0
88 86 1.0
88 238 1.0
88 279 1.0
89 25 1.0
89 36 1.0
89 58 1.0
89 107 1.0
90 20 1.0
90 47 1.0
90 103 1.0
90 122 1.0
90 172 1.0
90 224 1.0
91 1 1.0
91 43 1.0
91 76 1.0
91 128 1.0
91 188 1.0
91 217 1.0
91 242 1.0
92 3 1.0
92 18 1.0
92 137 1.0
92 160 1.0
92 194 1.0
93 56 1.0
93 60 1.0
93 66 1.0
93 76 1.0
93 113 1.0
93 155 1.0
93 260 1.0
94 12 1.0
94 35 1.0
94 121 1.0
94 145 1.0
94 153 1.0
95 56 1.0
95 105 1.0
95 136 1.0
95 139 1.0
96 4 1.0
96 6 1.0
96 13 1.0
96 51 1.0
96 58 1.0
96 67 1.0
96 142 1.0
96 190 1.0
96 226 1.0
96 244 1.0
96 246 1.0
97 15 1.0
97 46 1.0
97 63 1.0
97 76 1.0
97 95 1.0
97 175 1.0
97 197 1.0
97 220 1.0
97 242 1.0
97 277 1.0
98 58 1.0
98 110 1.0
98 113 1.0
98 280 1.0
98 291 1.0
98 292 1.0
99 60 1.0
99 103 1.0
99 241 1.0
99 282 1.0
100 152 1.0
100 188 1.0
100 194 1.0
100 203 1.0
101 19 1.0
101 42 1.0
101 142 1.0
101 155 1.0
101 170 1.0
101 181 1.0
102 53 1.0
102 99 1.0
102 109 1.0
102 295 1.0
103 20 1.0
103 33 1.0
103 69 1.0
103 74 1.0
103 100 1.0
103 255 1.0
104 49 1.0
104 97 1.0
104 178 1.0
104 180 1.0
104 272 1.0
104 274 1.0
104 286 1.0
104 288 1.0
105 6 1.0
105 37 1.0
105 57 1.0
105 63 1.0
105 80 1.0
105 92 1.0
105 198 1.0
105 256 1.0
105 283 1.0
106 32 1.0
106 40 1.0
106 54 1.0
106 179 1.0
106 236 1.0
106 265 1.0
107 60 1.0
107 76 1.0
107 78 1.0
107 84 1.0
107 88 1.0
107 90 1.0
107 117 1.0
107 175 1.0
107 273 1.0
108 69 1.0
108 81 1.0
108 163 1.0
108 230 1.0
108 273 1.0
108 282 1.0
109 23 1.0
109 52 1.0
109 181 1.0
109 195 1.0
110 15 1.0
110 156 1.0
111 82 1.0
111 134 1.0
111 147 1.0
111 179 1.0
111 192 1.0
112 102 1.0
112 130 1.0
112 143 1.0
112 155 1.0
113 54 1.0
113 112 1.0
113 148 1.0
113 182 1.0
113 191 1.0
114 1 1.0
114 30 1.0
114 156 1.0
114 212 1.0
114 283 1.0
115 1 1.0
115 2 1.0
115 79 1.0
115 101 1.0
115 202 1.0
115 265 1.0
115 276 1.0
116 4 1.0
116 31 1.0
116 112 1.0
116 135 1.0
116 229 1.0
117 130 1.0
117 136 1.0
117 179 1.0
117 214 1.0
117 269 1.0
118 2 1.0
118 9 1.0
118 67 1.0
118 82 1.0
118 155 1.0
118 165 1.0
118 172 1.0
119 127 1.0
119 140 1.0
120 15 1.0
120 56 1.0
120 64 1.0
120 179 1.0
120 181 1.0
120 252 1.0
121 31 1.0
121 127 1.0
121 128 1.0
121 223 1.0
122 75 1.0
122 150 1.0
122 178 1.0
122 193 1.0
123 8 1.0
123 94 1.0
123 149 1.0
123 155 1.0
124 52 1.0
125 86 1.0
125 113 1.0
125 122 1.0
125 161 1.0
125 203 1.0
125 277 1.0
126 10 1.0
126 82 1.0
126 121 1.0
126 166 1.0
126 289 1.0
127 40 1.0
127 55 1.0
127 103 1.0
127 111 1.0
127 114 1.0
127 154 1.0
127 165 1.0
128 139 1.0
128 163 1.0
128 220 1.0
128 224 1.0
128 240 1.0
128 281 1.0
129 41 1.0
129 155 1.0
129 169 1.0
129 243 1.0
129 258 1.0
129 263 1.0
129 295 1.0
130 25 1.0
130 110 1.0
130 126 1.0
130 188 1.0
130 204 1.0
130 233 1.0
131 58 1.0
131 128 1.0
131 149 1.0
131 190 1.0
131 204 1.0
131 256 1.0
131 266 1.0
131 273 1.0
131 285 1.0
132 61 1.0
132 62 1.0
132 120 1.0
132 148 1.0
132 277 1.0
133 61 1.0
133 132 1.0
133 222 1.0
133 225 1.0
134 13 1.0
134 25 1.0
134 75 1.0
134 92 1.0
134 167 1.0
134 246 1.0
134 271 1.0
134 294 1.0
135 2 1.0
135 24 1.0
135 33 1.0
135 98 1.0
135 201 1.0
135 271 1.0
135 284 1.0
136 22 1.0
136 24 1.0
136 69 1.0
136 119 1.0
136 150 1.0
136 220 1.0
136 249 1.0
136 266 1.0
136 299 1.0
137 74 1.0
137 87 1.0
137 121 1.0
137 156 1.0
137 195 1.0
137 196 1.0
137 253 1.0
137 275 1.0
138 42 1.0
138 168 1.0
138 176 1.0
139 7 1.0
139 18 1.0
139 88 1.0
139 119 1.0
140 8 1.0
140 31 1.0
140 71 1.0
140 89 1.0
140 172 1.0
140 181 1.0
140 191 1.0
140 230 1.0
140 260 1.0
140 261 1.0
140 282 1.0
140 290 1.0
141 14 1.0
141 66 1.0
141 83 1.0
141 190 1.0
141 198 1.0
141 218 1.0
141 258 1.0
141 296 1.0
142 0 1.0
142 38 1.0
142 60 1.0
142 84 1.0
142 124 1.0
142 128 1.0
142 193 1.0
142 205 1.0
143 5 1.0
143 15 1.0
143 51 1.0
143 53 1.0
143 55 1.0
143 76 1.0
143 88 1.0
143 98 1.0
143 137 1.0
143 161 1.0
143 197 1.0
143 254 1.0
143 277 1.0
144 34 1.0
144 36 1.0
144 148 1.0
144 169 1.0
144 181 1.0
144 295 1.0
145 2 1.0
145 49 1.0
145 143 1.0
145 169 1.0
145 258 1.0
145 274 1.0
146 24 1.0
146 57 1.0
146 88 1.0
146 95 1.0
146 110 1.0
146 159 1.0
146 173 1.0
146 179 1.0
146 209 1.0
146 231 1.0
146 246 1.0
146 266 1.0
146 267 1.0
147 16 1.0
147 18 1.0
147 22 1.0
147 154 1.0
147 162 1.0
147 167 1.0
148 7 1.0
148 23 1.0
148 93 1.0
148 156 1.0
148 183 1.0
148 290 1.0
149 84 1.0
149 91 1.0
149 179 1.0
149 195 1.0
149 224 1.0
150 15 1.0
150 20 1.0
150 80 1.0
150 136 1.0
150 174 1.0
150 273 1.0
151 12 1.0
151 15 1.0
151 18 1.0
151 25 1.0
151 62 1.0
151 134 1.0
151 136 1.0
151 177 1.0
151 259 1.0
151 266 1.0
152 6 1.0
152 144 1.0
152 156 1.0
152 180 1.0
152 193 1.0
152 194 1.0
152 298 1.0
153 16 1.0
153 37 1.0
153 58 1.0
153 121 1.0
153 235 1.0
154 35 1.0
154 58 1.0
155 85 1.0
155 120 1.0
155 157 1.0
155 162 1.0
156 84 1.0
156 127 1.0
156 137 1.0
156 168 1.0
156 208 1.0
157 25 1.0
157 91 1.0
157 100 1.0
157 107 1.0
157 136 1.0
157 181 1.0
157 183 1.0
157 258 1.0
157 262 1.0
158 101 1.0
158 105 1.0
158 124 1.0
158 199 1.0
158 217 1.0
159 13 1.0
159 40 1.0
159 78 1.0
159 79 1.0
159 86 1.0
159 118 1.0
159 210 1.0
160 31 1.0
160 136 1.0
160 154 1.0
160 264 1.0
160 270 1.0
161 30 1.0
161 95 1.0
161 171 1.0
161 229 1.0
161 252 1.0
161 257 1.0
161 266 1.0
162 21 1.0
162 54 1.0
162 92 1.0
162 158 1.0
162 159 1.0
162 171 1.0
162 173 1.0
162 240 1.0
162 250 1.0
163 69 1.0
163 132 1.0
163 206 1.0
163 224 1.0
163 286 1.0
164 97 1.0
164 103 1.0
164 178 1.0
164 207 1.0
164 225 1.0
164 273 1.0
165 13 1.0
165 112 1.0
165 130 1.0
165 156 1.0
165 159 1.0
165 162 1.0
165 183 1.0
165 253 1.0
165 270 1.0
165 282 1.0
166 22 1.0
166 90 1.0
166 123 1.0
166 180 1.0
166 297 1.0
167 6 1.0
167 42 1.0
167 276 1.0
168 9 1.0
168 74 1.0
168 142 1.0
168 155 1.0
168 215 1.0
168 221 1.0
168 245 1.0
169 30 1.0
169 67 1.0
169 105 1.0
169 146 1.0
170 65 1.0
170 95 1.0
170 109 1.0
170 169 1.0
170 196 1.0
170 244 1.0
170 293 1.0
171 115 1.0
171 143 1.0
172 26 1.0
172 96 1.0
172 107 1.0
172 108 1.0
172 118 1.0
172 141 1.0
172 170 1.0
172 200 1.0
173 37 1.0
173 71 1.0
173 144 1.0
173 193 1.0
173 273 1.0
174 13 1.0
174 30 1.0
174 93 1.0
174 150 1.0
174 183 1.0
174 192 1.0
175 0 1.0
175 34 1.0
175 161 1.0
176 27 1.0
176 47 1.0
176 117 1.0
176 134 1.0
176 177 1.0
176 218 1.0
176 227 1.0
176 247 1.0
176 259 1.0
176 268 1.0
177 95 1.0
177 182 1.0
177 203 1.0
178 78 1.0
179 22 1.0
179 23 1.0
179 138 1.0
180 43 1.0
180 57 1.0
180 161 1.0
180 206 1.0
181 12 1.0
181 132 1.0
181 167 1.0
181 174 1.0
181 225 1.0
181 294 1.0
182 17 1.0
182 97 1.0
182 113 1.0
182 121 1.0
182 134 1.0
182 138 1.0
182 268 1.0
183 114 1.0
183 119 1.0
183 133 1.0
183 170 1.0
183 173 1.0
183 264 1.0
184 0 1.0
184 66 1.0
184 72 1.0
184 90 1.0
184 152 1.0
184 161 1.0
184 169 1.0
184 218 1.0
184 272 1.0
185 1 1.0
185 153 1.0
185 164 1.0
185 281 1.0
185 297 1.0
186 88 1.0
186 172 1.0
186 177 1.0
186 270 1.0
187 5 1.0
187 166 1.0
187 192 1.0
188 6 1.0
188 13 1.0
188 71 1.0
188 107 1.0
188 231 1.0
189 2 1.0
189 30 1.0
189 47 1.0
189 175 1.0
189 187 1.0
190 14 1.0
190 95 1.0
190 96 1.0
190 153 1.0
191 11 1.0
191 37 1.0
191 153 1.0
191 154 1.0
191 183 1.0
192 23 1.0
192 181 1.0
192 199 1.0
192 262 1.0
192 290 1.0
193 39 1.0
193 64 1.0
193 91 1.0
193 157 1.0
193 166 1.0
193 191 1.0
193 209 1.0
194 15 1.0
194 22 1.0
194 62 1.0
194 299 1.0
195 2 1.0
195 144 1.0
195 181 1.0
195 292 1.0
196 22 1.0
196 33 1.0
196 43 1.0
196 77 1.0
196 83 1.0
196 145 1.0
196 161 1.0
196 284 1.0
196 290 1.0
196 299 1.0
197 22 1.0
197 43 1.0
197 99 1.0
197 106 1.0
197 122 1.0
197 129 1.0
197 181 1.0
197 218 1.0
197 257 1.0
197 275 1.0
198 22 1.0
198 27 1.0
198 71 1.0
198 73 1.0
198 96 1.0
198 208 1.0
199 16 1.0
199 30 1.0
199 104 1.0
199 138 1.0
200 0 1.0
200 172 1.0
200 224 1.0
201 135 1.0
201 235 1.0
201 239 1.0
201 248 1.0
201 284 1.0
201 295 1.0
202 5 1.0
202 37 1.0
202 54 1.0
202 115 1.0
202 248 1.0
202 270 1.0
203 100 1.0
203 125 1.0
203 177 1.0
203 239 1.0
204 130 1.0
204 131 1.0
204 267 1.0
204 276 1.0
204 278 1.0
205 58 1.0
205 142 1.0
205 214 1.0
205 229 1.0
206 163 1.0
206 180 1.0
206 236 1.0
206 243 1.0
206 269 1.0
207 52 1.0
207 70 1.0
207 164 1.0
208 0 1.0
208 156 1.0
208 198 1.0
208 259 1.0
208 269 1.0
208 285 1.0
209 12 1.0
209 146 1.0
209 193 1.0
209 216 1.0
210 23 1.0
210 37 1.0
210 159 1.0
210 243 1.0
211 13 1.0
211 222 1.0
211 236 1.0
211 244 1.0
211 245 1.0
212 114 1.0
212 226 1.0
212 241 1.0
212 279 1.0
213 46 1.0
213 75 1.0
213 83 1.0
213 238 1.0
213 251 1.0
214 40 1.0
214 117 1.0
214 205 1.0
215 3 1.0
215 9 1.0
215 19 1.0
215 45 1.0
215 58 1.0
215 168 1.0
216 5 1.0
216 43 1.0
216 209 1.0
216 234 1.0
217 19 1.0
217 91 1.0
217 158 1.0
217 218 1.0
217 243 1.0
217 256 1.0
218 36 1.0
218 43 1.0
218 141 1.0
218 176 1.0
218 184 1.0
218 197 1.0
218 217 1.0
218 288 1.0
218 293 1.0
219 11 1.0
219 16 1.0
219 236 1.0
220 8 1.0
220 97 1.0
220 128 1.0
220 136 1.0
220 286 1.0
221 12 1.0
221 30 1.0
221 58 1.0
221 168 1.0
221 239 1.0
221 273 1.0
221 275 1.0
222 8 1.0
222 36 1.0
222 133 1.0
222 211 1.0
222 237 1.0
222 244 1.0
222 279 1.0
222 289 1.0
223 32 1.0
223 121 1.0
223 226 1.0
224 20 1.0
224 53 1.0
224 72 1.0
224 90 1.0
224 128 1.0
224 149 1.0
224 163 1.0
224 200 1.0
224 254 1.0
224 256 1.0
225 4 1.0
225 10 1.0
225 133 1.0
225 164 1.0
225 181 1.0
225 260 1.0
225 297 1.0
226 80 1.0
226 96 1.0
226 212 1.0
226 223 1.0
226 240 1.0
226 254 1.0
226 292 1.0
226 297 1.0
227 3 1.0
227 42 1.0
227 72 1.0
227 176 1.0
227 234 1.0
228 11 1.0
228 18 1.0
228 33 1.0
228 56 1.0
228 234 1.0
228 256 1.0
229 0 1.0
229 74 1.0
229 116 1.0
229 161 1.0
229 205 1.0
230 65 1.0
230 108 1.0
230 140 1.0
230 291 1.0
231 14 1.0
231 32 1.0
231 40 1.0
231 146 1.0
231 188 1.0
232 0 1.0
232 36 1.0
232 40 1.0
232 50 1.0
232 283 1.0
233 0 1.0
233 41 1.0
233 83 1.0
233 130 1.0
234 17 1.0
234 216 1.0
234 227 1.0
234 228 1.0
234 275 1.0
234 298 1.0
235 1 1.0
235 32 1.0
235 33 1.0
235 153 1.0
235 201 1.0
236 32 1.0
236 41 1.0
236 42 1.0
236 64 1.0
236 69 1.0
236 106 1.0
236 206 1.0
236 211 1.0
236 219 1.0
236 288 1.0
237 46 1.0
237 84 1.0
237 222 1.0
237 278 1.0
238 12 1.0
238 22 1.0
238 70 1.0
238 88 1.0
238 213 1.0
239 5 1.0
239 7 1.0
239 201 1.0
239 203 1.0
239 221 1.0
239 265 1.0
239 282 1.0
240 18 1.0
240 128 1.0
240 162 1.0
240 226 1.0
240 283 1.0
240 290 1.0
241 1 1.0
241 17 1.0
241 76 1.0
241 99 1.0
241 212 1.0
241 289 1.0
242 20 1.0
242 64 1.0
242 91 1.0
242 97 1.0
243 129 1.0
243 206 1.0
243 210 1.0
243 217 1.0
243 247 1.0
243 296 1.0
244 30 1.0
244 36 1.0
244 96 1.0
244 170 1.0
244 211 1.0
244 222 1.0
245 168 1.0
245 211 1.0
245 249 1.0
245 272 1.0
246 96 1.0
246 134 1.0
246 146 1.0
246 263 1.0
247 39 1.0
247 48 1.0
247 80 1.0
247 176 1.0
247 243 1.0
247 251 1.0
247 266 1.0
247 272 1.0
248 69 1.0
248 201 1.0
248 202 1.0
249 32 1.0
249 136 1.0
249 245 1.0
250 20 1.0
250 48 1.0
250 162 1.0
250 292 1.0
251 72 1.0
251 213 1.0
251 247 1.0
252 120 1.0
252 161 1.0
252 260 1.0
252 283 1.0
253 27 1.0
253 137 1.0
253 165 1.0
253 275 1.0
253 282 1.0
254 11 1.0
254 143 1.0
254 224 1.0
254 226 1.0
254 274 1.0
254 292 1.0
254 295 1.0
255 19 1.0
255 64 1.0
255 103 1.0
255 287 1.0
256 105 1.0
256 131 1.0
256 217 1.0
256 224 1.0
256 228 1.0
257 16 1.0
257 161 1.0
257 197 1.0
258 129 1.0
258 141 1.0
258 145 1.0
258 157 1.0
259 79 1.0
259 151 1.0
259 176 1.0
259 208 1.0
259 274 1.0
260 93 1.0
260 140 1.0
260 225 1.0
260 252 1.0
260 264 1.0
261 14 1.0
261 82 1.0
261 140 1.0
262 40 1.0
262 47 1.0
262 157 1.0
262 192 1.0
263 129 1.0
263 246 1.0
263 265 1.0
264 160 1.0
264 183 1.0
264 260 1.0
265 106 1.0
265 115 1.0
265 239 1.0
265 263 1.0
266 69 1.0
266 131 1.0
266 136 1.0
266 146 1.0
266 151 1.0
266 161 1.0
266 247 1.0
267 11 1.0
267 76 1.0
267 146 1.0
267 204 1.0
268 39 1.0
268 176 1.0
268 182 1.0
269 0 1.0
269 36 1.0
269 49 1.0
269 117 1.0
269 206 1.0
269 208 1.0
270 29 1.0
270 160 1.0
270 165 1.0
270 186 1.0
270 202 1.0
271 33 1.0
271 50 1.0
271 134 1.0
271 135 1.0
272 104 1.0
272 184 1.0
272 245 1.0
272 247 1.0
273 33 1.0
273 75 1.0
273 107 1.0
273 108 1.0
273 131 1.0
273 150 1.0
273 164 1.0
273 173 1.0
273 221 1.0
273 273 1.0
273 281 1.0
274 104 1.0
274 145 1.0
274 254 1.0
274 259 1.0
275 4 1.0
275 64 1.0
275 65 1.0
275 73 1.0
275 137 1.0
275 197 1.0
275 221 1.0
275 234 1.0
275 253 1.0
275 289 1.0
276 2 1.0
276 78 1.0
276 115 1.0
276 167 1.0
276 204 1.0
277 19 1.0
277 64 1.0
277 97 1.0
277 125 1.0
277 132 1.0
277 143 1.0
278 60 1.0
278 82 1.0
278 204 1.0
278 237 1.0
279 9 1.0
279 78 1.0
279 88 1.0
279 212 1.0
279 222 1.0
279 280 1.0
279 289 1.0
280 98 1.0
280 279 1.0
280 288 1.0
281 35 1.0
281 128 1.0
281 185 1.0
281 273 1.0
282 82 1.0
282 99 1.0
282 108 1.0
282 140 1.0
282 165 1.0
282 239 1.0
282 253 1.0
283 33 1.0
283 60 1.0
283 105 1.0
283 114 1.0
283 232 1.0
283 240 1.0
283 252 1.0
284 36 1.0
284 135 1.0
284 196 1.0
284 201 1.0
285 83 1.0
285 131 1.0
285 208 1.0
286 75 1.0
286 104 1.0
286 163 1.0
286 220 1.0
286 287 1.0
287 58 1.0
287 80 1.0
287 255 1.0
287 286 1.0
288 71 1.0
288 104 1.0
288 218 1.0
288 236 1.0
288 280 1.0
289 126 1.0
289 222 1.0
289 241 1.0
289 275 1.0
289 279 1.0
290 4 1.0
290 35 1.0
290 140 1.0
290 148 1.0
290 192 1.0
290 196 1.0
290 240 1.0
291 98 1.0
291 230 1.0
292 17 1.0
292 32 1.0
292 65 1.0
292 98 1.0
292 195 1.0
292 226 1.0
292 250 1.0
292 254 1.0
293 170 1.0
293 218 1.0
294 1 1.0
294 3 1.0
294 87 1.0
294 134 1.0
294 181 1.0
295 75 1.0
295 102 1.0
295 129 1.0
295 144 1.0
295 201 1.0
295 254 1.0
296 141 1.0
296 243 1.0
297 44 1.0
297 84 1.0
297 166 1.0
297 185 1.0
297 225 1.0
297 226 1.0
298 68 1.0
298 152 1.0
298 234 1.0
298 299 1.0
299 35 1.0
299 136 1.0
299 194 1.0
299 196 1.0
299 298 1.0
