0 43
0 190
0 12
0 181
0 52
0 163
0 148
0 155
0 235
0 121
1 115
1 181
1 288
1 236
1 238
2 114
2 299
2 51
2 104
2 24
2 8
2 122
3 245
3 50
3 106
3 59
3 30
3 246
3 149
3 91
3 175
3 225
3 127
3 167
4 142
4 8
4 200
4 96
4 173
5 85
5 118
5 225
5 190
6 35
6 110
6 279
6 292
6 60
6 166
6 1
6 298
6 272
6 270
6 160
6 46
7 190
7 259
7 122
7 296
8 127
8 239
8 125
8 16
8 48
8 135
8 264
9 23
9 261
9 293
9 268
9 60
9 235
9 134
9 14
9 226
9 138
10 104
10 42
10 79
10 12
10 11
10 242
11 269
11 202
11 277
11 286
11 182
11 121
11 28
11 162
12 136
12 241
12 223
12 19
12 82
12 75
12 299
12 40
12 200
12 62
13 270
13 186
13 188
13 277
13 209
13 240
13 69
14 61
14 229
14 164
14 180
14 132
14 93
14 222
15 59
15 175
15 88
15 72
15 180
15 265
15 51
15 235
15 200
16 184
16 34
16 229
16 283
16 115
16 38
17 32
17 224
17 72
17 236
17 98
17 5
17 71
17 110
17 157
18 95
18 187
18 276
19 102
19 165
19 230
19 68
19 212
19 271
19 180
19 5
20 164
20 289
20 285
20 116
21 139
21 194
21 16
21 229
21 190
21 117
21 150
21 258
21 34
21 76
21 97
21 20
21 161
21 62
21 87
22 55
22 274
22 91
22 144
22 92
22 77
23 18
23 233
23 92
23 268
23 37
23 17
23 52
23 218
23 3
24 221
24 25
24 298
24 299
24 22
24 62
24 11
24 73
25 137
25 104
25 57
25 169
25 177
26 84
26 233
26 53
26 292
26 21
26 262
26 87
27 156
27 3
27 159
27 194
27 51
27 176
27 109
27 178
28 138
28 208
28 161
28 187
28 176
28 35
28 56
28 299
28 230
28 207
28 212
28 82
29 193
29 26
29 240
29 69
29 205
29 237
29 14
29 59
30 187
30 104
30 106
30 158
31 96
31 188
31 113
31 20
31 4
31 78
31 77
31 226
31 289
31 260
32 44
32 273
32 241
32 184
32 256
32 236
32 76
32 138
32 278
32 228
32 47
32 81
32 183
32 189
32 172
33 175
33 219
33 193
33 27
33 54
33 8
33 118
33 233
34 250
34 265
34 261
34 277
35 26
35 20
35 179
35 56
35 99
36 299
36 38
36 18
36 95
36 166
37 13
37 200
37 137
37 216
37 115
37 22
37 14
37 62
37 242
37 64
38 88
38 94
38 46
38 32
38 222
38 114
38 228
38 265
39 266
39 94
39 143
39 148
39 205
39 265
39 76
40 204
40 5
40 102
40 194
40 39
40 69
40 135
41 226
41 254
41 191
41 146
41 299
41 290
41 159
41 160
41 11
41 140
42 36
42 47
42 150
42 240
42 191
43 138
43 64
43 100
43 237
44 149
44 163
44 42
44 283
44 103
44 200
44 27
44 143
45 206
45 149
45 53
45 255
45 25
45 164
45 196
46 57
46 210
46 252
46 112
46 167
46 83
47 247
47 115
47 26
47 211
47 13
47 165
47 33
47 168
48 113
48 245
48 47
48 92
48 152
48 64
48 168
48 71
48 207
48 150
48 241
49 179
49 63
49 172
49 282
49 51
49 250
49 104
49 175
49 137
50 284
50 145
50 78
50 37
50 250
50 213
50 18
50 276
51 44
51 287
51 262
51 59
51 120
51 205
51 166
52 181
52 60
52 142
52 33
52 20
52 131
52 237
52 186
53 134
53 42
53 121
53 153
53 69
53 51
53 291
54 81
54 232
54 242
54 261
54 267
54 125
54 149
55 160
55 46
55 166
55 121
55 79
56 79
56 18
56 78
56 201
56 11
56 161
56 86
56 38
57 278
57 54
57 11
57 289
57 101
57 202
58 115
58 130
58 210
59 237
59 117
59 41
59 52
59 224
59 164
59 85
60 115
60 232
60 213
60 150
60 74
60 119
60 101
60 287
60 222
61 151
61 127
61 92
61 133
61 112
61 167
61 59
61 39
61 145
61 188
61 285
61 241
61 121
62 58
62 174
62 168
62 258
62 155
62 146
62 136
62 207
63 251
63 138
63 59
63 35
63 133
63 39
63 258
63 67
64 183
64 193
64 185
64 267
64 48
64 107
65 126
65 182
65 119
65 287
65 237
65 53
66 262
66 296
66 179
66 203
66 70
66 217
66 49
67 228
67 48
67 80
67 179
68 105
68 286
68 235
68 28
68 121
68 218
68 228
68 189
68 288
69 95
69 49
69 100
69 161
69 261
69 62
69 275
69 208
69 170
70 189
70 214
70 14
70 268
70 7
70 125
70 102
71 227
71 82
71 176
71 67
71 41
71 169
71 61
71 155
72 23
72 216
72 268
72 88
72 107
73 46
73 52
73 149
73 284
73 280
73 215
73 206
73 153
73 43
73 257
74 227
74 119
74 48
74 9
74 241
74 201
75 193
75 152
75 269
75 166
75 203
75 62
75 133
75 253
75 213
75 297
75 16
76 222
76 13
77 211
77 116
77 58
77 139
77 252
77 208
77 237
78 225
78 132
78 117
78 235
78 109
78 56
78 71
78 42
78 159
79 215
79 228
79 289
79 152
80 78
81 127
81 146
81 132
81 244
81 234
81 70
81 0
81 197
82 94
82 20
82 73
82 181
82 127
83 51
83 281
83 167
83 151
83 20
83 195
83 196
84 70
84 250
84 235
84 216
84 243
84 204
84 192
84 215
84 37
85 158
85 204
85 150
85 189
85 79
85 275
85 221
86 251
86 90
86 45
87 211
87 213
87 151
87 172
87 4
87 109
87 228
88 155
88 130
88 114
88 45
88 248
88 239
88 178
88 87
89 60
89 182
89 178
89 141
89 130
89 52
89 294
89 93
89 282
89 34
89 268
89 267
89 213
90 205
90 88
90 35
90 187
91 36
91 260
91 142
91 61
91 33
91 283
91 78
91 96
91 161
91 116
91 118
91 15
92 211
92 128
92 85
92 188
92 299
93 107
93 98
93 169
93 120
93 187
93 293
93 33
93 163
93 173
93 296
93 256
94 70
94 45
94 211
94 213
95 96
95 253
95 135
95 165
95 32
95 130
95 114
95 241
96 146
96 58
96 62
96 112
96 31
96 250
96 168
96 29
96 188
97 15
97 231
97 24
97 292
97 207
97 18
97 237
97 113
97 37
98 189
98 19
98 166
98 134
98 110
98 1
98 59
98 136
98 296
99 42
99 93
99 185
99 270
100 210
100 186
100 238
100 256
100 129
100 209
100 93
100 11
101 196
102 276
102 166
102 47
102 236
102 11
102 291
102 247
102 57
103 23
103 17
103 88
103 131
103 198
103 63
103 29
104 76
104 17
104 87
104 141
104 174
104 106
104 86
104 152
104 270
105 150
105 87
105 256
105 290
105 271
105 73
105 56
105 130
106 129
106 278
106 224
106 191
106 126
106 168
106 70
106 118
106 104
106 121
106 268
106 178
107 127
107 191
107 81
107 236
107 281
107 7
107 179
108 78
108 239
109 73
109 2
109 69
109 220
109 30
109 275
109 281
110 17
110 86
110 98
110 90
110 245
110 251
111 57
111 245
111 60
111 282
111 151
111 249
111 118
112 150
112 21
112 1
112 234
112 35
112 266
112 99
112 239
113 299
113 221
113 195
113 28
113 150
113 250
113 191
114 63
114 186
114 19
114 180
114 201
114 221
114 20
114 289
115 259
115 27
115 5
115 80
115 25
115 194
115 64
115 52
116 85
116 24
116 7
116 267
117 216
117 136
117 85
117 144
117 201
117 268
117 182
118 68
118 162
118 60
118 159
118 18
118 61
118 173
118 62
118 231
118 69
118 229
118 198
119 63
119 193
119 106
119 118
119 89
119 81
120 87
120 238
120 115
120 78
120 154
120 24
120 130
120 36
120 70
121 78
121 211
121 249
121 5
121 128
121 248
121 34
121 293
122 81
122 291
122 251
122 276
122 272
122 46
122 52
122 206
122 280
122 170
123 63
123 54
123 11
123 104
123 91
123 151
123 228
123 227
123 282
123 152
123 230
123 218
123 55
124 84
124 276
124 48
124 285
124 35
124 245
124 93
124 180
124 271
125 256
125 180
125 280
125 229
125 239
125 298
125 255
125 152
126 234
126 163
126 257
126 10
126 62
126 219
126 78
127 36
127 205
127 10
127 13
127 275
127 105
127 30
128 27
128 234
128 0
128 206
128 124
128 98
128 114
128 21
128 93
129 234
129 84
129 20
129 238
129 126
130 111
130 256
130 47
130 41
130 31
130 286
130 192
130 8
131 173
131 232
131 54
131 286
131 80
131 35
132 192
132 53
132 218
132 190
132 62
132 122
132 154
132 24
133 71
133 66
133 153
133 154
133 231
133 298
133 223
134 142
134 228
134 263
134 259
134 215
134 293
134 185
135 124
135 128
135 24
135 115
135 102
135 256
135 127
135 230
136 194
136 216
136 222
136 283
136 195
136 243
136 228
136 256
136 226
136 215
136 280
137 160
137 62
137 225
137 194
137 12
138 78
138 266
138 58
138 18
139 262
139 291
139 255
139 286
139 89
139 193
139 145
139 231
139 153
139 146
139 239
139 73
139 55
139 117
140 125
140 149
140 121
140 199
141 192
141 215
141 79
141 135
141 239
141 2
142 170
142 136
142 255
142 135
142 249
143 8
143 86
143 5
143 29
143 53
144 278
144 142
144 208
144 200
144 256
144 73
144 229
145 221
145 136
145 207
145 149
145 111
146 13
146 221
146 11
146 202
146 170
147 74
147 292
147 14
147 45
148 15
148 285
148 129
148 160
148 25
148 250
148 55
148 33
149 47
149 107
149 128
149 71
149 152
149 56
149 61
149 86
149 292
149 172
149 252
149 148
149 258
149 11
149 16
150 77
150 63
150 221
150 132
150 78
150 265
151 74
151 86
151 31
151 297
152 201
152 263
152 144
152 207
152 43
152 147
152 17
152 239
152 135
152 153
153 175
153 87
153 12
153 4
153 55
153 172
154 155
154 123
154 192
154 27
154 196
154 222
154 199
154 260
154 116
154 287
154 22
154 181
154 43
154 39
154 135
155 215
155 291
155 277
155 284
155 290
155 56
155 195
155 221
155 161
155 107
156 18
156 160
156 46
156 186
156 64
156 268
156 86
156 126
157 195
157 111
157 101
157 90
157 197
157 134
157 295
157 238
157 135
157 277
157 23
157 114
157 233
158 227
158 24
158 107
158 106
158 278
158 243
158 104
159 74
159 71
159 124
159 291
159 294
160 247
160 194
160 123
160 13
160 130
161 299
161 16
161 75
161 1
161 113
162 291
162 186
162 264
163 254
163 291
163 9
163 260
163 85
163 154
163 33
163 292
163 128
163 238
164 215
164 187
164 120
164 76
164 48
164 134
164 290
165 239
165 111
165 60
165 285
165 286
165 260
165 137
166 58
166 223
166 40
166 154
166 167
166 162
166 200
166 42
167 278
167 243
167 137
167 184
168 54
168 162
168 199
168 87
168 172
168 228
168 79
168 86
168 277
169 135
169 216
169 198
170 296
170 7
170 188
170 276
170 115
170 65
170 12
170 232
171 204
171 298
171 2
171 190
171 262
171 164
171 188
171 181
172 43
172 121
172 12
172 216
172 31
172 169
172 201
173 79
173 21
173 238
173 40
173 116
173 262
173 295
173 273
173 156
173 11
173 292
173 143
173 32
173 57
174 228
174 263
174 190
174 86
174 19
174 77
174 6
175 190
175 148
175 154
175 57
175 72
175 146
175 229
176 95
176 280
176 55
176 121
176 247
177 226
177 239
177 252
177 186
177 233
178 74
178 99
178 155
178 162
178 217
178 119
178 129
178 116
178 78
178 277
178 293
178 151
178 227
178 89
179 94
179 192
180 268
180 256
180 252
180 101
180 6
181 298
181 3
181 48
181 140
181 216
181 101
182 168
182 155
182 28
182 218
182 178
183 55
183 203
183 159
183 116
183 63
183 186
183 193
183 254
184 210
184 187
184 61
184 24
184 1
184 260
184 70
185 261
185 262
185 39
185 208
185 176
185 254
185 83
186 104
186 98
186 62
186 54
186 195
186 40
186 280
186 52
186 164
187 163
187 25
187 212
187 229
187 175
187 272
187 46
187 92
187 197
187 166
187 55
187 42
188 80
188 247
188 173
188 49
188 6
188 2
189 199
189 196
189 217
189 211
189 241
189 119
189 234
189 233
190 138
190 184
190 102
190 135
190 167
190 168
190 247
191 258
191 96
191 273
191 39
191 190
192 289
192 265
192 148
192 220
192 274
192 231
192 199
192 249
192 130
192 215
192 74
192 298
193 191
193 229
193 227
193 20
193 209
194 249
194 43
194 48
194 211
194 252
194 263
195 6
195 112
195 236
195 126
195 161
195 286
195 198
195 164
195 228
195 62
196 186
196 184
196 299
196 204
196 153
196 238
196 289
196 53
197 49
197 100
197 250
197 149
197 161
197 271
198 234
198 238
198 187
198 132
198 153
198 299
199 256
199 63
199 0
199 230
199 262
199 285
199 288
199 178
199 115
199 97
199 36
199 50
199 9
200 246
200 262
200 266
200 109
200 21
200 253
200 261
200 247
201 225
201 205
201 272
201 42
201 190
202 88
202 62
202 74
202 33
202 231
202 150
203 263
203 147
203 56
203 215
203 164
204 21
204 229
204 297
205 123
205 154
206 55
206 25
206 184
206 264
206 238
206 205
206 45
206 93
207 270
207 100
207 53
207 190
207 283
207 3
207 148
208 150
208 283
208 292
208 0
208 29
208 219
208 132
208 73
209 61
209 240
209 71
209 252
209 276
209 263
209 123
209 170
210 173
210 275
210 237
210 27
210 199
211 101
211 186
211 153
211 150
211 56
211 248
211 73
211 209
212 172
212 289
212 291
213 134
213 135
213 123
213 77
214 36
214 145
214 259
214 6
214 171
215 286
215 235
215 153
215 31
215 22
216 146
216 284
216 147
216 49
216 276
216 194
217 296
217 62
217 112
217 21
217 209
217 292
217 80
217 264
218 181
218 169
218 166
218 253
218 99
218 43
219 253
219 17
219 29
220 144
220 147
220 141
220 40
220 121
220 85
221 185
221 159
221 144
222 295
222 136
222 27
222 49
222 6
222 193
223 238
223 105
223 175
223 139
223 11
223 12
223 75
223 123
223 24
224 296
224 61
224 78
224 63
224 65
225 28
225 293
225 161
225 217
225 242
225 37
225 149
225 220
225 8
226 282
226 122
226 286
226 146
226 39
226 258
226 216
226 64
226 293
226 202
227 152
227 229
227 237
227 159
227 149
227 21
227 17
227 181
227 113
227 103
228 85
228 120
228 293
228 149
228 197
229 45
229 171
229 51
229 274
229 249
229 210
229 200
229 81
229 288
229 202
229 119
229 185
230 119
230 258
230 51
230 3
230 160
230 46
230 53
231 202
231 88
231 196
231 35
231 192
231 272
232 125
232 55
232 203
232 168
232 271
232 222
232 52
232 130
233 73
233 265
233 134
233 50
233 116
234 299
234 171
234 51
234 53
235 178
235 29
235 239
235 132
235 125
235 151
235 42
235 272
235 240
235 226
236 139
236 52
236 72
236 202
236 120
237 224
237 10
237 262
237 110
237 261
238 211
238 50
238 13
238 28
238 179
238 239
238 281
238 14
239 200
239 284
239 128
239 282
239 189
239 286
240 41
240 208
240 276
240 47
240 105
240 204
240 250
240 63
240 33
241 68
241 149
241 235
241 280
241 186
241 4
242 145
242 61
242 7
242 100
242 173
243 14
243 222
244 232
244 119
244 35
244 237
244 7
244 282
244 228
244 122
244 44
245 120
245 162
245 185
245 104
245 91
245 22
245 177
245 14
246 77
246 17
246 254
246 161
246 236
246 86
247 283
247 217
247 216
247 175
247 132
247 151
247 157
248 268
248 147
248 48
248 36
248 179
248 89
248 214
248 284
248 153
248 159
248 140
249 46
249 201
249 161
249 127
250 14
250 22
250 191
250 79
250 164
250 59
250 58
251 47
251 293
251 23
251 15
252 134
252 102
252 46
252 42
252 170
252 87
252 53
253 116
253 233
253 88
253 258
253 216
253 78
253 80
254 9
254 41
255 31
255 169
255 208
255 193
255 128
255 54
255 132
255 20
255 146
255 25
255 86
256 240
256 272
256 159
256 119
256 45
256 137
257 121
257 19
257 266
257 182
258 181
258 105
258 74
258 158
258 22
259 178
259 120
259 91
259 94
259 79
259 213
259 248
259 194
259 229
260 99
260 292
261 106
261 85
261 54
261 95
261 251
262 15
262 76
262 163
262 164
262 152
262 207
262 102
263 236
263 14
263 0
263 257
263 197
263 142
263 150
263 67
263 222
264 160
264 231
264 210
264 129
264 201
264 106
264 216
265 104
265 279
265 296
265 32
265 218
265 87
265 159
265 245
265 41
265 102
266 15
266 86
266 87
266 92
266 3
266 145
266 109
267 248
267 120
267 73
267 174
267 116
267 81
268 287
268 55
268 291
269 114
269 113
269 280
269 258
269 135
269 251
269 127
269 271
269 279
269 134
269 214
269 298
269 133
270 72
270 48
270 15
270 296
270 14
270 41
271 88
271 24
271 216
271 22
271 89
271 247
271 23
272 175
272 198
272 249
272 216
272 195
272 21
272 283
273 209
273 140
273 101
273 164
273 28
273 73
273 175
274 222
274 70
274 100
274 88
274 84
274 8
274 2
275 266
275 241
275 194
275 113
275 188
275 26
275 109
275 63
275 18
275 296
275 186
276 133
276 179
276 99
276 59
276 60
276 159
277 165
277 46
277 11
277 43
277 65
277 75
277 205
277 235
278 12
278 185
278 94
278 56
278 219
279 225
279 193
279 43
279 299
279 188
279 174
279 298
280 117
280 26
280 247
280 277
280 105
280 69
280 275
280 286
280 37
281 285
281 17
281 117
281 230
281 219
282 113
282 167
282 237
282 192
282 239
282 102
283 103
283 294
283 191
283 280
283 19
283 89
283 18
284 11
284 16
284 50
284 167
284 54
284 240
285 80
285 64
286 19
286 111
286 44
286 196
286 263
286 144
286 283
287 57
287 191
287 281
287 92
287 222
287 54
287 155
287 282
287 269
287 273
287 21
287 9
287 65
287 210
287 166
288 136
288 249
288 6
288 236
288 11
288 7
288 54
288 96
289 157
289 136
289 73
289 288
289 59
290 206
290 142
290 230
290 250
290 201
291 262
291 37
291 165
291 10
291 220
291 17
291 146
292 25
292 90
292 183
292 78
292 280
292 247
293 54
293 37
293 296
293 236
293 94
293 152
294 126
294 154
294 77
294 186
294 92
294 28
295 91
295 18
295 71
295 188
295 11
295 108
295 128
296 165
296 22
296 61
296 268
296 102
296 267
296 277
297 63
297 218
297 108
297 279
297 288
297 206
297 158
298 275
298 7
298 30
298 110
298 70
298 181
298 183
298 73
298 213
298 21
298 220
298 244
298 202
299 92
299 169
299 138
299 157
299 250
299 255
299 82
299 26
