0 85
0 22
0 82
0 206
0 1
1 103
1 180
1 278
1 261
1 128
1 212
1 222
1 174
1 200
1 277
2 175
2 151
2 169
2 27
2 171
2 291
2 219
2 50
2 206
3 246
3 249
3 231
3 155
3 15
3 62
4 105
4 113
4 13
4 169
4 29
4 197
4 235
4 54
5 120
5 55
5 105
5 158
5 252
6 188
6 74
6 69
6 119
6 201
6 274
6 129
6 107
6 2
6 186
6 81
6 49
7 241
7 158
7 20
7 239
7 209
7 118
7 101
7 135
8 224
8 223
8 149
8 160
8 134
8 240
8 69
8 248
8 56
8 100
8 158
8 148
9 149
9 271
9 119
9 200
9 267
9 231
9 30
9 40
9 173
10 106
10 202
10 115
10 94
10 187
10 243
10 34
11 201
11 64
11 178
11 207
11 131
11 135
11 42
11 67
11 57
11 262
12 192
12 99
12 151
12 215
12 276
12 290
12 233
12 35
12 121
13 220
13 184
13 81
13 159
13 25
13 8
13 200
13 5
13 139
13 117
13 151
14 156
14 17
14 190
14 153
14 24
14 267
14 256
14 29
14 197
14 269
14 185
14 203
15 156
15 12
15 209
15 123
15 230
15 98
15 180
15 16
16 169
16 173
16 83
16 122
16 46
16 70
16 282
17 232
17 261
17 171
17 135
17 101
17 288
18 184
18 284
18 170
18 171
18 183
18 193
18 277
19 266
19 292
19 1
19 101
19 53
19 262
19 149
19 78
19 17
20 166
20 60
20 116
20 49
20 273
20 127
20 275
20 136
20 59
21 19
21 17
21 268
21 206
21 12
21 190
21 193
21 41
21 81
21 122
21 92
21 98
21 181
21 86
21 249
22 69
22 78
22 220
22 93
22 9
22 89
22 192
22 159
22 202
22 13
22 210
22 188
22 18
22 218
22 64
23 97
23 223
23 13
23 52
23 120
23 252
23 82
23 206
23 211
23 81
23 48
23 143
23 185
24 201
24 161
24 108
24 106
24 85
25 36
25 286
25 113
25 29
25 226
25 77
25 41
25 46
25 80
26 180
26 24
26 187
26 276
26 150
26 296
26 219
26 105
26 128
27 282
27 4
27 114
27 147
27 146
27 154
27 89
27 1
27 142
27 213
27 287
28 148
28 74
28 178
28 55
28 185
28 30
28 4
28 219
28 289
28 46
28 286
28 113
28 268
28 153
29 118
29 104
29 201
29 22
29 19
29 27
29 6
29 76
29 225
29 215
29 102
30 233
30 32
30 63
30 172
30 100
30 228
30 22
30 104
31 132
31 149
31 145
31 126
31 133
31 218
31 254
31 205
31 164
31 115
31 18
32 288
32 171
32 236
32 42
32 199
32 58
32 64
32 127
32 165
32 149
33 29
33 141
33 71
33 53
33 123
33 30
33 183
33 42
34 267
34 162
34 228
34 85
34 225
34 201
34 288
34 204
34 106
34 25
34 124
34 249
34 291
34 136
34 36
35 268
35 86
35 247
35 65
35 48
35 271
36 246
36 71
36 85
36 20
36 4
36 197
36 209
36 165
36 240
36 189
36 50
37 41
37 149
37 264
37 66
37 235
37 231
37 250
38 20
38 183
38 52
38 262
38 260
38 151
38 143
38 8
38 16
38 5
39 185
39 281
39 106
39 91
39 77
39 259
39 117
39 87
39 297
39 65
39 236
39 112
40 121
40 30
40 23
40 67
40 68
40 75
40 18
40 37
41 98
41 255
41 136
41 75
41 205
41 94
41 132
41 161
41 166
42 150
42 107
42 242
42 93
42 244
42 292
43 241
43 13
43 256
43 292
43 101
44 104
44 190
44 24
45 212
45 11
45 237
45 227
46 64
46 45
46 155
46 52
46 296
46 272
46 74
46 203
46 168
46 31
46 107
46 284
47 34
47 2
47 60
47 219
47 206
47 71
47 37
47 171
47 241
47 73
47 38
47 212
47 207
47 22
48 147
48 140
48 126
48 10
48 228
49 112
49 134
49 168
49 107
49 294
49 152
50 100
50 42
50 251
50 7
50 177
50 151
50 298
50 95
50 84
50 86
51 99
51 166
51 197
51 293
51 221
51 28
52 211
52 152
52 5
52 187
52 96
52 64
52 23
52 126
52 70
53 109
53 206
53 181
53 149
53 142
53 223
53 172
53 104
53 68
53 22
53 21
54 66
54 285
54 36
54 286
54 62
54 46
54 224
55 59
55 58
55 56
55 222
55 100
55 263
55 5
55 180
55 16
56 237
56 183
56 266
56 293
56 276
56 240
56 298
56 7
56 209
57 137
57 250
57 45
57 49
57 51
57 111
57 209
57 190
57 101
57 276
57 157
57 245
57 7
58 102
58 215
58 79
58 30
58 48
58 140
58 237
58 31
58 6
58 160
59 86
59 163
59 267
59 244
59 180
59 49
60 178
60 35
60 191
60 53
60 114
60 29
60 274
60 230
60 276
61 13
61 289
61 50
61 101
61 178
61 78
61 17
61 32
61 150
61 205
62 183
62 167
62 70
62 187
62 134
62 236
62 130
62 262
63 149
63 105
63 57
63 53
63 186
63 173
63 134
63 165
63 161
63 41
63 126
63 99
64 127
64 293
64 235
64 79
64 23
64 281
64 238
64 225
64 138
64 195
64 299
64 234
64 84
65 249
65 178
65 22
65 201
65 115
65 75
65 224
65 210
65 206
66 162
66 111
66 152
66 16
66 229
66 30
66 132
66 11
66 187
66 198
67 118
67 53
67 145
67 111
67 243
67 141
67 83
67 106
68 114
68 292
68 207
68 268
68 125
68 161
68 294
68 38
68 145
68 24
68 178
68 103
69 224
69 204
69 167
69 67
70 85
70 159
70 158
70 100
70 59
70 77
70 140
71 35
71 99
71 255
71 140
72 284
72 14
72 260
72 285
73 174
73 114
73 151
73 41
73 149
73 44
73 216
73 78
73 82
73 285
73 179
73 188
74 131
74 148
74 153
74 129
74 200
74 155
74 103
74 271
74 287
74 65
75 271
75 14
75 138
75 128
75 18
75 29
76 269
76 135
76 249
76 25
76 224
76 146
76 263
76 231
76 248
76 293
76 54
77 8
77 175
77 120
77 18
77 122
77 271
77 69
77 261
77 1
78 281
78 77
78 39
78 164
78 187
78 196
78 293
79 13
79 158
79 216
79 217
79 11
79 130
80 90
80 32
80 190
80 55
80 41
80 236
80 29
80 74
81 247
81 68
81 77
81 273
81 32
81 125
81 216
81 271
82 55
82 178
82 20
82 258
82 79
82 162
82 54
82 107
82 141
82 35
82 187
82 168
83 164
83 26
83 33
83 238
83 58
83 4
83 143
83 50
83 268
83 172
83 227
83 51
84 218
84 290
84 178
84 66
84 217
84 155
84 141
84 170
84 75
85 31
85 287
85 41
85 69
85 123
85 203
86 186
86 52
86 115
86 95
86 50
86 234
86 297
86 291
86 227
87 147
87 233
87 228
87 201
87 127
87 71
87 270
87 175
87 269
87 148
88 232
88 216
88 152
88 97
88 287
88 21
88 60
88 57
88 198
89 234
89 186
89 224
90 101
90 163
90 21
90 121
90 227
90 230
91 249
91 119
91 27
91 66
91 194
91 61
91 57
91 211
91 290
92 174
92 135
93 283
93 208
94 172
94 36
94 119
94 103
94 264
94 283
94 109
94 53
94 169
94 250
94 138
95 261
95 153
95 206
95 263
96 171
96 157
96 214
96 159
96 56
96 103
97 61
97 5
97 262
97 22
97 92
98 29
98 119
98 248
98 106
98 299
98 153
98 205
98 264
99 112
99 3
99 58
99 138
99 221
99 280
100 82
100 6
100 218
100 117
100 23
100 130
101 77
101 286
101 36
101 14
101 191
102 11
102 15
102 130
102 9
102 86
102 62
102 112
102 134
102 143
103 51
103 36
103 92
103 81
103 159
103 214
104 150
104 113
104 14
104 187
104 203
104 201
104 296
105 43
105 148
106 274
106 100
106 89
106 289
106 292
106 263
106 90
106 163
106 9
106 249
107 233
107 216
107 187
107 121
107 142
107 70
107 98
107 92
107 117
108 158
108 86
108 115
108 254
108 195
108 177
108 231
108 197
108 280
109 2
109 53
109 154
109 74
109 288
109 164
109 186
109 235
109 76
110 251
110 287
110 270
110 87
110 14
111 99
111 232
111 171
111 35
111 275
111 142
111 237
111 231
112 264
112 149
112 286
112 79
113 208
113 86
113 167
113 89
113 132
113 121
113 217
113 163
113 40
113 150
114 108
114 252
114 29
114 236
114 103
114 166
114 68
114 206
115 0
115 10
115 106
115 197
115 184
116 298
116 241
116 165
116 244
116 173
116 253
116 278
116 152
116 242
117 296
117 146
117 217
117 110
117 24
117 187
117 64
117 75
117 111
118 55
118 17
118 87
118 288
118 71
118 93
118 140
118 110
118 236
118 217
119 85
119 278
119 65
119 102
119 233
120 298
120 286
120 216
120 7
120 115
120 295
120 161
120 149
120 184
120 217
120 88
120 140
120 36
120 106
121 228
121 82
121 163
121 268
121 114
121 81
121 29
121 61
121 291
121 137
122 190
122 75
122 215
122 101
122 211
122 287
122 141
122 30
122 140
122 100
123 18
123 97
123 129
123 233
123 49
123 47
123 146
123 256
123 285
124 278
124 215
124 213
124 253
124 152
124 10
124 14
124 38
125 282
125 114
125 47
125 211
125 99
125 247
125 111
126 76
126 181
126 62
126 63
126 219
126 256
126 211
126 262
127 117
127 233
127 67
127 152
127 258
127 192
127 63
128 255
129 216
129 218
129 248
129 261
129 199
129 42
129 108
129 87
129 272
129 245
129 0
129 14
129 207
130 263
130 88
130 53
130 70
130 168
130 219
130 207
130 237
130 105
131 165
131 196
131 188
131 129
131 0
131 63
131 12
131 77
131 231
131 183
131 14
131 227
131 287
131 226
131 133
131 291
131 278
131 144
131 244
132 299
132 65
132 41
132 219
132 120
132 61
132 207
133 225
133 109
133 11
133 208
133 246
133 249
133 121
133 106
133 24
133 71
133 98
133 86
133 165
134 206
134 291
134 205
134 53
134 159
134 270
134 10
135 97
135 160
135 256
135 266
135 236
135 188
136 27
136 176
136 298
136 183
136 41
136 197
136 204
137 251
137 41
137 265
137 136
137 22
137 81
137 296
137 192
137 13
138 212
138 42
138 262
138 283
138 299
138 253
139 294
139 284
139 70
139 33
139 158
139 74
139 228
139 31
140 223
140 156
140 32
140 209
141 135
141 153
141 252
141 29
141 82
141 32
141 219
141 78
141 148
142 232
142 151
142 140
142 1
142 276
142 143
142 30
142 62
143 238
143 115
143 262
143 38
143 150
143 110
143 246
143 157
143 42
143 125
143 206
143 252
144 48
144 243
144 9
144 253
144 70
145 42
145 83
145 177
145 254
146 180
146 27
146 283
146 287
147 287
147 243
147 148
147 269
147 193
147 231
147 22
147 261
147 35
148 257
148 4
148 19
148 37
148 266
148 100
148 189
148 70
148 298
148 235
148 285
148 287
149 234
149 138
149 112
149 96
149 240
150 101
150 260
150 70
150 54
150 58
150 3
151 168
151 79
151 291
151 18
151 3
151 237
151 34
151 164
152 167
152 183
152 292
152 26
152 125
152 39
152 237
152 209
152 79
152 271
152 289
153 22
153 166
153 9
153 133
153 48
153 191
153 293
153 124
153 136
154 148
154 249
154 252
154 291
154 143
154 225
154 146
154 121
155 108
155 162
155 148
155 174
155 184
155 249
155 49
155 231
156 84
156 270
156 136
156 86
156 9
156 114
156 278
157 75
157 28
157 127
157 183
157 96
157 215
157 216
158 106
158 75
158 119
158 205
158 104
158 208
158 142
158 173
158 31
158 212
158 124
159 282
159 43
159 199
159 175
159 174
159 32
159 134
159 137
159 10
159 90
159 88
159 115
160 211
160 69
160 143
160 124
160 73
160 120
160 136
160 85
161 2
161 218
161 3
161 137
161 153
161 99
161 260
161 291
162 223
162 190
162 135
162 273
162 277
162 208
162 49
162 134
162 239
162 222
163 165
163 116
163 188
163 94
163 152
163 145
163 6
163 123
163 112
164 296
164 6
164 213
164 268
164 159
164 48
164 191
165 100
165 71
165 197
165 1
165 42
165 272
165 294
165 43
165 259
165 58
165 207
166 228
166 279
166 18
167 175
167 94
167 228
167 182
167 195
167 119
167 35
167 267
168 135
168 107
168 5
168 85
168 179
168 38
168 96
168 217
168 276
168 264
169 189
169 47
169 137
169 232
169 122
169 260
169 2
169 148
169 228
169 88
169 127
169 120
170 136
170 226
170 77
170 5
170 35
170 239
170 272
170 149
170 6
170 20
171 33
171 292
171 118
171 161
171 101
171 174
171 73
171 163
171 22
171 15
172 109
172 211
172 285
172 38
172 145
172 13
172 250
173 189
173 292
173 36
173 264
173 150
173 73
173 177
173 219
173 245
173 242
173 163
173 263
173 239
173 233
174 203
174 10
174 178
174 236
174 87
174 16
174 279
174 172
174 284
174 137
174 122
174 208
174 6
174 152
174 138
175 151
175 242
175 201
175 79
175 24
175 222
175 170
175 56
176 150
176 17
177 85
177 174
177 61
177 121
177 284
177 145
177 3
178 106
178 73
178 19
178 189
178 35
178 210
178 192
178 32
178 27
178 20
179 20
179 135
179 113
179 105
179 123
179 152
179 114
180 289
180 88
180 97
180 45
180 72
180 98
180 114
180 8
180 208
181 113
181 118
181 222
181 210
181 237
181 283
182 79
182 81
182 282
182 89
182 287
182 251
182 70
182 120
182 208
183 108
183 21
183 117
183 168
183 109
183 220
183 281
183 41
183 186
184 297
184 133
184 220
184 210
184 124
184 228
184 33
184 46
185 201
185 217
185 261
185 10
185 40
185 235
185 280
185 38
186 67
186 220
186 155
186 188
186 126
186 295
187 210
187 146
187 126
187 260
187 209
187 250
187 13
188 273
188 172
189 105
189 217
189 281
189 289
189 203
189 198
190 52
190 253
190 220
190 139
190 1
190 58
190 204
190 227
190 242
190 200
190 96
191 183
191 24
191 75
191 175
191 100
192 100
192 38
192 153
192 19
192 72
192 254
192 43
193 149
193 114
193 184
193 79
193 136
193 109
193 256
193 61
193 152
193 112
193 125
194 122
194 295
194 293
194 226
194 211
194 251
194 123
194 290
194 128
194 203
194 255
194 69
195 269
195 83
195 228
195 249
195 206
195 84
195 56
195 297
195 201
195 180
195 229
195 35
195 184
195 223
195 288
195 183
195 272
195 3
195 259
196 292
196 132
196 248
196 233
196 161
196 202
196 144
196 217
197 30
197 245
197 91
197 217
197 108
197 20
197 273
197 118
197 231
197 102
197 205
197 145
197 232
198 248
198 238
198 181
198 32
198 159
198 292
198 162
198 261
198 230
198 265
198 23
199 11
199 4
199 138
199 129
199 228
199 23
199 192
199 276
199 50
199 108
200 136
200 266
200 134
200 236
200 81
200 42
200 225
201 28
201 284
201 119
201 232
201 39
201 125
202 207
202 221
202 182
202 107
202 213
202 76
202 34
202 31
203 274
203 137
203 103
203 291
203 81
204 172
205 57
205 248
205 62
205 1
205 130
206 169
206 119
206 191
206 49
206 236
206 203
206 24
207 52
207 276
207 268
207 208
207 34
207 142
207 291
207 163
207 106
208 290
208 259
208 5
208 49
208 297
208 224
208 7
208 226
208 112
208 239
209 155
209 230
209 38
209 201
209 158
209 223
209 267
209 190
209 290
209 220
210 207
210 63
210 240
210 279
210 269
210 148
210 10
210 253
211 28
211 55
211 35
211 175
211 17
211 296
211 129
211 43
212 258
212 40
212 153
212 49
212 141
212 39
212 61
212 114
212 209
212 225
212 121
213 46
213 274
213 8
213 142
213 75
213 169
213 299
213 282
213 248
213 131
214 26
214 88
214 196
214 71
214 127
214 80
214 167
215 82
215 136
215 178
215 185
215 247
216 244
216 289
216 12
216 236
216 229
216 206
216 87
216 106
217 110
217 52
217 135
217 236
217 149
217 85
217 38
218 243
218 226
218 38
218 75
218 228
219 117
219 6
219 287
219 92
219 229
219 275
219 244
219 29
219 121
219 179
219 276
219 172
219 16
219 120
220 169
220 189
220 69
220 28
220 85
220 255
220 135
221 148
221 60
221 129
221 72
221 90
221 296
221 269
221 41
221 123
222 159
222 228
222 226
222 66
222 211
222 295
222 59
222 93
222 287
222 178
222 112
223 30
223 140
223 154
223 189
223 142
223 191
223 14
223 1
223 53
223 35
223 110
223 180
223 218
223 258
223 24
224 208
224 275
224 73
224 291
224 251
225 168
225 135
225 180
225 116
225 32
225 186
225 205
225 17
225 253
225 143
225 159
225 287
225 127
225 152
225 28
226 42
226 183
226 43
226 192
226 85
226 92
226 293
227 203
227 109
227 240
227 159
227 142
228 183
228 69
228 122
228 257
228 211
228 260
228 71
228 191
228 11
228 230
228 165
228 145
229 242
229 105
229 271
229 51
229 223
230 134
230 5
230 256
230 220
230 77
230 4
230 297
230 63
230 265
230 198
231 151
231 16
231 61
231 196
231 239
231 76
231 134
231 123
231 177
232 163
232 260
232 91
232 263
232 255
232 224
232 31
232 59
233 286
233 104
233 191
233 146
233 186
233 177
233 50
233 165
233 229
234 33
234 268
234 207
234 132
235 215
235 94
235 89
235 46
235 149
236 275
236 106
236 126
236 290
236 151
236 239
236 198
236 190
236 299
236 20
236 264
236 108
236 67
237 253
237 93
237 135
237 49
237 132
237 112
238 282
238 199
238 75
238 170
238 125
238 150
238 252
239 48
239 256
239 243
239 171
239 0
239 247
239 6
239 139
239 215
239 197
240 236
240 294
240 191
240 270
240 156
240 168
240 110
240 61
240 35
241 208
241 297
241 68
241 149
241 139
241 197
241 109
241 174
241 278
241 280
241 98
242 102
242 178
242 86
242 212
243 113
243 273
243 5
243 13
243 221
243 30
243 78
243 85
243 280
243 33
243 246
244 167
244 171
244 106
244 6
244 166
244 135
244 282
244 5
244 165
244 33
245 173
245 196
245 160
245 7
246 177
246 274
246 87
246 283
246 40
246 250
246 165
246 238
246 230
246 161
247 103
247 117
247 94
247 246
247 179
247 140
247 31
247 16
247 88
247 167
247 253
247 97
248 74
248 175
248 45
248 243
248 260
248 167
248 101
248 130
248 131
248 57
248 71
248 80
248 115
248 85
248 135
248 280
248 20
249 153
249 274
249 141
249 198
249 16
249 229
249 145
249 228
249 42
250 161
250 156
250 43
250 190
250 122
250 296
250 225
250 91
250 34
250 285
251 125
251 143
251 282
251 259
251 122
251 141
252 165
252 237
252 34
252 209
252 262
252 125
252 210
252 148
252 197
252 242
252 56
252 299
253 148
253 217
253 105
253 78
253 249
253 88
253 129
253 23
253 101
254 241
254 135
254 105
254 115
254 3
254 176
254 21
255 74
255 52
255 155
255 22
255 146
255 0
255 3
255 188
256 189
256 260
256 177
256 152
256 182
257 242
257 9
257 81
257 138
258 289
258 21
258 121
258 96
258 169
258 217
258 148
259 97
259 198
259 196
259 252
259 116
259 120
259 44
259 285
259 162
259 2
260 159
260 141
260 50
260 134
260 85
260 273
261 5
261 59
261 222
261 38
261 66
261 244
261 117
261 148
261 70
262 134
262 152
262 39
262 139
262 119
262 21
262 106
262 218
263 286
263 86
263 292
263 248
263 131
263 288
263 206
264 268
264 92
264 20
264 176
264 238
264 210
264 110
265 196
265 138
265 37
265 192
265 260
265 278
265 15
265 233
266 42
266 28
266 114
266 196
266 110
266 7
266 208
266 234
266 29
266 156
266 125
266 215
266 248
266 217
266 257
267 172
267 207
267 152
267 256
267 161
267 97
267 119
268 276
268 258
268 275
268 97
268 219
268 224
268 88
269 84
269 264
269 93
269 222
269 286
269 16
269 81
269 160
269 129
269 73
269 76
269 188
270 57
270 111
270 129
270 33
270 72
270 278
270 178
271 269
271 4
271 214
271 250
271 296
271 39
271 145
272 162
272 128
272 94
272 220
273 41
273 74
273 260
273 84
273 128
273 14
273 208
273 241
273 285
274 10
274 251
274 63
274 91
274 299
274 181
274 86
274 30
275 207
275 1
275 153
275 140
275 262
276 13
276 290
276 11
276 246
276 177
276 36
276 58
276 105
276 221
277 15
277 12
277 71
277 122
278 238
278 105
278 228
278 284
278 298
278 52
278 178
278 20
278 198
279 93
279 298
279 219
279 121
279 201
279 11
279 265
279 195
279 86
279 217
280 203
280 81
280 31
280 285
280 17
280 46
280 157
280 174
280 19
281 209
281 181
281 173
281 86
281 139
281 280
281 75
281 23
281 73
282 220
282 267
282 44
282 93
282 214
282 240
282 232
282 260
282 197
282 14
282 152
282 233
282 125
283 45
283 103
283 251
283 221
283 42
284 238
284 6
284 8
284 270
284 109
284 105
284 139
284 69
284 170
284 116
285 277
285 181
285 114
285 79
285 122
285 172
285 116
286 281
286 74
286 251
286 266
286 277
286 184
286 263
286 294
287 291
287 163
287 89
288 221
288 154
288 296
288 244
288 264
288 226
288 256
289 229
289 274
289 37
289 101
289 109
289 140
289 271
289 153
289 2
290 184
290 259
290 228
290 76
290 162
290 27
290 8
291 270
291 188
291 106
291 191
291 90
291 13
291 55
291 145
291 52
291 246
291 7
292 116
292 276
292 97
292 210
292 211
292 72
292 108
292 184
292 98
293 60
293 64
293 118
293 129
293 29
293 36
293 294
294 63
294 208
295 150
295 72
295 81
295 29
295 166
295 258
295 275
295 95
295 265
295 0
296 225
296 274
296 112
296 255
296 125
296 168
296 237
296 62
297 139
297 81
297 78
297 165
297 11
297 133
297 12
297 213
298 131
298 245
298 218
298 48
298 250
298 64
298 122
298 15
298 213
298 106
299 111
299 202
