0 130 1.0
0 158 1.0
0 190 1.0
0 227 1.0
0 244 1.0
0 291 1.0
1 50 1.0
1 73 1.0
1 103 1.0
1 110 1.0
1 122 1.0
1 128 1.0
1 142 1.0
2 61 1.0
2 110 1.0
2 128 1.0
2 137 1.0
2 178 1.0
2 181 1.0
2 189 1.0
3 108 1.0
3 208 1.0
3 234 1.0
4 128 1.0
4 147 1.0
4 175 1.0
4 205 1.0
4 276 1.0
5 20 1.0
5 150 1.0
5 175 1.0
5 221 1.0
5 224 1.0
5 280 1.0
6 52 1.0
6 59 1.0
6 173 1.0
7 218 1.0
8 103 1.0
9 91 1.0
9 267 1.0
9 291 1.0
9 296 1.0
10 8 1.0
10 21 1.0
10 130 1.0
10 153 1.0
10 199 1.0
10 203 1.0
10 204 1.0
11 40 1.0
11 107 1.0
11 171 1.0
11 174 1.0
11 299 1.0
12 185 1.0
12 190 1.0
13 54 1.0
13 150 1.0
13 248 1.0
14 30 1.0
14 42 1.0
14 83 1.0
14 99 1.0
14 198 1.0
14 274 1.0
15 145 1.0
15 230 1.0
16 119 1.0
16 122 1.0
16 128 1.0
16 284 1.0
16 295 1.0
17 113 1.0
17 219 1.0
17 242 1.0
18 73 1.0
18 115 1.0
19 37 1.0
19 67 1.0
19 69 1.0
19 99 1.0
19 163 1.0
19 214 1.0
19 237 1.0
20 10 1.0
20 103 1.0
20 134 1.0
20 225 1.0
20 243 1.0
20 256 1.0
21 4 1.0
21 10 1.0
21 32 1.0
21 233 1.0
22 23 1.0
23 68 1.0
23 108 1.0
23 113 1.0
23 172 1.0
23 252 1.0
23 272 1.0
23 291 1.0
24 38 1.0
24 90 1.0
24 269 1.0
25 38 1.0
25 85 1.0
25 156 1.0
25 188 1.0
25 237 1.0
25 238 1.0
25 298 1.0
26 5 1.0
26 10 1.0
26 165 1.0
26 208 1.0
26 210 1.0
27 15 1.0
27 130 1.0
27 133 1.0
28 79 1.0
28 121 1.0
28 197 1.0
29 39 1.0
29 66 1.0
29 88 1.0
29 170 1.0
29 243 1.0
30 1 1.0
30 57 1.0
30 116 1.0
30 180 1.0
30 272 1.0
31 7 1.0
31 42 1.0
32 0 1.0
32 7 1.0
32 108 1.0
32 212 1.0
32 231 1.0
32 233 1.0
32 272 1.0
33 16 1.0
33 95 1.0
33 102 1.0
33 116 1.0
33 232 1.0
33 242 1.0
34 117 1.0
34 136 1.0
34 158 1.0
34 281 1.0
34 285 1.0
34 289 1.0
35 11 1.0
35 165 1.0
35 196 1.0
36 4 1.0
36 31 1.0
36 48 1.0
36 93 1.0
36 118 1.0
36 147 1.0
36 268 1.0
37 10 1.0
37 11 1.0
37 79 1.0
37 196 1.0
37 213 1.0
37 218 1.0
37 259 1.0
38 33 1.0
38 101 1.0
38 131 1.0
38 138 1.0
38 201 1.0
39 26 1.0
39 150 1.0
39 155 1.0
39 199 1.0
39 200 1.0
39 234 1.0
40 184 1.0
40 253 1.0
41 38 1.0
41 82 1.0
41 181 1.0
41 186 1.0
41 285 1.0
42 17 1.0
42 35 1.0
42 98 1.0
42 203 1.0
42 251 1.0
43 41 1.0
43 82 1.0
44 2 1.0
44 7 1.0
44 28 1.0
44 61 1.0
44 102 1.0
44 139 1.0
44 148 1.0
45 36 1.0
45 189 1.0
46 62 1.0
46 145 1.0
46 151 1.0
46 152 1.0
46 180 1.0
46 184 1.0
47 100 1.0
47 113 1.0
47 186 1.0
47 224 1.0
48 1 1.0
48 12 1.0
48 32 1.0
48 120 1.0
48 165 1.0
48 200 1.0
49 31 1.0
49 44 1.0
49 81 1.0
49 127 1.0
50 85 1.0
50 88 1.0
50 105 1.0
50 160 1.0
50 190 1.0
50 255 1.0
50 286 1.0
50 293 1.0
51 7 1.0
51 111 1.0
51 144 1.0
51 155 1.0
51 195 1.0
51 295 1.0
52 74 1.0
52 102 1.0
53 68 1.0
53 114 1.0
53 168 1.0
53 181 1.0
53 187 1.0
53 264 1.0
54 124 1.0
54 137 1.0
55 61 1.0
55 109 1.0
55 110 1.0
55 131 1.0
55 158 1.0
55 208 1.0
56 31 1.0
56 74 1.0
56 117 1.0
56 158 1.0
56 166 1.0
56 188 1.0
56 215 1.0
56 257 1.0
56 286 1.0
57 46 1.0
57 68 1.0
57 78 1.0
57 104 1.0
57 146 1.0
57 156 1.0
58 13 1.0
58 72 1.0
58 107 1.0
58 166 1.0
59 63 1.0
59 94 1.0
59 153 1.0
59 155 1.0
59 162 1.0
59 258 1.0
60 38 1.0
60 74 1.0
60 91 1.0
60 228 1.0
60 276 1.0
60 298 1.0
61 45 1.0
61 64 1.0
61 86 1.0
61 220 1.0
61 248 1.0
61 267 1.0
62 57 1.0
62 73 1.0
62 274 1.0
62 283 1.0
63 14 1.0
63 21 1.0
63 30 1.0
63 58 1.0
63 64 1.0
63 133 1.0
63 169 1.0
63 294 1.0
64 14 1.0
64 83 1.0
64 191 1.0
64 196 1.0
64 266 1.0
65 2 1.0
65 47 1.0
65 76 1.0
65 79 1.0
65 90 1.0
65 193 1.0
65 253 1.0
65 267 1.0
66 62 1.0
66 72 1.0
66 153 1.0
67 5 1.0
67 105 1.0
67 148 1.0
67 173 1.0
68 14 1.0
68 36 1.0
68 39 1.0
68 76 1.0
68 77 1.0
68 207 1.0
68 281 1.0
69 27 1.0
69 79 1.0
69 248 1.0
70 50 1.0
70 106 1.0
70 142 1.0
70 188 1.0
70 285 1.0
71 14 1.0
71 15 1.0
71 25 1.0
71 87 1.0
71 119 1.0
71 151 1.0
71 157 1.0
71 159 1.0
71 201 1.0
71 252 1.0
72 33 1.0
72 47 1.0
72 59 1.0
72 65 1.0
72 115 1.0
73 62 1.0
73 71 1.0
73 116 1.0
73 121 1.0
73 289 1.0
74 123 1.0
74 140 1.0
74 159 1.0
74 217 1.0
75 6 1.0
75 15 1.0
75 73 1.0
75 166 1.0
75 273 1.0
75 284 1.0
75 286 1.0
76 155 1.0
77 0 1.0
77 23 1.0
77 239 1.0
77 292 1.0
77 299 1.0
78 177 1.0
79 66 1.0
79 98 1.0
80 92 1.0
80 160 1.0
80 183 1.0
80 219 1.0
81 33 1.0
81 87 1.0
81 120 1.0
81 213 1.0
81 215 1.0
81 266 1.0
81 284 1.0
81 299 1.0
82 17 1.0
82 19 1.0
82 29 1.0
82 153 1.0
82 170 1.0
82 195 1.0
82 223 1.0
82 261 1.0
83 11 1.0
83 95 1.0
84 19 1.0
84 69 1.0
84 256 1.0
84 273 1.0
85 31 1.0
85 58 1.0
85 76 1.0
85 106 1.0
85 118 1.0
85 191 1.0
85 211 1.0
86 111 1.0
86 159 1.0
86 229 1.0
86 283 1.0
87 164 1.0
87 234 1.0
88 21 1.0
88 84 1.0
88 165 1.0
88 287 1.0
89 117 1.0
89 189 1.0
90 5 1.0
90 38 1.0
90 45 1.0
90 108 1.0
90 209 1.0
90 221 1.0
91 124 1.0
91 178 1.0
91 182 1.0
92 21 1.0
92 141 1.0
92 262 1.0
93 83 1.0
93 98 1.0
93 110 1.0
94 5 1.0
94 15 1.0
94 123 1.0
95 46 1.0
95 136 1.0
95 137 1.0
95 172 1.0
95 183 1.0
95 239 1.0
95 282 1.0
96 62 1.0
96 117 1.0
96 246 1.0
97 41 1.0
97 99 1.0
97 111 1.0
97 186 1.0
97 289 1.0
98 32 1.0
98 160 1.0
98 196 1.0
98 208 1.0
98 297 1.0
99 43 1.0
99 103 1.0
99 130 1.0
99 146 1.0
99 176 1.0
99 289 1.0
100 31 1.0
100 166 1.0
100 194 1.0
100 229 1.0
102 23 1.0
102 79 1.0
102 140 1.0
103 5 1.0
103 47 1.0
104 12 1.0
104 133 1.0
104 175 1.0
105 45 1.0
105 257 1.0
105 286 1.0
106 90 1.0
106 118 1.0
106 120 1.0
106 174 1.0
106 263 1.0
107 42 1.0
107 135 1.0
108 47 1.0
108 166 1.0
108 186 1.0
109 28 1.0
109 32 1.0
109 261 1.0
110 55 1.0
110 86 1.0
110 93 1.0
110 115 1.0
110 184 1.0
110 246 1.0
111 81 1.0
111 84 1.0
111 144 1.0
112 184 1.0
112 200 1.0
112 212 1.0
113 219 1.0
114 44 1.0
114 205 1.0
115 25 1.0
115 57 1.0
115 91 1.0
115 93 1.0
115 153 1.0
115 267 1.0
116 24 1.0
117 37 1.0
117 98 1.0
117 99 1.0
117 132 1.0
117 290 1.0
118 26 1.0
118 60 1.0
118 287 1.0
120 20 1.0
120 38 1.0
120 148 1.0
121 28 1.0
121 105 1.0
121 143 1.0
121 166 1.0
121 260 1.0
121 287 1.0
122 106 1.0
122 133 1.0
122 256 1.0
123 79 1.0
123 91 1.0
123 161 1.0
124 11 1.0
124 13 1.0
124 33 1.0
124 72 1.0
124 156 1.0
124 199 1.0
125 151 1.0
125 248 1.0
125 256 1.0
126 1 1.0
126 43 1.0
126 254 1.0
127 2 1.0
127 136 1.0
127 192 1.0
128 40 1.0
128 166 1.0
128 218 1.0
128 249 1.0
129 39 1.0
129 95 1.0
129 126 1.0
130 121 1.0
131 130 1.0
131 146 1.0
131 167 1.0
131 277 1.0
132 40 1.0
132 117 1.0
132 139 1.0
132 146 1.0
132 198 1.0
133 42 1.0
133 59 1.0
133 148 1.0
133 256 1.0
133 271 1.0
134 87 1.0
134 119 1.0
134 142 1.0
135 5 1.0
135 43 1.0
135 66 1.0
135 152 1.0
136 155 1.0
136 181 1.0
136 268 1.0
136 282 1.0
137 9 1.0
137 24 1.0
137 55 1.0
137 187 1.0
137 193 1.0
137 203 1.0
137 250 1.0
138 83 1.0
138 127 1.0
138 195 1.0
138 234 1.0
138 236 1.0
139 4 1.0
139 13 1.0
139 126 1.0
139 186 1.0
139 189 1.0
139 192 1.0
139 274 1.0
139 278 1.0
140 87 1.0
140 275 1.0
141 73 1.0
141 117 1.0
141 137 1.0
141 296 1.0
142 12 1.0
142 22 1.0
142 155 1.0
143 153 1.0
143 163 1.0
143 166 1.0
143 251 1.0
144 46 1.0
144 60 1.0
144 135 1.0
144 170 1.0
144 217 1.0
144 236 1.0
144 249 1.0
145 57 1.0
145 76 1.0
145 275 1.0
146 62 1.0
146 167 1.0
146 177 1.0
146 187 1.0
146 198 1.0
146 241 1.0
147 123 1.0
147 127 1.0
147 170 1.0
148 15 1.0
148 28 1.0
148 156 1.0
148 186 1.0
148 259 1.0
148 266 1.0
149 11 1.0
149 64 1.0
149 78 1.0
149 170 1.0
150 89 1.0
150 143 1.0
150 201 1.0
150 277 1.0
151 1 1.0
151 94 1.0
152 53 1.0
153 81 1.0
153 90 1.0
153 122 1.0
154 15 1.0
154 60 1.0
154 112 1.0
154 114 1.0
154 137 1.0
154 181 1.0
154 211 1.0
154 222 1.0
155 17 1.0
155 26 1.0
155 82 1.0
156 53 1.0
156 62 1.0
156 95 1.0
156 222 1.0
156 248 1.0
158 222 1.0
159 27 1.0
159 70 1.0
159 123 1.0
159 163 1.0
159 188 1.0
160 46 1.0
160 108 1.0
160 123 1.0
160 142 1.0
160 149 1.0
160 263 1.0
161 15 1.0
161 107 1.0
161 108 1.0
161 126 1.0
161 258 1.0
162 13 1.0
162 114 1.0
162 154 1.0
162 165 1.0
163 5 1.0
163 20 1.0
164 38 1.0
164 185 1.0
164 202 1.0
164 226 1.0
165 106 1.0
165 175 1.0
165 187 1.0
165 189 1.0
165 223 1.0
165 271 1.0
166 5 1.0
166 41 1.0
166 132 1.0
167 52 1.0
167 91 1.0
168 55 1.0
168 98 1.0
168 176 1.0
168 217 1.0
168 257 1.0
168 266 1.0
169 5 1.0
169 124 1.0
169 139 1.0
169 175 1.0
169 241 1.0
170 63 1.0
170 97 1.0
170 157 1.0
170 187 1.0
171 21 1.0
171 107 1.0
171 156 1.0
171 192 1.0
172 132 1.0
172 144 1.0
172 297 1.0
173 45 1.0
173 160 1.0
173 257 1.0
174 139 1.0
174 221 1.0
175 56 1.0
175 114 1.0
176 113 1.0
176 258 1.0
177 65 1.0
177 73 1.0
177 157 1.0
177 197 1.0
177 292 1.0
178 81 1.0
179 38 1.0
179 74 1.0
179 131 1.0
179 169 1.0
179 238 1.0
179 285 1.0
180 23 1.0
180 75 1.0
180 76 1.0
180 118 1.0
180 122 1.0
180 184 1.0
180 187 1.0
181 69 1.0
181 101 1.0
181 173 1.0
181 188 1.0
181 261 1.0
182 39 1.0
182 123 1.0
182 175 1.0
183 48 1.0
183 79 1.0
183 122 1.0
183 129 1.0
183 157 1.0
184 11 1.0
184 257 1.0
185 10 1.0
185 104 1.0
185 168 1.0
185 172 1.0
185 276 1.0
186 6 1.0
186 12 1.0
186 199 1.0
186 282 1.0
186 283 1.0
187 140 1.0
188 45 1.0
188 260 1.0
189 50 1.0
189 177 1.0
190 57 1.0
190 58 1.0
190 98 1.0
190 226 1.0
190 266 1.0
191 2 1.0
191 7 1.0
191 139 1.0
191 166 1.0
191 193 1.0
191 204 1.0
192 93 1.0
192 99 1.0
192 182 1.0
192 212 1.0
192 295 1.0
193 7 1.0
193 26 1.0
193 218 1.0
194 25 1.0
194 59 1.0
194 68 1.0
194 129 1.0
194 152 1.0
194 196 1.0
196 44 1.0
196 58 1.0
196 78 1.0
196 144 1.0
196 290 1.0
197 235 1.0
198 142 1.0
198 146 1.0
198 281 1.0
198 290 1.0
199 44 1.0
199 117 1.0
199 195 1.0
199 247 1.0
199 291 1.0
200 39 1.0
200 48 1.0
200 112 1.0
200 230 1.0
200 235 1.0
200 265 1.0
200 287 1.0
201 38 1.0
201 71 1.0
201 150 1.0
201 252 1.0
202 164 1.0
202 228 1.0
202 236 1.0
203 10 1.0
203 42 1.0
203 137 1.0
203 244 1.0
204 10 1.0
204 191 1.0
204 227 1.0
205 4 1.0
205 114 1.0
205 230 1.0
206 209 1.0
206 224 1.0
206 241 1.0
207 68 1.0
208 3 1.0
208 26 1.0
208 55 1.0
208 98 1.0
208 236 1.0
208 249 1.0
208 255 1.0
209 90 1.0
209 206 1.0
209 231 1.0
210 26 1.0
210 243 1.0
210 248 1.0
211 85 1.0
211 154 1.0
211 244 1.0
212 32 1.0
212 112 1.0
212 192 1.0
213 37 1.0
213 81 1.0
214 19 1.0
214 247 1.0
215 56 1.0
215 81 1.0
215 233 1.0
215 265 1.0
216 227 1.0
216 233 1.0
217 74 1.0
217 144 1.0
217 168 1.0
217 229 1.0
217 285 1.0
218 7 1.0
218 37 1.0
218 128 1.0
218 193 1.0
219 17 1.0
219 80 1.0
219 113 1.0
220 61 1.0
221 5 1.0
221 90 1.0
221 174 1.0
222 154 1.0
222 156 1.0
222 158 1.0
222 277 1.0
223 82 1.0
223 165 1.0
223 274 1.0
224 5 1.0
224 47 1.0
224 206 1.0
224 273 1.0
225 20 1.0
225 232 1.0
225 286 1.0
225 292 1.0
226 164 1.0
226 190 1.0
226 237 1.0
227 0 1.0
227 204 1.0
227 216 1.0
228 60 1.0
228 202 1.0
228 250 1.0
229 86 1.0
229 100 1.0
229 217 1.0
230 15 1.0
230 200 1.0
230 205 1.0
231 32 1.0
231 209 1.0
232 33 1.0
232 225 1.0
232 270 1.0
233 21 1.0
233 32 1.0
233 215 1.0
233 216 1.0
234 3 1.0
234 39 1.0
234 87 1.0
234 138 1.0
234 275 1.0
235 197 1.0
235 200 1.0
235 293 1.0
236 138 1.0
236 144 1.0
236 202 1.0
236 208 1.0
236 237 1.0
237 19 1.0
237 25 1.0
237 226 1.0
237 236 1.0
238 25 1.0
238 179 1.0
238 240 1.0
239 77 1.0
239 95 1.0
239 268 1.0
240 238 1.0
240 244 1.0
240 298 1.0
241 146 1.0
241 169 1.0
241 206 1.0
241 259 1.0
241 290 1.0
241 298 1.0
242 17 1.0
242 33 1.0
242 243 1.0
242 257 1.0
243 20 1.0
243 29 1.0
243 210 1.0
243 242 1.0
244 0 1.0
244 203 1.0
244 211 1.0
244 240 1.0
245 255 1.0
245 288 1.0
246 96 1.0
246 110 1.0
246 271 1.0
247 199 1.0
247 214 1.0
248 13 1.0
248 61 1.0
248 69 1.0
248 125 1.0
248 156 1.0
248 210 1.0
249 128 1.0
249 144 1.0
249 208 1.0
250 137 1.0
250 228 1.0
251 42 1.0
251 143 1.0
251 261 1.0
251 262 1.0
252 23 1.0
252 71 1.0
252 201 1.0
252 259 1.0
252 271 1.0
253 40 1.0
253 65 1.0
254 126 1.0
254 265 1.0
255 50 1.0
255 208 1.0
255 245 1.0
256 20 1.0
256 84 1.0
256 122 1.0
256 125 1.0
256 133 1.0
257 56 1.0
257 105 1.0
257 168 1.0
257 173 1.0
257 184 1.0
257 242 1.0
258 59 1.0
258 161 1.0
258 176 1.0
259 37 1.0
259 148 1.0
259 241 1.0
259 252 1.0
260 121 1.0
260 188 1.0
261 82 1.0
261 109 1.0
261 181 1.0
261 251 1.0
262 92 1.0
262 251 1.0
262 264 1.0
262 275 1.0
263 106 1.0
263 160 1.0
263 290 1.0
264 53 1.0
264 262 1.0
264 276 1.0
265 200 1.0
265 215 1.0
265 254 1.0
266 64 1.0
266 81 1.0
266 148 1.0
266 168 1.0
266 190 1.0
267 9 1.0
267 61 1.0
267 65 1.0
267 115 1.0
268 36 1.0
268 136 1.0
268 239 1.0
269 24 1.0
270 232 1.0
271 133 1.0
271 165 1.0
271 246 1.0
271 252 1.0
272 23 1.0
272 30 1.0
272 32 1.0
273 75 1.0
273 84 1.0
273 224 1.0
274 14 1.0
274 62 1.0
274 139 1.0
274 223 1.0
275 140 1.0
275 145 1.0
275 234 1.0
275 262 1.0
276 4 1.0
276 60 1.0
276 185 1.0
276 264 1.0
277 131 1.0
277 150 1.0
277 222 1.0
278 139 1.0
280 5 1.0
280 286 1.0
281 34 1.0
281 68 1.0
281 198 1.0
281 293 1.0
282 95 1.0
282 136 1.0
282 186 1.0
282 296 1.0
283 62 1.0
283 86 1.0
283 186 1.0
284 16 1.0
284 75 1.0
284 81 1.0
285 34 1.0
285 41 1.0
285 70 1.0
285 179 1.0
285 217 1.0
286 50 1.0
286 56 1.0
286 75 1.0
286 105 1.0
286 225 1.0
286 280 1.0
287 88 1.0
287 118 1.0
287 121 1.0
287 200 1.0
288 245 1.0
288 293 1.0
288 296 1.0
289 34 1.0
289 73 1.0
289 97 1.0
289 99 1.0
290 117 1.0
290 196 1.0
290 198 1.0
290 241 1.0
290 263 1.0
291 0 1.0
291 9 1.0
291 23 1.0
291 199 1.0
292 77 1.0
292 177 1.0
292 225 1.0
293 50 1.0
293 235 1.0
293 281 1.0
293 288 1.0
294 63 1.0
295 16 1.0
295 51 1.0
295 192 1.0
296 9 1.0
296 141 1.0
296 282 1.0
296 288 1.0
297 98 1.0
297 172 1.0
298 25 1.0
298 60 1.0
298 240 1.0
298 241 1.0
299 11 1.0
299 77 1.0
299 81 1.0
