0 139
0 38
0 244
0 243
1 270
1 239
1 6
1 143
1 162
1 165
1 71
1 197
1 27
1 224
2 257
2 160
2 203
3 288
3 134
3 105
3 175
3 177
3 291
3 11
3 149
4 3
4 211
4 133
4 180
4 18
4 185
4 238
4 268
4 297
4 191
5 249
5 281
5 0
5 280
5 40
5 50
5 142
5 91
5 122
6 177
6 8
6 123
6 58
6 230
6 23
7 164
7 65
7 145
7 209
7 221
7 105
8 57
8 55
8 182
8 299
8 230
8 292
9 156
9 152
9 160
9 35
10 118
10 27
10 89
10 215
10 113
10 117
11 189
11 85
11 118
11 284
11 213
12 121
12 279
12 182
12 19
12 69
12 107
12 40
12 45
13 59
13 200
13 219
13 183
13 61
13 195
13 145
13 89
13 289
13 95
14 172
14 291
14 228
14 169
14 110
14 108
14 84
14 52
14 34
14 44
15 149
15 7
15 64
15 48
15 98
15 227
16 47
16 26
16 293
16 135
16 17
16 172
16 217
16 258
17 276
17 94
17 8
17 69
17 237
17 87
17 0
17 39
17 5
17 235
18 44
18 178
18 238
18 72
18 20
18 95
18 190
19 268
19 2
19 4
19 108
19 231
19 75
19 151
19 122
19 218
19 105
19 179
20 37
20 75
20 279
20 71
20 19
20 111
20 117
20 161
20 114
21 83
21 143
21 216
21 66
22 54
22 192
22 20
22 26
22 172
22 76
22 14
22 209
22 296
23 188
23 109
23 203
23 123
23 289
23 223
23 273
23 197
24 127
24 120
24 61
24 212
25 48
25 32
25 16
25 202
26 23
26 35
26 103
26 83
26 232
27 56
27 82
27 278
27 55
27 145
28 135
28 266
28 176
28 237
28 35
28 78
28 74
28 193
28 59
29 111
29 207
29 178
29 204
29 46
29 12
29 247
30 219
30 56
30 286
30 278
30 233
30 240
30 1
31 262
31 100
31 42
31 281
31 136
31 151
31 280
31 244
32 42
32 147
32 163
32 93
32 234
32 150
32 112
32 154
32 261
32 34
33 224
33 108
33 183
34 3
34 180
34 67
34 203
35 211
35 58
35 292
35 112
35 217
35 155
36 133
36 3
36 26
36 284
36 281
37 188
37 70
37 281
37 181
37 293
38 149
38 296
38 283
38 147
38 46
38 184
38 285
38 217
38 2
38 242
39 171
39 274
39 263
39 250
39 19
39 296
40 250
41 45
41 194
42 197
42 9
42 54
42 65
42 208
43 249
43 252
43 39
44 178
44 12
44 53
44 159
44 8
45 138
45 274
45 15
45 168
45 137
45 157
46 27
46 170
46 209
46 45
46 245
46 258
46 293
46 174
47 230
47 235
47 114
47 218
47 297
47 156
48 222
48 125
48 120
49 149
49 22
49 293
49 106
49 123
50 40
51 198
51 189
51 95
51 185
51 6
51 175
51 114
52 69
52 78
52 149
53 119
53 131
53 211
54 228
54 225
54 162
54 279
54 80
54 215
54 85
54 270
54 138
54 278
54 33
54 240
55 25
55 32
55 3
55 229
56 65
56 232
56 202
56 47
57 175
57 249
57 211
57 66
57 253
57 12
57 35
57 119
57 39
57 3
57 206
57 294
58 125
58 245
58 15
58 188
59 199
59 262
59 223
59 244
59 218
59 266
60 250
60 203
60 278
60 65
60 214
60 181
61 297
61 29
61 47
61 51
61 30
62 48
62 93
62 114
62 120
62 136
62 254
62 256
62 69
63 25
63 162
64 231
64 297
64 260
65 246
65 227
65 163
65 109
65 233
65 177
65 28
65 160
65 21
66 194
66 203
66 273
66 125
66 236
67 107
67 59
67 161
67 159
67 118
68 178
68 75
68 108
68 79
68 218
68 130
68 196
69 99
69 285
69 13
69 80
69 205
69 225
70 298
70 3
70 294
70 6
70 82
70 283
70 287
71 69
71 196
71 80
71 186
71 293
71 64
71 224
71 127
71 86
71 208
71 272
72 111
72 174
72 125
72 282
72 227
72 286
72 246
72 154
72 93
72 3
73 76
73 201
73 119
73 219
73 115
74 290
74 197
74 158
74 128
74 8
74 78
75 187
75 63
75 262
75 175
75 96
75 176
75 258
75 36
76 231
76 185
76 82
76 111
76 178
77 65
77 106
77 191
77 202
77 53
77 213
77 158
78 293
78 201
79 88
79 141
79 134
79 57
80 8
80 9
80 64
80 273
81 242
81 249
81 76
81 157
82 36
82 49
82 222
82 103
82 175
82 9
82 79
83 275
83 294
83 33
83 233
83 274
83 170
83 147
84 15
84 274
84 156
84 1
84 183
85 26
85 170
85 272
85 5
85 134
85 110
86 217
86 67
86 21
86 290
86 100
86 201
86 36
87 248
87 57
87 54
87 2
87 140
87 8
87 226
87 201
87 198
88 101
88 20
88 134
88 196
88 83
88 106
88 34
88 62
88 209
88 183
88 26
88 226
89 200
89 42
89 151
89 196
89 2
89 44
89 249
89 292
89 191
90 139
90 30
90 261
90 262
90 202
90 216
90 95
90 55
90 209
90 254
90 271
91 80
91 172
91 1
92 240
92 292
92 273
92 290
92 36
92 161
93 296
93 216
94 274
94 288
94 2
95 259
95 214
95 167
95 198
95 145
95 144
95 26
95 296
96 94
96 30
96 118
96 253
96 58
96 156
96 236
97 0
97 46
97 195
97 277
97 261
97 292
97 147
97 22
97 178
97 108
98 255
98 207
98 227
98 199
98 276
98 119
98 97
98 159
98 58
98 7
98 28
98 100
99 193
99 282
99 171
99 272
99 225
99 8
99 173
100 244
100 1
100 280
100 170
100 148
100 150
100 193
100 167
100 179
101 4
101 114
101 136
101 157
102 78
102 278
102 207
102 157
102 271
103 53
103 152
103 166
103 118
103 11
103 66
103 205
103 86
103 114
103 25
104 229
104 293
104 119
104 220
104 269
104 17
104 77
104 239
105 279
105 184
105 163
105 99
105 185
106 58
106 13
106 149
106 210
106 204
106 5
107 206
107 91
107 216
107 25
107 161
107 201
108 248
108 3
108 230
108 97
108 111
108 144
108 50
108 29
108 276
108 89
108 151
109 1
109 160
109 186
110 94
110 150
110 35
110 91
110 283
111 143
111 195
111 242
111 60
111 108
111 2
111 50
111 41
111 105
111 235
112 224
112 266
112 248
112 273
112 122
112 229
113 142
113 280
113 172
113 138
113 234
113 197
113 277
114 202
114 142
114 259
114 100
114 247
114 296
114 268
114 195
114 19
114 48
114 108
115 41
115 92
115 167
115 12
115 106
115 237
115 143
115 135
115 216
115 133
116 206
116 157
116 21
116 221
116 142
116 187
116 247
116 179
116 270
116 279
117 51
117 135
117 45
117 139
117 114
117 12
117 41
118 54
118 180
118 82
118 285
118 187
119 265
119 295
119 234
120 27
120 101
120 39
120 20
120 140
120 295
120 242
120 173
120 72
120 275
121 254
121 117
121 223
121 235
121 263
121 34
122 53
122 155
123 73
123 93
123 277
123 105
124 298
124 112
124 118
124 169
124 121
124 59
124 89
125 2
125 209
125 177
125 84
125 295
125 14
126 146
126 138
126 251
126 205
126 140
126 107
127 7
127 90
127 19
127 34
128 45
128 143
128 217
128 4
129 124
129 142
129 268
129 144
129 17
129 159
129 126
129 289
129 2
129 134
129 161
130 74
130 84
130 22
130 226
130 102
130 191
130 129
130 270
130 99
131 0
131 204
131 240
131 164
131 129
131 79
131 154
131 158
131 263
131 212
131 153
132 284
132 122
132 102
133 251
133 18
133 249
133 136
133 243
133 78
133 71
133 179
134 281
134 83
134 217
134 119
134 53
134 207
135 36
135 216
135 158
135 180
135 199
135 263
135 76
136 11
136 93
136 227
136 15
136 218
136 46
137 42
137 215
137 120
137 36
137 56
137 254
137 6
137 144
138 237
138 42
138 108
138 34
138 103
138 258
138 67
138 268
139 179
139 262
139 135
139 266
139 172
139 67
139 248
139 269
140 152
140 145
140 143
140 164
140 58
140 139
141 268
141 118
141 273
141 46
141 56
141 32
142 198
142 164
142 169
142 95
142 4
142 182
142 258
142 47
142 158
143 193
143 224
143 139
143 73
143 197
143 214
143 23
143 158
144 192
144 101
144 159
144 31
144 65
144 173
144 163
145 281
145 215
145 221
145 239
145 224
146 166
146 130
146 164
146 58
146 69
146 155
146 76
147 210
147 13
147 164
147 132
147 44
147 139
147 80
148 299
148 204
148 295
148 271
148 277
148 83
148 203
148 232
148 274
148 233
149 187
149 128
149 175
149 111
149 241
150 112
150 258
150 45
150 153
150 187
150 242
151 242
151 295
151 153
151 104
151 210
151 171
151 238
151 160
152 44
152 264
152 216
152 238
152 276
152 9
152 297
153 163
153 125
153 211
153 217
153 187
153 104
154 270
154 139
154 188
154 55
154 79
154 232
154 263
154 219
155 150
155 182
155 201
156 123
156 22
156 109
156 246
156 261
157 215
157 245
157 250
157 268
158 134
158 283
158 150
158 127
158 13
158 29
158 279
158 4
159 212
159 48
159 252
159 151
159 82
159 106
159 40
160 107
160 182
160 111
160 140
160 288
160 41
160 253
161 273
161 270
161 116
161 156
161 65
161 235
162 269
162 278
163 158
163 260
163 218
164 265
164 283
164 168
164 233
164 278
165 177
165 60
165 134
165 289
165 202
165 75
165 299
165 116
165 211
165 230
166 273
166 95
166 69
166 91
167 275
167 30
167 44
168 297
168 156
168 62
168 31
168 101
168 269
168 58
169 199
169 124
169 115
169 26
169 283
169 240
169 93
170 125
170 278
170 266
170 109
170 199
170 48
170 172
170 71
170 161
170 117
170 148
171 234
171 126
171 111
171 167
171 107
171 27
172 199
172 64
172 254
172 36
172 258
172 231
172 290
172 60
172 157
173 250
173 97
173 187
173 299
173 45
173 274
174 168
174 59
174 70
175 120
175 253
175 27
175 52
175 281
176 297
176 197
176 260
176 20
176 181
177 36
177 14
177 19
177 241
177 214
177 89
177 272
177 179
177 170
177 212
178 151
178 2
178 298
178 199
178 196
178 43
179 166
179 110
179 83
179 277
179 258
179 229
179 233
179 95
179 78
179 34
179 24
180 104
180 274
180 123
180 18
180 71
181 174
181 112
181 134
181 111
182 209
182 245
182 295
182 39
182 288
182 244
182 192
183 220
183 38
183 173
183 243
183 260
184 175
184 14
184 18
184 45
184 59
184 133
184 233
184 207
184 285
185 253
185 81
185 22
185 260
185 206
185 156
185 101
186 211
186 284
186 178
186 116
186 50
187 269
187 265
187 270
187 243
187 233
187 196
187 205
187 207
187 34
188 150
188 64
188 155
188 34
188 213
188 35
188 103
188 120
188 83
188 16
189 102
189 229
189 175
189 76
189 217
189 211
189 14
189 188
189 275
189 198
189 0
190 141
190 244
190 73
190 76
190 223
190 144
190 68
190 199
191 89
191 115
191 9
191 280
191 27
191 190
191 75
191 145
191 58
191 5
191 0
192 190
192 208
192 93
192 236
193 195
193 61
193 11
193 97
193 124
193 227
193 244
194 151
194 246
194 158
194 44
194 163
194 19
194 219
194 112
194 277
195 110
195 11
195 190
195 1
196 30
196 197
196 102
197 251
197 267
197 266
197 262
197 164
197 162
197 278
197 203
197 294
197 280
197 74
198 116
198 166
198 201
198 1
198 280
199 262
199 295
199 267
200 299
200 39
200 292
200 19
200 196
200 34
200 273
201 155
201 58
201 237
201 218
201 284
201 145
201 13
201 23
202 87
202 111
202 234
202 0
202 21
202 107
203 121
203 223
203 20
203 22
203 191
203 261
203 115
203 102
203 209
203 43
204 289
204 43
204 166
204 179
204 176
204 95
204 149
204 68
204 205
204 243
204 164
204 191
204 141
204 128
205 53
205 182
205 14
205 160
205 34
205 15
205 231
205 110
205 30
206 148
206 64
206 79
206 290
206 297
206 25
206 36
207 177
207 270
207 234
207 161
207 2
207 95
208 69
208 221
208 63
208 169
208 190
208 223
208 27
208 191
208 86
208 143
208 283
208 55
209 123
209 186
209 249
209 2
209 38
209 158
209 139
210 230
210 212
210 183
210 223
211 76
211 58
211 157
211 190
211 175
211 220
211 103
212 259
212 217
212 237
212 165
213 100
213 255
213 298
213 203
213 225
213 151
214 17
214 286
214 138
214 102
215 154
215 118
215 26
215 272
215 195
215 73
215 190
215 130
216 164
216 17
216 285
216 211
216 240
217 14
217 12
217 284
218 113
218 186
218 100
218 63
218 161
218 279
218 220
218 166
218 20
218 136
218 8
218 73
219 134
219 151
219 201
219 126
219 116
220 29
220 196
220 113
220 49
220 95
220 10
220 50
220 280
220 112
220 90
220 245
221 114
221 217
221 131
221 106
221 242
221 127
221 264
221 198
222 172
222 148
222 107
222 271
222 65
222 104
223 75
223 261
223 282
223 239
223 127
223 212
223 54
223 155
223 13
224 101
224 78
224 93
224 33
224 15
224 265
224 11
224 213
224 18
225 237
225 270
225 205
225 47
225 295
225 207
225 268
225 208
225 40
226 81
226 49
226 248
226 291
226 161
226 25
227 191
227 22
227 168
227 83
227 254
227 204
227 57
227 209
227 132
227 166
228 174
228 62
228 191
228 220
228 216
228 257
228 297
228 155
229 206
229 97
229 234
229 185
229 52
229 298
229 198
229 296
230 41
230 293
230 207
230 234
230 34
231 164
231 123
231 28
231 139
232 288
232 60
232 234
232 284
232 66
233 122
233 192
233 126
233 106
233 205
233 54
233 98
233 67
233 22
233 263
233 83
233 109
233 154
234 152
234 82
234 25
234 84
234 171
234 189
234 137
235 129
235 214
235 151
235 100
235 253
235 35
235 158
236 30
236 180
236 234
236 200
236 69
236 286
237 15
237 58
237 294
237 222
237 278
237 193
237 142
237 298
237 247
237 157
237 283
238 82
238 290
238 273
238 18
238 50
239 258
239 158
239 201
239 289
239 267
239 44
239 93
240 42
240 277
240 7
240 227
240 75
240 197
241 217
241 8
241 77
241 54
242 248
242 246
242 38
242 179
242 216
242 103
242 237
242 137
243 80
243 132
243 163
243 70
243 87
244 82
244 117
244 63
244 73
244 101
244 68
245 237
245 298
245 93
245 204
245 26
245 103
245 221
246 111
246 271
246 261
246 297
246 18
247 185
247 108
247 136
247 76
247 215
247 200
247 122
247 267
248 250
248 220
248 167
248 36
248 277
248 201
249 54
249 73
249 239
249 9
249 0
249 299
249 270
249 35
249 110
250 252
250 81
250 201
250 280
251 0
251 170
251 70
252 188
252 151
252 163
252 232
252 32
252 142
252 187
252 46
253 295
253 248
253 261
253 0
253 112
253 291
253 241
253 122
253 125
254 106
254 139
254 102
254 248
254 179
254 133
255 118
255 76
255 178
255 82
255 60
255 97
255 17
256 31
256 156
256 195
256 50
257 35
257 94
257 153
257 86
257 65
257 296
258 236
258 252
258 147
258 57
258 294
258 223
258 156
258 15
258 45
258 90
259 238
259 66
259 197
259 147
259 255
260 59
260 240
260 65
260 219
260 52
260 146
260 194
260 62
260 204
261 194
261 210
261 120
261 232
261 146
261 25
261 20
262 97
262 277
262 114
262 16
263 230
263 194
263 117
263 192
264 251
264 261
264 175
264 213
264 211
264 244
264 43
265 45
265 257
265 152
265 219
265 87
265 31
266 265
266 264
266 169
266 111
266 45
266 274
266 131
267 95
267 38
267 260
268 110
268 108
268 201
268 158
268 87
268 125
268 84
269 118
269 78
269 9
269 148
269 55
269 12
269 135
270 110
270 13
270 192
270 4
270 291
271 80
271 236
271 67
271 87
271 191
271 286
271 9
271 14
272 116
272 241
273 265
273 50
273 260
273 287
273 222
273 150
273 205
274 22
274 136
274 234
274 202
275 260
275 244
275 198
276 81
276 127
276 171
277 80
277 5
277 7
277 76
277 43
277 261
278 95
278 171
278 223
278 108
278 241
278 137
278 283
279 242
279 290
279 108
279 227
279 207
279 160
279 246
280 43
280 250
280 231
280 62
280 199
280 242
280 288
280 65
280 254
280 166
281 30
281 293
282 72
282 237
282 268
282 18
282 287
283 36
283 163
283 120
283 291
283 123
283 262
283 230
283 83
284 249
284 45
284 47
284 281
284 101
284 146
285 123
285 269
286 71
286 186
286 209
286 204
286 92
286 210
286 4
287 35
287 119
287 112
287 209
287 280
287 54
288 221
288 87
288 179
288 239
288 98
288 18
288 229
288 39
288 246
288 186
288 165
289 153
290 185
290 228
290 95
290 123
290 20
290 19
290 279
290 210
290 204
290 266
291 263
291 131
291 122
291 224
291 248
292 34
292 102
292 203
292 294
292 281
292 28
293 8
293 201
294 174
294 269
294 165
294 180
294 252
294 47
294 129
294 279
295 270
295 152
295 87
295 116
295 169
295 66
295 243
295 276
295 83
296 175
296 142
296 39
296 226
296 136
296 147
296 124
296 188
296 164
297 106
297 105
297 93
297 264
298 22
298 43
298 246
298 153
298 154
299 297
299 7
299 127
299 80
299 195
299 162
299 198
299 153
299 87
