0 74 1.0
0 94 1.0
0 109 1.0
0 114 1.0
0 121 1.0
0 133 1.0
0 134 1.0
0 137 1.0
0 143 1.0
0 173 1.0
0 182 1.0
0 187 1.0
0 196 1.0
0 246 1.0
0 266 1.0
0 292 1.0
1 26 1.0
1 47 1.0
1 48 1.0
1 88 1.0
1 89 1.0
1 116 1.0
1 131 1.0
1 138 1.0
1 155 1.0
1 226 1.0
1 229 1.0
1 284 1.0
2 1 1.0
2 91 1.0
2 138 1.0
2 167 1.0
2 214 1.0
2 244 1.0
2 261 1.0
2 281 1.0
2 295 1.0
3 23 1.0
3 49 1.0
3 64 1.0
3 104 1.0
3 131 1.0
3 181 1.0
3 189 1.0
3 240 1.0
3 275 1.0
3 297 1.0
4 17 1.0
4 18 1.0
4 20 1.0
4 42 1.0
4 108 1.0
4 153 1.0
4 163 1.0
4 206 1.0
4 243 1.0
4 287 1.0
5 4 1.0
5 20 1.0
5 28 1.0
5 84 1.0
5 88 1.0
5 93 1.0
5 112 1.0
5 183 1.0
5 185 1.0
5 188 1.0
5 251 1.0
6 30 1.0
6 47 1.0
6 54 1.0
6 57 1.0
6 77 1.0
6 93 1.0
6 104 1.0
6 108 1.0
6 120 1.0
6 135 1.0
6 188 1.0
6 202 1.0
6 236 1.0
6 287 1.0
6 293 1.0
7 47 1.0
7 99 1.0
7 102 1.0
7 154 1.0
7 162 1.0
7 177 1.0
7 207 1.0
7 210 1.0
7 244 1.0
7 268 1.0
8 7 1.0
8 19 1.0
8 124 1.0
8 148 1.0
8 170 1.0
8 205 1.0
8 253 1.0
8 280 1.0
8 294 1.0
9 10 1.0
9 54 1.0
9 59 1.0
9 65 1.0
9 79 1.0
9 104 1.0
9 111 1.0
9 125 1.0
9 133 1.0
9 216 1.0
9 230 1.0
9 239 1.0
9 240 1.0
9 267 1.0
9 287 1.0
10 48 1.0
10 198 1.0
10 251 1.0
10 265 1.0
10 291 1.0
11 62 1.0
11 71 1.0
11 86 1.0
11 103 1.0
11 105 1.0
11 134 1.0
11 148 1.0
11 225 1.0
11 265 1.0
11 283 1.0
12 3 1.0
12 134 1.0
12 159 1.0
12 165 1.0
12 176 1.0
12 187 1.0
12 212 1.0
12 239 1.0
12 258 1.0
12 268 1.0
13 10 1.0
13 58 1.0
13 64 1.0
13 103 1.0
13 105 1.0
13 123 1.0
13 149 1.0
13 151 1.0
13 229 1.0
13 234 1.0
13 277 1.0
13 278 1.0
13 287 1.0
14 103 1.0
14 112 1.0
14 119 1.0
14 139 1.0
14 144 1.0
14 181 1.0
14 191 1.0
14 231 1.0
14 265 1.0
14 289 1.0
15 70 1.0
15 98 1.0
15 100 1.0
15 127 1.0
15 156 1.0
15 191 1.0
15 198 1.0
15 210 1.0
15 284 1.0
16 58 1.0
16 86 1.0
16 88 1.0
16 105 1.0
16 204 1.0
16 275 1.0
16 288 1.0
17 11 1.0
17 21 1.0
17 59 1.0
17 92 1.0
17 113 1.0
17 159 1.0
17 190 1.0
17 205 1.0
17 226 1.0
17 240 1.0
17 282 1.0
18 1 1.0
18 23 1.0
18 49 1.0
18 73 1.0
18 75 1.0
18 137 1.0
18 230 1.0
18 260 1.0
18 261 1.0
18 262 1.0
18 277 1.0
18 290 1.0
18 293 1.0
19 72 1.0
19 112 1.0
19 141 1.0
19 180 1.0
19 206 1.0
19 220 1.0
19 231 1.0
19 242 1.0
19 250 1.0
19 273 1.0
19 298 1.0
20 5 1.0
20 33 1.0
20 50 1.0
20 73 1.0
20 114 1.0
20 126 1.0
20 129 1.0
20 152 1.0
20 199 1.0
20 262 1.0
21 28 1.0
21 74 1.0
21 85 1.0
21 100 1.0
21 108 1.0
21 133 1.0
21 164 1.0
21 192 1.0
21 264 1.0
22 42 1.0
22 43 1.0
22 56 1.0
22 105 1.0
22 113 1.0
22 124 1.0
22 146 1.0
22 233 1.0
22 251 1.0
22 262 1.0
22 294 1.0
23 2 1.0
23 19 1.0
23 111 1.0
23 120 1.0
23 149 1.0
23 153 1.0
23 186 1.0
23 188 1.0
23 246 1.0
23 259 1.0
23 273 1.0
23 275 1.0
23 281 1.0
24 27 1.0
24 60 1.0
24 101 1.0
24 141 1.0
24 152 1.0
24 173 1.0
24 184 1.0
24 212 1.0
24 237 1.0
24 271 1.0
25 8 1.0
25 28 1.0
25 95 1.0
25 98 1.0
25 106 1.0
25 117 1.0
25 122 1.0
25 123 1.0
25 127 1.0
25 143 1.0
25 175 1.0
25 219 1.0
25 220 1.0
25 285 1.0
25 293 1.0
26 6 1.0
26 49 1.0
26 86 1.0
26 137 1.0
26 139 1.0
26 144 1.0
26 194 1.0
26 206 1.0
26 218 1.0
26 236 1.0
26 262 1.0
26 291 1.0
27 13 1.0
27 16 1.0
27 62 1.0
27 64 1.0
27 67 1.0
27 111 1.0
27 148 1.0
27 150 1.0
27 179 1.0
27 196 1.0
27 271 1.0
27 282 1.0
28 47 1.0
28 53 1.0
28 69 1.0
28 86 1.0
28 87 1.0
28 96 1.0
28 246 1.0
28 249 1.0
28 275 1.0
28 277 1.0
28 283 1.0
29 35 1.0
29 49 1.0
29 57 1.0
29 120 1.0
29 121 1.0
29 145 1.0
29 151 1.0
29 153 1.0
29 196 1.0
29 204 1.0
29 215 1.0
29 217 1.0
29 249 1.0
29 254 1.0
29 264 1.0
30 54 1.0
30 86 1.0
30 139 1.0
30 144 1.0
30 169 1.0
30 177 1.0
30 200 1.0
30 208 1.0
30 226 1.0
30 231 1.0
30 232 1.0
30 278 1.0
30 297 1.0
31 49 1.0
31 71 1.0
31 89 1.0
31 112 1.0
31 131 1.0
31 134 1.0
31 156 1.0
31 209 1.0
31 241 1.0
32 30 1.0
32 52 1.0
32 98 1.0
32 99 1.0
32 148 1.0
32 161 1.0
32 199 1.0
32 209 1.0
32 224 1.0
33 45 1.0
33 50 1.0
33 96 1.0
33 112 1.0
33 130 1.0
33 146 1.0
33 160 1.0
33 175 1.0
33 177 1.0
33 183 1.0
33 205 1.0
33 223 1.0
33 227 1.0
33 239 1.0
33 246 1.0
33 263 1.0
34 29 1.0
34 58 1.0
34 100 1.0
34 111 1.0
34 117 1.0
34 138 1.0
34 151 1.0
34 168 1.0
34 250 1.0
34 251 1.0
34 283 1.0
35 2 1.0
35 9 1.0
35 12 1.0
35 28 1.0
35 34 1.0
35 52 1.0
35 58 1.0
35 64 1.0
35 98 1.0
35 123 1.0
35 129 1.0
35 145 1.0
35 153 1.0
35 169 1.0
35 241 1.0
35 249 1.0
35 250 1.0
35 259 1.0
35 262 1.0
35 263 1.0
35 272 1.0
35 286 1.0
36 11 1.0
36 42 1.0
36 44 1.0
36 69 1.0
36 99 1.0
36 158 1.0
36 161 1.0
36 175 1.0
36 184 1.0
36 221 1.0
36 232 1.0
36 242 1.0
36 278 1.0
37 49 1.0
37 91 1.0
37 117 1.0
37 164 1.0
37 170 1.0
37 224 1.0
37 251 1.0
37 270 1.0
37 293 1.0
37 294 1.0
37 296 1.0
38 3 1.0
38 47 1.0
38 78 1.0
38 131 1.0
38 146 1.0
38 186 1.0
38 251 1.0
38 285 1.0
39 28 1.0
39 41 1.0
39 70 1.0
39 120 1.0
39 131 1.0
39 148 1.0
39 149 1.0
39 152 1.0
39 195 1.0
39 217 1.0
39 232 1.0
39 244 1.0
39 245 1.0
39 254 1.0
39 255 1.0
39 256 1.0
39 287 1.0
40 15 1.0
40 18 1.0
40 20 1.0
40 30 1.0
40 31 1.0
40 46 1.0
40 54 1.0
40 69 1.0
40 83 1.0
40 129 1.0
40 131 1.0
40 192 1.0
40 281 1.0
41 46 1.0
41 98 1.0
41 105 1.0
41 121 1.0
41 123 1.0
41 259 1.0
41 270 1.0
41 277 1.0
42 4 1.0
42 22 1.0
42 134 1.0
42 137 1.0
42 153 1.0
42 154 1.0
42 155 1.0
42 197 1.0
42 199 1.0
42 243 1.0
42 247 1.0
42 248 1.0
42 259 1.0
42 266 1.0
42 277 1.0
43 30 1.0
43 83 1.0
43 117 1.0
44 34 1.0
44 35 1.0
44 50 1.0
44 74 1.0
44 76 1.0
44 99 1.0
44 201 1.0
44 207 1.0
44 287 1.0
45 15 1.0
45 19 1.0
45 58 1.0
45 86 1.0
45 87 1.0
45 105 1.0
45 119 1.0
45 130 1.0
45 140 1.0
45 162 1.0
45 168 1.0
45 212 1.0
45 224 1.0
45 249 1.0
45 254 1.0
45 256 1.0
46 81 1.0
46 96 1.0
46 137 1.0
46 177 1.0
46 198 1.0
46 218 1.0
46 230 1.0
46 231 1.0
46 234 1.0
46 278 1.0
47 2 1.0
47 20 1.0
47 69 1.0
47 83 1.0
47 95 1.0
47 133 1.0
47 157 1.0
47 216 1.0
47 265 1.0
47 268 1.0
48 5 1.0
48 7 1.0
48 24 1.0
48 58 1.0
48 101 1.0
48 191 1.0
48 198 1.0
48 208 1.0
48 213 1.0
48 218 1.0
48 232 1.0
48 281 1.0
49 35 1.0
49 93 1.0
49 98 1.0
49 106 1.0
49 113 1.0
49 115 1.0
49 142 1.0
49 146 1.0
49 155 1.0
49 158 1.0
49 168 1.0
49 186 1.0
49 209 1.0
49 242 1.0
50 13 1.0
50 20 1.0
50 56 1.0
50 71 1.0
50 197 1.0
50 228 1.0
50 236 1.0
50 294 1.0
51 16 1.0
51 48 1.0
51 49 1.0
51 104 1.0
51 108 1.0
51 129 1.0
51 132 1.0
51 191 1.0
51 197 1.0
51 245 1.0
51 246 1.0
51 259 1.0
51 265 1.0
52 33 1.0
52 42 1.0
52 86 1.0
52 148 1.0
52 186 1.0
52 207 1.0
52 219 1.0
52 240 1.0
52 273 1.0
52 276 1.0
53 11 1.0
53 29 1.0
53 33 1.0
53 106 1.0
53 196 1.0
53 269 1.0
53 286 1.0
54 6 1.0
54 39 1.0
54 51 1.0
54 128 1.0
54 144 1.0
54 153 1.0
54 203 1.0
54 232 1.0
54 256 1.0
54 257 1.0
54 266 1.0
54 279 1.0
55 4 1.0
55 6 1.0
55 8 1.0
55 57 1.0
55 123 1.0
55 191 1.0
55 219 1.0
55 275 1.0
56 5 1.0
56 33 1.0
56 51 1.0
56 76 1.0
56 77 1.0
56 168 1.0
56 176 1.0
56 177 1.0
57 31 1.0
57 85 1.0
57 86 1.0
57 200 1.0
57 230 1.0
57 244 1.0
58 6 1.0
58 15 1.0
58 31 1.0
58 42 1.0
58 60 1.0
58 130 1.0
58 139 1.0
58 152 1.0
58 189 1.0
58 193 1.0
58 213 1.0
58 216 1.0
58 226 1.0
58 253 1.0
58 260 1.0
59 58 1.0
59 79 1.0
59 110 1.0
59 129 1.0
59 141 1.0
59 185 1.0
59 188 1.0
59 211 1.0
59 249 1.0
59 278 1.0
60 85 1.0
60 93 1.0
60 108 1.0
60 150 1.0
60 169 1.0
60 247 1.0
61 21 1.0
61 89 1.0
61 183 1.0
61 185 1.0
61 211 1.0
61 225 1.0
61 262 1.0
62 15 1.0
62 19 1.0
62 38 1.0
62 77 1.0
62 90 1.0
62 102 1.0
62 104 1.0
62 121 1.0
62 143 1.0
62 170 1.0
62 173 1.0
62 192 1.0
62 248 1.0
62 260 1.0
63 78 1.0
63 122 1.0
63 189 1.0
63 196 1.0
63 214 1.0
64 0 1.0
64 9 1.0
64 34 1.0
64 40 1.0
64 42 1.0
64 48 1.0
64 50 1.0
64 77 1.0
64 78 1.0
64 79 1.0
64 82 1.0
64 90 1.0
64 153 1.0
64 154 1.0
64 179 1.0
64 259 1.0
64 274 1.0
65 35 1.0
65 37 1.0
65 53 1.0
65 68 1.0
65 94 1.0
65 118 1.0
65 170 1.0
65 196 1.0
65 251 1.0
66 34 1.0
66 49 1.0
66 52 1.0
66 98 1.0
66 109 1.0
66 157 1.0
66 160 1.0
66 168 1.0
66 173 1.0
66 198 1.0
66 206 1.0
66 245 1.0
66 250 1.0
66 270 1.0
66 274 1.0
66 294 1.0
66 296 1.0
67 1 1.0
67 8 1.0
67 23 1.0
67 38 1.0
67 43 1.0
67 76 1.0
67 80 1.0
67 121 1.0
67 127 1.0
67 170 1.0
67 183 1.0
67 189 1.0
67 198 1.0
67 209 1.0
67 225 1.0
67 271 1.0
67 277 1.0
68 16 1.0
68 17 1.0
68 77 1.0
68 84 1.0
68 102 1.0
68 148 1.0
68 172 1.0
68 174 1.0
68 209 1.0
68 267 1.0
68 273 1.0
68 276 1.0
68 283 1.0
68 292 1.0
68 296 1.0
69 32 1.0
69 34 1.0
69 96 1.0
69 107 1.0
69 156 1.0
69 160 1.0
69 175 1.0
69 176 1.0
69 186 1.0
69 190 1.0
69 236 1.0
69 258 1.0
69 278 1.0
69 284 1.0
69 298 1.0
70 10 1.0
70 25 1.0
70 35 1.0
70 88 1.0
70 89 1.0
70 93 1.0
70 137 1.0
70 138 1.0
70 159 1.0
70 178 1.0
70 180 1.0
70 219 1.0
70 222 1.0
70 241 1.0
70 247 1.0
70 249 1.0
70 253 1.0
70 254 1.0
70 260 1.0
71 24 1.0
71 62 1.0
71 108 1.0
71 184 1.0
71 202 1.0
71 211 1.0
71 224 1.0
71 260 1.0
71 264 1.0
71 288 1.0
72 9 1.0
72 30 1.0
72 79 1.0
72 91 1.0
72 134 1.0
72 141 1.0
72 151 1.0
72 172 1.0
72 182 1.0
72 213 1.0
72 216 1.0
72 240 1.0
72 285 1.0
72 299 1.0
73 7 1.0
73 259 1.0
73 296 1.0
74 68 1.0
74 155 1.0
74 177 1.0
74 183 1.0
74 194 1.0
74 258 1.0
74 274 1.0
74 292 1.0
75 21 1.0
75 33 1.0
75 99 1.0
75 149 1.0
75 153 1.0
75 155 1.0
75 191 1.0
76 23 1.0
76 54 1.0
76 94 1.0
76 134 1.0
76 153 1.0
76 169 1.0
76 190 1.0
76 273 1.0
77 60 1.0
77 67 1.0
77 109 1.0
77 123 1.0
77 138 1.0
77 186 1.0
77 258 1.0
77 261 1.0
77 264 1.0
77 275 1.0
78 20 1.0
78 24 1.0
78 42 1.0
78 68 1.0
78 75 1.0
78 87 1.0
78 90 1.0
78 102 1.0
78 126 1.0
78 132 1.0
78 153 1.0
78 174 1.0
78 182 1.0
78 192 1.0
79 21 1.0
79 25 1.0
79 39 1.0
79 72 1.0
79 95 1.0
79 119 1.0
79 122 1.0
79 147 1.0
79 177 1.0
79 183 1.0
79 196 1.0
79 214 1.0
79 216 1.0
79 243 1.0
80 20 1.0
80 83 1.0
80 127 1.0
80 157 1.0
80 204 1.0
80 219 1.0
80 243 1.0
80 299 1.0
81 5 1.0
81 47 1.0
81 110 1.0
81 112 1.0
81 117 1.0
81 134 1.0
81 135 1.0
81 147 1.0
81 153 1.0
81 161 1.0
81 167 1.0
81 231 1.0
81 235 1.0
81 269 1.0
81 274 1.0
81 298 1.0
82 5 1.0
82 25 1.0
82 28 1.0
82 43 1.0
82 70 1.0
82 113 1.0
82 140 1.0
82 147 1.0
82 164 1.0
82 174 1.0
82 175 1.0
82 206 1.0
82 225 1.0
82 228 1.0
82 244 1.0
82 287 1.0
82 298 1.0
83 0 1.0
83 11 1.0
83 72 1.0
83 86 1.0
83 151 1.0
83 183 1.0
83 202 1.0
83 245 1.0
83 254 1.0
83 284 1.0
83 288 1.0
84 5 1.0
84 72 1.0
84 87 1.0
84 91 1.0
84 98 1.0
84 103 1.0
84 169 1.0
84 198 1.0
84 206 1.0
84 226 1.0
84 241 1.0
84 248 1.0
84 291 1.0
85 1 1.0
85 38 1.0
85 46 1.0
85 86 1.0
85 137 1.0
85 161 1.0
85 181 1.0
85 197 1.0
85 201 1.0
85 223 1.0
86 18 1.0
86 19 1.0
86 71 1.0
86 80 1.0
86 81 1.0
86 98 1.0
86 107 1.0
86 143 1.0
86 221 1.0
86 240 1.0
86 277 1.0
87 21 1.0
87 26 1.0
87 39 1.0
87 109 1.0
87 124 1.0
87 132 1.0
87 175 1.0
87 180 1.0
87 185 1.0
87 204 1.0
87 212 1.0
87 228 1.0
87 280 1.0
87 294 1.0
88 20 1.0
88 37 1.0
88 40 1.0
88 74 1.0
88 98 1.0
88 111 1.0
88 128 1.0
88 140 1.0
88 170 1.0
88 197 1.0
88 232 1.0
88 296 1.0
89 25 1.0
89 32 1.0
89 42 1.0
89 43 1.0
89 50 1.0
89 92 1.0
89 101 1.0
89 133 1.0
89 153 1.0
89 158 1.0
89 160 1.0
89 177 1.0
89 185 1.0
89 188 1.0
89 193 1.0
89 195 1.0
89 246 1.0
89 286 1.0
90 42 1.0
90 43 1.0
90 94 1.0
90 101 1.0
90 103 1.0
90 166 1.0
90 262 1.0
90 289 1.0
91 13 1.0
91 37 1.0
91 48 1.0
91 77 1.0
91 100 1.0
91 113 1.0
91 128 1.0
91 129 1.0
91 158 1.0
91 159 1.0
91 201 1.0
91 209 1.0
91 210 1.0
91 217 1.0
91 224 1.0
91 259 1.0
92 13 1.0
92 72 1.0
92 87 1.0
92 111 1.0
92 140 1.0
92 145 1.0
92 161 1.0
92 217 1.0
92 249 1.0
92 256 1.0
92 286 1.0
92 287 1.0
93 65 1.0
93 67 1.0
93 111 1.0
93 116 1.0
93 117 1.0
93 125 1.0
93 130 1.0
93 138 1.0
93 140 1.0
93 185 1.0
93 191 1.0
93 198 1.0
93 206 1.0
93 222 1.0
93 228 1.0
93 241 1.0
93 274 1.0
94 16 1.0
94 108 1.0
94 165 1.0
94 171 1.0
94 199 1.0
94 209 1.0
94 287 1.0
95 5 1.0
95 17 1.0
95 29 1.0
95 47 1.0
95 122 1.0
95 162 1.0
95 163 1.0
95 175 1.0
95 188 1.0
95 218 1.0
95 245 1.0
95 257 1.0
95 274 1.0
96 22 1.0
96 43 1.0
96 46 1.0
96 135 1.0
96 216 1.0
96 295 1.0
97 11 1.0
97 12 1.0
97 34 1.0
97 76 1.0
97 83 1.0
97 98 1.0
97 110 1.0
97 125 1.0
97 176 1.0
97 205 1.0
97 225 1.0
97 239 1.0
97 294 1.0
98 0 1.0
98 2 1.0
98 27 1.0
98 35 1.0
98 59 1.0
98 71 1.0
98 121 1.0
98 133 1.0
98 178 1.0
98 188 1.0
98 214 1.0
98 219 1.0
98 247 1.0
98 265 1.0
98 278 1.0
99 11 1.0
99 93 1.0
99 127 1.0
99 135 1.0
99 154 1.0
99 159 1.0
99 164 1.0
99 193 1.0
99 196 1.0
99 243 1.0
100 11 1.0
100 23 1.0
100 39 1.0
100 64 1.0
100 108 1.0
100 113 1.0
100 134 1.0
100 147 1.0
100 154 1.0
100 211 1.0
100 241 1.0
100 256 1.0
100 273 1.0
101 24 1.0
101 137 1.0
101 139 1.0
101 142 1.0
101 145 1.0
101 163 1.0
101 234 1.0
102 6 1.0
102 40 1.0
102 54 1.0
102 93 1.0
102 96 1.0
102 103 1.0
102 114 1.0
102 119 1.0
102 205 1.0
102 232 1.0
102 242 1.0
102 249 1.0
102 261 1.0
102 278 1.0
103 33 1.0
103 45 1.0
103 47 1.0
103 85 1.0
103 117 1.0
103 124 1.0
103 171 1.0
103 173 1.0
103 198 1.0
103 201 1.0
103 211 1.0
103 213 1.0
103 280 1.0
103 293 1.0
104 87 1.0
104 183 1.0
104 196 1.0
104 232 1.0
104 240 1.0
105 95 1.0
105 104 1.0
105 137 1.0
105 215 1.0
106 11 1.0
106 63 1.0
106 79 1.0
106 114 1.0
106 192 1.0
106 208 1.0
106 242 1.0
106 267 1.0
106 283 1.0
107 22 1.0
107 89 1.0
107 120 1.0
108 11 1.0
108 31 1.0
108 44 1.0
108 80 1.0
108 82 1.0
108 84 1.0
108 107 1.0
108 109 1.0
108 148 1.0
108 218 1.0
108 220 1.0
108 246 1.0
109 79 1.0
109 80 1.0
109 91 1.0
109 105 1.0
109 160 1.0
109 162 1.0
109 168 1.0
109 189 1.0
109 281 1.0
110 0 1.0
110 53 1.0
110 61 1.0
110 115 1.0
110 155 1.0
110 172 1.0
110 177 1.0
110 186 1.0
110 187 1.0
110 199 1.0
110 201 1.0
110 212 1.0
110 242 1.0
110 267 1.0
110 293 1.0
111 48 1.0
111 96 1.0
111 113 1.0
111 146 1.0
111 209 1.0
111 229 1.0
111 232 1.0
111 240 1.0
111 251 1.0
112 9 1.0
112 28 1.0
112 39 1.0
112 62 1.0
112 75 1.0
112 93 1.0
112 153 1.0
112 161 1.0
112 182 1.0
112 249 1.0
112 256 1.0
113 98 1.0
113 106 1.0
113 122 1.0
113 147 1.0
113 154 1.0
113 186 1.0
113 190 1.0
113 232 1.0
113 239 1.0
113 298 1.0
114 28 1.0
114 47 1.0
114 84 1.0
114 122 1.0
114 167 1.0
114 190 1.0
114 202 1.0
114 208 1.0
114 240 1.0
115 7 1.0
115 29 1.0
115 65 1.0
115 98 1.0
115 135 1.0
115 174 1.0
115 184 1.0
115 281 1.0
115 295 1.0
116 25 1.0
116 34 1.0
116 40 1.0
116 41 1.0
116 92 1.0
116 132 1.0
116 136 1.0
116 159 1.0
116 205 1.0
116 215 1.0
117 8 1.0
117 23 1.0
117 53 1.0
117 75 1.0
117 125 1.0
117 141 1.0
117 154 1.0
117 173 1.0
117 190 1.0
117 212 1.0
117 229 1.0
117 235 1.0
117 237 1.0
117 262 1.0
117 276 1.0
118 11 1.0
118 13 1.0
118 36 1.0
118 56 1.0
118 76 1.0
118 182 1.0
118 189 1.0
118 231 1.0
118 292 1.0
119 9 1.0
119 36 1.0
119 58 1.0
119 62 1.0
119 114 1.0
119 144 1.0
119 155 1.0
119 160 1.0
119 171 1.0
119 234 1.0
119 236 1.0
119 245 1.0
119 271 1.0
119 274 1.0
119 289 1.0
120 28 1.0
120 43 1.0
120 74 1.0
120 113 1.0
120 134 1.0
120 144 1.0
120 168 1.0
120 171 1.0
120 206 1.0
120 213 1.0
120 234 1.0
121 21 1.0
121 35 1.0
121 37 1.0
121 42 1.0
121 57 1.0
121 66 1.0
121 70 1.0
121 81 1.0
121 107 1.0
121 108 1.0
121 117 1.0
121 152 1.0
121 163 1.0
121 181 1.0
121 226 1.0
121 240 1.0
121 241 1.0
121 266 1.0
121 271 1.0
121 279 1.0
121 280 1.0
121 281 1.0
122 100 1.0
122 113 1.0
122 117 1.0
122 168 1.0
122 176 1.0
122 203 1.0
122 204 1.0
122 209 1.0
122 233 1.0
122 248 1.0
123 18 1.0
123 78 1.0
123 85 1.0
123 110 1.0
123 141 1.0
123 215 1.0
123 282 1.0
124 23 1.0
124 170 1.0
124 176 1.0
124 198 1.0
125 62 1.0
125 77 1.0
125 79 1.0
125 86 1.0
125 176 1.0
125 219 1.0
125 255 1.0
126 18 1.0
126 40 1.0
126 59 1.0
126 69 1.0
126 84 1.0
126 107 1.0
126 122 1.0
126 205 1.0
126 208 1.0
126 217 1.0
126 222 1.0
126 290 1.0
127 10 1.0
127 14 1.0
127 16 1.0
127 62 1.0
127 73 1.0
127 88 1.0
127 102 1.0
127 146 1.0
127 170 1.0
127 242 1.0
127 280 1.0
127 284 1.0
127 291 1.0
128 54 1.0
128 85 1.0
128 103 1.0
128 115 1.0
128 117 1.0
128 154 1.0
128 182 1.0
128 183 1.0
128 209 1.0
128 211 1.0
128 212 1.0
128 247 1.0
128 252 1.0
129 22 1.0
129 24 1.0
129 56 1.0
129 145 1.0
129 179 1.0
129 211 1.0
129 241 1.0
129 267 1.0
129 282 1.0
130 9 1.0
130 86 1.0
130 89 1.0
130 92 1.0
130 125 1.0
130 167 1.0
130 189 1.0
130 206 1.0
130 215 1.0
130 224 1.0
130 237 1.0
130 266 1.0
130 295 1.0
131 2 1.0
131 18 1.0
131 21 1.0
131 30 1.0
131 115 1.0
131 117 1.0
131 146 1.0
131 149 1.0
131 164 1.0
131 191 1.0
131 198 1.0
131 201 1.0
131 221 1.0
131 262 1.0
132 62 1.0
132 97 1.0
132 129 1.0
132 148 1.0
132 161 1.0
133 29 1.0
133 42 1.0
133 64 1.0
133 74 1.0
133 134 1.0
133 209 1.0
133 221 1.0
134 9 1.0
134 41 1.0
134 113 1.0
134 127 1.0
134 237 1.0
134 250 1.0
134 257 1.0
134 259 1.0
134 285 1.0
135 13 1.0
135 23 1.0
135 41 1.0
135 54 1.0
135 57 1.0
135 62 1.0
135 78 1.0
135 91 1.0
135 97 1.0
135 102 1.0
135 149 1.0
135 184 1.0
135 212 1.0
135 286 1.0
135 295 1.0
136 93 1.0
136 135 1.0
136 144 1.0
136 232 1.0
136 240 1.0
136 241 1.0
136 255 1.0
136 277 1.0
137 19 1.0
137 47 1.0
137 50 1.0
137 55 1.0
137 61 1.0
137 99 1.0
137 123 1.0
137 164 1.0
137 171 1.0
137 194 1.0
137 205 1.0
137 209 1.0
137 212 1.0
137 244 1.0
137 255 1.0
137 279 1.0
138 13 1.0
138 44 1.0
138 76 1.0
138 93 1.0
138 96 1.0
138 109 1.0
138 140 1.0
138 163 1.0
138 192 1.0
138 214 1.0
138 237 1.0
138 241 1.0
138 256 1.0
138 279 1.0
139 5 1.0
139 16 1.0
139 60 1.0
139 73 1.0
139 84 1.0
139 155 1.0
139 158 1.0
139 219 1.0
139 237 1.0
139 249 1.0
139 262 1.0
140 7 1.0
140 26 1.0
140 110 1.0
140 138 1.0
140 142 1.0
140 150 1.0
140 221 1.0
140 235 1.0
140 291 1.0
140 292 1.0
140 296 1.0
141 7 1.0
141 62 1.0
141 132 1.0
141 144 1.0
141 154 1.0
141 189 1.0
141 212 1.0
141 222 1.0
141 260 1.0
141 284 1.0
141 299 1.0
142 12 1.0
142 114 1.0
142 146 1.0
142 150 1.0
142 159 1.0
142 193 1.0
142 199 1.0
142 200 1.0
142 207 1.0
142 210 1.0
142 220 1.0
142 228 1.0
142 239 1.0
142 240 1.0
142 284 1.0
143 4 1.0
143 11 1.0
143 48 1.0
143 57 1.0
143 68 1.0
143 168 1.0
143 180 1.0
143 186 1.0
143 217 1.0
143 218 1.0
143 221 1.0
143 224 1.0
143 270 1.0
143 299 1.0
144 18 1.0
144 20 1.0
144 54 1.0
144 55 1.0
144 86 1.0
144 121 1.0
144 151 1.0
144 161 1.0
144 162 1.0
144 184 1.0
144 205 1.0
144 220 1.0
144 282 1.0
144 296 1.0
145 33 1.0
145 57 1.0
145 77 1.0
145 79 1.0
145 97 1.0
145 186 1.0
145 202 1.0
145 219 1.0
145 224 1.0
145 245 1.0
145 288 1.0
146 9 1.0
146 10 1.0
146 33 1.0
146 48 1.0
146 49 1.0
146 53 1.0
146 83 1.0
146 98 1.0
146 153 1.0
146 171 1.0
146 201 1.0
146 206 1.0
146 283 1.0
147 7 1.0
147 13 1.0
147 59 1.0
147 74 1.0
147 123 1.0
147 156 1.0
147 161 1.0
147 173 1.0
147 178 1.0
147 187 1.0
147 206 1.0
147 250 1.0
147 256 1.0
148 11 1.0
148 19 1.0
148 51 1.0
148 81 1.0
148 121 1.0
148 151 1.0
148 177 1.0
148 208 1.0
148 260 1.0
148 262 1.0
148 264 1.0
148 287 1.0
149 42 1.0
149 52 1.0
149 60 1.0
149 63 1.0
149 88 1.0
149 104 1.0
149 117 1.0
149 193 1.0
149 200 1.0
149 249 1.0
149 260 1.0
149 299 1.0
150 8 1.0
150 51 1.0
150 91 1.0
150 141 1.0
150 166 1.0
150 204 1.0
150 213 1.0
150 219 1.0
150 222 1.0
150 224 1.0
150 237 1.0
150 240 1.0
151 3 1.0
151 4 1.0
151 33 1.0
151 47 1.0
151 64 1.0
151 93 1.0
151 115 1.0
151 136 1.0
151 140 1.0
151 168 1.0
151 171 1.0
151 223 1.0
151 240 1.0
151 255 1.0
152 6 1.0
152 59 1.0
152 79 1.0
152 80 1.0
152 91 1.0
152 93 1.0
152 104 1.0
152 121 1.0
152 143 1.0
152 149 1.0
152 172 1.0
152 185 1.0
152 195 1.0
152 205 1.0
152 223 1.0
152 236 1.0
152 250 1.0
152 295 1.0
152 299 1.0
153 19 1.0
153 46 1.0
153 92 1.0
153 145 1.0
153 168 1.0
153 195 1.0
153 214 1.0
153 220 1.0
153 236 1.0
153 261 1.0
153 275 1.0
153 287 1.0
154 36 1.0
154 37 1.0
154 118 1.0
154 127 1.0
154 161 1.0
154 164 1.0
154 187 1.0
154 189 1.0
154 227 1.0
154 237 1.0
154 244 1.0
154 271 1.0
154 287 1.0
155 9 1.0
155 68 1.0
155 101 1.0
155 142 1.0
155 148 1.0
155 223 1.0
155 243 1.0
155 258 1.0
155 284 1.0
156 36 1.0
156 47 1.0
156 68 1.0
156 73 1.0
156 88 1.0
156 103 1.0
156 104 1.0
156 125 1.0
156 138 1.0
156 161 1.0
156 189 1.0
156 194 1.0
156 200 1.0
156 219 1.0
157 8 1.0
157 18 1.0
157 24 1.0
157 53 1.0
157 67 1.0
157 71 1.0
157 167 1.0
157 180 1.0
157 184 1.0
157 192 1.0
157 202 1.0
157 212 1.0
157 237 1.0
157 246 1.0
158 75 1.0
158 80 1.0
158 86 1.0
158 104 1.0
158 131 1.0
158 145 1.0
158 150 1.0
158 198 1.0
158 207 1.0
158 233 1.0
158 261 1.0
158 267 1.0
158 272 1.0
158 280 1.0
159 51 1.0
159 57 1.0
159 91 1.0
159 100 1.0
159 111 1.0
159 171 1.0
159 197 1.0
159 237 1.0
160 3 1.0
160 9 1.0
160 76 1.0
160 82 1.0
160 105 1.0
160 120 1.0
160 145 1.0
160 150 1.0
160 193 1.0
160 227 1.0
160 239 1.0
160 244 1.0
160 253 1.0
160 263 1.0
160 288 1.0
161 17 1.0
161 96 1.0
161 102 1.0
161 165 1.0
161 232 1.0
161 246 1.0
161 279 1.0
162 4 1.0
162 38 1.0
162 41 1.0
162 72 1.0
162 97 1.0
162 107 1.0
162 131 1.0
162 149 1.0
162 207 1.0
162 233 1.0
162 250 1.0
162 269 1.0
162 272 1.0
162 297 1.0
163 97 1.0
163 118 1.0
163 120 1.0
163 146 1.0
163 164 1.0
163 168 1.0
163 172 1.0
163 175 1.0
163 260 1.0
164 5 1.0
164 116 1.0
164 146 1.0
164 165 1.0
164 171 1.0
164 199 1.0
164 200 1.0
164 210 1.0
164 221 1.0
164 235 1.0
164 287 1.0
165 29 1.0
165 93 1.0
165 95 1.0
165 106 1.0
165 125 1.0
165 127 1.0
165 133 1.0
165 223 1.0
165 230 1.0
165 253 1.0
165 293 1.0
166 5 1.0
166 37 1.0
166 57 1.0
166 64 1.0
166 89 1.0
166 110 1.0
166 129 1.0
166 157 1.0
166 175 1.0
167 11 1.0
167 20 1.0
167 34 1.0
167 43 1.0
167 49 1.0
167 52 1.0
167 80 1.0
167 109 1.0
167 256 1.0
167 257 1.0
167 267 1.0
167 285 1.0
167 286 1.0
167 294 1.0
168 5 1.0
168 12 1.0
168 31 1.0
168 68 1.0
168 112 1.0
168 147 1.0
168 183 1.0
168 260 1.0
168 263 1.0
169 3 1.0
169 11 1.0
169 64 1.0
169 112 1.0
169 115 1.0
169 137 1.0
169 143 1.0
169 148 1.0
169 201 1.0
169 207 1.0
169 213 1.0
169 218 1.0
169 285 1.0
170 39 1.0
170 42 1.0
170 91 1.0
170 146 1.0
170 167 1.0
170 181 1.0
170 188 1.0
170 222 1.0
170 247 1.0
170 268 1.0
171 9 1.0
171 40 1.0
171 91 1.0
171 101 1.0
171 119 1.0
171 143 1.0
171 145 1.0
171 152 1.0
171 196 1.0
171 197 1.0
171 216 1.0
171 245 1.0
171 274 1.0
171 283 1.0
171 290 1.0
171 295 1.0
172 28 1.0
172 72 1.0
172 86 1.0
172 162 1.0
172 180 1.0
172 182 1.0
172 194 1.0
172 199 1.0
172 208 1.0
173 68 1.0
173 78 1.0
173 91 1.0
173 129 1.0
173 136 1.0
173 164 1.0
173 199 1.0
173 220 1.0
173 252 1.0
173 268 1.0
174 8 1.0
174 85 1.0
174 91 1.0
174 129 1.0
174 146 1.0
174 173 1.0
174 195 1.0
174 218 1.0
174 252 1.0
174 265 1.0
175 31 1.0
175 42 1.0
175 67 1.0
175 126 1.0
175 160 1.0
175 181 1.0
175 219 1.0
175 227 1.0
175 255 1.0
175 284 1.0
176 69 1.0
176 90 1.0
176 134 1.0
176 150 1.0
176 167 1.0
176 227 1.0
176 242 1.0
176 254 1.0
177 6 1.0
177 7 1.0
177 74 1.0
177 93 1.0
177 150 1.0
177 228 1.0
177 237 1.0
177 267 1.0
177 289 1.0
177 296 1.0
178 10 1.0
178 15 1.0
178 25 1.0
178 27 1.0
178 28 1.0
178 80 1.0
178 100 1.0
178 103 1.0
178 122 1.0
178 130 1.0
178 190 1.0
178 195 1.0
178 220 1.0
178 228 1.0
178 283 1.0
179 34 1.0
179 132 1.0
179 148 1.0
179 156 1.0
179 197 1.0
179 205 1.0
179 223 1.0
179 266 1.0
179 290 1.0
179 291 1.0
180 89 1.0
180 91 1.0
180 145 1.0
180 187 1.0
180 223 1.0
180 268 1.0
181 37 1.0
181 123 1.0
181 129 1.0
181 194 1.0
181 201 1.0
181 213 1.0
181 214 1.0
181 238 1.0
181 242 1.0
182 32 1.0
182 75 1.0
182 110 1.0
182 121 1.0
182 139 1.0
182 157 1.0
182 189 1.0
182 218 1.0
182 220 1.0
182 243 1.0
182 264 1.0
182 291 1.0
183 9 1.0
183 80 1.0
183 83 1.0
183 97 1.0
183 144 1.0
183 231 1.0
183 235 1.0
183 252 1.0
183 268 1.0
183 281 1.0
183 292 1.0
183 293 1.0
184 16 1.0
184 42 1.0
184 62 1.0
184 73 1.0
184 105 1.0
184 172 1.0
185 88 1.0
185 146 1.0
185 150 1.0
185 224 1.0
185 276 1.0
186 26 1.0
186 28 1.0
186 43 1.0
186 48 1.0
186 59 1.0
186 64 1.0
186 89 1.0
186 122 1.0
186 166 1.0
186 175 1.0
186 189 1.0
186 190 1.0
186 196 1.0
186 225 1.0
186 249 1.0
186 268 1.0
186 292 1.0
187 10 1.0
187 14 1.0
187 107 1.0
187 141 1.0
187 178 1.0
188 20 1.0
188 42 1.0
188 65 1.0
188 125 1.0
188 131 1.0
188 171 1.0
188 178 1.0
188 180 1.0
188 186 1.0
188 205 1.0
188 269 1.0
188 276 1.0
188 286 1.0
189 23 1.0
189 33 1.0
189 79 1.0
189 91 1.0
189 101 1.0
189 135 1.0
189 144 1.0
189 150 1.0
189 163 1.0
189 176 1.0
189 188 1.0
189 212 1.0
189 269 1.0
190 73 1.0
190 95 1.0
190 121 1.0
190 158 1.0
190 161 1.0
190 178 1.0
190 192 1.0
190 235 1.0
190 269 1.0
190 286 1.0
191 12 1.0
191 41 1.0
191 52 1.0
191 64 1.0
191 128 1.0
191 130 1.0
191 179 1.0
191 210 1.0
191 243 1.0
192 20 1.0
192 74 1.0
192 77 1.0
192 97 1.0
192 102 1.0
192 105 1.0
192 113 1.0
192 114 1.0
192 144 1.0
192 147 1.0
192 177 1.0
192 187 1.0
192 239 1.0
192 296 1.0
192 297 1.0
192 299 1.0
193 9 1.0
193 49 1.0
193 71 1.0
193 79 1.0
193 142 1.0
193 144 1.0
193 150 1.0
193 177 1.0
193 196 1.0
193 203 1.0
193 205 1.0
193 271 1.0
194 9 1.0
194 36 1.0
194 40 1.0
194 44 1.0
194 55 1.0
194 67 1.0
194 127 1.0
194 129 1.0
194 190 1.0
194 192 1.0
194 207 1.0
194 209 1.0
194 226 1.0
194 273 1.0
194 288 1.0
195 69 1.0
195 72 1.0
195 76 1.0
195 79 1.0
195 102 1.0
195 141 1.0
195 144 1.0
195 172 1.0
195 179 1.0
195 224 1.0
195 258 1.0
195 271 1.0
196 37 1.0
196 90 1.0
196 96 1.0
196 139 1.0
196 166 1.0
196 191 1.0
196 192 1.0
196 257 1.0
196 283 1.0
196 285 1.0
197 83 1.0
197 99 1.0
197 202 1.0
197 244 1.0
197 249 1.0
197 289 1.0
198 3 1.0
198 5 1.0
198 45 1.0
198 52 1.0
198 63 1.0
198 84 1.0
198 86 1.0
198 98 1.0
198 111 1.0
198 115 1.0
198 126 1.0
198 130 1.0
198 150 1.0
198 179 1.0
198 193 1.0
198 194 1.0
198 195 1.0
199 44 1.0
199 56 1.0
199 91 1.0
199 101 1.0
199 144 1.0
199 157 1.0
199 193 1.0
199 256 1.0
199 264 1.0
199 277 1.0
200 17 1.0
200 20 1.0
200 52 1.0
200 62 1.0
200 70 1.0
200 74 1.0
200 81 1.0
200 96 1.0
200 173 1.0
200 233 1.0
200 244 1.0
200 271 1.0
201 8 1.0
201 11 1.0
201 18 1.0
201 31 1.0
201 80 1.0
201 184 1.0
201 192 1.0
201 219 1.0
201 254 1.0
202 22 1.0
202 88 1.0
202 109 1.0
202 120 1.0
202 221 1.0
202 232 1.0
202 265 1.0
202 282 1.0
203 26 1.0
203 45 1.0
203 49 1.0
203 62 1.0
203 92 1.0
203 126 1.0
203 136 1.0
203 173 1.0
203 188 1.0
203 211 1.0
203 247 1.0
203 259 1.0
203 299 1.0
204 7 1.0
204 22 1.0
204 74 1.0
204 98 1.0
204 154 1.0
204 162 1.0
204 186 1.0
205 37 1.0
205 74 1.0
205 92 1.0
205 140 1.0
205 153 1.0
205 278 1.0
206 7 1.0
206 57 1.0
206 85 1.0
206 88 1.0
206 118 1.0
206 129 1.0
206 138 1.0
206 182 1.0
206 236 1.0
206 257 1.0
207 46 1.0
207 64 1.0
207 89 1.0
207 115 1.0
207 160 1.0
207 168 1.0
207 177 1.0
207 214 1.0
207 274 1.0
208 32 1.0
208 42 1.0
208 75 1.0
208 97 1.0
208 119 1.0
208 124 1.0
208 136 1.0
208 140 1.0
208 172 1.0
208 248 1.0
209 32 1.0
209 130 1.0
209 152 1.0
209 184 1.0
209 185 1.0
209 193 1.0
209 202 1.0
209 211 1.0
209 233 1.0
209 258 1.0
209 269 1.0
209 284 1.0
210 12 1.0
210 47 1.0
210 53 1.0
210 112 1.0
210 119 1.0
210 122 1.0
210 152 1.0
210 174 1.0
210 223 1.0
210 257 1.0
210 281 1.0
210 296 1.0
211 13 1.0
211 16 1.0
211 90 1.0
211 99 1.0
211 106 1.0
211 107 1.0
211 151 1.0
211 187 1.0
211 207 1.0
211 273 1.0
211 298 1.0
211 299 1.0
212 37 1.0
212 93 1.0
212 125 1.0
212 168 1.0
212 191 1.0
212 246 1.0
212 299 1.0
213 37 1.0
213 38 1.0
213 71 1.0
213 91 1.0
213 105 1.0
213 106 1.0
213 107 1.0
213 179 1.0
213 190 1.0
213 226 1.0
213 245 1.0
214 1 1.0
214 22 1.0
214 44 1.0
214 78 1.0
214 91 1.0
214 113 1.0
214 155 1.0
214 162 1.0
214 223 1.0
214 291 1.0
215 33 1.0
215 68 1.0
215 73 1.0
215 100 1.0
215 104 1.0
215 108 1.0
215 146 1.0
215 148 1.0
215 157 1.0
215 163 1.0
215 198 1.0
215 206 1.0
215 237 1.0
216 10 1.0
216 15 1.0
216 32 1.0
216 40 1.0
216 48 1.0
216 59 1.0
216 68 1.0
216 101 1.0
216 110 1.0
216 122 1.0
216 213 1.0
216 238 1.0
217 46 1.0
217 63 1.0
217 67 1.0
217 89 1.0
217 97 1.0
217 128 1.0
217 175 1.0
217 176 1.0
217 290 1.0
217 298 1.0
218 9 1.0
218 74 1.0
218 80 1.0
218 122 1.0
218 173 1.0
218 195 1.0
218 232 1.0
218 251 1.0
218 257 1.0
218 261 1.0
218 299 1.0
219 23 1.0
219 62 1.0
219 64 1.0
219 111 1.0
219 142 1.0
219 156 1.0
219 166 1.0
219 174 1.0
219 199 1.0
219 212 1.0
219 267 1.0
219 277 1.0
220 11 1.0
220 43 1.0
220 69 1.0
220 108 1.0
220 110 1.0
220 153 1.0
220 154 1.0
220 201 1.0
220 204 1.0
220 222 1.0
220 248 1.0
220 254 1.0
220 259 1.0
221 73 1.0
221 82 1.0
221 94 1.0
221 98 1.0
221 105 1.0
221 120 1.0
221 164 1.0
221 174 1.0
221 205 1.0
221 211 1.0
221 250 1.0
222 84 1.0
222 92 1.0
222 114 1.0
222 165 1.0
222 195 1.0
222 212 1.0
222 217 1.0
222 244 1.0
222 245 1.0
222 298 1.0
223 11 1.0
223 26 1.0
223 63 1.0
223 72 1.0
223 123 1.0
223 143 1.0
223 172 1.0
223 173 1.0
223 185 1.0
223 225 1.0
223 281 1.0
224 15 1.0
224 19 1.0
224 35 1.0
224 52 1.0
224 58 1.0
224 89 1.0
224 110 1.0
224 115 1.0
224 129 1.0
224 138 1.0
224 160 1.0
224 212 1.0
224 220 1.0
224 241 1.0
224 253 1.0
224 289 1.0
224 296 1.0
225 28 1.0
225 30 1.0
225 80 1.0
225 115 1.0
225 146 1.0
225 152 1.0
225 207 1.0
225 270 1.0
225 291 1.0
225 297 1.0
226 35 1.0
226 39 1.0
226 43 1.0
226 71 1.0
226 73 1.0
226 108 1.0
226 137 1.0
226 143 1.0
226 164 1.0
226 266 1.0
226 284 1.0
227 73 1.0
227 75 1.0
227 91 1.0
227 139 1.0
227 176 1.0
227 208 1.0
227 216 1.0
228 36 1.0
228 67 1.0
228 84 1.0
228 104 1.0
228 122 1.0
228 176 1.0
228 192 1.0
228 205 1.0
229 97 1.0
229 119 1.0
229 120 1.0
229 140 1.0
229 160 1.0
229 201 1.0
229 203 1.0
229 206 1.0
229 283 1.0
230 13 1.0
230 81 1.0
230 90 1.0
230 92 1.0
230 109 1.0
230 162 1.0
230 185 1.0
230 210 1.0
230 224 1.0
230 226 1.0
230 248 1.0
231 18 1.0
231 24 1.0
231 27 1.0
231 60 1.0
231 125 1.0
231 134 1.0
231 171 1.0
231 180 1.0
231 192 1.0
231 214 1.0
231 238 1.0
231 275 1.0
232 41 1.0
232 72 1.0
232 74 1.0
232 90 1.0
232 95 1.0
232 141 1.0
233 15 1.0
233 19 1.0
233 64 1.0
233 97 1.0
233 117 1.0
233 126 1.0
233 149 1.0
233 158 1.0
233 172 1.0
233 231 1.0
233 239 1.0
233 256 1.0
233 282 1.0
234 10 1.0
234 30 1.0
234 38 1.0
234 44 1.0
234 64 1.0
234 80 1.0
234 99 1.0
234 107 1.0
234 127 1.0
234 141 1.0
234 147 1.0
234 158 1.0
234 186 1.0
234 219 1.0
234 239 1.0
234 295 1.0
235 59 1.0
235 60 1.0
235 88 1.0
235 168 1.0
235 170 1.0
235 176 1.0
235 187 1.0
235 286 1.0
236 72 1.0
236 85 1.0
236 100 1.0
236 107 1.0
236 114 1.0
236 123 1.0
236 179 1.0
236 208 1.0
236 212 1.0
236 241 1.0
236 268 1.0
237 13 1.0
237 23 1.0
237 40 1.0
237 58 1.0
237 112 1.0
237 130 1.0
237 150 1.0
237 159 1.0
237 171 1.0
237 224 1.0
237 290 1.0
238 47 1.0
238 73 1.0
238 92 1.0
238 96 1.0
238 112 1.0
238 116 1.0
238 157 1.0
238 226 1.0
238 250 1.0
239 17 1.0
239 45 1.0
239 133 1.0
239 147 1.0
239 155 1.0
239 158 1.0
239 246 1.0
239 280 1.0
240 20 1.0
240 69 1.0
240 72 1.0
240 109 1.0
240 144 1.0
240 173 1.0
240 188 1.0
240 235 1.0
240 250 1.0
241 4 1.0
241 25 1.0
241 31 1.0
241 34 1.0
241 104 1.0
241 113 1.0
241 167 1.0
241 176 1.0
241 202 1.0
241 203 1.0
241 255 1.0
242 38 1.0
242 47 1.0
242 98 1.0
242 103 1.0
242 128 1.0
242 250 1.0
242 252 1.0
243 24 1.0
243 55 1.0
243 67 1.0
243 202 1.0
243 241 1.0
243 245 1.0
243 277 1.0
244 12 1.0
244 34 1.0
244 45 1.0
244 54 1.0
244 72 1.0
244 84 1.0
244 88 1.0
244 144 1.0
244 182 1.0
244 186 1.0
244 219 1.0
244 258 1.0
245 23 1.0
245 24 1.0
245 35 1.0
245 64 1.0
245 102 1.0
245 104 1.0
245 154 1.0
245 172 1.0
245 193 1.0
245 199 1.0
245 242 1.0
245 249 1.0
245 275 1.0
246 31 1.0
246 200 1.0
246 296 1.0
247 22 1.0
247 48 1.0
247 65 1.0
247 82 1.0
247 102 1.0
247 130 1.0
247 133 1.0
247 135 1.0
247 158 1.0
247 176 1.0
247 189 1.0
247 202 1.0
247 224 1.0
247 243 1.0
247 253 1.0
248 2 1.0
248 49 1.0
248 68 1.0
248 73 1.0
248 94 1.0
248 236 1.0
248 246 1.0
248 269 1.0
249 2 1.0
249 58 1.0
249 60 1.0
249 67 1.0
249 74 1.0
249 121 1.0
249 145 1.0
249 178 1.0
249 201 1.0
249 242 1.0
250 19 1.0
250 34 1.0
250 35 1.0
250 66 1.0
250 134 1.0
250 147 1.0
250 152 1.0
250 162 1.0
250 221 1.0
250 238 1.0
250 240 1.0
250 242 1.0
250 252 1.0
251 5 1.0
251 10 1.0
251 22 1.0
251 34 1.0
251 37 1.0
251 38 1.0
251 65 1.0
251 111 1.0
251 218 1.0
251 272 1.0
251 293 1.0
252 128 1.0
252 173 1.0
252 174 1.0
252 183 1.0
252 242 1.0
252 250 1.0
252 259 1.0
252 283 1.0
252 293 1.0
253 8 1.0
253 58 1.0
253 70 1.0
253 160 1.0
253 165 1.0
253 224 1.0
253 247 1.0
253 281 1.0
253 299 1.0
254 29 1.0
254 39 1.0
254 45 1.0
254 70 1.0
254 83 1.0
254 176 1.0
254 201 1.0
254 220 1.0
254 259 1.0
254 272 1.0
255 39 1.0
255 125 1.0
255 136 1.0
255 137 1.0
255 151 1.0
255 175 1.0
255 241 1.0
255 272 1.0
255 292 1.0
256 39 1.0
256 45 1.0
256 54 1.0
256 92 1.0
256 100 1.0
256 112 1.0
256 138 1.0
256 147 1.0
256 167 1.0
256 199 1.0
256 233 1.0
257 54 1.0
257 95 1.0
257 134 1.0
257 167 1.0
257 196 1.0
257 206 1.0
257 210 1.0
257 218 1.0
257 267 1.0
257 279 1.0
257 290 1.0
257 296 1.0
258 12 1.0
258 69 1.0
258 74 1.0
258 77 1.0
258 155 1.0
258 195 1.0
258 209 1.0
258 244 1.0
258 273 1.0
258 275 1.0
258 286 1.0
258 292 1.0
259 23 1.0
259 35 1.0
259 41 1.0
259 42 1.0
259 51 1.0
259 64 1.0
259 73 1.0
259 91 1.0
259 134 1.0
259 203 1.0
259 220 1.0
259 252 1.0
259 254 1.0
259 279 1.0
259 282 1.0
260 18 1.0
260 58 1.0
260 62 1.0
260 70 1.0
260 71 1.0
260 141 1.0
260 148 1.0
260 149 1.0
260 163 1.0
260 168 1.0
260 274 1.0
260 290 1.0
261 2 1.0
261 18 1.0
261 77 1.0
261 102 1.0
261 153 1.0
261 158 1.0
261 218 1.0
261 274 1.0
261 282 1.0
261 289 1.0
262 18 1.0
262 20 1.0
262 22 1.0
262 26 1.0
262 35 1.0
262 61 1.0
262 90 1.0
262 117 1.0
262 131 1.0
262 139 1.0
262 148 1.0
262 275 1.0
262 279 1.0
262 280 1.0
262 293 1.0
262 299 1.0
263 33 1.0
263 35 1.0
263 160 1.0
263 168 1.0
263 264 1.0
263 268 1.0
263 274 1.0
263 282 1.0
264 21 1.0
264 29 1.0
264 71 1.0
264 77 1.0
264 148 1.0
264 182 1.0
264 199 1.0
264 263 1.0
264 267 1.0
264 269 1.0
264 279 1.0
264 285 1.0
264 289 1.0
265 10 1.0
265 11 1.0
265 14 1.0
265 47 1.0
265 51 1.0
265 98 1.0
265 174 1.0
265 202 1.0
265 265 1.0
265 266 1.0
265 274 1.0
266 0 1.0
266 42 1.0
266 54 1.0
266 121 1.0
266 130 1.0
266 179 1.0
266 226 1.0
266 265 1.0
266 272 1.0
266 290 1.0
267 9 1.0
267 68 1.0
267 106 1.0
267 110 1.0
267 129 1.0
267 158 1.0
267 167 1.0
267 177 1.0
267 219 1.0
267 257 1.0
267 264 1.0
267 284 1.0
267 288 1.0
267 296 1.0
268 7 1.0
268 12 1.0
268 47 1.0
268 170 1.0
268 173 1.0
268 180 1.0
268 183 1.0
268 186 1.0
268 236 1.0
268 263 1.0
268 278 1.0
268 283 1.0
268 286 1.0
269 53 1.0
269 81 1.0
269 162 1.0
269 188 1.0
269 189 1.0
269 190 1.0
269 209 1.0
269 248 1.0
269 264 1.0
269 269 1.0
270 37 1.0
270 41 1.0
270 66 1.0
270 143 1.0
270 225 1.0
270 277 1.0
270 291 1.0
271 24 1.0
271 27 1.0
271 67 1.0
271 119 1.0
271 121 1.0
271 154 1.0
271 193 1.0
271 195 1.0
271 200 1.0
272 35 1.0
272 158 1.0
272 162 1.0
272 251 1.0
272 254 1.0
272 255 1.0
272 266 1.0
272 283 1.0
272 295 1.0
272 299 1.0
273 19 1.0
273 23 1.0
273 52 1.0
273 68 1.0
273 76 1.0
273 100 1.0
273 194 1.0
273 211 1.0
273 258 1.0
274 64 1.0
274 66 1.0
274 74 1.0
274 81 1.0
274 93 1.0
274 95 1.0
274 119 1.0
274 171 1.0
274 207 1.0
274 260 1.0
274 261 1.0
274 263 1.0
274 265 1.0
274 285 1.0
275 3 1.0
275 16 1.0
275 23 1.0
275 28 1.0
275 55 1.0
275 77 1.0
275 153 1.0
275 231 1.0
275 245 1.0
275 258 1.0
275 262 1.0
275 275 1.0
275 294 1.0
276 52 1.0
276 68 1.0
276 117 1.0
276 185 1.0
276 188 1.0
276 282 1.0
276 287 1.0
277 13 1.0
277 18 1.0
277 28 1.0
277 41 1.0
277 42 1.0
277 67 1.0
277 86 1.0
277 136 1.0
277 199 1.0
277 219 1.0
277 243 1.0
277 270 1.0
277 279 1.0
278 13 1.0
278 30 1.0
278 36 1.0
278 46 1.0
278 59 1.0
278 69 1.0
278 98 1.0
278 102 1.0
278 205 1.0
278 268 1.0
279 54 1.0
279 121 1.0
279 137 1.0
279 138 1.0
279 161 1.0
279 257 1.0
279 259 1.0
279 262 1.0
279 264 1.0
279 277 1.0
279 287 1.0
280 8 1.0
280 87 1.0
280 103 1.0
280 121 1.0
280 127 1.0
280 158 1.0
280 239 1.0
280 262 1.0
281 2 1.0
281 23 1.0
281 40 1.0
281 48 1.0
281 109 1.0
281 115 1.0
281 121 1.0
281 183 1.0
281 210 1.0
281 223 1.0
281 253 1.0
281 288 1.0
282 17 1.0
282 27 1.0
282 123 1.0
282 129 1.0
282 144 1.0
282 202 1.0
282 233 1.0
282 259 1.0
282 261 1.0
282 263 1.0
282 276 1.0
283 11 1.0
283 28 1.0
283 34 1.0
283 68 1.0
283 106 1.0
283 146 1.0
283 171 1.0
283 178 1.0
283 196 1.0
283 229 1.0
283 252 1.0
283 268 1.0
283 272 1.0
283 283 1.0
284 1 1.0
284 15 1.0
284 69 1.0
284 83 1.0
284 127 1.0
284 141 1.0
284 142 1.0
284 155 1.0
284 175 1.0
284 209 1.0
284 226 1.0
284 267 1.0
285 25 1.0
285 38 1.0
285 72 1.0
285 134 1.0
285 167 1.0
285 169 1.0
285 196 1.0
285 264 1.0
285 274 1.0
286 35 1.0
286 53 1.0
286 89 1.0
286 92 1.0
286 135 1.0
286 167 1.0
286 188 1.0
286 190 1.0
286 235 1.0
286 258 1.0
286 268 1.0
286 289 1.0
287 4 1.0
287 6 1.0
287 9 1.0
287 13 1.0
287 39 1.0
287 44 1.0
287 82 1.0
287 92 1.0
287 94 1.0
287 148 1.0
287 153 1.0
287 154 1.0
287 164 1.0
287 276 1.0
287 279 1.0
288 16 1.0
288 71 1.0
288 83 1.0
288 145 1.0
288 160 1.0
288 194 1.0
288 267 1.0
288 281 1.0
288 288 1.0
288 294 1.0
289 14 1.0
289 90 1.0
289 119 1.0
289 177 1.0
289 197 1.0
289 224 1.0
289 261 1.0
289 264 1.0
289 286 1.0
289 297 1.0
290 18 1.0
290 126 1.0
290 171 1.0
290 179 1.0
290 217 1.0
290 237 1.0
290 257 1.0
290 260 1.0
290 266 1.0
291 10 1.0
291 26 1.0
291 84 1.0
291 127 1.0
291 140 1.0
291 179 1.0
291 182 1.0
291 214 1.0
291 225 1.0
291 270 1.0
292 0 1.0
292 68 1.0
292 74 1.0
292 118 1.0
292 140 1.0
292 183 1.0
292 186 1.0
292 255 1.0
292 258 1.0
293 6 1.0
293 18 1.0
293 25 1.0
293 37 1.0
293 103 1.0
293 110 1.0
293 165 1.0
293 183 1.0
293 251 1.0
293 252 1.0
293 262 1.0
294 8 1.0
294 22 1.0
294 37 1.0
294 50 1.0
294 66 1.0
294 87 1.0
294 97 1.0
294 167 1.0
294 275 1.0
294 288 1.0
295 2 1.0
295 96 1.0
295 115 1.0
295 130 1.0
295 135 1.0
295 152 1.0
295 171 1.0
295 234 1.0
295 272 1.0
295 297 1.0
296 37 1.0
296 66 1.0
296 68 1.0
296 73 1.0
296 88 1.0
296 140 1.0
296 144 1.0
296 177 1.0
296 192 1.0
296 210 1.0
296 224 1.0
296 246 1.0
296 257 1.0
296 267 1.0
297 3 1.0
297 30 1.0
297 162 1.0
297 192 1.0
297 225 1.0
297 289 1.0
297 295 1.0
298 19 1.0
298 69 1.0
298 81 1.0
298 82 1.0
298 113 1.0
298 211 1.0
298 217 1.0
298 222 1.0
299 72 1.0
299 80 1.0
299 141 1.0
299 143 1.0
299 149 1.0
299 152 1.0
299 192 1.0
299 203 1.0
299 211 1.0
299 212 1.0
299 218 1.0
299 253 1.0
299 262 1.0
299 272 1.0
