0 187
0 72
0 78
1 107
1 286
1 198
1 22
1 182
1 99
2 260
2 254
2 153
2 227
2 142
2 162
2 230
2 55
2 20
2 101
3 72
3 16
3 71
3 94
3 53
3 278
3 209
3 225
4 285
4 215
4 18
4 168
4 189
4 290
4 291
5 36
5 299
5 245
5 280
6 94
6 48
6 37
6 277
6 279
6 71
6 105
7 281
7 76
7 177
7 136
7 175
8 54
8 64
8 12
8 142
9 227
9 17
9 152
9 162
9 250
9 74
9 239
9 135
10 89
10 21
11 131
11 278
12 209
12 249
12 100
12 18
12 70
12 263
13 52
13 132
13 289
13 11
14 126
14 189
14 206
14 219
15 88
15 184
15 284
15 145
15 38
15 58
15 31
16 196
16 172
16 61
16 126
16 1
17 42
17 222
17 264
17 158
17 107
17 45
18 119
18 233
18 88
18 73
18 294
18 218
18 148
19 268
19 246
19 275
19 212
19 144
20 40
20 125
20 19
20 99
20 53
21 230
21 267
21 129
21 95
21 65
22 57
22 0
22 91
22 56
22 108
22 81
23 72
23 222
24 74
24 232
24 109
24 156
24 167
24 221
25 251
25 201
25 91
25 14
25 102
25 182
26 186
26 31
26 8
26 49
26 297
27 70
27 173
27 166
27 292
27 50
27 221
27 213
27 177
28 140
28 286
28 144
29 286
30 55
30 290
30 220
30 218
31 62
31 248
31 289
31 291
31 14
31 221
31 124
32 55
32 272
32 93
32 120
32 177
32 0
32 240
33 224
33 1
33 109
33 142
33 73
33 29
33 45
34 230
34 238
34 90
34 178
34 192
34 92
34 19
35 228
35 278
35 40
35 86
36 292
36 294
36 77
36 130
36 74
36 20
36 191
37 58
37 177
37 219
37 65
38 97
38 12
38 152
38 54
38 46
38 150
39 220
39 80
39 180
39 197
39 3
39 91
39 111
40 58
40 196
40 217
40 122
40 291
41 104
41 96
41 29
42 143
42 78
43 157
43 55
43 31
44 216
44 255
44 152
44 290
44 257
44 72
45 75
45 188
45 48
45 116
45 262
45 60
45 190
45 288
45 80
45 237
46 30
46 170
46 43
46 299
46 159
46 152
46 31
46 181
46 126
47 223
47 240
47 51
47 15
47 180
48 51
48 186
48 82
48 56
48 142
48 62
48 284
48 90
49 97
49 36
49 63
49 83
49 218
49 42
50 18
50 37
50 51
50 59
50 174
50 94
51 100
51 37
51 214
51 84
51 231
51 18
51 269
51 11
51 208
51 261
51 102
51 135
52 188
52 231
52 86
52 88
52 54
52 154
52 200
53 55
53 24
53 289
53 192
53 63
53 234
53 161
53 26
53 193
54 191
54 86
54 12
55 148
55 118
55 237
55 253
55 130
55 246
55 184
56 179
56 167
56 104
56 94
56 293
56 203
56 44
56 240
57 177
57 186
57 149
57 190
57 193
58 263
58 144
59 122
59 199
59 284
60 24
60 193
60 183
60 43
61 172
61 12
61 282
62 221
62 261
62 215
62 271
62 98
63 261
63 48
63 154
63 70
63 86
64 226
64 193
64 176
64 0
64 267
64 102
65 34
65 153
65 287
65 143
66 193
66 2
66 122
66 56
66 270
66 45
66 135
66 295
67 7
67 70
67 129
67 290
67 13
67 74
67 145
67 118
67 32
68 228
68 20
68 130
68 43
68 89
68 131
68 53
68 97
68 128
68 295
68 181
69 78
69 238
69 276
70 212
70 90
70 155
70 72
70 203
70 149
70 125
71 242
71 276
71 130
71 114
71 221
71 253
71 103
72 247
72 130
72 197
72 232
73 67
73 51
73 118
74 167
74 193
74 278
74 197
74 1
74 3
74 201
74 105
75 193
75 0
75 262
75 126
75 228
75 30
75 38
75 185
75 115
75 277
75 50
76 147
76 45
76 96
76 262
77 201
77 110
77 280
77 178
77 131
77 0
77 75
78 296
78 266
78 15
79 153
79 214
79 114
79 77
80 32
80 214
80 150
80 226
81 66
81 119
81 13
81 109
81 141
81 223
81 51
82 192
82 90
82 73
82 217
82 21
83 229
83 242
83 194
83 255
84 268
84 231
84 18
84 145
84 195
84 224
84 62
84 256
84 250
85 299
85 226
85 204
86 165
86 249
86 222
86 285
87 153
87 156
87 151
87 31
87 74
87 104
88 162
88 12
88 158
88 215
88 99
88 62
89 159
90 211
90 55
90 60
90 106
91 170
92 84
92 55
92 179
92 74
92 91
92 11
92 223
92 291
93 201
93 22
93 84
93 114
93 43
94 50
94 86
94 237
94 192
95 239
95 7
95 21
95 180
95 4
95 154
95 84
95 94
95 270
95 47
96 119
96 195
96 7
96 53
96 185
97 95
97 281
97 149
97 181
97 299
97 137
97 245
97 282
97 77
98 31
98 208
98 233
98 279
98 163
98 191
98 72
98 128
99 118
99 37
99 31
99 147
99 88
99 193
100 88
100 21
100 136
100 10
100 188
100 257
101 88
101 13
101 19
101 140
101 27
101 49
102 46
102 168
102 166
102 127
103 138
103 2
103 44
104 189
104 256
104 133
104 186
104 285
104 90
104 123
105 148
105 133
105 288
105 65
106 50
106 194
106 67
106 190
106 1
106 20
106 161
107 6
107 119
107 63
108 7
108 249
108 57
108 185
108 290
108 50
108 74
108 85
108 73
109 266
109 183
110 90
110 60
110 81
110 72
110 132
111 55
111 16
111 181
111 37
111 98
111 103
112 252
112 214
112 56
112 177
112 232
112 126
112 67
112 184
112 18
112 196
113 281
113 129
113 33
113 50
113 1
113 196
114 216
114 277
114 178
114 169
114 196
115 66
115 63
115 46
115 68
115 232
115 19
115 147
116 253
116 16
116 134
116 234
116 166
116 193
117 18
117 172
117 174
117 65
117 181
117 252
118 13
118 225
118 236
118 77
118 246
118 70
118 182
119 228
119 200
119 165
119 283
120 19
120 267
120 203
121 39
121 166
121 163
121 281
121 275
121 122
121 160
121 91
121 28
121 100
121 223
122 149
122 105
122 241
123 52
123 92
123 146
123 90
124 273
124 297
124 187
124 153
124 60
124 139
125 132
125 34
125 240
125 123
125 299
125 181
126 234
126 91
126 167
126 172
126 153
126 139
126 8
126 41
126 72
126 208
127 275
127 29
127 73
127 243
127 106
127 75
127 265
128 36
128 78
128 79
128 256
129 85
129 67
129 284
129 61
129 204
129 214
129 233
129 17
130 66
130 99
130 104
130 85
130 200
130 275
130 55
131 264
131 202
131 122
131 111
131 209
131 160
131 141
131 81
131 42
131 275
132 286
132 137
132 204
132 220
133 216
133 225
133 24
133 209
133 51
133 276
133 235
133 281
134 124
134 226
134 202
134 99
134 44
134 291
134 3
134 188
135 188
135 187
135 0
135 247
135 45
135 42
135 283
135 71
136 240
136 62
136 203
136 192
136 61
136 6
136 86
136 93
136 258
136 144
137 55
137 267
138 14
138 293
138 37
138 295
138 135
138 266
138 97
138 296
139 175
139 110
139 54
139 47
139 231
139 173
140 232
140 253
140 39
140 25
140 9
141 131
141 6
141 83
141 220
141 288
141 19
142 280
142 104
142 236
142 17
142 263
142 244
142 200
143 66
143 283
143 140
143 135
143 209
143 184
143 109
143 266
143 251
143 227
143 164
143 24
144 237
144 137
144 168
145 230
145 127
145 81
145 23
145 213
145 246
146 183
146 46
146 275
146 180
146 223
146 104
146 222
146 151
146 28
147 204
147 286
147 168
147 4
147 190
147 210
147 231
147 201
147 91
147 261
148 18
148 119
148 105
149 215
149 228
150 42
150 291
150 293
151 186
151 232
151 282
151 233
151 218
151 255
151 82
152 53
152 196
152 120
153 280
153 142
153 110
153 199
153 138
154 207
154 232
154 1
154 3
154 253
154 205
154 43
155 245
155 250
155 109
155 100
155 8
155 291
156 123
156 38
156 246
156 212
156 283
156 15
156 227
157 185
157 273
157 290
157 93
158 161
158 48
158 34
158 213
158 116
158 3
159 34
159 198
159 203
159 14
159 288
159 201
159 83
159 104
159 209
159 177
160 133
160 265
160 243
161 255
161 74
161 257
161 87
161 221
161 271
162 153
162 251
162 148
162 245
162 146
162 268
162 196
162 161
162 267
163 103
163 281
163 170
163 59
163 203
163 57
163 188
164 8
164 214
164 189
164 261
164 80
164 165
164 63
164 97
165 218
165 180
165 266
165 79
165 239
166 69
166 224
166 120
166 139
166 259
167 9
167 152
167 177
167 224
167 36
167 30
167 288
168 109
168 52
168 110
168 149
168 239
168 3
168 81
168 10
169 25
169 106
169 296
169 213
170 260
170 279
170 221
171 35
171 91
171 274
171 7
171 259
171 6
172 284
172 70
172 236
172 227
172 234
172 141
172 260
172 286
172 114
172 46
173 106
173 114
173 233
173 132
174 226
174 148
174 176
174 14
174 261
174 217
174 58
175 298
175 181
175 122
175 147
176 107
176 285
176 45
176 175
177 219
177 142
177 282
177 148
178 23
178 195
178 290
178 33
178 74
178 196
179 222
179 27
180 273
180 145
180 184
180 228
180 87
180 212
180 254
180 150
180 143
180 187
180 5
181 176
181 188
181 229
181 15
181 158
181 127
181 169
182 211
182 4
182 234
182 175
182 66
182 261
182 164
182 132
182 240
183 114
183 124
183 202
183 20
184 111
184 259
184 129
184 83
185 142
185 227
185 108
185 165
185 167
185 135
185 105
185 238
185 192
185 30
186 257
186 270
186 168
186 208
186 105
186 101
186 177
186 147
187 235
187 194
187 254
187 186
187 107
187 128
187 227
187 68
187 250
188 91
188 110
188 55
188 286
188 89
189 4
189 269
189 84
189 292
189 202
190 33
190 142
190 213
190 23
190 15
190 57
191 160
191 272
191 134
192 268
192 125
192 18
192 264
192 253
193 181
193 86
193 228
193 95
193 259
194 171
194 118
194 103
194 89
194 107
194 297
194 263
195 202
195 181
195 149
195 41
195 29
195 250
195 135
195 119
195 144
196 22
196 253
196 132
196 168
196 226
196 285
196 102
197 161
197 112
197 12
197 128
198 295
198 54
198 176
198 57
198 238
198 240
199 129
199 85
199 51
199 77
199 299
199 56
199 203
200 147
200 100
200 91
200 157
200 267
201 149
201 283
201 46
201 195
201 132
201 27
201 261
202 227
202 155
202 274
202 21
202 148
202 15
202 188
202 134
202 193
203 147
203 7
203 4
203 155
204 174
204 29
204 70
204 192
204 119
204 136
204 217
204 166
204 149
204 246
205 290
205 12
205 257
205 103
205 224
205 55
206 220
206 56
206 126
206 12
207 245
207 157
207 268
207 229
207 296
207 170
207 176
207 252
207 199
208 88
208 86
208 44
209 17
209 102
209 270
209 54
209 107
209 67
209 86
209 73
210 181
210 157
210 148
211 122
211 81
211 215
212 235
212 74
212 132
212 47
212 142
213 131
213 59
213 287
213 243
214 113
214 224
215 209
215 260
215 297
215 182
215 180
215 179
215 107
216 76
216 7
216 221
216 199
216 26
217 207
217 210
217 103
217 49
217 35
217 263
218 286
218 43
218 271
219 136
219 171
219 266
219 37
219 270
219 17
219 164
219 185
219 299
220 205
220 129
220 80
221 286
221 228
221 257
221 135
221 4
221 256
221 37
222 22
222 266
222 298
222 197
223 190
223 262
223 44
223 256
224 157
224 163
224 94
224 246
224 273
224 202
224 77
224 108
225 61
225 241
225 251
225 55
225 143
225 35
225 125
226 234
226 274
226 50
226 88
226 100
227 30
227 122
227 0
227 266
227 286
227 185
227 65
228 113
228 109
228 61
229 235
229 47
229 4
229 84
229 299
230 222
230 192
230 271
230 203
231 287
231 269
231 94
231 166
231 278
231 193
231 217
231 143
231 19
232 43
232 146
232 20
232 219
232 7
232 238
233 105
233 226
233 150
233 203
233 192
233 3
233 122
234 124
234 239
234 57
235 216
235 233
235 147
235 217
235 105
236 252
236 238
236 22
236 229
236 282
236 0
237 152
237 277
237 299
237 294
237 165
237 246
238 183
238 132
238 159
238 112
238 278
238 291
239 103
239 83
239 86
239 205
239 129
239 23
240 234
240 169
241 253
241 91
241 49
242 130
242 56
242 46
242 184
242 18
242 76
242 117
243 133
243 298
243 270
243 94
244 172
245 116
245 20
245 230
245 217
245 137
246 106
246 111
246 264
247 80
247 133
247 143
248 134
248 106
248 256
248 140
248 249
248 137
248 263
248 181
249 242
249 1
249 11
249 38
249 190
249 264
249 150
250 111
250 222
250 186
250 38
250 110
251 16
251 22
251 252
251 185
252 215
252 69
252 70
252 22
253 289
253 13
253 9
253 280
253 18
253 103
253 70
253 134
253 35
254 118
254 79
254 234
254 279
254 146
254 226
254 93
254 273
254 103
255 84
255 257
255 206
255 24
255 221
255 35
255 54
256 244
256 229
256 82
256 49
256 275
257 41
257 74
257 85
257 280
257 289
257 218
257 241
257 134
258 66
258 273
258 263
258 240
258 89
258 185
258 194
258 184
259 159
259 170
260 133
260 208
260 228
260 98
260 292
260 106
260 132
260 73
261 121
261 140
261 38
261 162
262 70
262 5
263 45
263 281
263 131
263 232
263 8
263 50
263 221
264 148
264 234
264 12
264 95
264 38
264 24
265 44
265 72
265 228
265 249
266 245
266 115
266 154
266 241
266 121
266 222
266 260
267 299
267 290
267 268
268 151
268 158
268 116
268 200
269 127
269 114
269 53
269 259
269 10
270 176
270 52
270 120
270 129
270 241
271 31
271 294
271 54
271 179
272 73
272 170
272 105
272 88
272 124
273 97
273 179
274 180
274 42
274 36
274 165
274 196
275 172
275 158
275 224
275 128
275 66
276 204
276 32
276 261
276 33
276 58
276 232
277 94
277 58
277 34
277 251
277 57
278 36
278 76
278 240
279 69
279 25
279 147
280 16
280 204
280 80
280 55
280 41
280 18
280 213
281 125
281 295
281 298
282 5
282 170
282 241
282 43
282 48
282 224
282 50
283 150
283 53
283 78
284 227
284 178
284 297
284 66
284 280
285 7
285 78
285 143
285 270
285 184
285 253
285 277
285 160
286 235
286 177
286 142
287 239
287 44
287 262
287 240
288 102
288 208
288 188
288 223
288 234
288 147
288 200
288 132
289 212
289 60
289 51
290 164
290 299
290 208
290 296
291 131
291 8
291 201
291 261
291 208
292 227
292 4
292 2
292 3
292 134
292 274
293 289
293 56
293 144
293 110
293 7
293 108
294 109
294 285
294 45
295 163
295 83
295 39
295 123
295 49
296 67
296 95
296 144
297 128
297 146
297 127
297 33
298 136
298 117
298 184
298 288
298 150
299 129
299 142
299 201
299 178
