0 63 1.0
0 69 1.0
0 157 1.0
1 18 1.0
1 90 1.0
1 152 1.0
1 166 1.0
1 238 1.0
1 261 1.0
1 280 1.0
2 14 1.0
2 46 1.0
2 63 1.0
2 81 1.0
2 172 1.0
2 186 1.0
2 232 1.0
2 250 1.0
2 275 1.0
3 159 1.0
3 177 1.0
3 237 1.0
3 242 1.0
3 243 1.0
3 289 1.0
4 32 1.0
4 249 1.0
5 41 1.0
5 81 1.0
5 231 1.0
5 233 1.0
5 264 1.0
6 67 1.0
6 115 1.0
6 149 1.0
6 234 1.0
7 11 1.0
7 47 1.0
7 56 1.0
7 121 1.0
7 255 1.0
8 65 1.0
8 114 1.0
8 129 1.0
8 138 1.0
8 188 1.0
8 199 1.0
8 207 1.0
8 273 1.0
8 299 1.0
9 17 1.0
9 77 1.0
9 276 1.0
10 232 1.0
10 262 1.0
11 62 1.0
11 86 1.0
11 172 1.0
11 206 1.0
11 262 1.0
12 10 1.0
12 45 1.0
12 241 1.0
13 27 1.0
13 33 1.0
13 51 1.0
13 76 1.0
13 123 1.0
13 154 1.0
13 236 1.0
13 279 1.0
14 1 1.0
14 107 1.0
14 146 1.0
14 291 1.0
15 175 1.0
15 223 1.0
15 229 1.0
15 263 1.0
15 291 1.0
16 15 1.0
16 34 1.0
16 46 1.0
16 106 1.0
16 257 1.0
16 275 1.0
17 57 1.0
17 82 1.0
17 110 1.0
17 191 1.0
17 222 1.0
18 0 1.0
18 49 1.0
18 50 1.0
18 71 1.0
18 79 1.0
18 91 1.0
19 63 1.0
19 183 1.0
20 65 1.0
20 92 1.0
20 133 1.0
20 143 1.0
20 182 1.0
20 193 1.0
20 282 1.0
21 79 1.0
21 152 1.0
21 168 1.0
21 208 1.0
21 252 1.0
22 7 1.0
22 27 1.0
22 42 1.0
22 156 1.0
22 247 1.0
23 43 1.0
23 62 1.0
23 142 1.0
23 147 1.0
23 176 1.0
23 182 1.0
23 244 1.0
24 119 1.0
24 238 1.0
25 238 1.0
26 48 1.0
26 180 1.0
26 181 1.0
26 242 1.0
27 54 1.0
27 105 1.0
27 182 1.0
27 205 1.0
27 241 1.0
27 243 1.0
28 0 1.0
28 48 1.0
28 200 1.0
28 226 1.0
29 1 1.0
29 25 1.0
29 39 1.0
29 64 1.0
29 92 1.0
29 121 1.0
29 185 1.0
29 263 1.0
30 15 1.0
30 78 1.0
30 80 1.0
30 161 1.0
30 191 1.0
30 198 1.0
30 299 1.0
31 34 1.0
31 74 1.0
31 189 1.0
31 232 1.0
31 265 1.0
32 16 1.0
32 65 1.0
32 68 1.0
32 111 1.0
32 160 1.0
32 244 1.0
32 245 1.0
33 11 1.0
33 47 1.0
33 84 1.0
33 127 1.0
33 129 1.0
33 258 1.0
33 299 1.0
34 51 1.0
34 103 1.0
34 179 1.0
34 243 1.0
35 25 1.0
35 83 1.0
35 297 1.0
36 69 1.0
36 122 1.0
36 297 1.0
37 27 1.0
37 48 1.0
37 273 1.0
37 295 1.0
38 63 1.0
38 129 1.0
38 178 1.0
38 212 1.0
38 214 1.0
38 242 1.0
39 41 1.0
39 53 1.0
39 66 1.0
39 98 1.0
39 158 1.0
39 197 1.0
39 219 1.0
39 240 1.0
39 286 1.0
40 13 1.0
40 44 1.0
40 151 1.0
40 184 1.0
40 200 1.0
40 282 1.0
40 283 1.0
41 44 1.0
41 49 1.0
41 54 1.0
41 78 1.0
41 121 1.0
41 156 1.0
41 236 1.0
41 296 1.0
42 32 1.0
42 36 1.0
42 55 1.0
42 72 1.0
42 84 1.0
42 180 1.0
43 44 1.0
43 52 1.0
43 81 1.0
43 148 1.0
44 10 1.0
44 86 1.0
44 114 1.0
44 192 1.0
44 218 1.0
44 224 1.0
45 47 1.0
45 74 1.0
45 76 1.0
45 131 1.0
45 158 1.0
45 167 1.0
45 192 1.0
45 261 1.0
46 20 1.0
46 22 1.0
46 48 1.0
46 55 1.0
46 137 1.0
46 161 1.0
46 162 1.0
46 195 1.0
46 241 1.0
46 293 1.0
47 11 1.0
47 74 1.0
47 160 1.0
48 100 1.0
48 111 1.0
48 125 1.0
48 154 1.0
48 197 1.0
48 210 1.0
48 269 1.0
48 282 1.0
49 38 1.0
49 81 1.0
49 143 1.0
49 200 1.0
49 292 1.0
50 126 1.0
50 156 1.0
50 162 1.0
50 278 1.0
51 258 1.0
52 103 1.0
52 236 1.0
53 20 1.0
53 37 1.0
53 153 1.0
53 162 1.0
54 85 1.0
54 177 1.0
54 182 1.0
54 218 1.0
55 41 1.0
55 62 1.0
55 74 1.0
55 131 1.0
55 218 1.0
55 285 1.0
56 0 1.0
56 150 1.0
56 162 1.0
56 187 1.0
56 222 1.0
57 30 1.0
57 122 1.0
57 130 1.0
57 239 1.0
57 260 1.0
57 285 1.0
58 39 1.0
58 49 1.0
58 103 1.0
58 114 1.0
58 162 1.0
58 225 1.0
59 6 1.0
59 12 1.0
59 28 1.0
59 62 1.0
59 65 1.0
59 100 1.0
59 110 1.0
59 123 1.0
59 242 1.0
59 256 1.0
60 16 1.0
60 37 1.0
60 46 1.0
60 77 1.0
60 84 1.0
60 109 1.0
60 111 1.0
60 189 1.0
60 270 1.0
61 69 1.0
61 198 1.0
61 230 1.0
61 250 1.0
62 63 1.0
62 78 1.0
62 106 1.0
62 126 1.0
62 132 1.0
62 175 1.0
62 250 1.0
62 260 1.0
63 111 1.0
63 165 1.0
63 193 1.0
63 204 1.0
64 44 1.0
64 59 1.0
64 100 1.0
64 250 1.0
64 268 1.0
65 1 1.0
65 2 1.0
65 143 1.0
65 162 1.0
65 165 1.0
65 168 1.0
65 232 1.0
65 277 1.0
66 0 1.0
66 26 1.0
66 33 1.0
66 43 1.0
66 97 1.0
66 107 1.0
66 155 1.0
66 162 1.0
66 189 1.0
66 219 1.0
66 231 1.0
66 269 1.0
66 286 1.0
67 39 1.0
67 83 1.0
67 219 1.0
67 252 1.0
67 267 1.0
68 0 1.0
68 66 1.0
68 168 1.0
69 13 1.0
69 221 1.0
69 246 1.0
69 255 1.0
70 68 1.0
70 96 1.0
70 130 1.0
70 299 1.0
71 12 1.0
71 44 1.0
71 58 1.0
71 92 1.0
71 101 1.0
71 120 1.0
71 184 1.0
71 287 1.0
72 163 1.0
72 190 1.0
72 201 1.0
72 212 1.0
72 256 1.0
73 187 1.0
73 249 1.0
73 264 1.0
74 141 1.0
74 183 1.0
74 206 1.0
74 237 1.0
75 27 1.0
75 65 1.0
75 128 1.0
75 130 1.0
75 133 1.0
75 291 1.0
76 11 1.0
76 54 1.0
76 134 1.0
76 138 1.0
76 177 1.0
76 261 1.0
77 135 1.0
77 274 1.0
78 48 1.0
78 53 1.0
78 89 1.0
78 174 1.0
78 250 1.0
78 271 1.0
78 274 1.0
79 145 1.0
80 10 1.0
80 48 1.0
80 65 1.0
80 79 1.0
80 184 1.0
80 243 1.0
80 298 1.0
81 43 1.0
81 74 1.0
81 161 1.0
81 197 1.0
82 3 1.0
82 6 1.0
82 17 1.0
82 40 1.0
82 81 1.0
82 131 1.0
82 151 1.0
82 199 1.0
82 225 1.0
83 6 1.0
83 46 1.0
83 101 1.0
83 155 1.0
83 164 1.0
83 253 1.0
83 291 1.0
84 68 1.0
84 82 1.0
84 116 1.0
84 126 1.0
84 234 1.0
84 249 1.0
84 263 1.0
85 27 1.0
85 63 1.0
85 109 1.0
85 139 1.0
85 160 1.0
85 194 1.0
85 233 1.0
85 256 1.0
86 9 1.0
86 17 1.0
86 76 1.0
86 115 1.0
86 158 1.0
86 214 1.0
87 12 1.0
87 15 1.0
87 23 1.0
87 42 1.0
87 76 1.0
87 119 1.0
87 289 1.0
88 38 1.0
88 117 1.0
88 270 1.0
89 1 1.0
89 16 1.0
89 43 1.0
89 59 1.0
89 137 1.0
89 163 1.0
89 272 1.0
90 5 1.0
90 55 1.0
90 101 1.0
90 256 1.0
90 299 1.0
91 6 1.0
91 43 1.0
91 50 1.0
91 64 1.0
91 65 1.0
91 73 1.0
91 155 1.0
91 206 1.0
91 242 1.0
91 264 1.0
91 284 1.0
92 153 1.0
92 221 1.0
92 290 1.0
93 14 1.0
93 48 1.0
93 85 1.0
93 88 1.0
94 49 1.0
94 59 1.0
94 107 1.0
94 154 1.0
94 193 1.0
94 209 1.0
94 269 1.0
95 1 1.0
95 29 1.0
95 43 1.0
95 110 1.0
95 234 1.0
95 260 1.0
95 267 1.0
96 144 1.0
96 178 1.0
96 231 1.0
97 15 1.0
97 55 1.0
97 58 1.0
97 60 1.0
97 193 1.0
97 260 1.0
98 14 1.0
98 113 1.0
98 142 1.0
98 162 1.0
98 195 1.0
98 210 1.0
98 253 1.0
99 57 1.0
99 146 1.0
99 148 1.0
99 209 1.0
100 12 1.0
100 62 1.0
100 68 1.0
100 152 1.0
100 186 1.0
100 196 1.0
100 250 1.0
101 141 1.0
101 167 1.0
101 189 1.0
101 235 1.0
102 24 1.0
102 79 1.0
102 86 1.0
102 103 1.0
102 136 1.0
102 139 1.0
102 142 1.0
102 184 1.0
102 229 1.0
102 234 1.0
102 266 1.0
102 294 1.0
103 126 1.0
103 290 1.0
104 45 1.0
104 78 1.0
104 80 1.0
104 124 1.0
105 53 1.0
105 118 1.0
105 130 1.0
105 157 1.0
105 227 1.0
105 247 1.0
106 30 1.0
106 104 1.0
106 200 1.0
106 249 1.0
106 270 1.0
106 299 1.0
107 7 1.0
107 35 1.0
107 63 1.0
107 79 1.0
107 118 1.0
107 130 1.0
107 143 1.0
107 146 1.0
107 195 1.0
108 25 1.0
108 64 1.0
108 66 1.0
108 89 1.0
108 202 1.0
108 220 1.0
108 229 1.0
108 265 1.0
109 32 1.0
109 69 1.0
109 70 1.0
109 213 1.0
109 257 1.0
109 280 1.0
110 59 1.0
110 73 1.0
110 194 1.0
110 236 1.0
110 272 1.0
110 279 1.0
111 48 1.0
111 58 1.0
111 73 1.0
111 167 1.0
111 229 1.0
111 259 1.0
112 20 1.0
112 44 1.0
112 172 1.0
112 178 1.0
112 186 1.0
112 230 1.0
112 234 1.0
112 265 1.0
113 2 1.0
113 38 1.0
113 105 1.0
113 158 1.0
113 187 1.0
113 243 1.0
114 0 1.0
114 36 1.0
114 39 1.0
114 157 1.0
114 158 1.0
114 204 1.0
114 235 1.0
115 5 1.0
115 54 1.0
115 74 1.0
115 161 1.0
115 200 1.0
115 215 1.0
116 48 1.0
116 222 1.0
116 278 1.0
117 84 1.0
117 114 1.0
117 221 1.0
117 246 1.0
117 265 1.0
117 294 1.0
118 40 1.0
118 47 1.0
118 147 1.0
118 149 1.0
118 192 1.0
119 8 1.0
119 21 1.0
119 193 1.0
119 210 1.0
119 286 1.0
120 5 1.0
120 15 1.0
120 72 1.0
120 181 1.0
120 240 1.0
121 167 1.0
121 196 1.0
121 203 1.0
122 20 1.0
122 58 1.0
122 92 1.0
122 114 1.0
122 119 1.0
122 140 1.0
122 154 1.0
122 172 1.0
122 188 1.0
122 208 1.0
122 221 1.0
122 235 1.0
122 256 1.0
123 19 1.0
123 71 1.0
123 108 1.0
123 176 1.0
123 191 1.0
123 266 1.0
123 278 1.0
123 296 1.0
124 24 1.0
124 128 1.0
124 151 1.0
124 153 1.0
124 183 1.0
124 184 1.0
124 229 1.0
124 299 1.0
125 101 1.0
125 283 1.0
126 177 1.0
126 189 1.0
127 36 1.0
127 243 1.0
128 156 1.0
128 180 1.0
128 193 1.0
128 194 1.0
128 212 1.0
129 46 1.0
129 284 1.0
130 117 1.0
130 121 1.0
130 268 1.0
131 1 1.0
131 2 1.0
131 37 1.0
131 169 1.0
131 171 1.0
131 193 1.0
131 210 1.0
131 299 1.0
132 7 1.0
132 86 1.0
132 92 1.0
132 207 1.0
132 243 1.0
133 13 1.0
133 33 1.0
133 104 1.0
133 175 1.0
133 188 1.0
133 235 1.0
134 2 1.0
134 30 1.0
134 41 1.0
134 98 1.0
134 137 1.0
134 176 1.0
134 294 1.0
135 30 1.0
135 72 1.0
135 166 1.0
135 168 1.0
135 172 1.0
135 240 1.0
135 298 1.0
136 112 1.0
136 202 1.0
136 220 1.0
136 273 1.0
137 65 1.0
137 75 1.0
137 182 1.0
137 212 1.0
137 214 1.0
138 124 1.0
138 125 1.0
138 130 1.0
138 137 1.0
138 208 1.0
138 222 1.0
138 223 1.0
139 50 1.0
139 52 1.0
139 88 1.0
139 145 1.0
139 158 1.0
139 234 1.0
140 7 1.0
140 55 1.0
140 84 1.0
140 141 1.0
140 159 1.0
140 218 1.0
140 282 1.0
141 70 1.0
141 151 1.0
141 180 1.0
141 199 1.0
141 221 1.0
141 255 1.0
141 264 1.0
141 278 1.0
142 61 1.0
142 118 1.0
142 185 1.0
142 216 1.0
143 8 1.0
143 26 1.0
143 32 1.0
143 129 1.0
143 185 1.0
143 240 1.0
144 21 1.0
144 89 1.0
144 176 1.0
144 246 1.0
145 182 1.0
145 217 1.0
145 233 1.0
145 252 1.0
146 62 1.0
146 96 1.0
146 120 1.0
146 188 1.0
146 195 1.0
146 196 1.0
146 217 1.0
146 236 1.0
146 238 1.0
147 89 1.0
147 96 1.0
147 194 1.0
147 258 1.0
147 280 1.0
148 51 1.0
148 125 1.0
148 150 1.0
148 179 1.0
148 187 1.0
148 218 1.0
148 295 1.0
149 103 1.0
149 248 1.0
150 39 1.0
150 90 1.0
150 149 1.0
150 237 1.0
150 274 1.0
151 4 1.0
151 75 1.0
151 122 1.0
151 123 1.0
151 127 1.0
151 154 1.0
151 157 1.0
151 175 1.0
151 189 1.0
151 211 1.0
151 227 1.0
151 289 1.0
152 3 1.0
152 58 1.0
152 140 1.0
152 149 1.0
152 174 1.0
152 195 1.0
152 200 1.0
152 218 1.0
153 16 1.0
153 96 1.0
153 105 1.0
153 299 1.0
154 72 1.0
154 93 1.0
154 110 1.0
154 216 1.0
154 276 1.0
155 26 1.0
155 91 1.0
155 114 1.0
155 121 1.0
155 141 1.0
155 143 1.0
155 161 1.0
155 188 1.0
155 198 1.0
156 87 1.0
156 214 1.0
156 225 1.0
157 60 1.0
157 90 1.0
157 109 1.0
157 156 1.0
157 163 1.0
157 188 1.0
157 207 1.0
157 211 1.0
157 277 1.0
158 48 1.0
158 77 1.0
158 79 1.0
158 238 1.0
158 259 1.0
158 286 1.0
159 3 1.0
159 224 1.0
159 244 1.0
160 113 1.0
160 136 1.0
160 226 1.0
161 106 1.0
161 210 1.0
161 223 1.0
161 274 1.0
161 283 1.0
162 74 1.0
162 82 1.0
162 189 1.0
162 216 1.0
162 253 1.0
162 266 1.0
162 268 1.0
163 77 1.0
163 88 1.0
163 90 1.0
163 100 1.0
163 247 1.0
163 256 1.0
163 281 1.0
164 25 1.0
164 35 1.0
164 101 1.0
164 114 1.0
164 126 1.0
164 207 1.0
165 11 1.0
165 94 1.0
165 109 1.0
165 137 1.0
166 47 1.0
166 50 1.0
166 150 1.0
166 198 1.0
166 200 1.0
166 295 1.0
167 79 1.0
167 86 1.0
167 222 1.0
167 275 1.0
167 284 1.0
168 23 1.0
168 126 1.0
168 164 1.0
168 218 1.0
168 235 1.0
168 292 1.0
169 11 1.0
169 48 1.0
169 88 1.0
169 185 1.0
169 214 1.0
169 242 1.0
170 11 1.0
170 49 1.0
170 107 1.0
170 181 1.0
171 145 1.0
171 150 1.0
171 190 1.0
171 209 1.0
171 223 1.0
171 246 1.0
171 257 1.0
171 264 1.0
172 47 1.0
172 59 1.0
172 64 1.0
172 74 1.0
172 90 1.0
172 225 1.0
173 125 1.0
173 274 1.0
174 71 1.0
174 103 1.0
174 177 1.0
175 40 1.0
175 65 1.0
175 121 1.0
175 254 1.0
175 297 1.0
176 52 1.0
176 202 1.0
176 239 1.0
176 272 1.0
176 288 1.0
176 296 1.0
177 90 1.0
177 151 1.0
177 152 1.0
177 172 1.0
177 217 1.0
177 247 1.0
177 266 1.0
178 6 1.0
178 22 1.0
178 67 1.0
178 182 1.0
178 259 1.0
179 31 1.0
179 42 1.0
179 88 1.0
179 171 1.0
179 173 1.0
180 37 1.0
180 238 1.0
180 253 1.0
181 110 1.0
181 169 1.0
181 289 1.0
182 3 1.0
182 114 1.0
182 189 1.0
182 213 1.0
182 214 1.0
182 238 1.0
182 267 1.0
182 275 1.0
183 18 1.0
183 165 1.0
183 221 1.0
183 248 1.0
184 38 1.0
184 213 1.0
184 219 1.0
185 68 1.0
185 81 1.0
185 91 1.0
185 139 1.0
185 227 1.0
186 31 1.0
186 48 1.0
186 106 1.0
186 122 1.0
186 208 1.0
187 43 1.0
187 76 1.0
187 86 1.0
187 195 1.0
187 228 1.0
187 259 1.0
188 0 1.0
188 26 1.0
188 57 1.0
188 103 1.0
188 155 1.0
188 221 1.0
188 238 1.0
188 281 1.0
188 283 1.0
189 92 1.0
189 95 1.0
190 3 1.0
190 40 1.0
190 249 1.0
190 293 1.0
191 161 1.0
191 183 1.0
191 264 1.0
191 297 1.0
192 15 1.0
192 81 1.0
192 122 1.0
192 142 1.0
192 162 1.0
192 179 1.0
192 224 1.0
192 232 1.0
192 239 1.0
193 6 1.0
193 16 1.0
193 37 1.0
193 124 1.0
193 198 1.0
194 2 1.0
194 103 1.0
194 127 1.0
194 161 1.0
194 187 1.0
195 50 1.0
195 105 1.0
195 199 1.0
195 298 1.0
195 299 1.0
196 0 1.0
196 18 1.0
196 190 1.0
196 198 1.0
196 209 1.0
196 255 1.0
196 275 1.0
197 129 1.0
197 141 1.0
197 231 1.0
197 245 1.0
197 249 1.0
198 94 1.0
198 135 1.0
198 153 1.0
198 232 1.0
198 243 1.0
199 19 1.0
199 72 1.0
199 74 1.0
199 88 1.0
199 110 1.0
199 169 1.0
199 296 1.0
200 144 1.0
200 195 1.0
201 49 1.0
201 67 1.0
201 99 1.0
201 111 1.0
201 154 1.0
202 81 1.0
202 112 1.0
202 225 1.0
202 248 1.0
203 146 1.0
204 112 1.0
204 122 1.0
205 89 1.0
205 113 1.0
205 116 1.0
205 119 1.0
205 206 1.0
205 213 1.0
206 1 1.0
206 10 1.0
206 33 1.0
206 127 1.0
206 201 1.0
207 33 1.0
207 93 1.0
207 156 1.0
207 183 1.0
207 295 1.0
208 14 1.0
208 18 1.0
208 155 1.0
208 209 1.0
209 18 1.0
209 61 1.0
209 62 1.0
209 177 1.0
209 250 1.0
210 8 1.0
210 12 1.0
210 31 1.0
210 62 1.0
210 88 1.0
210 113 1.0
210 241 1.0
210 256 1.0
210 291 1.0
211 70 1.0
211 88 1.0
211 100 1.0
211 124 1.0
211 187 1.0
211 195 1.0
211 227 1.0
211 233 1.0
212 20 1.0
212 31 1.0
212 47 1.0
212 170 1.0
212 182 1.0
212 214 1.0
212 278 1.0
213 42 1.0
213 190 1.0
213 203 1.0
213 229 1.0
214 35 1.0
214 65 1.0
214 73 1.0
214 113 1.0
214 180 1.0
214 241 1.0
214 251 1.0
215 58 1.0
215 77 1.0
215 154 1.0
215 155 1.0
215 163 1.0
215 200 1.0
215 227 1.0
215 253 1.0
215 257 1.0
215 259 1.0
215 275 1.0
216 135 1.0
216 145 1.0
216 273 1.0
217 64 1.0
217 85 1.0
217 89 1.0
217 112 1.0
217 189 1.0
217 244 1.0
217 299 1.0
218 33 1.0
218 102 1.0
218 119 1.0
218 138 1.0
218 256 1.0
219 4 1.0
219 62 1.0
219 288 1.0
220 38 1.0
220 63 1.0
220 189 1.0
220 206 1.0
221 97 1.0
221 102 1.0
221 131 1.0
221 183 1.0
221 217 1.0
222 223 1.0
222 242 1.0
222 249 1.0
222 269 1.0
223 98 1.0
223 128 1.0
223 134 1.0
223 167 1.0
224 9 1.0
224 46 1.0
224 96 1.0
224 108 1.0
224 216 1.0
224 279 1.0
224 298 1.0
225 45 1.0
225 110 1.0
225 150 1.0
225 265 1.0
225 283 1.0
226 64 1.0
226 76 1.0
226 105 1.0
226 145 1.0
227 84 1.0
227 261 1.0
228 32 1.0
228 36 1.0
228 141 1.0
228 151 1.0
229 58 1.0
229 109 1.0
229 134 1.0
229 146 1.0
229 185 1.0
230 28 1.0
230 29 1.0
230 51 1.0
230 193 1.0
230 218 1.0
231 30 1.0
231 50 1.0
231 51 1.0
231 81 1.0
231 208 1.0
231 262 1.0
232 32 1.0
232 67 1.0
232 200 1.0
233 21 1.0
233 61 1.0
233 265 1.0
234 106 1.0
234 248 1.0
235 46 1.0
235 69 1.0
235 127 1.0
235 254 1.0
236 58 1.0
236 188 1.0
236 247 1.0
236 280 1.0
237 6 1.0
237 69 1.0
237 122 1.0
237 136 1.0
237 154 1.0
237 210 1.0
237 225 1.0
237 231 1.0
238 121 1.0
238 286 1.0
239 38 1.0
239 199 1.0
239 200 1.0
239 219 1.0
240 158 1.0
240 167 1.0
240 184 1.0
240 195 1.0
240 278 1.0
241 44 1.0
241 53 1.0
241 175 1.0
241 255 1.0
242 140 1.0
242 246 1.0
242 249 1.0
242 276 1.0
242 277 1.0
243 7 1.0
243 168 1.0
243 218 1.0
243 285 1.0
244 2 1.0
244 3 1.0
244 113 1.0
244 188 1.0
244 228 1.0
244 299 1.0
245 39 1.0
245 92 1.0
245 237 1.0
245 273 1.0
245 282 1.0
246 59 1.0
246 82 1.0
247 29 1.0
247 108 1.0
247 109 1.0
247 124 1.0
247 262 1.0
248 99 1.0
248 115 1.0
248 127 1.0
248 154 1.0
248 240 1.0
248 258 1.0
249 110 1.0
249 121 1.0
249 168 1.0
249 295 1.0
249 297 1.0
250 2 1.0
250 61 1.0
250 62 1.0
250 64 1.0
250 78 1.0
250 100 1.0
250 209 1.0
250 267 1.0
251 214 1.0
251 272 1.0
252 21 1.0
252 67 1.0
252 145 1.0
252 288 1.0
253 83 1.0
253 98 1.0
253 162 1.0
253 180 1.0
253 215 1.0
253 281 1.0
254 175 1.0
254 235 1.0
254 260 1.0
254 291 1.0
254 292 1.0
254 298 1.0
255 7 1.0
255 69 1.0
255 141 1.0
255 196 1.0
255 241 1.0
256 59 1.0
256 72 1.0
256 85 1.0
256 90 1.0
256 122 1.0
256 163 1.0
256 210 1.0
256 218 1.0
257 16 1.0
257 109 1.0
257 171 1.0
257 215 1.0
257 263 1.0
258 33 1.0
258 51 1.0
258 147 1.0
258 248 1.0
258 286 1.0
259 111 1.0
259 158 1.0
259 178 1.0
259 187 1.0
259 215 1.0
260 57 1.0
260 62 1.0
260 95 1.0
260 97 1.0
260 254 1.0
260 265 1.0
261 1 1.0
261 45 1.0
261 76 1.0
261 227 1.0
262 10 1.0
262 11 1.0
262 231 1.0
262 247 1.0
263 15 1.0
263 29 1.0
263 84 1.0
263 257 1.0
263 269 1.0
263 289 1.0
264 5 1.0
264 73 1.0
264 91 1.0
264 141 1.0
264 171 1.0
264 191 1.0
265 31 1.0
265 108 1.0
265 112 1.0
265 117 1.0
265 225 1.0
265 233 1.0
265 260 1.0
265 268 1.0
266 102 1.0
266 123 1.0
266 162 1.0
266 177 1.0
266 287 1.0
267 67 1.0
267 95 1.0
267 182 1.0
267 250 1.0
267 267 1.0
268 64 1.0
268 130 1.0
268 162 1.0
268 265 1.0
268 281 1.0
268 289 1.0
269 48 1.0
269 66 1.0
269 94 1.0
269 222 1.0
269 263 1.0
269 287 1.0
270 60 1.0
270 88 1.0
270 106 1.0
271 78 1.0
271 294 1.0
271 295 1.0
272 89 1.0
272 110 1.0
272 176 1.0
272 251 1.0
272 291 1.0
273 8 1.0
273 37 1.0
273 136 1.0
273 216 1.0
273 245 1.0
274 77 1.0
274 78 1.0
274 150 1.0
274 161 1.0
274 173 1.0
275 2 1.0
275 16 1.0
275 167 1.0
275 182 1.0
275 196 1.0
275 215 1.0
276 9 1.0
276 154 1.0
276 242 1.0
277 65 1.0
277 157 1.0
277 242 1.0
277 279 1.0
277 281 1.0
278 50 1.0
278 116 1.0
278 123 1.0
278 141 1.0
278 212 1.0
278 240 1.0
279 13 1.0
279 110 1.0
279 224 1.0
279 277 1.0
279 297 1.0
280 1 1.0
280 109 1.0
280 147 1.0
280 236 1.0
280 287 1.0
281 163 1.0
281 188 1.0
281 253 1.0
281 268 1.0
281 277 1.0
282 20 1.0
282 40 1.0
282 48 1.0
282 140 1.0
282 245 1.0
283 40 1.0
283 125 1.0
283 161 1.0
283 188 1.0
283 225 1.0
283 284 1.0
284 91 1.0
284 129 1.0
284 167 1.0
284 283 1.0
285 55 1.0
285 57 1.0
285 243 1.0
286 39 1.0
286 66 1.0
286 119 1.0
286 158 1.0
286 238 1.0
286 258 1.0
286 291 1.0
287 71 1.0
287 266 1.0
287 269 1.0
287 280 1.0
287 289 1.0
287 292 1.0
288 176 1.0
288 219 1.0
288 252 1.0
288 289 1.0
289 3 1.0
289 87 1.0
289 151 1.0
289 181 1.0
289 263 1.0
289 268 1.0
289 287 1.0
289 288 1.0
290 92 1.0
290 103 1.0
291 14 1.0
291 15 1.0
291 75 1.0
291 83 1.0
291 210 1.0
291 254 1.0
291 272 1.0
291 286 1.0
292 49 1.0
292 168 1.0
292 254 1.0
292 287 1.0
293 46 1.0
293 190 1.0
294 102 1.0
294 117 1.0
294 134 1.0
294 271 1.0
294 294 1.0
294 296 1.0
295 37 1.0
295 148 1.0
295 166 1.0
295 207 1.0
295 249 1.0
295 271 1.0
296 41 1.0
296 123 1.0
296 176 1.0
296 199 1.0
296 294 1.0
297 35 1.0
297 36 1.0
297 175 1.0
297 191 1.0
297 249 1.0
297 279 1.0
298 80 1.0
298 135 1.0
298 195 1.0
298 224 1.0
298 254 1.0
299 8 1.0
299 30 1.0
299 33 1.0
299 70 1.0
299 90 1.0
299 106 1.0
299 124 1.0
299 131 1.0
299 153 1.0
299 195 1.0
299 217 1.0
299 244 1.0
