0 229
0 192
0 221
0 204
0 107
0 105
0 30
0 63
1 145
1 20
1 105
1 94
2 70
2 298
2 185
2 126
2 244
2 175
2 103
2 297
3 120
3 284
3 116
3 211
3 268
3 102
3 47
4 84
4 83
4 113
4 209
5 246
5 64
5 190
5 122
5 208
5 247
6 209
6 109
6 169
6 94
6 232
6 276
6 59
7 216
7 118
7 269
7 58
7 16
7 92
8 89
8 108
8 47
8 260
8 171
9 37
9 167
9 294
9 85
9 275
9 34
9 68
9 273
9 279
9 109
9 96
9 5
10 87
10 211
10 172
10 191
10 212
10 25
10 14
10 151
11 277
11 38
11 178
11 129
11 119
11 160
11 54
12 134
12 51
12 69
12 221
12 92
12 140
12 236
12 187
13 132
13 97
13 118
13 129
13 165
14 139
14 238
14 130
14 50
14 96
14 75
14 163
14 97
14 172
15 118
15 74
15 254
15 221
15 54
15 159
16 293
16 166
16 120
16 177
17 209
17 251
17 136
17 186
17 197
17 261
18 193
18 212
18 270
18 262
18 284
18 192
19 170
19 76
19 111
19 233
19 156
19 146
19 48
19 261
19 168
19 206
19 287
19 264
20 9
20 14
20 158
20 65
20 214
20 120
20 223
20 219
21 82
21 30
21 95
21 47
21 227
21 15
21 16
21 200
21 52
22 142
22 243
22 281
22 100
22 246
22 16
22 27
22 232
23 296
24 294
24 178
24 263
24 206
24 85
24 171
24 234
25 254
25 16
25 153
25 47
25 58
26 76
26 214
26 274
26 290
26 247
26 84
26 1
26 14
26 148
26 228
27 267
27 82
27 283
27 8
27 291
27 88
27 233
28 191
28 247
28 295
29 149
29 214
29 118
29 37
29 120
29 53
30 261
30 110
30 66
30 243
30 176
30 16
30 79
31 129
31 153
31 146
31 54
31 102
31 52
31 242
31 43
31 8
32 79
32 220
32 282
32 141
32 117
32 34
32 108
32 234
32 287
32 18
33 290
33 232
33 205
33 140
33 191
33 201
34 160
34 230
34 178
34 25
35 274
35 53
35 293
35 281
35 141
35 157
36 137
36 51
36 6
36 173
36 205
36 183
36 68
36 231
37 269
37 254
37 132
37 119
37 157
37 58
37 231
37 112
37 274
37 283
37 279
37 41
37 260
37 201
37 170
37 176
38 128
38 170
38 204
38 255
38 171
39 287
39 294
39 211
39 208
39 259
40 263
40 115
40 158
40 52
40 244
40 250
40 58
40 7
41 160
41 24
41 260
41 289
41 227
41 99
42 243
42 32
42 53
42 18
42 44
42 59
43 162
43 19
43 56
43 188
43 161
43 59
43 251
44 131
44 137
44 99
44 264
45 19
45 205
46 235
46 15
46 217
46 197
46 4
46 105
46 120
46 252
47 132
47 55
47 61
47 251
47 221
47 68
47 298
47 105
47 8
47 52
47 249
47 95
48 254
48 61
48 104
48 179
48 288
48 225
49 268
49 134
49 17
50 12
50 257
50 240
50 225
50 210
50 88
50 276
50 99
50 78
51 180
51 221
52 72
52 142
52 78
52 47
52 133
52 3
53 268
53 251
53 280
53 209
54 210
54 39
54 55
54 84
54 60
54 13
54 37
54 205
54 225
54 199
54 8
54 213
54 282
55 23
55 299
55 292
55 124
55 78
56 38
56 90
56 245
56 269
56 265
56 37
56 7
56 132
56 40
56 185
56 126
56 274
57 209
57 262
57 65
57 192
57 230
57 197
57 226
57 18
58 277
58 114
58 283
58 200
58 152
58 231
58 146
58 210
59 277
59 75
59 290
59 216
59 254
59 299
60 59
60 23
60 271
60 18
60 55
60 43
60 238
61 202
61 226
61 51
61 141
61 295
61 188
61 34
61 236
61 158
61 104
62 210
62 270
62 74
62 191
62 173
62 149
62 283
62 38
63 263
63 279
63 201
63 123
64 9
64 97
64 183
64 132
64 20
64 161
64 210
64 143
65 223
65 121
65 284
65 256
65 153
65 239
65 191
65 274
65 297
66 192
66 139
66 217
66 280
67 75
67 288
67 272
67 287
67 297
67 107
67 202
67 186
68 87
68 46
68 293
68 216
68 112
68 236
68 287
68 28
69 156
69 62
69 210
69 229
69 66
69 105
69 225
69 0
70 37
70 116
70 200
70 28
70 5
70 19
70 223
70 63
70 81
70 154
70 164
70 285
70 103
70 86
70 148
71 102
71 37
71 230
71 74
71 263
71 78
72 162
72 290
72 186
72 32
72 74
72 195
72 12
72 206
72 27
72 114
72 269
72 205
73 212
73 32
73 70
73 146
73 130
73 121
73 33
73 38
73 122
73 249
74 280
74 235
74 78
74 258
74 76
75 182
75 250
75 252
75 143
75 246
75 253
75 109
75 284
76 272
76 275
76 118
76 71
76 190
76 236
76 183
76 193
76 43
76 20
76 173
77 157
77 200
77 84
77 222
77 192
77 104
77 215
78 4
78 226
78 231
78 184
79 68
79 193
79 179
79 232
79 139
79 209
79 47
80 139
80 135
80 77
80 181
80 150
80 17
81 64
81 20
81 232
81 193
81 151
81 195
81 177
81 277
81 289
81 181
81 9
81 98
82 274
82 229
82 23
82 112
82 203
82 106
82 137
82 174
83 24
83 130
83 183
83 213
83 226
83 207
83 13
83 29
83 280
83 224
84 142
84 151
84 237
85 116
85 243
85 220
85 102
85 1
86 298
86 128
86 205
86 193
86 295
86 120
86 277
86 51
86 103
87 47
87 89
87 209
87 241
87 35
88 284
88 34
88 103
88 71
88 259
88 232
88 99
88 233
89 241
89 131
89 99
89 284
89 172
90 12
90 120
90 278
90 93
90 115
90 88
91 291
91 96
91 214
91 138
91 135
91 136
91 262
91 41
91 166
91 55
92 233
92 140
92 181
92 276
92 44
92 197
92 25
92 193
92 59
92 122
92 144
93 258
93 29
93 207
93 222
93 55
93 294
93 273
93 235
93 180
93 122
94 58
94 216
94 153
94 253
95 136
95 265
95 47
95 194
95 148
95 117
95 284
96 252
96 114
96 291
96 130
97 175
97 197
97 79
97 138
98 241
98 245
98 178
98 26
98 7
98 34
98 116
99 5
99 72
99 261
99 201
99 177
99 32
99 48
99 282
99 90
99 93
99 176
100 230
100 52
100 242
100 62
100 147
100 232
100 259
100 56
101 237
101 215
101 157
101 218
101 263
101 231
101 40
101 97
101 230
102 72
102 70
102 164
102 173
103 15
103 183
103 281
103 154
103 284
103 217
103 208
103 18
103 9
104 261
104 29
104 35
104 13
104 50
104 203
104 192
105 191
105 264
105 266
105 273
105 250
105 239
105 153
105 131
105 100
106 13
106 23
106 213
106 64
107 279
107 224
107 180
107 225
107 169
107 29
107 35
108 295
108 205
108 113
108 112
108 42
108 188
108 212
108 296
108 238
108 209
108 121
108 252
108 84
109 282
109 256
109 47
109 261
109 9
109 210
109 191
109 99
109 207
109 253
109 94
109 293
109 87
110 269
110 26
110 71
110 108
110 22
110 280
110 161
110 283
111 177
111 58
111 162
111 240
111 29
111 210
111 50
112 67
112 274
112 78
112 82
112 179
112 29
112 260
112 92
113 73
113 193
113 232
113 221
113 33
113 143
113 89
113 294
114 137
114 5
114 54
114 270
114 278
115 166
115 221
115 73
115 165
115 240
115 173
115 155
115 270
116 141
116 88
116 168
116 117
116 203
116 104
117 168
117 217
117 124
117 23
117 9
117 296
117 145
117 65
117 281
117 4
118 289
118 90
118 249
118 76
118 280
118 273
118 296
118 46
119 298
119 100
119 58
119 76
119 103
119 37
119 7
119 211
120 188
120 116
120 87
120 102
120 46
120 147
120 75
121 142
121 155
121 95
121 265
121 182
121 50
121 8
121 260
121 234
121 213
122 218
122 79
122 253
122 246
122 193
122 283
122 70
122 235
122 234
122 109
122 120
122 245
122 175
123 93
123 245
123 145
123 11
123 274
123 181
124 248
124 89
124 52
125 98
125 142
125 78
125 253
125 218
125 44
125 171
126 203
126 249
126 297
126 94
126 187
126 264
126 29
126 1
126 217
126 140
127 271
127 64
127 195
127 108
127 235
127 140
127 120
127 263
127 290
128 193
128 161
128 52
128 286
129 267
129 191
129 283
129 282
129 64
129 245
129 148
129 95
130 188
130 87
130 48
130 270
130 213
130 103
130 62
130 140
130 294
130 295
130 90
130 173
131 254
131 128
131 203
131 11
131 209
131 38
131 281
132 160
132 290
132 67
132 124
132 125
132 285
132 138
132 221
133 27
133 214
133 6
133 92
133 19
133 70
133 15
133 97
133 31
133 45
133 215
133 269
134 77
134 210
134 4
134 141
134 202
134 127
134 73
134 192
134 100
135 168
135 1
135 257
135 169
135 267
135 23
135 255
135 194
135 280
135 214
135 52
135 33
136 57
137 273
137 120
137 168
137 298
137 108
138 177
138 47
138 157
138 180
138 85
138 16
138 106
138 190
139 164
139 64
139 97
139 177
139 220
140 251
140 26
140 279
140 23
140 235
140 44
141 186
141 135
141 270
141 72
141 41
141 59
141 283
141 109
142 106
142 244
142 188
142 273
142 264
142 171
143 183
143 58
143 129
143 180
143 165
144 216
144 40
144 102
144 296
144 143
145 201
145 194
145 149
145 295
145 258
145 182
145 144
145 95
145 131
146 220
146 179
146 126
146 283
146 294
146 57
146 255
146 48
146 114
146 282
146 156
147 21
147 163
147 85
147 81
147 144
147 49
148 294
148 113
148 116
148 78
148 147
148 25
149 50
149 20
149 248
149 265
149 107
149 156
149 96
149 88
149 273
149 266
150 93
150 131
150 216
150 165
150 58
150 144
150 78
150 13
150 175
150 254
150 62
150 189
150 288
151 15
151 75
151 100
151 158
151 286
151 210
151 268
151 47
151 104
151 279
152 138
152 67
152 34
152 228
152 120
152 170
152 265
153 144
153 128
153 30
153 276
153 34
153 241
154 66
154 137
154 117
154 86
154 164
154 100
154 199
155 109
155 64
155 95
155 211
155 258
155 44
156 70
156 273
156 286
156 113
156 225
156 25
157 297
157 20
157 80
157 100
157 67
157 72
157 117
157 12
157 265
157 1
157 287
157 56
158 28
158 44
158 107
158 116
158 149
158 256
158 83
158 240
159 151
159 248
159 34
159 169
159 149
159 141
160 123
160 3
160 40
160 31
160 205
160 131
160 208
161 239
161 207
161 293
161 88
161 141
162 185
162 147
162 172
162 76
162 148
162 264
162 96
162 100
162 181
163 58
163 166
163 283
163 32
163 291
163 141
164 121
164 212
164 93
164 122
164 23
164 127
164 147
164 166
164 177
165 257
165 125
165 30
165 170
165 86
165 200
165 230
166 258
166 137
166 105
166 299
166 102
166 115
166 114
166 201
166 174
166 52
166 37
166 260
166 88
167 73
167 193
167 205
167 156
167 289
167 215
167 228
167 55
167 107
168 238
168 181
168 187
168 37
169 70
169 215
169 96
169 111
169 195
169 128
170 271
170 85
170 240
170 30
170 133
170 58
170 187
171 159
171 72
171 91
171 8
171 17
171 66
171 78
171 209
171 6
172 74
172 181
172 151
172 37
172 200
172 119
172 95
172 11
172 92
172 280
173 273
173 94
173 13
173 227
173 185
173 201
173 281
174 260
174 274
174 58
174 172
174 285
174 212
174 241
174 196
174 68
174 61
174 73
174 286
174 112
174 222
174 269
174 179
175 213
175 121
175 131
175 280
175 216
175 78
175 145
175 199
175 195
175 191
176 55
176 70
176 200
176 37
176 273
177 29
177 76
177 64
177 91
178 132
178 184
178 61
178 7
178 60
178 208
178 107
178 196
178 74
179 233
179 177
179 140
179 174
179 165
179 191
179 175
180 23
180 213
180 125
180 298
180 64
180 186
180 107
180 117
181 46
181 284
181 96
181 107
181 235
181 257
182 89
182 16
182 274
182 20
182 259
182 196
183 127
183 94
183 91
183 282
183 131
183 298
183 274
183 106
183 140
184 264
184 185
184 240
184 195
184 30
184 133
184 40
185 136
185 217
185 102
185 168
186 190
186 57
186 2
186 71
186 9
186 121
186 219
186 114
187 217
187 27
187 171
187 279
187 136
187 225
187 133
187 65
187 21
188 296
188 88
188 218
188 282
188 260
188 258
188 90
188 200
188 166
189 205
189 9
189 199
189 12
189 10
189 272
189 119
189 69
190 22
190 107
190 59
190 232
190 197
190 81
190 254
190 236
191 298
192 69
192 20
192 126
192 125
192 261
192 59
193 268
193 28
193 148
193 188
193 51
193 47
193 157
193 272
194 174
194 78
194 44
194 245
194 220
194 209
194 34
194 24
194 196
195 126
195 49
195 238
195 261
195 5
195 160
195 119
196 162
196 19
196 213
196 268
196 126
196 259
196 104
196 236
197 190
197 86
197 297
197 1
197 39
197 114
197 37
197 276
197 11
198 187
198 212
198 189
198 37
198 144
198 283
198 29
198 265
198 68
199 133
199 135
199 126
199 110
199 138
199 150
199 225
199 251
200 79
200 2
200 274
200 135
200 63
200 219
201 120
201 195
201 110
201 109
202 11
202 143
202 70
202 31
202 292
202 233
203 42
203 217
203 255
203 239
203 12
203 58
203 284
203 184
204 247
204 253
204 37
204 96
204 276
204 98
204 142
204 90
204 192
205 10
205 45
205 215
205 247
205 194
206 263
206 243
206 119
206 17
206 61
206 261
206 84
206 117
206 108
207 113
207 265
207 33
207 31
207 221
207 272
208 140
208 280
208 233
208 44
208 117
209 189
209 10
209 212
209 94
209 224
209 238
209 270
209 243
210 121
210 270
210 172
210 171
210 138
210 297
210 20
210 284
210 74
210 267
210 204
210 211
211 41
211 162
211 20
211 263
211 248
211 235
211 82
211 23
212 105
212 54
212 5
212 38
212 293
212 93
212 162
212 84
213 74
213 233
213 22
213 4
213 142
213 219
213 190
213 155
213 124
213 257
213 12
214 190
214 147
214 255
214 84
214 278
214 105
215 96
215 230
216 268
216 32
216 166
216 1
216 200
217 114
217 79
217 43
217 157
217 120
217 251
217 64
217 256
217 176
217 233
217 184
217 149
217 247
217 221
218 194
218 60
218 68
218 142
218 226
218 149
218 209
218 170
219 295
219 109
219 113
219 18
219 89
219 281
220 24
220 11
220 152
220 105
220 36
220 154
220 247
220 71
220 222
220 20
221 148
221 249
221 271
221 189
221 222
221 129
222 105
222 176
222 146
222 2
222 260
222 235
222 191
222 247
222 268
222 54
222 81
223 1
223 82
223 148
223 52
224 113
224 201
224 197
224 294
224 101
224 157
224 109
224 125
224 280
224 123
225 178
225 238
225 70
225 64
225 223
225 124
225 22
225 56
225 33
225 208
225 278
225 161
226 111
226 260
226 53
226 76
226 83
226 171
226 155
226 149
226 223
227 92
227 207
227 230
227 116
228 14
228 275
228 153
228 35
228 17
228 119
228 26
229 182
229 267
229 30
229 132
229 184
229 291
229 164
229 297
229 72
230 44
230 155
230 299
230 194
230 211
230 200
230 233
230 19
230 264
230 189
231 148
231 151
231 252
231 107
231 298
231 25
231 283
231 37
232 28
232 27
232 19
232 251
232 255
232 103
232 40
232 121
232 0
233 268
233 142
233 106
233 189
233 146
233 247
233 176
233 225
233 130
233 138
233 98
234 115
234 25
234 41
234 1
234 249
234 51
234 244
235 275
235 215
235 131
235 34
236 244
236 277
236 212
236 172
236 223
236 32
236 43
236 10
236 3
237 27
237 279
237 218
237 250
237 166
237 299
237 120
237 293
237 211
237 273
237 252
237 202
237 165
238 104
238 233
238 88
238 19
238 223
238 240
238 209
239 263
239 253
239 211
239 242
239 238
240 144
240 4
240 64
240 245
240 45
240 124
240 41
240 34
240 89
240 253
241 198
241 8
241 93
241 278
241 295
241 229
241 211
241 1
241 290
241 132
242 247
242 254
242 219
243 181
243 16
243 97
243 266
244 38
244 145
244 262
244 12
244 93
244 202
245 265
245 284
245 82
246 261
246 255
246 256
246 152
246 287
246 0
246 104
247 267
247 95
247 0
247 97
247 137
247 293
247 16
247 43
247 107
248 54
248 217
248 185
248 112
248 219
248 212
248 233
249 151
249 189
249 92
249 117
249 279
249 109
250 218
250 155
250 262
250 131
250 129
250 154
251 99
251 98
251 25
251 232
251 42
251 27
251 261
251 192
251 86
251 277
252 227
252 61
252 44
252 56
253 224
253 61
253 82
253 65
253 288
253 38
253 66
254 171
254 274
254 96
254 288
254 273
254 0
254 207
254 88
254 280
255 177
255 161
255 83
255 141
255 90
255 64
255 202
255 50
255 25
256 111
256 15
256 112
256 204
256 11
256 70
256 252
257 273
257 236
257 71
257 167
257 212
257 215
257 49
258 234
258 239
258 4
258 277
258 163
258 159
259 152
259 76
259 266
260 159
260 94
260 265
260 46
260 64
260 271
261 217
261 23
262 167
262 134
262 38
262 260
262 197
262 253
262 276
262 283
262 280
262 106
263 29
263 203
263 264
263 47
263 146
263 36
263 245
263 2
263 295
263 117
263 239
264 24
264 66
264 72
264 62
264 76
264 117
264 29
264 215
264 258
264 86
264 240
264 298
265 280
265 271
265 214
265 286
265 29
265 50
265 95
265 27
265 186
265 120
265 144
266 101
266 43
266 86
266 272
266 217
266 31
266 107
266 221
267 202
267 257
267 137
267 131
267 211
267 85
267 118
268 133
268 292
268 118
268 217
268 157
268 294
269 295
269 201
269 126
269 95
269 282
269 111
269 86
269 204
269 46
269 165
270 60
270 88
270 67
270 205
270 54
270 146
270 154
270 81
270 148
270 237
271 80
271 89
271 121
271 106
271 11
271 60
271 211
271 68
271 264
271 48
271 180
271 115
271 160
272 284
272 74
272 150
272 218
272 180
272 225
272 33
272 87
272 105
272 168
273 185
273 179
273 276
273 125
273 251
273 237
273 99
273 49
273 243
274 258
274 17
274 18
274 207
274 21
274 55
274 71
274 231
274 270
274 100
274 32
274 84
274 147
275 139
275 157
275 79
275 239
275 117
276 82
276 279
276 42
276 268
277 97
277 103
277 99
277 107
277 13
277 127
277 91
277 279
277 121
277 54
277 34
278 126
278 128
278 105
278 235
278 228
279 147
279 196
279 269
279 99
279 164
279 55
279 260
279 299
280 297
280 158
280 18
280 120
280 134
281 144
281 31
281 82
281 218
281 249
281 250
282 144
282 169
282 190
282 142
282 90
282 148
282 184
282 287
283 205
283 224
283 146
283 247
283 13
283 115
283 123
283 233
283 294
283 267
283 183
284 21
284 233
284 33
284 184
284 228
284 114
284 130
284 250
284 131
284 165
284 286
285 17
285 208
285 260
285 98
285 164
285 16
286 116
286 33
286 27
286 57
286 43
286 219
286 174
286 59
286 3
286 26
286 146
287 234
287 24
287 286
287 27
287 37
287 129
287 201
287 277
287 290
287 196
288 95
288 280
288 199
288 230
288 143
288 109
288 232
289 217
289 255
289 276
289 13
290 297
290 21
290 196
290 79
290 191
291 143
291 103
291 175
292 110
292 138
292 149
292 220
292 217
292 249
293 5
293 96
293 196
293 117
293 296
294 200
294 189
294 6
294 99
294 135
294 72
294 219
295 217
295 262
295 283
295 118
295 126
296 98
296 207
296 157
296 243
296 79
296 232
296 68
296 293
297 268
297 73
297 253
297 115
297 72
297 243
297 237
297 140
297 193
297 17
298 88
298 236
298 107
298 201
298 13
298 212
298 11
298 119
298 226
298 284
298 0
298 109
298 274
299 8
299 226
299 230
299 84
299 116
299 122
299 26
299 252
299 210
