0 45 1.0
0 56 1.0
0 212 1.0
0 216 1.0
0 225 1.0
0 226 1.0
0 236 1.0
0 243 1.0
0 253 1.0
0 272 1.0
0 283 1.0
0 287 1.0
0 293 1.0
0 298 1.0
1 44 1.0
1 64 1.0
1 83 1.0
1 84 1.0
1 120 1.0
1 132 1.0
1 151 1.0
1 156 1.0
1 195 1.0
1 233 1.0
1 247 1.0
1 256 1.0
2 180 1.0
2 208 1.0
2 246 1.0
2 277 1.0
2 286 1.0
2 298 1.0
3 22 1.0
3 60 1.0
3 71 1.0
3 76 1.0
3 91 1.0
3 99 1.0
3 118 1.0
3 131 1.0
3 167 1.0
3 196 1.0
3 223 1.0
4 9 1.0
4 53 1.0
4 76 1.0
4 89 1.0
4 93 1.0
4 120 1.0
4 130 1.0
4 136 1.0
4 139 1.0
4 169 1.0
4 269 1.0
4 294 1.0
5 31 1.0
5 41 1.0
5 78 1.0
5 79 1.0
5 103 1.0
5 186 1.0
5 210 1.0
5 279 1.0
5 287 1.0
6 18 1.0
6 55 1.0
6 74 1.0
6 83 1.0
6 181 1.0
6 221 1.0
6 252 1.0
6 265 1.0
6 278 1.0
7 36 1.0
7 47 1.0
7 67 1.0
7 117 1.0
7 152 1.0
7 177 1.0
7 199 1.0
7 217 1.0
7 270 1.0
8 102 1.0
8 177 1.0
8 215 1.0
8 227 1.0
8 239 1.0
8 259 1.0
8 265 1.0
8 266 1.0
9 28 1.0
9 48 1.0
9 54 1.0
9 55 1.0
9 73 1.0
9 185 1.0
9 200 1.0
9 222 1.0
9 241 1.0
10 22 1.0
10 67 1.0
10 117 1.0
10 214 1.0
11 70 1.0
11 91 1.0
11 100 1.0
11 102 1.0
11 135 1.0
11 137 1.0
11 146 1.0
11 152 1.0
11 250 1.0
11 279 1.0
12 24 1.0
12 31 1.0
12 88 1.0
12 178 1.0
12 220 1.0
12 289 1.0
12 295 1.0
13 4 1.0
13 36 1.0
13 65 1.0
13 75 1.0
13 124 1.0
13 265 1.0
14 30 1.0
14 46 1.0
14 81 1.0
14 84 1.0
14 110 1.0
14 119 1.0
14 140 1.0
14 222 1.0
14 223 1.0
15 76 1.0
15 100 1.0
15 173 1.0
15 257 1.0
15 264 1.0
16 59 1.0
16 101 1.0
16 116 1.0
16 150 1.0
16 177 1.0
16 198 1.0
16 231 1.0
16 238 1.0
16 242 1.0
16 270 1.0
17 60 1.0
17 76 1.0
17 80 1.0
17 89 1.0
17 104 1.0
17 141 1.0
17 256 1.0
17 280 1.0
18 49 1.0
18 53 1.0
18 62 1.0
18 138 1.0
18 181 1.0
18 186 1.0
18 194 1.0
18 216 1.0
18 237 1.0
18 239 1.0
18 246 1.0
18 286 1.0
18 292 1.0
19 10 1.0
19 70 1.0
19 107 1.0
19 156 1.0
19 166 1.0
19 202 1.0
19 206 1.0
19 230 1.0
19 237 1.0
20 88 1.0
20 130 1.0
20 151 1.0
20 167 1.0
20 175 1.0
20 177 1.0
20 188 1.0
20 220 1.0
20 226 1.0
20 247 1.0
20 285 1.0
20 287 1.0
21 2 1.0
21 19 1.0
21 45 1.0
21 66 1.0
21 89 1.0
21 98 1.0
21 102 1.0
21 126 1.0
22 83 1.0
22 150 1.0
22 154 1.0
22 156 1.0
22 157 1.0
22 178 1.0
22 181 1.0
22 205 1.0
22 219 1.0
23 8 1.0
23 18 1.0
23 35 1.0
23 48 1.0
23 55 1.0
23 107 1.0
23 143 1.0
23 293 1.0
24 1 1.0
24 18 1.0
24 31 1.0
24 32 1.0
24 43 1.0
24 57 1.0
24 61 1.0
24 82 1.0
24 152 1.0
24 192 1.0
24 209 1.0
25 31 1.0
25 101 1.0
25 104 1.0
25 111 1.0
25 113 1.0
25 117 1.0
25 120 1.0
25 135 1.0
25 137 1.0
25 184 1.0
25 190 1.0
25 197 1.0
25 222 1.0
25 251 1.0
26 4 1.0
26 16 1.0
26 38 1.0
26 52 1.0
26 67 1.0
26 68 1.0
26 84 1.0
26 85 1.0
26 239 1.0
26 245 1.0
26 248 1.0
27 7 1.0
27 20 1.0
27 57 1.0
27 74 1.0
27 85 1.0
27 91 1.0
27 100 1.0
27 149 1.0
27 153 1.0
27 183 1.0
27 232 1.0
27 254 1.0
27 299 1.0
28 18 1.0
28 24 1.0
28 30 1.0
28 55 1.0
28 66 1.0
28 127 1.0
28 252 1.0
29 17 1.0
29 30 1.0
29 143 1.0
29 157 1.0
29 164 1.0
29 176 1.0
29 229 1.0
29 242 1.0
29 281 1.0
30 2 1.0
30 25 1.0
30 35 1.0
30 173 1.0
30 250 1.0
31 20 1.0
31 38 1.0
31 43 1.0
31 48 1.0
31 53 1.0
31 77 1.0
31 88 1.0
31 117 1.0
31 144 1.0
31 196 1.0
31 205 1.0
32 3 1.0
32 10 1.0
32 16 1.0
32 34 1.0
32 63 1.0
32 108 1.0
32 117 1.0
32 120 1.0
32 138 1.0
32 210 1.0
32 216 1.0
32 219 1.0
32 227 1.0
32 233 1.0
32 237 1.0
32 240 1.0
32 247 1.0
32 254 1.0
32 266 1.0
32 296 1.0
32 297 1.0
33 63 1.0
33 82 1.0
33 120 1.0
33 149 1.0
33 255 1.0
34 50 1.0
34 85 1.0
34 91 1.0
34 106 1.0
34 146 1.0
34 198 1.0
34 206 1.0
34 245 1.0
34 269 1.0
34 271 1.0
35 20 1.0
35 28 1.0
35 62 1.0
35 100 1.0
35 147 1.0
35 161 1.0
35 218 1.0
35 299 1.0
36 60 1.0
36 85 1.0
36 102 1.0
36 108 1.0
36 110 1.0
36 138 1.0
36 203 1.0
36 213 1.0
36 245 1.0
36 273 1.0
37 127 1.0
37 128 1.0
37 186 1.0
37 274 1.0
38 23 1.0
38 69 1.0
38 99 1.0
38 108 1.0
38 151 1.0
38 200 1.0
38 225 1.0
38 243 1.0
39 14 1.0
39 34 1.0
39 54 1.0
39 68 1.0
39 83 1.0
39 85 1.0
39 139 1.0
39 151 1.0
40 98 1.0
40 111 1.0
40 118 1.0
40 120 1.0
40 296 1.0
41 49 1.0
41 93 1.0
41 105 1.0
41 148 1.0
41 164 1.0
41 199 1.0
41 201 1.0
41 254 1.0
41 257 1.0
42 12 1.0
42 25 1.0
42 72 1.0
42 109 1.0
42 122 1.0
42 142 1.0
42 149 1.0
42 151 1.0
42 158 1.0
42 175 1.0
42 238 1.0
42 253 1.0
42 285 1.0
43 69 1.0
43 85 1.0
43 118 1.0
43 125 1.0
43 142 1.0
43 152 1.0
43 159 1.0
43 161 1.0
43 174 1.0
43 202 1.0
43 208 1.0
43 255 1.0
43 287 1.0
44 39 1.0
44 86 1.0
44 114 1.0
44 116 1.0
44 164 1.0
44 180 1.0
44 193 1.0
44 197 1.0
44 234 1.0
44 258 1.0
45 166 1.0
45 171 1.0
45 241 1.0
46 19 1.0
46 21 1.0
46 37 1.0
46 57 1.0
46 87 1.0
46 159 1.0
46 197 1.0
47 6 1.0
47 9 1.0
47 11 1.0
47 20 1.0
47 39 1.0
47 46 1.0
47 94 1.0
47 118 1.0
47 128 1.0
47 220 1.0
47 223 1.0
48 11 1.0
48 25 1.0
48 50 1.0
48 133 1.0
48 144 1.0
48 173 1.0
48 189 1.0
48 216 1.0
48 217 1.0
48 235 1.0
48 253 1.0
48 259 1.0
48 279 1.0
49 39 1.0
49 156 1.0
49 178 1.0
49 193 1.0
49 239 1.0
49 253 1.0
49 293 1.0
50 0 1.0
50 10 1.0
50 60 1.0
50 91 1.0
50 92 1.0
50 111 1.0
50 142 1.0
50 224 1.0
50 255 1.0
51 11 1.0
51 109 1.0
51 136 1.0
51 150 1.0
51 158 1.0
51 223 1.0
52 43 1.0
52 68 1.0
52 101 1.0
52 112 1.0
52 123 1.0
52 133 1.0
52 147 1.0
52 183 1.0
52 212 1.0
52 285 1.0
53 40 1.0
53 48 1.0
53 52 1.0
53 62 1.0
53 71 1.0
53 77 1.0
53 158 1.0
53 174 1.0
53 193 1.0
53 200 1.0
53 206 1.0
53 215 1.0
54 34 1.0
54 69 1.0
54 85 1.0
54 93 1.0
54 100 1.0
54 112 1.0
54 116 1.0
54 119 1.0
54 185 1.0
54 194 1.0
55 16 1.0
55 32 1.0
55 39 1.0
55 74 1.0
55 111 1.0
55 184 1.0
55 218 1.0
56 10 1.0
56 62 1.0
56 64 1.0
56 94 1.0
56 106 1.0
56 139 1.0
56 159 1.0
56 208 1.0
56 209 1.0
56 232 1.0
56 236 1.0
56 241 1.0
57 13 1.0
57 17 1.0
57 99 1.0
57 110 1.0
57 137 1.0
57 150 1.0
57 177 1.0
57 184 1.0
57 188 1.0
57 212 1.0
57 235 1.0
57 248 1.0
57 277 1.0
57 280 1.0
58 50 1.0
58 57 1.0
58 68 1.0
58 71 1.0
58 92 1.0
58 104 1.0
58 120 1.0
58 123 1.0
58 219 1.0
59 12 1.0
59 32 1.0
59 50 1.0
59 85 1.0
59 109 1.0
59 136 1.0
59 190 1.0
59 238 1.0
60 16 1.0
60 61 1.0
60 118 1.0
60 136 1.0
60 137 1.0
60 157 1.0
60 193 1.0
60 214 1.0
60 230 1.0
61 29 1.0
61 58 1.0
61 80 1.0
61 94 1.0
61 104 1.0
61 114 1.0
61 136 1.0
61 142 1.0
61 177 1.0
61 179 1.0
61 298 1.0
62 24 1.0
62 29 1.0
62 30 1.0
62 47 1.0
62 63 1.0
62 66 1.0
62 82 1.0
62 89 1.0
62 189 1.0
63 116 1.0
63 135 1.0
63 141 1.0
63 145 1.0
63 147 1.0
63 150 1.0
63 177 1.0
64 8 1.0
64 18 1.0
64 55 1.0
64 125 1.0
64 192 1.0
64 211 1.0
64 231 1.0
64 285 1.0
65 4 1.0
65 20 1.0
65 63 1.0
65 80 1.0
65 84 1.0
65 105 1.0
65 106 1.0
65 128 1.0
65 134 1.0
65 147 1.0
65 157 1.0
65 184 1.0
65 207 1.0
65 210 1.0
65 246 1.0
65 260 1.0
65 262 1.0
65 265 1.0
66 36 1.0
66 72 1.0
66 109 1.0
66 157 1.0
66 196 1.0
66 254 1.0
66 269 1.0
66 276 1.0
67 16 1.0
67 80 1.0
67 96 1.0
67 107 1.0
67 115 1.0
67 124 1.0
67 142 1.0
67 148 1.0
67 269 1.0
68 10 1.0
68 38 1.0
68 90 1.0
68 135 1.0
68 198 1.0
68 250 1.0
69 4 1.0
69 13 1.0
69 90 1.0
69 93 1.0
69 162 1.0
69 169 1.0
69 184 1.0
69 220 1.0
69 242 1.0
69 280 1.0
70 37 1.0
70 56 1.0
70 83 1.0
70 107 1.0
70 179 1.0
70 187 1.0
70 193 1.0
70 216 1.0
70 224 1.0
70 230 1.0
70 248 1.0
71 48 1.0
71 121 1.0
72 97 1.0
72 102 1.0
72 135 1.0
72 177 1.0
72 226 1.0
72 287 1.0
73 6 1.0
73 8 1.0
73 42 1.0
73 120 1.0
73 199 1.0
73 287 1.0
74 38 1.0
74 68 1.0
74 112 1.0
74 173 1.0
74 198 1.0
74 209 1.0
74 230 1.0
74 240 1.0
74 293 1.0
75 35 1.0
75 121 1.0
75 146 1.0
75 170 1.0
75 215 1.0
75 246 1.0
75 268 1.0
75 286 1.0
76 5 1.0
76 55 1.0
76 65 1.0
76 93 1.0
76 116 1.0
76 121 1.0
76 157 1.0
76 174 1.0
76 203 1.0
76 236 1.0
76 261 1.0
77 95 1.0
77 106 1.0
77 151 1.0
77 177 1.0
77 238 1.0
77 246 1.0
77 253 1.0
77 291 1.0
78 47 1.0
78 100 1.0
78 104 1.0
78 106 1.0
78 115 1.0
78 121 1.0
78 140 1.0
78 170 1.0
78 172 1.0
78 194 1.0
78 234 1.0
78 238 1.0
78 256 1.0
78 299 1.0
79 11 1.0
79 44 1.0
79 48 1.0
79 50 1.0
79 59 1.0
79 72 1.0
79 89 1.0
79 92 1.0
79 103 1.0
79 161 1.0
79 165 1.0
79 173 1.0
79 239 1.0
79 240 1.0
80 153 1.0
80 179 1.0
80 198 1.0
80 211 1.0
80 215 1.0
80 229 1.0
80 268 1.0
80 273 1.0
80 280 1.0
81 18 1.0
81 67 1.0
81 88 1.0
81 93 1.0
81 103 1.0
81 154 1.0
81 158 1.0
81 255 1.0
82 10 1.0
82 49 1.0
82 83 1.0
82 87 1.0
82 124 1.0
82 160 1.0
82 173 1.0
82 203 1.0
83 18 1.0
83 54 1.0
83 86 1.0
83 112 1.0
83 113 1.0
83 118 1.0
83 121 1.0
83 138 1.0
83 162 1.0
83 202 1.0
83 203 1.0
83 214 1.0
83 284 1.0
83 293 1.0
84 12 1.0
84 55 1.0
84 77 1.0
84 139 1.0
84 152 1.0
84 175 1.0
84 222 1.0
84 253 1.0
84 259 1.0
84 274 1.0
85 14 1.0
85 34 1.0
85 37 1.0
85 59 1.0
85 116 1.0
85 145 1.0
85 195 1.0
86 22 1.0
86 58 1.0
86 94 1.0
86 104 1.0
86 142 1.0
86 213 1.0
86 265 1.0
87 23 1.0
87 24 1.0
87 51 1.0
87 54 1.0
87 96 1.0
87 126 1.0
87 164 1.0
87 172 1.0
87 192 1.0
87 214 1.0
87 267 1.0
88 34 1.0
88 55 1.0
88 65 1.0
88 71 1.0
88 113 1.0
88 129 1.0
88 182 1.0
88 195 1.0
88 205 1.0
88 215 1.0
88 255 1.0
89 14 1.0
89 48 1.0
89 61 1.0
89 118 1.0
89 136 1.0
89 226 1.0
89 229 1.0
89 264 1.0
90 3 1.0
90 44 1.0
90 61 1.0
90 177 1.0
90 179 1.0
90 214 1.0
90 232 1.0
91 13 1.0
91 24 1.0
91 40 1.0
91 70 1.0
91 82 1.0
91 90 1.0
91 94 1.0
91 118 1.0
92 2 1.0
92 117 1.0
92 125 1.0
92 126 1.0
92 128 1.0
92 145 1.0
92 178 1.0
92 188 1.0
92 268 1.0
93 6 1.0
93 36 1.0
93 94 1.0
93 127 1.0
93 149 1.0
93 173 1.0
93 177 1.0
93 227 1.0
94 56 1.0
94 65 1.0
94 110 1.0
94 144 1.0
94 157 1.0
94 187 1.0
94 224 1.0
94 225 1.0
94 250 1.0
95 20 1.0
95 57 1.0
95 101 1.0
95 113 1.0
95 122 1.0
95 194 1.0
95 293 1.0
96 22 1.0
96 44 1.0
96 109 1.0
96 116 1.0
96 160 1.0
96 163 1.0
96 164 1.0
96 291 1.0
97 29 1.0
97 36 1.0
97 59 1.0
97 162 1.0
97 207 1.0
97 266 1.0
98 26 1.0
98 66 1.0
98 78 1.0
98 80 1.0
98 85 1.0
98 163 1.0
98 181 1.0
98 230 1.0
98 235 1.0
99 95 1.0
99 133 1.0
99 137 1.0
99 152 1.0
99 174 1.0
99 210 1.0
99 221 1.0
100 10 1.0
100 25 1.0
100 80 1.0
100 136 1.0
100 206 1.0
100 208 1.0
100 226 1.0
100 258 1.0
100 264 1.0
100 290 1.0
101 32 1.0
101 62 1.0
101 65 1.0
101 109 1.0
101 138 1.0
102 0 1.0
102 28 1.0
102 51 1.0
102 67 1.0
102 109 1.0
102 126 1.0
102 144 1.0
102 151 1.0
102 168 1.0
102 173 1.0
102 175 1.0
102 201 1.0
102 257 1.0
102 261 1.0
102 279 1.0
103 51 1.0
103 61 1.0
103 91 1.0
103 117 1.0
103 142 1.0
103 156 1.0
103 187 1.0
103 188 1.0
104 13 1.0
104 26 1.0
104 32 1.0
104 87 1.0
104 182 1.0
104 209 1.0
104 277 1.0
105 42 1.0
105 107 1.0
105 114 1.0
105 127 1.0
105 147 1.0
105 148 1.0
105 291 1.0
106 21 1.0
106 72 1.0
106 73 1.0
106 121 1.0
106 162 1.0
106 283 1.0
107 15 1.0
107 25 1.0
107 70 1.0
107 94 1.0
107 105 1.0
107 141 1.0
107 294 1.0
108 55 1.0
108 66 1.0
108 91 1.0
108 94 1.0
108 116 1.0
108 177 1.0
108 204 1.0
108 236 1.0
108 248 1.0
108 273 1.0
108 285 1.0
109 19 1.0
109 165 1.0
109 192 1.0
109 199 1.0
110 9 1.0
110 16 1.0
110 68 1.0
110 88 1.0
110 89 1.0
110 98 1.0
110 189 1.0
110 197 1.0
110 211 1.0
111 61 1.0
111 115 1.0
111 138 1.0
111 180 1.0
112 11 1.0
112 19 1.0
112 26 1.0
112 67 1.0
112 85 1.0
112 120 1.0
112 148 1.0
112 152 1.0
112 155 1.0
112 186 1.0
112 193 1.0
112 202 1.0
112 212 1.0
112 223 1.0
112 242 1.0
112 290 1.0
113 60 1.0
113 86 1.0
113 95 1.0
113 117 1.0
113 136 1.0
113 150 1.0
113 152 1.0
113 171 1.0
113 175 1.0
113 193 1.0
113 198 1.0
113 252 1.0
113 274 1.0
113 294 1.0
114 0 1.0
114 10 1.0
114 45 1.0
114 72 1.0
114 101 1.0
114 104 1.0
114 181 1.0
114 281 1.0
115 6 1.0
115 44 1.0
115 76 1.0
115 110 1.0
115 114 1.0
115 134 1.0
115 202 1.0
115 215 1.0
115 276 1.0
116 30 1.0
116 35 1.0
116 39 1.0
116 185 1.0
116 188 1.0
116 215 1.0
116 220 1.0
116 265 1.0
116 298 1.0
117 59 1.0
117 61 1.0
117 98 1.0
117 147 1.0
117 170 1.0
118 17 1.0
118 89 1.0
118 117 1.0
118 133 1.0
118 167 1.0
119 17 1.0
119 61 1.0
119 103 1.0
119 124 1.0
119 129 1.0
119 191 1.0
119 236 1.0
120 34 1.0
120 60 1.0
120 77 1.0
120 80 1.0
120 87 1.0
120 102 1.0
120 147 1.0
120 149 1.0
120 158 1.0
120 171 1.0
120 244 1.0
121 36 1.0
121 116 1.0
121 154 1.0
121 157 1.0
121 195 1.0
121 255 1.0
121 289 1.0
122 23 1.0
122 142 1.0
122 179 1.0
122 253 1.0
122 263 1.0
122 270 1.0
123 22 1.0
123 27 1.0
123 31 1.0
123 115 1.0
123 117 1.0
123 142 1.0
124 14 1.0
124 23 1.0
124 38 1.0
124 97 1.0
124 122 1.0
124 131 1.0
124 173 1.0
124 177 1.0
124 211 1.0
124 219 1.0
124 241 1.0
124 284 1.0
125 8 1.0
125 12 1.0
125 38 1.0
125 60 1.0
125 64 1.0
125 77 1.0
125 86 1.0
125 97 1.0
125 111 1.0
125 126 1.0
125 175 1.0
126 14 1.0
126 23 1.0
126 86 1.0
126 89 1.0
126 96 1.0
126 113 1.0
126 150 1.0
126 169 1.0
126 187 1.0
126 195 1.0
126 268 1.0
127 37 1.0
127 66 1.0
127 88 1.0
127 132 1.0
127 170 1.0
127 257 1.0
128 27 1.0
128 46 1.0
128 49 1.0
128 62 1.0
128 103 1.0
128 217 1.0
128 238 1.0
128 240 1.0
128 265 1.0
129 5 1.0
129 55 1.0
129 122 1.0
129 130 1.0
129 134 1.0
129 161 1.0
129 172 1.0
129 224 1.0
129 230 1.0
129 238 1.0
129 259 1.0
130 13 1.0
130 19 1.0
130 79 1.0
130 141 1.0
130 149 1.0
130 222 1.0
130 288 1.0
130 289 1.0
130 291 1.0
131 13 1.0
131 85 1.0
131 216 1.0
132 0 1.0
132 151 1.0
132 226 1.0
132 280 1.0
132 286 1.0
132 288 1.0
133 6 1.0
133 43 1.0
133 137 1.0
133 202 1.0
133 228 1.0
133 229 1.0
133 297 1.0
134 1 1.0
134 7 1.0
134 31 1.0
134 89 1.0
134 129 1.0
134 154 1.0
134 157 1.0
134 201 1.0
134 219 1.0
134 228 1.0
135 1 1.0
135 26 1.0
135 33 1.0
135 37 1.0
135 65 1.0
135 77 1.0
135 122 1.0
135 211 1.0
135 278 1.0
136 1 1.0
136 8 1.0
136 19 1.0
136 28 1.0
136 66 1.0
136 82 1.0
136 161 1.0
137 16 1.0
137 67 1.0
137 93 1.0
137 107 1.0
137 146 1.0
137 186 1.0
137 187 1.0
137 190 1.0
137 211 1.0
137 230 1.0
137 283 1.0
138 10 1.0
138 16 1.0
138 81 1.0
138 108 1.0
138 109 1.0
138 147 1.0
138 204 1.0
138 212 1.0
138 251 1.0
138 287 1.0
139 0 1.0
139 43 1.0
139 127 1.0
139 138 1.0
139 152 1.0
139 205 1.0
140 33 1.0
140 38 1.0
140 136 1.0
140 138 1.0
140 167 1.0
140 170 1.0
140 209 1.0
140 214 1.0
140 243 1.0
140 272 1.0
141 41 1.0
141 44 1.0
141 47 1.0
141 60 1.0
141 62 1.0
141 181 1.0
141 189 1.0
141 198 1.0
141 207 1.0
141 280 1.0
142 5 1.0
142 81 1.0
142 112 1.0
142 129 1.0
142 133 1.0
142 138 1.0
142 139 1.0
142 184 1.0
142 197 1.0
142 219 1.0
142 298 1.0
143 4 1.0
143 11 1.0
143 24 1.0
143 31 1.0
143 37 1.0
143 41 1.0
143 71 1.0
143 80 1.0
143 148 1.0
143 178 1.0
143 203 1.0
143 264 1.0
144 101 1.0
144 150 1.0
144 151 1.0
144 156 1.0
144 220 1.0
144 260 1.0
145 7 1.0
145 39 1.0
145 46 1.0
145 48 1.0
145 95 1.0
145 110 1.0
145 114 1.0
145 119 1.0
145 134 1.0
145 161 1.0
145 180 1.0
145 286 1.0
146 12 1.0
146 43 1.0
146 72 1.0
146 79 1.0
146 115 1.0
146 144 1.0
146 183 1.0
146 257 1.0
146 263 1.0
146 295 1.0
146 299 1.0
147 57 1.0
147 71 1.0
147 83 1.0
147 84 1.0
147 113 1.0
147 150 1.0
148 44 1.0
148 93 1.0
148 100 1.0
148 119 1.0
148 121 1.0
148 151 1.0
148 160 1.0
148 180 1.0
148 238 1.0
149 68 1.0
149 70 1.0
149 108 1.0
149 164 1.0
149 165 1.0
149 241 1.0
150 11 1.0
150 16 1.0
150 41 1.0
150 120 1.0
150 121 1.0
150 132 1.0
150 137 1.0
150 161 1.0
150 184 1.0
150 203 1.0
151 11 1.0
151 54 1.0
151 57 1.0
151 77 1.0
151 100 1.0
151 115 1.0
151 130 1.0
151 131 1.0
151 148 1.0
151 226 1.0
151 289 1.0
152 7 1.0
152 10 1.0
152 35 1.0
152 44 1.0
152 47 1.0
152 85 1.0
152 113 1.0
152 129 1.0
152 173 1.0
152 185 1.0
152 200 1.0
152 232 1.0
152 246 1.0
152 251 1.0
152 273 1.0
153 13 1.0
153 26 1.0
153 41 1.0
153 58 1.0
153 71 1.0
153 111 1.0
153 181 1.0
153 226 1.0
153 237 1.0
153 290 1.0
154 19 1.0
154 28 1.0
154 70 1.0
154 72 1.0
154 90 1.0
154 169 1.0
154 181 1.0
154 183 1.0
154 210 1.0
154 215 1.0
154 273 1.0
155 25 1.0
155 40 1.0
155 95 1.0
155 105 1.0
155 116 1.0
155 151 1.0
155 185 1.0
155 248 1.0
155 257 1.0
156 21 1.0
156 90 1.0
156 99 1.0
156 120 1.0
156 139 1.0
156 159 1.0
156 166 1.0
156 195 1.0
156 202 1.0
156 229 1.0
156 270 1.0
157 56 1.0
157 125 1.0
157 147 1.0
157 149 1.0
157 153 1.0
157 218 1.0
157 260 1.0
158 22 1.0
158 60 1.0
158 68 1.0
158 69 1.0
158 148 1.0
159 8 1.0
159 27 1.0
159 53 1.0
159 60 1.0
159 99 1.0
159 108 1.0
159 128 1.0
159 133 1.0
159 141 1.0
159 160 1.0
159 189 1.0
159 276 1.0
160 10 1.0
160 66 1.0
160 67 1.0
160 81 1.0
160 129 1.0
160 159 1.0
160 163 1.0
160 203 1.0
160 251 1.0
160 286 1.0
160 296 1.0
161 81 1.0
161 127 1.0
161 162 1.0
161 199 1.0
161 200 1.0
161 244 1.0
162 15 1.0
162 16 1.0
162 45 1.0
162 46 1.0
162 54 1.0
162 57 1.0
162 118 1.0
162 169 1.0
162 172 1.0
162 203 1.0
162 267 1.0
162 279 1.0
163 33 1.0
163 45 1.0
163 66 1.0
163 81 1.0
163 95 1.0
163 118 1.0
163 125 1.0
163 213 1.0
163 241 1.0
163 265 1.0
164 16 1.0
164 80 1.0
164 91 1.0
164 168 1.0
164 240 1.0
164 282 1.0
165 55 1.0
165 80 1.0
165 141 1.0
165 147 1.0
165 156 1.0
165 231 1.0
165 260 1.0
165 261 1.0
165 267 1.0
166 29 1.0
166 37 1.0
166 56 1.0
166 66 1.0
166 68 1.0
166 72 1.0
166 97 1.0
166 103 1.0
166 160 1.0
166 175 1.0
166 185 1.0
166 216 1.0
167 10 1.0
167 25 1.0
167 49 1.0
167 58 1.0
167 71 1.0
167 132 1.0
167 147 1.0
167 149 1.0
167 154 1.0
167 200 1.0
167 239 1.0
167 282 1.0
167 295 1.0
168 13 1.0
168 26 1.0
168 29 1.0
168 77 1.0
168 229 1.0
168 270 1.0
169 70 1.0
169 124 1.0
169 141 1.0
169 156 1.0
169 292 1.0
170 44 1.0
170 67 1.0
170 75 1.0
170 127 1.0
170 143 1.0
170 167 1.0
170 218 1.0
170 221 1.0
170 257 1.0
170 273 1.0
171 11 1.0
171 51 1.0
171 58 1.0
171 98 1.0
171 151 1.0
171 153 1.0
171 233 1.0
172 19 1.0
172 55 1.0
172 90 1.0
172 108 1.0
172 110 1.0
172 112 1.0
172 134 1.0
172 193 1.0
172 205 1.0
172 225 1.0
172 290 1.0
173 3 1.0
173 5 1.0
173 54 1.0
173 63 1.0
173 108 1.0
173 115 1.0
173 127 1.0
173 139 1.0
173 191 1.0
173 193 1.0
173 225 1.0
173 230 1.0
173 246 1.0
173 266 1.0
173 282 1.0
173 292 1.0
174 71 1.0
174 95 1.0
174 171 1.0
174 198 1.0
174 290 1.0
175 7 1.0
175 15 1.0
175 49 1.0
175 89 1.0
175 92 1.0
175 142 1.0
175 186 1.0
175 200 1.0
175 218 1.0
175 222 1.0
176 2 1.0
176 39 1.0
176 40 1.0
176 60 1.0
176 136 1.0
176 220 1.0
176 267 1.0
176 269 1.0
176 275 1.0
177 0 1.0
177 7 1.0
177 58 1.0
177 133 1.0
177 164 1.0
177 171 1.0
177 182 1.0
177 196 1.0
177 207 1.0
177 255 1.0
177 279 1.0
178 2 1.0
178 30 1.0
178 43 1.0
178 74 1.0
178 77 1.0
178 106 1.0
178 131 1.0
178 148 1.0
178 187 1.0
178 248 1.0
178 275 1.0
178 279 1.0
179 71 1.0
180 23 1.0
180 43 1.0
180 89 1.0
180 101 1.0
180 120 1.0
180 148 1.0
180 150 1.0
180 195 1.0
180 236 1.0
180 249 1.0
180 277 1.0
181 8 1.0
181 40 1.0
181 45 1.0
181 127 1.0
181 128 1.0
181 133 1.0
181 180 1.0
181 285 1.0
182 10 1.0
182 69 1.0
182 70 1.0
182 109 1.0
182 129 1.0
182 195 1.0
182 197 1.0
182 298 1.0
183 100 1.0
183 111 1.0
183 158 1.0
183 179 1.0
183 180 1.0
183 182 1.0
183 193 1.0
183 241 1.0
184 51 1.0
184 64 1.0
184 117 1.0
184 192 1.0
184 251 1.0
185 7 1.0
185 93 1.0
185 95 1.0
185 103 1.0
185 137 1.0
185 238 1.0
186 24 1.0
186 71 1.0
186 84 1.0
186 119 1.0
186 143 1.0
186 189 1.0
187 19 1.0
187 55 1.0
187 114 1.0
187 137 1.0
187 164 1.0
188 45 1.0
188 57 1.0
188 123 1.0
188 124 1.0
188 133 1.0
188 178 1.0
188 271 1.0
188 284 1.0
189 16 1.0
189 32 1.0
189 46 1.0
189 88 1.0
189 93 1.0
189 116 1.0
189 119 1.0
189 143 1.0
189 156 1.0
189 162 1.0
189 274 1.0
190 127 1.0
190 136 1.0
190 172 1.0
191 43 1.0
191 85 1.0
191 97 1.0
191 168 1.0
191 173 1.0
191 192 1.0
192 7 1.0
192 14 1.0
192 26 1.0
192 97 1.0
192 211 1.0
192 222 1.0
192 238 1.0
192 249 1.0
192 270 1.0
193 54 1.0
193 119 1.0
193 171 1.0
193 272 1.0
193 295 1.0
194 34 1.0
194 36 1.0
194 49 1.0
194 71 1.0
194 165 1.0
194 193 1.0
194 268 1.0
195 35 1.0
195 65 1.0
195 81 1.0
195 99 1.0
195 103 1.0
195 143 1.0
195 222 1.0
196 18 1.0
196 33 1.0
196 38 1.0
196 39 1.0
196 190 1.0
196 191 1.0
196 198 1.0
196 205 1.0
196 246 1.0
196 287 1.0
197 17 1.0
197 62 1.0
197 69 1.0
197 88 1.0
197 152 1.0
197 162 1.0
197 190 1.0
197 200 1.0
198 4 1.0
198 25 1.0
198 85 1.0
198 108 1.0
198 142 1.0
198 144 1.0
198 148 1.0
198 151 1.0
198 168 1.0
198 271 1.0
199 9 1.0
199 61 1.0
199 83 1.0
199 104 1.0
199 120 1.0
199 175 1.0
199 226 1.0
199 282 1.0
200 9 1.0
200 38 1.0
200 53 1.0
200 152 1.0
200 161 1.0
200 167 1.0
200 175 1.0
200 197 1.0
200 255 1.0
200 257 1.0
200 273 1.0
201 41 1.0
201 102 1.0
201 134 1.0
201 206 1.0
202 19 1.0
202 43 1.0
202 83 1.0
202 112 1.0
202 115 1.0
202 133 1.0
202 156 1.0
202 205 1.0
202 268 1.0
203 36 1.0
203 76 1.0
203 82 1.0
203 83 1.0
203 143 1.0
203 150 1.0
203 160 1.0
203 162 1.0
204 108 1.0
204 138 1.0
204 233 1.0
204 294 1.0
205 22 1.0
205 31 1.0
205 88 1.0
205 139 1.0
205 172 1.0
205 196 1.0
205 202 1.0
205 241 1.0
205 258 1.0
205 272 1.0
206 19 1.0
206 34 1.0
206 53 1.0
206 100 1.0
206 201 1.0
206 278 1.0
206 294 1.0
207 65 1.0
207 97 1.0
207 141 1.0
207 177 1.0
207 219 1.0
207 264 1.0
208 2 1.0
208 43 1.0
208 56 1.0
208 100 1.0
208 227 1.0
208 230 1.0
208 234 1.0
208 270 1.0
209 24 1.0
209 56 1.0
209 74 1.0
209 104 1.0
209 140 1.0
210 5 1.0
210 32 1.0
210 65 1.0
210 99 1.0
210 154 1.0
210 212 1.0
210 229 1.0
210 276 1.0
210 290 1.0
210 291 1.0
211 64 1.0
211 80 1.0
211 110 1.0
211 124 1.0
211 135 1.0
211 137 1.0
211 192 1.0
211 294 1.0
212 0 1.0
212 52 1.0
212 57 1.0
212 112 1.0
212 138 1.0
212 210 1.0
212 247 1.0
213 36 1.0
213 86 1.0
213 163 1.0
213 265 1.0
213 294 1.0
214 10 1.0
214 60 1.0
214 83 1.0
214 87 1.0
214 90 1.0
214 140 1.0
214 243 1.0
215 8 1.0
215 53 1.0
215 75 1.0
215 80 1.0
215 88 1.0
215 115 1.0
215 116 1.0
215 154 1.0
215 218 1.0
215 243 1.0
215 245 1.0
215 286 1.0
216 0 1.0
216 18 1.0
216 32 1.0
216 48 1.0
216 70 1.0
216 131 1.0
216 166 1.0
216 244 1.0
216 261 1.0
216 274 1.0
216 279 1.0
217 7 1.0
217 48 1.0
217 128 1.0
217 258 1.0
217 284 1.0
217 288 1.0
218 35 1.0
218 55 1.0
218 157 1.0
218 170 1.0
218 175 1.0
218 215 1.0
219 22 1.0
219 32 1.0
219 58 1.0
219 124 1.0
219 134 1.0
219 142 1.0
219 207 1.0
219 223 1.0
219 239 1.0
219 273 1.0
220 12 1.0
220 20 1.0
220 47 1.0
220 69 1.0
220 116 1.0
220 144 1.0
220 176 1.0
220 256 1.0
221 6 1.0
221 99 1.0
221 170 1.0
221 247 1.0
222 9 1.0
222 14 1.0
222 25 1.0
222 84 1.0
222 130 1.0
222 175 1.0
222 192 1.0
222 195 1.0
222 244 1.0
222 263 1.0
222 278 1.0
223 3 1.0
223 14 1.0
223 47 1.0
223 51 1.0
223 112 1.0
223 219 1.0
223 258 1.0
223 265 1.0
224 50 1.0
224 70 1.0
224 94 1.0
224 129 1.0
224 295 1.0
225 0 1.0
225 38 1.0
225 94 1.0
225 172 1.0
225 173 1.0
225 235 1.0
225 240 1.0
225 251 1.0
226 0 1.0
226 20 1.0
226 72 1.0
226 89 1.0
226 100 1.0
226 132 1.0
226 151 1.0
226 153 1.0
226 199 1.0
226 255 1.0
226 262 1.0
226 280 1.0
227 8 1.0
227 32 1.0
227 93 1.0
227 208 1.0
228 133 1.0
228 134 1.0
228 233 1.0
228 256 1.0
228 272 1.0
229 29 1.0
229 80 1.0
229 89 1.0
229 133 1.0
229 156 1.0
229 168 1.0
229 210 1.0
229 232 1.0
229 249 1.0
229 251 1.0
230 19 1.0
230 60 1.0
230 70 1.0
230 74 1.0
230 98 1.0
230 129 1.0
230 137 1.0
230 173 1.0
230 208 1.0
230 296 1.0
231 16 1.0
231 64 1.0
231 165 1.0
231 263 1.0
232 27 1.0
232 56 1.0
232 90 1.0
232 152 1.0
232 229 1.0
232 295 1.0
233 1 1.0
233 32 1.0
233 171 1.0
233 204 1.0
233 228 1.0
233 246 1.0
233 258 1.0
233 275 1.0
234 44 1.0
234 78 1.0
234 208 1.0
235 48 1.0
235 57 1.0
235 98 1.0
235 225 1.0
235 285 1.0
235 289 1.0
236 0 1.0
236 56 1.0
236 76 1.0
236 108 1.0
236 119 1.0
236 180 1.0
236 238 1.0
236 251 1.0
237 18 1.0
237 19 1.0
237 32 1.0
237 153 1.0
237 284 1.0
238 16 1.0
238 42 1.0
238 59 1.0
238 77 1.0
238 78 1.0
238 128 1.0
238 129 1.0
238 148 1.0
238 185 1.0
238 192 1.0
238 236 1.0
238 282 1.0
239 8 1.0
239 18 1.0
239 26 1.0
239 49 1.0
239 79 1.0
239 167 1.0
239 219 1.0
239 248 1.0
239 298 1.0
240 32 1.0
240 74 1.0
240 79 1.0
240 128 1.0
240 164 1.0
240 225 1.0
241 9 1.0
241 45 1.0
241 56 1.0
241 124 1.0
241 149 1.0
241 163 1.0
241 183 1.0
241 205 1.0
241 278 1.0
242 16 1.0
242 29 1.0
242 69 1.0
242 112 1.0
242 254 1.0
242 262 1.0
242 264 1.0
243 0 1.0
243 38 1.0
243 140 1.0
243 214 1.0
243 215 1.0
243 253 1.0
243 275 1.0
244 120 1.0
244 161 1.0
244 216 1.0
244 222 1.0
244 258 1.0
245 26 1.0
245 34 1.0
245 36 1.0
245 215 1.0
245 284 1.0
246 2 1.0
246 18 1.0
246 65 1.0
246 75 1.0
246 77 1.0
246 152 1.0
246 173 1.0
246 196 1.0
246 233 1.0
246 275 1.0
246 290 1.0
247 1 1.0
247 20 1.0
247 32 1.0
247 212 1.0
247 221 1.0
247 248 1.0
247 270 1.0
247 288 1.0
248 26 1.0
248 57 1.0
248 70 1.0
248 108 1.0
248 155 1.0
248 178 1.0
248 239 1.0
248 247 1.0
248 277 1.0
248 281 1.0
248 293 1.0
249 180 1.0
249 192 1.0
249 229 1.0
250 11 1.0
250 30 1.0
250 68 1.0
250 94 1.0
250 262 1.0
251 25 1.0
251 138 1.0
251 152 1.0
251 160 1.0
251 184 1.0
251 225 1.0
251 229 1.0
251 236 1.0
251 292 1.0
252 6 1.0
252 28 1.0
252 113 1.0
253 0 1.0
253 42 1.0
253 48 1.0
253 49 1.0
253 77 1.0
253 84 1.0
253 122 1.0
253 243 1.0
253 260 1.0
254 27 1.0
254 32 1.0
254 41 1.0
254 66 1.0
254 242 1.0
255 33 1.0
255 43 1.0
255 50 1.0
255 81 1.0
255 88 1.0
255 121 1.0
255 177 1.0
255 200 1.0
255 226 1.0
255 284 1.0
256 1 1.0
256 17 1.0
256 78 1.0
256 220 1.0
256 228 1.0
256 263 1.0
257 15 1.0
257 41 1.0
257 102 1.0
257 127 1.0
257 146 1.0
257 155 1.0
257 170 1.0
257 200 1.0
257 262 1.0
258 44 1.0
258 100 1.0
258 205 1.0
258 217 1.0
258 223 1.0
258 233 1.0
258 244 1.0
259 8 1.0
259 48 1.0
259 84 1.0
259 129 1.0
260 65 1.0
260 144 1.0
260 157 1.0
260 165 1.0
260 253 1.0
261 76 1.0
261 102 1.0
261 165 1.0
261 216 1.0
261 286 1.0
261 288 1.0
262 65 1.0
262 226 1.0
262 242 1.0
262 250 1.0
262 257 1.0
263 122 1.0
263 146 1.0
263 222 1.0
263 231 1.0
263 256 1.0
263 271 1.0
264 15 1.0
264 89 1.0
264 100 1.0
264 143 1.0
264 207 1.0
264 242 1.0
264 274 1.0
265 6 1.0
265 8 1.0
265 13 1.0
265 65 1.0
265 86 1.0
265 116 1.0
265 128 1.0
265 163 1.0
265 213 1.0
265 223 1.0
265 284 1.0
266 8 1.0
266 32 1.0
266 97 1.0
266 173 1.0
267 87 1.0
267 162 1.0
267 165 1.0
267 176 1.0
268 75 1.0
268 80 1.0
268 92 1.0
268 126 1.0
268 194 1.0
268 202 1.0
268 270 1.0
268 296 1.0
269 4 1.0
269 34 1.0
269 66 1.0
269 67 1.0
269 176 1.0
270 7 1.0
270 16 1.0
270 122 1.0
270 156 1.0
270 168 1.0
270 192 1.0
270 208 1.0
270 247 1.0
270 268 1.0
271 34 1.0
271 188 1.0
271 198 1.0
271 263 1.0
271 294 1.0
272 0 1.0
272 140 1.0
272 193 1.0
272 205 1.0
272 228 1.0
272 273 1.0
272 275 1.0
272 279 1.0
273 36 1.0
273 80 1.0
273 108 1.0
273 152 1.0
273 154 1.0
273 170 1.0
273 200 1.0
273 219 1.0
273 272 1.0
274 37 1.0
274 84 1.0
274 113 1.0
274 189 1.0
274 216 1.0
274 264 1.0
275 176 1.0
275 178 1.0
275 233 1.0
275 243 1.0
275 246 1.0
275 272 1.0
276 66 1.0
276 115 1.0
276 159 1.0
276 210 1.0
276 292 1.0
277 2 1.0
277 57 1.0
277 104 1.0
277 180 1.0
277 248 1.0
277 297 1.0
278 6 1.0
278 135 1.0
278 206 1.0
278 222 1.0
278 241 1.0
278 286 1.0
279 5 1.0
279 11 1.0
279 48 1.0
279 102 1.0
279 162 1.0
279 177 1.0
279 178 1.0
279 216 1.0
279 272 1.0
280 17 1.0
280 57 1.0
280 69 1.0
280 80 1.0
280 132 1.0
280 141 1.0
280 226 1.0
281 29 1.0
281 114 1.0
281 248 1.0
282 164 1.0
282 167 1.0
282 173 1.0
282 199 1.0
282 238 1.0
282 290 1.0
283 0 1.0
283 106 1.0
283 137 1.0
284 83 1.0
284 124 1.0
284 188 1.0
284 217 1.0
284 237 1.0
284 245 1.0
284 255 1.0
284 265 1.0
285 20 1.0
285 42 1.0
285 52 1.0
285 64 1.0
285 108 1.0
285 181 1.0
285 235 1.0
286 2 1.0
286 18 1.0
286 75 1.0
286 132 1.0
286 145 1.0
286 160 1.0
286 215 1.0
286 261 1.0
286 278 1.0
286 286 1.0
286 287 1.0
287 0 1.0
287 5 1.0
287 20 1.0
287 43 1.0
287 72 1.0
287 73 1.0
287 138 1.0
287 196 1.0
287 286 1.0
288 130 1.0
288 132 1.0
288 217 1.0
288 247 1.0
288 261 1.0
288 289 1.0
289 12 1.0
289 121 1.0
289 130 1.0
289 151 1.0
289 235 1.0
289 288 1.0
290 100 1.0
290 112 1.0
290 153 1.0
290 172 1.0
290 174 1.0
290 210 1.0
290 246 1.0
290 282 1.0
291 77 1.0
291 96 1.0
291 105 1.0
291 130 1.0
291 210 1.0
291 293 1.0
292 18 1.0
292 169 1.0
292 173 1.0
292 251 1.0
292 276 1.0
293 0 1.0
293 23 1.0
293 49 1.0
293 74 1.0
293 83 1.0
293 95 1.0
293 248 1.0
293 291 1.0
294 4 1.0
294 107 1.0
294 113 1.0
294 204 1.0
294 206 1.0
294 211 1.0
294 213 1.0
294 271 1.0
295 12 1.0
295 146 1.0
295 167 1.0
295 193 1.0
295 224 1.0
295 232 1.0
296 32 1.0
296 40 1.0
296 160 1.0
296 230 1.0
296 268 1.0
297 32 1.0
297 133 1.0
297 277 1.0
298 0 1.0
298 2 1.0
298 61 1.0
298 116 1.0
298 142 1.0
298 182 1.0
298 239 1.0
299 27 1.0
299 35 1.0
299 78 1.0
299 146 1.0
