0 12 1.0
0 135 1.0
0 205 1.0
0 212 1.0
0 254 1.0
1 76 1.0
2 23 1.0
2 82 1.0
2 105 1.0
3 113 1.0
3 148 1.0
3 165 1.0
4 120 1.0
4 277 1.0
5 30 1.0
5 62 1.0
5 119 1.0
5 125 1.0
5 196 1.0
6 159 1.0
6 193 1.0
6 219 1.0
7 146 1.0
7 217 1.0
7 286 1.0
8 91 1.0
8 117 1.0
8 131 1.0
8 132 1.0
8 146 1.0
8 198 1.0
8 200 1.0
8 220 1.0
9 102 1.0
9 106 1.0
9 113 1.0
9 180 1.0
10 3 1.0
10 17 1.0
10 45 1.0
10 112 1.0
10 138 1.0
10 175 1.0
10 188 1.0
10 238 1.0
10 242 1.0
10 277 1.0
11 6 1.0
11 75 1.0
11 238 1.0
12 165 1.0
13 30 1.0
13 77 1.0
13 189 1.0
13 267 1.0
14 64 1.0
15 74 1.0
15 75 1.0
15 133 1.0
15 169 1.0
16 80 1.0
16 86 1.0
16 87 1.0
16 133 1.0
16 178 1.0
16 234 1.0
17 3 1.0
17 55 1.0
17 171 1.0
17 223 1.0
18 9 1.0
18 60 1.0
19 11 1.0
19 49 1.0
19 61 1.0
19 111 1.0
19 136 1.0
20 9 1.0
20 18 1.0
20 76 1.0
20 125 1.0
21 60 1.0
21 96 1.0
21 181 1.0
21 191 1.0
22 36 1.0
22 77 1.0
22 81 1.0
22 242 1.0
22 249 1.0
23 58 1.0
23 184 1.0
23 191 1.0
24 31 1.0
24 94 1.0
25 80 1.0
25 100 1.0
25 112 1.0
25 124 1.0
25 178 1.0
25 179 1.0
26 13 1.0
26 58 1.0
26 85 1.0
26 125 1.0
26 135 1.0
26 152 1.0
26 158 1.0
27 9 1.0
27 105 1.0
27 151 1.0
27 290 1.0
28 70 1.0
28 78 1.0
28 159 1.0
28 268 1.0
29 12 1.0
29 134 1.0
29 172 1.0
30 60 1.0
31 11 1.0
31 78 1.0
31 144 1.0
31 150 1.0
31 199 1.0
31 282 1.0
32 134 1.0
32 156 1.0
32 159 1.0
33 0 1.0
33 120 1.0
33 166 1.0
33 242 1.0
34 16 1.0
34 63 1.0
34 76 1.0
34 164 1.0
35 80 1.0
35 155 1.0
35 176 1.0
36 42 1.0
36 47 1.0
36 121 1.0
37 9 1.0
37 63 1.0
37 101 1.0
37 105 1.0
38 2 1.0
38 65 1.0
38 130 1.0
38 169 1.0
38 173 1.0
39 6 1.0
39 19 1.0
39 40 1.0
39 106 1.0
39 157 1.0
39 280 1.0
39 298 1.0
40 59 1.0
40 229 1.0
40 232 1.0
40 261 1.0
40 263 1.0
41 65 1.0
41 162 1.0
41 229 1.0
41 267 1.0
42 37 1.0
42 46 1.0
42 109 1.0
42 157 1.0
42 226 1.0
42 287 1.0
43 35 1.0
43 125 1.0
43 151 1.0
43 265 1.0
44 6 1.0
44 69 1.0
45 27 1.0
45 64 1.0
45 151 1.0
45 165 1.0
46 48 1.0
46 197 1.0
46 199 1.0
46 232 1.0
47 37 1.0
47 71 1.0
48 13 1.0
48 14 1.0
48 81 1.0
48 123 1.0
48 129 1.0
48 137 1.0
48 294 1.0
49 106 1.0
49 113 1.0
49 157 1.0
49 188 1.0
49 192 1.0
49 292 1.0
50 127 1.0
50 146 1.0
50 193 1.0
50 247 1.0
50 253 1.0
50 259 1.0
50 295 1.0
51 1 1.0
51 64 1.0
51 207 1.0
52 13 1.0
52 94 1.0
52 113 1.0
52 269 1.0
53 3 1.0
53 70 1.0
53 101 1.0
53 109 1.0
53 136 1.0
54 15 1.0
55 45 1.0
55 91 1.0
55 114 1.0
55 162 1.0
55 247 1.0
56 131 1.0
57 55 1.0
57 73 1.0
57 78 1.0
57 117 1.0
57 139 1.0
57 170 1.0
57 183 1.0
58 22 1.0
58 42 1.0
58 188 1.0
59 40 1.0
59 81 1.0
59 157 1.0
59 247 1.0
59 283 1.0
60 66 1.0
60 195 1.0
61 120 1.0
61 166 1.0
61 190 1.0
61 248 1.0
62 57 1.0
62 85 1.0
62 209 1.0
62 243 1.0
63 36 1.0
63 116 1.0
63 121 1.0
64 21 1.0
64 77 1.0
64 126 1.0
64 187 1.0
64 215 1.0
65 87 1.0
65 96 1.0
65 186 1.0
66 58 1.0
66 91 1.0
66 97 1.0
66 113 1.0
66 175 1.0
67 118 1.0
67 227 1.0
67 249 1.0
68 32 1.0
68 87 1.0
68 96 1.0
68 127 1.0
68 236 1.0
69 5 1.0
69 182 1.0
69 222 1.0
70 2 1.0
70 127 1.0
70 192 1.0
71 3 1.0
71 176 1.0
73 21 1.0
73 115 1.0
73 175 1.0
73 262 1.0
74 83 1.0
74 109 1.0
75 51 1.0
75 56 1.0
75 83 1.0
75 185 1.0
75 197 1.0
76 73 1.0
76 101 1.0
76 200 1.0
76 230 1.0
77 289 1.0
78 31 1.0
78 152 1.0
78 162 1.0
78 256 1.0
79 35 1.0
79 42 1.0
79 155 1.0
79 199 1.0
80 39 1.0
80 95 1.0
80 105 1.0
80 127 1.0
80 155 1.0
80 179 1.0
80 188 1.0
81 23 1.0
81 27 1.0
81 292 1.0
82 76 1.0
82 102 1.0
82 193 1.0
82 251 1.0
83 65 1.0
84 16 1.0
84 151 1.0
84 295 1.0
85 20 1.0
85 37 1.0
85 178 1.0
85 258 1.0
86 8 1.0
86 18 1.0
86 44 1.0
86 99 1.0
86 104 1.0
86 113 1.0
86 136 1.0
86 197 1.0
87 24 1.0
87 86 1.0
87 193 1.0
87 198 1.0
88 10 1.0
88 12 1.0
88 183 1.0
89 13 1.0
89 29 1.0
89 143 1.0
89 296 1.0
90 64 1.0
90 65 1.0
90 87 1.0
90 127 1.0
90 245 1.0
91 230 1.0
91 235 1.0
91 253 1.0
92 88 1.0
92 105 1.0
92 164 1.0
93 42 1.0
93 50 1.0
93 158 1.0
93 192 1.0
93 196 1.0
93 252 1.0
94 36 1.0
94 128 1.0
94 131 1.0
94 139 1.0
94 173 1.0
94 192 1.0
95 88 1.0
95 124 1.0
95 144 1.0
95 191 1.0
95 204 1.0
96 71 1.0
96 91 1.0
96 117 1.0
96 121 1.0
96 182 1.0
96 197 1.0
97 0 1.0
97 103 1.0
98 118 1.0
98 166 1.0
99 60 1.0
99 97 1.0
99 172 1.0
99 216 1.0
100 101 1.0
100 169 1.0
100 232 1.0
101 33 1.0
101 54 1.0
101 97 1.0
101 113 1.0
101 194 1.0
102 35 1.0
102 52 1.0
102 60 1.0
102 140 1.0
102 177 1.0
102 213 1.0
103 106 1.0
103 207 1.0
103 218 1.0
104 7 1.0
104 53 1.0
104 282 1.0
105 62 1.0
105 126 1.0
105 139 1.0
105 172 1.0
106 23 1.0
106 121 1.0
106 135 1.0
106 255 1.0
107 191 1.0
108 88 1.0
108 139 1.0
108 241 1.0
109 105 1.0
109 211 1.0
110 21 1.0
110 70 1.0
110 127 1.0
110 166 1.0
110 172 1.0
110 203 1.0
110 282 1.0
111 6 1.0
111 150 1.0
111 184 1.0
111 291 1.0
112 34 1.0
112 80 1.0
112 92 1.0
112 106 1.0
112 250 1.0
113 54 1.0
113 71 1.0
113 84 1.0
113 221 1.0
114 26 1.0
114 138 1.0
114 186 1.0
114 222 1.0
114 256 1.0
114 260 1.0
115 123 1.0
115 265 1.0
116 163 1.0
116 165 1.0
117 48 1.0
117 155 1.0
117 159 1.0
117 164 1.0
117 209 1.0
118 74 1.0
118 185 1.0
118 218 1.0
118 246 1.0
118 289 1.0
119 73 1.0
119 82 1.0
119 104 1.0
119 124 1.0
119 180 1.0
119 266 1.0
120 14 1.0
121 86 1.0
121 88 1.0
122 9 1.0
122 18 1.0
122 54 1.0
122 124 1.0
122 160 1.0
122 268 1.0
122 271 1.0
123 21 1.0
123 55 1.0
124 13 1.0
124 167 1.0
124 175 1.0
124 194 1.0
124 255 1.0
125 75 1.0
125 127 1.0
125 159 1.0
125 296 1.0
126 26 1.0
126 28 1.0
126 39 1.0
126 56 1.0
126 85 1.0
126 141 1.0
126 185 1.0
126 270 1.0
127 191 1.0
128 0 1.0
128 51 1.0
128 74 1.0
128 169 1.0
129 39 1.0
129 64 1.0
129 76 1.0
129 87 1.0
129 118 1.0
130 15 1.0
130 19 1.0
130 46 1.0
130 107 1.0
130 113 1.0
130 145 1.0
130 164 1.0
131 114 1.0
131 149 1.0
131 176 1.0
131 193 1.0
132 3 1.0
132 92 1.0
132 116 1.0
132 184 1.0
132 225 1.0
133 60 1.0
133 226 1.0
134 110 1.0
134 122 1.0
134 272 1.0
135 19 1.0
136 30 1.0
136 54 1.0
136 59 1.0
136 213 1.0
136 287 1.0
138 6 1.0
138 42 1.0
138 90 1.0
138 103 1.0
138 115 1.0
138 151 1.0
139 0 1.0
139 46 1.0
139 52 1.0
140 118 1.0
140 209 1.0
140 253 1.0
141 21 1.0
141 64 1.0
141 164 1.0
142 18 1.0
142 72 1.0
142 131 1.0
142 144 1.0
142 172 1.0
142 289 1.0
144 12 1.0
144 152 1.0
144 171 1.0
144 235 1.0
145 8 1.0
145 42 1.0
145 142 1.0
145 231 1.0
146 109 1.0
146 168 1.0
146 223 1.0
146 276 1.0
146 279 1.0
146 284 1.0
146 294 1.0
147 86 1.0
147 88 1.0
147 119 1.0
147 174 1.0
147 205 1.0
147 266 1.0
148 73 1.0
148 252 1.0
148 276 1.0
149 107 1.0
149 116 1.0
150 126 1.0
150 128 1.0
150 206 1.0
150 236 1.0
151 45 1.0
151 136 1.0
151 164 1.0
151 184 1.0
152 23 1.0
152 45 1.0
152 90 1.0
152 145 1.0
154 25 1.0
154 67 1.0
154 112 1.0
154 179 1.0
154 197 1.0
155 17 1.0
155 56 1.0
155 93 1.0
155 102 1.0
155 142 1.0
155 204 1.0
155 254 1.0
156 90 1.0
156 102 1.0
156 139 1.0
156 200 1.0
156 257 1.0
158 172 1.0
159 103 1.0
159 143 1.0
159 147 1.0
159 217 1.0
160 111 1.0
160 198 1.0
160 247 1.0
161 27 1.0
161 49 1.0
162 49 1.0
162 142 1.0
162 147 1.0
162 211 1.0
163 83 1.0
163 121 1.0
163 286 1.0
164 81 1.0
164 201 1.0
165 43 1.0
165 74 1.0
165 107 1.0
165 189 1.0
165 232 1.0
165 281 1.0
166 68 1.0
166 72 1.0
166 177 1.0
166 278 1.0
167 32 1.0
167 75 1.0
167 121 1.0
167 157 1.0
167 162 1.0
167 217 1.0
168 12 1.0
168 56 1.0
168 281 1.0
169 2 1.0
170 18 1.0
170 30 1.0
170 80 1.0
170 177 1.0
170 262 1.0
170 274 1.0
170 288 1.0
171 23 1.0
171 100 1.0
171 210 1.0
172 49 1.0
172 80 1.0
172 82 1.0
172 153 1.0
172 208 1.0
173 23 1.0
173 51 1.0
173 122 1.0
173 156 1.0
173 201 1.0
173 283 1.0
174 3 1.0
174 71 1.0
174 129 1.0
174 131 1.0
175 22 1.0
175 132 1.0
175 162 1.0
175 257 1.0
176 51 1.0
176 74 1.0
176 163 1.0
176 215 1.0
177 42 1.0
177 84 1.0
177 116 1.0
177 275 1.0
177 276 1.0
178 27 1.0
178 104 1.0
179 58 1.0
179 147 1.0
179 269 1.0
180 9 1.0
180 66 1.0
180 182 1.0
180 218 1.0
181 1 1.0
181 63 1.0
181 128 1.0
181 192 1.0
181 233 1.0
182 52 1.0
182 70 1.0
182 179 1.0
182 195 1.0
182 247 1.0
182 253 1.0
183 53 1.0
183 71 1.0
183 181 1.0
183 292 1.0
184 63 1.0
184 276 1.0
185 17 1.0
185 26 1.0
185 41 1.0
185 87 1.0
185 88 1.0
185 153 1.0
185 221 1.0
186 102 1.0
186 123 1.0
186 284 1.0
187 8 1.0
187 56 1.0
187 97 1.0
187 132 1.0
188 46 1.0
188 79 1.0
188 121 1.0
188 122 1.0
188 213 1.0
189 16 1.0
189 19 1.0
189 129 1.0
189 131 1.0
189 153 1.0
190 187 1.0
191 17 1.0
191 22 1.0
191 186 1.0
191 196 1.0
191 282 1.0
192 200 1.0
192 206 1.0
192 281 1.0
193 8 1.0
193 58 1.0
193 99 1.0
193 156 1.0
193 216 1.0
193 221 1.0
194 39 1.0
194 40 1.0
194 86 1.0
194 123 1.0
194 129 1.0
194 130 1.0
194 164 1.0
194 224 1.0
195 45 1.0
195 134 1.0
196 8 1.0
196 43 1.0
196 118 1.0
197 61 1.0
197 92 1.0
197 102 1.0
197 139 1.0
197 141 1.0
197 264 1.0
198 146 1.0
198 216 1.0
198 244 1.0
199 151 1.0
199 163 1.0
199 288 1.0
200 8 1.0
200 76 1.0
200 156 1.0
200 192 1.0
200 220 1.0
200 222 1.0
201 164 1.0
201 173 1.0
202 220 1.0
202 272 1.0
203 110 1.0
203 232 1.0
204 95 1.0
204 155 1.0
204 219 1.0
204 262 1.0
205 0 1.0
205 147 1.0
205 297 1.0
206 150 1.0
206 192 1.0
207 51 1.0
207 103 1.0
207 237 1.0
208 172 1.0
208 221 1.0
208 296 1.0
209 62 1.0
209 117 1.0
209 140 1.0
209 259 1.0
209 260 1.0
209 276 1.0
210 171 1.0
210 238 1.0
210 269 1.0
211 109 1.0
211 162 1.0
212 0 1.0
212 212 1.0
213 102 1.0
213 136 1.0
213 188 1.0
214 289 1.0
215 64 1.0
215 176 1.0
215 244 1.0
216 99 1.0
216 193 1.0
216 198 1.0
216 230 1.0
217 7 1.0
217 159 1.0
217 167 1.0
218 103 1.0
218 118 1.0
218 180 1.0
219 6 1.0
219 204 1.0
219 264 1.0
220 8 1.0
220 200 1.0
220 202 1.0
220 238 1.0
221 113 1.0
221 185 1.0
221 193 1.0
221 208 1.0
221 221 1.0
222 69 1.0
222 114 1.0
222 200 1.0
222 225 1.0
222 229 1.0
222 296 1.0
223 17 1.0
223 146 1.0
223 277 1.0
224 194 1.0
224 226 1.0
224 264 1.0
225 132 1.0
225 222 1.0
225 244 1.0
226 42 1.0
226 133 1.0
226 224 1.0
226 234 1.0
226 236 1.0
227 67 1.0
227 227 1.0
227 231 1.0
228 238 1.0
229 40 1.0
229 41 1.0
229 222 1.0
229 232 1.0
229 262 1.0
230 76 1.0
230 91 1.0
230 216 1.0
230 243 1.0
230 274 1.0
231 145 1.0
231 227 1.0
231 246 1.0
232 40 1.0
232 46 1.0
232 100 1.0
232 165 1.0
232 203 1.0
232 229 1.0
233 181 1.0
233 245 1.0
234 16 1.0
234 226 1.0
234 237 1.0
235 91 1.0
235 144 1.0
235 260 1.0
236 68 1.0
236 150 1.0
236 226 1.0
236 278 1.0
237 207 1.0
237 234 1.0
237 256 1.0
238 10 1.0
238 11 1.0
238 210 1.0
238 220 1.0
238 228 1.0
241 108 1.0
241 245 1.0
241 246 1.0
242 10 1.0
242 22 1.0
242 33 1.0
243 62 1.0
243 230 1.0
244 198 1.0
244 215 1.0
244 225 1.0
244 257 1.0
245 90 1.0
245 233 1.0
245 241 1.0
245 273 1.0
246 118 1.0
246 231 1.0
246 241 1.0
247 50 1.0
247 55 1.0
247 59 1.0
247 160 1.0
247 182 1.0
248 61 1.0
248 258 1.0
248 271 1.0
249 22 1.0
249 67 1.0
250 112 1.0
250 254 1.0
250 274 1.0
250 290 1.0
251 82 1.0
251 253 1.0
251 271 1.0
251 280 1.0
252 93 1.0
252 148 1.0
252 292 1.0
253 50 1.0
253 91 1.0
253 140 1.0
253 182 1.0
253 251 1.0
253 263 1.0
253 295 1.0
253 298 1.0
254 0 1.0
254 155 1.0
254 250 1.0
255 106 1.0
255 124 1.0
255 255 1.0
255 259 1.0
255 284 1.0
256 78 1.0
256 114 1.0
256 237 1.0
257 156 1.0
257 175 1.0
257 244 1.0
257 295 1.0
258 85 1.0
258 248 1.0
258 259 1.0
259 50 1.0
259 209 1.0
259 255 1.0
259 258 1.0
260 114 1.0
260 209 1.0
260 235 1.0
260 285 1.0
261 40 1.0
261 277 1.0
262 73 1.0
262 170 1.0
262 204 1.0
262 229 1.0
263 40 1.0
263 253 1.0
264 197 1.0
264 219 1.0
264 224 1.0
265 43 1.0
265 115 1.0
265 268 1.0
265 294 1.0
266 119 1.0
266 147 1.0
267 13 1.0
267 41 1.0
267 272 1.0
268 28 1.0
268 122 1.0
268 265 1.0
268 274 1.0
269 52 1.0
269 179 1.0
269 210 1.0
269 293 1.0
269 298 1.0
270 126 1.0
271 122 1.0
271 248 1.0
271 251 1.0
271 285 1.0
272 134 1.0
272 202 1.0
272 267 1.0
272 290 1.0
273 245 1.0
273 273 1.0
274 170 1.0
274 230 1.0
274 250 1.0
274 268 1.0
275 177 1.0
275 296 1.0
276 146 1.0
276 148 1.0
276 177 1.0
276 184 1.0
276 209 1.0
277 4 1.0
277 10 1.0
277 223 1.0
277 261 1.0
278 166 1.0
278 236 1.0
278 298 1.0
279 146 1.0
280 39 1.0
280 251 1.0
280 282 1.0
281 165 1.0
281 168 1.0
281 192 1.0
282 31 1.0
282 104 1.0
282 110 1.0
282 191 1.0
282 280 1.0
283 59 1.0
283 173 1.0
283 290 1.0
284 146 1.0
284 186 1.0
284 255 1.0
284 284 1.0
285 260 1.0
285 271 1.0
285 296 1.0
286 7 1.0
286 163 1.0
286 286 1.0
287 42 1.0
287 136 1.0
288 170 1.0
288 199 1.0
289 77 1.0
289 118 1.0
289 142 1.0
289 214 1.0
289 291 1.0
290 27 1.0
290 250 1.0
290 272 1.0
290 283 1.0
291 111 1.0
291 289 1.0
291 297 1.0
292 49 1.0
292 81 1.0
292 183 1.0
292 252 1.0
293 269 1.0
294 48 1.0
294 146 1.0
294 265 1.0
294 299 1.0
295 50 1.0
295 84 1.0
295 253 1.0
295 257 1.0
296 89 1.0
296 125 1.0
296 208 1.0
296 222 1.0
296 275 1.0
296 285 1.0
297 205 1.0
297 291 1.0
297 297 1.0
298 39 1.0
298 253 1.0
298 269 1.0
298 278 1.0
299 294 1.0
