0 114
0 285
0 21
0 222
0 128
0 153
1 68
1 95
1 260
1 29
1 128
1 132
1 51
1 179
1 157
1 230
2 59
2 118
2 68
2 291
2 100
2 217
2 145
2 154
2 265
2 35
3 266
3 143
3 150
3 123
3 142
3 113
3 90
3 293
4 282
4 43
4 256
4 116
4 178
4 177
4 36
4 154
4 240
5 193
5 110
5 212
5 51
5 30
5 89
5 128
6 148
6 201
6 143
6 166
6 95
6 34
6 164
6 224
6 298
7 222
7 246
7 68
7 234
7 95
7 228
8 11
8 221
8 245
8 291
8 195
8 118
8 241
8 204
9 278
9 206
9 224
9 196
9 288
9 168
9 280
9 1
9 23
10 176
10 263
10 32
10 212
10 293
10 276
10 115
10 30
10 181
11 180
11 295
11 265
11 293
11 139
11 240
11 172
11 140
11 242
11 83
11 7
11 243
11 73
11 133
12 57
12 1
12 103
12 110
13 113
13 179
13 98
13 28
13 256
13 118
13 72
13 141
13 282
13 262
14 296
14 162
14 207
14 116
14 4
14 122
14 51
14 130
15 287
15 293
15 43
15 104
15 37
15 173
15 284
16 247
16 225
16 75
16 128
16 241
16 213
17 218
17 29
17 10
17 82
17 19
17 127
17 67
17 189
17 255
17 72
18 92
18 81
18 195
18 230
18 71
18 26
18 190
18 154
18 27
18 227
18 15
18 249
19 16
19 182
19 249
19 60
20 95
20 179
20 284
20 111
20 117
21 116
21 133
21 32
21 138
21 297
21 106
21 49
21 198
21 42
22 129
22 86
22 90
22 39
22 275
22 297
22 241
22 60
22 69
23 251
23 89
23 159
23 97
23 137
23 192
23 158
23 273
23 39
23 9
24 163
24 131
24 256
24 96
24 281
24 34
24 3
25 39
25 242
25 10
25 137
25 159
25 252
25 172
25 135
26 131
26 285
26 213
26 243
26 11
26 182
26 250
26 219
26 9
26 116
26 209
26 265
26 126
26 156
26 33
27 260
27 191
27 218
27 41
27 36
27 56
27 210
27 125
28 44
28 285
28 91
28 10
28 146
28 176
29 51
29 232
29 245
29 265
29 48
30 81
30 241
30 262
30 129
30 88
31 102
31 133
31 16
31 9
31 297
31 116
31 183
32 139
32 129
32 159
33 233
33 57
33 295
33 154
33 138
33 19
33 140
33 240
33 202
34 110
34 212
34 140
34 263
34 275
34 248
34 211
34 227
34 216
35 94
35 222
35 120
35 41
35 32
35 67
36 99
36 152
36 27
36 179
36 279
36 105
36 47
37 39
37 180
37 288
37 72
37 287
37 197
37 50
37 284
38 231
38 201
38 54
38 91
38 223
38 267
38 262
38 77
38 158
38 112
39 105
39 168
39 142
39 46
39 157
39 139
39 270
39 279
39 171
39 269
39 40
40 266
40 232
40 238
40 73
40 190
40 46
40 66
41 128
41 145
41 92
41 244
42 194
42 220
42 159
42 288
42 252
42 119
42 299
42 78
43 35
43 250
43 9
43 12
43 131
43 68
43 167
43 100
43 57
43 60
43 144
44 138
44 281
44 175
44 164
44 195
45 284
45 110
45 117
45 218
45 129
45 152
46 139
46 153
46 140
46 271
46 37
46 89
46 11
47 39
47 271
47 98
47 256
47 36
47 82
47 148
47 140
47 215
47 244
47 2
48 38
48 50
48 235
49 68
49 289
49 156
49 40
49 178
49 222
49 197
50 243
50 257
50 141
50 293
50 204
50 211
51 56
51 220
51 235
51 277
51 206
51 11
51 180
51 214
52 87
52 13
52 200
52 297
52 173
52 226
52 53
52 122
52 171
52 126
53 254
53 175
53 73
53 82
53 238
53 36
54 22
54 29
54 88
54 258
54 222
54 91
54 251
54 275
54 1
54 171
54 81
54 136
55 174
55 79
55 105
55 260
55 13
55 211
55 139
55 140
55 144
55 18
55 206
56 172
56 117
56 249
56 198
56 203
56 169
56 272
56 279
57 140
57 246
57 187
57 148
57 17
57 12
57 30
58 108
58 261
58 267
58 293
58 250
59 279
59 41
59 295
59 197
59 162
59 204
59 285
59 142
59 282
59 3
59 23
59 187
59 202
60 224
60 38
60 9
60 106
60 101
60 27
60 111
60 203
60 108
61 159
61 291
61 265
61 113
61 122
61 212
61 115
61 125
61 92
62 254
62 258
62 67
62 279
62 201
62 74
62 22
62 162
62 85
63 128
63 91
63 231
63 261
63 167
63 11
63 176
63 51
64 124
64 11
64 226
64 125
64 136
64 34
64 284
64 87
64 180
65 127
65 192
65 119
65 219
65 265
65 162
65 100
65 255
65 180
66 6
66 4
66 293
66 169
67 74
67 193
67 47
67 176
67 143
67 18
68 96
68 219
68 119
68 86
68 128
68 215
68 72
68 210
69 233
69 185
69 99
69 123
69 271
70 16
70 266
70 182
70 120
70 25
70 74
70 114
71 32
71 274
71 287
71 235
71 167
71 52
71 97
72 190
72 19
72 282
72 192
72 159
73 205
73 52
73 0
73 273
73 260
73 291
73 83
74 218
74 157
74 251
74 235
74 224
74 299
74 52
75 279
75 286
75 24
75 152
75 169
75 62
76 221
76 45
76 286
76 175
76 144
76 253
76 64
76 182
76 275
77 69
77 255
77 41
77 171
77 135
77 148
77 26
77 169
78 48
78 247
78 198
78 76
78 224
78 20
78 273
78 246
78 155
78 189
78 103
78 162
78 63
79 56
79 243
79 7
79 166
79 82
79 260
79 98
79 141
79 101
79 122
79 194
79 155
79 202
80 257
80 8
80 131
81 63
81 21
81 172
81 79
81 232
81 255
81 47
81 244
81 140
81 277
81 254
82 61
82 48
82 15
82 99
82 243
82 100
82 240
82 166
82 111
82 24
83 9
83 202
83 187
83 57
83 256
83 92
84 61
84 72
84 258
84 238
84 81
84 147
84 213
84 91
85 139
85 1
85 70
85 72
85 64
85 109
85 88
86 131
86 212
86 83
87 189
87 285
87 120
87 184
87 239
87 146
87 54
87 35
87 277
87 219
87 124
88 80
88 36
88 40
88 101
88 215
88 255
88 100
88 76
88 257
88 272
89 294
89 206
89 136
89 189
89 282
89 91
89 80
89 101
89 127
89 3
90 160
90 163
90 152
90 237
90 93
90 133
90 170
91 30
91 92
91 116
91 206
91 297
91 5
91 134
91 217
92 125
92 291
92 173
92 26
92 142
92 50
92 62
92 19
92 126
93 77
93 273
93 27
93 100
93 298
93 64
93 232
93 62
93 87
93 176
94 298
94 32
94 41
94 161
94 133
94 250
95 130
95 48
95 140
95 158
95 232
95 143
95 87
96 24
96 149
96 186
96 273
96 15
97 164
97 194
97 20
97 13
97 212
97 124
97 190
97 273
98 8
98 175
98 254
98 83
98 231
98 29
98 251
98 112
98 76
98 197
98 227
99 195
99 285
99 135
99 192
99 182
99 297
99 212
99 123
99 88
99 257
99 73
100 17
100 174
100 29
100 285
100 150
100 151
101 222
101 289
101 27
101 120
101 40
101 111
101 230
101 96
101 175
101 281
101 46
102 92
102 270
102 57
102 151
102 5
102 144
102 43
103 6
103 52
103 43
103 216
103 120
103 240
103 104
104 13
104 234
104 254
104 136
104 109
104 6
104 134
104 80
105 267
105 13
105 295
105 297
106 138
106 100
106 77
106 74
106 1
106 62
107 235
107 177
107 33
107 112
107 147
107 294
107 260
107 236
107 233
107 158
108 226
108 79
108 179
108 266
108 272
108 0
109 93
109 60
109 155
109 191
109 177
109 132
109 45
110 25
110 78
110 9
110 59
110 229
110 237
110 132
111 153
111 262
111 15
111 120
111 186
111 22
111 124
112 189
112 96
112 10
113 268
113 98
113 139
113 62
113 180
113 227
113 99
113 167
113 45
113 150
114 198
114 200
114 292
114 199
114 257
114 238
114 39
114 220
114 174
114 243
115 176
115 182
115 10
115 40
115 277
115 70
116 149
116 257
116 78
116 253
116 166
116 63
116 268
116 136
116 1
116 230
117 19
117 30
117 98
117 42
117 277
117 144
117 87
117 254
117 107
118 196
118 231
118 20
118 219
118 273
118 192
118 156
119 164
119 58
119 152
119 29
119 282
119 168
120 158
120 77
120 187
120 106
120 43
120 255
120 26
120 162
120 223
120 93
120 139
120 265
120 209
121 87
121 221
121 127
121 75
121 249
121 89
122 32
122 154
122 22
122 35
122 246
122 240
122 109
122 264
122 69
122 214
123 85
123 77
123 173
123 178
123 90
123 121
124 226
124 13
124 104
124 167
124 222
124 202
124 193
124 84
124 87
124 227
125 291
125 242
125 283
125 171
125 260
125 220
125 296
125 160
125 219
125 8
125 142
125 241
125 261
125 231
126 240
126 183
126 72
126 109
126 47
127 275
127 267
127 145
127 287
127 83
127 10
127 181
127 243
127 172
128 13
128 276
128 178
128 103
128 238
128 158
129 166
129 3
129 172
129 41
129 120
129 176
129 148
129 219
129 95
129 80
130 29
130 133
131 32
131 243
131 143
131 293
131 24
131 97
131 108
132 21
132 154
132 83
132 224
132 268
132 149
132 27
133 147
133 22
133 9
133 182
133 250
133 213
133 124
133 177
134 180
134 187
134 132
134 241
134 108
135 248
135 136
135 76
135 32
135 97
135 219
135 238
135 112
135 286
135 151
135 246
136 254
136 30
136 220
136 232
136 112
137 18
137 175
137 295
137 159
137 283
138 93
138 57
138 279
138 295
138 61
138 53
138 166
138 156
138 288
139 127
139 184
139 38
139 244
139 226
139 28
140 166
140 107
140 46
141 80
141 26
141 204
141 48
141 200
141 257
142 263
142 140
142 248
142 284
142 112
142 68
142 127
142 271
143 193
143 27
143 213
143 9
143 197
143 5
143 195
143 50
143 147
144 2
144 142
144 167
144 202
145 28
145 4
145 157
145 208
145 175
146 31
146 107
146 63
146 222
146 68
146 17
147 191
147 247
147 17
147 104
147 285
147 193
148 210
148 73
148 16
148 69
148 127
148 66
148 231
148 286
149 296
149 72
149 12
149 247
150 227
150 170
150 0
150 283
150 120
150 68
150 203
150 116
150 139
150 195
150 2
150 172
150 142
150 294
151 190
151 24
151 1
151 158
151 109
151 299
151 58
151 105
152 232
152 66
152 110
152 219
152 215
152 100
153 46
153 267
153 47
154 299
154 269
155 196
155 17
155 148
155 213
155 265
156 236
156 26
156 38
156 204
156 118
156 293
156 49
157 191
157 15
157 234
157 225
157 178
157 68
157 92
158 253
158 260
158 92
158 59
158 96
158 12
158 117
158 205
158 199
158 229
159 95
159 295
159 73
159 104
159 235
159 58
159 245
159 165
159 52
160 117
160 210
160 93
160 4
160 289
161 164
161 55
161 247
161 277
161 202
161 125
161 20
161 148
161 238
161 102
161 83
162 88
162 295
162 290
162 247
162 206
162 30
162 210
163 97
163 258
163 184
163 186
163 148
163 274
163 103
163 209
163 227
163 136
163 279
163 167
164 17
164 47
164 251
164 137
164 67
164 295
165 169
165 135
165 54
165 179
165 151
166 163
166 15
166 125
166 10
166 116
166 48
166 208
167 160
167 230
167 267
167 205
167 180
167 79
167 221
167 92
167 204
167 224
168 17
168 174
168 192
168 257
168 136
168 237
168 295
168 173
168 206
168 156
168 193
168 289
169 21
169 272
169 132
169 7
169 167
169 238
169 75
169 98
170 151
170 62
170 283
170 229
170 52
170 126
170 26
170 76
171 275
171 265
171 0
171 88
171 184
171 139
171 143
171 127
172 138
172 256
172 130
172 140
172 188
172 0
172 62
173 193
173 77
173 223
173 70
173 22
173 84
173 161
173 174
173 138
174 228
174 288
174 81
174 176
175 252
175 287
175 172
175 120
175 95
175 0
175 197
175 55
175 47
175 271
175 82
175 118
175 79
176 158
176 76
176 119
176 198
176 74
176 144
176 50
176 260
176 90
176 54
176 298
176 189
177 282
177 299
177 267
177 6
177 219
177 157
177 10
177 241
177 142
177 161
177 100
178 9
178 72
178 108
178 230
178 228
178 16
178 111
179 99
179 6
179 39
179 242
179 18
179 272
179 160
179 150
179 74
179 47
179 252
179 85
180 186
180 221
180 25
180 113
180 48
180 257
180 226
181 201
181 129
181 285
181 145
181 51
181 255
181 10
182 263
182 280
183 281
183 298
183 35
183 226
183 12
183 24
183 115
184 27
184 181
184 82
184 191
184 228
184 156
184 5
184 198
185 83
185 289
185 226
185 66
185 258
185 240
185 1
185 105
185 164
186 98
186 151
186 259
186 142
186 91
186 220
186 6
186 227
186 2
186 231
187 209
187 242
187 134
187 30
187 19
187 231
188 152
188 263
188 32
188 100
188 56
188 87
188 136
189 134
189 237
189 166
189 113
189 35
189 275
189 225
189 288
190 286
190 28
190 156
190 157
190 64
190 226
190 126
190 299
190 70
190 182
190 133
190 100
191 209
191 177
191 6
191 97
191 264
191 38
191 53
191 176
191 230
191 124
192 244
192 113
192 172
192 179
192 93
192 196
193 211
193 246
193 32
193 53
193 161
193 225
193 37
194 11
194 141
194 256
194 246
195 273
195 282
195 286
195 218
195 166
195 64
195 90
195 99
195 138
195 26
195 37
195 63
196 72
196 164
196 39
196 91
196 140
196 40
196 96
196 133
196 76
197 179
197 147
197 260
197 122
197 41
197 20
198 228
198 12
198 68
198 298
198 36
198 247
199 56
199 213
199 171
199 127
199 116
199 11
199 212
200 138
200 75
200 195
200 168
200 13
200 247
200 0
200 193
201 21
201 154
201 280
201 275
201 152
201 75
201 11
201 22
202 25
202 228
202 141
202 284
202 67
202 84
202 212
202 145
202 171
202 245
203 191
203 44
203 153
203 219
203 272
203 15
203 133
203 165
203 68
204 112
204 33
204 218
204 125
204 44
204 183
204 43
204 253
204 118
204 24
204 186
204 267
205 213
205 95
205 172
205 29
205 290
205 162
205 254
205 93
206 37
206 269
206 117
206 137
206 245
206 161
206 129
206 125
206 99
207 219
207 278
207 148
207 5
207 35
207 174
207 27
207 75
207 233
207 299
207 37
208 219
208 202
208 92
208 231
208 185
208 291
208 59
208 70
208 8
208 281
208 277
208 45
208 138
208 48
208 5
209 42
209 199
209 235
209 148
209 282
209 32
209 150
209 87
209 248
209 3
209 91
209 66
209 69
210 143
210 43
210 62
210 199
210 113
210 40
210 92
210 74
210 58
210 69
211 96
211 183
211 39
211 73
211 119
211 216
211 267
211 270
211 256
212 41
212 203
212 235
212 241
212 4
213 250
213 194
213 149
213 111
213 204
213 117
213 145
214 191
214 72
214 198
214 170
214 255
214 248
215 6
215 249
215 244
215 152
215 88
215 233
215 111
215 258
215 43
215 52
215 256
216 256
216 125
216 224
216 221
216 134
216 290
216 8
216 36
217 214
217 157
217 290
217 136
217 168
217 222
218 219
218 147
218 1
218 196
218 29
218 83
218 247
218 92
218 150
219 270
219 19
219 291
219 241
219 40
219 6
219 115
219 196
219 189
219 208
219 298
219 127
219 183
220 39
220 280
220 149
221 258
221 41
221 271
221 26
221 40
221 194
221 11
222 193
222 18
222 252
222 150
222 3
222 168
222 198
222 234
222 232
222 251
223 28
223 253
223 117
223 107
223 88
223 165
223 32
224 129
224 279
224 289
224 63
224 183
224 192
224 24
224 216
224 294
224 274
224 127
224 195
224 180
224 201
224 227
224 10
225 144
225 56
225 297
225 269
225 121
225 236
226 125
226 48
226 180
226 99
226 184
226 250
226 93
226 42
226 85
227 0
227 236
227 69
227 228
227 197
227 77
227 20
227 257
227 231
227 267
228 11
228 122
228 213
228 291
228 285
228 219
228 255
229 176
229 192
229 74
229 196
229 42
229 223
229 94
229 154
229 211
230 72
230 223
230 114
230 15
230 147
230 255
230 97
230 201
231 68
231 9
231 70
231 238
231 115
231 12
232 281
232 62
232 82
232 44
233 139
233 99
233 213
233 63
233 162
233 190
233 75
233 288
234 98
234 294
234 65
234 187
234 184
234 67
234 264
234 130
235 166
235 170
235 53
235 119
235 288
235 261
235 43
235 13
235 260
235 121
235 231
235 184
236 191
236 54
236 267
236 88
236 73
236 163
236 37
236 130
237 53
237 155
237 75
237 21
237 213
237 151
237 158
237 203
237 100
237 37
237 103
237 232
237 28
237 178
238 222
238 62
238 88
238 123
238 182
238 275
238 189
239 151
239 112
239 278
239 98
239 28
239 29
239 90
239 270
240 114
240 140
240 269
240 54
241 223
241 128
241 12
241 169
241 79
241 193
241 85
241 102
241 139
242 220
242 27
242 230
242 147
242 247
242 169
242 88
242 139
243 296
243 228
243 266
243 168
243 223
243 230
243 59
243 188
243 269
243 18
243 234
243 55
244 26
244 23
244 192
244 139
244 286
244 216
244 55
245 1
245 298
245 12
245 2
245 268
246 56
246 216
246 51
246 203
246 130
246 13
246 62
246 277
246 251
246 19
247 208
247 72
248 150
248 12
248 173
248 192
248 18
248 273
248 222
248 127
248 84
249 250
249 262
249 284
249 88
249 66
249 19
249 52
249 211
249 263
250 181
250 278
250 12
250 217
250 43
250 125
251 286
251 99
251 127
252 214
252 148
252 204
252 80
252 196
252 103
252 85
253 218
253 66
253 219
253 138
253 4
253 184
253 23
253 96
253 98
253 140
253 30
253 104
254 184
254 57
254 51
254 217
254 154
254 106
254 280
254 26
254 135
254 100
254 147
255 83
255 107
255 17
255 86
255 41
255 70
255 57
255 85
255 3
255 155
256 38
256 136
256 41
256 60
256 146
256 13
257 172
257 136
257 88
257 288
257 217
257 203
257 10
257 273
257 290
257 189
257 139
258 247
258 274
258 132
258 174
258 257
258 147
259 254
259 159
259 195
259 140
259 233
259 253
259 220
259 108
260 107
260 222
260 123
260 78
260 267
260 13
260 205
261 299
261 206
261 22
261 250
261 65
261 282
261 209
261 268
262 93
262 154
262 267
262 254
262 148
262 292
262 209
263 35
263 251
263 255
263 59
263 106
263 169
263 270
263 196
263 264
263 276
264 289
264 118
264 79
264 133
264 215
264 247
265 58
265 249
265 216
265 151
265 227
265 91
265 226
265 119
265 72
265 79
265 149
266 182
266 121
266 257
266 285
266 133
266 233
266 83
266 36
266 223
266 50
267 94
267 178
267 260
267 242
267 254
268 257
268 186
268 118
268 250
268 116
268 266
268 200
268 47
268 66
268 40
268 244
269 80
269 138
269 244
269 257
269 99
269 176
269 168
270 261
270 98
270 116
270 155
271 223
271 56
271 181
271 268
271 209
271 1
271 299
271 274
271 224
271 201
271 45
271 277
271 104
271 85
271 16
271 275
271 290
272 130
272 60
272 136
272 227
273 91
273 204
274 94
274 280
274 278
274 141
274 243
274 225
274 136
274 168
274 110
274 56
275 124
275 135
275 181
275 31
275 53
275 20
275 234
275 286
275 33
275 231
276 264
276 222
276 195
276 144
276 140
276 137
276 99
276 299
277 50
277 234
277 7
277 88
277 243
277 125
277 248
277 32
278 99
278 103
278 85
278 18
279 159
279 268
279 130
279 84
279 50
279 291
279 197
279 182
279 116
280 140
280 115
280 167
280 122
280 297
280 191
280 272
280 206
281 121
281 46
281 11
281 51
281 261
281 56
282 37
282 272
282 85
282 11
282 68
282 94
282 56
283 62
283 127
283 56
283 54
283 115
284 207
284 65
284 35
285 190
285 185
285 227
285 97
285 282
285 90
285 292
285 107
285 199
285 217
286 48
286 41
286 278
286 252
286 232
286 160
286 298
287 298
287 278
287 283
287 50
287 180
287 127
287 0
287 80
288 180
288 243
288 200
288 48
289 183
289 143
289 159
289 135
289 14
290 252
290 32
290 249
290 120
290 44
290 225
290 149
290 130
291 73
291 65
291 96
291 244
291 281
291 173
291 159
291 181
291 140
292 199
292 282
292 106
292 76
292 35
293 113
293 68
293 257
294 176
294 8
294 95
294 207
294 144
294 256
294 70
294 299
295 55
295 145
295 230
295 29
295 248
295 222
295 212
296 77
296 7
296 179
296 196
296 239
297 28
297 80
297 176
297 17
297 44
297 37
297 145
298 196
298 6
298 245
298 227
298 82
298 16
298 24
299 234
299 6
299 167
299 209
299 153
299 228
299 238
299 86
299 255
299 90
299 295
299 74
