0 210
0 247
0 23
0 240
1 12
1 71
1 18
1 64
1 240
1 180
1 260
2 21
2 50
2 132
2 152
2 96
2 19
2 297
2 272
2 168
2 180
3 283
3 246
3 281
3 274
3 4
3 81
3 240
3 80
3 296
3 25
4 145
4 173
4 70
4 243
4 181
4 198
4 134
4 24
4 268
4 227
4 187
4 166
4 41
4 159
4 261
5 223
5 53
5 109
5 98
5 264
5 192
6 218
6 96
6 199
6 141
6 268
6 162
6 25
6 90
6 3
6 59
6 35
6 208
6 169
6 233
7 36
7 150
7 24
7 243
7 39
7 297
7 258
7 175
8 165
8 223
8 56
8 191
8 198
9 190
9 233
9 151
9 220
9 147
9 37
9 160
9 148
9 235
9 64
9 152
10 150
10 149
10 299
10 273
10 201
10 256
10 227
10 266
10 136
11 233
11 46
11 208
11 174
11 85
11 273
11 148
11 180
12 252
12 149
12 154
12 290
12 155
12 207
12 143
13 133
13 233
13 33
13 53
13 95
13 273
13 206
13 263
13 247
13 124
13 259
13 157
13 279
14 279
14 238
14 180
14 160
14 2
14 266
14 211
15 255
15 107
15 190
15 293
15 216
15 110
15 219
16 204
16 152
16 199
16 201
16 190
16 2
16 182
16 235
16 209
16 39
16 114
16 288
17 291
17 18
17 76
17 204
17 102
17 144
17 89
17 164
17 158
17 130
17 218
17 151
18 150
18 51
18 165
18 79
18 191
18 179
18 207
18 14
18 197
18 211
18 243
19 260
19 176
19 199
19 64
19 296
19 239
19 171
19 205
19 111
19 135
19 178
19 215
20 226
20 156
20 241
20 177
20 79
20 35
21 90
21 71
21 44
21 31
21 86
21 53
21 294
21 207
21 57
22 145
22 18
22 222
22 133
22 165
22 9
22 263
22 171
22 172
23 79
23 192
23 188
23 150
23 197
23 59
24 134
24 224
24 250
24 201
24 195
24 79
24 277
24 254
24 183
25 162
25 216
25 31
25 115
25 236
25 106
25 138
25 270
25 90
25 26
25 63
25 93
25 192
25 96
26 170
26 282
26 55
26 233
26 149
26 70
26 58
26 165
26 239
26 143
26 160
26 156
26 284
26 56
27 56
27 58
27 3
27 298
27 209
27 232
27 202
27 25
27 100
27 201
27 2
27 248
28 168
28 41
28 164
28 172
28 102
29 242
29 133
29 166
29 163
29 201
29 252
29 76
29 294
29 98
29 198
29 71
30 259
30 5
30 8
30 111
30 38
30 217
30 94
30 2
30 109
30 101
30 269
30 180
30 255
31 266
31 64
31 207
31 235
31 217
31 155
31 1
31 78
32 158
32 51
32 245
32 38
32 112
32 0
32 25
32 215
32 148
32 156
32 15
33 141
33 71
33 207
33 20
34 6
34 118
34 35
34 59
34 165
34 175
35 131
35 103
35 132
35 177
35 14
35 137
36 149
36 210
36 166
36 209
36 23
36 219
36 146
37 41
37 93
37 175
37 293
37 164
37 100
37 65
38 183
38 188
38 67
38 108
38 111
38 262
38 99
38 115
38 176
39 128
39 116
39 143
39 51
39 22
39 171
39 223
39 9
39 244
39 188
39 274
39 205
39 258
39 10
39 84
39 44
39 4
40 119
40 32
40 115
40 160
40 185
40 45
40 151
40 198
40 113
41 228
41 152
41 71
41 298
41 42
41 74
41 104
41 189
41 87
41 199
41 202
42 278
42 61
42 51
42 121
42 262
43 119
43 12
43 292
43 191
43 232
43 222
43 141
44 196
44 222
44 116
44 84
44 263
44 99
44 293
45 140
45 295
45 22
45 92
45 163
45 153
45 209
46 256
46 154
46 142
46 221
46 28
46 131
47 109
47 259
47 203
47 196
47 202
47 123
47 297
47 130
47 39
47 99
47 91
47 167
47 86
48 174
48 258
48 147
48 131
48 71
48 251
48 120
48 210
48 0
48 67
49 236
49 206
49 44
49 138
49 178
49 79
49 21
49 132
49 108
49 38
49 161
50 216
50 246
50 193
50 285
50 190
50 113
50 87
51 278
51 188
51 218
51 154
51 91
52 297
52 247
52 148
52 151
52 201
52 250
52 60
52 82
53 213
53 187
53 6
53 283
53 227
53 247
53 97
53 119
54 73
54 229
54 148
54 184
54 155
54 7
54 74
54 116
55 164
55 202
55 71
55 79
55 53
55 173
55 221
55 208
55 45
55 194
55 269
56 143
56 43
56 291
56 85
56 7
57 72
57 109
57 287
57 91
57 139
57 261
57 77
57 49
57 205
57 5
58 236
58 139
58 18
58 145
58 172
58 32
58 42
58 178
58 164
58 242
58 5
58 209
59 154
59 286
59 47
59 43
59 248
59 155
60 92
60 95
60 102
60 298
60 149
60 57
60 133
60 55
60 278
61 64
61 188
61 173
61 47
61 85
61 4
61 80
61 53
61 113
61 125
62 30
62 82
62 123
62 32
62 175
62 60
62 277
62 229
62 112
63 71
63 80
63 157
63 297
63 277
63 102
63 170
63 92
64 265
64 200
64 185
64 42
64 80
64 196
64 132
64 236
64 39
64 274
65 110
65 122
65 298
65 269
65 247
65 5
65 31
65 90
65 291
66 97
66 5
66 69
66 256
66 125
66 220
67 273
67 203
67 298
67 78
67 288
68 227
68 96
68 25
68 240
68 221
68 234
68 208
68 139
68 219
68 138
68 67
68 109
69 66
69 275
69 281
69 228
69 277
69 47
69 199
69 158
69 145
70 20
70 277
70 270
70 271
70 177
70 140
70 110
70 138
70 182
71 230
71 49
71 237
71 152
71 122
71 22
71 289
71 2
71 74
71 178
72 105
72 117
72 115
72 256
72 213
72 158
72 83
72 79
72 271
72 270
72 108
73 216
73 204
73 39
73 34
73 264
73 7
73 237
73 91
73 228
73 185
73 3
74 244
74 124
74 151
74 106
74 264
74 33
74 67
74 245
74 185
74 16
75 130
75 218
75 271
75 123
75 65
76 91
76 56
76 253
76 214
76 201
76 3
76 60
76 93
76 170
76 182
76 104
76 107
76 191
77 176
77 37
77 220
77 166
77 142
77 12
77 115
77 261
77 80
78 83
78 244
78 184
78 175
78 89
79 1
79 260
79 196
79 299
79 162
79 131
79 122
79 164
79 214
79 90
79 220
79 120
79 128
80 155
80 87
80 46
80 191
80 185
80 182
80 117
80 0
80 205
80 148
81 23
81 291
81 164
81 191
81 72
81 139
81 97
81 140
81 276
82 161
82 135
82 271
82 208
82 172
82 16
83 150
83 192
83 125
83 32
83 169
83 232
84 120
84 198
84 230
84 146
85 152
85 291
85 35
85 116
85 139
85 13
85 17
85 92
85 216
85 15
86 136
86 196
86 241
86 213
86 230
86 185
86 70
86 225
86 95
86 251
86 150
87 282
87 156
87 146
87 26
87 58
87 111
87 272
87 140
87 25
88 8
88 90
88 270
88 189
88 78
88 76
88 125
88 211
88 269
88 193
88 237
89 159
89 277
89 152
89 165
89 5
89 190
90 37
90 27
90 191
90 271
90 100
90 240
90 142
90 122
90 105
90 194
91 135
91 177
91 178
91 173
91 167
91 159
91 55
92 179
92 255
92 235
92 244
92 261
92 191
92 106
92 277
92 276
92 298
92 256
92 138
92 232
93 70
93 209
93 295
93 165
93 291
93 153
93 41
93 180
93 50
93 103
94 90
94 174
94 268
94 257
94 298
94 178
94 181
94 230
94 159
94 55
94 68
95 159
95 253
95 13
95 31
95 193
95 138
95 165
95 55
95 72
95 125
95 228
95 195
96 163
96 170
96 164
96 188
96 220
96 285
96 66
96 110
96 0
97 151
97 79
97 226
97 177
97 286
97 203
97 24
98 88
98 169
98 201
98 42
98 277
98 91
98 5
98 59
99 30
99 55
99 224
99 94
100 109
100 228
100 239
100 57
100 132
100 85
100 272
100 88
100 233
100 142
100 130
101 269
101 10
101 18
101 51
101 88
101 239
101 119
101 8
101 50
101 118
101 280
101 55
101 148
101 249
101 170
102 88
102 100
102 76
102 193
102 280
102 84
102 116
102 163
102 46
102 244
102 219
102 184
103 241
103 150
103 153
103 181
103 217
103 90
103 139
103 160
103 34
103 184
103 21
103 209
103 130
103 210
104 88
104 257
104 242
104 187
104 105
104 112
104 115
104 33
105 125
105 181
105 7
105 286
105 98
105 228
105 135
106 195
106 185
106 49
106 16
106 214
106 220
106 191
106 137
106 227
106 111
106 172
107 61
107 123
107 247
107 170
107 72
107 0
107 270
107 120
108 104
108 231
108 224
108 95
108 190
108 111
108 144
108 208
108 3
108 296
108 103
108 19
108 282
109 247
109 3
109 26
109 292
109 178
109 27
109 190
109 186
109 138
109 263
110 92
110 160
110 270
110 120
110 281
110 47
110 225
110 180
111 83
111 208
111 145
111 62
111 201
111 294
111 68
111 92
111 209
111 39
111 94
111 289
112 32
112 39
112 164
112 260
112 176
112 269
112 150
113 182
113 290
113 241
113 121
113 148
113 115
114 188
114 14
114 44
114 42
114 92
114 18
115 66
115 94
115 5
115 7
115 55
116 199
116 85
116 253
116 136
116 124
116 139
117 257
117 169
117 129
117 254
117 232
117 166
117 45
117 207
118 46
118 78
118 264
118 18
118 154
118 49
118 117
118 229
118 252
118 69
118 181
118 256
118 121
118 130
119 72
119 51
119 259
119 6
119 143
119 96
119 132
119 105
119 0
119 212
120 189
120 249
120 280
120 226
120 11
120 160
120 26
121 213
121 198
121 88
121 92
121 21
121 210
122 28
122 14
122 116
122 220
122 150
122 247
122 19
122 94
122 126
122 141
122 295
122 4
122 239
122 154
122 237
122 201
123 102
123 287
123 76
123 232
123 146
123 249
123 291
123 127
124 22
124 277
124 180
124 296
124 159
124 6
124 184
124 8
124 266
124 139
124 92
124 93
125 144
125 25
125 277
125 246
125 11
125 176
125 213
125 178
125 279
126 27
126 13
126 24
126 74
126 219
126 196
126 44
126 148
126 178
127 233
127 293
127 193
127 68
127 163
127 248
127 244
127 53
127 134
127 142
127 135
128 215
128 44
128 252
128 66
128 147
128 11
128 136
128 210
128 9
128 199
128 296
129 105
129 148
129 113
129 179
129 221
129 130
129 270
129 16
129 273
129 294
130 278
130 85
130 46
130 268
130 170
130 74
130 87
130 118
130 35
130 185
130 187
130 124
130 220
131 216
131 0
131 33
131 95
131 199
131 26
131 196
131 135
131 112
131 230
131 13
131 292
132 299
132 288
132 19
132 267
132 60
132 297
132 170
132 17
132 229
132 69
132 126
132 179
132 76
132 248
132 56
133 110
133 47
133 122
133 193
133 154
133 28
133 3
133 46
133 266
133 219
133 224
134 143
134 64
134 114
134 2
134 248
135 151
135 143
135 75
135 23
135 35
135 116
135 133
135 197
135 245
136 4
136 126
136 230
136 260
136 221
136 82
136 167
136 277
136 208
136 242
136 209
136 164
136 183
137 2
137 35
137 227
137 196
137 198
137 193
138 207
138 13
138 280
138 8
138 64
138 282
138 111
138 152
139 24
139 49
139 53
139 161
139 179
139 47
139 252
139 273
140 13
140 78
140 273
140 143
140 15
141 118
141 241
141 50
141 269
141 127
141 189
141 190
141 295
141 260
141 291
141 239
141 102
142 297
142 222
142 69
142 51
142 139
142 91
142 125
142 118
142 247
142 112
142 17
142 130
142 12
143 42
143 174
143 154
143 215
143 28
143 25
143 267
143 33
143 183
143 130
143 48
144 271
144 218
144 44
144 81
144 208
144 160
144 251
144 147
144 171
144 274
144 293
144 213
145 199
145 160
145 89
145 203
145 78
145 24
145 98
145 251
145 269
146 16
146 108
146 103
146 134
146 131
146 92
146 193
146 98
146 130
146 189
146 166
146 249
146 183
146 152
147 283
147 111
147 94
147 279
147 232
147 42
148 116
148 71
148 240
148 70
148 239
148 207
148 56
148 266
149 171
149 152
149 245
149 145
149 234
149 7
149 52
149 179
150 147
150 98
150 166
150 141
150 11
150 272
150 195
150 41
150 154
151 256
151 120
151 190
151 244
151 166
152 112
152 94
152 37
152 267
152 279
152 283
152 210
152 201
152 227
152 272
152 178
152 42
152 132
153 135
153 11
153 0
153 107
153 129
153 74
153 271
153 143
153 190
153 250
154 136
154 254
154 118
154 123
154 256
154 50
154 54
154 197
154 275
154 122
154 268
154 223
154 30
154 183
154 235
154 159
154 19
155 278
155 280
155 112
155 243
155 274
155 27
155 179
155 164
156 280
156 183
156 50
156 41
156 223
156 167
156 56
157 33
157 10
157 144
157 77
157 262
157 177
157 253
157 133
157 246
158 195
158 263
158 49
158 119
158 69
158 75
158 214
158 213
158 135
158 166
158 18
158 125
158 28
159 257
159 265
159 228
159 144
159 62
159 133
159 49
159 248
159 28
159 287
159 67
159 110
159 16
159 218
159 108
159 142
160 79
160 150
160 202
160 153
160 60
160 22
160 201
160 143
160 195
160 193
160 163
160 104
160 291
161 179
161 97
161 281
161 158
161 215
161 25
161 254
162 93
162 51
162 97
162 268
162 189
163 74
163 119
163 296
163 259
163 255
163 242
163 21
163 227
164 299
164 95
164 219
164 250
164 116
164 112
165 135
165 191
165 9
165 27
165 50
165 292
165 156
165 28
165 113
165 271
165 217
165 140
166 263
166 215
166 26
166 108
166 75
166 114
166 30
166 88
166 289
166 78
166 16
166 139
167 16
167 12
167 114
167 40
167 44
167 143
168 278
168 145
168 23
168 31
168 175
168 186
168 59
169 144
169 108
169 133
169 18
169 184
169 201
169 134
169 219
169 248
170 269
170 194
170 152
170 184
170 88
170 113
170 289
170 79
170 278
170 133
170 183
170 267
171 15
171 107
171 178
171 60
171 230
171 66
171 285
171 272
171 239
171 23
171 283
171 129
172 65
172 220
172 190
172 109
172 290
172 167
172 18
172 19
172 219
173 56
173 151
173 223
173 201
173 1
173 53
173 258
173 295
174 225
174 209
174 118
174 264
174 11
174 297
174 3
174 32
174 79
174 182
174 13
174 91
174 62
175 297
175 14
175 193
175 244
176 129
176 113
176 92
176 167
176 272
176 299
176 62
176 273
176 231
176 254
176 195
176 101
176 250
176 42
176 134
176 126
176 178
176 29
176 279
177 262
177 130
177 7
177 127
177 293
177 2
177 223
177 92
177 206
178 116
178 291
178 289
178 126
178 105
178 239
178 63
178 235
178 98
179 277
179 135
179 166
179 64
179 150
179 159
180 104
180 163
180 222
180 54
181 50
181 110
181 269
181 103
181 171
181 42
181 32
181 258
181 114
181 38
181 288
182 190
182 276
182 73
182 121
182 37
182 292
182 175
182 171
182 23
182 231
183 14
183 282
183 106
183 191
183 33
183 299
183 67
183 57
183 211
183 83
183 218
183 297
184 150
184 18
184 274
184 15
184 235
184 20
184 42
184 4
184 11
185 19
185 118
185 53
185 134
185 235
185 21
185 240
185 86
185 114
185 136
185 206
185 169
185 184
185 112
185 288
186 234
186 70
186 89
186 141
186 115
186 158
186 224
186 191
186 111
186 76
186 162
186 194
187 43
187 197
187 275
187 100
187 94
187 128
187 248
187 179
187 127
187 223
187 135
187 70
187 110
187 192
187 77
188 50
188 16
188 46
188 31
188 290
188 231
188 258
188 102
188 255
188 91
189 75
189 214
189 148
189 193
189 212
189 115
189 13
189 129
189 123
189 137
189 136
189 3
189 121
189 164
189 272
189 253
189 52
189 78
189 298
189 187
190 136
190 229
190 232
190 53
190 189
190 231
191 21
191 76
191 75
191 37
191 10
191 50
191 286
191 106
191 35
191 59
191 186
191 231
191 264
191 88
192 50
192 168
192 239
192 200
192 257
192 155
192 148
192 221
192 62
192 32
193 105
193 208
193 122
193 205
193 174
193 151
193 103
193 137
193 110
193 159
193 152
194 251
194 31
194 35
194 212
194 96
194 80
194 116
194 286
194 20
194 115
194 187
194 10
194 239
195 265
195 210
195 115
195 27
195 73
195 161
196 30
196 100
196 160
196 8
197 67
197 167
197 209
197 99
197 235
197 277
197 111
197 120
197 106
197 183
197 157
197 23
198 284
198 238
198 188
198 34
198 56
198 152
198 23
198 35
198 138
198 255
198 17
198 25
199 157
199 1
199 222
199 232
199 206
200 280
200 17
200 60
200 252
200 125
200 187
200 196
200 74
201 11
201 97
201 8
201 193
201 60
201 56
201 176
201 196
201 75
201 261
202 165
202 137
202 226
202 5
202 182
202 237
202 4
202 114
202 176
202 146
203 150
203 130
203 43
203 71
203 29
203 264
203 227
203 210
203 58
203 226
203 1
203 254
203 268
203 77
204 298
204 296
204 276
204 99
204 8
204 274
204 293
204 163
204 231
204 214
204 14
204 277
204 77
204 70
205 279
205 176
205 166
205 268
205 43
205 11
206 117
206 157
206 203
206 1
206 88
206 60
206 222
207 60
207 168
207 28
208 227
208 142
208 214
208 224
208 30
208 86
208 143
208 240
208 69
208 71
208 118
208 216
209 251
209 11
209 100
209 168
209 8
209 0
209 188
209 12
209 206
209 74
209 154
210 146
210 292
210 90
210 205
210 78
210 151
210 39
210 97
210 293
211 256
211 122
211 32
211 214
211 31
211 56
211 296
211 123
212 109
212 57
212 108
212 112
212 202
212 140
212 198
212 18
212 99
212 125
212 283
213 5
213 293
213 66
213 269
213 147
213 40
213 253
213 277
213 234
213 226
213 124
213 229
213 57
213 74
214 286
214 64
214 15
214 184
214 244
214 77
214 97
214 41
214 154
215 224
215 15
215 26
215 204
215 190
215 192
215 152
215 158
215 54
216 1
216 22
216 294
216 162
216 20
216 280
216 147
216 60
216 69
216 182
216 92
216 221
216 42
217 284
217 30
217 200
217 244
217 196
217 207
217 185
217 13
217 106
217 128
218 61
218 178
218 25
218 62
218 47
218 105
218 270
218 92
219 115
219 126
219 85
219 181
219 135
219 84
219 3
219 2
219 239
219 88
219 13
219 105
220 138
220 77
220 108
220 284
220 289
220 274
220 117
220 198
220 106
220 296
221 31
221 246
221 61
221 266
221 118
221 147
221 74
221 98
221 22
221 58
222 180
222 152
222 15
222 39
222 0
222 278
222 141
222 77
222 92
222 16
222 114
222 151
222 258
222 264
223 264
223 275
223 183
223 190
223 125
223 278
223 247
223 93
223 131
223 229
223 225
224 211
224 28
224 262
224 233
224 147
224 241
224 75
224 150
224 56
224 0
225 105
225 143
225 93
225 157
225 101
225 45
225 296
225 57
225 176
225 272
225 18
225 138
225 46
226 223
226 276
226 62
227 189
227 79
227 211
227 219
227 20
227 25
227 255
227 46
227 221
227 254
227 65
227 299
228 12
228 137
228 288
228 180
228 262
228 270
228 234
228 50
228 32
228 183
229 199
229 287
229 184
229 241
229 7
229 32
229 145
229 117
230 95
230 293
230 249
230 165
230 220
230 294
230 283
230 269
230 182
230 60
230 162
230 261
231 63
231 235
231 147
231 102
231 67
231 254
231 89
231 194
232 45
232 24
232 84
232 95
232 43
232 62
232 70
232 38
233 254
233 196
233 282
233 168
233 267
233 54
233 58
233 180
233 120
233 179
233 249
233 59
233 136
234 162
234 45
234 10
234 161
234 209
234 191
234 124
234 237
234 129
234 259
234 244
234 30
235 63
235 17
235 155
235 112
235 145
235 285
235 178
235 13
235 136
235 294
235 226
235 199
236 152
236 14
236 203
236 5
236 86
236 1
236 183
236 62
236 94
236 17
236 255
236 143
236 157
236 16
237 285
237 257
237 88
238 282
238 216
238 56
238 239
238 57
238 121
238 215
238 196
238 247
238 153
239 8
239 125
239 74
239 83
239 217
239 80
239 297
239 91
239 73
239 6
239 199
240 99
240 37
240 120
240 60
240 122
240 159
240 148
240 127
240 200
240 172
240 169
240 171
240 128
240 85
240 11
240 72
240 53
241 112
241 68
241 259
241 196
241 215
241 128
241 14
241 207
242 286
242 138
242 159
242 128
242 38
242 223
242 235
242 3
242 86
242 98
242 275
242 65
243 282
243 11
243 288
243 35
243 292
243 20
243 27
243 258
243 86
243 19
243 270
244 87
244 3
244 204
244 196
244 14
244 294
244 283
244 119
245 269
245 96
245 53
245 83
245 224
245 296
245 175
245 241
245 140
245 69
245 94
245 3
245 128
245 275
245 270
246 13
246 120
246 242
246 261
246 259
246 42
246 130
246 177
246 176
246 166
246 86
247 149
247 88
247 281
247 183
248 199
248 191
248 92
248 259
248 45
248 247
248 200
248 232
248 299
248 52
248 57
248 115
248 253
249 277
249 70
249 123
249 234
249 71
249 38
250 115
250 164
250 215
250 83
250 253
250 295
250 44
250 154
250 5
250 199
250 16
251 247
251 47
251 57
251 236
251 82
251 18
251 35
252 242
252 157
252 261
252 185
252 204
252 260
252 220
252 117
252 295
252 270
252 134
252 1
252 176
253 150
253 202
253 94
253 262
253 278
253 187
253 211
253 53
253 59
253 3
253 121
254 81
254 105
254 40
255 265
255 29
255 108
255 176
255 38
255 86
255 140
255 186
255 286
255 128
255 60
256 276
256 132
256 112
256 81
256 238
256 40
257 185
257 253
257 70
257 42
257 297
257 99
258 142
258 273
258 100
258 76
258 17
258 23
258 165
258 88
259 277
259 156
259 140
259 206
259 31
259 14
259 67
259 121
260 98
260 274
260 90
260 246
260 298
260 106
260 118
261 179
261 101
261 115
261 2
261 148
261 195
261 288
261 0
262 248
262 40
262 134
262 240
262 114
262 7
262 235
262 100
262 296
262 281
262 57
262 148
262 291
262 44
262 154
263 294
263 198
263 178
263 233
263 140
263 190
263 10
263 200
264 82
264 216
264 178
264 161
264 224
264 71
264 85
264 15
265 215
265 64
265 43
265 25
265 60
265 126
265 96
265 176
265 243
265 21
265 282
265 106
265 275
265 36
265 181
265 0
265 9
265 223
265 270
265 62
266 201
266 166
266 250
266 24
266 123
266 110
266 73
266 112
267 210
267 159
267 144
267 8
267 247
267 106
267 291
268 231
268 190
268 257
268 223
268 56
268 288
268 265
268 208
269 95
269 234
269 114
269 126
269 106
269 272
269 152
270 222
270 59
270 76
270 278
270 61
271 75
271 59
271 215
271 187
271 30
272 131
272 224
272 152
272 128
272 244
272 109
272 23
272 246
273 139
273 224
273 109
273 106
273 83
273 37
273 107
273 187
273 13
273 159
274 257
274 294
274 229
274 289
274 239
274 119
274 129
274 156
274 186
275 101
275 88
275 4
275 18
275 51
275 136
275 74
275 45
276 121
276 279
276 158
276 61
276 297
276 103
276 223
276 176
277 136
277 126
277 206
277 263
277 87
277 93
277 190
278 230
278 232
278 56
278 65
278 99
278 122
279 147
279 116
279 133
279 287
279 212
279 117
279 157
279 140
280 195
280 71
280 176
280 46
280 296
280 55
281 123
281 215
281 226
281 187
281 98
281 129
281 43
282 163
282 149
282 15
282 158
282 84
282 257
282 268
282 114
282 234
282 6
282 256
283 109
283 130
283 156
283 145
283 114
283 81
283 221
283 100
284 203
284 292
284 41
284 241
285 113
285 17
285 130
285 195
285 56
285 291
285 211
286 275
286 235
286 243
286 220
286 224
286 280
286 233
286 146
286 261
286 217
286 138
286 256
286 60
287 205
287 227
287 159
287 50
287 228
287 87
287 264
287 22
287 148
287 123
287 208
287 259
287 171
288 69
288 289
288 15
288 225
288 111
288 51
288 44
288 191
288 233
288 127
289 23
289 72
289 286
289 205
289 33
289 179
289 234
290 52
290 57
290 279
290 158
290 143
290 101
290 85
290 184
291 279
291 208
291 188
291 258
291 98
291 195
291 4
291 270
291 39
291 66
291 194
292 222
292 192
292 36
292 287
292 289
292 194
292 55
293 249
293 197
293 148
293 29
293 61
293 86
294 186
294 145
294 287
294 146
294 185
294 109
294 53
294 79
294 211
294 12
294 2
294 143
294 83
294 157
295 34
295 166
295 278
295 74
295 15
295 152
296 14
296 82
296 26
296 147
296 189
296 234
296 263
296 141
296 283
296 107
297 215
297 189
297 24
297 198
297 71
297 271
297 51
297 244
297 36
297 32
297 56
297 73
297 251
298 191
298 89
298 124
298 119
298 193
298 16
298 196
298 172
298 10
298 199
298 186
298 96
298 9
298 64
299 73
299 204
299 38
299 159
299 25
299 23
299 126
