0 17 1.0
0 171 1.0
0 198 1.0
0 205 1.0
0 252 1.0
0 270 1.0
1 14 1.0
1 16 1.0
1 39 1.0
1 79 1.0
1 106 1.0
1 119 1.0
1 132 1.0
1 142 1.0
1 228 1.0
1 280 1.0
2 40 1.0
2 80 1.0
2 153 1.0
2 182 1.0
2 252 1.0
2 256 1.0
2 263 1.0
3 19 1.0
3 45 1.0
3 79 1.0
3 112 1.0
3 133 1.0
3 160 1.0
3 169 1.0
3 191 1.0
3 224 1.0
3 279 1.0
4 18 1.0
4 28 1.0
4 117 1.0
4 138 1.0
4 201 1.0
4 256 1.0
4 264 1.0
4 267 1.0
4 274 1.0
5 129 1.0
5 152 1.0
5 159 1.0
5 182 1.0
5 252 1.0
5 254 1.0
6 35 1.0
6 69 1.0
6 115 1.0
6 137 1.0
6 142 1.0
6 169 1.0
6 191 1.0
7 116 1.0
7 121 1.0
7 168 1.0
7 210 1.0
7 241 1.0
7 257 1.0
8 26 1.0
8 40 1.0
8 78 1.0
8 101 1.0
8 107 1.0
8 123 1.0
8 167 1.0
8 191 1.0
8 205 1.0
8 216 1.0
8 220 1.0
8 233 1.0
8 262 1.0
8 278 1.0
9 1 1.0
9 126 1.0
9 142 1.0
9 172 1.0
9 196 1.0
9 222 1.0
9 233 1.0
10 88 1.0
10 89 1.0
10 151 1.0
10 177 1.0
10 178 1.0
10 213 1.0
10 244 1.0
10 287 1.0
11 1 1.0
11 119 1.0
11 144 1.0
11 151 1.0
11 160 1.0
11 162 1.0
11 165 1.0
11 170 1.0
11 193 1.0
11 239 1.0
11 285 1.0
12 13 1.0
12 61 1.0
12 73 1.0
12 84 1.0
12 114 1.0
12 118 1.0
12 124 1.0
12 165 1.0
12 242 1.0
12 253 1.0
13 9 1.0
13 64 1.0
13 117 1.0
13 129 1.0
13 141 1.0
13 152 1.0
13 158 1.0
13 168 1.0
13 172 1.0
13 201 1.0
14 50 1.0
14 90 1.0
14 139 1.0
14 140 1.0
14 160 1.0
14 166 1.0
14 176 1.0
14 197 1.0
14 217 1.0
14 247 1.0
14 265 1.0
14 299 1.0
15 64 1.0
15 122 1.0
15 184 1.0
15 199 1.0
15 266 1.0
16 24 1.0
16 40 1.0
16 43 1.0
16 57 1.0
16 70 1.0
16 168 1.0
16 245 1.0
16 252 1.0
16 261 1.0
16 269 1.0
17 45 1.0
17 64 1.0
17 117 1.0
17 150 1.0
17 153 1.0
17 158 1.0
17 272 1.0
17 282 1.0
18 64 1.0
18 108 1.0
18 145 1.0
18 156 1.0
18 162 1.0
18 183 1.0
18 208 1.0
18 212 1.0
18 231 1.0
18 259 1.0
18 267 1.0
19 20 1.0
19 24 1.0
19 49 1.0
19 76 1.0
19 79 1.0
19 87 1.0
19 92 1.0
19 109 1.0
19 153 1.0
19 177 1.0
19 194 1.0
19 226 1.0
19 255 1.0
20 42 1.0
20 44 1.0
20 56 1.0
20 116 1.0
20 122 1.0
20 126 1.0
20 129 1.0
20 134 1.0
20 191 1.0
20 197 1.0
20 235 1.0
20 254 1.0
21 32 1.0
21 84 1.0
21 132 1.0
21 135 1.0
21 297 1.0
22 57 1.0
22 61 1.0
22 80 1.0
22 107 1.0
22 128 1.0
22 130 1.0
22 159 1.0
22 162 1.0
22 200 1.0
22 210 1.0
22 245 1.0
22 258 1.0
22 266 1.0
22 271 1.0
22 276 1.0
22 283 1.0
23 1 1.0
23 2 1.0
23 5 1.0
23 30 1.0
23 77 1.0
23 83 1.0
23 90 1.0
23 142 1.0
23 213 1.0
23 216 1.0
23 225 1.0
24 50 1.0
24 63 1.0
24 168 1.0
24 193 1.0
24 222 1.0
24 267 1.0
25 0 1.0
25 10 1.0
25 19 1.0
25 30 1.0
25 91 1.0
25 115 1.0
25 122 1.0
25 124 1.0
25 176 1.0
25 203 1.0
26 15 1.0
26 57 1.0
26 112 1.0
26 168 1.0
26 297 1.0
27 3 1.0
27 45 1.0
27 95 1.0
27 129 1.0
27 138 1.0
27 280 1.0
28 17 1.0
28 116 1.0
28 130 1.0
28 170 1.0
28 171 1.0
28 178 1.0
28 271 1.0
28 296 1.0
29 32 1.0
29 51 1.0
29 76 1.0
29 82 1.0
29 138 1.0
29 244 1.0
29 254 1.0
29 269 1.0
30 53 1.0
30 81 1.0
30 90 1.0
30 92 1.0
30 139 1.0
30 145 1.0
30 150 1.0
30 219 1.0
30 288 1.0
31 25 1.0
31 34 1.0
31 92 1.0
31 96 1.0
31 118 1.0
31 126 1.0
31 147 1.0
31 159 1.0
31 251 1.0
31 262 1.0
32 33 1.0
32 57 1.0
32 60 1.0
32 71 1.0
32 119 1.0
32 160 1.0
32 163 1.0
32 186 1.0
32 248 1.0
32 267 1.0
32 275 1.0
33 47 1.0
33 98 1.0
33 219 1.0
33 232 1.0
34 75 1.0
34 111 1.0
34 120 1.0
34 128 1.0
34 170 1.0
34 246 1.0
34 257 1.0
34 278 1.0
35 21 1.0
35 105 1.0
35 113 1.0
35 121 1.0
35 180 1.0
35 214 1.0
35 262 1.0
35 266 1.0
36 70 1.0
36 74 1.0
36 81 1.0
36 100 1.0
36 131 1.0
36 157 1.0
36 163 1.0
36 164 1.0
36 216 1.0
36 261 1.0
37 0 1.0
37 53 1.0
37 57 1.0
37 97 1.0
37 105 1.0
37 137 1.0
37 171 1.0
37 209 1.0
37 266 1.0
38 16 1.0
38 30 1.0
38 64 1.0
38 106 1.0
38 109 1.0
38 127 1.0
38 140 1.0
38 167 1.0
38 194 1.0
39 71 1.0
39 151 1.0
39 154 1.0
39 177 1.0
39 204 1.0
39 236 1.0
39 263 1.0
40 3 1.0
40 96 1.0
40 149 1.0
40 174 1.0
40 185 1.0
40 205 1.0
40 253 1.0
41 4 1.0
41 59 1.0
41 60 1.0
41 93 1.0
41 115 1.0
41 146 1.0
41 187 1.0
42 34 1.0
42 40 1.0
42 57 1.0
42 64 1.0
42 136 1.0
42 155 1.0
42 163 1.0
42 169 1.0
42 180 1.0
42 225 1.0
42 264 1.0
42 293 1.0
43 2 1.0
43 38 1.0
43 58 1.0
43 62 1.0
43 74 1.0
43 110 1.0
43 166 1.0
43 218 1.0
43 238 1.0
43 273 1.0
43 286 1.0
44 2 1.0
44 13 1.0
44 25 1.0
44 33 1.0
44 110 1.0
44 135 1.0
44 140 1.0
44 170 1.0
44 194 1.0
44 200 1.0
44 267 1.0
45 36 1.0
45 121 1.0
45 206 1.0
45 237 1.0
45 255 1.0
46 42 1.0
46 43 1.0
46 75 1.0
46 78 1.0
46 84 1.0
46 107 1.0
46 116 1.0
46 232 1.0
46 248 1.0
46 292 1.0
47 36 1.0
47 40 1.0
47 50 1.0
47 69 1.0
47 102 1.0
47 136 1.0
47 150 1.0
47 251 1.0
47 268 1.0
48 23 1.0
48 25 1.0
48 46 1.0
48 66 1.0
48 91 1.0
48 100 1.0
48 138 1.0
48 187 1.0
48 231 1.0
48 255 1.0
48 265 1.0
49 57 1.0
49 75 1.0
49 84 1.0
49 123 1.0
49 134 1.0
49 231 1.0
49 271 1.0
50 33 1.0
50 106 1.0
50 147 1.0
50 157 1.0
50 161 1.0
50 194 1.0
50 221 1.0
50 229 1.0
50 299 1.0
51 2 1.0
51 24 1.0
51 89 1.0
51 99 1.0
51 205 1.0
51 225 1.0
51 242 1.0
51 248 1.0
51 283 1.0
52 2 1.0
52 55 1.0
52 102 1.0
52 179 1.0
52 214 1.0
52 251 1.0
52 290 1.0
53 63 1.0
53 164 1.0
53 239 1.0
53 248 1.0
53 256 1.0
53 276 1.0
54 19 1.0
54 53 1.0
54 79 1.0
54 109 1.0
54 110 1.0
54 169 1.0
54 178 1.0
54 180 1.0
54 185 1.0
54 192 1.0
54 198 1.0
55 36 1.0
55 52 1.0
55 124 1.0
55 160 1.0
55 186 1.0
55 231 1.0
55 234 1.0
55 263 1.0
55 293 1.0
56 15 1.0
56 89 1.0
56 109 1.0
56 111 1.0
56 144 1.0
56 226 1.0
56 227 1.0
56 231 1.0
56 256 1.0
56 294 1.0
57 1 1.0
57 38 1.0
57 60 1.0
57 99 1.0
57 119 1.0
57 140 1.0
57 188 1.0
57 195 1.0
57 240 1.0
57 254 1.0
58 64 1.0
58 67 1.0
58 86 1.0
58 92 1.0
58 94 1.0
58 124 1.0
58 174 1.0
58 214 1.0
58 226 1.0
58 227 1.0
58 274 1.0
58 288 1.0
59 4 1.0
59 27 1.0
59 74 1.0
59 147 1.0
59 165 1.0
59 177 1.0
59 186 1.0
59 195 1.0
59 253 1.0
59 270 1.0
60 11 1.0
60 26 1.0
60 53 1.0
60 87 1.0
60 101 1.0
60 118 1.0
60 147 1.0
60 202 1.0
60 203 1.0
60 257 1.0
61 46 1.0
61 74 1.0
61 76 1.0
61 88 1.0
61 134 1.0
61 144 1.0
61 152 1.0
61 162 1.0
61 175 1.0
61 211 1.0
61 276 1.0
61 281 1.0
62 7 1.0
62 29 1.0
62 92 1.0
62 113 1.0
62 130 1.0
62 139 1.0
62 179 1.0
62 218 1.0
62 284 1.0
63 67 1.0
63 73 1.0
63 138 1.0
63 146 1.0
63 202 1.0
63 264 1.0
64 97 1.0
64 99 1.0
64 104 1.0
64 105 1.0
64 157 1.0
64 175 1.0
64 179 1.0
64 217 1.0
64 249 1.0
64 271 1.0
65 17 1.0
65 58 1.0
65 110 1.0
65 111 1.0
65 152 1.0
65 230 1.0
65 242 1.0
65 268 1.0
65 280 1.0
65 298 1.0
66 11 1.0
66 127 1.0
66 135 1.0
66 169 1.0
66 227 1.0
66 299 1.0
67 25 1.0
67 102 1.0
67 117 1.0
67 133 1.0
67 153 1.0
67 190 1.0
67 253 1.0
67 283 1.0
67 297 1.0
68 97 1.0
68 159 1.0
68 188 1.0
68 254 1.0
68 255 1.0
68 267 1.0
68 298 1.0
69 8 1.0
69 10 1.0
69 12 1.0
69 75 1.0
69 93 1.0
69 110 1.0
69 119 1.0
69 177 1.0
69 242 1.0
69 251 1.0
69 296 1.0
69 298 1.0
70 56 1.0
70 78 1.0
70 117 1.0
70 147 1.0
70 157 1.0
70 174 1.0
70 188 1.0
70 199 1.0
70 209 1.0
70 253 1.0
70 266 1.0
70 275 1.0
70 279 1.0
70 297 1.0
71 19 1.0
71 20 1.0
71 44 1.0
71 90 1.0
71 111 1.0
71 122 1.0
71 228 1.0
71 235 1.0
71 261 1.0
71 292 1.0
72 5 1.0
72 61 1.0
72 63 1.0
72 102 1.0
72 154 1.0
72 172 1.0
72 195 1.0
72 225 1.0
72 226 1.0
72 250 1.0
73 2 1.0
73 119 1.0
73 125 1.0
73 129 1.0
73 151 1.0
73 231 1.0
73 285 1.0
74 42 1.0
74 125 1.0
74 131 1.0
74 136 1.0
74 140 1.0
74 263 1.0
75 87 1.0
75 109 1.0
75 141 1.0
75 152 1.0
75 190 1.0
75 193 1.0
75 202 1.0
75 213 1.0
75 214 1.0
75 218 1.0
75 230 1.0
75 231 1.0
75 248 1.0
76 32 1.0
76 39 1.0
76 56 1.0
76 85 1.0
76 120 1.0
76 129 1.0
76 142 1.0
76 170 1.0
76 242 1.0
76 246 1.0
76 276 1.0
76 282 1.0
76 288 1.0
77 42 1.0
77 54 1.0
77 125 1.0
77 137 1.0
77 140 1.0
77 143 1.0
77 188 1.0
77 215 1.0
77 224 1.0
77 248 1.0
77 250 1.0
77 277 1.0
77 299 1.0
78 8 1.0
78 24 1.0
78 42 1.0
78 58 1.0
78 102 1.0
78 109 1.0
78 125 1.0
78 129 1.0
78 154 1.0
78 156 1.0
78 186 1.0
78 211 1.0
78 258 1.0
78 268 1.0
79 0 1.0
79 52 1.0
79 89 1.0
79 128 1.0
79 134 1.0
79 150 1.0
79 179 1.0
79 236 1.0
79 260 1.0
80 2 1.0
80 33 1.0
80 45 1.0
80 72 1.0
80 74 1.0
80 133 1.0
80 162 1.0
80 231 1.0
80 296 1.0
81 23 1.0
81 42 1.0
81 77 1.0
81 183 1.0
81 278 1.0
82 43 1.0
82 69 1.0
82 72 1.0
82 106 1.0
82 113 1.0
82 186 1.0
82 191 1.0
82 197 1.0
82 228 1.0
82 273 1.0
83 5 1.0
83 13 1.0
83 39 1.0
83 42 1.0
83 72 1.0
83 95 1.0
83 96 1.0
83 115 1.0
83 134 1.0
83 197 1.0
83 207 1.0
83 225 1.0
83 280 1.0
84 35 1.0
84 61 1.0
84 68 1.0
84 72 1.0
84 82 1.0
84 93 1.0
84 128 1.0
84 146 1.0
84 154 1.0
84 178 1.0
84 202 1.0
84 291 1.0
85 16 1.0
85 27 1.0
85 110 1.0
85 117 1.0
85 120 1.0
85 126 1.0
85 143 1.0
85 146 1.0
85 170 1.0
85 171 1.0
85 199 1.0
85 251 1.0
85 256 1.0
86 4 1.0
86 80 1.0
86 102 1.0
86 143 1.0
86 186 1.0
86 237 1.0
86 285 1.0
86 287 1.0
87 11 1.0
87 38 1.0
87 90 1.0
87 135 1.0
87 147 1.0
87 152 1.0
87 156 1.0
87 175 1.0
87 179 1.0
87 185 1.0
87 290 1.0
88 0 1.0
88 47 1.0
88 58 1.0
88 97 1.0
88 100 1.0
88 134 1.0
88 205 1.0
88 226 1.0
88 299 1.0
89 36 1.0
89 75 1.0
89 97 1.0
89 126 1.0
89 142 1.0
89 226 1.0
89 234 1.0
90 48 1.0
90 54 1.0
90 67 1.0
90 75 1.0
90 77 1.0
90 162 1.0
90 169 1.0
90 170 1.0
90 240 1.0
90 245 1.0
90 259 1.0
91 25 1.0
91 117 1.0
91 139 1.0
91 217 1.0
91 225 1.0
92 2 1.0
92 4 1.0
92 42 1.0
92 52 1.0
92 77 1.0
92 251 1.0
93 69 1.0
93 101 1.0
93 110 1.0
93 160 1.0
93 211 1.0
94 34 1.0
94 130 1.0
94 133 1.0
94 168 1.0
94 190 1.0
94 212 1.0
94 215 1.0
94 254 1.0
94 268 1.0
95 13 1.0
95 35 1.0
95 38 1.0
95 55 1.0
95 63 1.0
95 94 1.0
95 98 1.0
95 121 1.0
95 143 1.0
95 187 1.0
95 210 1.0
95 214 1.0
95 285 1.0
96 0 1.0
96 3 1.0
96 58 1.0
96 79 1.0
96 86 1.0
96 106 1.0
96 173 1.0
96 216 1.0
97 6 1.0
97 20 1.0
97 126 1.0
97 184 1.0
97 207 1.0
98 16 1.0
98 72 1.0
98 75 1.0
98 159 1.0
98 171 1.0
98 174 1.0
98 250 1.0
98 271 1.0
98 278 1.0
99 9 1.0
99 14 1.0
99 21 1.0
99 77 1.0
99 93 1.0
99 112 1.0
99 117 1.0
99 121 1.0
99 162 1.0
99 179 1.0
99 195 1.0
99 197 1.0
99 205 1.0
99 246 1.0
100 61 1.0
100 84 1.0
100 103 1.0
100 190 1.0
100 207 1.0
100 238 1.0
100 242 1.0
100 265 1.0
101 3 1.0
101 5 1.0
101 75 1.0
101 76 1.0
101 110 1.0
101 125 1.0
101 142 1.0
101 146 1.0
101 222 1.0
101 231 1.0
101 247 1.0
101 282 1.0
102 6 1.0
102 19 1.0
102 114 1.0
102 139 1.0
102 140 1.0
102 174 1.0
102 204 1.0
102 231 1.0
102 233 1.0
102 282 1.0
103 40 1.0
103 54 1.0
103 108 1.0
103 113 1.0
103 128 1.0
103 154 1.0
103 191 1.0
103 202 1.0
103 206 1.0
103 244 1.0
103 288 1.0
104 6 1.0
104 52 1.0
104 160 1.0
104 171 1.0
104 176 1.0
104 210 1.0
104 247 1.0
104 285 1.0
105 0 1.0
105 8 1.0
105 20 1.0
105 26 1.0
105 78 1.0
105 91 1.0
105 157 1.0
105 160 1.0
105 177 1.0
105 188 1.0
105 243 1.0
105 259 1.0
105 260 1.0
105 270 1.0
105 273 1.0
105 293 1.0
106 12 1.0
106 14 1.0
106 46 1.0
106 55 1.0
106 61 1.0
106 134 1.0
106 141 1.0
106 187 1.0
106 206 1.0
106 223 1.0
106 239 1.0
106 249 1.0
107 21 1.0
107 35 1.0
107 36 1.0
107 89 1.0
107 99 1.0
107 121 1.0
107 154 1.0
107 178 1.0
107 183 1.0
107 222 1.0
108 1 1.0
108 50 1.0
108 206 1.0
109 5 1.0
109 8 1.0
109 50 1.0
109 90 1.0
109 119 1.0
109 168 1.0
109 235 1.0
110 18 1.0
110 36 1.0
110 38 1.0
110 40 1.0
110 127 1.0
110 141 1.0
110 210 1.0
110 283 1.0
111 8 1.0
111 10 1.0
111 63 1.0
112 39 1.0
112 84 1.0
112 95 1.0
112 103 1.0
112 151 1.0
112 197 1.0
112 199 1.0
112 217 1.0
112 225 1.0
112 242 1.0
112 246 1.0
112 274 1.0
112 290 1.0
113 7 1.0
113 12 1.0
113 55 1.0
113 74 1.0
113 91 1.0
113 95 1.0
113 102 1.0
113 110 1.0
113 181 1.0
113 205 1.0
114 65 1.0
114 126 1.0
114 169 1.0
114 174 1.0
114 209 1.0
114 227 1.0
114 229 1.0
114 244 1.0
115 56 1.0
115 57 1.0
115 93 1.0
115 168 1.0
115 197 1.0
115 198 1.0
115 222 1.0
115 262 1.0
116 4 1.0
116 119 1.0
116 141 1.0
116 192 1.0
116 203 1.0
116 261 1.0
116 294 1.0
117 6 1.0
117 32 1.0
117 80 1.0
117 112 1.0
117 121 1.0
117 130 1.0
117 156 1.0
117 228 1.0
117 284 1.0
118 97 1.0
118 130 1.0
118 151 1.0
118 202 1.0
118 214 1.0
118 250 1.0
118 270 1.0
119 29 1.0
119 33 1.0
119 77 1.0
119 91 1.0
119 106 1.0
119 140 1.0
119 162 1.0
119 171 1.0
119 185 1.0
119 223 1.0
119 228 1.0
119 233 1.0
120 0 1.0
120 6 1.0
120 60 1.0
120 88 1.0
120 151 1.0
120 208 1.0
120 227 1.0
120 271 1.0
120 273 1.0
121 14 1.0
121 23 1.0
121 39 1.0
121 41 1.0
121 95 1.0
121 99 1.0
121 100 1.0
121 125 1.0
121 145 1.0
121 158 1.0
121 182 1.0
121 193 1.0
121 212 1.0
121 214 1.0
121 224 1.0
121 258 1.0
122 32 1.0
122 39 1.0
122 131 1.0
122 145 1.0
122 182 1.0
122 288 1.0
123 26 1.0
123 62 1.0
123 107 1.0
123 114 1.0
123 204 1.0
123 211 1.0
123 219 1.0
123 258 1.0
123 259 1.0
123 291 1.0
124 13 1.0
124 21 1.0
124 38 1.0
124 55 1.0
124 96 1.0
124 102 1.0
124 130 1.0
124 156 1.0
124 174 1.0
124 175 1.0
124 220 1.0
124 292 1.0
125 11 1.0
125 21 1.0
125 38 1.0
125 48 1.0
125 53 1.0
125 89 1.0
125 107 1.0
125 113 1.0
125 114 1.0
125 186 1.0
125 206 1.0
125 215 1.0
125 221 1.0
125 238 1.0
126 46 1.0
126 64 1.0
126 117 1.0
126 120 1.0
126 128 1.0
126 154 1.0
126 156 1.0
126 162 1.0
126 163 1.0
126 242 1.0
127 19 1.0
127 124 1.0
127 141 1.0
127 176 1.0
127 212 1.0
127 234 1.0
128 16 1.0
128 60 1.0
128 96 1.0
128 185 1.0
128 200 1.0
128 213 1.0
128 216 1.0
128 247 1.0
128 256 1.0
128 290 1.0
129 21 1.0
129 39 1.0
129 111 1.0
129 122 1.0
129 152 1.0
129 227 1.0
129 243 1.0
129 250 1.0
129 259 1.0
130 11 1.0
130 20 1.0
130 23 1.0
130 63 1.0
130 72 1.0
130 110 1.0
130 176 1.0
130 220 1.0
130 240 1.0
130 263 1.0
130 290 1.0
130 292 1.0
131 7 1.0
131 11 1.0
131 31 1.0
131 257 1.0
132 17 1.0
132 24 1.0
132 45 1.0
132 138 1.0
132 148 1.0
132 232 1.0
132 277 1.0
132 291 1.0
132 292 1.0
133 13 1.0
133 107 1.0
133 108 1.0
133 114 1.0
133 146 1.0
133 162 1.0
133 178 1.0
133 206 1.0
134 64 1.0
134 72 1.0
134 107 1.0
134 119 1.0
134 145 1.0
134 146 1.0
134 155 1.0
134 223 1.0
134 225 1.0
134 232 1.0
134 240 1.0
134 256 1.0
134 294 1.0
135 13 1.0
135 14 1.0
135 51 1.0
135 131 1.0
135 151 1.0
135 178 1.0
135 179 1.0
135 241 1.0
135 264 1.0
136 40 1.0
136 118 1.0
136 162 1.0
136 182 1.0
136 246 1.0
136 252 1.0
136 286 1.0
137 6 1.0
137 8 1.0
137 25 1.0
137 48 1.0
137 64 1.0
137 74 1.0
137 95 1.0
137 144 1.0
137 170 1.0
137 269 1.0
138 9 1.0
138 154 1.0
138 202 1.0
139 22 1.0
139 33 1.0
139 48 1.0
139 75 1.0
139 83 1.0
139 108 1.0
139 131 1.0
139 140 1.0
139 156 1.0
139 189 1.0
139 208 1.0
139 212 1.0
139 228 1.0
139 233 1.0
139 249 1.0
139 293 1.0
140 49 1.0
140 80 1.0
140 86 1.0
140 93 1.0
140 193 1.0
140 197 1.0
140 240 1.0
140 242 1.0
140 252 1.0
140 269 1.0
140 289 1.0
141 50 1.0
141 117 1.0
141 125 1.0
141 130 1.0
141 231 1.0
141 277 1.0
142 41 1.0
142 128 1.0
142 181 1.0
142 269 1.0
142 281 1.0
143 25 1.0
143 30 1.0
143 33 1.0
143 39 1.0
143 85 1.0
143 89 1.0
143 225 1.0
143 239 1.0
143 258 1.0
144 17 1.0
144 29 1.0
144 59 1.0
144 98 1.0
144 138 1.0
144 151 1.0
144 189 1.0
144 230 1.0
144 243 1.0
144 264 1.0
145 9 1.0
145 26 1.0
145 43 1.0
145 53 1.0
145 67 1.0
145 87 1.0
145 152 1.0
145 172 1.0
145 235 1.0
145 249 1.0
145 277 1.0
145 286 1.0
146 6 1.0
146 10 1.0
146 13 1.0
146 15 1.0
146 33 1.0
146 117 1.0
146 193 1.0
146 229 1.0
146 259 1.0
146 268 1.0
147 14 1.0
147 16 1.0
147 40 1.0
147 70 1.0
147 91 1.0
147 95 1.0
147 108 1.0
147 133 1.0
147 146 1.0
147 167 1.0
147 193 1.0
147 198 1.0
147 239 1.0
147 296 1.0
148 56 1.0
148 61 1.0
148 73 1.0
148 90 1.0
148 92 1.0
148 112 1.0
148 124 1.0
148 152 1.0
148 155 1.0
148 183 1.0
148 192 1.0
148 255 1.0
148 278 1.0
149 56 1.0
149 62 1.0
149 77 1.0
149 82 1.0
149 89 1.0
149 103 1.0
149 104 1.0
149 141 1.0
149 153 1.0
149 158 1.0
149 182 1.0
149 206 1.0
150 11 1.0
150 24 1.0
150 35 1.0
150 39 1.0
150 74 1.0
150 84 1.0
150 189 1.0
150 213 1.0
150 241 1.0
151 40 1.0
151 187 1.0
151 189 1.0
151 190 1.0
152 16 1.0
152 29 1.0
152 39 1.0
152 45 1.0
152 61 1.0
152 72 1.0
152 87 1.0
152 148 1.0
152 189 1.0
152 237 1.0
152 266 1.0
152 275 1.0
153 25 1.0
153 39 1.0
153 48 1.0
153 115 1.0
153 132 1.0
153 161 1.0
153 180 1.0
153 197 1.0
153 215 1.0
153 289 1.0
154 85 1.0
154 86 1.0
154 89 1.0
154 99 1.0
154 118 1.0
154 119 1.0
154 125 1.0
154 137 1.0
154 166 1.0
154 169 1.0
154 260 1.0
154 269 1.0
155 15 1.0
155 24 1.0
155 79 1.0
155 92 1.0
155 93 1.0
155 149 1.0
155 173 1.0
155 197 1.0
155 209 1.0
155 237 1.0
156 59 1.0
156 92 1.0
156 127 1.0
156 171 1.0
156 221 1.0
156 292 1.0
156 294 1.0
157 5 1.0
157 23 1.0
157 82 1.0
157 126 1.0
157 272 1.0
157 297 1.0
158 17 1.0
158 53 1.0
158 81 1.0
158 87 1.0
158 90 1.0
158 97 1.0
158 123 1.0
158 131 1.0
158 145 1.0
158 170 1.0
158 193 1.0
158 231 1.0
158 271 1.0
159 12 1.0
159 17 1.0
159 19 1.0
159 27 1.0
159 109 1.0
159 119 1.0
159 150 1.0
159 196 1.0
159 213 1.0
160 123 1.0
160 167 1.0
160 181 1.0
160 190 1.0
160 266 1.0
160 289 1.0
161 12 1.0
161 46 1.0
161 60 1.0
161 102 1.0
161 149 1.0
161 157 1.0
161 210 1.0
162 5 1.0
162 6 1.0
162 46 1.0
162 139 1.0
162 154 1.0
162 157 1.0
162 218 1.0
163 2 1.0
163 129 1.0
163 139 1.0
163 144 1.0
163 184 1.0
163 195 1.0
164 22 1.0
164 44 1.0
164 57 1.0
164 62 1.0
164 117 1.0
164 171 1.0
164 184 1.0
164 185 1.0
164 212 1.0
164 224 1.0
164 278 1.0
164 299 1.0
165 5 1.0
165 9 1.0
165 56 1.0
165 62 1.0
165 81 1.0
165 128 1.0
165 175 1.0
165 189 1.0
165 229 1.0
165 230 1.0
165 231 1.0
165 244 1.0
165 247 1.0
165 248 1.0
165 267 1.0
165 273 1.0
165 279 1.0
165 299 1.0
166 6 1.0
166 130 1.0
166 139 1.0
166 224 1.0
166 233 1.0
167 46 1.0
167 72 1.0
167 94 1.0
167 123 1.0
167 164 1.0
167 181 1.0
167 281 1.0
168 21 1.0
168 46 1.0
168 132 1.0
169 23 1.0
169 55 1.0
169 57 1.0
169 70 1.0
169 95 1.0
169 113 1.0
169 175 1.0
169 177 1.0
169 183 1.0
169 185 1.0
169 198 1.0
169 250 1.0
169 260 1.0
169 270 1.0
169 279 1.0
169 298 1.0
170 0 1.0
170 5 1.0
170 6 1.0
170 7 1.0
170 60 1.0
170 82 1.0
170 121 1.0
170 132 1.0
170 150 1.0
170 167 1.0
170 209 1.0
171 63 1.0
171 118 1.0
171 166 1.0
171 243 1.0
171 244 1.0
172 24 1.0
172 25 1.0
172 99 1.0
172 100 1.0
172 175 1.0
172 214 1.0
172 247 1.0
173 13 1.0
173 43 1.0
173 81 1.0
173 91 1.0
173 102 1.0
173 111 1.0
173 159 1.0
173 163 1.0
174 2 1.0
174 31 1.0
174 43 1.0
174 52 1.0
174 60 1.0
174 101 1.0
174 184 1.0
174 187 1.0
174 192 1.0
174 211 1.0
174 225 1.0
174 231 1.0
174 244 1.0
174 263 1.0
174 296 1.0
175 10 1.0
175 32 1.0
175 50 1.0
175 62 1.0
175 121 1.0
175 146 1.0
175 202 1.0
175 237 1.0
175 268 1.0
176 10 1.0
176 20 1.0
176 41 1.0
176 119 1.0
176 124 1.0
176 151 1.0
176 153 1.0
176 165 1.0
176 183 1.0
176 254 1.0
177 15 1.0
177 33 1.0
177 46 1.0
177 55 1.0
177 75 1.0
177 144 1.0
177 180 1.0
177 245 1.0
178 1 1.0
178 8 1.0
178 68 1.0
178 69 1.0
178 72 1.0
178 86 1.0
178 92 1.0
178 143 1.0
178 197 1.0
178 263 1.0
179 62 1.0
179 87 1.0
179 94 1.0
179 109 1.0
179 159 1.0
179 229 1.0
179 240 1.0
179 247 1.0
179 276 1.0
180 24 1.0
180 44 1.0
180 47 1.0
180 60 1.0
180 80 1.0
180 95 1.0
180 204 1.0
180 222 1.0
181 0 1.0
181 10 1.0
181 11 1.0
181 62 1.0
181 75 1.0
181 112 1.0
181 118 1.0
181 119 1.0
181 142 1.0
181 232 1.0
181 262 1.0
181 268 1.0
182 76 1.0
182 102 1.0
182 105 1.0
182 145 1.0
182 151 1.0
182 187 1.0
182 205 1.0
182 232 1.0
182 296 1.0
183 0 1.0
183 21 1.0
183 117 1.0
183 172 1.0
183 191 1.0
183 199 1.0
183 219 1.0
184 48 1.0
184 182 1.0
184 230 1.0
184 253 1.0
184 291 1.0
184 295 1.0
185 15 1.0
185 19 1.0
185 35 1.0
185 51 1.0
185 64 1.0
185 172 1.0
185 178 1.0
185 180 1.0
185 212 1.0
185 213 1.0
185 249 1.0
185 293 1.0
186 7 1.0
186 25 1.0
186 39 1.0
186 142 1.0
186 145 1.0
186 192 1.0
186 219 1.0
186 226 1.0
186 239 1.0
186 264 1.0
187 4 1.0
187 25 1.0
187 94 1.0
187 146 1.0
187 160 1.0
187 199 1.0
187 238 1.0
188 46 1.0
188 78 1.0
188 129 1.0
188 144 1.0
188 179 1.0
188 207 1.0
188 218 1.0
188 225 1.0
188 244 1.0
188 245 1.0
188 291 1.0
189 49 1.0
189 53 1.0
189 73 1.0
189 84 1.0
189 155 1.0
189 193 1.0
189 212 1.0
189 254 1.0
189 284 1.0
190 18 1.0
190 30 1.0
190 34 1.0
190 48 1.0
190 56 1.0
190 68 1.0
190 78 1.0
190 259 1.0
191 41 1.0
191 44 1.0
191 45 1.0
191 97 1.0
191 132 1.0
191 141 1.0
191 142 1.0
191 157 1.0
191 207 1.0
191 212 1.0
191 223 1.0
191 235 1.0
191 258 1.0
192 23 1.0
192 34 1.0
192 101 1.0
192 127 1.0
192 152 1.0
192 170 1.0
192 195 1.0
192 202 1.0
192 216 1.0
192 256 1.0
192 265 1.0
193 8 1.0
193 12 1.0
193 49 1.0
193 91 1.0
193 140 1.0
193 160 1.0
193 184 1.0
193 236 1.0
193 245 1.0
193 255 1.0
193 285 1.0
194 2 1.0
194 9 1.0
194 11 1.0
194 12 1.0
194 48 1.0
194 70 1.0
194 77 1.0
194 119 1.0
194 123 1.0
194 145 1.0
194 164 1.0
194 213 1.0
194 259 1.0
194 295 1.0
195 72 1.0
195 215 1.0
195 236 1.0
195 287 1.0
196 43 1.0
196 98 1.0
196 120 1.0
196 157 1.0
196 176 1.0
196 177 1.0
196 197 1.0
196 205 1.0
196 235 1.0
196 259 1.0
197 3 1.0
197 5 1.0
197 59 1.0
197 60 1.0
197 67 1.0
197 74 1.0
197 102 1.0
197 160 1.0
197 270 1.0
197 297 1.0
198 6 1.0
198 29 1.0
198 40 1.0
198 46 1.0
198 58 1.0
198 69 1.0
198 81 1.0
198 97 1.0
198 99 1.0
198 103 1.0
198 104 1.0
198 115 1.0
198 125 1.0
198 133 1.0
198 135 1.0
198 161 1.0
198 263 1.0
199 9 1.0
199 54 1.0
199 91 1.0
199 104 1.0
199 157 1.0
199 168 1.0
199 176 1.0
199 216 1.0
199 282 1.0
200 30 1.0
200 51 1.0
200 70 1.0
200 80 1.0
200 104 1.0
200 109 1.0
200 125 1.0
200 182 1.0
200 193 1.0
200 237 1.0
200 293 1.0
201 6 1.0
201 14 1.0
201 15 1.0
201 70 1.0
201 226 1.0
201 235 1.0
201 239 1.0
201 243 1.0
201 279 1.0
202 9 1.0
202 71 1.0
202 96 1.0
202 157 1.0
202 165 1.0
202 245 1.0
202 265 1.0
203 40 1.0
203 55 1.0
203 67 1.0
203 77 1.0
203 79 1.0
203 104 1.0
203 111 1.0
203 138 1.0
203 183 1.0
203 199 1.0
203 225 1.0
203 226 1.0
203 247 1.0
203 273 1.0
203 274 1.0
204 8 1.0
204 33 1.0
204 70 1.0
204 97 1.0
204 130 1.0
204 139 1.0
204 200 1.0
204 216 1.0
204 218 1.0
204 279 1.0
205 72 1.0
205 116 1.0
205 145 1.0
205 234 1.0
205 270 1.0
206 34 1.0
206 43 1.0
206 75 1.0
206 92 1.0
206 152 1.0
206 160 1.0
206 161 1.0
206 190 1.0
206 205 1.0
206 211 1.0
206 216 1.0
206 249 1.0
207 30 1.0
207 56 1.0
207 57 1.0
207 100 1.0
207 192 1.0
207 231 1.0
207 293 1.0
208 2 1.0
208 11 1.0
208 67 1.0
208 92 1.0
208 121 1.0
208 160 1.0
208 176 1.0
208 211 1.0
208 246 1.0
208 277 1.0
208 290 1.0
209 13 1.0
209 36 1.0
209 43 1.0
209 66 1.0
209 194 1.0
209 205 1.0
209 283 1.0
210 94 1.0
210 108 1.0
210 123 1.0
210 139 1.0
210 147 1.0
210 165 1.0
210 179 1.0
210 200 1.0
210 217 1.0
210 218 1.0
210 226 1.0
210 246 1.0
211 40 1.0
211 45 1.0
211 77 1.0
211 98 1.0
211 117 1.0
211 149 1.0
211 163 1.0
211 172 1.0
211 219 1.0
211 232 1.0
211 284 1.0
212 31 1.0
212 65 1.0
212 86 1.0
212 257 1.0
212 259 1.0
212 262 1.0
212 295 1.0
213 22 1.0
213 30 1.0
213 46 1.0
213 70 1.0
213 104 1.0
213 111 1.0
213 139 1.0
213 148 1.0
213 221 1.0
213 237 1.0
213 280 1.0
213 292 1.0
214 31 1.0
214 65 1.0
214 91 1.0
214 106 1.0
214 196 1.0
214 230 1.0
215 33 1.0
215 56 1.0
215 81 1.0
215 147 1.0
215 211 1.0
216 9 1.0
216 24 1.0
216 53 1.0
216 98 1.0
216 111 1.0
216 122 1.0
216 167 1.0
216 231 1.0
217 80 1.0
217 87 1.0
217 95 1.0
217 204 1.0
217 229 1.0
217 248 1.0
217 262 1.0
218 0 1.0
218 1 1.0
218 83 1.0
218 92 1.0
218 115 1.0
218 141 1.0
218 156 1.0
218 239 1.0
218 250 1.0
219 4 1.0
219 31 1.0
219 43 1.0
219 82 1.0
219 108 1.0
219 115 1.0
219 121 1.0
219 193 1.0
219 198 1.0
219 206 1.0
219 234 1.0
219 242 1.0
219 247 1.0
219 277 1.0
220 111 1.0
220 140 1.0
220 151 1.0
220 159 1.0
220 161 1.0
220 191 1.0
220 245 1.0
220 289 1.0
220 290 1.0
221 0 1.0
221 16 1.0
221 19 1.0
221 28 1.0
221 46 1.0
221 48 1.0
221 50 1.0
221 79 1.0
221 87 1.0
221 139 1.0
221 143 1.0
221 176 1.0
221 182 1.0
221 201 1.0
221 226 1.0
221 235 1.0
222 18 1.0
222 59 1.0
222 89 1.0
222 91 1.0
222 100 1.0
222 130 1.0
222 162 1.0
222 208 1.0
223 5 1.0
223 87 1.0
223 114 1.0
223 125 1.0
223 171 1.0
223 205 1.0
223 242 1.0
223 263 1.0
224 151 1.0
224 169 1.0
224 182 1.0
224 189 1.0
224 215 1.0
224 221 1.0
224 239 1.0
224 287 1.0
224 291 1.0
224 297 1.0
225 78 1.0
225 87 1.0
225 119 1.0
225 192 1.0
225 228 1.0
226 45 1.0
226 47 1.0
226 61 1.0
226 181 1.0
226 232 1.0
227 23 1.0
227 45 1.0
227 149 1.0
227 176 1.0
228 17 1.0
228 104 1.0
228 105 1.0
228 119 1.0
228 183 1.0
228 202 1.0
228 204 1.0
229 96 1.0
229 122 1.0
229 148 1.0
229 187 1.0
229 197 1.0
229 215 1.0
229 240 1.0
229 245 1.0
230 47 1.0
230 85 1.0
230 98 1.0
230 124 1.0
230 139 1.0
230 182 1.0
230 233 1.0
230 273 1.0
231 71 1.0
231 76 1.0
231 151 1.0
231 167 1.0
231 220 1.0
231 274 1.0
232 51 1.0
232 81 1.0
232 99 1.0
232 188 1.0
232 190 1.0
232 251 1.0
232 277 1.0
232 282 1.0
233 93 1.0
233 94 1.0
233 107 1.0
233 111 1.0
233 123 1.0
233 173 1.0
233 238 1.0
234 80 1.0
234 100 1.0
234 149 1.0
234 176 1.0
234 184 1.0
234 274 1.0
235 3 1.0
235 10 1.0
235 68 1.0
235 116 1.0
235 124 1.0
235 128 1.0
235 192 1.0
235 214 1.0
235 215 1.0
235 224 1.0
235 254 1.0
235 265 1.0
235 278 1.0
236 12 1.0
236 156 1.0
236 172 1.0
236 242 1.0
236 260 1.0
236 282 1.0
237 46 1.0
237 109 1.0
237 179 1.0
237 183 1.0
237 191 1.0
237 193 1.0
237 201 1.0
237 214 1.0
237 218 1.0
237 260 1.0
238 39 1.0
238 71 1.0
238 100 1.0
238 115 1.0
238 125 1.0
238 166 1.0
238 169 1.0
238 185 1.0
238 186 1.0
238 216 1.0
238 263 1.0
239 10 1.0
239 55 1.0
239 90 1.0
239 103 1.0
239 152 1.0
239 191 1.0
239 240 1.0
239 287 1.0
240 17 1.0
240 26 1.0
240 58 1.0
240 141 1.0
240 166 1.0
240 192 1.0
240 237 1.0
240 279 1.0
241 43 1.0
241 69 1.0
241 83 1.0
241 124 1.0
241 146 1.0
241 233 1.0
242 52 1.0
242 80 1.0
242 150 1.0
242 155 1.0
242 156 1.0
242 169 1.0
242 226 1.0
242 233 1.0
242 253 1.0
242 298 1.0
243 28 1.0
243 42 1.0
243 153 1.0
243 155 1.0
243 181 1.0
243 238 1.0
243 240 1.0
243 287 1.0
244 22 1.0
244 47 1.0
244 70 1.0
244 115 1.0
244 158 1.0
244 207 1.0
244 255 1.0
244 291 1.0
245 1 1.0
245 7 1.0
245 40 1.0
245 64 1.0
245 67 1.0
245 123 1.0
245 147 1.0
245 148 1.0
245 172 1.0
245 238 1.0
246 10 1.0
246 27 1.0
246 60 1.0
246 119 1.0
246 130 1.0
246 232 1.0
247 9 1.0
247 20 1.0
247 66 1.0
247 88 1.0
247 112 1.0
247 192 1.0
247 220 1.0
247 278 1.0
247 281 1.0
248 11 1.0
248 50 1.0
248 73 1.0
248 79 1.0
248 96 1.0
248 101 1.0
248 135 1.0
248 148 1.0
248 152 1.0
248 154 1.0
248 157 1.0
248 160 1.0
249 17 1.0
249 19 1.0
249 30 1.0
249 59 1.0
249 125 1.0
249 165 1.0
250 72 1.0
250 77 1.0
250 98 1.0
250 118 1.0
250 129 1.0
250 169 1.0
250 218 1.0
250 281 1.0
251 31 1.0
251 47 1.0
251 52 1.0
251 69 1.0
251 85 1.0
251 92 1.0
251 232 1.0
251 269 1.0
251 278 1.0
251 279 1.0
251 292 1.0
251 298 1.0
252 0 1.0
252 2 1.0
252 5 1.0
252 16 1.0
252 136 1.0
252 140 1.0
252 252 1.0
252 281 1.0
252 298 1.0
253 12 1.0
253 40 1.0
253 59 1.0
253 67 1.0
253 70 1.0
253 184 1.0
253 242 1.0
253 273 1.0
253 285 1.0
254 5 1.0
254 20 1.0
254 29 1.0
254 57 1.0
254 68 1.0
254 94 1.0
254 176 1.0
254 189 1.0
254 235 1.0
254 281 1.0
255 19 1.0
255 45 1.0
255 48 1.0
255 68 1.0
255 148 1.0
255 193 1.0
255 244 1.0
255 262 1.0
255 264 1.0
255 272 1.0
255 274 1.0
256 2 1.0
256 4 1.0
256 53 1.0
256 56 1.0
256 85 1.0
256 128 1.0
256 134 1.0
256 192 1.0
256 291 1.0
256 293 1.0
257 7 1.0
257 34 1.0
257 60 1.0
257 131 1.0
257 212 1.0
257 272 1.0
257 276 1.0
258 22 1.0
258 78 1.0
258 121 1.0
258 123 1.0
258 143 1.0
258 191 1.0
258 276 1.0
259 18 1.0
259 90 1.0
259 105 1.0
259 123 1.0
259 129 1.0
259 146 1.0
259 190 1.0
259 194 1.0
259 196 1.0
259 212 1.0
259 296 1.0
260 79 1.0
260 105 1.0
260 154 1.0
260 169 1.0
260 236 1.0
260 237 1.0
260 277 1.0
260 296 1.0
261 16 1.0
261 36 1.0
261 71 1.0
261 116 1.0
261 261 1.0
261 285 1.0
261 295 1.0
262 8 1.0
262 31 1.0
262 35 1.0
262 115 1.0
262 181 1.0
262 212 1.0
262 217 1.0
262 255 1.0
262 269 1.0
263 2 1.0
263 39 1.0
263 55 1.0
263 74 1.0
263 130 1.0
263 174 1.0
263 178 1.0
263 198 1.0
263 223 1.0
263 238 1.0
263 290 1.0
264 4 1.0
264 42 1.0
264 63 1.0
264 135 1.0
264 144 1.0
264 186 1.0
264 255 1.0
265 14 1.0
265 48 1.0
265 100 1.0
265 192 1.0
265 202 1.0
265 235 1.0
265 285 1.0
265 288 1.0
265 292 1.0
266 15 1.0
266 22 1.0
266 35 1.0
266 37 1.0
266 70 1.0
266 152 1.0
266 160 1.0
267 4 1.0
267 18 1.0
267 24 1.0
267 32 1.0
267 44 1.0
267 68 1.0
267 165 1.0
267 275 1.0
267 297 1.0
268 47 1.0
268 65 1.0
268 78 1.0
268 94 1.0
268 146 1.0
268 175 1.0
268 181 1.0
268 279 1.0
269 16 1.0
269 29 1.0
269 137 1.0
269 140 1.0
269 142 1.0
269 154 1.0
269 251 1.0
269 262 1.0
270 0 1.0
270 59 1.0
270 105 1.0
270 118 1.0
270 169 1.0
270 197 1.0
270 205 1.0
270 290 1.0
270 299 1.0
271 22 1.0
271 28 1.0
271 49 1.0
271 64 1.0
271 98 1.0
271 120 1.0
271 158 1.0
271 298 1.0
272 17 1.0
272 157 1.0
272 255 1.0
272 257 1.0
272 280 1.0
272 287 1.0
272 289 1.0
273 43 1.0
273 82 1.0
273 105 1.0
273 120 1.0
273 165 1.0
273 203 1.0
273 230 1.0
273 253 1.0
273 275 1.0
273 295 1.0
274 4 1.0
274 58 1.0
274 112 1.0
274 203 1.0
274 231 1.0
274 234 1.0
274 255 1.0
274 285 1.0
275 32 1.0
275 70 1.0
275 152 1.0
275 267 1.0
275 273 1.0
275 277 1.0
275 280 1.0
276 22 1.0
276 53 1.0
276 61 1.0
276 76 1.0
276 179 1.0
276 257 1.0
276 258 1.0
276 298 1.0
277 77 1.0
277 132 1.0
277 141 1.0
277 145 1.0
277 208 1.0
277 219 1.0
277 232 1.0
277 260 1.0
277 275 1.0
278 8 1.0
278 34 1.0
278 81 1.0
278 98 1.0
278 148 1.0
278 164 1.0
278 235 1.0
278 247 1.0
278 251 1.0
278 292 1.0
279 3 1.0
279 70 1.0
279 165 1.0
279 169 1.0
279 201 1.0
279 204 1.0
279 240 1.0
279 251 1.0
279 268 1.0
279 283 1.0
280 1 1.0
280 27 1.0
280 65 1.0
280 83 1.0
280 213 1.0
280 272 1.0
280 275 1.0
280 280 1.0
281 61 1.0
281 142 1.0
281 167 1.0
281 247 1.0
281 250 1.0
281 252 1.0
281 254 1.0
282 17 1.0
282 76 1.0
282 101 1.0
282 102 1.0
282 199 1.0
282 232 1.0
282 236 1.0
283 22 1.0
283 51 1.0
283 67 1.0
283 110 1.0
283 209 1.0
283 279 1.0
283 293 1.0
283 294 1.0
284 62 1.0
284 117 1.0
284 189 1.0
284 211 1.0
284 286 1.0
285 11 1.0
285 73 1.0
285 86 1.0
285 95 1.0
285 104 1.0
285 193 1.0
285 253 1.0
285 261 1.0
285 265 1.0
285 274 1.0
285 288 1.0
286 43 1.0
286 136 1.0
286 145 1.0
286 284 1.0
286 289 1.0
286 292 1.0
286 299 1.0
287 10 1.0
287 86 1.0
287 195 1.0
287 224 1.0
287 239 1.0
287 243 1.0
287 272 1.0
287 298 1.0
288 30 1.0
288 58 1.0
288 76 1.0
288 103 1.0
288 122 1.0
288 265 1.0
288 285 1.0
288 291 1.0
289 140 1.0
289 153 1.0
289 160 1.0
289 220 1.0
289 272 1.0
289 286 1.0
290 52 1.0
290 87 1.0
290 112 1.0
290 128 1.0
290 130 1.0
290 208 1.0
290 220 1.0
290 263 1.0
290 270 1.0
291 84 1.0
291 123 1.0
291 132 1.0
291 184 1.0
291 188 1.0
291 224 1.0
291 244 1.0
291 256 1.0
291 288 1.0
292 46 1.0
292 71 1.0
292 124 1.0
292 130 1.0
292 132 1.0
292 156 1.0
292 213 1.0
292 251 1.0
292 265 1.0
292 278 1.0
292 286 1.0
293 42 1.0
293 55 1.0
293 105 1.0
293 139 1.0
293 185 1.0
293 200 1.0
293 207 1.0
293 256 1.0
293 283 1.0
293 297 1.0
294 56 1.0
294 116 1.0
294 134 1.0
294 156 1.0
294 283 1.0
294 296 1.0
295 184 1.0
295 194 1.0
295 212 1.0
295 261 1.0
295 273 1.0
296 28 1.0
296 69 1.0
296 80 1.0
296 147 1.0
296 174 1.0
296 182 1.0
296 259 1.0
296 260 1.0
296 294 1.0
297 21 1.0
297 26 1.0
297 67 1.0
297 70 1.0
297 157 1.0
297 197 1.0
297 224 1.0
297 267 1.0
297 293 1.0
298 65 1.0
298 68 1.0
298 69 1.0
298 169 1.0
298 242 1.0
298 251 1.0
298 252 1.0
298 271 1.0
298 276 1.0
298 287 1.0
299 14 1.0
299 50 1.0
299 66 1.0
299 77 1.0
299 88 1.0
299 164 1.0
299 165 1.0
299 270 1.0
299 286 1.0
