0 28 1.0
0 40 1.0
0 55 1.0
0 65 1.0
0 85 1.0
0 104 1.0
0 112 1.0
0 166 1.0
0 184 1.0
0 213 1.0
0 238 1.0
1 37 1.0
1 47 1.0
1 134 1.0
1 139 1.0
1 145 1.0
1 150 1.0
1 151 1.0
1 158 1.0
1 208 1.0
1 220 1.0
1 247 1.0
1 256 1.0
1 284 1.0
1 286 1.0
2 17 1.0
2 19 1.0
2 21 1.0
2 47 1.0
2 81 1.0
2 99 1.0
2 203 1.0
2 208 1.0
2 243 1.0
2 247 1.0
2 288 1.0
3 68 1.0
3 184 1.0
3 215 1.0
3 227 1.0
3 231 1.0
3 232 1.0
3 244 1.0
3 247 1.0
3 250 1.0
4 37 1.0
4 52 1.0
4 76 1.0
4 121 1.0
4 183 1.0
4 188 1.0
4 192 1.0
4 278 1.0
4 285 1.0
5 19 1.0
5 32 1.0
5 35 1.0
5 47 1.0
5 70 1.0
5 91 1.0
5 109 1.0
5 151 1.0
5 157 1.0
5 202 1.0
5 246 1.0
5 252 1.0
6 11 1.0
6 46 1.0
6 58 1.0
6 106 1.0
6 123 1.0
6 134 1.0
7 29 1.0
7 42 1.0
7 44 1.0
7 120 1.0
7 128 1.0
7 171 1.0
7 204 1.0
7 223 1.0
7 236 1.0
7 280 1.0
7 281 1.0
8 3 1.0
8 28 1.0
8 33 1.0
8 55 1.0
8 56 1.0
8 65 1.0
8 90 1.0
8 106 1.0
8 155 1.0
8 163 1.0
8 179 1.0
8 191 1.0
8 194 1.0
8 207 1.0
8 278 1.0
9 28 1.0
9 33 1.0
9 144 1.0
9 154 1.0
9 165 1.0
9 173 1.0
9 197 1.0
9 234 1.0
10 77 1.0
10 134 1.0
10 180 1.0
10 185 1.0
10 231 1.0
10 279 1.0
11 35 1.0
11 140 1.0
11 162 1.0
11 174 1.0
11 203 1.0
11 220 1.0
11 224 1.0
12 13 1.0
12 21 1.0
12 36 1.0
12 83 1.0
12 96 1.0
12 138 1.0
12 153 1.0
12 166 1.0
12 211 1.0
12 213 1.0
12 256 1.0
12 258 1.0
13 11 1.0
13 60 1.0
13 113 1.0
13 128 1.0
13 129 1.0
13 231 1.0
13 252 1.0
13 296 1.0
14 47 1.0
14 74 1.0
14 174 1.0
14 181 1.0
14 253 1.0
14 286 1.0
15 17 1.0
15 24 1.0
15 114 1.0
15 126 1.0
15 133 1.0
15 140 1.0
15 145 1.0
15 165 1.0
15 208 1.0
15 215 1.0
15 233 1.0
16 7 1.0
16 37 1.0
16 38 1.0
16 96 1.0
16 112 1.0
16 129 1.0
16 230 1.0
16 236 1.0
16 261 1.0
16 264 1.0
16 276 1.0
17 6 1.0
17 20 1.0
17 46 1.0
17 57 1.0
17 102 1.0
17 105 1.0
17 106 1.0
17 117 1.0
17 129 1.0
17 162 1.0
17 275 1.0
17 277 1.0
18 44 1.0
18 57 1.0
18 86 1.0
18 91 1.0
18 109 1.0
18 171 1.0
18 183 1.0
18 252 1.0
18 260 1.0
18 271 1.0
18 281 1.0
18 298 1.0
19 11 1.0
19 42 1.0
19 52 1.0
19 87 1.0
19 89 1.0
19 126 1.0
19 146 1.0
19 152 1.0
19 166 1.0
19 180 1.0
19 246 1.0
20 33 1.0
20 35 1.0
20 36 1.0
20 46 1.0
20 50 1.0
20 92 1.0
20 159 1.0
20 188 1.0
21 5 1.0
21 34 1.0
21 46 1.0
21 51 1.0
21 66 1.0
21 67 1.0
21 169 1.0
21 174 1.0
21 244 1.0
21 253 1.0
21 262 1.0
22 29 1.0
22 46 1.0
22 51 1.0
22 97 1.0
22 100 1.0
22 133 1.0
22 158 1.0
22 181 1.0
22 255 1.0
23 1 1.0
23 29 1.0
23 41 1.0
23 146 1.0
23 219 1.0
23 224 1.0
23 278 1.0
23 290 1.0
23 296 1.0
24 27 1.0
24 57 1.0
24 73 1.0
24 131 1.0
24 143 1.0
24 187 1.0
24 253 1.0
24 271 1.0
24 287 1.0
24 290 1.0
25 36 1.0
25 58 1.0
25 89 1.0
25 108 1.0
25 127 1.0
25 188 1.0
25 200 1.0
25 230 1.0
25 233 1.0
25 246 1.0
25 288 1.0
25 299 1.0
26 0 1.0
26 25 1.0
26 46 1.0
26 62 1.0
26 63 1.0
26 70 1.0
26 113 1.0
26 191 1.0
26 208 1.0
26 254 1.0
27 37 1.0
27 43 1.0
27 77 1.0
27 80 1.0
27 188 1.0
27 209 1.0
27 216 1.0
27 217 1.0
27 240 1.0
27 259 1.0
27 286 1.0
28 52 1.0
28 64 1.0
28 88 1.0
28 153 1.0
28 215 1.0
28 256 1.0
29 23 1.0
29 89 1.0
29 102 1.0
29 116 1.0
29 142 1.0
29 221 1.0
29 224 1.0
29 275 1.0
30 14 1.0
30 20 1.0
30 81 1.0
30 170 1.0
30 199 1.0
30 208 1.0
31 9 1.0
31 30 1.0
31 44 1.0
31 88 1.0
31 112 1.0
31 118 1.0
31 154 1.0
31 158 1.0
31 180 1.0
31 233 1.0
31 261 1.0
31 270 1.0
31 276 1.0
32 45 1.0
32 72 1.0
32 99 1.0
32 136 1.0
32 171 1.0
32 203 1.0
32 205 1.0
32 222 1.0
32 250 1.0
32 253 1.0
32 269 1.0
33 25 1.0
33 38 1.0
33 53 1.0
33 70 1.0
33 153 1.0
33 187 1.0
33 202 1.0
33 205 1.0
33 245 1.0
34 20 1.0
34 22 1.0
34 44 1.0
34 127 1.0
34 193 1.0
34 201 1.0
34 227 1.0
34 270 1.0
34 290 1.0
35 8 1.0
35 22 1.0
35 62 1.0
35 98 1.0
35 99 1.0
35 118 1.0
35 166 1.0
35 210 1.0
35 219 1.0
35 229 1.0
35 276 1.0
35 280 1.0
35 286 1.0
36 12 1.0
36 17 1.0
36 73 1.0
36 88 1.0
36 127 1.0
36 134 1.0
36 237 1.0
36 269 1.0
36 276 1.0
37 15 1.0
37 17 1.0
37 35 1.0
37 48 1.0
37 57 1.0
37 75 1.0
37 79 1.0
37 99 1.0
37 111 1.0
37 143 1.0
37 168 1.0
37 221 1.0
37 226 1.0
37 263 1.0
38 0 1.0
38 72 1.0
38 75 1.0
38 84 1.0
38 97 1.0
38 131 1.0
38 146 1.0
38 192 1.0
38 215 1.0
39 22 1.0
39 54 1.0
39 65 1.0
39 140 1.0
39 143 1.0
39 168 1.0
39 231 1.0
39 286 1.0
39 288 1.0
40 115 1.0
40 138 1.0
40 186 1.0
40 216 1.0
40 226 1.0
40 233 1.0
40 245 1.0
40 254 1.0
41 13 1.0
41 44 1.0
41 58 1.0
41 106 1.0
41 164 1.0
41 183 1.0
41 189 1.0
41 197 1.0
41 200 1.0
41 205 1.0
41 224 1.0
42 10 1.0
42 59 1.0
42 86 1.0
42 107 1.0
42 151 1.0
42 187 1.0
42 195 1.0
42 230 1.0
42 239 1.0
42 245 1.0
42 250 1.0
42 267 1.0
42 285 1.0
43 97 1.0
43 145 1.0
43 147 1.0
43 236 1.0
43 238 1.0
43 256 1.0
43 257 1.0
44 43 1.0
44 107 1.0
44 129 1.0
44 136 1.0
44 153 1.0
44 165 1.0
44 167 1.0
44 209 1.0
44 210 1.0
44 229 1.0
44 280 1.0
44 294 1.0
44 297 1.0
45 2 1.0
45 33 1.0
45 81 1.0
45 85 1.0
45 89 1.0
45 95 1.0
45 101 1.0
45 182 1.0
45 216 1.0
45 234 1.0
45 253 1.0
45 255 1.0
45 270 1.0
46 27 1.0
46 50 1.0
46 95 1.0
46 138 1.0
46 142 1.0
46 202 1.0
46 257 1.0
46 259 1.0
46 267 1.0
47 46 1.0
47 96 1.0
47 106 1.0
47 118 1.0
47 166 1.0
47 232 1.0
47 245 1.0
47 289 1.0
48 25 1.0
48 26 1.0
48 47 1.0
48 85 1.0
48 133 1.0
48 169 1.0
48 185 1.0
48 204 1.0
48 225 1.0
49 13 1.0
49 16 1.0
49 39 1.0
49 44 1.0
49 46 1.0
49 54 1.0
49 84 1.0
49 98 1.0
49 100 1.0
49 165 1.0
49 174 1.0
49 179 1.0
49 190 1.0
49 206 1.0
49 234 1.0
49 265 1.0
49 272 1.0
50 9 1.0
50 27 1.0
50 92 1.0
50 106 1.0
50 147 1.0
50 159 1.0
50 188 1.0
50 194 1.0
50 240 1.0
50 282 1.0
51 68 1.0
51 109 1.0
51 147 1.0
51 218 1.0
51 254 1.0
51 277 1.0
52 7 1.0
52 14 1.0
52 70 1.0
52 91 1.0
52 147 1.0
52 168 1.0
52 263 1.0
52 273 1.0
52 278 1.0
53 37 1.0
53 51 1.0
53 57 1.0
53 72 1.0
53 91 1.0
53 151 1.0
53 190 1.0
53 235 1.0
53 262 1.0
53 274 1.0
53 282 1.0
53 293 1.0
54 52 1.0
54 65 1.0
54 76 1.0
54 143 1.0
54 161 1.0
54 197 1.0
54 223 1.0
54 263 1.0
55 66 1.0
55 112 1.0
55 138 1.0
55 167 1.0
55 197 1.0
55 201 1.0
55 204 1.0
55 210 1.0
55 252 1.0
55 271 1.0
56 50 1.0
56 57 1.0
56 116 1.0
56 274 1.0
57 8 1.0
57 54 1.0
57 82 1.0
57 85 1.0
57 128 1.0
57 129 1.0
57 161 1.0
57 231 1.0
58 195 1.0
58 199 1.0
58 216 1.0
59 9 1.0
59 106 1.0
59 128 1.0
59 147 1.0
59 179 1.0
59 205 1.0
59 214 1.0
59 266 1.0
59 294 1.0
60 48 1.0
60 69 1.0
60 121 1.0
60 190 1.0
60 237 1.0
61 17 1.0
61 18 1.0
61 21 1.0
61 73 1.0
61 127 1.0
61 181 1.0
61 186 1.0
61 223 1.0
61 242 1.0
61 245 1.0
61 248 1.0
61 249 1.0
61 251 1.0
61 264 1.0
61 275 1.0
62 39 1.0
62 41 1.0
62 137 1.0
62 176 1.0
62 194 1.0
62 201 1.0
62 230 1.0
62 231 1.0
62 241 1.0
62 242 1.0
62 270 1.0
62 282 1.0
63 9 1.0
63 78 1.0
63 80 1.0
63 116 1.0
63 137 1.0
63 168 1.0
63 252 1.0
64 16 1.0
64 25 1.0
64 71 1.0
64 80 1.0
64 88 1.0
64 95 1.0
64 99 1.0
64 134 1.0
64 140 1.0
64 165 1.0
64 198 1.0
64 207 1.0
64 271 1.0
64 276 1.0
65 1 1.0
65 28 1.0
65 86 1.0
65 127 1.0
65 155 1.0
65 162 1.0
65 165 1.0
65 176 1.0
65 226 1.0
65 232 1.0
65 236 1.0
65 250 1.0
65 259 1.0
65 270 1.0
65 294 1.0
66 9 1.0
66 11 1.0
66 22 1.0
66 30 1.0
66 40 1.0
66 64 1.0
66 86 1.0
66 87 1.0
66 91 1.0
66 111 1.0
66 119 1.0
66 146 1.0
66 235 1.0
66 260 1.0
66 294 1.0
67 35 1.0
67 100 1.0
67 105 1.0
67 151 1.0
67 176 1.0
67 203 1.0
67 257 1.0
67 270 1.0
67 298 1.0
68 10 1.0
68 28 1.0
68 44 1.0
68 90 1.0
68 128 1.0
68 158 1.0
68 192 1.0
68 291 1.0
69 5 1.0
69 56 1.0
69 67 1.0
69 158 1.0
69 168 1.0
69 226 1.0
69 235 1.0
69 241 1.0
69 274 1.0
69 288 1.0
69 291 1.0
70 32 1.0
70 36 1.0
70 50 1.0
70 114 1.0
70 129 1.0
70 179 1.0
70 190 1.0
70 206 1.0
70 230 1.0
71 6 1.0
71 16 1.0
71 17 1.0
71 26 1.0
71 32 1.0
71 151 1.0
71 156 1.0
71 168 1.0
71 189 1.0
71 194 1.0
71 213 1.0
71 240 1.0
71 249 1.0
71 261 1.0
72 8 1.0
72 17 1.0
72 25 1.0
72 40 1.0
72 51 1.0
72 124 1.0
72 135 1.0
72 195 1.0
72 200 1.0
72 248 1.0
73 4 1.0
73 23 1.0
73 30 1.0
73 129 1.0
73 148 1.0
73 162 1.0
73 198 1.0
73 203 1.0
73 211 1.0
73 260 1.0
73 279 1.0
73 284 1.0
74 45 1.0
74 68 1.0
74 111 1.0
74 164 1.0
74 166 1.0
74 172 1.0
74 191 1.0
74 207 1.0
74 236 1.0
74 248 1.0
75 51 1.0
75 84 1.0
75 114 1.0
75 142 1.0
75 200 1.0
75 222 1.0
75 229 1.0
75 256 1.0
75 279 1.0
75 289 1.0
75 297 1.0
76 47 1.0
76 55 1.0
76 61 1.0
76 62 1.0
76 109 1.0
76 117 1.0
76 176 1.0
76 208 1.0
76 217 1.0
76 241 1.0
76 253 1.0
76 257 1.0
77 24 1.0
77 133 1.0
77 154 1.0
77 164 1.0
77 189 1.0
77 200 1.0
77 214 1.0
77 216 1.0
77 233 1.0
77 236 1.0
77 238 1.0
77 253 1.0
77 269 1.0
77 279 1.0
78 30 1.0
78 87 1.0
78 109 1.0
78 130 1.0
78 135 1.0
78 154 1.0
78 166 1.0
78 168 1.0
78 171 1.0
78 191 1.0
78 228 1.0
79 4 1.0
79 22 1.0
79 74 1.0
79 142 1.0
79 215 1.0
79 222 1.0
79 273 1.0
79 274 1.0
80 0 1.0
80 14 1.0
80 92 1.0
80 93 1.0
80 99 1.0
80 108 1.0
80 115 1.0
80 122 1.0
80 136 1.0
80 172 1.0
80 187 1.0
80 193 1.0
80 222 1.0
80 262 1.0
80 271 1.0
80 292 1.0
81 48 1.0
81 139 1.0
81 149 1.0
81 247 1.0
82 27 1.0
82 48 1.0
82 96 1.0
82 137 1.0
82 165 1.0
82 174 1.0
82 234 1.0
83 2 1.0
83 21 1.0
83 28 1.0
83 43 1.0
83 54 1.0
83 70 1.0
83 86 1.0
83 98 1.0
83 101 1.0
83 136 1.0
83 183 1.0
83 278 1.0
84 26 1.0
84 69 1.0
84 146 1.0
84 180 1.0
84 215 1.0
85 3 1.0
85 14 1.0
85 35 1.0
85 76 1.0
85 79 1.0
85 84 1.0
85 106 1.0
85 125 1.0
85 156 1.0
85 164 1.0
85 189 1.0
85 193 1.0
85 240 1.0
86 8 1.0
86 18 1.0
86 47 1.0
86 69 1.0
86 72 1.0
86 91 1.0
86 98 1.0
86 161 1.0
86 169 1.0
86 173 1.0
86 249 1.0
86 256 1.0
86 258 1.0
86 282 1.0
87 2 1.0
87 21 1.0
87 42 1.0
87 47 1.0
87 89 1.0
87 91 1.0
87 130 1.0
87 135 1.0
87 144 1.0
87 148 1.0
87 182 1.0
87 194 1.0
87 209 1.0
87 213 1.0
87 228 1.0
87 235 1.0
87 250 1.0
87 280 1.0
88 27 1.0
88 72 1.0
88 84 1.0
88 95 1.0
88 102 1.0
88 128 1.0
88 155 1.0
88 158 1.0
88 166 1.0
88 217 1.0
88 271 1.0
89 68 1.0
89 75 1.0
89 78 1.0
89 109 1.0
89 150 1.0
89 164 1.0
89 212 1.0
90 100 1.0
90 119 1.0
90 164 1.0
90 172 1.0
90 201 1.0
90 222 1.0
90 228 1.0
90 242 1.0
90 267 1.0
90 297 1.0
91 27 1.0
91 53 1.0
91 106 1.0
91 175 1.0
91 205 1.0
91 215 1.0
91 261 1.0
91 262 1.0
91 277 1.0
91 284 1.0
92 42 1.0
92 70 1.0
92 114 1.0
92 123 1.0
92 153 1.0
92 163 1.0
92 206 1.0
92 218 1.0
93 3 1.0
93 7 1.0
93 21 1.0
93 66 1.0
93 77 1.0
93 80 1.0
93 115 1.0
93 164 1.0
93 179 1.0
93 195 1.0
93 207 1.0
93 243 1.0
93 247 1.0
93 249 1.0
93 284 1.0
93 296 1.0
94 1 1.0
94 146 1.0
94 166 1.0
94 193 1.0
94 229 1.0
95 48 1.0
95 83 1.0
95 126 1.0
95 241 1.0
96 3 1.0
96 92 1.0
96 101 1.0
96 106 1.0
96 209 1.0
96 250 1.0
96 255 1.0
96 270 1.0
96 277 1.0
97 46 1.0
97 141 1.0
97 169 1.0
97 212 1.0
97 253 1.0
97 288 1.0
98 57 1.0
98 60 1.0
98 78 1.0
98 137 1.0
98 142 1.0
98 165 1.0
98 187 1.0
98 196 1.0
98 204 1.0
98 282 1.0
98 292 1.0
99 0 1.0
99 53 1.0
99 98 1.0
99 121 1.0
99 166 1.0
99 198 1.0
99 203 1.0
99 242 1.0
100 18 1.0
100 26 1.0
100 46 1.0
100 68 1.0
100 94 1.0
100 123 1.0
100 149 1.0
100 164 1.0
100 168 1.0
100 170 1.0
100 192 1.0
100 235 1.0
100 246 1.0
100 257 1.0
100 260 1.0
101 14 1.0
101 56 1.0
101 59 1.0
101 96 1.0
101 112 1.0
101 118 1.0
101 133 1.0
101 139 1.0
101 175 1.0
101 214 1.0
101 251 1.0
101 280 1.0
101 294 1.0
102 11 1.0
102 50 1.0
102 122 1.0
102 162 1.0
102 171 1.0
102 193 1.0
102 215 1.0
103 97 1.0
103 270 1.0
104 11 1.0
104 15 1.0
104 22 1.0
104 91 1.0
104 138 1.0
104 169 1.0
104 211 1.0
104 243 1.0
104 274 1.0
104 288 1.0
105 12 1.0
105 23 1.0
105 35 1.0
105 66 1.0
105 163 1.0
105 280 1.0
105 294 1.0
106 50 1.0
106 55 1.0
106 76 1.0
106 81 1.0
106 131 1.0
106 151 1.0
106 167 1.0
106 205 1.0
106 224 1.0
107 27 1.0
107 93 1.0
107 143 1.0
107 147 1.0
107 155 1.0
107 188 1.0
107 251 1.0
107 262 1.0
107 279 1.0
108 16 1.0
108 25 1.0
108 283 1.0
109 16 1.0
109 31 1.0
109 45 1.0
109 74 1.0
109 101 1.0
109 118 1.0
109 125 1.0
109 202 1.0
109 223 1.0
109 247 1.0
109 283 1.0
110 1 1.0
110 56 1.0
110 62 1.0
110 99 1.0
110 122 1.0
110 136 1.0
110 143 1.0
110 290 1.0
111 11 1.0
111 83 1.0
111 89 1.0
111 130 1.0
111 138 1.0
111 156 1.0
111 224 1.0
111 243 1.0
111 278 1.0
111 286 1.0
112 11 1.0
112 23 1.0
112 47 1.0
112 83 1.0
112 105 1.0
112 111 1.0
113 11 1.0
113 21 1.0
113 54 1.0
113 55 1.0
113 70 1.0
113 132 1.0
113 162 1.0
113 174 1.0
113 227 1.0
114 0 1.0
114 4 1.0
114 28 1.0
114 29 1.0
114 60 1.0
114 92 1.0
114 113 1.0
114 136 1.0
114 144 1.0
114 145 1.0
114 163 1.0
114 178 1.0
114 181 1.0
114 236 1.0
114 259 1.0
114 284 1.0
115 11 1.0
115 112 1.0
115 141 1.0
115 183 1.0
115 230 1.0
115 239 1.0
115 284 1.0
116 1 1.0
116 10 1.0
116 62 1.0
116 86 1.0
116 143 1.0
116 154 1.0
116 199 1.0
116 208 1.0
117 25 1.0
117 27 1.0
117 30 1.0
117 68 1.0
117 99 1.0
117 191 1.0
117 232 1.0
117 241 1.0
117 265 1.0
118 38 1.0
118 78 1.0
118 89 1.0
118 114 1.0
118 135 1.0
118 142 1.0
118 158 1.0
118 198 1.0
118 225 1.0
118 236 1.0
118 263 1.0
119 5 1.0
119 6 1.0
119 23 1.0
119 38 1.0
119 51 1.0
119 108 1.0
119 142 1.0
119 147 1.0
119 166 1.0
119 180 1.0
119 184 1.0
119 220 1.0
119 223 1.0
119 296 1.0
119 299 1.0
120 29 1.0
120 55 1.0
120 65 1.0
120 106 1.0
120 119 1.0
120 141 1.0
120 147 1.0
120 150 1.0
120 178 1.0
120 206 1.0
120 210 1.0
120 230 1.0
120 235 1.0
120 265 1.0
120 283 1.0
121 79 1.0
121 152 1.0
121 169 1.0
121 217 1.0
121 226 1.0
121 281 1.0
121 293 1.0
122 4 1.0
122 21 1.0
122 33 1.0
122 37 1.0
122 38 1.0
122 60 1.0
122 88 1.0
122 91 1.0
122 94 1.0
122 101 1.0
122 133 1.0
122 156 1.0
122 220 1.0
122 230 1.0
123 43 1.0
123 107 1.0
123 114 1.0
123 151 1.0
123 157 1.0
123 171 1.0
123 248 1.0
124 15 1.0
124 30 1.0
124 33 1.0
124 38 1.0
124 114 1.0
124 126 1.0
124 266 1.0
125 55 1.0
125 66 1.0
125 73 1.0
125 249 1.0
126 15 1.0
126 53 1.0
126 71 1.0
126 96 1.0
126 108 1.0
126 128 1.0
126 217 1.0
126 240 1.0
126 246 1.0
126 274 1.0
126 278 1.0
127 17 1.0
127 50 1.0
127 65 1.0
127 79 1.0
127 200 1.0
127 203 1.0
127 209 1.0
127 254 1.0
128 0 1.0
128 25 1.0
128 78 1.0
128 90 1.0
128 121 1.0
128 194 1.0
128 206 1.0
128 240 1.0
128 256 1.0
128 265 1.0
129 48 1.0
129 158 1.0
129 173 1.0
129 209 1.0
129 238 1.0
129 279 1.0
130 9 1.0
130 102 1.0
130 105 1.0
130 128 1.0
130 131 1.0
130 164 1.0
130 182 1.0
130 191 1.0
130 210 1.0
130 263 1.0
130 277 1.0
131 15 1.0
131 17 1.0
131 18 1.0
131 34 1.0
131 143 1.0
131 197 1.0
131 218 1.0
131 251 1.0
131 285 1.0
132 15 1.0
132 38 1.0
132 145 1.0
132 181 1.0
132 185 1.0
132 201 1.0
132 202 1.0
132 212 1.0
132 262 1.0
132 274 1.0
133 14 1.0
133 44 1.0
133 51 1.0
133 63 1.0
133 67 1.0
133 215 1.0
133 240 1.0
133 277 1.0
133 295 1.0
134 57 1.0
134 87 1.0
134 111 1.0
134 112 1.0
134 127 1.0
134 160 1.0
134 166 1.0
134 185 1.0
134 200 1.0
134 217 1.0
134 242 1.0
134 253 1.0
134 278 1.0
134 295 1.0
135 33 1.0
135 41 1.0
135 50 1.0
135 133 1.0
135 195 1.0
135 203 1.0
135 231 1.0
136 69 1.0
136 75 1.0
136 106 1.0
136 113 1.0
136 293 1.0
137 25 1.0
137 40 1.0
137 98 1.0
137 120 1.0
137 127 1.0
137 187 1.0
137 194 1.0
137 220 1.0
137 274 1.0
137 293 1.0
138 76 1.0
138 89 1.0
138 105 1.0
138 109 1.0
138 128 1.0
138 229 1.0
138 259 1.0
138 287 1.0
139 11 1.0
139 52 1.0
139 95 1.0
139 116 1.0
139 174 1.0
139 215 1.0
139 228 1.0
139 240 1.0
139 244 1.0
139 287 1.0
140 6 1.0
140 37 1.0
140 44 1.0
140 48 1.0
140 49 1.0
140 52 1.0
140 95 1.0
140 161 1.0
140 174 1.0
140 178 1.0
140 197 1.0
140 248 1.0
141 97 1.0
141 105 1.0
141 124 1.0
141 164 1.0
141 194 1.0
141 199 1.0
141 226 1.0
141 251 1.0
141 288 1.0
142 49 1.0
142 66 1.0
142 68 1.0
142 101 1.0
142 163 1.0
142 168 1.0
142 172 1.0
142 183 1.0
142 252 1.0
142 288 1.0
142 292 1.0
143 16 1.0
143 28 1.0
143 115 1.0
143 128 1.0
143 145 1.0
143 156 1.0
143 205 1.0
143 280 1.0
143 295 1.0
144 31 1.0
144 50 1.0
144 69 1.0
144 74 1.0
144 89 1.0
144 90 1.0
144 95 1.0
144 104 1.0
144 117 1.0
144 137 1.0
144 198 1.0
144 210 1.0
144 285 1.0
144 288 1.0
145 13 1.0
145 16 1.0
145 65 1.0
145 81 1.0
145 118 1.0
145 122 1.0
145 141 1.0
145 155 1.0
145 158 1.0
145 261 1.0
145 262 1.0
146 27 1.0
146 28 1.0
146 125 1.0
146 154 1.0
146 178 1.0
146 190 1.0
146 223 1.0
146 229 1.0
146 245 1.0
146 271 1.0
147 55 1.0
147 89 1.0
147 121 1.0
147 122 1.0
147 182 1.0
147 217 1.0
147 287 1.0
147 295 1.0
148 10 1.0
148 132 1.0
148 204 1.0
148 209 1.0
148 217 1.0
148 295 1.0
149 1 1.0
149 105 1.0
149 123 1.0
149 148 1.0
149 163 1.0
149 190 1.0
149 203 1.0
149 210 1.0
149 223 1.0
149 273 1.0
150 44 1.0
150 87 1.0
150 149 1.0
150 168 1.0
150 201 1.0
150 227 1.0
150 254 1.0
150 274 1.0
151 4 1.0
151 9 1.0
151 10 1.0
151 15 1.0
151 17 1.0
151 32 1.0
151 50 1.0
151 69 1.0
151 88 1.0
151 116 1.0
151 118 1.0
151 142 1.0
151 165 1.0
151 182 1.0
151 206 1.0
151 217 1.0
151 220 1.0
151 224 1.0
151 229 1.0
151 235 1.0
152 68 1.0
152 118 1.0
152 174 1.0
152 184 1.0
152 186 1.0
152 211 1.0
152 231 1.0
152 258 1.0
152 285 1.0
153 46 1.0
153 179 1.0
153 231 1.0
153 274 1.0
154 28 1.0
154 35 1.0
154 54 1.0
154 69 1.0
154 121 1.0
154 193 1.0
154 294 1.0
155 73 1.0
155 242 1.0
156 26 1.0
156 88 1.0
156 138 1.0
156 169 1.0
156 175 1.0
156 261 1.0
156 287 1.0
157 16 1.0
157 20 1.0
157 38 1.0
157 49 1.0
157 50 1.0
157 61 1.0
157 104 1.0
157 127 1.0
157 151 1.0
157 152 1.0
157 228 1.0
157 234 1.0
157 262 1.0
157 292 1.0
158 4 1.0
158 19 1.0
158 28 1.0
158 78 1.0
158 151 1.0
158 178 1.0
158 221 1.0
158 249 1.0
159 41 1.0
159 83 1.0
159 92 1.0
159 144 1.0
159 150 1.0
160 26 1.0
160 50 1.0
160 64 1.0
160 77 1.0
160 129 1.0
160 142 1.0
160 197 1.0
160 222 1.0
160 223 1.0
160 232 1.0
160 294 1.0
161 93 1.0
161 140 1.0
161 167 1.0
161 183 1.0
161 220 1.0
161 297 1.0
161 299 1.0
162 45 1.0
162 88 1.0
162 100 1.0
162 271 1.0
163 31 1.0
163 52 1.0
163 64 1.0
163 83 1.0
163 110 1.0
163 221 1.0
163 231 1.0
163 252 1.0
163 298 1.0
164 76 1.0
164 77 1.0
164 120 1.0
164 123 1.0
164 130 1.0
164 192 1.0
164 229 1.0
164 248 1.0
165 0 1.0
165 39 1.0
165 115 1.0
166 85 1.0
166 96 1.0
166 129 1.0
166 132 1.0
166 178 1.0
166 210 1.0
166 213 1.0
166 278 1.0
166 281 1.0
166 291 1.0
167 22 1.0
167 24 1.0
167 25 1.0
167 33 1.0
167 78 1.0
167 84 1.0
167 110 1.0
167 117 1.0
167 132 1.0
167 178 1.0
167 221 1.0
168 16 1.0
168 45 1.0
168 72 1.0
168 82 1.0
168 99 1.0
168 100 1.0
168 141 1.0
168 219 1.0
169 21 1.0
169 53 1.0
169 54 1.0
169 56 1.0
169 97 1.0
169 148 1.0
169 160 1.0
169 202 1.0
169 289 1.0
170 87 1.0
170 123 1.0
170 143 1.0
170 165 1.0
170 168 1.0
170 221 1.0
170 283 1.0
170 288 1.0
171 12 1.0
171 28 1.0
171 49 1.0
171 65 1.0
171 82 1.0
171 110 1.0
171 129 1.0
171 165 1.0
171 209 1.0
171 227 1.0
171 233 1.0
171 284 1.0
172 1 1.0
172 9 1.0
172 40 1.0
172 44 1.0
172 45 1.0
172 67 1.0
172 94 1.0
172 264 1.0
172 290 1.0
173 36 1.0
173 45 1.0
173 70 1.0
173 115 1.0
173 198 1.0
173 232 1.0
173 237 1.0
173 281 1.0
173 285 1.0
173 289 1.0
174 0 1.0
174 10 1.0
174 17 1.0
174 20 1.0
174 82 1.0
174 93 1.0
174 105 1.0
174 107 1.0
174 111 1.0
174 187 1.0
174 191 1.0
174 236 1.0
175 108 1.0
175 116 1.0
175 139 1.0
175 147 1.0
175 150 1.0
175 182 1.0
175 183 1.0
175 203 1.0
175 216 1.0
175 289 1.0
176 53 1.0
176 69 1.0
176 84 1.0
176 108 1.0
176 133 1.0
177 27 1.0
177 86 1.0
177 94 1.0
177 108 1.0
177 133 1.0
177 162 1.0
177 208 1.0
177 219 1.0
177 228 1.0
177 237 1.0
177 248 1.0
178 53 1.0
178 55 1.0
178 62 1.0
178 97 1.0
178 107 1.0
178 143 1.0
178 148 1.0
178 180 1.0
178 198 1.0
178 247 1.0
178 288 1.0
179 18 1.0
179 58 1.0
179 88 1.0
179 94 1.0
179 112 1.0
179 143 1.0
179 238 1.0
179 249 1.0
179 260 1.0
179 266 1.0
180 4 1.0
180 27 1.0
180 63 1.0
180 70 1.0
180 83 1.0
180 116 1.0
180 120 1.0
180 171 1.0
180 188 1.0
180 203 1.0
180 235 1.0
180 238 1.0
180 275 1.0
181 7 1.0
181 13 1.0
181 23 1.0
181 24 1.0
181 25 1.0
181 107 1.0
181 110 1.0
181 116 1.0
181 155 1.0
181 239 1.0
181 242 1.0
181 251 1.0
182 25 1.0
182 32 1.0
182 66 1.0
182 107 1.0
182 123 1.0
182 167 1.0
182 198 1.0
182 272 1.0
182 298 1.0
183 33 1.0
183 67 1.0
183 72 1.0
183 107 1.0
183 124 1.0
183 179 1.0
183 182 1.0
183 214 1.0
183 220 1.0
183 275 1.0
183 296 1.0
184 51 1.0
184 178 1.0
184 238 1.0
184 251 1.0
184 287 1.0
185 55 1.0
185 108 1.0
185 132 1.0
185 221 1.0
185 246 1.0
185 286 1.0
186 48 1.0
186 81 1.0
186 101 1.0
186 185 1.0
186 205 1.0
186 212 1.0
186 218 1.0
186 267 1.0
187 36 1.0
187 44 1.0
187 123 1.0
187 130 1.0
187 142 1.0
187 144 1.0
187 154 1.0
187 174 1.0
187 186 1.0
187 197 1.0
187 199 1.0
187 298 1.0
188 2 1.0
188 32 1.0
188 71 1.0
188 81 1.0
188 139 1.0
188 169 1.0
188 204 1.0
188 205 1.0
188 238 1.0
188 265 1.0
188 297 1.0
189 4 1.0
189 9 1.0
189 110 1.0
189 140 1.0
189 212 1.0
189 224 1.0
189 235 1.0
189 257 1.0
189 258 1.0
190 9 1.0
190 10 1.0
190 24 1.0
190 27 1.0
190 106 1.0
190 111 1.0
190 120 1.0
190 192 1.0
190 222 1.0
190 239 1.0
191 18 1.0
191 31 1.0
191 35 1.0
191 58 1.0
191 80 1.0
191 110 1.0
191 113 1.0
191 130 1.0
191 166 1.0
191 169 1.0
191 177 1.0
191 190 1.0
192 29 1.0
192 51 1.0
192 90 1.0
192 92 1.0
192 117 1.0
192 126 1.0
192 143 1.0
192 175 1.0
192 188 1.0
192 250 1.0
192 273 1.0
192 287 1.0
193 6 1.0
193 9 1.0
193 22 1.0
193 23 1.0
193 43 1.0
193 54 1.0
193 88 1.0
193 122 1.0
193 135 1.0
193 160 1.0
193 241 1.0
194 4 1.0
194 27 1.0
194 49 1.0
194 85 1.0
194 110 1.0
194 113 1.0
194 243 1.0
194 266 1.0
194 278 1.0
195 75 1.0
195 80 1.0
195 114 1.0
195 153 1.0
195 183 1.0
195 199 1.0
195 200 1.0
195 242 1.0
195 251 1.0
195 295 1.0
196 29 1.0
196 44 1.0
196 51 1.0
196 84 1.0
196 97 1.0
196 102 1.0
196 107 1.0
196 124 1.0
196 125 1.0
196 135 1.0
196 224 1.0
196 226 1.0
196 275 1.0
196 294 1.0
197 35 1.0
197 88 1.0
197 89 1.0
197 110 1.0
197 116 1.0
197 125 1.0
197 175 1.0
197 188 1.0
197 247 1.0
198 16 1.0
198 24 1.0
198 52 1.0
198 55 1.0
198 82 1.0
198 132 1.0
198 134 1.0
198 170 1.0
199 0 1.0
199 24 1.0
199 108 1.0
199 173 1.0
199 211 1.0
199 234 1.0
199 291 1.0
200 27 1.0
200 64 1.0
200 67 1.0
200 92 1.0
200 111 1.0
200 124 1.0
200 150 1.0
200 172 1.0
200 173 1.0
200 225 1.0
200 279 1.0
200 292 1.0
201 35 1.0
201 44 1.0
201 78 1.0
201 80 1.0
201 154 1.0
201 171 1.0
201 184 1.0
201 185 1.0
201 200 1.0
201 229 1.0
201 234 1.0
201 278 1.0
202 16 1.0
202 33 1.0
202 161 1.0
202 258 1.0
202 288 1.0
203 22 1.0
203 114 1.0
203 129 1.0
203 134 1.0
203 161 1.0
203 185 1.0
203 216 1.0
203 278 1.0
204 8 1.0
204 16 1.0
204 19 1.0
204 31 1.0
204 66 1.0
204 124 1.0
204 228 1.0
204 230 1.0
204 264 1.0
204 280 1.0
204 291 1.0
205 92 1.0
205 110 1.0
205 136 1.0
205 137 1.0
205 155 1.0
205 176 1.0
205 203 1.0
205 204 1.0
205 270 1.0
206 15 1.0
206 24 1.0
206 52 1.0
206 79 1.0
206 109 1.0
206 127 1.0
206 135 1.0
206 203 1.0
206 226 1.0
206 248 1.0
206 296 1.0
207 25 1.0
207 61 1.0
207 93 1.0
207 142 1.0
207 162 1.0
207 249 1.0
207 256 1.0
208 46 1.0
208 73 1.0
208 78 1.0
208 103 1.0
208 159 1.0
208 257 1.0
208 279 1.0
208 290 1.0
208 298 1.0
209 20 1.0
209 67 1.0
209 130 1.0
209 132 1.0
209 157 1.0
209 166 1.0
209 180 1.0
209 240 1.0
209 270 1.0
209 276 1.0
209 287 1.0
210 12 1.0
210 126 1.0
210 131 1.0
210 144 1.0
210 150 1.0
210 166 1.0
210 175 1.0
211 12 1.0
211 37 1.0
211 78 1.0
211 92 1.0
211 154 1.0
211 187 1.0
211 213 1.0
211 215 1.0
211 255 1.0
211 258 1.0
212 7 1.0
212 65 1.0
212 148 1.0
212 217 1.0
212 275 1.0
212 287 1.0
213 2 1.0
213 46 1.0
213 74 1.0
213 80 1.0
213 83 1.0
213 98 1.0
213 111 1.0
213 162 1.0
213 207 1.0
213 224 1.0
213 226 1.0
214 20 1.0
214 50 1.0
214 140 1.0
214 261 1.0
215 5 1.0
215 9 1.0
215 36 1.0
215 38 1.0
215 62 1.0
215 116 1.0
215 119 1.0
215 133 1.0
215 141 1.0
215 179 1.0
215 194 1.0
215 210 1.0
216 1 1.0
216 9 1.0
216 52 1.0
216 81 1.0
216 175 1.0
216 186 1.0
216 206 1.0
216 227 1.0
216 299 1.0
217 61 1.0
217 100 1.0
217 118 1.0
217 130 1.0
217 177 1.0
217 233 1.0
217 239 1.0
217 240 1.0
217 256 1.0
217 289 1.0
218 0 1.0
218 34 1.0
218 41 1.0
218 57 1.0
218 58 1.0
218 65 1.0
218 80 1.0
218 85 1.0
218 90 1.0
218 119 1.0
218 146 1.0
218 154 1.0
218 158 1.0
218 164 1.0
218 235 1.0
219 0 1.0
219 7 1.0
219 20 1.0
219 30 1.0
219 67 1.0
219 147 1.0
219 156 1.0
219 166 1.0
219 200 1.0
219 227 1.0
219 249 1.0
220 9 1.0
220 104 1.0
220 107 1.0
220 157 1.0
220 165 1.0
220 200 1.0
220 246 1.0
220 267 1.0
221 105 1.0
221 138 1.0
221 139 1.0
221 147 1.0
221 157 1.0
221 161 1.0
221 170 1.0
221 194 1.0
221 202 1.0
221 214 1.0
221 215 1.0
221 230 1.0
221 240 1.0
221 248 1.0
222 4 1.0
222 70 1.0
222 73 1.0
222 114 1.0
222 148 1.0
222 158 1.0
222 206 1.0
222 223 1.0
223 5 1.0
223 43 1.0
223 55 1.0
223 120 1.0
223 131 1.0
223 154 1.0
223 163 1.0
223 178 1.0
224 15 1.0
224 44 1.0
224 55 1.0
224 118 1.0
224 142 1.0
224 213 1.0
224 235 1.0
225 29 1.0
225 84 1.0
225 102 1.0
225 133 1.0
225 222 1.0
225 285 1.0
226 48 1.0
226 54 1.0
226 65 1.0
226 66 1.0
226 85 1.0
226 98 1.0
226 223 1.0
226 277 1.0
227 9 1.0
227 59 1.0
227 60 1.0
227 69 1.0
227 70 1.0
227 82 1.0
227 149 1.0
227 197 1.0
227 235 1.0
227 238 1.0
227 248 1.0
228 140 1.0
228 212 1.0
228 273 1.0
228 275 1.0
229 34 1.0
229 65 1.0
229 110 1.0
229 272 1.0
229 298 1.0
230 45 1.0
230 46 1.0
230 60 1.0
230 90 1.0
230 112 1.0
230 166 1.0
230 243 1.0
230 252 1.0
230 280 1.0
230 296 1.0
231 28 1.0
231 52 1.0
231 58 1.0
231 99 1.0
231 112 1.0
231 125 1.0
231 131 1.0
231 163 1.0
231 202 1.0
231 242 1.0
231 260 1.0
231 282 1.0
231 294 1.0
232 5 1.0
232 67 1.0
232 142 1.0
232 209 1.0
232 284 1.0
232 295 1.0
233 2 1.0
233 47 1.0
233 72 1.0
233 154 1.0
233 162 1.0
233 163 1.0
233 174 1.0
233 175 1.0
233 215 1.0
233 235 1.0
234 35 1.0
234 40 1.0
234 54 1.0
234 59 1.0
234 123 1.0
234 167 1.0
234 169 1.0
234 262 1.0
234 299 1.0
235 20 1.0
235 33 1.0
235 34 1.0
235 44 1.0
235 63 1.0
235 117 1.0
235 147 1.0
235 184 1.0
235 212 1.0
235 237 1.0
235 293 1.0
235 298 1.0
236 4 1.0
236 20 1.0
236 37 1.0
236 70 1.0
236 74 1.0
236 84 1.0
236 85 1.0
236 144 1.0
236 175 1.0
236 211 1.0
236 234 1.0
236 269 1.0
236 292 1.0
237 1 1.0
237 31 1.0
237 41 1.0
237 73 1.0
237 93 1.0
237 115 1.0
237 193 1.0
237 198 1.0
237 202 1.0
237 219 1.0
237 246 1.0
237 273 1.0
238 36 1.0
238 83 1.0
238 128 1.0
238 156 1.0
238 170 1.0
238 200 1.0
238 205 1.0
238 215 1.0
239 14 1.0
239 48 1.0
239 64 1.0
239 69 1.0
239 94 1.0
239 99 1.0
239 103 1.0
239 118 1.0
239 128 1.0
239 161 1.0
239 165 1.0
239 166 1.0
239 211 1.0
239 285 1.0
239 295 1.0
240 57 1.0
240 58 1.0
240 72 1.0
240 85 1.0
240 148 1.0
240 156 1.0
240 217 1.0
240 231 1.0
240 235 1.0
240 290 1.0
241 83 1.0
241 130 1.0
241 138 1.0
241 158 1.0
241 164 1.0
241 212 1.0
241 229 1.0
241 238 1.0
241 277 1.0
242 37 1.0
242 156 1.0
242 161 1.0
242 189 1.0
242 198 1.0
242 202 1.0
242 237 1.0
243 3 1.0
243 16 1.0
243 18 1.0
243 82 1.0
243 105 1.0
243 156 1.0
243 164 1.0
243 165 1.0
243 191 1.0
243 200 1.0
243 202 1.0
243 282 1.0
244 8 1.0
244 38 1.0
244 39 1.0
244 42 1.0
244 104 1.0
244 111 1.0
244 124 1.0
244 150 1.0
244 152 1.0
244 222 1.0
244 239 1.0
244 249 1.0
244 263 1.0
244 290 1.0
245 3 1.0
245 47 1.0
245 70 1.0
245 99 1.0
245 108 1.0
245 148 1.0
245 185 1.0
245 186 1.0
245 291 1.0
246 67 1.0
246 116 1.0
246 120 1.0
246 175 1.0
246 215 1.0
246 263 1.0
246 265 1.0
246 275 1.0
246 284 1.0
247 76 1.0
247 78 1.0
247 121 1.0
247 145 1.0
247 169 1.0
247 179 1.0
247 202 1.0
247 206 1.0
247 232 1.0
247 239 1.0
248 37 1.0
248 44 1.0
248 110 1.0
248 112 1.0
248 177 1.0
248 181 1.0
248 220 1.0
248 288 1.0
249 2 1.0
249 84 1.0
249 87 1.0
249 272 1.0
249 273 1.0
249 283 1.0
250 3 1.0
250 32 1.0
250 42 1.0
250 65 1.0
250 87 1.0
250 96 1.0
250 192 1.0
250 254 1.0
250 256 1.0
250 265 1.0
250 267 1.0
250 285 1.0
251 61 1.0
251 101 1.0
251 107 1.0
251 131 1.0
251 141 1.0
251 181 1.0
251 184 1.0
251 195 1.0
251 255 1.0
251 257 1.0
252 5 1.0
252 13 1.0
252 18 1.0
252 55 1.0
252 63 1.0
252 142 1.0
252 163 1.0
252 230 1.0
252 259 1.0
252 291 1.0
253 14 1.0
253 21 1.0
253 24 1.0
253 32 1.0
253 45 1.0
253 76 1.0
253 77 1.0
253 97 1.0
253 134 1.0
253 289 1.0
254 26 1.0
254 40 1.0
254 51 1.0
254 127 1.0
254 150 1.0
254 250 1.0
254 255 1.0
254 278 1.0
254 296 1.0
255 22 1.0
255 45 1.0
255 96 1.0
255 211 1.0
255 251 1.0
255 254 1.0
255 260 1.0
255 262 1.0
256 1 1.0
256 12 1.0
256 28 1.0
256 43 1.0
256 75 1.0
256 86 1.0
256 128 1.0
256 207 1.0
256 217 1.0
256 250 1.0
256 260 1.0
256 275 1.0
257 43 1.0
257 46 1.0
257 67 1.0
257 76 1.0
257 100 1.0
257 189 1.0
257 208 1.0
257 251 1.0
257 276 1.0
257 293 1.0
258 12 1.0
258 86 1.0
258 152 1.0
258 189 1.0
258 202 1.0
258 211 1.0
258 276 1.0
258 278 1.0
259 27 1.0
259 46 1.0
259 65 1.0
259 114 1.0
259 138 1.0
259 252 1.0
259 267 1.0
259 275 1.0
259 281 1.0
259 286 1.0
260 18 1.0
260 66 1.0
260 73 1.0
260 100 1.0
260 179 1.0
260 231 1.0
260 255 1.0
260 256 1.0
260 278 1.0
260 288 1.0
260 297 1.0
261 16 1.0
261 31 1.0
261 71 1.0
261 91 1.0
261 145 1.0
261 156 1.0
261 214 1.0
261 262 1.0
261 268 1.0
261 285 1.0
261 297 1.0
262 21 1.0
262 53 1.0
262 80 1.0
262 91 1.0
262 107 1.0
262 132 1.0
262 145 1.0
262 157 1.0
262 234 1.0
262 255 1.0
262 261 1.0
262 263 1.0
262 276 1.0
263 37 1.0
263 52 1.0
263 54 1.0
263 118 1.0
263 130 1.0
263 244 1.0
263 246 1.0
263 262 1.0
263 287 1.0
264 16 1.0
264 61 1.0
264 172 1.0
264 204 1.0
264 272 1.0
264 282 1.0
264 289 1.0
265 49 1.0
265 117 1.0
265 120 1.0
265 128 1.0
265 188 1.0
265 246 1.0
265 250 1.0
265 266 1.0
265 273 1.0
265 282 1.0
265 283 1.0
266 59 1.0
266 124 1.0
266 179 1.0
266 194 1.0
266 265 1.0
266 281 1.0
266 288 1.0
266 295 1.0
267 42 1.0
267 46 1.0
267 90 1.0
267 186 1.0
267 220 1.0
267 250 1.0
267 259 1.0
267 272 1.0
267 295 1.0
268 261 1.0
268 272 1.0
269 32 1.0
269 36 1.0
269 77 1.0
269 236 1.0
269 270 1.0
269 280 1.0
269 293 1.0
269 298 1.0
270 31 1.0
270 34 1.0
270 45 1.0
270 62 1.0
270 65 1.0
270 67 1.0
270 96 1.0
270 103 1.0
270 205 1.0
270 209 1.0
270 269 1.0
271 18 1.0
271 24 1.0
271 55 1.0
271 64 1.0
271 80 1.0
271 88 1.0
271 146 1.0
271 162 1.0
271 271 1.0
271 274 1.0
271 276 1.0
271 289 1.0
272 49 1.0
272 182 1.0
272 229 1.0
272 249 1.0
272 264 1.0
272 267 1.0
272 268 1.0
272 276 1.0
272 294 1.0
273 52 1.0
273 79 1.0
273 149 1.0
273 192 1.0
273 228 1.0
273 237 1.0
273 249 1.0
273 265 1.0
273 283 1.0
273 290 1.0
273 297 1.0
273 298 1.0
274 53 1.0
274 56 1.0
274 69 1.0
274 79 1.0
274 104 1.0
274 126 1.0
274 132 1.0
274 137 1.0
274 150 1.0
274 153 1.0
274 271 1.0
275 17 1.0
275 29 1.0
275 61 1.0
275 180 1.0
275 183 1.0
275 196 1.0
275 212 1.0
275 228 1.0
275 246 1.0
275 256 1.0
275 259 1.0
276 16 1.0
276 31 1.0
276 35 1.0
276 36 1.0
276 64 1.0
276 209 1.0
276 257 1.0
276 258 1.0
276 262 1.0
276 271 1.0
276 272 1.0
277 17 1.0
277 51 1.0
277 91 1.0
277 96 1.0
277 130 1.0
277 133 1.0
277 226 1.0
277 241 1.0
277 282 1.0
277 284 1.0
278 4 1.0
278 8 1.0
278 23 1.0
278 52 1.0
278 83 1.0
278 111 1.0
278 126 1.0
278 134 1.0
278 166 1.0
278 194 1.0
278 201 1.0
278 203 1.0
278 254 1.0
278 258 1.0
278 260 1.0
278 279 1.0
278 291 1.0
278 297 1.0
279 10 1.0
279 73 1.0
279 75 1.0
279 77 1.0
279 107 1.0
279 129 1.0
279 200 1.0
279 208 1.0
279 278 1.0
279 288 1.0
280 7 1.0
280 35 1.0
280 44 1.0
280 87 1.0
280 101 1.0
280 105 1.0
280 143 1.0
280 204 1.0
280 230 1.0
280 269 1.0
281 7 1.0
281 18 1.0
281 121 1.0
281 166 1.0
281 173 1.0
281 259 1.0
281 266 1.0
282 50 1.0
282 53 1.0
282 62 1.0
282 86 1.0
282 98 1.0
282 231 1.0
282 243 1.0
282 264 1.0
282 265 1.0
282 277 1.0
282 282 1.0
282 290 1.0
282 296 1.0
283 108 1.0
283 109 1.0
283 120 1.0
283 170 1.0
283 249 1.0
283 265 1.0
283 273 1.0
283 299 1.0
284 1 1.0
284 73 1.0
284 91 1.0
284 93 1.0
284 114 1.0
284 115 1.0
284 171 1.0
284 232 1.0
284 246 1.0
284 277 1.0
285 4 1.0
285 42 1.0
285 131 1.0
285 144 1.0
285 152 1.0
285 173 1.0
285 225 1.0
285 239 1.0
285 250 1.0
285 261 1.0
286 1 1.0
286 14 1.0
286 27 1.0
286 35 1.0
286 39 1.0
286 111 1.0
286 185 1.0
286 259 1.0
287 24 1.0
287 138 1.0
287 139 1.0
287 147 1.0
287 156 1.0
287 184 1.0
287 192 1.0
287 209 1.0
287 212 1.0
287 263 1.0
287 288 1.0
288 2 1.0
288 25 1.0
288 39 1.0
288 69 1.0
288 97 1.0
288 104 1.0
288 141 1.0
288 142 1.0
288 144 1.0
288 170 1.0
288 178 1.0
288 202 1.0
288 248 1.0
288 260 1.0
288 266 1.0
288 279 1.0
288 287 1.0
289 47 1.0
289 75 1.0
289 169 1.0
289 173 1.0
289 175 1.0
289 217 1.0
289 253 1.0
289 264 1.0
289 271 1.0
290 23 1.0
290 24 1.0
290 34 1.0
290 110 1.0
290 172 1.0
290 208 1.0
290 240 1.0
290 244 1.0
290 273 1.0
290 282 1.0
290 298 1.0
291 68 1.0
291 69 1.0
291 166 1.0
291 199 1.0
291 204 1.0
291 245 1.0
291 252 1.0
291 278 1.0
292 80 1.0
292 98 1.0
292 142 1.0
292 157 1.0
292 200 1.0
292 236 1.0
293 53 1.0
293 121 1.0
293 136 1.0
293 137 1.0
293 235 1.0
293 257 1.0
293 269 1.0
294 44 1.0
294 59 1.0
294 65 1.0
294 66 1.0
294 101 1.0
294 105 1.0
294 154 1.0
294 160 1.0
294 196 1.0
294 231 1.0
294 272 1.0
294 299 1.0
295 133 1.0
295 134 1.0
295 143 1.0
295 147 1.0
295 148 1.0
295 195 1.0
295 232 1.0
295 239 1.0
295 266 1.0
295 267 1.0
296 13 1.0
296 23 1.0
296 93 1.0
296 119 1.0
296 183 1.0
296 206 1.0
296 230 1.0
296 254 1.0
296 282 1.0
297 44 1.0
297 75 1.0
297 90 1.0
297 161 1.0
297 188 1.0
297 260 1.0
297 261 1.0
297 273 1.0
297 278 1.0
298 18 1.0
298 67 1.0
298 163 1.0
298 182 1.0
298 187 1.0
298 208 1.0
298 229 1.0
298 235 1.0
298 269 1.0
298 273 1.0
298 290 1.0
299 25 1.0
299 119 1.0
299 161 1.0
299 216 1.0
299 234 1.0
299 283 1.0
299 294 1.0
