0 10 1.0
0 46 1.0
0 73 1.0
0 104 1.0
0 231 1.0
0 242 1.0
0 297 1.0
1 53 1.0
1 106 1.0
1 110 1.0
1 142 1.0
1 145 1.0
1 209 1.0
1 246 1.0
2 40 1.0
2 100 1.0
2 136 1.0
2 191 1.0
2 207 1.0
2 269 1.0
2 273 1.0
3 14 1.0
3 44 1.0
3 69 1.0
3 200 1.0
4 24 1.0
4 39 1.0
4 211 1.0
4 235 1.0
4 265 1.0
5 26 1.0
5 37 1.0
5 150 1.0
5 152 1.0
5 190 1.0
5 220 1.0
5 260 1.0
5 282 1.0
6 10 1.0
6 44 1.0
6 99 1.0
6 193 1.0
6 231 1.0
6 247 1.0
6 269 1.0
7 49 1.0
7 56 1.0
7 190 1.0
7 209 1.0
7 259 1.0
7 290 1.0
8 5 1.0
8 6 1.0
8 27 1.0
8 43 1.0
8 131 1.0
8 211 1.0
8 280 1.0
9 41 1.0
9 88 1.0
9 120 1.0
9 162 1.0
9 178 1.0
9 193 1.0
9 210 1.0
9 237 1.0
10 119 1.0
10 144 1.0
10 149 1.0
10 188 1.0
10 212 1.0
10 251 1.0
10 288 1.0
10 296 1.0
11 61 1.0
11 88 1.0
11 186 1.0
11 244 1.0
11 275 1.0
12 14 1.0
12 92 1.0
12 95 1.0
12 149 1.0
12 209 1.0
12 233 1.0
12 239 1.0
12 262 1.0
12 277 1.0
13 55 1.0
13 65 1.0
13 66 1.0
13 71 1.0
13 93 1.0
13 128 1.0
13 189 1.0
13 222 1.0
13 291 1.0
13 293 1.0
14 53 1.0
14 76 1.0
14 135 1.0
14 141 1.0
14 161 1.0
14 170 1.0
14 182 1.0
14 207 1.0
14 255 1.0
14 263 1.0
15 27 1.0
15 65 1.0
15 167 1.0
15 285 1.0
16 20 1.0
16 26 1.0
16 82 1.0
16 160 1.0
16 168 1.0
16 184 1.0
16 256 1.0
16 280 1.0
16 294 1.0
17 140 1.0
17 225 1.0
17 255 1.0
17 293 1.0
18 48 1.0
18 128 1.0
18 129 1.0
18 204 1.0
18 226 1.0
19 12 1.0
19 35 1.0
19 49 1.0
19 142 1.0
19 175 1.0
19 177 1.0
19 187 1.0
19 220 1.0
19 281 1.0
20 9 1.0
20 39 1.0
20 111 1.0
20 181 1.0
20 203 1.0
20 206 1.0
20 209 1.0
20 273 1.0
21 42 1.0
21 89 1.0
21 94 1.0
21 185 1.0
21 209 1.0
21 216 1.0
21 246 1.0
21 286 1.0
21 292 1.0
22 8 1.0
22 13 1.0
22 120 1.0
22 138 1.0
22 141 1.0
22 195 1.0
22 230 1.0
22 258 1.0
22 271 1.0
23 2 1.0
23 76 1.0
23 78 1.0
23 88 1.0
23 110 1.0
23 196 1.0
23 241 1.0
23 281 1.0
24 8 1.0
24 49 1.0
24 172 1.0
24 209 1.0
24 223 1.0
24 260 1.0
24 289 1.0
25 42 1.0
25 55 1.0
25 64 1.0
25 78 1.0
25 102 1.0
25 217 1.0
25 254 1.0
25 279 1.0
26 69 1.0
26 83 1.0
26 103 1.0
26 120 1.0
26 222 1.0
26 258 1.0
26 269 1.0
26 293 1.0
27 19 1.0
27 26 1.0
27 89 1.0
27 121 1.0
27 231 1.0
28 11 1.0
28 14 1.0
28 17 1.0
28 20 1.0
28 39 1.0
28 75 1.0
28 76 1.0
28 116 1.0
28 127 1.0
28 153 1.0
28 192 1.0
28 216 1.0
28 266 1.0
28 283 1.0
28 295 1.0
29 6 1.0
29 73 1.0
29 116 1.0
29 166 1.0
29 212 1.0
29 240 1.0
29 290 1.0
30 100 1.0
30 205 1.0
30 224 1.0
30 271 1.0
31 43 1.0
31 129 1.0
31 160 1.0
31 177 1.0
31 281 1.0
31 292 1.0
32 35 1.0
32 78 1.0
32 96 1.0
33 20 1.0
33 94 1.0
33 124 1.0
33 182 1.0
33 188 1.0
33 215 1.0
33 248 1.0
33 288 1.0
33 290 1.0
34 29 1.0
34 60 1.0
34 130 1.0
34 178 1.0
34 212 1.0
34 257 1.0
35 45 1.0
35 117 1.0
35 213 1.0
35 258 1.0
35 270 1.0
35 285 1.0
35 289 1.0
35 296 1.0
36 4 1.0
36 94 1.0
36 123 1.0
36 141 1.0
36 159 1.0
36 166 1.0
36 178 1.0
36 185 1.0
36 229 1.0
37 42 1.0
37 85 1.0
37 105 1.0
37 205 1.0
37 208 1.0
37 270 1.0
38 14 1.0
38 74 1.0
38 117 1.0
38 167 1.0
38 242 1.0
39 14 1.0
39 29 1.0
39 137 1.0
39 205 1.0
40 4 1.0
40 71 1.0
40 128 1.0
40 147 1.0
40 231 1.0
40 238 1.0
40 279 1.0
41 207 1.0
41 264 1.0
41 295 1.0
42 0 1.0
42 70 1.0
42 121 1.0
42 174 1.0
42 175 1.0
42 176 1.0
42 259 1.0
43 71 1.0
43 119 1.0
43 141 1.0
43 143 1.0
43 152 1.0
43 170 1.0
43 201 1.0
43 220 1.0
43 224 1.0
43 271 1.0
44 140 1.0
44 159 1.0
44 165 1.0
44 218 1.0
44 269 1.0
44 287 1.0
45 1 1.0
45 14 1.0
45 30 1.0
45 61 1.0
45 154 1.0
45 160 1.0
45 181 1.0
45 281 1.0
45 284 1.0
45 290 1.0
46 7 1.0
46 32 1.0
46 40 1.0
46 84 1.0
46 135 1.0
46 162 1.0
46 196 1.0
46 232 1.0
46 235 1.0
46 250 1.0
46 299 1.0
47 87 1.0
47 124 1.0
47 155 1.0
47 206 1.0
47 286 1.0
48 22 1.0
48 52 1.0
48 128 1.0
48 169 1.0
48 231 1.0
48 273 1.0
49 89 1.0
49 107 1.0
49 141 1.0
49 206 1.0
49 235 1.0
49 254 1.0
49 271 1.0
50 26 1.0
50 39 1.0
50 101 1.0
50 158 1.0
50 195 1.0
50 207 1.0
50 234 1.0
50 252 1.0
50 261 1.0
51 39 1.0
51 46 1.0
51 170 1.0
51 196 1.0
51 245 1.0
51 254 1.0
51 298 1.0
52 36 1.0
52 75 1.0
52 204 1.0
52 211 1.0
52 213 1.0
52 241 1.0
52 280 1.0
53 32 1.0
53 70 1.0
53 121 1.0
53 124 1.0
53 144 1.0
53 275 1.0
54 5 1.0
54 27 1.0
54 131 1.0
54 136 1.0
54 202 1.0
54 273 1.0
54 289 1.0
55 117 1.0
55 122 1.0
55 140 1.0
55 147 1.0
55 159 1.0
55 180 1.0
55 208 1.0
55 209 1.0
55 262 1.0
56 13 1.0
56 37 1.0
56 92 1.0
56 163 1.0
56 235 1.0
56 250 1.0
57 26 1.0
57 114 1.0
57 180 1.0
57 244 1.0
57 288 1.0
58 30 1.0
58 67 1.0
58 141 1.0
58 222 1.0
58 274 1.0
58 295 1.0
59 8 1.0
59 34 1.0
59 39 1.0
59 55 1.0
59 82 1.0
59 115 1.0
59 147 1.0
59 239 1.0
59 242 1.0
60 28 1.0
60 39 1.0
60 57 1.0
60 114 1.0
60 200 1.0
60 214 1.0
60 245 1.0
60 269 1.0
60 291 1.0
61 16 1.0
61 87 1.0
61 115 1.0
61 117 1.0
61 140 1.0
61 197 1.0
62 16 1.0
62 19 1.0
62 34 1.0
62 54 1.0
62 154 1.0
62 166 1.0
62 169 1.0
62 178 1.0
62 201 1.0
63 87 1.0
63 95 1.0
63 97 1.0
63 122 1.0
63 204 1.0
63 225 1.0
63 254 1.0
63 267 1.0
63 286 1.0
63 295 1.0
64 6 1.0
64 65 1.0
64 109 1.0
64 117 1.0
64 208 1.0
64 250 1.0
64 295 1.0
65 11 1.0
65 133 1.0
65 164 1.0
65 177 1.0
66 49 1.0
66 94 1.0
66 95 1.0
66 136 1.0
66 153 1.0
66 155 1.0
66 189 1.0
66 205 1.0
66 212 1.0
66 221 1.0
67 33 1.0
67 106 1.0
67 120 1.0
67 151 1.0
67 152 1.0
67 167 1.0
67 217 1.0
67 230 1.0
67 238 1.0
67 267 1.0
68 2 1.0
68 57 1.0
68 120 1.0
68 123 1.0
68 282 1.0
68 298 1.0
69 2 1.0
69 85 1.0
69 118 1.0
69 120 1.0
69 207 1.0
70 40 1.0
70 128 1.0
70 156 1.0
70 182 1.0
70 198 1.0
71 16 1.0
71 44 1.0
71 47 1.0
71 95 1.0
71 147 1.0
71 149 1.0
71 199 1.0
71 284 1.0
71 297 1.0
72 23 1.0
72 64 1.0
72 69 1.0
72 70 1.0
72 87 1.0
72 97 1.0
72 150 1.0
72 151 1.0
72 192 1.0
72 197 1.0
72 265 1.0
72 267 1.0
72 294 1.0
73 17 1.0
73 21 1.0
73 26 1.0
73 124 1.0
73 180 1.0
73 185 1.0
73 289 1.0
74 5 1.0
74 25 1.0
74 58 1.0
74 71 1.0
74 87 1.0
74 100 1.0
74 167 1.0
74 191 1.0
74 250 1.0
74 281 1.0
75 25 1.0
75 46 1.0
75 271 1.0
76 35 1.0
76 44 1.0
76 97 1.0
76 203 1.0
77 21 1.0
77 42 1.0
77 59 1.0
77 125 1.0
77 170 1.0
77 298 1.0
78 41 1.0
78 68 1.0
78 84 1.0
78 107 1.0
78 114 1.0
78 166 1.0
78 174 1.0
78 193 1.0
78 231 1.0
78 239 1.0
78 259 1.0
79 56 1.0
79 120 1.0
79 216 1.0
79 232 1.0
79 299 1.0
80 269 1.0
80 275 1.0
80 280 1.0
81 10 1.0
81 48 1.0
81 71 1.0
81 92 1.0
81 135 1.0
81 137 1.0
81 175 1.0
81 190 1.0
81 286 1.0
82 14 1.0
82 43 1.0
82 120 1.0
82 152 1.0
82 169 1.0
82 185 1.0
82 267 1.0
82 276 1.0
83 34 1.0
83 176 1.0
83 223 1.0
83 247 1.0
83 250 1.0
83 264 1.0
83 284 1.0
84 89 1.0
84 145 1.0
84 277 1.0
84 289 1.0
85 57 1.0
85 117 1.0
85 178 1.0
85 221 1.0
85 231 1.0
85 239 1.0
86 49 1.0
86 103 1.0
86 110 1.0
86 157 1.0
86 185 1.0
86 195 1.0
86 198 1.0
86 245 1.0
87 32 1.0
87 115 1.0
87 130 1.0
87 260 1.0
88 73 1.0
88 111 1.0
88 167 1.0
88 266 1.0
88 284 1.0
89 51 1.0
89 154 1.0
90 45 1.0
90 80 1.0
90 115 1.0
90 166 1.0
90 176 1.0
90 209 1.0
90 255 1.0
90 260 1.0
91 13 1.0
91 20 1.0
91 29 1.0
91 41 1.0
91 68 1.0
91 147 1.0
91 196 1.0
91 197 1.0
91 209 1.0
92 104 1.0
92 121 1.0
92 133 1.0
92 141 1.0
92 171 1.0
92 197 1.0
92 248 1.0
93 36 1.0
93 59 1.0
93 120 1.0
93 141 1.0
93 149 1.0
93 160 1.0
93 207 1.0
93 217 1.0
93 297 1.0
94 57 1.0
94 86 1.0
94 93 1.0
94 105 1.0
94 108 1.0
94 119 1.0
94 243 1.0
94 293 1.0
95 58 1.0
95 133 1.0
95 143 1.0
95 193 1.0
95 223 1.0
95 239 1.0
95 252 1.0
95 272 1.0
96 0 1.0
96 3 1.0
96 90 1.0
96 103 1.0
97 46 1.0
97 177 1.0
97 179 1.0
97 191 1.0
97 207 1.0
97 208 1.0
97 298 1.0
98 61 1.0
98 62 1.0
98 161 1.0
98 172 1.0
98 206 1.0
98 229 1.0
98 236 1.0
98 258 1.0
98 259 1.0
98 292 1.0
98 293 1.0
99 30 1.0
99 80 1.0
99 124 1.0
99 151 1.0
99 189 1.0
99 207 1.0
99 257 1.0
100 10 1.0
100 50 1.0
100 90 1.0
100 181 1.0
100 201 1.0
100 222 1.0
100 279 1.0
100 290 1.0
100 293 1.0
101 51 1.0
101 87 1.0
101 137 1.0
101 171 1.0
101 209 1.0
101 240 1.0
101 270 1.0
101 274 1.0
102 42 1.0
102 101 1.0
102 105 1.0
102 128 1.0
102 146 1.0
102 197 1.0
102 213 1.0
102 242 1.0
102 255 1.0
102 294 1.0
103 52 1.0
103 154 1.0
103 189 1.0
103 198 1.0
103 235 1.0
104 7 1.0
104 69 1.0
104 70 1.0
104 84 1.0
104 138 1.0
104 172 1.0
104 203 1.0
104 277 1.0
105 4 1.0
105 8 1.0
105 93 1.0
105 101 1.0
105 117 1.0
106 18 1.0
106 19 1.0
106 63 1.0
106 97 1.0
106 101 1.0
106 141 1.0
106 167 1.0
106 172 1.0
106 200 1.0
106 240 1.0
107 8 1.0
107 34 1.0
107 52 1.0
107 111 1.0
107 155 1.0
107 247 1.0
107 254 1.0
107 255 1.0
107 282 1.0
108 106 1.0
108 178 1.0
108 211 1.0
108 240 1.0
109 95 1.0
109 126 1.0
109 140 1.0
109 202 1.0
109 204 1.0
109 237 1.0
109 270 1.0
110 139 1.0
110 155 1.0
111 25 1.0
111 54 1.0
111 145 1.0
111 147 1.0
111 188 1.0
111 218 1.0
112 24 1.0
112 110 1.0
112 142 1.0
112 148 1.0
112 170 1.0
112 206 1.0
113 91 1.0
113 141 1.0
113 181 1.0
113 282 1.0
114 14 1.0
114 41 1.0
114 164 1.0
114 232 1.0
115 8 1.0
115 23 1.0
115 25 1.0
115 70 1.0
115 216 1.0
115 217 1.0
115 261 1.0
116 111 1.0
116 163 1.0
116 183 1.0
116 264 1.0
117 55 1.0
117 71 1.0
117 100 1.0
117 113 1.0
117 126 1.0
117 222 1.0
117 235 1.0
117 278 1.0
117 287 1.0
117 295 1.0
118 7 1.0
118 153 1.0
118 191 1.0
119 8 1.0
119 13 1.0
119 31 1.0
119 61 1.0
119 94 1.0
119 99 1.0
119 100 1.0
119 107 1.0
119 118 1.0
119 191 1.0
119 224 1.0
119 279 1.0
120 55 1.0
120 87 1.0
120 111 1.0
120 144 1.0
120 171 1.0
120 176 1.0
120 237 1.0
120 266 1.0
120 273 1.0
121 16 1.0
121 48 1.0
121 52 1.0
121 103 1.0
121 114 1.0
121 122 1.0
121 129 1.0
121 163 1.0
121 214 1.0
121 219 1.0
121 258 1.0
122 51 1.0
122 98 1.0
122 129 1.0
122 151 1.0
122 171 1.0
122 184 1.0
122 280 1.0
123 40 1.0
123 81 1.0
123 88 1.0
123 211 1.0
123 212 1.0
124 42 1.0
124 83 1.0
124 112 1.0
124 113 1.0
124 150 1.0
124 159 1.0
124 168 1.0
124 215 1.0
124 277 1.0
124 287 1.0
125 25 1.0
125 49 1.0
125 74 1.0
125 103 1.0
125 199 1.0
125 212 1.0
125 217 1.0
125 250 1.0
125 262 1.0
126 42 1.0
126 87 1.0
126 120 1.0
126 123 1.0
126 134 1.0
126 249 1.0
127 9 1.0
127 34 1.0
127 167 1.0
127 241 1.0
127 257 1.0
127 262 1.0
128 33 1.0
128 51 1.0
128 105 1.0
128 171 1.0
128 179 1.0
128 287 1.0
129 8 1.0
129 58 1.0
129 127 1.0
129 140 1.0
129 171 1.0
129 187 1.0
129 235 1.0
129 236 1.0
129 248 1.0
130 7 1.0
130 18 1.0
130 43 1.0
130 107 1.0
130 268 1.0
130 278 1.0
130 298 1.0
131 8 1.0
131 12 1.0
131 95 1.0
131 173 1.0
131 174 1.0
131 272 1.0
132 12 1.0
132 77 1.0
132 119 1.0
132 137 1.0
132 208 1.0
132 209 1.0
132 267 1.0
132 272 1.0
132 283 1.0
133 56 1.0
133 77 1.0
133 93 1.0
133 115 1.0
133 145 1.0
133 159 1.0
133 258 1.0
133 289 1.0
133 294 1.0
134 1 1.0
134 9 1.0
134 16 1.0
134 78 1.0
134 84 1.0
134 108 1.0
134 128 1.0
134 215 1.0
134 225 1.0
134 246 1.0
134 254 1.0
135 71 1.0
135 81 1.0
135 122 1.0
135 175 1.0
135 222 1.0
136 10 1.0
136 20 1.0
136 22 1.0
136 32 1.0
136 126 1.0
136 144 1.0
136 225 1.0
136 240 1.0
136 274 1.0
137 35 1.0
137 51 1.0
137 54 1.0
137 102 1.0
137 160 1.0
137 175 1.0
137 196 1.0
137 279 1.0
138 26 1.0
138 114 1.0
138 157 1.0
138 192 1.0
138 241 1.0
138 257 1.0
138 288 1.0
139 87 1.0
139 92 1.0
139 134 1.0
139 147 1.0
139 172 1.0
139 188 1.0
139 193 1.0
139 200 1.0
139 208 1.0
139 212 1.0
139 245 1.0
140 2 1.0
140 50 1.0
140 157 1.0
140 287 1.0
141 94 1.0
141 111 1.0
141 147 1.0
141 162 1.0
141 165 1.0
142 102 1.0
142 106 1.0
142 146 1.0
142 193 1.0
142 216 1.0
142 227 1.0
142 254 1.0
143 118 1.0
143 205 1.0
143 252 1.0
143 268 1.0
144 4 1.0
144 75 1.0
144 85 1.0
144 122 1.0
144 130 1.0
144 137 1.0
144 179 1.0
144 218 1.0
144 254 1.0
144 259 1.0
144 267 1.0
145 39 1.0
145 80 1.0
145 115 1.0
145 120 1.0
145 141 1.0
145 146 1.0
145 175 1.0
145 180 1.0
145 187 1.0
145 197 1.0
145 221 1.0
145 271 1.0
145 276 1.0
145 282 1.0
146 59 1.0
146 84 1.0
146 85 1.0
146 169 1.0
146 181 1.0
146 272 1.0
147 14 1.0
147 24 1.0
147 187 1.0
147 234 1.0
147 248 1.0
147 253 1.0
148 34 1.0
148 51 1.0
148 78 1.0
148 123 1.0
148 235 1.0
148 286 1.0
148 289 1.0
149 21 1.0
149 91 1.0
149 158 1.0
149 226 1.0
150 199 1.0
150 214 1.0
151 41 1.0
151 152 1.0
151 163 1.0
151 170 1.0
151 230 1.0
152 0 1.0
152 5 1.0
152 28 1.0
152 46 1.0
152 84 1.0
152 93 1.0
152 215 1.0
152 233 1.0
153 13 1.0
153 77 1.0
153 87 1.0
153 90 1.0
153 127 1.0
153 156 1.0
153 168 1.0
153 190 1.0
153 282 1.0
154 27 1.0
154 115 1.0
154 134 1.0
154 142 1.0
154 189 1.0
154 210 1.0
154 247 1.0
155 86 1.0
155 108 1.0
155 131 1.0
155 136 1.0
155 157 1.0
155 159 1.0
155 163 1.0
155 273 1.0
155 292 1.0
156 116 1.0
156 119 1.0
156 150 1.0
156 173 1.0
156 216 1.0
156 274 1.0
156 294 1.0
157 30 1.0
157 37 1.0
157 176 1.0
157 209 1.0
157 227 1.0
158 68 1.0
158 108 1.0
158 111 1.0
158 173 1.0
158 214 1.0
159 89 1.0
159 90 1.0
159 167 1.0
159 186 1.0
159 191 1.0
159 203 1.0
159 207 1.0
159 216 1.0
159 219 1.0
159 229 1.0
159 285 1.0
160 178 1.0
160 226 1.0
160 235 1.0
160 270 1.0
160 283 1.0
161 0 1.0
161 8 1.0
161 146 1.0
161 151 1.0
161 201 1.0
161 271 1.0
162 86 1.0
162 105 1.0
162 221 1.0
162 233 1.0
162 254 1.0
162 281 1.0
162 293 1.0
163 42 1.0
163 75 1.0
163 87 1.0
163 89 1.0
163 210 1.0
163 216 1.0
163 241 1.0
163 243 1.0
163 296 1.0
164 13 1.0
164 43 1.0
164 56 1.0
164 62 1.0
164 159 1.0
164 236 1.0
165 42 1.0
165 50 1.0
165 55 1.0
165 141 1.0
165 216 1.0
165 263 1.0
165 265 1.0
166 77 1.0
166 124 1.0
166 163 1.0
166 218 1.0
167 18 1.0
167 80 1.0
167 104 1.0
167 170 1.0
167 216 1.0
168 1 1.0
168 17 1.0
168 29 1.0
168 34 1.0
168 43 1.0
168 60 1.0
168 72 1.0
168 99 1.0
168 152 1.0
168 170 1.0
168 173 1.0
168 264 1.0
168 265 1.0
168 275 1.0
169 8 1.0
169 10 1.0
169 115 1.0
169 119 1.0
169 167 1.0
169 206 1.0
169 247 1.0
169 262 1.0
169 264 1.0
169 291 1.0
170 45 1.0
170 194 1.0
170 218 1.0
170 261 1.0
171 132 1.0
171 164 1.0
171 169 1.0
171 172 1.0
171 194 1.0
171 268 1.0
171 284 1.0
172 102 1.0
172 255 1.0
173 12 1.0
173 116 1.0
173 126 1.0
173 136 1.0
173 139 1.0
173 251 1.0
174 19 1.0
174 43 1.0
174 102 1.0
174 110 1.0
174 143 1.0
174 175 1.0
174 189 1.0
174 200 1.0
174 248 1.0
175 0 1.0
175 13 1.0
175 24 1.0
175 90 1.0
175 248 1.0
175 272 1.0
176 22 1.0
176 42 1.0
176 57 1.0
176 111 1.0
176 117 1.0
176 159 1.0
176 165 1.0
176 170 1.0
176 185 1.0
176 191 1.0
176 202 1.0
176 214 1.0
176 253 1.0
176 259 1.0
177 12 1.0
177 101 1.0
177 119 1.0
177 242 1.0
177 265 1.0
177 292 1.0
178 83 1.0
178 99 1.0
178 111 1.0
178 159 1.0
178 210 1.0
179 1 1.0
179 58 1.0
179 160 1.0
179 190 1.0
180 51 1.0
180 59 1.0
180 159 1.0
180 240 1.0
180 244 1.0
180 245 1.0
181 6 1.0
181 8 1.0
181 25 1.0
181 53 1.0
181 80 1.0
181 126 1.0
181 138 1.0
181 143 1.0
181 207 1.0
181 208 1.0
181 212 1.0
181 218 1.0
182 1 1.0
182 41 1.0
182 95 1.0
182 180 1.0
182 202 1.0
182 232 1.0
182 242 1.0
183 13 1.0
183 14 1.0
183 69 1.0
183 80 1.0
183 83 1.0
183 127 1.0
183 143 1.0
184 45 1.0
184 111 1.0
184 188 1.0
184 205 1.0
184 213 1.0
184 222 1.0
184 270 1.0
184 271 1.0
184 297 1.0
185 67 1.0
185 70 1.0
185 95 1.0
185 123 1.0
185 167 1.0
185 187 1.0
185 222 1.0
185 251 1.0
185 288 1.0
186 38 1.0
186 42 1.0
186 50 1.0
186 51 1.0
186 53 1.0
186 55 1.0
186 56 1.0
186 79 1.0
186 115 1.0
186 120 1.0
186 146 1.0
186 151 1.0
186 158 1.0
186 170 1.0
186 248 1.0
186 286 1.0
186 287 1.0
187 46 1.0
187 92 1.0
187 152 1.0
187 160 1.0
187 225 1.0
187 247 1.0
187 266 1.0
188 19 1.0
188 54 1.0
188 174 1.0
188 204 1.0
188 231 1.0
188 297 1.0
189 8 1.0
189 10 1.0
189 76 1.0
189 110 1.0
189 147 1.0
189 167 1.0
189 296 1.0
190 6 1.0
190 42 1.0
190 43 1.0
190 67 1.0
190 186 1.0
191 25 1.0
191 136 1.0
191 226 1.0
191 283 1.0
192 59 1.0
192 66 1.0
192 194 1.0
192 208 1.0
192 277 1.0
192 296 1.0
193 38 1.0
193 71 1.0
193 160 1.0
193 172 1.0
193 199 1.0
193 213 1.0
193 240 1.0
194 67 1.0
194 135 1.0
194 149 1.0
194 242 1.0
194 285 1.0
195 6 1.0
195 20 1.0
195 33 1.0
195 228 1.0
195 243 1.0
195 251 1.0
196 2 1.0
196 13 1.0
196 22 1.0
196 88 1.0
196 109 1.0
196 138 1.0
197 59 1.0
197 64 1.0
197 86 1.0
197 146 1.0
197 172 1.0
197 266 1.0
198 78 1.0
198 91 1.0
198 110 1.0
198 221 1.0
198 247 1.0
198 264 1.0
199 106 1.0
199 131 1.0
199 146 1.0
199 157 1.0
199 163 1.0
199 257 1.0
200 73 1.0
200 222 1.0
200 234 1.0
200 267 1.0
201 52 1.0
201 86 1.0
201 106 1.0
201 115 1.0
201 188 1.0
201 224 1.0
201 246 1.0
202 61 1.0
202 138 1.0
202 140 1.0
202 161 1.0
202 214 1.0
203 0 1.0
203 9 1.0
203 223 1.0
203 257 1.0
204 120 1.0
204 147 1.0
204 158 1.0
204 216 1.0
204 232 1.0
204 281 1.0
205 120 1.0
205 187 1.0
206 12 1.0
206 31 1.0
206 91 1.0
206 180 1.0
206 188 1.0
206 261 1.0
207 13 1.0
207 41 1.0
207 73 1.0
207 221 1.0
207 266 1.0
208 1 1.0
208 77 1.0
208 85 1.0
208 86 1.0
208 175 1.0
208 183 1.0
208 258 1.0
208 267 1.0
208 277 1.0
209 24 1.0
209 70 1.0
209 195 1.0
209 243 1.0
210 20 1.0
210 131 1.0
210 157 1.0
210 206 1.0
210 235 1.0
210 247 1.0
210 288 1.0
210 291 1.0
210 298 1.0
211 14 1.0
211 39 1.0
211 64 1.0
211 201 1.0
211 205 1.0
211 240 1.0
211 279 1.0
211 288 1.0
212 26 1.0
212 58 1.0
212 62 1.0
212 121 1.0
212 128 1.0
212 149 1.0
212 188 1.0
212 261 1.0
213 148 1.0
213 210 1.0
213 216 1.0
213 245 1.0
213 265 1.0
214 60 1.0
214 71 1.0
214 72 1.0
214 162 1.0
214 173 1.0
214 183 1.0
214 244 1.0
214 268 1.0
215 92 1.0
215 101 1.0
215 165 1.0
215 178 1.0
215 212 1.0
215 218 1.0
215 233 1.0
216 20 1.0
216 34 1.0
216 68 1.0
216 113 1.0
216 135 1.0
216 167 1.0
216 191 1.0
216 244 1.0
216 248 1.0
217 10 1.0
217 15 1.0
217 42 1.0
217 83 1.0
217 178 1.0
217 225 1.0
217 236 1.0
217 243 1.0
217 253 1.0
217 267 1.0
218 37 1.0
218 69 1.0
218 102 1.0
218 159 1.0
218 174 1.0
219 27 1.0
219 41 1.0
219 58 1.0
219 143 1.0
219 254 1.0
219 272 1.0
220 21 1.0
220 47 1.0
220 56 1.0
220 92 1.0
220 102 1.0
220 144 1.0
220 222 1.0
220 228 1.0
220 238 1.0
221 48 1.0
221 110 1.0
221 187 1.0
221 222 1.0
221 230 1.0
221 252 1.0
221 268 1.0
221 299 1.0
222 48 1.0
222 56 1.0
222 117 1.0
222 120 1.0
223 29 1.0
223 62 1.0
223 94 1.0
223 115 1.0
223 134 1.0
223 161 1.0
223 182 1.0
223 246 1.0
223 257 1.0
223 262 1.0
223 299 1.0
224 35 1.0
224 176 1.0
224 251 1.0
224 261 1.0
224 264 1.0
224 265 1.0
224 275 1.0
225 1 1.0
225 2 1.0
225 128 1.0
225 236 1.0
226 42 1.0
226 58 1.0
226 81 1.0
226 104 1.0
226 146 1.0
226 147 1.0
226 272 1.0
227 12 1.0
227 39 1.0
227 106 1.0
227 125 1.0
227 201 1.0
227 223 1.0
227 228 1.0
228 54 1.0
228 56 1.0
228 58 1.0
228 126 1.0
228 207 1.0
228 231 1.0
229 22 1.0
229 29 1.0
229 116 1.0
229 178 1.0
229 182 1.0
229 228 1.0
229 250 1.0
230 58 1.0
230 131 1.0
230 187 1.0
230 203 1.0
230 276 1.0
231 8 1.0
231 30 1.0
231 39 1.0
231 86 1.0
231 94 1.0
231 108 1.0
231 127 1.0
231 139 1.0
231 165 1.0
231 167 1.0
231 248 1.0
232 18 1.0
232 59 1.0
232 68 1.0
232 74 1.0
232 105 1.0
232 121 1.0
232 137 1.0
232 197 1.0
232 223 1.0
232 247 1.0
233 38 1.0
233 56 1.0
233 72 1.0
233 84 1.0
233 124 1.0
233 142 1.0
233 181 1.0
233 201 1.0
233 283 1.0
233 291 1.0
234 2 1.0
234 75 1.0
234 81 1.0
234 83 1.0
234 130 1.0
234 146 1.0
234 156 1.0
234 161 1.0
234 221 1.0
234 293 1.0
235 126 1.0
235 200 1.0
235 209 1.0
235 222 1.0
235 237 1.0
236 81 1.0
236 90 1.0
236 126 1.0
236 127 1.0
236 138 1.0
236 143 1.0
236 150 1.0
236 162 1.0
236 167 1.0
236 182 1.0
236 214 1.0
237 40 1.0
237 87 1.0
237 88 1.0
237 92 1.0
237 113 1.0
237 162 1.0
237 201 1.0
237 272 1.0
238 10 1.0
238 40 1.0
238 87 1.0
238 139 1.0
238 210 1.0
238 221 1.0
238 222 1.0
238 276 1.0
238 281 1.0
238 293 1.0
239 29 1.0
239 47 1.0
239 72 1.0
239 96 1.0
239 100 1.0
239 101 1.0
239 161 1.0
239 210 1.0
239 234 1.0
239 247 1.0
240 8 1.0
240 31 1.0
240 32 1.0
240 120 1.0
240 155 1.0
240 169 1.0
241 10 1.0
241 52 1.0
241 127 1.0
241 195 1.0
241 204 1.0
241 243 1.0
241 244 1.0
241 264 1.0
242 14 1.0
242 35 1.0
242 137 1.0
242 159 1.0
242 175 1.0
242 197 1.0
242 216 1.0
242 244 1.0
242 245 1.0
243 16 1.0
243 29 1.0
243 64 1.0
243 70 1.0
243 133 1.0
243 279 1.0
244 47 1.0
244 87 1.0
244 104 1.0
244 165 1.0
244 278 1.0
245 28 1.0
245 211 1.0
245 256 1.0
245 273 1.0
245 278 1.0
245 296 1.0
246 16 1.0
246 19 1.0
246 43 1.0
246 57 1.0
246 67 1.0
246 251 1.0
246 275 1.0
246 278 1.0
247 51 1.0
247 66 1.0
247 85 1.0
247 261 1.0
248 60 1.0
248 69 1.0
248 82 1.0
248 136 1.0
249 39 1.0
249 103 1.0
249 140 1.0
249 178 1.0
249 248 1.0
249 263 1.0
249 282 1.0
250 46 1.0
250 56 1.0
250 64 1.0
250 74 1.0
250 83 1.0
250 125 1.0
250 229 1.0
250 259 1.0
250 263 1.0
250 291 1.0
250 292 1.0
251 10 1.0
251 173 1.0
251 185 1.0
251 195 1.0
251 224 1.0
251 246 1.0
252 50 1.0
252 95 1.0
252 143 1.0
252 221 1.0
252 278 1.0
253 147 1.0
253 176 1.0
253 217 1.0
253 274 1.0
254 25 1.0
254 49 1.0
254 51 1.0
254 63 1.0
254 107 1.0
254 134 1.0
254 142 1.0
254 144 1.0
254 162 1.0
254 219 1.0
254 286 1.0
255 14 1.0
255 17 1.0
255 90 1.0
255 102 1.0
255 107 1.0
255 172 1.0
255 257 1.0
255 268 1.0
256 16 1.0
256 245 1.0
256 269 1.0
256 299 1.0
257 34 1.0
257 99 1.0
257 127 1.0
257 138 1.0
257 199 1.0
257 203 1.0
257 223 1.0
257 255 1.0
258 22 1.0
258 26 1.0
258 35 1.0
258 98 1.0
258 121 1.0
258 133 1.0
258 208 1.0
258 298 1.0
259 7 1.0
259 42 1.0
259 78 1.0
259 98 1.0
259 144 1.0
259 176 1.0
259 250 1.0
259 289 1.0
260 5 1.0
260 24 1.0
260 87 1.0
260 90 1.0
261 50 1.0
261 115 1.0
261 170 1.0
261 206 1.0
261 212 1.0
261 224 1.0
261 247 1.0
261 273 1.0
262 12 1.0
262 55 1.0
262 125 1.0
262 127 1.0
262 169 1.0
262 223 1.0
262 271 1.0
262 278 1.0
262 299 1.0
263 14 1.0
263 165 1.0
263 249 1.0
263 250 1.0
264 41 1.0
264 83 1.0
264 116 1.0
264 168 1.0
264 169 1.0
264 198 1.0
264 224 1.0
264 241 1.0
264 279 1.0
264 299 1.0
265 4 1.0
265 72 1.0
265 165 1.0
265 168 1.0
265 177 1.0
265 213 1.0
265 224 1.0
266 28 1.0
266 88 1.0
266 120 1.0
266 187 1.0
266 197 1.0
266 207 1.0
266 290 1.0
266 295 1.0
267 63 1.0
267 67 1.0
267 72 1.0
267 82 1.0
267 132 1.0
267 144 1.0
267 200 1.0
267 208 1.0
267 217 1.0
267 278 1.0
267 297 1.0
268 130 1.0
268 143 1.0
268 171 1.0
268 214 1.0
268 221 1.0
268 255 1.0
268 270 1.0
269 2 1.0
269 6 1.0
269 26 1.0
269 44 1.0
269 60 1.0
269 80 1.0
269 256 1.0
269 282 1.0
270 35 1.0
270 37 1.0
270 101 1.0
270 109 1.0
270 160 1.0
270 184 1.0
270 268 1.0
270 278 1.0
271 22 1.0
271 30 1.0
271 43 1.0
271 49 1.0
271 75 1.0
271 145 1.0
271 161 1.0
271 184 1.0
271 262 1.0
272 95 1.0
272 131 1.0
272 132 1.0
272 146 1.0
272 175 1.0
272 219 1.0
272 226 1.0
272 237 1.0
272 274 1.0
273 2 1.0
273 20 1.0
273 48 1.0
273 54 1.0
273 120 1.0
273 155 1.0
273 245 1.0
273 261 1.0
274 58 1.0
274 101 1.0
274 136 1.0
274 156 1.0
274 253 1.0
274 272 1.0
274 279 1.0
274 291 1.0
275 11 1.0
275 53 1.0
275 80 1.0
275 168 1.0
275 224 1.0
275 246 1.0
276 82 1.0
276 145 1.0
276 230 1.0
276 238 1.0
276 285 1.0
276 289 1.0
277 12 1.0
277 84 1.0
277 104 1.0
277 124 1.0
277 192 1.0
277 208 1.0
277 278 1.0
278 117 1.0
278 130 1.0
278 244 1.0
278 245 1.0
278 246 1.0
278 252 1.0
278 262 1.0
278 267 1.0
278 270 1.0
278 277 1.0
279 25 1.0
279 40 1.0
279 100 1.0
279 119 1.0
279 137 1.0
279 211 1.0
279 243 1.0
279 264 1.0
279 274 1.0
279 282 1.0
280 8 1.0
280 16 1.0
280 52 1.0
280 80 1.0
280 122 1.0
280 296 1.0
281 19 1.0
281 23 1.0
281 31 1.0
281 45 1.0
281 74 1.0
281 162 1.0
281 204 1.0
281 238 1.0
281 295 1.0
282 5 1.0
282 68 1.0
282 107 1.0
282 113 1.0
282 145 1.0
282 153 1.0
282 249 1.0
282 269 1.0
282 279 1.0
282 285 1.0
283 28 1.0
283 132 1.0
283 160 1.0
283 191 1.0
283 233 1.0
283 290 1.0
284 45 1.0
284 71 1.0
284 83 1.0
284 88 1.0
284 171 1.0
284 287 1.0
285 15 1.0
285 35 1.0
285 159 1.0
285 194 1.0
285 276 1.0
285 282 1.0
286 21 1.0
286 47 1.0
286 63 1.0
286 81 1.0
286 148 1.0
286 186 1.0
286 254 1.0
286 288 1.0
287 44 1.0
287 117 1.0
287 124 1.0
287 128 1.0
287 140 1.0
287 186 1.0
287 284 1.0
288 10 1.0
288 33 1.0
288 57 1.0
288 138 1.0
288 185 1.0
288 210 1.0
288 211 1.0
288 286 1.0
289 24 1.0
289 35 1.0
289 54 1.0
289 73 1.0
289 84 1.0
289 133 1.0
289 148 1.0
289 259 1.0
289 276 1.0
290 7 1.0
290 29 1.0
290 33 1.0
290 45 1.0
290 100 1.0
290 266 1.0
290 283 1.0
290 291 1.0
290 294 1.0
291 13 1.0
291 60 1.0
291 169 1.0
291 210 1.0
291 233 1.0
291 250 1.0
291 274 1.0
291 290 1.0
291 299 1.0
292 21 1.0
292 31 1.0
292 98 1.0
292 155 1.0
292 177 1.0
292 250 1.0
292 292 1.0
292 298 1.0
293 13 1.0
293 17 1.0
293 26 1.0
293 94 1.0
293 98 1.0
293 100 1.0
293 162 1.0
293 234 1.0
293 238 1.0
294 16 1.0
294 72 1.0
294 102 1.0
294 133 1.0
294 156 1.0
294 290 1.0
295 28 1.0
295 41 1.0
295 58 1.0
295 63 1.0
295 64 1.0
295 117 1.0
295 266 1.0
295 281 1.0
296 10 1.0
296 35 1.0
296 163 1.0
296 189 1.0
296 192 1.0
296 245 1.0
296 280 1.0
297 0 1.0
297 71 1.0
297 93 1.0
297 184 1.0
297 188 1.0
297 267 1.0
298 51 1.0
298 68 1.0
298 77 1.0
298 97 1.0
298 130 1.0
298 210 1.0
298 258 1.0
298 292 1.0
299 46 1.0
299 79 1.0
299 221 1.0
299 223 1.0
299 256 1.0
299 262 1.0
299 264 1.0
299 291 1.0
