0 1379
0 1432
0 651
1 0
1 870
1 494
1 442
1 512
1 320
1 1384
1 134
1 187
1 1403
1 721
1 334
1 1337
1 706
1 1386
1 241
1 16
1 916
1 621
1 515
1 867
1 465
1 1255
1 474
2 0
3 0
3 2
4 0
4 2
4 3
5 0
5 2
5 3
5 4
5 194
5 271
5 47
5 282
5 129
6 0
6 768
6 1327
6 366
6 251
9 0
9 2
9 655
9 892
9 1151
9 555
9 808
9 869
10 0
10 6
10 29
10 134
10 353
11 0
11 2
11 3
11 1314
11 537
11 1181
11 366
11 1238
11 1417
11 811
11 1012
11 1450
12 0
12 2
12 3
12 11
12 1414
12 538
12 1212
12 1012
12 1301
12 992
13 0
13 2
13 3
13 4
13 5
14 0
14 2
15 0
15 2
15 9
16 0
16 2
16 9
16 17
16 109
16 658
16 475
16 1425
16 1046
16 484
16 1090
16 932
16 92
16 991
17 0
17 2
17 3
17 4
17 262
17 502
17 787
17 865
18 0
18 6
19 0
19 6
19 10
20 0
20 2
20 3
20 4
20 5
20 13
21 0
21 6
21 18
21 15
21 1300
21 1498
21 1438
21 736
22 0
22 6
22 10
22 19
22 556
22 370
22 934
22 156
22 259
22 298
22 983
22 180
22 1033
22 153
22 939
22 1462
22 661
22 1459
22 1250
24 0
24 2
24 3
24 11
24 1334
24 418
24 492
24 862
24 808
24 438
24 1406
24 1094
24 1435
24 174
24 460
24 16
24 4
24 1033
24 1175
25 0
25 6
25 10
25 19
25 772
25 203
25 1164
25 439
25 291
25 82
25 1308
25 77
25 617
25 1149
25 98
25 451
25 702
25 128
26 0
26 2
26 3
26 4
26 5
27 0
27 6
27 18
27 1028
27 1172
27 1347
27 13
27 1423
28 0
28 2
28 9
28 16
29 0
29 6
29 18
29 21
31 0
31 6
31 18
31 27
31 846
31 1179
31 1231
31 844
32 0
32 6
32 18
32 1406
32 467
32 296
32 370
32 1101
32 1473
32 649
32 944
32 1377
32 176
32 414
32 230
32 1124
32 124
32 11
36 0
36 2
36 3
36 11
36 24
37 0
37 2
37 3
37 988
37 370
37 1242
37 1294
37 291
40 0
40 2
40 14
41 0
41 2
41 3
41 1458
41 1179
41 1229
41 978
41 542
42 0
42 2
42 3
42 11
42 12
43 0
43 1
44 0
44 2
44 9
44 15
44 160
44 121
44 1449
44 862
45 0
45 1
45 67
45 513
47 0
47 2
47 14
48 0
48 2
48 9
48 15
49 0
49 2
49 9
49 16
49 145
49 331
49 184
49 122
49 146
51 0
51 1
51 43
51 1222
51 139
51 1259
51 662
51 1327
51 377
51 324
51 1340
51 1380
51 427
51 1041
52 0
52 2
52 14
52 47
53 0
53 2
53 3
53 4
53 5
53 13
53 758
53 894
53 206
53 1374
53 41
53 223
54 0
54 6
54 10
54 19
54 25
54 1401
54 298
54 778
54 40
54 731
55 0
55 2
55 3
55 4
55 5
55 13
55 1058
55 616
55 826
55 329
55 953
56 0
56 2
56 3
56 4
56 5
56 13
56 720
56 762
56 998
56 1442
56 158
56 774
56 776
56 644
57 0
57 2
57 9
57 16
57 28
57 665
57 1327
57 22
57 742
57 66
57 689
58 0
58 1
58 45
59 0
59 2
59 14
59 640
59 929
59 1332
59 244
59 1225
60 0
60 6
60 10
60 19
60 22
60 1440
60 712
60 1369
60 637
60 563
61 0
61 2
61 3
61 11
61 1345
61 1132
61 937
61 811
61 1058
61 86
61 1176
61 1106
61 577
61 955
61 59
61 948
61 1219
61 168
61 1051
61 302
61 966
61 289
62 0
62 1
62 43
62 51
62 1395
62 706
62 1378
62 605
62 549
62 786
62 1485
62 349
62 537
62 260
62 147
63 0
63 6
63 10
63 19
63 22
63 328
63 437
63 65
63 1023
63 652
63 1360
64 0
64 2
64 3
64 11
64 61
64 309
64 861
64 435
64 653
64 991
64 1175
64 325
64 854
64 1234
64 1241
64 268
64 443
64 1093
64 667
64 1283
64 393
65 0
66 0
66 2
66 3
66 11
66 24
67 0
67 1
67 45
69 0
69 1
69 43
69 51
69 62
69 936
69 1229
69 635
69 1448
69 389
69 1244
69 657
69 305
69 77
69 413
70 0
70 6
70 10
70 19
70 25
70 54
70 1328
70 349
70 1020
70 693
70 1160
70 752
70 1386
70 1182
71 0
71 2
71 14
71 47
71 52
71 702
71 147
71 19
76 0
76 2
76 9
76 15
76 44
77 0
77 2
77 755
77 822
77 1144
77 601
77 1360
77 1407
77 558
77 12
77 585
77 1185
77 293
77 1370
78 0
78 6
78 18
78 27
78 31
79 0
79 65
80 0
80 6
80 18
80 32
80 501
80 530
80 1178
80 1242
80 520
81 0
81 2
81 3
81 4
81 5
81 13
82 0
82 2
82 77
83 0
83 2
83 77
83 820
83 598
83 453
83 1332
83 421
83 756
83 938
83 1358
83 981
83 667
83 1450
84 0
84 6
84 10
84 19
86 0
86 1
86 1123
86 1293
86 152
86 900
86 1459
86 104
86 666
86 1045
87 0
87 6
87 18
87 32
87 80
88 0
88 6
88 10
88 19
88 22
89 0
89 6
89 18
89 21
89 446
89 31
89 267
89 1107
91 0
91 2
91 9
91 16
91 49
91 70
91 961
91 138
91 134
91 1462
91 100
91 1234
91 273
91 927
92 0
92 65
92 79
92 1360
92 985
92 729
92 594
92 1274
92 282
92 291
92 383
92 88
92 308
92 240
92 1447
92 331
96 0
96 2
96 9
96 1220
96 257
96 1277
96 935
96 269
96 859
97 0
97 2
97 14
97 47
97 52
97 71
98 0
98 2
98 14
98 47
98 52
98 71
98 97
98 109
98 152
98 792
98 890
99 0
99 6
99 18
99 27
100 0
100 6
100 18
100 21
100 29
101 0
101 1
101 1001
101 31
101 368
101 1470
101 650
101 1447
101 96
101 353
101 1489
101 873
101 590
103 0
103 2
103 9
103 16
103 28
103 1171
103 987
103 240
103 496
103 1386
103 154
103 1035
103 1458
103 532
104 0
104 6
106 0
106 6
106 10
106 19
106 22
106 60
106 197
106 573
106 531
106 521
108 0
108 6
108 10
108 19
108 25
108 54
109 0
109 2
109 14
109 59
111 0
111 2
111 3
111 37
112 0
112 2
112 9
112 15
112 351
112 1497
112 146
112 237
113 0
113 1
113 43
113 582
113 54
113 1328
113 186
114 0
114 6
114 894
114 1274
114 1328
114 977
114 560
114 5
115 0
115 2
115 77
115 83
115 1195
115 838
115 1185
117 0
117 2
117 3
117 4
117 5
117 13
117 594
117 1275
117 923
117 195
117 647
118 0
118 2
118 3
118 4
118 5
118 351
118 915
118 498
118 152
118 955
118 1219
118 1417
118 424
118 21
118 929
118 1137
120 0
120 2
120 14
120 47
120 52
120 71
120 97
120 663
120 542
120 92
120 646
120 1423
121 0
121 65
121 79
122 0
122 6
122 10
122 19
122 22
124 0
124 6
124 18
124 27
124 99
125 0
125 2
125 9
125 16
125 28
125 103
125 1441
125 1237
125 1077
125 970
125 1345
125 43
126 0
126 2
126 9
126 208
126 1386
126 799
126 14
127 0
127 2
127 9
127 15
128 0
128 2
128 77
128 82
129 0
129 2
129 3
129 4
129 5
129 118
129 929
129 839
129 59
129 565
129 1126
130 0
130 65
130 79
130 444
130 844
130 250
130 9
130 698
130 760
130 1277
130 1127
130 378
130 669
131 0
131 6
131 114
131 227
131 296
131 726
131 171
131 305
131 465
131 634
131 527
131 354
132 0
132 6
132 18
132 21
132 1063
132 1011
132 666
132 382
132 648
132 721
132 458
132 983
132 314
132 239
133 0
133 2
133 3
133 41
133 985
133 826
133 1199
133 113
133 968
134 0
134 2
134 3
134 4
134 5
134 13
134 482
134 782
134 127
134 86
135 0
135 2
135 3
135 11
135 61
135 64
135 207
135 514
135 1304
135 1043
135 1310
135 1068
135 317
135 32
135 1281
135 1150
135 456
135 1021
136 0
136 1
137 0
137 2
137 14
137 59
138 0
138 1
138 86
138 558
138 203
138 1213
138 1255
138 251
138 480
139 0
139 1
139 43
139 51
139 62
139 261
139 113
139 663
140 0
140 2
140 3
140 11
140 24
141 0
141 2
141 3
141 4
141 5
141 118
141 129
141 439
141 108
141 561
141 1251
143 0
143 2
143 3
143 4
143 762
143 1296
143 1402
143 405
143 986
144 0
144 6
144 10
144 19
144 22
145 0
145 443
145 1043
145 1392
145 645
145 136
146 0
146 65
146 79
147 0
147 2
147 3
147 11
147 24
147 47
147 514
147 496
147 982
147 559
147 57
148 0
148 2
148 3
148 1255
148 1258
148 749
148 210
149 0
149 2
149 3
149 4
149 5
149 13
149 134
149 31
149 652
149 190
149 591
149 160
149 1335
149 970
149 515
149 988
149 694
149 1059
150 0
150 6
150 18
150 21
150 89
150 862
150 1082
150 591
150 1076
150 1158
150 146
150 1002
150 393
150 1480
150 1068
150 922
150 1392
150 466
150 1160
150 1053
152 0
152 2
152 77
152 82
152 1274
152 484
152 701
152 1009
153 0
153 2
153 3
153 11
153 24
153 140
153 639
153 268
153 656
153 1426
153 1149
154 0
154 2
154 14
154 47
154 52
154 71
154 97
154 98
155 0
155 6
155 18
155 21
155 29
155 1493
155 722
155 327
155 1197
155 1268
156 0
156 6
156 18
156 27
156 99
156 124
157 0
157 2
157 3
157 485
157 688
157 59
157 842
157 602
158 0
158 2
158 14
158 897
158 387
158 1306
158 773
158 852
158 448
159 0
159 2
159 14
159 47
159 52
159 71
159 97
159 98
159 154
159 1260
159 1443
159 56
159 679
160 0
160 2
160 3
160 4
160 5
160 560
160 1005
160 104
160 1158
160 679
160 69
160 937
160 711
160 229
160 1110
160 848
160 774
160 524
161 0
161 2
161 9
161 15
161 44
161 141
161 677
161 807
161 1236
163 0
163 2
163 77
163 82
163 152
164 0
164 6
164 18
164 21
164 29
164 155
165 0
165 2
165 3
165 4
165 5
165 13
165 134
165 24
165 520
165 274
165 310
166 0
166 2
166 14
166 59
166 137
166 1351
166 968
166 657
166 521
166 1403
167 0
167 6
167 18
167 21
167 89
167 150
167 1366
167 369
167 462
167 790
167 1331
167 506
168 0
168 2
168 9
168 16
168 49
168 1484
168 1171
168 715
168 1284
168 818
168 771
170 0
170 6
170 18
170 27
170 31
170 57
170 1046
170 1272
170 1398
171 0
171 65
171 79
171 146
171 27
171 838
171 655
171 907
171 148
171 457
171 853
171 311
171 522
171 71
172 0
172 2
172 14
172 59
172 137
172 166
172 1381
172 316
172 555
172 493
172 76
173 0
173 6
173 114
173 131
174 0
174 2
174 3
174 11
174 24
176 0
176 6
176 18
176 21
176 89
177 0
177 1
177 43
177 51
177 62
177 139
179 0
179 6
179 10
180 0
180 6
180 18
180 27
180 99
180 446
180 755
180 98
180 733
180 1090
181 0
181 6
181 114
181 131
182 0
182 6
182 18
182 27
182 31
182 78
183 0
183 2
183 3
183 4
183 5
183 13
184 0
184 6
184 10
184 19
184 25
184 54
184 108
184 1148
184 656
184 1228
184 1336
184 1398
184 180
185 0
185 2
185 9
185 16
186 0
186 2
186 3
186 4
186 5
186 13
186 134
187 0
187 2
187 9
187 96
187 1091
187 732
187 177
187 808
187 196
188 0
188 2
188 3
188 11
188 12
188 1289
188 960
188 1029
188 755
188 335
188 1249
188 662
188 1272
189 0
189 2
189 9
189 96
189 951
189 601
189 1026
189 448
189 1402
189 914
189 636
189 109
190 0
190 6
190 18
190 21
190 89
190 1453
190 849
190 1120
190 722
190 572
190 1489
190 1002
190 1128
190 596
190 785
190 310
190 195
190 840
190 125
191 0
191 2
191 3
191 4
191 5
191 13
192 0
192 2
192 3
192 11
192 12
192 42
192 772
192 1145
192 737
192 1223
192 17
192 166
192 371
192 1084
192 331
192 796
192 416
194 0
194 6
194 18
194 27
194 99
194 124
194 1259
194 367
194 413
194 787
194 164
194 521
195 0
195 6
195 18
195 21
195 29
195 155
195 164
195 435
195 264
195 1067
195 732
195 1434
196 0
196 2
196 9
196 16
196 28
196 57
196 684
196 443
196 1374
197 0
197 2
197 3
197 11
197 24
197 66
197 842
197 1402
197 98
197 573
197 578
197 484
197 828
197 551
197 1327
198 0
198 2
198 9
198 15
198 44
201 0
201 6
201 10
201 19
201 22
202 0
202 6
202 18
202 27
202 31
202 78
202 182
203 0
203 2
203 14
203 47
203 52
203 1331
203 1231
203 851
203 1005
204 0
204 2
204 3
204 4
204 5
204 13
204 134
204 149
205 0
205 2
205 3
205 4
205 5
205 13
205 144
205 622
206 0
206 2
206 3
206 4
206 5
206 118
206 129
206 141
207 0
207 65
207 79
207 146
208 0
208 2
208 9
208 15
208 112
209 0
209 1
209 43
209 113
210 0
210 6
210 18
213 0
213 6
213 18
213 27
213 1176
213 241
213 1386
213 1325
213 1109
214 0
214 2
214 3
214 37
214 111
214 176
214 1350
214 761
215 0
215 2
215 3
215 11
215 24
215 36
216 0
216 2
216 14
216 59
216 137
216 166
216 395
216 324
216 183
216 938
216 1029
217 0
217 6
217 10
217 19
217 22
217 121
217 832
217 1038
217 288
217 293
218 0
218 6
218 18
218 21
218 29
218 155
218 164
218 195
218 999
218 1351
218 63
218 1347
218 1331
219 0
219 6
219 18
219 27
219 99
219 124
219 194
220 0
220 2
220 3
220 11
220 340
220 1299
220 1492
220 1142
220 859
220 1192
222 0
222 6
222 18
222 21
222 29
222 155
222 164
223 0
223 2
223 3
223 4
223 5
223 118
223 129
223 141
224 0
224 6
224 10
224 19
224 22
224 1340
224 634
224 1259
224 723
224 1280
226 0
226 6
226 10
226 19
226 22
226 144
226 205
226 673
226 318
226 677
226 570
226 1229
226 1117
226 624
226 1031
226 595
226 184
226 253
226 1335
227 0
227 2
227 3
227 41
228 0
228 6
228 18
228 27
228 99
228 124
228 194
228 219
228 977
228 108
228 814
228 1185
228 1230
228 16
228 521
228 951
228 591
228 1300
228 1071
228 192
228 465
229 0
229 6
229 18
229 21
229 29
229 155
229 1217
229 432
229 956
229 945
229 955
229 1171
229 1296
229 387
229 1029
230 0
230 2
230 3
230 4
230 5
230 13
230 55
231 0
231 2
231 9
231 15
231 112
232 0
232 2
232 14
232 59
232 137
232 166
233 0
233 2
233 9
233 15
233 127
233 1442
233 12
233 100
233 999
233 907
233 1386
234 0
234 2
234 3
234 4
234 5
234 118
234 1044
234 1403
234 314
236 0
236 2
236 14
236 47
236 52
236 203
236 1098
236 761
236 807
236 705
236 1144
236 848
236 1377
236 1230
236 153
237 0
237 2
237 3
237 4
237 5
237 13
237 81
238 0
238 6
238 10
239 0
239 6
239 10
239 19
239 22
239 163
239 1139
239 897
239 522
239 1042
239 290
239 1418
239 118
240 0
240 2
240 3
240 4
240 5
240 26
240 144
240 536
240 591
241 0
241 2
241 77
241 82
241 152
241 9
241 1395
241 14
241 1107
241 377
242 0
242 2
242 77
242 82
242 128
242 1463
242 274
242 967
242 480
242 504
244 0
244 6
244 10
244 19
244 22
244 144
244 627
244 484
244 723
244 1074
244 1081
244 272
244 206
244 737
244 1173
244 504
245 0
245 1
245 43
245 51
245 630
245 1288
245 959
245 985
245 1189
245 267
247 0
247 2
247 3
247 41
247 133
247 1125
247 48
247 1267
247 1384
247 757
248 0
248 2
248 3
248 11
248 61
248 64
248 135
249 0
249 1
249 43
249 113
249 209
249 740
249 992
249 1450
249 115
250 0
250 2
250 3
250 4
250 5
250 13
250 140
250 1240
250 1370
250 549
250 1327
250 677
250 1198
250 967
251 0
251 2
251 77
251 82
251 128
251 242
252 0
252 2
252 3
252 11
252 24
252 473
252 848
252 731
252 103
252 652
252 203
253 0
253 1
253 86
253 138
254 0
254 2
254 9
254 16
256 0
256 6
256 18
256 27
256 99
257 0
257 2
257 3
257 11
257 12
257 42
258 0
258 2
258 3
258 4
258 5
258 26
258 240
259 0
259 6
259 10
259 19
259 22
259 122
260 0
260 6
260 18
260 32
260 80
260 87
261 0
261 6
261 18
261 21
261 89
261 517
261 419
261 1003
261 508
262 0
262 2
262 9
262 16
262 185
262 804
262 951
262 970
262 369
262 1066
263 0
263 6
263 10
263 19
263 22
264 0
264 2
264 3
264 4
264 5
264 160
264 1459
264 1285
264 429
264 587
265 0
265 2
265 3
265 11
265 12
265 42
265 873
265 493
265 645
265 617
265 915
265 781
265 218
265 168
267 0
267 6
267 18
267 27
267 99
267 922
267 1061
267 605
267 203
268 0
268 2
268 3
268 4
268 5
268 13
268 236
268 1499
268 503
268 946
268 598
268 247
268 317
268 104
268 1438
268 1126
269 0
269 6
269 10
269 19
269 22
269 263
269 349
269 1426
269 474
269 390
271 0
271 6
271 10
271 19
271 22
271 239
271 1332
271 296
271 1175
271 384
271 262
271 220
271 804
271 1215
271 1018
271 1463
271 864
272 0
272 2
272 3
272 11
272 61
272 64
272 135
272 1381
272 413
272 424
272 465
272 260
272 426
272 795
272 337
272 1106
272 274
272 493
273 0
273 6
273 18
274 0
274 6
274 10
274 179
277 0
277 2
277 14
277 59
277 109
277 1430
277 20
277 172
277 872
277 272
278 0
278 1
278 43
278 734
278 900
278 1134
278 726
278 1152
278 520
278 741
278 1365
278 476
279 0
279 2
279 3
279 4
279 469
279 267
279 468
279 432
279 1190
282 0
282 6
282 10
282 19
282 22
282 60
282 106
282 618
282 1294
282 852
282 546
283 0
283 1
283 43
283 573
283 1498
283 273
283 1038
283 723
283 1081
283 1381
283 959
283 396
286 0
286 6
286 18
286 21
286 489
286 400
286 650
286 1282
286 458
287 0
287 2
287 3
287 41
287 760
287 1095
287 951
287 1026
287 304
287 910
287 923
287 277
287 1325
287 1018
287 1296
287 887
288 0
288 6
288 18
289 0
289 6
289 18
289 32
289 1036
289 364
289 274
289 177
289 1162
290 0
290 6
290 18
290 21
290 29
290 100
290 222
290 953
290 421
290 733
290 215
290 1252
290 1234
290 977
290 795
290 1401
290 765
290 1044
290 639
290 1197
290 571
290 288
291 0
291 1
291 43
291 51
291 62
291 139
292 0
292 1
292 43
292 278
292 1305
292 971
292 226
292 646
293 0
293 2
293 3
293 11
293 61
293 64
293 135
296 0
296 2
296 9
296 15
296 44
296 76
298 0
298 2
298 3
298 4
298 5
298 13
299 0
299 6
299 18
299 21
299 29
299 100
299 290
299 501
299 584
299 666
299 1341
299 1011
299 555
299 362
299 187
299 1339
299 1480
300 0
300 6
300 10
300 19
300 22
300 122
300 259
301 0
301 6
301 10
301 19
301 22
301 180
301 740
301 314
301 928
301 1217
302 0
302 2
302 77
302 83
302 115
302 215
302 1056
302 1492
302 1312
302 608
302 1026
302 1125
302 1481
302 269
302 48
302 292
302 822
302 422
302 92
302 924
302 183
303 0
303 1
303 43
303 51
303 1317
303 516
303 388
303 1148
303 1479
303 148
303 1146
303 1227
303 582
303 934
303 1242
304 0
304 1
304 130
304 1211
304 953
304 1218
304 1193
304 214
304 1339
304 439
304 1463
304 177
304 921
304 237
304 892
304 1055
304 1380
304 1182
304 363
304 1248
304 826
304 127
304 265
305 0
305 6
305 18
305 210
305 422
305 781
305 485
305 1474
305 998
305 734
305 1101
305 966
305 1464
305 722
305 988
307 0
307 65
307 79
307 130
308 0
308 6
308 18
308 27
308 213
308 1340
308 774
308 734
308 449
309 0
309 2
309 3
309 11
309 12
309 42
309 265
309 692
309 168
309 1039
309 82
309 1216
309 1324
309 1105
309 698
309 1120
309 25
309 1289
309 271
309 1131
309 492
309 1111
309 327
309 106
310 0
310 2
311 0
311 6
311 18
311 21
311 89
311 190
313 0
313 6
313 18
313 210
314 0
314 2
314 3
314 4
314 5
314 13
314 53
314 687
314 711
314 1474
314 913
314 1023
314 1377
315 0
315 2
315 3
315 4
315 5
315 13
315 250
316 0
316 1
316 43
316 51
316 62
316 139
316 291
317 0
317 6
317 18
317 21
317 29
317 155
317 164
317 195
317 218
318 0
318 2
318 14
318 59
318 137
319 0
319 6
319 114
319 131
319 181
320 0
320 2
320 14
320 299
320 449
320 799
320 537
320 252
320 720
320 82
320 5
320 1066
320 784
321 0
321 2
321 77
321 83
321 115
321 302
321 775
321 1250
321 1332
321 587
321 953
321 687
321 844
321 204
321 820
321 702
321 1151
321 1356
321 126
321 147
321 428
321 785
322 0
322 6
322 18
322 210
322 305
324 0
324 2
324 14
324 59
324 137
324 1324
324 1003
324 370
324 1409
324 674
324 1035
325 0
325 2
325 3
325 11
325 1164
325 606
325 1495
325 518
325 1477
325 1377
327 0
327 6
327 18
327 21
327 29
327 100
327 799
327 974
327 1335
327 1234
327 387
327 810
328 0
328 2
328 9
328 16
328 185
328 262
328 810
328 1279
328 975
328 330
328 1028
329 0
329 6
329 18
329 21
329 89
329 190
329 311
330 0
330 6
330 10
330 19
330 22
330 88
330 187
330 691
330 783
331 0
331 2
331 77
331 82
331 128
331 242
331 251
334 0
334 6
334 18
334 21
334 286
335 0
335 2
335 3
335 4
335 5
335 13
335 465
335 1441
335 355
335 820
335 261
337 0
337 6
337 10
337 238
338 0
338 2
338 14
338 47
338 52
338 866
338 403
338 247
338 177
338 657
338 472
338 192
338 1203
338 156
338 293
338 1468
339 0
339 1
339 43
339 283
340 0
340 145
340 288
340 817
340 308
340 61
340 1467
340 1215
340 1059
340 1293
340 1317
340 451
340 673
341 0
341 2
341 77
341 83
341 115
341 302
341 321
341 1438
341 1224
341 1148
341 1385
341 497
341 1242
341 1053
341 203
342 0
342 2
342 14
342 158
342 183
342 1351
342 161
342 232
342 849
342 1270
342 953
342 589
342 867
343 0
343 6
343 114
343 131
344 0
344 2
344 3
344 37
344 524
344 182
344 1030
344 78
344 143
344 118
344 979
344 1062
345 0
345 6
345 18
345 27
345 99
345 256
345 1343
345 166
345 720
345 264
345 498
345 16
345 770
345 1301
345 1061
345 31
345 522
345 149
345 472
345 974
345 236
345 394
345 380
345 28
345 829
345 42
345 1138
345 598
345 517
345 849
346 0
346 6
346 10
346 290
346 1145
346 465
346 372
347 0
347 6
347 10
347 71
347 1128
347 862
347 1331
347 1084
347 775
347 921
347 112
347 309
347 822
347 214
347 1268
347 290
347 507
347 1046
347 79
347 1474
347 1093
347 937
348 0
348 6
348 18
348 32
348 289
349 0
349 6
349 18
349 21
349 89
349 190
349 311
349 329
349 371
349 965
349 130
349 447
351 0
351 2
351 14
351 59
351 137
351 166
352 0
352 2
352 3
352 37
352 111
352 772
352 1216
352 777
352 5
352 109
353 0
353 1
353 43
353 113
354 0
354 2
354 9
354 15
354 44
354 76
354 296
354 592
354 429
354 978
354 111
354 165
354 547
354 291
354 352
354 472
354 277
355 0
355 1
355 43
355 113
355 55
355 1021
355 91
355 15
355 1408
355 451
356 0
356 6
356 10
356 19
356 22
356 122
356 259
356 1077
356 153
356 1386
356 1248
356 518
357 0
357 2
357 9
357 16
357 28
357 103
357 125
358 0
358 2
358 9
358 16
358 254
360 0
360 2
360 77
360 82
360 128
360 242
360 251
360 331
360 960
360 954
360 1492
360 1149
360 812
360 676
360 210
360 361
361 0
361 6
361 10
361 314
361 808
361 1179
361 1061
361 180
362 0
362 2
362 3
362 4
362 5
362 13
362 250
362 667
362 1041
362 84
362 302
362 174
362 99
363 0
363 2
363 9
363 16
363 28
363 103
363 125
363 357
363 442
363 282
363 416
363 190
363 833
363 1441
363 202
363 44
363 92
363 1427
363 1413
363 559
363 1332
363 846
364 0
364 2
364 3
364 4
364 5
364 13
364 298
364 1177
364 861
364 910
364 1031
364 741
364 120
364 1310
364 1311
364 553
364 593
364 601
364 1138
364 545
364 1479
364 575
364 201
364 689
364 240
364 1389
365 0
365 1
365 43
365 278
365 292
366 0
366 1
366 43
366 113
366 353
366 723
366 1218
366 751
366 1044
366 289
367 0
367 2
367 9
367 96
367 1039
367 69
367 529
367 1481
367 1177
367 1470
367 47
367 1432
367 424
367 26
367 882
367 1038
367 1265
367 721
367 1120
367 254
368 0
368 65
368 79
368 146
368 171
368 723
368 1044
368 300
368 47
369 0
369 2
369 3
369 4
369 5
369 13
369 298
369 66
369 549
369 1440
369 1258
369 1476
370 0
370 2
370 9
371 0
371 1
371 43
371 113
371 353
371 366
372 0
372 2
372 3
372 4
372 5
372 118
372 129
372 141
377 0
377 2
377 14
377 47
377 52
377 71
377 97
377 120
378 0
378 6
378 10
378 1313
378 1463
378 458
378 715
378 91
378 157
378 1015
378 1353
378 1080
379 0
379 2
379 9
379 15
379 112
379 231
379 1077
379 645
379 1249
379 120
379 360
380 0
380 2
380 310
380 693
380 31
380 493
380 60
380 994
380 357
380 1183
380 1179
381 0
381 2
381 14
381 47
381 52
381 71
381 97
381 120
382 0
382 2
382 77
382 82
382 1225
382 1486
382 761
382 60
382 1030
383 0
383 2
383 3
383 37
383 111
383 352
383 649
383 832
383 259
383 55
383 218
383 948
383 960
383 1183
383 1394
383 1390
383 230
384 0
384 6
384 10
384 19
384 22
384 144
384 244
385 0
385 2
385 3
385 11
385 24
385 140
387 0
387 2
387 3
387 37
387 344
388 0
388 2
388 3
388 11
388 61
388 64
388 135
388 293
388 435
388 601
388 619
388 474
388 296
389 0
389 2
389 3
389 4
389 17
389 1193
389 223
389 77
389 931
389 251
389 873
389 32
389 1253
389 948
389 497
389 670
389 1026
389 761
389 812
389 571
389 1172
389 862
389 1456
389 836
389 451
389 731
389 1312
390 0
390 2
390 9
390 16
390 28
390 612
390 1391
390 343
390 1090
390 1327
391 0
391 6
391 18
391 27
391 31
392 0
392 2
392 3
392 4
392 5
392 118
392 129
392 141
392 372
392 1353
392 729
392 1361
392 1061
392 100
393 0
393 6
393 10
393 19
393 25
394 0
394 1
394 86
394 138
395 0
395 6
395 18
395 21
395 89
396 0
396 6
396 18
396 21
396 89
396 150
396 167
396 649
396 1179
396 752
397 0
397 6
397 18
397 32
397 80
397 1130
397 771
397 136
397 1293
397 526
397 472
398 0
398 2
398 3
398 11
398 12
398 42
398 265
398 309
399 0
399 6
399 18
399 27
399 31
399 391
400 0
400 2
400 3
400 11
400 12
400 42
400 192
402 0
402 6
402 18
402 21
402 89
403 0
403 2
403 9
403 16
403 28
403 103
403 125
403 357
403 1240
403 543
403 392
403 542
403 869
403 981
403 1413
403 933
403 755
403 728
404 0
404 2
404 3
404 4
404 17
404 389
405 0
405 65
405 79
405 146
405 171
405 368
405 391
405 992
405 584
405 206
405 928
405 88
407 0
407 6
407 10
407 19
407 22
407 88
407 685
407 735
407 826
407 543
407 634
412 0
412 2
412 77
412 82
412 128
412 242
412 1224
412 490
412 737
413 0
413 2
413 9
413 15
413 112
413 231
413 379
413 502
413 1310
413 715
413 1474
414 0
414 6
414 18
415 0
415 1
415 43
415 113
415 355
415 466
415 985
415 675
416 0
416 2
416 14
416 47
416 52
417 0
417 6
417 18
417 21
417 89
417 150
417 167
417 396
417 1102
417 511
417 1145
417 1427
417 1016
418 0
418 2
418 3
418 4
418 17
418 389
418 1109
418 786
418 244
418 899
418 698
418 240
419 0
419 1
419 43
419 113
419 353
419 366
419 639
419 1295
419 181
419 470
419 1381
419 1253
420 0
420 2
420 3
420 4
420 5
420 118
420 234
420 1485
420 1205
420 1066
420 226
420 239
420 311
420 1063
420 1308
420 1351
420 141
420 1080
420 1424
421 0
421 2
421 14
421 59
421 137
421 166
421 351
422 0
422 2
422 3
422 4
424 0
424 65
424 79
425 0
425 2
425 3
425 4
425 5
425 13
426 0
426 6
426 18
426 21
426 29
426 155
426 164
426 195
427 0
427 2
427 3
427 11
427 24
427 147
427 754
427 385
427 1281
427 1469
428 0
428 6
428 18
428 21
428 29
428 155
428 164
428 195
428 218
429 0
429 1
429 86
429 138
431 0
431 1
431 86
432 0
432 6
432 18
432 27
432 99
432 124
432 156
432 635
432 843
432 715
432 170
432 1370
432 681
432 666
432 1195
432 656
432 1252
434 0
434 6
434 18
434 273
434 754
434 1275
434 264
434 1478
434 811
434 764
434 706
434 272
434 790
434 1354
434 944
435 0
435 2
435 3
435 11
435 325
435 1498
435 633
435 1176
435 1379
435 729
435 694
435 378
435 1243
435 1059
436 0
436 6
436 10
436 179
436 1199
436 818
436 138
436 1493
436 1337
436 9
437 0
437 2
437 3
437 37
437 111
437 214
437 1468
437 449
437 300
437 128
437 773
437 516
438 0
438 2
438 3
438 37
438 111
438 352
439 0
439 6
439 18
439 27
439 31
440 0
440 6
440 18
440 27
440 31
440 161
440 11
440 889
440 1291
440 152
440 1260
440 319
440 223
440 482
440 584
440 580
440 207
441 0
441 6
441 18
441 21
441 29
441 155
441 164
441 195
442 0
442 2
442 77
442 83
442 115
442 302
442 321
442 341
443 0
443 6
443 18
443 27
443 213
443 308
443 1432
443 780
443 109
443 1269
443 718
444 0
444 6
444 10
444 19
444 22
444 217
444 448
444 1394
444 1291
444 864
444 148
445 0
445 2
445 3
445 4
445 5
445 13
445 81
446 0
446 2
446 3
446 4
446 422
446 1181
446 556
446 1001
446 293
446 786
447 0
447 6
447 18
447 27
447 31
447 440
447 875
447 220
447 692
447 1118
447 764
447 307
448 0
448 2
448 9
448 16
448 28
448 390
449 0
449 2
449 9
449 15
449 127
449 233
451 0
451 6
451 18
451 27
451 99
451 44
451 1313
451 82
451 1307
451 460
451 646
451 551
451 54
451 1480
452 0
452 2
452 3
452 11
452 61
452 64
452 181
452 206
452 865
452 277
452 69
452 558
452 159
452 146
453 0
453 2
453 77
453 82
453 382
453 1084
453 86
453 310
453 47
453 692
454 0
454 6
454 18
454 27
454 213
454 308
454 1424
454 54
454 224
454 1041
456 0
456 2
456 14
456 59
456 137
456 166
456 232
456 1489
456 496
456 710
456 1462
456 584
456 351
456 1492
456 469
456 907
456 1499
456 219
457 0
457 6
457 104
457 1368
457 492
457 1106
457 1029
457 817
457 495
457 674
457 589
457 290
458 0
458 2
458 3
458 11
458 24
458 252
458 1019
458 998
458 752
459 0
459 2
459 3
459 4
459 5
459 13
459 250
459 315
459 1373
459 318
459 834
459 1435
459 1256
460 0
460 6
460 10
460 19
460 22
460 1016
460 932
460 859
460 1457
460 620
460 1281
460 448
460 1031
460 1224
462 0
462 2
462 9
462 15
462 44
462 76
462 296
462 335
462 1250
462 1153
462 1120
462 1440
462 940
463 0
463 2
463 14
465 0
465 6
465 18
465 21
465 89
465 261
466 0
466 2
466 3
466 4
466 5
466 118
466 129
466 141
466 206
467 0
467 2
467 9
467 15
467 44
467 198
467 711
467 937
467 459
467 412
467 3
468 0
468 2
468 14
468 47
468 52
468 71
468 97
468 98
468 154
468 161
468 1313
468 921
468 176
468 1487
468 1423
468 554
468 22
468 484
468 946
468 1311
468 65
468 1
468 988
468 457
468 395
469 0
469 6
469 18
469 288
469 1004
469 1432
469 419
469 384
469 1272
469 1009
469 416
469 136
469 36
469 239
470 0
470 6
470 18
470 21
470 89
470 190
470 311
470 310
470 838
470 308
470 981
470 1394
470 1125
470 63
470 305
471 0
471 6
471 10
471 19
471 22
471 144
471 226
472 0
472 6
472 18
472 288
472 469
472 238
472 1363
472 775
472 494
472 1176
472 966
473 0
473 2
473 3
473 4
473 279
474 0
474 2
474 3
474 4
474 5
474 13
474 56
475 0
475 6
475 114
475 131
475 343
475 1471
475 692
475 452
475 442
475 292
476 0
476 2
476 14
480 0
480 6
480 10
480 347
480 1445
480 432
480 701
480 228
480 18
481 0
481 2
481 9
481 16
481 49
482 0
482 2
482 3
482 148
483 0
483 6
483 18
483 27
483 31
483 78
483 182
483 202
483 1029
483 402
483 1182
483 1228
483 916
483 531
484 0
484 2
484 3
484 11
484 61
484 64
484 135
484 550
484 213
484 1352
484 1469
484 209
484 210
484 55
484 851
484 1379
484 761
485 0
485 6
485 18
485 27
485 99
485 180
486 0
486 1
486 43
486 283
487 0
487 2
487 3
487 11
487 24
487 140
487 1486
487 573
487 272
487 1217
487 264
489 0
489 2
489 9
489 96
489 187
489 1396
489 1112
489 1000
489 1199
489 1195
490 0
490 2
490 3
490 4
490 5
490 118
491 0
491 6
491 10
491 19
491 22
491 60
491 998
491 4
491 486
491 155
491 279
492 0
492 1
492 86
492 138
492 394
492 596
492 389
492 617
492 309
493 0
493 6
493 18
493 21
493 132
494 0
494 2
494 3
494 11
494 61
494 64
494 452
495 0
495 2
495 3
495 4
495 17
496 0
496 6
496 10
496 19
496 22
496 60
497 0
497 1
497 43
497 283
497 339
497 905
497 1023
497 146
497 161
497 679
497 1459
498 0
498 2
498 3
498 37
498 111
498 214
498 437
498 1080
498 831
498 511
498 676
498 988
501 0
501 2
501 3
501 4
501 17
502 0
502 2
502 3
502 4
502 5
502 160
502 264
502 1114
502 189
502 278
502 1245
502 881
502 887
502 118
502 445
502 378
502 525
502 586
502 257
502 245
502 510
502 251
502 1019
503 0
503 6
503 18
503 27
503 99
503 256
503 345
503 40
503 1470
503 607
504 0
504 2
504 3
504 11
504 12
504 42
504 192
504 256
504 965
504 402
504 1495
504 618
504 1432
506 0
506 6
506 18
506 414
506 985
506 983
506 961
506 719
506 286
506 1195
507 0
507 6
507 10
507 19
507 25
507 54
507 70
507 1430
507 414
507 741
507 933
507 1345
508 0
508 6
508 18
508 210
508 313
508 164
508 152
508 810
508 885
510 0
510 2
510 14
510 59
510 137
510 1393
510 789
510 456
510 403
511 0
511 2
511 9
511 16
511 49
511 168
512 0
512 2
512 77
512 83
512 115
512 302
512 321
512 341
512 1097
512 906
512 532
512 182
513 0
513 2
513 77
513 82
513 128
513 242
513 251
513 597
513 1351
513 226
513 583
513 560
513 962
514 0
514 6
514 10
514 19
514 25
514 54
514 70
514 1470
514 1411
514 1307
514 1183
514 700
515 0
515 6
515 10
515 19
515 22
515 122
515 508
515 117
515 959
515 596
515 1290
516 0
516 2
516 14
516 59
516 137
516 166
516 351
516 421
516 1425
516 1443
516 863
516 1322
516 1424
516 749
516 141
516 32
516 527
516 495
516 675
517 0
517 6
517 10
517 347
518 0
518 2
518 14
518 476
519 0
519 6
519 18
519 21
519 89
519 190
519 311
519 1462
519 814
519 144
519 1160
519 565
519 1198
520 0
520 2
520 3
520 11
520 61
520 64
520 452
520 494
521 0
521 6
521 18
521 27
521 31
521 78
521 182
521 202
521 483
522 0
522 2
522 3
522 11
522 24
522 147
522 427
522 968
522 843
522 936
522 1229
522 766
522 763
522 251
522 927
522 1329
522 21
522 970
522 601
523 0
523 2
523 3
523 4
523 5
523 118
523 129
523 141
523 206
523 466
524 0
524 2
524 14
524 47
524 52
525 0
525 1
525 43
525 113
526 0
526 1
526 43
526 283
526 339
526 438
526 1373
526 1198
526 145
526 320
526 353
526 381
526 445
526 1055
526 1063
526 6
526 1203
527 0
527 6
527 10
527 19
527 22
527 122
527 259
527 300
527 201
527 1153
527 1253
527 239
527 202
529 0
529 2
529 9
529 16
529 254
529 253
529 1457
529 939
529 117
529 1308
529 998
530 0
530 2
530 9
530 16
530 185
530 262
530 1306
530 1366
530 1187
530 248
530 1101
530 1039
530 819
530 1423
530 843
530 460
530 905
530 1474
530 1354
530 1277
530 545
530 1332
530 282
530 647
530 659
530 383
530 1351
531 0
531 1
531 86
531 138
531 429
531 227
531 1098
531 672
531 111
531 923
532 0
532 2
532 14
532 59
532 137
532 166
532 232
532 456
534 0
534 2
534 14
534 47
534 52
534 71
534 97
534 120
534 381
534 1108
534 563
534 1152
534 392
535 0
535 2
535 9
535 16
536 0
536 1
536 304
537 0
537 2
537 14
537 47
537 52
537 71
537 97
537 120
537 381
537 534
537 354
537 1062
537 616
537 580
537 1220
538 0
538 6
538 18
538 27
538 213
538 308
539 0
539 2
539 3
539 41
539 1364
539 357
539 634
539 1269
539 867
539 1291
541 0
541 2
541 3
541 37
541 111
541 352
541 1
541 1457
541 1146
541 1194
541 458
541 790
541 883
541 1347
541 141
541 951
542 0
542 2
542 310
542 380
542 906
542 690
542 558
542 839
543 0
543 2
543 9
543 16
543 28
543 57
544 0
544 2
544 3
544 4
544 5
544 13
544 250
544 315
545 0
545 6
545 18
545 21
545 89
545 190
545 311
545 470
545 1269
545 979
545 991
545 42
545 492
546 0
546 6
546 10
546 346
547 0
547 2
547 14
547 59
547 137
547 166
547 351
547 630
547 1368
547 1019
547 1369
547 634
548 0
548 6
548 10
548 361
548 288
548 172
548 147
549 0
549 2
549 3
549 4
549 17
550 0
550 6
550 114
550 131
551 0
551 2
551 3
551 4
551 5
551 118
551 234
551 1331
551 986
551 219
551 180
551 1397
551 271
551 1390
551 959
551 1198
551 1423
551 482
551 260
551 10
551 588
551 154
551 1063
553 0
553 2
553 3
553 11
553 12
553 42
553 192
553 504
553 347
553 106
553 308
553 1002
553 767
553 1050
554 0
554 2
554 9
554 15
554 44
554 76
554 296
554 354
554 88
554 861
554 1019
554 945
554 658
555 0
555 1
555 45
555 58
556 0
556 2
556 9
556 16
556 254
558 0
558 2
558 3
558 11
558 12
558 42
558 192
559 0
559 65
559 79
559 146
559 207
559 177
559 480
559 471
559 1237
559 900
559 856
559 24
559 163
559 236
559 975
559 1188
559 183
559 1248
559 771
559 1391
560 0
560 6
560 10
560 19
560 22
561 0
561 6
561 10
561 19
561 22
561 88
563 0
563 6
563 18
563 27
563 99
563 256
563 345
563 503
565 0
565 2
565 3
565 4
565 5
565 13
565 335
565 476
565 298
565 1335
565 820
565 582
570 0
570 6
570 10
570 19
570 22
570 217
570 444
570 335
570 1183
570 166
570 157
570 239
571 0
571 2
571 3
571 11
571 12
571 42
571 192
572 0
572 2
572 14
572 59
572 137
572 324
573 0
573 2
573 3
573 4
573 5
573 13
573 619
573 785
573 485
573 1061
575 0
575 2
575 9
575 96
575 187
576 0
576 6
576 10
576 19
576 22
576 263
576 269
577 0
577 2
577 14
577 47
577 52
578 0
578 6
578 10
578 19
578 652
578 660
578 371
578 596
578 822
578 137
578 1052
578 247
578 516
578 894
578 12
578 521
578 67
578 1260
578 928
580 0
580 6
580 18
580 1097
580 650
580 523
580 240
580 865
580 103
582 0
582 6
582 10
582 19
582 22
582 144
583 0
583 2
583 3
583 4
583 5
583 13
584 0
584 2
584 9
584 96
584 187
584 489
585 0
585 6
585 18
585 27
585 31
585 440
585 953
585 290
585 366
585 155
585 365
585 764
585 832
585 16
585 1120
585 1062
586 0
586 1
586 43
586 51
586 62
586 470
586 961
586 589
586 710
586 915
586 272
586 1177
586 347
586 228
586 891
586 365
586 1233
586 388
587 0
587 2
587 3
587 11
587 61
587 64
587 135
588 0
588 6
588 18
588 27
588 99
588 451
588 1151
588 1124
588 626
588 772
588 851
588 1222
588 1422
588 1418
588 510
589 0
589 2
589 9
589 16
589 28
589 390
590 0
590 1
590 43
590 113
590 353
590 366
590 419
590 764
590 704
590 896
590 1329
591 0
591 65
591 79
591 146
591 171
591 368
592 0
592 65
592 79
592 130
592 307
592 948
592 946
593 0
593 2
593 9
593 16
593 254
593 529
594 0
594 6
594 10
594 179
594 436
594 1485
594 248
594 164
594 514
594 397
595 0
595 6
595 18
595 27
595 31
595 78
595 182
595 202
595 483
595 521
595 1136
595 764
595 663
595 111
595 1296
595 371
595 378
595 1268
595 928
595 852
595 662
596 0
596 2
596 3
596 4
596 5
596 13
596 573
597 0
597 6
597 18
597 32
597 289
597 606
597 628
597 1031
597 291
597 131
598 0
598 65
598 79
598 146
598 207
598 559
598 1246
598 1028
598 324
598 1396
598 522
600 0
600 2
601 0
601 2
601 77
601 82
601 152
601 163
601 426
601 952
601 132
601 1110
602 0
602 6
602 18
602 288
604 0
604 2
604 3
604 11
604 24
604 140
605 0
605 2
605 3
605 4
605 5
605 13
605 250
606 0
606 2
606 3
606 37
606 344
606 387
606 415
606 1127
606 1066
606 242
606 796
606 115
606 1493
606 728
606 772
606 1080
606 687
607 0
607 2
607 3
607 4
607 5
607 13
607 183
607 909
607 1178
607 360
607 766
607 1478
607 862
608 0
608 6
608 18
608 32
608 693
608 1462
608 325
608 772
608 122
608 135
608 1188
608 305
608 1384
608 506
611 0
611 6
611 18
611 21
611 89
611 190
611 311
611 470
612 0
612 2
612 3
612 4
612 5
612 13
612 117
612 1025
612 926
612 1471
612 435
613 0
613 6
613 18
613 27
613 99
613 267
614 0
614 6
614 18
614 21
614 132
615 0
615 6
615 10
615 19
615 22
615 217
615 444
615 570
616 0
616 2
616 3
616 11
616 12
616 42
616 265
616 309
616 398
617 0
617 6
617 10
617 347
617 480
618 0
618 2
618 14
618 47
618 52
618 203
618 236
618 767
618 836
618 1216
618 620
618 545
618 1397
618 963
618 965
618 92
618 611
618 422
618 1468
619 0
619 6
619 114
619 131
619 181
619 319
619 217
619 1359
619 1072
619 157
619 481
620 0
620 2
620 3
620 41
620 287
620 673
620 1098
620 459
620 67
621 0
621 2
621 3
621 11
621 61
621 64
621 452
621 494
621 626
621 117
621 170
622 0
622 6
622 10
622 347
622 480
622 617
622 1385
622 91
622 1175
622 788
622 508
622 1352
623 0
623 145
623 340
623 259
623 1152
623 89
623 1416
623 694
623 527
623 872
623 1365
623 1246
623 698
623 173
624 0
624 2
624 3
624 4
624 5
624 13
624 20
624 192
624 1218
624 775
624 1428
624 1367
624 322
624 726
624 485
624 634
624 881
624 1035
624 1267
626 0
626 1
626 43
626 278
626 292
627 0
627 6
627 114
627 131
627 181
627 319
627 681
627 17
627 955
627 939
627 875
627 1413
627 405
627 187
627 818
627 109
627 492
628 0
628 2
628 14
628 59
628 137
628 166
628 216
628 144
628 551
628 1051
628 586
628 677
629 0
629 1
629 43
629 51
629 62
629 139
629 1160
629 1498
629 846
629 317
629 1108
629 1467
629 446
629 176
629 384
629 1377
629 31
629 339
629 340
630 0
630 2
630 9
630 16
630 49
630 168
630 451
630 441
630 231
630 769
630 1194
631 0
631 2
631 14
631 59
631 137
631 166
631 216
631 118
631 372
631 1004
631 413
631 1379
631 237
631 1181
631 45
631 1395
631 176
632 0
632 2
632 3
632 4
632 5
632 13
632 56
632 17
632 1457
632 1494
632 1036
633 0
633 2
633 14
633 59
634 0
634 6
634 10
634 19
634 22
634 60
634 106
634 282
635 0
635 2
635 9
635 15
635 44
635 76
636 0
636 2
636 77
636 83
636 115
636 302
636 321
636 144
636 1245
636 565
636 1363
637 0
637 6
637 114
637 131
637 181
637 122
637 222
637 1463
637 903
637 1352
638 0
638 6
638 18
639 0
639 6
639 18
639 27
639 31
639 78
639 182
639 202
639 483
639 521
639 301
639 742
639 324
639 43
639 955
640 0
640 6
640 18
640 21
640 29
640 100
640 327
640 929
640 764
640 418
640 1212
640 913
642 0
642 6
642 18
642 1227
642 514
642 1026
642 1259
642 1234
642 869
642 1198
642 578
642 648
642 474
643 0
643 65
643 79
644 0
644 6
644 18
644 32
644 289
644 348
645 0
645 6
645 10
645 19
645 22
645 122
646 0
646 6
646 10
646 19
646 22
646 144
646 244
646 384
646 740
646 1176
646 926
646 670
646 1285
646 86
647 0
647 2
647 3
647 37
647 344
648 0
648 6
648 18
648 21
648 29
648 155
648 164
648 195
648 1044
648 1115
648 496
648 61
648 761
649 0
649 2
649 3
649 4
649 17
649 389
650 0
650 2
650 9
650 16
650 254
650 537
650 1340
650 1195
650 1053
650 914
650 785
650 201
650 617
651 0
651 2
651 14
651 59
651 137
651 166
651 172
651 1018
651 940
651 1199
651 1274
651 53
652 0
652 2
652 3
652 4
652 5
652 160
652 264
653 0
653 6
653 18
653 414
653 506
655 0
655 2
655 9
655 15
655 44
655 161
655 104
655 177
655 118
655 1067
655 869
656 0
656 2
656 3
656 11
656 645
656 1067
656 152
656 1083
656 733
657 0
657 6
657 10
657 19
657 25
657 393
657 656
657 377
657 796
657 115
658 0
658 263
658 537
658 1364
658 807
658 1058
659 0
659 1
659 45
659 58
659 555
659 914
659 796
659 844
659 352
659 203
659 226
659 470
659 1186
659 676
659 1043
659 1172
660 0
660 2
660 9
660 16
660 185
660 32
660 349
660 856
660 1097
660 415
660 474
660 1178
660 220
660 559
661 0
661 2
661 14
661 47
661 52
662 0
662 2
662 14
662 47
662 52
662 71
662 97
662 416
662 339
662 635
662 10
662 283
662 649
662 584
662 19
662 383
662 343
663 0
663 2
663 3
663 11
663 12
663 42
663 192
663 710
663 41
663 882
663 391
663 1028
664 0
664 2
664 3
664 4
664 5
664 118
664 234
665 0
665 2
665 3
665 4
665 5
665 13
665 425
665 972
665 930
665 618
665 483
665 41
665 741
665 586
665 372
665 20
666 0
666 6
666 18
666 273
666 434
666 71
666 888
666 141
666 1059
667 0
667 2
667 9
667 96
667 1245
667 1053
667 1445
667 1423
669 0
669 1
669 43
669 51
669 62
669 139
669 616
669 465
669 210
669 173
669 531
670 0
670 2
670 3
670 4
670 17
670 389
670 418
670 948
670 711
670 165
670 544
670 32
670 1423
670 1124
670 606
670 550
672 0
672 6
672 10
672 19
672 22
672 63
672 1201
672 1398
672 1083
672 185
672 885
673 0
673 2
673 14
673 59
673 137
673 232
673 840
673 740
673 80
673 784
673 273
673 1367
673 873
673 1137
673 1359
673 1293
674 0
674 6
674 18
674 21
674 29
674 155
674 164
674 195
674 218
674 1351
674 807
674 728
674 987
674 1083
674 1238
674 875
674 86
674 507
674 451
674 278
675 0
675 2
675 3
675 11
675 24
675 147
675 427
676 0
676 6
676 18
676 27
676 31
676 78
676 182
676 202
676 483
676 521
676 89
676 1238
676 555
676 1212
676 29
676 661
676 1473
676 184
676 1127
676 565
677 0
677 2
677 3
677 4
677 5
677 13
677 250
677 315
677 459
677 503
677 814
677 1267
679 0
679 6
679 18
679 210
679 305
679 322
679 1164
679 1122
679 842
679 177
679 1427
679 1283
679 781
679 147
679 924
679 1463
679 393
679 559
679 1328
679 49
679 613
681 0
681 2
681 3
681 37
681 111
681 352
681 999
681 335
681 1321
684 0
684 6
684 18
684 27
684 31
684 78
684 1055
684 79
684 900
684 1449
684 530
684 81
684 249
684 429
684 825
685 0
685 1
685 43
685 51
685 62
685 139
685 291
685 316
685 205
685 987
685 867
685 772
685 591
685 1350
685 503
685 1153
685 144
685 91
685 282
685 1380
687 0
687 2
687 14
687 59
687 137
687 324
687 572
687 91
687 133
687 444
687 262
687 1401
687 1161
688 0
688 6
688 18
688 27
688 99
688 180
688 1367
688 446
688 961
688 1195
689 0
689 6
689 18
689 21
689 89
689 190
690 0
690 2
690 3
690 11
690 12
690 42
690 265
690 309
690 964
690 1462
690 1296
690 522
690 1192
691 0
691 2
691 9
691 16
691 28
691 57
691 196
692 0
692 2
692 3
692 4
692 5
692 13
692 134
692 149
692 607
692 1393
692 65
692 923
693 0
693 2
693 3
693 4
693 5
693 13
693 425
693 354
693 1220
693 337
693 177
694 0
694 2
694 3
694 4
694 5
694 13
696 0
696 2
696 3
696 4
696 5
696 118
696 129
696 321
696 752
696 99
696 1197
697 0
697 6
697 18
697 27
697 213
698 0
698 2
698 9
698 16
698 28
698 57
698 1398
698 136
698 398
698 271
698 5
698 1189
698 752
698 194
698 384
698 80
699 0
699 2
699 9
699 16
699 28
699 57
699 698
699 1266
699 761
699 1378
699 1456
699 99
699 1056
699 458
699 948
699 1134
699 1401
699 233
700 0
700 6
700 10
700 19
700 22
700 122
700 259
700 356
701 0
701 2
701 3
701 4
701 5
701 13
701 134
701 165
701 752
701 1285
701 667
701 1492
701 1071
701 254
701 1364
701 545
701 929
701 14
701 848
701 506
701 930
701 364
701 483
701 1193
701 1089
701 550
702 0
702 2
702 9
702 15
702 44
702 161
702 783
702 786
702 487
702 1408
702 1206
702 452
702 521
702 1238
702 251
702 1217
702 1381
704 0
704 6
704 18
704 27
704 31
704 440
704 585
704 448
704 316
704 1356
704 1352
704 494
705 0
705 6
705 114
705 131
705 181
705 319
705 627
705 26
705 677
705 639
705 1368
705 413
706 0
706 6
706 10
706 19
706 25
706 393
707 0
707 2
707 3
707 41
707 287
708 0
708 6
708 18
708 21
708 286
708 506
708 1321
708 1311
708 348
708 1021
710 0
710 1
710 43
710 51
710 62
710 69
710 407
710 1148
710 238
710 865
710 676
710 1142
711 0
711 2
711 3
711 4
711 5
711 160
711 762
711 1071
711 861
712 0
712 2
712 3
712 41
715 0
715 2
715 9
715 15
715 44
715 76
715 296
715 462
718 0
718 6
718 18
718 21
718 89
718 395
718 1227
718 550
718 460
718 1197
718 1095
718 1020
719 0
719 2
719 77
719 83
719 115
719 302
719 321
719 341
719 549
719 1296
719 1108
719 234
719 1204
719 1203
719 1234
719 1213
719 635
719 1085
719 497
719 98
719 100
719 31
719 1217
719 1206
720 0
720 6
720 10
720 19
720 22
720 122
720 259
720 300
720 527
721 0
721 6
721 18
721 21
721 89
721 176
721 614
721 833
721 1238
721 852
722 0
722 2
722 77
722 82
722 382
722 453
723 0
723 6
723 10
723 19
723 22
723 263
723 269
723 867
723 468
723 442
723 1077
723 45
723 775
723 580
723 1282
723 649
723 702
723 827
723 1089
723 1390
723 756
723 166
726 0
726 2
726 9
726 96
726 187
726 489
726 584
726 380
726 1373
726 784
726 291
728 0
728 6
728 10
728 19
728 22
728 456
728 970
728 1365
728 891
728 1179
728 1308
729 0
729 6
729 18
729 273
729 434
729 666
729 1322
729 899
729 1053
729 909
729 232
731 0
731 2
731 3
731 4
731 5
731 13
731 250
731 605
731 1151
731 66
731 195
731 1185
731 749
731 1489
731 1307
732 0
732 6
732 18
732 21
732 89
732 1175
732 658
732 1367
732 143
732 930
733 0
733 6
733 10
733 19
733 22
733 217
733 444
733 570
733 615
733 70
733 762
733 820
733 618
733 706
733 840
733 331
733 1120
733 244
734 0
734 2
734 9
734 15
734 44
735 0
735 6
735 18
735 21
735 89
736 0
736 2
736 77
736 82
736 152
737 0
737 1
737 43
737 51
737 62
737 139
737 177
740 0
740 2
740 3
740 37
740 111
740 352
741 0
741 65
741 79
741 130
741 307
741 92
741 965
741 799
742 0
742 2
742 310
745 0
745 2
745 14
745 59
745 1443
745 705
745 1166
745 1023
745 523
745 915
745 876
745 1485
745 131
745 777
745 750
745 771
745 982
745 685
745 827
745 1035
745 80
745 931
745 531
745 1453
745 233
745 1160
745 1142
745 543
745 873
748 0
748 2
748 14
748 59
748 109
748 277
748 60
748 1153
748 1186
748 219
748 248
748 571
748 1408
749 0
749 1
749 45
749 58
749 655
749 389
749 721
749 99
749 1234
749 1308
749 229
749 750
749 1435
749 1480
749 578
749 1328
749 1038
749 447
749 194
749 507
749 650
749 1494
750 0
750 6
750 18
750 32
750 289
750 348
750 644
750 1381
750 510
750 979
750 1026
750 873
751 0
751 65
751 79
751 121
751 1428
751 639
751 1123
751 1005
751 700
751 612
751 1239
751 63
751 1175
752 0
752 2
752 9
752 15
752 44
752 161
752 1363
752 580
752 159
752 321
752 1181
752 760
752 114
752 1059
752 570
752 267
752 1308
754 0
754 6
754 18
754 27
754 99
754 124
754 194
754 219
755 0
755 6
755 18
755 27
755 99
755 761
755 634
755 770
755 611
755 978
755 45
756 0
756 2
756 3
756 11
756 12
756 42
756 192
756 663
756 87
756 1262
756 1105
756 1275
756 745
756 1231
757 0
757 6
757 10
757 19
757 22
757 217
757 444
757 120
757 498
757 1072
757 86
757 1347
757 928
757 532
757 1091
757 14
757 1076
757 932
757 728
758 0
758 65
758 79
758 146
758 171
760 0
760 6
760 18
760 21
760 286
760 708
760 186
760 372
760 1488
760 1462
760 469
760 1354
760 1041
760 41
761 0
761 2
761 3
761 4
761 279
761 776
761 232
761 525
761 322
761 454
761 770
761 240
761 1229
761 352
762 0
762 6
762 10
762 19
762 22
762 60
762 496
763 0
763 2
763 14
763 47
763 52
763 1206
763 900
763 515
763 454
763 65
763 650
763 347
763 600
763 556
763 282
763 318
763 1296
763 923
763 910
763 507
763 1487
764 0
764 2
764 14
764 47
764 52
764 71
764 97
764 120
764 698
764 344
764 1125
764 92
764 704
764 681
764 1351
764 1122
764 15
764 1072
764 407
764 427
764 328
764 1005
764 104
764 720
765 0
765 6
765 10
765 1497
765 1206
765 1381
766 0
766 6
766 18
766 580
766 761
766 958
766 1
766 216
766 721
766 1039
766 1078
766 99
766 1061
766 729
767 0
767 1
767 43
767 113
767 353
767 366
768 0
768 6
768 10
768 19
768 22
768 122
768 259
768 300
768 527
768 720
768 1214
768 1497
768 592
768 1107
768 502
768 900
769 0
769 6
769 10
769 19
769 22
770 0
770 1
770 43
770 278
770 292
771 0
771 2
771 3
771 37
771 344
771 1449
771 367
771 513
771 25
771 78
771 114
771 1331
771 536
771 854
771 1053
772 0
772 1
772 43
772 1434
772 1122
772 133
773 0
773 6
773 10
773 953
773 198
773 1194
773 166
773 245
774 0
774 6
774 10
774 765
774 42
774 143
774 1429
774 955
775 0
775 2
775 3
775 11
775 12
775 42
775 192
775 663
775 1350
775 481
775 439
776 0
776 6
776 104
776 1058
776 20
776 952
776 667
776 722
776 1161
777 0
777 2
777 3
777 11
777 24
777 140
777 385
777 1401
777 1146
777 1056
777 338
777 1153
777 393
778 0
778 2
778 3
778 4
778 5
778 26
778 982
778 174
778 264
778 1337
778 1119
778 1488
778 1383
778 863
778 301
778 148
779 0
779 6
779 18
779 21
779 286
779 40
779 135
779 349
779 742
780 0
780 2
780 3
780 4
780 5
780 13
780 250
780 1364
780 840
780 1044
780 57
780 876
780 881
781 0
781 6
781 18
781 27
781 99
781 256
781 345
781 503
781 563
781 963
781 1294
781 330
781 944
781 583
781 22
781 1469
781 469
781 1160
782 0
782 2
782 3
782 37
782 111
782 352
782 681
782 66
782 379
782 1305
782 369
782 165
782 1205
782 394
782 790
782 231
783 0
783 6
783 18
783 638
784 0
784 2
784 3
784 4
784 5
784 13
784 1486
784 1053
784 1005
784 77
784 1109
785 0
785 6
785 10
785 19
785 25
785 54
785 70
785 580
785 303
785 17
785 241
785 774
785 1056
785 967
785 587
785 693
785 958
785 1004
785 215
785 1325
785 755
785 112
786 0
786 2
786 9
786 15
786 112
786 208
787 0
787 2
787 77
787 83
787 115
787 302
787 321
787 636
787 933
787 1375
787 98
787 674
787 1067
787 1003
788 0
788 2
788 9
788 16
788 49
788 168
788 511
788 80
788 606
788 1138
789 0
789 2
789 3
789 37
789 111
789 352
789 971
789 1495
789 1261
789 1252
789 672
789 697
790 0
790 6
790 18
790 27
790 31
790 440
790 585
790 704
792 0
792 2
792 3
792 4
792 5
792 13
792 573
792 503
792 207
792 508
792 952
792 622
792 232
793 0
793 6
793 18
793 21
793 286
793 334
793 1313
793 324
793 1063
793 1378
793 1199
793 189
793 1157
793 367
793 1440
793 310
793 718
793 418
793 501
793 407
795 0
795 6
795 18
795 27
795 31
795 440
795 447
796 0
796 6
796 18
796 638
796 783
796 961
796 222
796 1241
796 164
796 287
796 1077
796 763
796 872
796 334
796 790
798 0
798 2
798 77
798 83
798 115
799 0
799 2
799 9
799 16
799 49
799 168
799 511
799 788
799 994
799 465
799 346
799 405
799 825
799 248
799 1343
799 463
799 219
802 0
802 2
802 3
802 37
802 344
802 771
802 60
802 1430
802 158
802 1096
802 1052
803 0
803 1
803 43
803 278
803 292
804 0
804 6
804 18
804 27
804 99
804 124
804 194
804 219
804 754
807 0
807 65
807 79
807 121
807 1033
807 770
807 666
807 956
807 947
807 1192
807 1368
807 892
808 0
808 2
808 3
808 4
808 5
808 13
808 250
808 207
808 60
808 1456
808 1234
808 1004
808 439
808 277
808 394
808 171
810 0
810 2
810 3
810 4
810 5
810 13
810 573
810 596
810 1384
810 474
810 37
810 604
810 561
810 124
810 972
810 29
810 531
810 1051
810 1213
810 1364
811 0
811 6
811 18
811 32
811 289
811 348
811 1083
811 814
811 1478
811 1015
811 195
812 0
812 2
812 3
812 11
812 24
812 140
812 153
812 1279
812 1114
812 563
812 334
814 0
814 6
814 18
814 21
814 89
814 190
814 311
814 519
815 0
815 1
815 43
815 51
815 62
815 139
815 1271
815 176
815 751
815 106
815 9
815 1098
815 78
815 832
815 1437
815 769
815 856
815 624
815 158
815 1003
815 909
815 1012
815 977
817 0
817 6
818 0
818 2
818 9
818 15
818 44
818 76
818 635
819 0
819 6
819 18
819 21
819 286
819 1397
819 1171
819 1003
819 186
819 272
819 1447
819 331
819 319
819 1110
820 0
820 6
820 18
820 210
820 305
820 371
820 1005
820 542
820 186
820 307
820 560
822 0
822 6
822 18
822 27
822 31
822 391
822 399
822 1018
822 1211
822 1009
822 372
822 1460
822 380
822 921
822 1093
822 419
822 755
822 1469
822 1274
822 337
822 979
822 1470
822 120
822 1383
822 606
822 434
825 0
825 6
825 10
825 773
826 0
826 2
826 3
826 4
826 5
826 13
826 134
826 165
827 0
827 2
827 14
827 59
827 137
827 324
827 572
827 687
827 554
827 840
827 647
827 112
827 1020
828 0
828 2
828 9
828 16
828 535
828 124
828 363
828 1437
828 1183
828 1274
829 0
829 2
829 14
829 47
829 52
829 71
829 97
829 120
829 381
829 534
829 537
829 1463
829 937
829 1056
829 1498
831 0
831 2
831 14
831 47
831 52
831 71
831 97
831 120
831 381
831 534
832 0
832 6
832 18
832 27
832 31
832 170
833 0
833 65
833 79
833 146
833 207
833 1265
833 689
833 1285
833 643
833 316
834 0
834 2
834 9
834 16
834 49
834 168
836 0
836 2
836 3
836 11
836 12
836 42
836 192
836 400
837 0
837 2
837 14
837 59
837 639
837 1481
837 1442
837 1312
837 1401
837 463
837 1152
837 98
837 891
837 967
837 100
837 64
837 398
837 1300
838 0
838 2
838 3
838 4
838 5
838 13
838 53
838 532
838 1311
839 0
839 2
839 3
839 11
839 220
839 802
839 77
839 1289
839 1108
839 302
839 471
840 0
840 2
840 3
840 4
840 5
840 13
840 134
840 149
841 0
841 2
841 3
841 4
841 5
841 13
841 117
842 0
842 1
842 45
842 58
842 1240
842 342
842 1159
842 1243
843 0
843 6
843 18
843 210
843 362
843 135
843 1138
843 959
843 149
843 1324
843 1250
843 891
843 1220
844 0
844 6
844 10
844 19
844 25
844 54
844 70
844 489
844 369
844 708
844 43
844 1242
844 556
846 0
846 6
846 10
846 19
846 22
846 263
848 0
848 2
848 14
848 476
848 518
849 0
849 2
849 14
849 476
849 518
849 848
849 1182
851 0
851 1
851 101
852 0
852 2
852 3
852 4
852 279
852 473
852 126
852 1106
852 380
853 0
853 2
853 3
853 11
853 61
853 64
853 135
853 839
853 40
853 339
853 959
853 449
853 1449
853 17
854 0
854 2
854 3
854 4
854 5
854 13
854 573
854 596
855 0
855 6
855 18
855 27
855 213
855 308
855 842
855 586
855 658
855 1029
855 1236
856 0
856 6
856 10
856 425
856 523
856 838
856 133
856 272
859 0
859 2
859 3
859 37
859 111
859 352
861 0
861 6
861 10
861 765
861 774
861 92
861 393
861 1340
862 0
862 2
862 3
862 4
862 5
862 13
862 183
863 0
863 6
863 114
863 131
863 181
863 319
863 627
863 397
863 849
863 783
863 1105
863 1095
863 283
864 0
864 2
864 3
864 4
864 5
864 118
864 129
864 141
864 206
864 466
864 523
864 132
864 188
864 927
864 396
865 0
865 1
865 101
865 851
865 627
865 1098
865 959
865 205
865 366
865 1119
865 1090
865 1241
865 653
865 1173
865 594
865 1004
865 779
865 612
865 377
866 0
866 1
866 43
867 0
867 2
867 3
867 37
867 344
867 387
867 606
869 0
869 6
869 18
869 27
869 99
869 124
869 582
869 1435
869 627
869 954
869 1238
869 883
869 754
869 469
869 769
869 403
869 844
869 1489
869 985
869 1291
869 1282
869 854
869 667
869 1249
869 1215
869 485
869 41
869 1115
869 631
870 0
870 2
870 3
870 37
870 111
870 352
870 681
872 0
872 6
872 18
872 27
872 31
872 78
872 182
872 318
872 513
872 209
872 1463
872 688
872 67
872 512
872 1345
872 848
872 1243
872 938
872 1464
872 897
872 416
872 1258
872 1277
872 62
872 602
873 0
873 2
873 9
873 15
873 44
873 198
873 467
875 0
875 2
875 3
875 37
875 111
875 352
875 681
876 0
876 2
876 3
876 4
876 5
876 26
876 855
876 432
876 1214
876 1464
876 100
876 1372
876 497
876 1136
881 0
881 6
881 18
881 32
882 0
882 6
882 10
882 19
882 22
882 144
882 226
882 988
882 1023
882 250
882 115
882 97
883 0
883 6
883 18
883 288
883 1019
883 185
883 1423
883 55
883 163
883 1
883 14
883 139
883 702
883 1044
885 0
885 2
885 3
885 37
885 111
885 352
885 438
885 803
885 972
885 1062
885 12
885 689
887 0
887 2
887 14
887 47
887 52
887 71
887 97
887 98
887 154
887 159
887 750
887 352
887 926
887 381
888 0
888 6
888 18
888 21
888 29
888 155
888 164
888 1486
888 1246
888 120
888 300
889 0
889 1
889 43
889 51
889 62
889 139
890 0
890 2
890 3
890 37
890 344
890 368
890 13
890 1392
890 71
890 1117
890 329
890 1430
890 171
890 438
890 798
890 339
890 1305
890 6
890 775
890 748
890 799
890 273
890 494
891 0
891 6
891 10
891 765
892 0
892 1
892 43
892 51
892 62
892 139
892 815
892 1095
892 728
894 0
894 2
894 3
894 4
894 17
894 495
896 0
896 2
896 77
896 83
896 115
896 302
896 321
896 341
896 55
896 961
896 534
896 666
897 0
897 6
897 18
897 27
897 99
897 124
897 156
897 432
897 229
897 339
897 707
897 277
897 1300
899 0
899 2
899 3
899 4
899 279
899 1101
899 1479
899 226
899 366
899 929
899 571
899 595
899 1280
899 355
899 421
899 1076
899 1213
899 1478
899 539
899 62
899 98
899 1262
899 41
899 1009
899 445
899 1152
900 0
900 2
900 14
900 47
900 52
900 71
900 97
900 98
900 154
900 159
900 887
900 1124
900 205
900 693
900 1386
900 606
900 623
900 523
900 96
900 1394
900 604
900 209
901 0
901 2
901 14
901 476
901 518
901 848
902 0
902 2
902 3
902 37
902 344
902 968
902 1150
902 86
902 525
902 445
903 0
903 6
903 18
903 27
903 31
903 953
903 1487
903 1119
903 62
903 187
903 1460
903 248
903 1212
903 527
905 0
905 6
905 18
905 288
905 883
906 0
906 2
906 3
906 4
906 5
906 13
906 134
906 149
906 299
906 362
906 416
906 616
906 810
907 0
907 2
907 3
907 4
907 279
907 899
907 712
907 463
907 620
907 865
907 1001
909 0
909 2
909 3
909 4
909 5
909 13
909 298
909 364
909 906
909 796
909 1308
910 0
910 2
910 77
910 82
910 382
910 453
910 167
910 417
910 58
910 1224
910 785
910 164
913 0
913 2
913 14
913 47
913 52
913 203
913 236
913 618
913 158
913 1238
913 395
913 223
913 189
913 207
913 693
913 1279
913 174
913 334
914 0
914 2
914 9
914 16
914 28
914 103
914 125
914 357
914 363
915 0
915 2
915 3
915 37
915 111
915 352
915 681
915 875
915 1041
915 161
915 1339
915 905
915 685
915 781
915 1038
915 704
915 5
915 424
915 1480
916 0
916 6
916 18
916 21
916 29
921 0
921 6
921 18
921 27
921 31
921 636
921 344
921 594
921 926
921 629
921 578
921 576
921 1473
921 545
921 443
921 355
921 173
921 783
922 0
922 6
922 18
922 21
922 286
922 708
922 760
922 217
922 1449
922 458
922 1267
922 1164
922 1023
922 1456
922 448
922 1172
922 1256
922 186
922 1356
922 981
922 425
923 0
923 2
923 310
923 380
923 542
924 0
924 6
924 10
924 238
924 1067
924 84
924 1282
924 277
924 149
924 711
926 0
926 2
926 3
926 4
926 5
926 118
926 129
927 0
927 2
927 9
927 16
927 185
927 262
927 210
927 612
927 384
927 1396
927 472
927 1267
928 0
928 2
928 9
928 16
928 254
928 650
929 0
929 2
929 3
929 4
929 17
929 495
929 894
929 219
929 1091
929 524
929 611
929 420
929 612
929 674
929 126
929 238
929 346
929 807
930 0
930 1
930 45
930 58
930 555
930 876
930 1009
931 0
931 65
931 79
931 92
932 0
932 2
932 310
932 675
932 196
932 244
932 687
933 0
933 2
933 3
933 4
933 5
933 118
933 234
933 664
934 0
934 2
934 3
934 4
934 5
934 13
934 250
935 0
935 2
935 14
935 47
935 52
935 338
935 436
935 762
935 274
935 719
936 0
936 2
936 14
936 47
936 1136
936 651
936 161
936 303
936 1160
936 547
936 915
936 1126
936 1479
936 338
936 1002
936 467
936 1274
936 130
937 0
937 2
937 9
937 1023
937 768
937 1447
937 827
937 1216
937 613
937 124
937 393
937 903
937 1198
938 0
938 6
938 10
938 19
938 22
938 224
938 779
938 674
938 1485
938 1417
938 343
939 0
939 6
939 10
939 19
939 25
939 248
939 1124
939 619
939 144
940 0
940 2
940 14
940 59
940 137
940 166
940 232
940 643
940 1476
940 859
940 627
940 838
940 1364
940 441
940 1360
940 1262
940 782
940 733
940 843
940 883
940 867
944 0
944 2
944 3
944 11
944 325
944 234
944 91
944 1439
944 638
944 748
945 0
945 1
945 86
945 138
945 253
945 124
945 84
945 881
945 903
945 339
945 856
945 415
945 669
945 1366
945 383
945 1063
945 320
945 840
946 0
946 6
946 10
946 19
946 22
946 122
946 259
946 968
946 734
946 991
946 492
947 0
947 2
947 3
947 4
947 5
947 13
947 250
947 1270
947 159
947 1227
947 1285
947 785
947 580
948 0
948 2
948 9
950 0
950 1
950 43
950 278
950 292
950 770
951 0
951 2
951 3
951 4
951 17
951 384
951 296
951 971
951 1406
951 28
951 638
951 841
951 97
951 357
951 707
951 177
951 650
951 1237
951 150
951 422
951 1098
951 164
951 315
951 1255
951 1071
951 1494
951 222
951 789
951 1345
951 248
952 0
952 1
952 43
952 772
952 264
952 1304
952 347
952 967
952 776
953 0
953 6
953 10
953 19
953 25
953 1407
953 963
953 882
953 892
954 0
954 2
954 77
954 83
954 115
954 302
954 97
954 1131
954 452
954 314
954 1211
954 1138
954 51
955 0
955 2
955 3
955 4
955 5
955 13
955 183
955 607
955 959
955 1145
955 249
955 126
955 484
955 463
955 446
955 371
955 530
956 0
956 1
956 43
956 51
956 62
956 139
956 177
956 737
956 1012
956 675
956 1251
956 637
958 0
958 2
958 9
958 16
958 254
958 650
959 0
959 2
959 3
959 11
959 12
960 0
960 6
960 18
960 273
960 434
960 666
961 0
961 2
961 3
961 11
961 12
961 42
961 192
961 400
961 836
961 205
961 1209
961 1250
961 1418
961 620
961 207
961 660
961 1469
961 288
962 0
962 1
962 43
962 51
962 62
962 139
962 629
962 1058
962 254
962 607
962 290
962 887
963 0
963 1
963 43
963 51
963 62
963 139
963 629
963 962
964 0
964 2
964 9
964 15
964 44
964 76
964 296
964 354
965 0
965 2
965 3
965 4
965 5
965 13
965 134
965 186
966 0
966 65
966 79
966 130
966 307
966 741
966 252
966 927
966 595
966 1110
966 629
966 719
967 0
967 2
967 3
967 4
967 5
967 13
967 134
967 149
967 204
968 0
968 2
968 14
968 47
968 52
968 71
968 97
968 98
968 154
968 159
968 887
969 0
969 6
969 18
969 21
969 132
969 493
969 465
969 1284
969 184
969 1393
969 591
970 0
970 1
970 45
970 58
970 758
970 170
970 184
970 1434
970 288
970 1187
971 0
971 6
971 18
971 288
971 400
971 517
971 1298
971 180
971 1471
971 419
971 118
971 785
971 369
972 0
972 6
972 10
972 19
972 25
972 393
972 657
972 674
972 472
972 1119
972 975
972 462
974 0
974 2
974 3
974 4
974 17
974 389
974 649
974 592
974 104
974 1336
974 89
974 519
975 0
975 1
975 45
975 58
977 0
977 6
977 10
977 19
977 22
977 201
978 0
978 145
978 340
978 623
979 0
979 2
979 3
979 41
979 1279
979 1354
979 1107
979 78
979 113
979 249
979 1265
979 757
979 1025
979 1277
979 1262
979 380
979 144
979 432
981 0
981 2
981 3
981 4
981 5
981 118
981 129
982 0
982 6
982 18
982 32
982 80
982 1298
982 316
982 901
982 981
982 998
982 137
982 138
982 899
982 1381
982 693
983 0
983 2
983 3
983 4
983 143
983 1004
983 249
983 184
983 524
983 628
983 176
983 1448
983 1277
983 1120
983 966
983 1325
983 765
983 658
983 1498
983 98
985 0
985 2
985 14
985 47
985 52
985 1442
985 1096
985 607
985 147
985 819
985 544
985 381
985 71
985 249
985 449
985 589
985 553
985 584
985 89
986 0
986 2
986 3
986 41
986 227
986 644
986 1318
986 27
986 1219
986 1366
987 0
987 2
987 3
987 4
987 5
987 13
988 0
988 6
988 18
988 288
988 790
988 1450
988 1117
988 611
988 27
988 570
991 0
991 2
991 9
991 16
991 28
991 57
992 0
992 2
992 14
992 59
992 137
992 324
992 572
992 687
992 827
992 736
992 1261
992 1229
992 301
992 938
993 0
993 2
993 14
993 59
993 137
993 673
993 51
993 1026
993 114
993 506
993 428
994 0
994 6
994 10
994 19
994 22
994 88
994 330
996 0
996 2
996 9
996 16
996 185
998 0
998 65
998 79
998 130
998 307
998 741
998 966
999 0
999 2
999 14
999 47
999 52
999 203
999 236
999 996
999 296
999 1381
999 269
999 888
1000 0
1000 6
1000 10
1000 19
1000 22
1000 217
1001 0
1001 2
1001 3
1001 41
1001 133
1001 946
1001 437
1001 1161
1001 1359
1001 42
1001 1220
1002 0
1002 2
1002 9
1002 15
1002 44
1002 184
1002 715
1002 61
1002 1314
1002 182
1002 775
1002 173
1002 754
1002 253
1002 159
1002 1114
1003 0
1003 2
1003 3
1003 11
1003 24
1003 147
1003 427
1003 522
1004 0
1004 2
1004 3
1004 11
1004 220
1004 839
1004 1369
1004 1464
1004 554
1004 1440
1004 5
1004 400
1004 418
1004 40
1005 0
1005 2
1005 3
1005 4
1005 5
1005 13
1005 250
1005 362
1005 1438
1005 774
1005 230
1005 1441
1009 0
1009 2
1009 3
1009 4
1009 5
1009 13
1009 134
1009 149
1011 0
1011 6
1011 18
1011 21
1011 29
1011 559
1011 1284
1011 498
1011 249
1011 28
1011 718
1011 92
1011 115
1011 381
1011 354
1012 0
1012 2
1012 3
1012 11
1012 24
1015 0
1015 6
1015 10
1015 19
1015 25
1015 54
1015 70
1015 507
1015 676
1015 1449
1015 1494
1016 0
1016 6
1016 18
1016 21
1016 89
1016 176
1016 721
1016 1268
1016 642
1016 632
1016 669
1016 583
1016 342
1016 238
1016 1327
1016 465
1016 1403
1016 1494
1016 1301
1016 1325
1016 383
1017 0
1017 2
1017 3
1017 4
1017 5
1017 13
1017 578
1017 1368
1017 819
1017 1352
1017 1192
1017 262
1017 1253
1017 655
1017 590
1017 196
1017 1285
1018 0
1018 2
1018 14
1018 47
1018 52
1018 71
1018 97
1018 120
1018 381
1018 534
1018 537
1018 139
1018 1413
1018 784
1018 1052
1018 1017
1018 141
1019 0
1019 2
1019 14
1019 47
1019 52
1019 338
1020 0
1020 2
1020 3
1020 4
1020 5
1020 13
1020 134
1020 149
1020 692
1021 0
1021 2
1021 3
1021 37
1021 344
1021 387
1021 606
1021 967
1021 356
1021 65
1021 1185
1021 244
1022 0
1022 2
1022 3
1022 11
1022 24
1022 1012
1022 1283
1022 1083
1022 133
1022 122
1022 663
1023 0
1023 2
1023 3
1023 4
1023 5
1023 118
1023 129
1023 141
1023 372
1025 0
1025 2
1025 77
1025 82
1025 159
1025 811
1025 1266
1025 1429
1025 1248
1026 0
1026 2
1026 9
1026 16
1026 254
1026 650
1028 0
1028 2
1028 9
1028 16
1028 254
1028 172
1028 848
1028 902
1028 788
1028 233
1029 0
1029 2
1029 3
1029 41
1029 712
1029 180
1029 366
1029 545
1029 309
1029 999
1029 926
1029 864
1029 1480
1029 684
1029 531
1030 0
1030 65
1030 79
1030 130
1030 307
1030 741
1030 966
1030 1460
1030 445
1030 817
1030 1091
1030 360
1031 0
1031 2
1031 9
1031 16
1031 185
1031 262
1031 819
1031 1236
1031 1204
1031 277
1031 961
1031 1489
1031 1268
1031 529
1031 242
1031 936
1033 0
1033 6
1033 18
1033 21
1033 286
1033 708
1033 760
1034 0
1034 2
1034 14
1034 47
1034 52
1034 71
1034 97
1034 98
1034 154
1034 159
1034 887
1034 968
1035 0
1035 6
1035 18
1035 21
1035 89
1035 261
1036 0
1036 1
1036 43
1036 113
1036 353
1036 366
1036 371
1038 0
1038 65
1038 79
1038 130
1038 307
1038 592
1039 0
1039 2
1039 3
1039 41
1039 287
1039 620
1039 483
1039 1377
1039 763
1039 267
1039 1411
1039 611
1039 443
1039 601
1039 940
1041 0
1041 6
1041 18
1041 21
1041 29
1041 100
1041 327
1041 600
1041 249
1041 788
1041 994
1041 1045
1041 445
1042 0
1042 2
1042 77
1042 83
1042 115
1042 798
1042 982
1042 487
1042 983
1042 1447
1042 435
1043 0
1043 2
1043 77
1043 82
1043 382
1043 453
1044 0
1044 6
1044 10
1044 773
1045 0
1045 65
1045 79
1045 130
1045 307
1045 592
1045 1038
1046 0
1046 2
1046 3
1046 4
1046 5
1046 118
1046 490
1049 0
1049 2
1049 14
1049 59
1049 137
1049 318
1050 0
1050 6
1050 18
1050 21
1050 29
1050 155
1050 164
1051 0
1051 2
1051 9
1051 16
1051 254
1051 1028
1051 965
1051 1120
1051 837
1051 1463
1051 1118
1052 0
1052 2
1052 3
1052 157
1053 0
1053 6
1053 10
1053 346
1053 546
1053 573
1053 982
1053 1026
1053 1185
1053 659
1055 0
1055 1
1055 86
1055 964
1055 814
1055 958
1055 596
1055 112
1055 293
1055 590
1055 490
1055 1245
1055 953
1055 1091
1055 208
1056 0
1056 6
1056 18
1056 32
1056 289
1056 348
1058 0
1058 6
1058 10
1058 19
1058 22
1058 60
1058 491
1059 0
1059 2
1059 310
1059 932
1059 327
1059 1274
1059 1216
1059 783
1059 962
1059 141
1059 320
1059 1498
1059 217
1059 586
1059 1443
1059 541
1059 956
1059 972
1059 1423
1059 1235
1061 0
1061 2
1061 3
1061 4
1061 5
1061 13
1061 298
1061 364
1061 909
1062 0
1062 6
1062 10
1062 1131
1062 781
1062 369
1062 939
1062 588
1062 233
1062 1437
1062 1329
1062 368
1062 1460
1062 1395
1062 41
1062 1350
1062 383
1063 0
1063 2
1063 9
1063 16
1063 28
1063 57
1063 698
1063 208
1063 855
1063 369
1066 0
1066 2
1066 14
1066 380
1066 1497
1066 1381
1066 1192
1067 0
1067 6
1067 10
1067 19
1067 22
1067 122
1067 259
1067 300
1067 527
1067 720
1067 1295
1067 828
1067 483
1067 1063
1067 1117
1067 251
1067 750
1067 839
1067 1493
1067 600
1068 0
1068 145
1068 340
1068 185
1068 390
1068 1242
1068 852
1068 298
1068 630
1068 1095
1068 726
1068 578
1068 1026
1068 335
1068 425
1068 807
1068 92
1068 875
1068 697
1069 0
1069 6
1069 10
1069 19
1069 25
1069 393
1069 706
1069 362
1069 964
1069 1089
1069 906
1069 89
1069 726
1069 1437
1069 429
1069 1354
1071 0
1071 6
1071 18
1071 27
1071 31
1071 78
1071 182
1071 358
1071 1308
1071 1016
1071 975
1071 883
1072 0
1072 6
1072 18
1072 414
1074 0
1074 6
1074 18
1074 414
1074 506
1074 1131
1074 44
1074 239
1074 807
1074 1274
1074 394
1074 1198
1074 838
1074 1460
1074 457
1076 0
1076 6
1076 18
1076 21
1076 89
1076 150
1076 167
1076 396
1076 417
1076 121
1076 381
1076 839
1076 1074
1076 846
1077 0
1077 2
1077 14
1077 59
1077 137
1077 166
1077 232
1077 456
1077 532
1077 146
1077 658
1077 640
1077 1459
1077 900
1077 520
1077 452
1077 201
1077 47
1077 952
1077 413
1077 591
1078 0
1078 2
1078 3
1078 4
1078 5
1078 118
1078 234
1080 0
1080 6
1080 18
1080 27
1080 99
1080 256
1080 1059
1080 749
1080 926
1080 870
1080 752
1081 0
1081 2
1081 77
1081 82
1081 382
1081 453
1081 1043
1082 0
1082 2
1082 14
1082 47
1082 52
1082 71
1082 97
1082 98
1082 154
1082 159
1082 881
1082 287
1082 397
1082 1115
1082 493
1082 523
1082 267
1082 1477
1083 0
1083 6
1083 10
1083 19
1083 22
1083 217
1083 444
1083 570
1083 615
1083 1440
1083 679
1083 313
1083 118
1083 1106
1083 1311
1084 0
1084 2
1084 9
1084 16
1084 28
1084 229
1084 601
1084 814
1084 1262
1084 1392
1084 844
1085 0
1085 65
1085 79
1085 130
1085 307
1085 427
1085 502
1085 403
1085 1111
1085 244
1085 1476
1085 1116
1085 851
1085 87
1085 839
1085 815
1086 0
1086 6
1086 10
1086 19
1086 25
1086 54
1086 70
1086 507
1086 1015
1089 0
1089 6
1089 18
1089 27
1089 213
1090 0
1090 6
1090 18
1090 27
1090 31
1090 318
1090 1243
1090 434
1090 1380
1090 944
1090 1127
1091 0
1091 6
1091 18
1091 27
1091 99
1091 256
1091 345
1093 0
1093 2
1093 9
1093 15
1093 48
1094 0
1094 2
1094 3
1094 11
1094 12
1094 42
1094 192
1094 31
1094 938
1094 329
1094 16
1094 1240
1095 0
1095 6
1095 10
1095 856
1096 0
1096 2
1096 14
1096 59
1096 137
1096 324
1096 572
1096 687
1096 827
1096 1052
1096 723
1096 468
1096 522
1096 391
1096 1411
1096 974
1096 1106
1097 0
1097 2
1097 3
1097 4
1097 5
1097 13
1097 250
1098 0
1098 1
1098 43
1098 283
1098 486
1098 1281
1098 985
1098 592
1098 811
1098 1477
1098 1094
1098 288
1098 1083
1098 389
1101 0
1101 2
1101 14
1101 59
1101 633
1102 0
1102 2
1102 3
1102 11
1102 12
1102 42
1102 192
1102 400
1102 836
1102 1411
1102 1336
1102 1033
1102 484
1102 132
1102 648
1102 1225
1102 4
1102 605
1105 0
1105 2
1105 14
1105 47
1105 52
1105 577
1105 1426
1105 1384
1105 692
1105 536
1105 749
1106 0
1106 2
1106 9
1106 96
1106 187
1106 489
1106 584
1106 726
1107 0
1107 6
1107 10
1107 346
1107 726
1107 161
1107 1259
1107 100
1107 977
1107 1439
1107 1229
1107 9
1107 177
1107 290
1107 1332
1107 458
1107 1020
1107 1051
1108 0
1108 2
1108 9
1108 16
1108 28
1108 57
1109 0
1109 2
1109 9
1109 15
1109 44
1109 76
1109 635
1109 1244
1109 1082
1109 1332
1109 764
1109 515
1109 856
1109 931
1109 1450
1109 758
1109 873
1110 0
1110 2
1110 14
1110 47
1110 52
1110 71
1110 97
1110 120
1110 381
1110 534
1110 537
1111 0
1111 6
1111 10
1111 19
1111 22
1111 88
1112 0
1112 2
1112 14
1112 59
1112 137
1112 324
1112 572
1112 687
1112 827
1112 992
1112 1248
1112 143
1112 453
1112 1339
1112 1463
1114 0
1114 6
1114 18
1114 27
1114 99
1114 124
1114 194
1114 219
1114 228
1115 0
1115 2
1115 9
1115 16
1115 28
1115 57
1115 930
1115 78
1115 1383
1115 64
1115 222
1115 861
1115 862
1115 55
1115 606
1115 1093
1116 0
1116 2
1116 9
1116 96
1116 187
1116 489
1116 584
1116 726
1116 1270
1116 1412
1116 896
1116 1271
1116 1331
1116 245
1116 635
1116 1046
1116 1089
1117 0
1117 1
1117 43
1117 278
1117 292
1117 803
1117 754
1117 1499
1117 252
1117 1127
1117 534
1118 0
1118 2
1118 9
1118 16
1118 28
1118 57
1119 0
1119 6
1119 18
1119 27
1119 31
1120 0
1120 6
1120 10
1120 19
1120 25
1120 54
1120 53
1120 1185
1120 947
1120 1
1120 1114
1120 1220
1120 1369
1120 501
1120 927
1120 808
1120 1268
1120 888
1120 631
1120 955
1120 852
1120 174
1120 1392
1120 432
1120 384
1120 826
1120 194
1120 1429
1122 0
1122 2
1122 14
1122 47
1122 52
1122 71
1122 97
1122 120
1122 381
1122 277
1122 1251
1122 1383
1122 531
1123 0
1123 2
1123 14
1123 47
1123 52
1123 71
1123 97
1123 120
1123 377
1123 1052
1123 1136
1123 1384
1124 0
1124 2
1124 3
1124 41
1125 0
1125 6
1125 18
1125 414
1125 1072
1126 0
1126 6
1126 10
1126 19
1126 25
1126 393
1126 657
1126 972
1126 529
1126 1322
1126 493
1126 346
1126 799
1126 785
1127 0
1127 2
1127 3
1127 41
1127 287
1127 282
1127 760
1127 141
1127 462
1128 0
1128 2
1128 9
1128 16
1128 254
1128 358
1128 340
1128 970
1128 783
1128 1059
1128 817
1130 0
1130 6
1130 18
1130 638
1130 494
1130 1397
1130 325
1130 661
1130 62
1130 129
1130 1179
1130 1373
1130 946
1130 772
1130 1322
1130 905
1130 766
1130 215
1130 382
1130 247
1130 1411
1130 440
1131 0
1131 2
1131 310
1131 380
1131 542
1131 254
1131 639
1131 174
1131 1227
1131 1003
1131 1234
1131 1042
1131 37
1131 1132
1131 482
1131 732
1131 398
1131 960
1131 522
1131 506
1132 0
1132 2
1132 3
1132 4
1132 5
1132 13
1132 583
1132 1459
1132 843
1132 900
1132 1381
1132 129
1132 554
1132 380
1132 60
1132 520
1132 1473
1132 924
1132 114
1132 56
1132 1337
1132 188
1132 523
1132 1182
1132 303
1133 0
1133 2
1133 14
1133 1175
1133 867
1133 559
1133 106
1134 0
1134 2
1134 3
1134 4
1134 17
1134 389
1134 418
1134 1393
1134 870
1134 1186
1134 115
1134 1493
1134 530
1134 166
1134 345
1134 453
1134 16
1134 381
1136 0
1136 2
1136 9
1136 96
1136 187
1136 489
1136 584
1136 1377
1136 954
1136 1460
1136 966
1137 0
1137 6
1137 18
1137 21
1137 29
1137 155
1137 164
1137 1400
1137 732
1137 1192
1137 899
1137 855
1137 531
1137 165
1137 1237
1137 139
1137 1372
1137 1279
1137 381
1137 64
1137 638
1138 0
1138 2
1138 3
1138 4
1138 5
1138 13
1138 183
1138 607
1138 870
1138 811
1138 259
1138 749
1138 1435
1138 936
1138 1122
1138 1488
1138 115
1138 1407
1138 289
1139 0
1139 6
1139 18
1139 21
1139 286
1139 708
1139 760
1139 841
1139 1083
1139 1266
1142 0
1142 2
1142 9
1142 15
1142 44
1142 198
1142 467
1144 0
1144 2
1144 3
1144 11
1145 0
1145 6
1145 18
1145 32
1145 80
1145 397
1145 1111
1145 1236
1145 1301
1145 684
1145 1426
1145 1391
1145 1396
1145 271
1145 1194
1145 909
1145 1011
1145 1478
1145 258
1145 469
1145 1020
1145 1319
1145 961
1145 3
1145 1425
1145 52
1146 0
1146 2
1146 3
1146 4
1146 5
1146 118
1146 490
1146 985
1146 460
1146 1240
1146 215
1146 338
1146 414
1147 0
1147 65
1147 79
1147 121
1147 751
1147 185
1147 934
1147 1394
1147 710
1147 206
1147 790
1147 530
1147 1486
1147 767
1147 733
1147 1413
1148 0
1148 2
1148 3
1148 4
1148 17
1148 549
1148 1197
1148 1351
1148 188
1148 1365
1148 1238
1148 512
1148 1300
1148 923
1149 0
1149 2
1149 9
1149 16
1149 49
1149 91
1150 0
1150 6
1150 10
1150 856
1150 891
1150 855
1150 944
1151 0
1151 2
1151 3
1151 11
1151 61
1151 64
1151 135
1151 272
1152 0
1152 2
1152 9
1152 15
1152 44
1152 161
1152 752
1152 11
1152 328
1152 1188
1152 302
1152 786
1152 1142
1153 0
1153 2
1153 3
1153 4
1153 5
1153 13
1153 1017
1153 154
1153 1440
1153 591
1153 32
1153 1112
1157 0
1157 2
1157 3
1157 4
1157 279
1157 899
1157 907
1158 0
1158 2
1158 77
1158 83
1158 115
1158 302
1158 321
1158 341
1158 512
1158 451
1158 203
1158 764
1158 916
1158 494
1158 590
1158 1240
1158 296
1158 903
1158 149
1158 1214
1158 796
1158 1097
1158 616
1158 728
1158 712
1158 1353
1158 697
1158 927
1159 0
1159 6
1159 18
1159 32
1159 891
1159 1097
1159 635
1159 2
1159 550
1159 288
1159 585
1159 854
1159 811
1159 1437
1159 1145
1159 1453
1159 239
1159 257
1159 715
1160 0
1160 6
1160 114
1160 131
1160 1314
1160 1186
1160 1019
1160 623
1161 0
1161 6
1161 18
1161 580
1161 766
1161 269
1161 1095
1161 262
1161 124
1161 1485
1162 0
1162 6
1162 10
1162 19
1162 22
1162 999
1162 1145
1162 1408
1162 1004
1162 639
1162 1385
1162 1195
1162 955
1162 382
1164 0
1164 2
1164 9
1164 15
1164 44
1164 76
1164 296
1164 462
1164 482
1164 819
1164 1192
1164 218
1164 180
1164 305
1164 99
1164 1260
1166 0
1166 2
1166 3
1166 11
1166 24
1166 140
1166 153
1166 812
1166 80
1166 1119
1166 1243
1166 1445
1166 999
1166 561
1166 13
1166 547
1166 1230
1166 887
1166 793
1166 486
1166 273
1166 304
1166 1093
1168 0
1168 6
1168 10
1168 19
1168 22
1168 88
1168 407
1168 956
1168 262
1168 634
1168 1247
1168 1126
1168 685
1171 0
1171 6
1171 10
1171 1493
1171 535
1171 403
1171 1398
1172 0
1172 2
1172 9
1172 15
1172 112
1172 231
1173 0
1173 2
1173 77
1173 82
1173 382
1175 0
1175 2
1175 14
1175 47
1175 52
1175 71
1175 97
1175 98
1175 154
1175 159
1175 1082
1176 0
1176 65
1176 79
1176 130
1176 307
1176 741
1176 966
1176 439
1176 125
1176 887
1176 378
1176 460
1176 1334
1176 862
1176 1260
1176 229
1176 669
1176 712
1176 1055
1176 258
1176 251
1176 596
1176 924
1176 1
1176 1051
1176 606
1176 1279
1176 814
1176 1341
1177 0
1177 6
1177 18
1177 21
1177 29
1177 155
1177 164
1177 195
1177 441
1178 0
1178 1
1178 43
1178 51
1178 62
1178 69
1178 1225
1178 216
1178 740
1178 130
1179 0
1179 2
1179 9
1179 15
1179 44
1179 76
1179 296
1179 354
1179 554
1179 965
1179 1160
1179 1094
1179 550
1179 403
1179 618
1179 935
1179 1413
1179 825
1181 0
1181 2
1181 9
1181 16
1181 28
1181 57
1181 698
1181 699
1182 0
1182 6
1182 10
1182 19
1182 22
1182 217
1182 1000
1182 1472
1182 799
1182 424
1182 228
1182 534
1183 0
1183 2
1183 9
1183 16
1183 28
1183 57
1183 698
1183 699
1183 1181
1185 0
1185 2
1185 9
1185 15
1185 44
1185 76
1185 296
1185 354
1185 666
1185 392
1185 287
1185 122
1186 0
1186 2
1186 3
1186 11
1186 24
1186 66
1186 83
1186 666
1186 1251
1186 981
1186 1432
1187 0
1187 2
1187 3
1187 4
1187 5
1187 13
1187 117
1187 1117
1187 772
1187 689
1187 1394
1187 1262
1187 17
1187 832
1187 1468
1187 1499
1188 0
1188 2
1188 9
1188 16
1188 28
1188 57
1188 1108
1188 1314
1188 985
1188 19
1188 131
1189 0
1189 2
1189 9
1189 96
1189 667
1190 0
1190 6
1190 10
1190 378
1190 1093
1190 732
1190 1107
1190 12
1190 99
1190 321
1190 804
1192 0
1192 2
1192 3
1192 4
1192 5
1192 13
1192 298
1192 364
1192 909
1192 1317
1192 1063
1192 431
1193 0
1193 6
1193 10
1193 19
1193 22
1193 217
1194 0
1194 2
1194 3
1195 0
1195 6
1195 18
1195 21
1195 29
1195 155
1195 229
1197 0
1197 2
1197 14
1197 59
1198 0
1198 6
1198 18
1198 288
1198 883
1198 905
1198 635
1198 159
1198 811
1199 0
1199 65
1199 79
1199 146
1199 171
1199 758
1199 1161
1199 252
1199 608
1199 1038
1199 704
1199 77
1201 0
1201 6
1201 18
1201 21
1201 29
1201 100
1201 327
1201 640
1203 0
1203 6
1203 10
1203 19
1203 22
1203 60
1203 106
1203 282
1203 634
1203 1336
1203 677
1203 1390
1203 969
1204 0
1204 1
1204 43
1204 51
1204 62
1204 139
1204 291
1204 316
1204 1153
1204 971
1204 994
1204 1189
1204 239
1204 790
1204 1211
1204 1457
1204 146
1204 251
1205 0
1205 2
1205 3
1205 4
1205 5
1205 118
1205 629
1205 534
1205 1186
1205 726
1205 620
1205 506
1205 1450
1205 1319
1205 396
1205 1360
1205 750
1206 0
1206 6
1206 18
1206 21
1206 89
1209 0
1209 2
1209 9
1209 16
1209 28
1209 57
1209 1118
1210 0
1210 2
1210 14
1210 59
1210 137
1210 673
1210 1080
1210 1002
1210 1183
1210 471
1210 1209
1210 89
1210 28
1210 815
1210 240
1210 1215
1210 1139
1210 563
1210 914
1210 167
1211 0
1211 2
1211 3
1211 4
1211 5
1211 13
1211 573
1211 596
1212 0
1212 6
1212 18
1212 27
1212 213
1212 308
1212 855
1213 0
1213 2
1213 3
1213 11
1213 24
1213 140
1213 385
1213 777
1213 36
1213 481
1213 1322
1213 792
1213 351
1213 602
1214 0
1214 6
1214 10
1214 346
1214 546
1214 1053
1215 0
1215 2
1215 3
1215 157
1215 1052
1215 1309
1215 1293
1215 663
1215 638
1216 0
1216 2
1216 77
1216 82
1216 128
1216 242
1216 251
1216 513
1217 0
1217 2
1217 14
1217 59
1217 137
1217 166
1217 216
1217 628
1217 198
1217 1111
1217 1198
1217 462
1217 179
1217 1298
1218 0
1218 2
1218 9
1218 16
1218 254
1218 556
1219 0
1219 2
1219 9
1219 96
1219 367
1220 0
1220 2
1220 14
1220 47
1220 52
1220 338
1220 163
1220 1356
1220 1034
1220 1243
1220 288
1222 0
1222 2
1222 9
1222 15
1222 44
1222 76
1222 635
1222 818
1223 0
1223 6
1223 18
1223 27
1223 31
1223 78
1223 182
1223 202
1223 483
1223 521
1223 595
1224 0
1224 6
1224 18
1224 27
1224 213
1225 0
1225 2
1225 9
1225 16
1225 28
1225 439
1225 224
1225 792
1225 1098
1225 866
1225 1034
1225 1131
1225 1209
1225 1330
1225 290
1225 215
1225 1068
1225 67
1225 543
1225 1122
1227 0
1227 2
1227 3
1227 37
1227 111
1227 352
1227 681
1227 875
1227 915
1227 1205
1227 1456
1227 660
1227 736
1227 559
1227 1085
1227 742
1227 1341
1227 522
1228 0
1228 6
1228 18
1228 21
1228 29
1228 100
1228 327
1228 1041
1228 3
1228 705
1228 1457
1228 773
1228 719
1229 0
1229 2
1229 3
1229 4
1229 5
1229 13
1229 134
1229 165
1229 701
1229 570
1229 204
1229 750
1229 67
1229 1301
1229 532
1229 226
1229 1214
1229 863
1230 0
1230 6
1230 18
1230 414
1230 506
1230 1074
1231 0
1231 6
1231 10
1231 19
1231 22
1231 88
1231 298
1231 402
1231 349
1231 348
1231 1138
1231 1212
1231 796
1231 470
1231 1072
1232 0
1232 2
1232 14
1232 47
1232 52
1232 71
1232 97
1232 120
1232 764
1233 0
1233 2
1233 3
1233 4
1233 5
1233 118
1233 490
1233 749
1233 108
1233 1494
1233 534
1233 65
1233 810
1233 1413
1233 916
1233 195
1233 974
1233 996
1233 103
1233 796
1233 1059
1233 1152
1233 177
1233 1472
1233 621
1233 807
1233 1289
1234 0
1234 2
1234 14
1234 59
1234 137
1234 318
1234 548
1234 946
1234 1466
1234 434
1234 1488
1234 582
1234 206
1234 1077
1234 837
1235 0
1235 2
1235 9
1235 16
1235 28
1235 57
1236 0
1236 6
1236 10
1236 19
1236 22
1236 263
1236 846
1237 0
1237 1
1237 43
1237 278
1237 292
1237 770
1237 950
1237 1372
1237 576
1237 1332
1237 1260
1237 260
1237 354
1237 1327
1237 1212
1237 1187
1238 0
1238 6
1238 10
1238 19
1238 22
1238 144
1238 226
1238 219
1238 1078
1239 0
1239 6
1239 10
1239 346
1239 546
1239 549
1239 972
1239 186
1239 1072
1239 899
1239 1310
1239 100
1240 0
1240 2
1240 77
1240 83
1240 115
1240 302
1240 321
1240 341
1240 442
1240 216
1240 986
1240 213
1240 512
1241 0
1241 2
1241 9
1241 16
1241 28
1242 0
1242 6
1242 10
1242 19
1242 22
1242 144
1242 226
1242 471
1242 1183
1242 118
1242 595
1242 13
1242 1160
1243 0
1243 6
1243 18
1243 32
1243 80
1243 982
1243 1473
1243 621
1243 420
1243 1295
1243 935
1244 0
1244 2
1244 14
1244 476
1244 518
1245 0
1245 6
1245 10
1245 19
1245 22
1245 122
1245 259
1245 1161
1245 1213
1245 1157
1245 459
1245 174
1246 0
1246 6
1246 18
1246 27
1246 99
1247 0
1247 2
1247 9
1247 16
1247 49
1247 91
1247 715
1247 810
1247 764
1247 667
1247 1268
1247 649
1247 431
1247 1233
1247 1416
1248 0
1248 6
1248 18
1248 27
1248 99
1248 124
1248 194
1248 219
1248 754
1249 0
1249 1
1249 43
1249 283
1249 339
1249 497
1249 1377
1249 763
1249 1107
1249 1447
1249 994
1249 480
1249 679
1250 0
1250 2
1250 3
1250 11
1250 24
1250 140
1250 153
1251 0
1251 2
1251 14
1251 476
1251 518
1252 0
1252 6
1252 18
1252 27
1252 99
1252 451
1252 588
1252 1415
1252 648
1252 1448
1252 381
1252 1384
1252 1377
1252 286
1252 1249
1252 1261
1252 818
1252 310
1252 454
1252 380
1253 0
1253 6
1253 10
1253 19
1253 22
1253 88
1253 561
1255 0
1255 2
1255 3
1255 37
1255 111
1255 214
1255 851
1255 996
1255 63
1255 1171
1256 0
1256 2
1256 3
1256 4
1256 5
1256 13
1256 987
1256 342
1256 643
1256 1372
1256 728
1258 0
1258 2
1258 14
1258 47
1258 52
1258 71
1258 97
1258 120
1259 0
1259 6
1259 18
1259 27
1259 31
1259 921
1259 40
1259 887
1259 1195
1259 693
1259 1493
1259 510
1260 0
1260 6
1260 18
1260 21
1260 89
1260 150
1260 167
1260 396
1260 417
1261 0
1261 2
1261 9
1261 16
1261 254
1261 358
1261 1328
1261 495
1261 304
1261 1068
1261 228
1262 0
1262 2
1262 14
1262 47
1262 52
1262 338
1262 1220
1265 0
1265 2
1265 3
1265 11
1265 656
1266 0
1266 6
1266 18
1266 210
1266 305
1266 820
1266 1281
1266 689
1266 287
1266 1282
1266 345
1266 1480
1267 0
1267 6
1267 18
1267 21
1267 29
1267 155
1267 229
1267 1195
1267 508
1267 924
1267 576
1267 156
1267 1002
1267 264
1268 0
1268 6
1268 18
1268 21
1268 132
1269 0
1269 6
1269 18
1269 580
1269 766
1269 1161
1269 428
1269 1090
1269 948
1269 1137
1269 1411
1269 56
1269 460
1269 127
1269 665
1269 551
1269 1464
1270 0
1270 2
1270 77
1270 83
1270 115
1270 302
1270 321
1270 341
1270 763
1270 1224
1270 1240
1270 1231
1270 866
1271 0
1271 6
1271 10
1271 19
1271 25
1271 393
1271 657
1271 972
1271 1126
1272 0
1272 6
1272 18
1272 32
1272 289
1274 0
1274 2
1274 14
1274 47
1274 52
1274 338
1274 1220
1274 1262
1275 0
1275 2
1275 14
1275 47
1275 52
1275 203
1275 236
1275 618
1275 913
1275 510
1275 842
1275 1274
1275 1218
1275 870
1275 1290
1275 58
1275 1322
1275 1091
1275 10
1275 969
1275 1449
1277 0
1277 6
1277 18
1277 210
1277 305
1277 322
1279 0
1279 6
1279 18
1279 21
1279 29
1279 100
1279 327
1279 640
1280 0
1280 2
1280 3
1280 11
1280 24
1280 140
1280 153
1280 992
1280 755
1280 1412
1280 1106
1281 0
1281 2
1281 3
1281 4
1281 17
1281 549
1281 854
1281 361
1281 258
1281 741
1281 195
1281 527
1282 0
1282 2
1282 3
1282 4
1282 5
1282 118
1282 234
1282 1101
1282 305
1282 1272
1282 370
1282 991
1283 0
1283 6
1283 18
1283 642
1283 196
1283 1409
1283 37
1283 1392
1284 0
1284 2
1284 77
1284 83
1284 115
1284 302
1284 321
1284 341
1284 1043
1284 262
1284 58
1284 155
1284 913
1285 0
1285 6
1285 10
1285 19
1285 22
1285 144
1285 226
1285 471
1285 1294
1285 1403
1285 698
1285 866
1285 1228
1287 0
1287 2
1287 77
1287 83
1287 115
1287 302
1287 321
1287 636
1287 787
1287 864
1287 153
1287 1177
1287 1112
1287 186
1287 624
1288 0
1288 2
1288 3
1288 37
1288 111
1288 352
1288 681
1288 875
1289 0
1289 2
1289 14
1289 59
1289 109
1289 881
1289 384
1289 57
1289 1025
1290 0
1290 6
1290 18
1290 27
1290 31
1290 78
1290 182
1290 202
1290 483
1291 0
1291 2
1291 9
1291 16
1291 28
1291 57
1293 0
1293 6
1293 18
1293 642
1293 532
1293 1215
1293 43
1293 1171
1294 0
1294 6
1294 18
1294 27
1294 213
1294 308
1294 855
1294 1212
1294 1162
1294 1290
1294 1160
1294 265
1294 1334
1294 1026
1294 777
1294 503
1295 0
1295 2
1295 3
1295 4
1295 5
1295 118
1295 129
1295 141
1295 223
1295 59
1295 1220
1295 1206
1295 762
1295 230
1295 663
1295 1308
1295 1039
1295 260
1295 689
1295 827
1295 969
1295 1078
1295 1329
1295 263
1295 1290
1295 1412
1295 1370
1296 0
1296 6
1296 18
1296 27
1296 31
1298 0
1298 6
1298 18
1298 21
1298 89
1298 1206
1298 1353
1298 1493
1298 299
1298 1352
1298 1306
1299 0
1299 2
1299 9
1299 16
1299 28
1299 57
1299 1108
1299 1188
1299 1043
1299 1030
1299 782
1299 551
1299 839
1299 558
1299 1046
1299 1373
1299 1341
1299 1078
1299 587
1299 950
1300 0
1300 6
1300 18
1300 21
1300 89
1300 190
1300 311
1300 329
1301 0
1301 6
1301 18
1301 21
1301 286
1301 708
1301 760
1304 0
1304 1
1304 101
1304 100
1304 1351
1304 889
1304 529
1304 788
1304 1089
1304 839
1304 1484
1304 209
1304 907
1304 460
1305 0
1305 2
1305 3
1305 4
1305 5
1305 26
1305 778
1305 1194
1305 515
1305 210
1305 1222
1305 1228
1305 777
1305 1056
1305 1136
1305 657
1305 619
1305 1248
1305 9
1305 946
1306 0
1306 6
1306 10
1306 19
1306 22
1306 144
1306 226
1306 1309
1306 251
1306 293
1306 308
1306 184
1307 0
1307 1
1308 0
1308 6
1308 18
1308 210
1308 313
1308 508
1309 0
1309 6
1309 10
1309 1062
1309 157
1309 1068
1309 28
1309 1095
1309 361
1310 0
1310 2
1310 3
1310 37
1310 111
1310 352
1310 438
1311 0
1311 2
1311 9
1311 15
1311 822
1311 577
1311 27
1311 1209
1311 627
1311 227
1311 1223
1311 1464
1311 1134
1311 956
1311 711
1311 519
1311 96
1311 1101
1311 1019
1311 1320
1311 1403
1311 476
1312 0
1312 6
1312 18
1312 27
1312 31
1312 78
1312 182
1312 202
1312 483
1312 1290
1313 0
1313 2
1313 3
1313 4
1313 5
1313 414
1313 491
1313 697
1313 176
1313 58
1314 0
1314 2
1314 3
1314 11
1314 12
1314 42
1314 192
1314 663
1314 775
1317 0
1317 2
1317 3
1317 4
1317 5
1317 13
1317 134
1317 186
1317 1274
1317 24
1317 437
1317 99
1317 128
1318 0
1318 2
1318 3
1318 4
1318 5
1318 26
1318 778
1318 1305
1319 0
1319 6
1319 10
1319 19
1319 25
1319 953
1320 0
1320 2
1320 3
1320 11
1320 24
1320 66
1320 1186
1321 0
1321 6
1321 18
1321 273
1321 434
1321 666
1321 556
1321 948
1321 1019
1321 1217
1321 60
1321 96
1321 20
1321 953
1321 383
1321 356
1321 42
1321 1360
1321 422
1321 1374
1321 58
1322 0
1322 6
1322 10
1322 19
1322 22
1322 263
1322 796
1322 338
1322 356
1322 882
1322 1343
1322 745
1324 0
1324 2
1324 3
1324 4
1324 5
1324 13
1324 1017
1324 1153
1325 0
1325 1
1325 304
1325 1025
1325 630
1325 1179
1325 953
1325 775
1325 444
1325 891
1325 608
1325 126
1325 687
1327 0
1327 2
1327 77
1327 82
1327 128
1327 242
1327 251
1328 0
1328 2
1328 3
1328 4
1328 5
1328 26
1328 1026
1328 1091
1328 1432
1328 1307
1328 650
1328 1287
1329 0
1329 2
1329 3
1329 11
1329 24
1329 174
1330 0
1330 6
1330 10
1330 179
1330 436
1330 1215
1330 1009
1330 790
1330 308
1330 1243
1330 286
1330 143
1330 1128
1331 0
1331 2
1331 310
1331 932
1331 1448
1331 946
1331 1365
1331 404
1332 0
1332 1
1332 43
1332 51
1332 62
1332 139
1332 172
1332 417
1332 538
1332 1413
1334 0
1334 2
1334 9
1334 16
1334 254
1334 1028
1334 1317
1334 1224
1334 514
1334 571
1334 290
1334 248
1335 0
1335 65
1335 79
1335 121
1335 751
1335 57
1335 679
1335 688
1335 1151
1336 0
1336 2
1336 3
1336 4
1336 5
1336 13
1336 250
1336 492
1336 204
1336 1445
1336 1078
1336 1385
1337 0
1337 6
1337 18
1337 27
1337 99
1337 124
1337 156
1337 432
1337 897
1337 66
1337 1426
1337 1244
1337 1403
1337 219
1337 796
1337 501
1337 1306
1337 76
1337 890
1337 589
1337 1067
1337 961
1337 537
1337 922
1337 1468
1339 0
1339 6
1339 10
1339 19
1339 22
1339 721
1339 237
1339 1310
1339 1004
1339 881
1339 916
1339 972
1339 498
1339 938
1339 103
1340 0
1340 2
1340 14
1340 47
1340 52
1340 524
1340 1109
1340 127
1340 291
1340 1336
1340 1280
1341 0
1341 6
1341 18
1341 27
1341 31
1341 78
1341 684
1343 0
1343 6
1343 18
1343 21
1343 89
1343 190
1343 311
1345 0
1345 2
1345 9
1345 15
1345 112
1345 231
1346 0
1346 2
1346 3
1346 4
1346 5
1346 160
1346 1107
1346 234
1346 639
1346 148
1346 14
1347 0
1347 2
1347 3
1347 4
1347 17
1347 389
1347 418
1347 511
1347 1360
1347 1225
1347 687
1347 1322
1348 0
1348 2
1348 14
1348 47
1348 52
1348 203
1348 236
1348 618
1348 913
1348 308
1348 460
1348 341
1348 244
1348 486
1348 1179
1350 0
1350 6
1350 10
1350 347
1350 517
1351 0
1351 2
1351 3
1351 4
1351 591
1351 929
1351 1038
1352 0
1352 6
1352 18
1352 288
1352 469
1352 472
1353 0
1353 6
1353 10
1353 19
1353 22
1353 60
1353 491
1354 0
1354 2
1354 77
1354 82
1354 382
1354 453
1354 1262
1354 210
1354 1080
1354 241
1354 114
1354 1229
1356 0
1356 2
1356 9
1356 15
1356 44
1356 76
1356 296
1356 354
1356 964
1356 1105
1356 507
1356 417
1356 626
1356 456
1356 1086
1356 872
1356 160
1356 1240
1356 1144
1356 196
1356 933
1356 1187
1356 754
1356 54
1356 1394
1356 440
1356 769
1356 851
1356 328
1356 251
1356 1295
1356 1449
1358 0
1358 2
1358 3
1358 11
1358 61
1358 64
1358 135
1358 293
1358 388
1359 0
1359 2
1359 14
1359 47
1359 52
1359 71
1360 0
1360 2
1360 3
1360 11
1360 325
1360 944
1361 0
1361 2
1361 14
1361 59
1361 137
1361 673
1361 993
1361 1039
1361 978
1361 649
1361 889
1363 0
1363 2
1363 77
1363 83
1363 115
1363 302
1363 321
1363 341
1363 442
1363 1240
1364 0
1364 6
1364 10
1364 19
1364 22
1364 88
1364 52
1364 719
1364 1239
1364 407
1364 1379
1364 420
1364 698
1364 804
1364 463
1365 0
1365 2
1365 9
1365 16
1365 185
1365 262
1365 328
1365 160
1365 291
1365 1412
1365 184
1365 635
1365 1132
1365 1044
1365 473
1365 1030
1366 0
1366 2
1366 3
1366 4
1366 5
1366 13
1366 425
1366 693
1366 192
1366 834
1366 618
1366 1340
1367 0
1367 2
1367 77
1367 83
1367 115
1367 302
1367 321
1367 341
1368 0
1368 6
1368 10
1368 19
1368 25
1368 1435
1368 316
1368 154
1368 1012
1368 785
1368 133
1368 1493
1368 967
1368 382
1368 1347
1368 902
1368 1283
1368 1447
1369 0
1369 2
1369 3
1369 41
1369 133
1369 247
1369 237
1369 1307
1369 628
1369 617
1370 0
1370 2
1370 3
1370 41
1370 287
1370 1127
1370 690
1370 504
1370 1311
1370 1412
1370 1150
1370 234
1370 443
1370 1190
1370 77
1370 305
1372 0
1372 2
1372 14
1372 59
1372 137
1372 324
1372 572
1372 687
1372 827
1372 924
1372 1215
1372 230
1372 1283
1372 391
1373 0
1373 6
1373 10
1373 19
1373 84
1373 457
1373 1052
1373 993
1373 1084
1373 78
1374 0
1374 2
1374 3
1374 11
1374 61
1374 64
1374 135
1374 272
1375 0
1375 2
1375 9
1375 15
1375 44
1375 161
1375 752
1377 0
1377 6
1377 10
1377 19
1377 22
1377 122
1377 259
1377 300
1377 527
1377 720
1377 768
1377 171
1377 29
1377 1042
1377 849
1377 1489
1377 204
1377 371
1377 415
1377 855
1377 1212
1377 693
1378 0
1378 2
1378 3
1378 41
1378 133
1378 1001
1378 1242
1378 582
1378 254
1378 600
1378 343
1378 228
1378 62
1378 1247
1378 1252
1378 1056
1379 0
1379 2
1379 3
1379 11
1379 12
1379 42
1379 192
1379 663
1379 775
1379 1314
1380 0
1380 2
1380 3
1380 4
1380 5
1380 118
1380 129
1380 141
1380 372
1380 202
1380 120
1380 331
1380 1441
1380 446
1381 0
1381 2
1381 3
1381 4
1381 5
1381 13
1381 134
1381 149
1381 692
1381 206
1381 1069
1381 851
1381 475
1381 156
1381 1139
1383 0
1383 2
1383 14
1383 476
1383 518
1383 1251
1384 0
1384 6
1384 10
1384 19
1384 22
1384 60
1384 496
1384 762
1384 189
1384 1251
1384 550
1384 298
1384 684
1384 1468
1385 0
1385 1
1385 43
1385 278
1385 292
1385 803
1385 189
1385 786
1385 770
1385 5
1385 684
1385 425
1385 975
1385 977
1385 1280
1385 176
1385 170
1385 852
1386 0
1386 2
1386 3
1386 4
1386 5
1386 118
1386 129
1386 141
1386 223
1386 1295
1386 1217
1386 1334
1386 1251
1386 1009
1386 529
1389 0
1389 2
1389 3
1389 4
1389 5
1389 13
1389 298
1389 945
1389 1351
1389 827
1389 1161
1389 1337
1389 1469
1389 483
1389 960
1389 467
1389 1435
1389 149
1390 0
1390 6
1390 10
1390 347
1390 480
1390 617
1390 1240
1390 369
1390 1415
1390 585
1390 699
1391 0
1391 2
1391 3
1391 11
1391 61
1391 64
1391 452
1391 494
1391 520
1391 334
1391 1488
1391 905
1391 348
1391 827
1391 841
1391 576
1391 906
1391 1439
1391 166
1392 0
1392 2
1392 9
1392 15
1392 112
1392 231
1392 365
1392 659
1392 161
1392 1246
1392 78
1392 300
1392 420
1392 1407
1392 128
1393 0
1393 6
1393 18
1393 21
1393 89
1393 402
1393 420
1393 645
1393 1127
1393 861
1394 0
1394 2
1394 9
1394 96
1394 189
1394 51
1394 933
1394 1335
1394 1205
1394 286
1395 0
1395 2
1395 9
1395 16
1395 254
1395 650
1395 1437
1395 679
1395 11
1395 1108
1395 598
1395 292
1395 659
1395 1381
1395 530
1395 222
1396 0
1396 2
1396 9
1396 16
1396 254
1396 358
1396 758
1396 40
1396 1329
1396 480
1397 0
1397 2
1397 9
1397 16
1397 254
1397 650
1397 1026
1397 1160
1397 1122
1397 1130
1397 1133
1397 369
1398 0
1398 65
1398 79
1398 130
1398 307
1398 741
1398 966
1398 1176
1398 536
1398 447
1398 1185
1398 969
1398 31
1398 1148
1398 1050
1400 0
1400 2
1400 9
1400 16
1400 49
1400 481
1401 0
1401 2
1401 3
1401 11
1401 24
1401 66
1402 0
1402 2
1402 14
1402 476
1402 803
1402 585
1402 836
1402 354
1402 314
1402 1434
1402 769
1402 399
1402 1389
1403 0
1403 2
1403 3
1403 4
1403 5
1403 13
1403 55
1406 0
1406 6
1406 18
1406 27
1406 31
1406 78
1406 182
1406 202
1406 483
1406 521
1406 614
1406 346
1406 1158
1406 1422
1407 0
1407 2
1407 9
1407 15
1407 44
1407 198
1407 467
1408 0
1408 2
1408 3
1408 11
1408 12
1408 42
1408 192
1408 400
1408 836
1408 961
1408 940
1408 55
1408 9
1408 971
1408 59
1408 1397
1408 96
1408 360
1408 516
1408 1102
1408 755
1408 1091
1408 584
1408 189
1409 0
1409 2
1409 3
1409 4
1409 17
1409 951
1409 582
1409 1486
1409 263
1409 109
1409 1044
1409 172
1409 844
1409 1187
1409 521
1409 1031
1411 0
1411 1
1411 45
1411 404
1411 1041
1411 1456
1412 0
1412 2
1412 3
1412 4
1413 0
1413 2
1413 3
1413 4
1413 279
1413 899
1413 907
1413 690
1413 354
1413 62
1413 1279
1413 1151
1413 189
1414 0
1414 2
1414 14
1414 59
1414 137
1414 166
1414 351
1414 421
1414 516
1415 0
1415 2
1415 14
1415 47
1415 52
1415 71
1415 97
1415 120
1415 381
1415 798
1415 1429
1415 761
1415 532
1416 0
1416 6
1416 18
1416 27
1416 31
1416 391
1416 399
1416 822
1417 0
1417 6
1417 18
1417 273
1418 0
1418 1
1418 43
1418 113
1418 353
1418 366
1418 767
1422 0
1422 2
1422 3
1422 11
1422 61
1422 64
1422 452
1422 494
1422 520
1422 1391
1422 490
1422 876
1422 269
1422 77
1422 1142
1422 1085
1422 602
1422 403
1422 463
1422 700
1422 418
1422 133
1422 1457
1422 811
1423 0
1423 6
1423 10
1423 361
1424 0
1424 2
1424 3
1424 4
1424 5
1424 118
1424 234
1424 551
1424 694
1424 1495
1424 1367
1424 776
1424 1470
1424 944
1424 1074
1424 646
1424 174
1424 672
1424 614
1424 1377
1424 669
1424 934
1424 784
1424 1173
1425 0
1425 1
1425 43
1425 113
1425 353
1425 366
1425 371
1426 0
1426 6
1426 10
1426 19
1426 84
1426 563
1426 544
1426 785
1426 335
1426 1499
1427 0
1427 2
1427 3
1427 11
1427 61
1427 64
1427 452
1427 494
1428 0
1428 2
1428 9
1428 15
1428 44
1428 76
1428 635
1428 1109
1428 642
1428 214
1428 1004
1428 429
1428 12
1429 0
1429 6
1429 817
1429 750
1429 1158
1429 1310
1429 679
1429 826
1429 131
1429 264
1429 572
1429 405
1429 148
1430 0
1430 2
1430 9
1430 16
1430 28
1430 390
1432 0
1432 2
1432 9
1432 15
1432 44
1432 76
1432 296
1432 354
1432 554
1432 521
1432 923
1432 639
1434 0
1434 2
1434 3
1434 4
1434 5
1434 13
1434 183
1435 0
1435 2
1435 3
1435 4
1435 5
1435 13
1435 784
1435 894
1435 1332
1435 265
1435 180
1435 170
1437 0
1437 1
1437 43
1437 51
1437 62
1437 139
1437 889
1438 0
1438 2
1438 14
1438 476
1438 518
1438 1147
1438 962
1438 1415
1438 679
1439 0
1439 1
1439 43
1439 113
1439 355
1439 1296
1439 1487
1439 1134
1439 597
1439 1082
1439 1406
1440 0
1440 6
1440 10
1440 346
1440 546
1440 1053
1440 201
1440 60
1440 1224
1440 1203
1440 931
1441 0
1441 6
1441 18
1441 27
1441 31
1441 78
1441 182
1441 202
1441 483
1441 521
1441 595
1441 1223
1441 167
1441 432
1441 91
1441 967
1441 1390
1442 0
1442 2
1442 9
1442 16
1442 49
1442 168
1442 511
1442 788
1442 799
1443 0
1443 2
1443 3
1443 4
1443 5
1443 118
1443 129
1443 1001
1443 1434
1443 195
1443 56
1443 1178
1443 299
1443 1137
1443 220
1443 1327
1443 248
1445 0
1445 6
1445 18
1445 27
1445 31
1445 78
1445 182
1445 202
1447 0
1447 6
1447 18
1447 27
1447 213
1447 308
1447 855
1447 1212
1447 1294
1447 598
1447 768
1447 361
1447 487
1448 0
1448 2
1448 3
1448 41
1448 133
1449 0
1449 6
1449 18
1449 27
1449 99
1449 256
1450 0
1450 2
1450 3
1450 4
1450 17
1453 0
1453 6
1453 10
1453 765
1453 891
1453 808
1453 431
1453 699
1453 1230
1453 1247
1453 1082
1453 417
1453 305
1453 637
1456 0
1456 2
1456 600
1457 0
1457 6
1457 18
1457 27
1457 31
1457 78
1458 0
1458 6
1458 18
1458 32
1458 881
1459 0
1459 6
1459 18
1459 21
1459 29
1459 100
1459 327
1459 1392
1459 1429
1459 1168
1459 650
1459 518
1460 0
1460 6
1460 18
1460 210
1460 305
1460 820
1460 1266
1462 0
1462 2
1462 14
1462 59
1462 137
1462 318
1462 1049
1463 0
1463 2
1463 14
1463 47
1463 52
1463 338
1463 1220
1463 1262
1463 1274
1463 1358
1463 549
1463 429
1463 1210
1463 1021
1463 959
1463 1190
1463 1445
1463 1033
1464 0
1464 2
1464 3
1464 4
1464 5
1464 118
1464 234
1466 0
1466 6
1466 10
1466 19
1466 25
1466 393
1466 657
1466 972
1466 1126
1466 1271
1466 117
1466 416
1466 732
1466 483
1466 1227
1466 222
1466 1443
1466 859
1467 0
1467 6
1467 10
1467 19
1467 22
1467 122
1467 645
1467 1041
1467 1053
1467 827
1467 1136
1468 0
1468 2
1468 3
1468 41
1468 287
1468 707
1469 0
1469 2
1469 14
1469 59
1469 137
1469 166
1469 232
1469 456
1469 532
1469 1222
1469 1203
1469 916
1469 1418
1470 0
1470 6
1470 10
1470 346
1470 1107
1470 554
1470 602
1470 1045
1470 1131
1470 1350
1471 0
1471 2
1471 3
1471 4
1471 279
1471 899
1471 907
1471 576
1471 1173
1471 399
1471 173
1471 1004
1471 1411
1471 645
1471 614
1471 1253
1471 1458
1471 575
1471 202
1471 590
1471 237
1471 926
1471 106
1471 1026
1471 1001
1472 0
1472 6
1472 10
1472 19
1472 25
1472 54
1472 108
1472 210
1472 702
1472 1185
1472 189
1472 299
1472 1187
1472 785
1472 1248
1473 0
1473 65
1473 79
1473 424
1473 565
1473 954
1473 929
1473 517
1473 47
1473 1300
1474 0
1474 2
1474 9
1474 16
1474 254
1474 358
1476 0
1476 2
1476 14
1476 47
1476 52
1476 71
1476 97
1476 98
1476 154
1477 0
1477 6
1477 10
1477 19
1477 22
1477 263
1477 269
1477 723
1477 965
1477 811
1477 1179
1477 905
1477 1394
1477 394
1477 1238
1477 465
1478 0
1478 2
1478 14
1478 59
1478 137
1478 166
1478 232
1478 456
1478 532
1478 611
1478 1311
1478 1159
1478 572
1478 859
1478 843
1478 929
1478 208
1478 392
1478 889
1478 1188
1479 0
1479 2
1479 77
1479 83
1479 115
1479 302
1479 321
1479 636
1479 787
1479 1287
1480 0
1480 2
1480 77
1480 83
1480 115
1480 302
1480 321
1480 133
1480 1253
1480 669
1480 656
1480 257
1480 1280
1480 903
1480 198
1480 513
1480 17
1480 1201
1481 0
1481 6
1481 10
1481 19
1481 22
1481 769
1482 0
1482 6
1482 10
1482 19
1482 22
1482 88
1482 600
1482 554
1482 517
1482 1109
1482 1478
1482 320
1482 676
1482 2
1482 89
1482 260
1482 597
1482 299
1482 1034
1482 571
1482 368
1482 1127
1482 1162
1482 556
1482 922
1484 0
1484 1
1484 304
1484 1280
1484 286
1484 106
1484 539
1484 382
1484 635
1484 1237
1484 1149
1484 783
1484 1256
1485 0
1485 2
1485 3
1485 4
1485 5
1485 13
1485 250
1485 780
1485 1272
1485 1138
1485 1389
1485 1158
1485 1072
1485 1464
1485 763
1485 1285
1485 1340
1485 524
1485 958
1485 750
1485 1119
1485 91
1486 0
1486 65
1486 79
1486 130
1486 307
1486 741
1486 966
1486 1176
1486 1398
1486 807
1486 1417
1486 1124
1486 897
1486 969
1487 0
1487 6
1487 18
1487 27
1487 99
1487 124
1487 869
1487 59
1487 1339
1487 690
1487 64
1487 1456
1487 665
1487 628
1487 661
1487 790
1487 1012
1487 435
1487 624
1487 1215
1487 1345
1488 0
1488 6
1488 10
1488 19
1488 22
1488 1293
1488 808
1488 511
1488 597
1488 854
1488 1147
1488 252
1488 1412
1488 1492
1488 1195
1488 214
1488 263
1488 669
1488 1055
1488 914
1488 1378
1488 1026
1488 1223
1488 607
1489 0
1489 2
1489 14
1489 47
1489 52
1489 71
1489 97
1489 662
1492 0
1492 2
1492 3
1492 4
1492 5
1492 1051
1492 712
1492 804
1492 913
1493 0
1493 1
1493 43
1493 283
1493 339
1493 526
1494 0
1494 6
1494 18
1494 288
1494 883
1494 905
1494 1198
1494 887
1494 269
1494 1385
1494 1426
1494 1440
1494 866
1494 321
1494 575
1494 689
1494 490
1494 381
1495 0
1495 2
1495 14
1495 59
1495 1197
1497 0
1497 2
1497 77
1497 83
1497 115
1497 302
1497 321
1497 341
1497 1367
1498 0
1498 6
1498 10
1498 179
1498 1447
1498 203
1498 487
1498 82
1498 1334
1498 150
1498 675
1498 1428
1498 54
1498 426
1498 1217
1498 137
1498 339
1499 0
1499 1
1499 304
1499 626
1499 1383
1499 554
1499 767
1499 507
