0 43 1.0
0 78 1.0
0 80 1.0
0 87 1.0
0 95 1.0
0 103 1.0
1 24 1.0
1 60 1.0
1 92 1.0
1 125 1.0
1 140 1.0
2 23 1.0
2 39 1.0
2 53 1.0
2 56 1.0
2 59 1.0
2 69 1.0
2 70 1.0
2 82 1.0
2 114 1.0
2 125 1.0
3 9 1.0
3 20 1.0
3 24 1.0
3 46 1.0
3 66 1.0
3 126 1.0
3 146 1.0
3 147 1.0
4 63 1.0
4 84 1.0
4 98 1.0
4 135 1.0
4 140 1.0
5 30 1.0
5 35 1.0
5 53 1.0
5 57 1.0
5 61 1.0
5 70 1.0
5 80 1.0
5 109 1.0
5 135 1.0
5 143 1.0
6 33 1.0
6 70 1.0
6 72 1.0
6 76 1.0
6 103 1.0
7 45 1.0
7 57 1.0
7 75 1.0
7 109 1.0
7 128 1.0
8 16 1.0
8 36 1.0
8 70 1.0
8 88 1.0
9 15 1.0
9 89 1.0
9 143 1.0
10 14 1.0
10 18 1.0
10 23 1.0
10 26 1.0
11 26 1.0
11 45 1.0
11 56 1.0
11 59 1.0
11 69 1.0
11 103 1.0
11 131 1.0
12 40 1.0
12 134 1.0
13 16 1.0
13 18 1.0
13 27 1.0
13 48 1.0
13 52 1.0
13 58 1.0
13 85 1.0
13 88 1.0
13 90 1.0
13 94 1.0
13 137 1.0
13 140 1.0
14 35 1.0
14 59 1.0
14 62 1.0
15 36 1.0
15 55 1.0
15 66 1.0
15 81 1.0
15 105 1.0
15 141 1.0
15 148 1.0
16 36 1.0
16 81 1.0
16 89 1.0
16 99 1.0
16 123 1.0
17 2 1.0
17 25 1.0
17 42 1.0
17 44 1.0
17 50 1.0
17 73 1.0
17 131 1.0
18 17 1.0
18 50 1.0
18 53 1.0
18 55 1.0
18 101 1.0
18 125 1.0
18 130 1.0
18 147 1.0
19 3 1.0
19 27 1.0
19 30 1.0
20 46 1.0
20 49 1.0
20 78 1.0
20 131 1.0
21 2 1.0
21 49 1.0
21 90 1.0
21 97 1.0
22 27 1.0
22 49 1.0
22 80 1.0
24 4 1.0
24 19 1.0
24 21 1.0
24 65 1.0
24 76 1.0
24 90 1.0
24 91 1.0
24 115 1.0
24 122 1.0
24 139 1.0
25 23 1.0
25 69 1.0
25 73 1.0
25 83 1.0
25 119 1.0
26 13 1.0
26 29 1.0
26 56 1.0
26 60 1.0
26 76 1.0
26 97 1.0
26 98 1.0
26 99 1.0
27 51 1.0
27 56 1.0
27 81 1.0
27 117 1.0
27 131 1.0
28 19 1.0
28 60 1.0
28 90 1.0
28 92 1.0
28 125 1.0
28 132 1.0
29 5 1.0
29 19 1.0
29 74 1.0
29 77 1.0
29 85 1.0
29 100 1.0
30 18 1.0
30 32 1.0
30 104 1.0
31 26 1.0
31 75 1.0
31 105 1.0
31 122 1.0
32 21 1.0
32 54 1.0
32 84 1.0
32 109 1.0
32 112 1.0
32 119 1.0
32 135 1.0
33 27 1.0
33 29 1.0
34 62 1.0
35 9 1.0
35 11 1.0
35 61 1.0
35 100 1.0
35 119 1.0
35 134 1.0
36 12 1.0
36 100 1.0
36 106 1.0
37 7 1.0
37 40 1.0
37 82 1.0
38 81 1.0
39 0 1.0
39 1 1.0
39 136 1.0
40 30 1.0
40 52 1.0
40 77 1.0
40 82 1.0
41 14 1.0
41 15 1.0
41 104 1.0
41 113 1.0
41 128 1.0
42 21 1.0
42 25 1.0
42 74 1.0
43 24 1.0
43 42 1.0
43 105 1.0
43 111 1.0
44 66 1.0
44 90 1.0
44 92 1.0
44 113 1.0
45 23 1.0
45 121 1.0
46 5 1.0
46 12 1.0
46 54 1.0
46 59 1.0
46 61 1.0
46 127 1.0
47 23 1.0
47 27 1.0
47 35 1.0
47 75 1.0
47 100 1.0
48 11 1.0
48 13 1.0
48 20 1.0
48 28 1.0
48 44 1.0
48 57 1.0
48 66 1.0
48 84 1.0
49 7 1.0
49 24 1.0
49 48 1.0
49 76 1.0
49 125 1.0
49 147 1.0
50 39 1.0
50 53 1.0
50 97 1.0
50 124 1.0
50 127 1.0
50 129 1.0
50 137 1.0
51 4 1.0
51 60 1.0
51 119 1.0
52 33 1.0
52 38 1.0
52 42 1.0
52 47 1.0
52 93 1.0
53 21 1.0
53 55 1.0
53 57 1.0
53 89 1.0
53 103 1.0
53 117 1.0
53 139 1.0
53 144 1.0
54 3 1.0
54 30 1.0
54 33 1.0
54 38 1.0
54 69 1.0
54 87 1.0
54 90 1.0
54 113 1.0
54 148 1.0
55 72 1.0
55 85 1.0
55 107 1.0
55 145 1.0
56 3 1.0
56 17 1.0
56 28 1.0
56 43 1.0
56 64 1.0
56 98 1.0
56 127 1.0
56 140 1.0
57 15 1.0
57 78 1.0
57 98 1.0
58 8 1.0
58 26 1.0
58 106 1.0
58 107 1.0
58 118 1.0
58 120 1.0
58 131 1.0
58 140 1.0
59 52 1.0
59 110 1.0
59 127 1.0
60 8 1.0
60 30 1.0
60 130 1.0
60 136 1.0
61 36 1.0
61 42 1.0
61 49 1.0
61 120 1.0
62 7 1.0
62 31 1.0
62 61 1.0
62 77 1.0
62 107 1.0
62 145 1.0
63 8 1.0
63 40 1.0
63 74 1.0
63 102 1.0
63 116 1.0
64 15 1.0
64 67 1.0
64 68 1.0
64 90 1.0
64 126 1.0
65 18 1.0
65 21 1.0
65 33 1.0
65 87 1.0
65 99 1.0
65 126 1.0
66 5 1.0
66 26 1.0
66 34 1.0
66 108 1.0
67 43 1.0
68 29 1.0
68 30 1.0
68 105 1.0
69 34 1.0
69 50 1.0
69 53 1.0
69 55 1.0
69 57 1.0
69 81 1.0
69 97 1.0
70 9 1.0
70 43 1.0
70 81 1.0
71 14 1.0
71 15 1.0
71 23 1.0
71 108 1.0
71 134 1.0
72 14 1.0
72 21 1.0
72 79 1.0
72 80 1.0
72 142 1.0
73 50 1.0
73 58 1.0
73 95 1.0
73 124 1.0
73 131 1.0
74 27 1.0
74 35 1.0
74 39 1.0
74 46 1.0
74 65 1.0
74 76 1.0
74 97 1.0
74 127 1.0
74 135 1.0
75 39 1.0
75 114 1.0
75 126 1.0
76 10 1.0
76 27 1.0
76 72 1.0
76 103 1.0
76 142 1.0
77 43 1.0
77 58 1.0
77 63 1.0
77 76 1.0
77 130 1.0
78 0 1.0
78 37 1.0
78 51 1.0
78 98 1.0
78 99 1.0
78 129 1.0
79 20 1.0
79 34 1.0
79 39 1.0
79 44 1.0
79 123 1.0
79 130 1.0
80 3 1.0
80 109 1.0
80 139 1.0
80 148 1.0
81 3 1.0
81 32 1.0
81 33 1.0
81 51 1.0
81 64 1.0
81 99 1.0
81 100 1.0
82 57 1.0
82 104 1.0
82 139 1.0
83 9 1.0
83 23 1.0
83 29 1.0
83 33 1.0
83 48 1.0
83 60 1.0
83 84 1.0
83 87 1.0
83 109 1.0
84 13 1.0
84 60 1.0
84 74 1.0
84 76 1.0
85 2 1.0
85 11 1.0
85 48 1.0
85 63 1.0
85 95 1.0
86 13 1.0
86 22 1.0
86 32 1.0
86 35 1.0
86 42 1.0
86 63 1.0
86 72 1.0
86 146 1.0
87 20 1.0
87 39 1.0
87 62 1.0
87 122 1.0
87 149 1.0
88 1 1.0
88 110 1.0
89 20 1.0
89 28 1.0
89 45 1.0
89 47 1.0
89 62 1.0
89 92 1.0
89 136 1.0
89 145 1.0
90 6 1.0
90 78 1.0
90 112 1.0
90 137 1.0
91 8 1.0
91 19 1.0
91 89 1.0
91 119 1.0
92 34 1.0
92 41 1.0
92 43 1.0
92 45 1.0
92 88 1.0
92 102 1.0
92 116 1.0
92 133 1.0
92 144 1.0
92 149 1.0
93 11 1.0
93 87 1.0
93 129 1.0
94 16 1.0
94 44 1.0
94 61 1.0
94 64 1.0
94 86 1.0
95 38 1.0
95 56 1.0
95 71 1.0
96 6 1.0
96 7 1.0
96 11 1.0
96 18 1.0
96 23 1.0
96 36 1.0
96 58 1.0
97 51 1.0
97 82 1.0
97 101 1.0
97 120 1.0
97 124 1.0
98 9 1.0
98 22 1.0
98 45 1.0
98 55 1.0
98 72 1.0
98 73 1.0
98 88 1.0
98 137 1.0
99 61 1.0
99 66 1.0
99 67 1.0
100 8 1.0
100 35 1.0
100 38 1.0
100 140 1.0
100 145 1.0
101 21 1.0
101 32 1.0
101 69 1.0
101 116 1.0
102 66 1.0
102 78 1.0
102 109 1.0
103 0 1.0
103 29 1.0
103 65 1.0
103 82 1.0
103 86 1.0
103 101 1.0
104 4 1.0
104 7 1.0
104 11 1.0
104 60 1.0
104 74 1.0
104 111 1.0
104 125 1.0
105 50 1.0
105 55 1.0
105 57 1.0
106 20 1.0
106 24 1.0
106 41 1.0
106 79 1.0
106 80 1.0
106 93 1.0
106 99 1.0
106 104 1.0
106 120 1.0
106 121 1.0
106 122 1.0
107 24 1.0
107 26 1.0
107 30 1.0
107 97 1.0
107 149 1.0
108 58 1.0
108 68 1.0
108 100 1.0
108 107 1.0
109 7 1.0
109 14 1.0
109 44 1.0
109 85 1.0
109 113 1.0
110 59 1.0
110 88 1.0
110 127 1.0
110 145 1.0
111 43 1.0
111 104 1.0
111 133 1.0
111 135 1.0
112 32 1.0
112 90 1.0
112 147 1.0
113 41 1.0
113 44 1.0
113 54 1.0
113 109 1.0
113 126 1.0
114 2 1.0
114 75 1.0
114 142 1.0
115 24 1.0
115 135 1.0
116 63 1.0
116 92 1.0
116 101 1.0
116 136 1.0
117 27 1.0
117 53 1.0
117 149 1.0
118 58 1.0
119 25 1.0
119 32 1.0
119 35 1.0
119 51 1.0
119 91 1.0
119 128 1.0
119 144 1.0
120 58 1.0
120 61 1.0
120 97 1.0
120 106 1.0
120 125 1.0
121 45 1.0
121 106 1.0
121 129 1.0
122 24 1.0
122 31 1.0
122 87 1.0
122 106 1.0
123 16 1.0
123 79 1.0
123 148 1.0
124 50 1.0
124 73 1.0
124 97 1.0
124 125 1.0
125 1 1.0
125 2 1.0
125 18 1.0
125 28 1.0
125 49 1.0
125 104 1.0
125 120 1.0
125 124 1.0
126 3 1.0
126 64 1.0
126 65 1.0
126 75 1.0
126 113 1.0
126 137 1.0
127 46 1.0
127 50 1.0
127 56 1.0
127 59 1.0
127 74 1.0
127 110 1.0
127 136 1.0
128 7 1.0
128 41 1.0
128 119 1.0
129 50 1.0
129 78 1.0
129 93 1.0
129 121 1.0
129 142 1.0
130 18 1.0
130 60 1.0
130 77 1.0
130 79 1.0
130 137 1.0
130 141 1.0
131 11 1.0
131 17 1.0
131 20 1.0
131 27 1.0
131 58 1.0
131 73 1.0
131 134 1.0
132 28 1.0
132 134 1.0
133 92 1.0
133 111 1.0
133 146 1.0
134 12 1.0
134 35 1.0
134 71 1.0
134 131 1.0
134 132 1.0
134 143 1.0
135 4 1.0
135 5 1.0
135 32 1.0
135 74 1.0
135 111 1.0
135 115 1.0
136 39 1.0
136 60 1.0
136 89 1.0
136 116 1.0
136 127 1.0
137 13 1.0
137 50 1.0
137 90 1.0
137 98 1.0
137 126 1.0
137 130 1.0
138 147 1.0
139 24 1.0
139 53 1.0
139 80 1.0
139 82 1.0
140 1 1.0
140 4 1.0
140 13 1.0
140 56 1.0
140 58 1.0
140 100 1.0
141 15 1.0
141 130 1.0
142 72 1.0
142 76 1.0
142 114 1.0
142 129 1.0
143 5 1.0
143 9 1.0
143 134 1.0
144 53 1.0
144 92 1.0
144 119 1.0
145 55 1.0
145 62 1.0
145 89 1.0
145 100 1.0
145 110 1.0
146 3 1.0
146 86 1.0
146 133 1.0
147 3 1.0
147 18 1.0
147 49 1.0
147 112 1.0
147 138 1.0
148 15 1.0
148 54 1.0
148 80 1.0
148 123 1.0
149 87 1.0
149 92 1.0
149 107 1.0
149 117 1.0
