0 14 1.0
0 16 1.0
0 22 1.0
0 42 1.0
0 92 1.0
0 121 1.0
0 126 1.0
0 129 1.0
0 134 1.0
1 15 1.0
1 50 1.0
1 59 1.0
1 89 1.0
1 90 1.0
1 98 1.0
1 119 1.0
1 128 1.0
1 139 1.0
2 4 1.0
2 6 1.0
2 7 1.0
2 8 1.0
2 12 1.0
2 93 1.0
2 109 1.0
2 112 1.0
2 115 1.0
2 123 1.0
2 129 1.0
2 138 1.0
2 141 1.0
3 7 1.0
3 15 1.0
3 17 1.0
3 18 1.0
3 28 1.0
3 47 1.0
3 50 1.0
3 99 1.0
3 101 1.0
3 104 1.0
3 142 1.0
4 3 1.0
4 38 1.0
4 63 1.0
4 78 1.0
4 114 1.0
4 136 1.0
4 148 1.0
5 34 1.0
5 61 1.0
5 63 1.0
5 71 1.0
5 122 1.0
6 26 1.0
6 51 1.0
6 54 1.0
6 63 1.0
6 74 1.0
6 80 1.0
6 82 1.0
6 92 1.0
6 115 1.0
7 69 1.0
7 102 1.0
7 108 1.0
7 148 1.0
8 14 1.0
8 28 1.0
8 38 1.0
8 63 1.0
8 96 1.0
8 97 1.0
8 102 1.0
8 114 1.0
8 117 1.0
8 130 1.0
8 134 1.0
8 143 1.0
9 13 1.0
9 15 1.0
9 31 1.0
9 36 1.0
9 65 1.0
9 69 1.0
9 110 1.0
9 122 1.0
10 33 1.0
10 34 1.0
10 45 1.0
10 52 1.0
10 86 1.0
10 100 1.0
10 104 1.0
10 117 1.0
10 123 1.0
10 127 1.0
11 0 1.0
11 12 1.0
11 27 1.0
11 40 1.0
11 49 1.0
11 70 1.0
11 83 1.0
11 84 1.0
11 100 1.0
12 22 1.0
12 43 1.0
12 51 1.0
12 57 1.0
12 77 1.0
12 84 1.0
12 97 1.0
12 105 1.0
12 113 1.0
12 114 1.0
12 140 1.0
13 61 1.0
13 85 1.0
14 5 1.0
14 8 1.0
14 41 1.0
14 72 1.0
14 80 1.0
14 88 1.0
14 97 1.0
14 101 1.0
14 111 1.0
14 135 1.0
15 27 1.0
15 31 1.0
15 55 1.0
15 58 1.0
15 64 1.0
15 68 1.0
15 74 1.0
15 75 1.0
15 80 1.0
15 87 1.0
15 89 1.0
15 98 1.0
15 108 1.0
15 112 1.0
15 123 1.0
15 125 1.0
15 134 1.0
15 147 1.0
16 11 1.0
16 18 1.0
16 70 1.0
16 79 1.0
16 87 1.0
16 142 1.0
16 143 1.0
16 145 1.0
17 9 1.0
17 24 1.0
17 31 1.0
17 36 1.0
17 58 1.0
17 60 1.0
17 85 1.0
17 90 1.0
17 125 1.0
17 132 1.0
17 144 1.0
18 8 1.0
18 14 1.0
18 55 1.0
18 67 1.0
18 108 1.0
18 112 1.0
19 6 1.0
19 25 1.0
19 45 1.0
19 50 1.0
19 66 1.0
19 75 1.0
19 100 1.0
19 104 1.0
19 115 1.0
19 124 1.0
20 58 1.0
20 81 1.0
20 106 1.0
20 149 1.0
21 7 1.0
21 52 1.0
21 63 1.0
21 80 1.0
21 86 1.0
21 92 1.0
21 111 1.0
21 142 1.0
22 52 1.0
22 57 1.0
22 78 1.0
22 115 1.0
22 120 1.0
22 145 1.0
23 7 1.0
23 27 1.0
23 42 1.0
23 83 1.0
23 84 1.0
23 145 1.0
24 1 1.0
24 41 1.0
24 81 1.0
24 85 1.0
24 110 1.0
24 142 1.0
24 145 1.0
25 10 1.0
25 78 1.0
25 85 1.0
25 112 1.0
25 131 1.0
26 4 1.0
26 27 1.0
26 70 1.0
26 76 1.0
26 87 1.0
26 101 1.0
26 129 1.0
27 12 1.0
27 13 1.0
27 28 1.0
27 31 1.0
27 34 1.0
27 40 1.0
27 42 1.0
27 77 1.0
27 79 1.0
27 96 1.0
27 109 1.0
27 140 1.0
28 13 1.0
28 21 1.0
28 23 1.0
28 70 1.0
28 94 1.0
28 106 1.0
28 112 1.0
28 133 1.0
29 15 1.0
29 24 1.0
29 27 1.0
29 50 1.0
29 66 1.0
29 90 1.0
29 93 1.0
29 97 1.0
29 108 1.0
29 111 1.0
29 117 1.0
30 6 1.0
30 26 1.0
30 50 1.0
30 82 1.0
30 114 1.0
30 129 1.0
31 61 1.0
31 75 1.0
31 85 1.0
31 96 1.0
31 149 1.0
32 16 1.0
32 31 1.0
32 55 1.0
32 65 1.0
32 77 1.0
32 82 1.0
32 84 1.0
32 110 1.0
33 16 1.0
33 28 1.0
33 35 1.0
33 66 1.0
33 70 1.0
33 81 1.0
33 103 1.0
33 115 1.0
33 118 1.0
33 127 1.0
34 8 1.0
34 12 1.0
34 21 1.0
34 41 1.0
34 67 1.0
34 100 1.0
35 41 1.0
35 44 1.0
35 48 1.0
35 58 1.0
35 94 1.0
35 99 1.0
35 109 1.0
35 122 1.0
35 138 1.0
36 10 1.0
36 26 1.0
36 142 1.0
36 143 1.0
37 4 1.0
37 25 1.0
37 30 1.0
37 42 1.0
37 64 1.0
37 67 1.0
37 82 1.0
37 87 1.0
37 101 1.0
37 137 1.0
38 1 1.0
38 27 1.0
38 36 1.0
38 50 1.0
38 53 1.0
38 57 1.0
38 98 1.0
38 146 1.0
39 19 1.0
39 38 1.0
39 50 1.0
39 51 1.0
40 13 1.0
40 29 1.0
40 36 1.0
40 61 1.0
40 75 1.0
40 82 1.0
40 83 1.0
40 87 1.0
40 88 1.0
40 94 1.0
40 123 1.0
40 138 1.0
40 140 1.0
41 3 1.0
41 38 1.0
41 74 1.0
41 77 1.0
41 97 1.0
41 104 1.0
41 114 1.0
41 115 1.0
41 119 1.0
41 139 1.0
41 146 1.0
42 18 1.0
42 38 1.0
42 45 1.0
42 88 1.0
42 104 1.0
43 21 1.0
43 55 1.0
43 68 1.0
43 88 1.0
43 90 1.0
43 105 1.0
43 110 1.0
44 36 1.0
44 39 1.0
44 40 1.0
44 43 1.0
44 61 1.0
44 77 1.0
44 80 1.0
44 81 1.0
44 84 1.0
44 119 1.0
44 122 1.0
44 128 1.0
44 135 1.0
45 13 1.0
45 19 1.0
45 24 1.0
45 37 1.0
45 53 1.0
45 54 1.0
45 87 1.0
45 98 1.0
45 142 1.0
46 70 1.0
46 124 1.0
47 2 1.0
47 36 1.0
47 70 1.0
47 71 1.0
47 85 1.0
47 98 1.0
48 10 1.0
48 40 1.0
48 50 1.0
48 57 1.0
48 87 1.0
48 99 1.0
48 114 1.0
48 122 1.0
48 141 1.0
49 15 1.0
49 52 1.0
49 93 1.0
49 111 1.0
50 23 1.0
50 30 1.0
50 34 1.0
50 51 1.0
50 65 1.0
50 75 1.0
50 92 1.0
50 116 1.0
50 121 1.0
51 2 1.0
51 16 1.0
51 19 1.0
51 21 1.0
51 33 1.0
51 45 1.0
51 71 1.0
51 73 1.0
51 86 1.0
51 111 1.0
51 116 1.0
51 130 1.0
52 20 1.0
52 30 1.0
52 31 1.0
52 44 1.0
52 64 1.0
52 69 1.0
52 75 1.0
52 83 1.0
52 90 1.0
52 108 1.0
53 13 1.0
53 51 1.0
53 54 1.0
53 60 1.0
53 76 1.0
53 97 1.0
53 98 1.0
53 105 1.0
53 114 1.0
53 117 1.0
54 2 1.0
54 7 1.0
54 57 1.0
54 66 1.0
54 69 1.0
54 70 1.0
54 84 1.0
54 86 1.0
54 107 1.0
54 108 1.0
54 120 1.0
54 140 1.0
55 65 1.0
55 82 1.0
55 102 1.0
55 114 1.0
55 148 1.0
56 14 1.0
56 18 1.0
56 29 1.0
56 39 1.0
56 62 1.0
56 63 1.0
56 83 1.0
56 86 1.0
56 96 1.0
57 7 1.0
57 23 1.0
57 42 1.0
57 46 1.0
57 47 1.0
57 60 1.0
57 61 1.0
57 73 1.0
57 129 1.0
57 146 1.0
58 1 1.0
58 15 1.0
58 18 1.0
58 25 1.0
58 32 1.0
58 33 1.0
58 39 1.0
58 66 1.0
58 99 1.0
58 101 1.0
59 4 1.0
59 14 1.0
59 17 1.0
59 24 1.0
59 36 1.0
59 68 1.0
59 78 1.0
59 95 1.0
59 96 1.0
59 129 1.0
60 13 1.0
60 31 1.0
60 73 1.0
60 86 1.0
60 102 1.0
61 7 1.0
61 11 1.0
61 38 1.0
61 51 1.0
61 72 1.0
61 77 1.0
61 94 1.0
61 111 1.0
61 144 1.0
62 3 1.0
62 17 1.0
62 28 1.0
62 34 1.0
62 49 1.0
62 56 1.0
62 57 1.0
62 60 1.0
62 90 1.0
63 0 1.0
63 13 1.0
63 21 1.0
63 59 1.0
63 135 1.0
63 141 1.0
64 14 1.0
64 19 1.0
64 31 1.0
64 32 1.0
64 44 1.0
64 48 1.0
64 49 1.0
64 53 1.0
64 117 1.0
64 132 1.0
65 13 1.0
65 29 1.0
65 30 1.0
65 63 1.0
65 89 1.0
65 132 1.0
65 136 1.0
65 137 1.0
66 70 1.0
66 77 1.0
66 87 1.0
66 103 1.0
66 105 1.0
66 119 1.0
67 7 1.0
67 17 1.0
67 25 1.0
67 44 1.0
67 47 1.0
67 55 1.0
67 70 1.0
67 79 1.0
67 81 1.0
67 91 1.0
67 121 1.0
67 123 1.0
68 7 1.0
68 17 1.0
68 36 1.0
68 70 1.0
68 84 1.0
68 93 1.0
68 95 1.0
68 101 1.0
68 110 1.0
68 125 1.0
69 19 1.0
69 33 1.0
69 37 1.0
69 48 1.0
69 64 1.0
69 70 1.0
69 88 1.0
69 104 1.0
69 149 1.0
70 7 1.0
70 25 1.0
70 36 1.0
70 37 1.0
70 40 1.0
70 54 1.0
70 63 1.0
70 68 1.0
70 74 1.0
70 77 1.0
70 95 1.0
70 98 1.0
70 123 1.0
70 133 1.0
71 4 1.0
71 38 1.0
71 64 1.0
71 114 1.0
71 119 1.0
71 120 1.0
72 25 1.0
72 28 1.0
72 34 1.0
72 38 1.0
72 50 1.0
72 75 1.0
72 136 1.0
73 25 1.0
73 38 1.0
73 49 1.0
73 68 1.0
73 79 1.0
73 82 1.0
73 94 1.0
73 99 1.0
73 122 1.0
73 123 1.0
74 8 1.0
74 28 1.0
74 43 1.0
74 45 1.0
74 73 1.0
74 86 1.0
74 125 1.0
74 139 1.0
74 149 1.0
75 6 1.0
75 30 1.0
75 43 1.0
75 46 1.0
75 48 1.0
76 11 1.0
76 83 1.0
76 84 1.0
76 108 1.0
76 109 1.0
77 0 1.0
77 2 1.0
77 42 1.0
77 52 1.0
77 76 1.0
77 87 1.0
77 104 1.0
77 113 1.0
77 131 1.0
78 4 1.0
78 19 1.0
78 22 1.0
78 39 1.0
78 44 1.0
78 59 1.0
78 63 1.0
78 135 1.0
78 139 1.0
79 33 1.0
79 66 1.0
79 78 1.0
80 8 1.0
80 28 1.0
80 33 1.0
80 35 1.0
80 50 1.0
80 105 1.0
80 129 1.0
80 141 1.0
80 146 1.0
81 11 1.0
81 19 1.0
81 65 1.0
81 66 1.0
81 129 1.0
81 133 1.0
81 135 1.0
81 137 1.0
81 149 1.0
82 3 1.0
82 6 1.0
82 28 1.0
82 66 1.0
82 69 1.0
82 121 1.0
82 130 1.0
82 134 1.0
82 143 1.0
83 4 1.0
83 28 1.0
83 38 1.0
83 104 1.0
83 130 1.0
83 134 1.0
84 14 1.0
84 104 1.0
84 107 1.0
84 125 1.0
84 128 1.0
84 135 1.0
84 141 1.0
84 149 1.0
85 3 1.0
85 16 1.0
85 36 1.0
85 39 1.0
85 44 1.0
85 45 1.0
85 54 1.0
85 55 1.0
85 86 1.0
85 94 1.0
85 104 1.0
85 106 1.0
85 114 1.0
85 115 1.0
86 10 1.0
86 41 1.0
86 46 1.0
86 69 1.0
86 84 1.0
86 87 1.0
86 108 1.0
86 120 1.0
86 127 1.0
86 131 1.0
87 10 1.0
87 31 1.0
87 65 1.0
87 81 1.0
87 126 1.0
88 6 1.0
88 25 1.0
88 26 1.0
88 35 1.0
88 46 1.0
88 48 1.0
88 49 1.0
88 52 1.0
88 64 1.0
88 68 1.0
88 70 1.0
88 106 1.0
88 138 1.0
88 141 1.0
88 146 1.0
89 9 1.0
89 35 1.0
89 83 1.0
89 84 1.0
89 118 1.0
89 123 1.0
89 125 1.0
90 19 1.0
90 37 1.0
90 73 1.0
90 97 1.0
90 107 1.0
90 118 1.0
90 130 1.0
90 142 1.0
90 148 1.0
91 10 1.0
91 63 1.0
91 85 1.0
91 108 1.0
91 111 1.0
91 132 1.0
92 15 1.0
92 47 1.0
92 95 1.0
92 112 1.0
92 115 1.0
92 123 1.0
92 131 1.0
93 10 1.0
93 15 1.0
93 23 1.0
93 31 1.0
93 42 1.0
93 47 1.0
93 79 1.0
93 106 1.0
93 130 1.0
94 21 1.0
94 26 1.0
94 27 1.0
94 30 1.0
94 37 1.0
94 86 1.0
94 102 1.0
94 104 1.0
94 121 1.0
94 130 1.0
95 22 1.0
95 57 1.0
95 58 1.0
95 102 1.0
95 118 1.0
95 123 1.0
96 10 1.0
96 36 1.0
96 58 1.0
96 76 1.0
96 117 1.0
96 126 1.0
96 136 1.0
97 43 1.0
97 69 1.0
97 72 1.0
98 7 1.0
98 11 1.0
98 27 1.0
98 46 1.0
98 53 1.0
98 69 1.0
98 76 1.0
98 138 1.0
98 140 1.0
99 49 1.0
99 72 1.0
99 74 1.0
99 77 1.0
99 81 1.0
99 142 1.0
100 35 1.0
100 36 1.0
100 42 1.0
100 63 1.0
100 66 1.0
100 79 1.0
100 80 1.0
100 89 1.0
100 98 1.0
100 120 1.0
100 121 1.0
100 129 1.0
100 131 1.0
100 134 1.0
101 58 1.0
101 75 1.0
101 93 1.0
101 113 1.0
101 139 1.0
101 147 1.0
102 2 1.0
102 24 1.0
102 76 1.0
102 77 1.0
102 95 1.0
102 114 1.0
102 121 1.0
102 138 1.0
102 146 1.0
103 2 1.0
103 13 1.0
103 40 1.0
103 74 1.0
103 80 1.0
104 4 1.0
104 5 1.0
104 14 1.0
104 23 1.0
104 47 1.0
104 93 1.0
104 124 1.0
104 125 1.0
105 2 1.0
105 29 1.0
105 35 1.0
105 46 1.0
105 63 1.0
105 104 1.0
106 22 1.0
106 28 1.0
106 30 1.0
106 33 1.0
106 37 1.0
106 44 1.0
106 51 1.0
106 75 1.0
106 100 1.0
106 118 1.0
107 14 1.0
107 33 1.0
107 51 1.0
107 53 1.0
107 59 1.0
107 63 1.0
107 99 1.0
107 106 1.0
107 115 1.0
107 117 1.0
108 62 1.0
108 70 1.0
108 77 1.0
108 79 1.0
108 126 1.0
108 141 1.0
109 5 1.0
109 6 1.0
109 26 1.0
109 58 1.0
109 82 1.0
109 92 1.0
109 93 1.0
109 131 1.0
110 9 1.0
110 24 1.0
110 32 1.0
110 43 1.0
110 68 1.0
110 123 1.0
111 14 1.0
111 21 1.0
111 29 1.0
111 49 1.0
111 51 1.0
111 61 1.0
111 91 1.0
111 119 1.0
111 131 1.0
112 2 1.0
112 15 1.0
112 18 1.0
112 25 1.0
112 28 1.0
112 92 1.0
112 120 1.0
112 127 1.0
113 12 1.0
113 77 1.0
113 101 1.0
113 118 1.0
113 125 1.0
114 4 1.0
114 8 1.0
114 12 1.0
114 30 1.0
114 41 1.0
114 48 1.0
114 53 1.0
114 55 1.0
114 71 1.0
114 85 1.0
114 102 1.0
114 118 1.0
114 128 1.0
114 134 1.0
114 139 1.0
114 144 1.0
115 2 1.0
115 6 1.0
115 19 1.0
115 22 1.0
115 33 1.0
115 41 1.0
115 85 1.0
115 92 1.0
115 107 1.0
115 132 1.0
115 141 1.0
116 50 1.0
116 51 1.0
116 148 1.0
117 8 1.0
117 10 1.0
117 29 1.0
117 53 1.0
117 64 1.0
117 96 1.0
117 107 1.0
118 33 1.0
118 89 1.0
118 90 1.0
118 95 1.0
118 106 1.0
118 113 1.0
118 114 1.0
118 121 1.0
119 1 1.0
119 41 1.0
119 44 1.0
119 66 1.0
119 71 1.0
119 111 1.0
119 140 1.0
120 22 1.0
120 54 1.0
120 71 1.0
120 86 1.0
120 100 1.0
120 112 1.0
121 0 1.0
121 50 1.0
121 67 1.0
121 82 1.0
121 94 1.0
121 100 1.0
121 102 1.0
121 118 1.0
121 129 1.0
121 135 1.0
121 136 1.0
122 5 1.0
122 9 1.0
122 35 1.0
122 44 1.0
122 48 1.0
122 73 1.0
122 132 1.0
123 2 1.0
123 10 1.0
123 15 1.0
123 40 1.0
123 67 1.0
123 70 1.0
123 73 1.0
123 89 1.0
123 92 1.0
123 95 1.0
123 110 1.0
123 126 1.0
123 144 1.0
124 19 1.0
124 46 1.0
124 104 1.0
124 143 1.0
124 144 1.0
124 145 1.0
125 15 1.0
125 17 1.0
125 68 1.0
125 74 1.0
125 84 1.0
125 89 1.0
125 104 1.0
125 113 1.0
125 129 1.0
125 137 1.0
125 144 1.0
126 0 1.0
126 87 1.0
126 96 1.0
126 108 1.0
126 123 1.0
126 149 1.0
127 10 1.0
127 33 1.0
127 86 1.0
127 112 1.0
127 129 1.0
128 1 1.0
128 44 1.0
128 84 1.0
128 114 1.0
128 143 1.0
129 0 1.0
129 2 1.0
129 26 1.0
129 30 1.0
129 57 1.0
129 59 1.0
129 80 1.0
129 81 1.0
129 100 1.0
129 121 1.0
129 125 1.0
129 127 1.0
130 8 1.0
130 51 1.0
130 82 1.0
130 83 1.0
130 90 1.0
130 93 1.0
130 94 1.0
131 25 1.0
131 77 1.0
131 86 1.0
131 92 1.0
131 100 1.0
131 109 1.0
131 111 1.0
132 17 1.0
132 64 1.0
132 65 1.0
132 91 1.0
132 115 1.0
132 122 1.0
133 28 1.0
133 70 1.0
133 81 1.0
133 134 1.0
133 142 1.0
134 0 1.0
134 8 1.0
134 15 1.0
134 82 1.0
134 83 1.0
134 100 1.0
134 114 1.0
134 133 1.0
135 14 1.0
135 44 1.0
135 63 1.0
135 78 1.0
135 81 1.0
135 84 1.0
135 121 1.0
136 4 1.0
136 65 1.0
136 72 1.0
136 96 1.0
136 121 1.0
136 143 1.0
137 37 1.0
137 65 1.0
137 81 1.0
137 125 1.0
137 140 1.0
138 2 1.0
138 35 1.0
138 40 1.0
138 88 1.0
138 98 1.0
138 102 1.0
139 1 1.0
139 41 1.0
139 74 1.0
139 78 1.0
139 101 1.0
139 114 1.0
140 12 1.0
140 27 1.0
140 40 1.0
140 54 1.0
140 98 1.0
140 119 1.0
140 137 1.0
141 2 1.0
141 48 1.0
141 63 1.0
141 80 1.0
141 84 1.0
141 88 1.0
141 108 1.0
141 115 1.0
141 144 1.0
142 3 1.0
142 16 1.0
142 21 1.0
142 24 1.0
142 36 1.0
142 45 1.0
142 90 1.0
142 99 1.0
142 133 1.0
142 148 1.0
143 8 1.0
143 16 1.0
143 36 1.0
143 82 1.0
143 124 1.0
143 128 1.0
143 136 1.0
144 17 1.0
144 61 1.0
144 114 1.0
144 123 1.0
144 124 1.0
144 125 1.0
144 141 1.0
145 16 1.0
145 22 1.0
145 23 1.0
145 24 1.0
145 124 1.0
146 38 1.0
146 41 1.0
146 57 1.0
146 80 1.0
146 88 1.0
146 102 1.0
147 15 1.0
147 101 1.0
147 148 1.0
148 4 1.0
148 7 1.0
148 55 1.0
148 90 1.0
148 116 1.0
148 142 1.0
148 147 1.0
149 20 1.0
149 31 1.0
149 69 1.0
149 74 1.0
149 81 1.0
149 84 1.0
149 126 1.0
149 149 1.0
