0 8
0 106
1 142
1 108
1 52
3 80
3 83
3 0
4 149
8 108
10 141
10 8
10 53
10 105
10 149
10 80
12 49
12 60
13 131
13 9
13 71
13 58
14 60
15 76
15 130
15 8
17 15
20 141
24 61
24 15
24 90
24 12
29 65
29 4
29 32
32 91
32 127
33 52
33 130
38 29
38 68
38 56
41 23
41 59
41 131
41 33
42 32
46 24
46 49
46 56
48 29
48 83
49 14
49 90
52 48
53 105
53 61
53 49
55 80
55 14
55 99
55 122
57 20
57 65
58 90
58 10
58 81
58 24
59 52
59 105
60 76
60 80
60 81
60 89
60 114
61 74
61 52
61 69
61 108
62 24
62 74
63 84
63 10
63 68
64 130
65 57
65 69
68 8
68 24
69 61
71 122
71 13
72 91
72 4
72 89
74 71
74 52
74 0
74 99
74 1
76 84
81 106
81 9
81 83
81 63
83 59
83 53
83 101
83 86
84 72
84 90
84 57
84 29
84 46
86 49
86 23
89 23
89 84
89 56
90 106
91 3
91 93
97 99
97 142
97 24
97 131
97 127
97 110
99 117
99 29
101 93
101 118
101 33
101 9
105 99
105 108
105 42
105 61
106 122
106 131
106 12
106 1
108 0
110 99
110 122
110 71
110 149
110 1
114 42
117 33
117 106
118 64
118 59
122 3
122 149
122 63
122 110
127 149
131 106
141 49
142 122
142 42
145 114
145 74
145 58
149 64
149 80
