0 14
0 88
0 117
0 123
0 20
0 102
0 58
0 112
0 47
1 41
1 128
1 110
1 90
1 31
2 70
2 100
2 123
3 69
3 71
3 92
3 126
4 92
4 65
4 67
4 90
5 100
5 20
5 33
5 119
6 9
6 55
6 31
6 1
6 66
6 95
6 67
8 133
8 43
8 47
8 117
8 121
9 121
9 95
9 94
9 39
9 68
13 44
14 25
14 1
14 20
15 33
15 51
16 94
16 47
16 9
19 8
19 0
19 5
19 114
20 133
20 99
20 137
20 92
20 61
22 25
22 136
22 146
22 0
22 63
22 26
22 14
22 61
22 110
23 13
24 125
24 128
24 94
25 134
25 20
25 58
26 44
30 100
30 45
30 138
30 75
30 46
31 25
31 23
31 147
32 123
35 149
35 131
35 54
37 66
37 2
37 146
37 4
38 93
38 138
38 82
38 25
39 0
39 5
40 125
40 105
40 0
40 79
41 85
41 149
41 43
43 140
44 145
44 58
44 26
44 126
45 90
45 147
45 75
46 69
46 38
46 114
46 61
46 100
47 37
47 68
47 94
47 129
47 89
47 102
47 128
48 138
48 58
48 143
48 44
48 25
48 147
48 79
49 44
49 91
51 139
53 82
53 126
54 112
54 66
54 140
54 70
55 32
55 79
55 25
55 58
55 56
56 75
56 139
56 133
56 74
58 55
59 69
59 20
59 94
61 135
62 24
62 143
62 74
62 110
62 20
63 110
63 106
63 141
63 33
63 88
63 46
65 100
65 20
65 2
65 40
65 91
65 38
65 1
65 129
65 33
66 91
66 9
66 96
67 43
67 104
67 2
68 37
68 102
68 67
68 46
69 136
69 48
69 26
70 48
70 26
70 37
70 1
70 106
71 45
71 67
71 41
73 15
73 23
73 90
73 89
73 22
73 91
73 38
73 37
73 143
74 31
74 5
74 2
74 59
74 45
74 15
75 123
75 53
75 93
75 79
75 134
78 91
78 49
78 16
79 91
79 135
79 22
79 81
80 116
80 54
81 49
81 74
82 24
82 62
82 138
83 145
83 45
83 58
83 117
83 90
85 71
85 35
85 133
88 117
88 16
88 30
88 138
88 116
88 129
88 146
88 83
88 92
89 39
89 20
89 54
89 9
89 78
89 147
89 37
89 144
89 104
90 9
90 114
90 6
90 49
90 54
90 68
90 66
91 93
91 78
91 66
92 133
92 116
92 20
92 61
92 15
93 139
93 73
93 121
93 78
94 26
94 5
94 53
94 45
95 81
95 115
95 141
95 137
95 32
95 99
95 144
95 14
96 123
96 104
96 131
96 25
99 101
99 123
99 103
99 104
99 82
99 90
100 20
100 40
100 141
100 112
101 146
101 68
101 125
101 70
101 134
102 0
102 16
102 73
103 44
103 138
103 38
103 2
104 79
104 47
104 112
104 70
104 82
104 68
104 41
104 26
105 117
105 19
105 8
105 94
105 32
105 74
105 67
106 117
106 43
106 143
106 32
110 146
110 16
110 129
110 32
110 82
112 8
112 9
112 45
114 75
114 80
115 106
115 68
115 100
115 32
115 40
116 70
116 9
116 55
116 61
116 13
116 2
116 74
117 106
119 137
119 123
119 147
119 56
119 35
121 62
121 99
121 38
121 131
123 103
123 136
123 116
125 123
125 131
125 135
125 103
125 3
125 141
126 144
128 65
128 49
128 138
128 35
128 56
129 58
129 49
129 20
131 31
131 99
131 56
133 79
133 92
133 145
134 51
134 138
134 145
134 38
134 149
135 58
135 125
135 102
135 67
135 137
136 133
136 149
137 146
137 8
137 126
137 88
137 100
137 78
137 79
137 140
138 137
138 63
138 78
138 39
138 1
139 123
139 117
139 88
139 112
140 82
140 147
140 105
140 30
140 44
140 95
140 65
141 54
141 83
141 46
143 69
143 133
143 121
143 115
143 66
144 136
144 141
144 81
144 24
144 90
144 68
145 90
145 16
145 135
145 26
145 115
146 147
146 41
147 129
147 3
149 41
149 115
