0 136
0 105
0 124
0 145
1 122
1 65
1 68
1 3
1 124
1 136
2 141
2 73
3 20
3 36
3 96
3 137
3 81
3 77
3 125
4 58
4 81
4 85
4 31
4 36
5 109
5 143
6 77
7 144
7 32
8 73
8 80
8 115
8 124
8 113
8 130
8 37
8 104
9 123
9 136
9 71
9 112
9 97
9 124
10 22
10 137
10 116
10 35
11 3
11 14
11 136
11 100
12 10
12 112
12 8
12 121
12 99
13 68
13 54
13 98
13 17
13 12
13 33
14 62
14 36
14 96
14 82
14 64
14 12
14 90
14 40
14 132
14 124
15 78
15 115
15 18
15 48
15 76
15 100
15 84
15 105
16 94
16 58
16 67
16 141
16 30
17 48
17 46
17 15
17 65
17 53
17 4
17 102
17 136
17 67
18 16
18 88
19 54
19 89
20 74
20 25
20 60
20 6
20 149
21 24
21 16
21 106
21 119
21 104
22 56
22 58
22 111
22 43
22 3
22 18
23 121
23 139
23 78
23 106
23 14
23 144
23 100
23 33
24 120
24 46
25 18
25 5
25 17
25 49
25 61
25 124
26 74
27 96
27 36
28 37
28 22
29 70
29 45
29 92
30 117
30 122
30 68
30 55
30 125
31 71
31 109
32 42
32 63
32 45
32 37
32 139
32 146
32 122
33 72
33 53
33 57
33 1
33 83
34 80
34 32
35 30
35 104
35 92
35 46
35 47
35 149
35 114
35 99
35 144
36 121
36 125
36 37
37 24
37 1
38 104
38 25
38 126
38 98
38 138
39 132
39 15
39 136
39 63
40 18
40 81
40 135
41 89
41 60
41 112
41 35
41 74
41 82
41 95
41 134
42 67
42 77
42 94
42 38
42 30
43 78
43 83
44 132
44 47
45 93
45 143
46 90
46 76
47 36
47 104
47 23
47 11
47 20
47 21
47 66
48 125
48 89
48 142
49 35
49 140
49 14
49 20
50 123
50 27
50 3
51 16
51 81
51 26
51 0
51 65
51 41
52 25
52 144
52 89
52 118
53 34
53 106
53 9
53 40
53 68
53 38
53 147
54 95
54 2
54 136
54 87
54 134
54 147
54 77
55 147
55 49
56 21
56 45
56 73
56 80
56 112
56 14
56 67
57 25
57 72
57 26
57 12
57 131
57 100
57 71
57 129
57 93
57 61
58 35
58 7
58 86
59 33
59 148
59 35
59 123
59 110
59 135
60 74
60 64
60 115
61 12
61 80
61 19
61 0
61 139
62 133
62 139
62 93
62 149
63 17
63 73
63 147
63 98
64 96
64 3
64 83
65 93
65 6
65 124
65 127
65 8
65 113
66 52
66 122
66 71
67 135
67 6
68 40
68 36
69 42
69 92
69 46
69 109
69 54
70 55
70 11
70 25
71 133
71 139
71 100
71 98
71 9
72 114
72 104
72 110
72 127
72 74
73 149
73 59
73 102
73 114
73 135
73 71
74 128
74 86
74 52
74 27
74 19
74 69
74 110
75 50
75 132
76 72
76 113
76 131
77 139
77 19
77 117
77 130
77 96
77 64
77 50
77 13
78 125
78 105
78 38
78 11
78 132
78 109
79 57
79 16
80 32
80 49
80 120
80 72
80 15
80 28
80 112
81 8
81 79
81 89
81 71
81 106
81 33
82 110
83 38
83 49
83 6
84 114
84 108
84 52
84 113
84 127
85 148
85 3
85 26
86 30
86 39
87 18
87 89
87 25
87 102
87 49
87 19
88 80
88 135
89 43
89 128
89 35
89 91
90 53
91 75
91 67
91 21
91 28
91 4
92 75
92 55
92 70
92 37
92 58
93 0
93 62
93 15
93 146
93 4
93 56
93 47
93 75
94 146
94 106
94 23
95 130
95 92
95 59
95 108
95 72
95 123
96 110
97 19
97 53
97 65
97 133
98 32
99 6
99 45
99 77
99 26
99 27
99 78
100 119
100 2
100 5
100 23
101 28
101 145
101 111
102 90
102 56
102 50
102 9
102 17
102 87
102 19
103 113
103 100
104 128
104 94
104 15
105 80
106 140
106 64
106 139
106 70
107 94
107 51
107 54
107 73
108 44
108 92
109 84
109 22
109 93
109 94
110 71
110 84
110 114
110 143
110 140
111 75
111 141
111 81
111 62
111 93
112 103
112 128
113 44
113 42
113 99
113 107
113 7
113 90
113 15
114 146
114 14
114 10
115 47
115 29
115 134
115 86
115 144
116 41
116 121
116 39
116 85
116 3
116 78
116 75
117 16
117 118
118 65
118 111
118 47
118 16
118 96
119 73
119 65
119 47
120 145
120 29
121 61
121 112
121 110
121 132
122 96
122 78
122 21
122 121
122 87
122 101
122 144
122 40
123 51
123 136
123 83
123 7
123 122
124 75
124 66
125 20
125 3
126 98
126 37
126 6
126 57
126 60
127 78
127 120
127 14
127 129
127 46
128 85
128 132
128 133
128 117
129 89
129 45
129 149
130 48
130 50
131 31
131 110
131 38
132 96
132 64
132 90
132 13
132 99
133 3
133 122
133 48
133 68
133 44
133 77
134 77
134 139
134 2
134 114
134 12
134 41
135 79
135 121
135 129
135 86
135 14
136 138
136 85
136 25
137 56
137 121
137 96
138 76
138 116
138 33
139 92
140 62
140 23
140 76
140 3
140 48
140 137
141 1
141 98
141 23
141 10
142 119
142 130
142 87
142 79
142 20
143 39
143 149
143 122
143 110
143 85
144 18
144 127
144 125
144 53
144 103
144 147
144 91
144 109
144 95
144 26
145 16
145 116
145 37
145 142
146 70
146 62
146 57
146 98
146 90
147 111
147 92
147 41
147 113
147 90
147 87
148 73
149 11
149 136
149 85
149 104
149 72
