1 143
1 121
2 133
2 61
2 15
2 102
2 4
2 6
2 143
2 38
4 148
4 10
4 23
4 13
4 65
4 55
4 35
5 123
5 95
5 134
5 56
6 36
6 102
6 11
6 108
8 121
8 126
8 132
8 61
8 1
10 119
11 62
11 137
11 29
12 129
12 136
12 68
12 37
12 13
13 145
13 15
13 123
13 133
13 36
13 61
13 102
13 118
15 123
15 82
15 57
15 65
18 96
18 120
18 143
22 148
22 118
23 148
23 121
23 36
23 126
23 68
29 108
29 93
33 64
33 10
33 23
33 129
33 121
35 11
35 73
35 106
35 83
35 122
35 45
35 52
35 67
36 123
36 141
36 75
36 54
36 18
37 5
37 95
38 55
38 62
41 103
41 63
41 143
41 102
45 36
45 120
45 41
46 82
46 38
46 33
46 18
52 73
52 8
54 101
54 102
54 82
55 15
55 119
55 6
55 108
55 103
55 65
55 73
55 120
56 121
56 68
56 10
56 35
56 103
56 6
56 92
56 38
56 61
57 2
57 11
57 18
57 141
57 106
57 136
61 141
61 102
61 33
61 65
61 38
61 93
61 75
61 4
62 52
62 38
62 86
62 102
62 22
62 10
63 133
63 123
64 101
64 62
64 83
65 4
65 5
65 56
67 41
67 54
67 8
67 10
68 123
68 15
68 13
73 67
73 134
73 65
73 103
75 82
75 52
75 6
75 54
82 4
82 147
82 103
82 136
82 38
82 123
82 35
82 141
83 18
83 4
83 67
83 92
86 102
86 119
86 95
86 62
86 54
92 147
92 65
92 68
92 108
92 13
93 12
93 133
93 36
93 148
93 33
93 86
95 134
95 63
95 22
95 103
95 15
95 4
95 52
96 54
96 1
101 61
101 45
101 6
101 62
101 95
101 75
101 10
102 64
102 57
102 1
102 132
103 37
103 46
103 122
103 67
103 75
103 5
103 93
103 55
103 73
103 102
106 107
106 67
106 1
107 45
108 95
108 68
108 15
108 126
108 103
108 107
108 11
112 75
112 15
112 37
118 123
118 56
118 121
118 103
118 120
119 37
119 8
119 137
119 11
120 12
120 13
120 37
120 8
120 2
121 55
121 106
121 122
121 62
121 137
121 129
121 37
122 137
122 6
122 1
122 64
123 121
123 101
126 67
126 107
129 141
129 6
129 95
129 93
129 108
129 92
129 106
132 75
132 6
133 145
133 101
134 141
134 57
134 126
134 13
134 35
134 102
134 45
134 8
136 15
136 45
136 141
136 22
137 132
137 136
137 56
139 5
139 45
139 55
139 95
139 37
141 12
141 136
141 96
141 133
141 54
143 148
143 5
145 13
145 52
145 82
145 132
145 10
145 41
147 145
147 106
147 11
147 129
148 101
148 57
148 139
148 1
