0 10 1.0
0 60 1.0
0 62 1.0
0 129 1.0
0 136 1.0
1 62 1.0
1 71 1.0
1 74 1.0
1 120 1.0
1 121 1.0
1 146 1.0
2 10 1.0
2 22 1.0
2 139 1.0
2 144 1.0
2 148 1.0
3 6 1.0
3 21 1.0
3 27 1.0
3 67 1.0
3 70 1.0
3 77 1.0
3 78 1.0
3 109 1.0
4 1 1.0
4 104 1.0
4 123 1.0
4 124 1.0
5 16 1.0
5 37 1.0
5 42 1.0
5 58 1.0
5 92 1.0
5 98 1.0
5 106 1.0
5 129 1.0
6 0 1.0
6 30 1.0
6 35 1.0
6 41 1.0
6 56 1.0
6 76 1.0
6 94 1.0
6 117 1.0
6 122 1.0
6 139 1.0
6 146 1.0
7 25 1.0
7 31 1.0
7 47 1.0
7 74 1.0
7 129 1.0
8 62 1.0
8 87 1.0
8 103 1.0
8 112 1.0
8 132 1.0
9 19 1.0
9 20 1.0
9 75 1.0
10 11 1.0
10 15 1.0
10 68 1.0
11 31 1.0
11 34 1.0
11 131 1.0
12 3 1.0
12 8 1.0
12 35 1.0
12 78 1.0
12 108 1.0
12 109 1.0
12 115 1.0
12 129 1.0
12 133 1.0
13 0 1.0
13 3 1.0
13 10 1.0
13 125 1.0
14 43 1.0
14 82 1.0
14 109 1.0
15 8 1.0
15 11 1.0
15 56 1.0
15 76 1.0
15 115 1.0
15 134 1.0
16 1 1.0
16 4 1.0
16 39 1.0
16 40 1.0
16 57 1.0
16 60 1.0
16 103 1.0
16 122 1.0
16 141 1.0
17 56 1.0
17 89 1.0
17 90 1.0
17 132 1.0
18 6 1.0
18 30 1.0
18 35 1.0
18 50 1.0
18 66 1.0
18 69 1.0
18 70 1.0
19 8 1.0
19 34 1.0
19 37 1.0
19 40 1.0
19 71 1.0
19 85 1.0
19 114 1.0
19 131 1.0
19 145 1.0
20 34 1.0
20 100 1.0
20 108 1.0
21 64 1.0
21 83 1.0
22 20 1.0
22 23 1.0
22 76 1.0
22 80 1.0
22 132 1.0
23 107 1.0
24 79 1.0
24 84 1.0
24 110 1.0
24 142 1.0
24 147 1.0
25 38 1.0
25 72 1.0
25 74 1.0
25 84 1.0
25 113 1.0
25 137 1.0
25 149 1.0
26 18 1.0
26 23 1.0
26 48 1.0
27 9 1.0
27 12 1.0
27 24 1.0
27 88 1.0
27 111 1.0
27 117 1.0
28 0 1.0
28 53 1.0
28 75 1.0
28 101 1.0
29 28 1.0
29 34 1.0
29 46 1.0
29 79 1.0
30 12 1.0
30 14 1.0
30 40 1.0
30 48 1.0
30 86 1.0
30 95 1.0
30 133 1.0
31 6 1.0
31 37 1.0
31 41 1.0
31 88 1.0
31 139 1.0
32 18 1.0
32 39 1.0
32 60 1.0
32 65 1.0
32 78 1.0
32 132 1.0
33 12 1.0
33 62 1.0
33 110 1.0
33 144 1.0
34 4 1.0
34 79 1.0
34 85 1.0
34 134 1.0
35 40 1.0
35 56 1.0
35 61 1.0
35 94 1.0
35 121 1.0
36 57 1.0
37 2 1.0
37 41 1.0
37 65 1.0
37 66 1.0
37 82 1.0
37 95 1.0
37 98 1.0
38 24 1.0
38 102 1.0
38 123 1.0
39 2 1.0
39 16 1.0
39 54 1.0
39 114 1.0
40 1 1.0
40 73 1.0
40 104 1.0
40 127 1.0
40 139 1.0
41 9 1.0
41 37 1.0
41 86 1.0
41 93 1.0
41 106 1.0
41 110 1.0
41 133 1.0
41 134 1.0
41 147 1.0
42 14 1.0
42 19 1.0
42 72 1.0
42 137 1.0
43 3 1.0
43 5 1.0
43 52 1.0
43 88 1.0
43 124 1.0
44 1 1.0
44 22 1.0
44 101 1.0
45 3 1.0
45 61 1.0
45 97 1.0
46 16 1.0
46 32 1.0
46 56 1.0
46 72 1.0
46 118 1.0
46 138 1.0
46 143 1.0
47 6 1.0
47 10 1.0
47 18 1.0
47 38 1.0
47 45 1.0
47 49 1.0
47 134 1.0
48 46 1.0
48 83 1.0
48 126 1.0
49 18 1.0
49 88 1.0
49 112 1.0
49 119 1.0
50 68 1.0
50 92 1.0
50 139 1.0
51 79 1.0
51 110 1.0
52 4 1.0
52 15 1.0
52 35 1.0
52 46 1.0
52 50 1.0
52 69 1.0
52 74 1.0
52 98 1.0
52 110 1.0
52 140 1.0
52 148 1.0
53 14 1.0
53 47 1.0
53 68 1.0
53 89 1.0
53 116 1.0
54 12 1.0
54 28 1.0
54 33 1.0
54 45 1.0
54 63 1.0
54 74 1.0
54 88 1.0
54 97 1.0
54 125 1.0
54 126 1.0
54 130 1.0
55 1 1.0
55 20 1.0
55 53 1.0
55 62 1.0
55 139 1.0
56 12 1.0
56 30 1.0
56 47 1.0
56 57 1.0
56 139 1.0
57 26 1.0
57 85 1.0
57 96 1.0
57 120 1.0
57 127 1.0
57 136 1.0
58 28 1.0
58 56 1.0
58 62 1.0
58 132 1.0
59 81 1.0
59 84 1.0
59 127 1.0
60 9 1.0
60 10 1.0
60 32 1.0
60 40 1.0
60 59 1.0
60 104 1.0
60 129 1.0
60 132 1.0
61 25 1.0
61 46 1.0
61 53 1.0
61 72 1.0
61 100 1.0
62 31 1.0
62 37 1.0
62 97 1.0
62 105 1.0
63 66 1.0
63 109 1.0
63 126 1.0
63 130 1.0
64 25 1.0
64 26 1.0
64 39 1.0
64 120 1.0
65 104 1.0
65 137 1.0
66 45 1.0
66 58 1.0
66 76 1.0
66 100 1.0
67 3 1.0
67 41 1.0
67 44 1.0
67 84 1.0
67 118 1.0
67 119 1.0
68 49 1.0
68 51 1.0
68 58 1.0
68 61 1.0
68 83 1.0
68 106 1.0
68 109 1.0
68 129 1.0
68 149 1.0
69 30 1.0
69 88 1.0
69 119 1.0
69 121 1.0
69 131 1.0
70 57 1.0
70 104 1.0
70 130 1.0
70 132 1.0
71 32 1.0
71 73 1.0
71 90 1.0
71 92 1.0
71 96 1.0
71 123 1.0
71 132 1.0
72 18 1.0
72 36 1.0
72 76 1.0
72 89 1.0
72 109 1.0
72 116 1.0
72 119 1.0
73 43 1.0
73 48 1.0
73 58 1.0
73 63 1.0
73 99 1.0
73 113 1.0
73 121 1.0
74 29 1.0
74 48 1.0
74 72 1.0
74 132 1.0
74 134 1.0
75 0 1.0
75 2 1.0
75 15 1.0
75 100 1.0
75 103 1.0
75 111 1.0
75 128 1.0
76 8 1.0
76 29 1.0
76 56 1.0
76 128 1.0
77 107 1.0
77 125 1.0
78 33 1.0
78 55 1.0
78 74 1.0
78 119 1.0
79 2 1.0
79 7 1.0
79 17 1.0
79 36 1.0
80 99 1.0
81 0 1.0
82 20 1.0
82 49 1.0
82 120 1.0
82 121 1.0
83 29 1.0
83 50 1.0
83 55 1.0
83 76 1.0
83 88 1.0
83 98 1.0
83 102 1.0
84 33 1.0
84 94 1.0
84 120 1.0
84 139 1.0
85 5 1.0
85 8 1.0
85 40 1.0
85 76 1.0
85 78 1.0
85 83 1.0
85 108 1.0
86 13 1.0
86 30 1.0
86 43 1.0
86 66 1.0
86 67 1.0
86 90 1.0
86 96 1.0
86 127 1.0
86 128 1.0
87 41 1.0
87 80 1.0
88 16 1.0
88 84 1.0
88 86 1.0
88 94 1.0
89 20 1.0
89 49 1.0
89 75 1.0
89 91 1.0
89 106 1.0
89 115 1.0
89 126 1.0
89 132 1.0
90 13 1.0
90 28 1.0
90 41 1.0
90 47 1.0
90 48 1.0
90 79 1.0
90 83 1.0
91 5 1.0
91 15 1.0
91 26 1.0
91 102 1.0
91 108 1.0
91 109 1.0
91 110 1.0
91 118 1.0
92 4 1.0
92 17 1.0
92 20 1.0
92 23 1.0
92 28 1.0
92 37 1.0
92 100 1.0
92 111 1.0
92 130 1.0
92 136 1.0
92 137 1.0
92 138 1.0
93 81 1.0
93 101 1.0
93 106 1.0
93 136 1.0
94 8 1.0
94 76 1.0
94 98 1.0
94 99 1.0
95 46 1.0
95 63 1.0
95 102 1.0
95 132 1.0
96 10 1.0
96 20 1.0
96 25 1.0
96 37 1.0
96 45 1.0
96 91 1.0
96 98 1.0
97 8 1.0
97 22 1.0
97 76 1.0
98 43 1.0
98 71 1.0
98 73 1.0
98 142 1.0
99 9 1.0
99 15 1.0
99 29 1.0
99 51 1.0
99 63 1.0
100 75 1.0
100 92 1.0
101 48 1.0
101 78 1.0
101 81 1.0
101 82 1.0
101 83 1.0
101 118 1.0
101 135 1.0
102 24 1.0
102 31 1.0
102 40 1.0
103 65 1.0
103 72 1.0
103 80 1.0
103 98 1.0
103 112 1.0
103 120 1.0
104 2 1.0
104 18 1.0
104 88 1.0
104 119 1.0
105 36 1.0
105 77 1.0
105 84 1.0
106 38 1.0
106 47 1.0
106 52 1.0
106 93 1.0
106 120 1.0
106 147 1.0
107 9 1.0
107 10 1.0
107 20 1.0
107 89 1.0
107 136 1.0
108 48 1.0
108 90 1.0
108 118 1.0
109 8 1.0
109 35 1.0
109 61 1.0
109 87 1.0
109 130 1.0
109 147 1.0
110 35 1.0
110 53 1.0
110 54 1.0
110 97 1.0
110 106 1.0
110 139 1.0
111 1 1.0
111 20 1.0
111 62 1.0
111 101 1.0
111 114 1.0
112 75 1.0
112 103 1.0
112 110 1.0
112 122 1.0
112 135 1.0
112 137 1.0
113 11 1.0
113 77 1.0
113 117 1.0
113 132 1.0
114 3 1.0
114 11 1.0
114 71 1.0
114 87 1.0
114 89 1.0
114 125 1.0
115 15 1.0
115 34 1.0
115 37 1.0
115 64 1.0
115 97 1.0
115 124 1.0
115 126 1.0
115 145 1.0
116 19 1.0
116 27 1.0
116 38 1.0
116 62 1.0
116 65 1.0
116 135 1.0
117 4 1.0
117 36 1.0
117 80 1.0
117 114 1.0
117 115 1.0
117 123 1.0
117 134 1.0
118 2 1.0
118 9 1.0
118 32 1.0
118 48 1.0
118 98 1.0
118 135 1.0
119 0 1.0
119 9 1.0
119 11 1.0
119 81 1.0
119 89 1.0
119 111 1.0
119 145 1.0
120 9 1.0
120 11 1.0
120 12 1.0
120 42 1.0
120 62 1.0
120 109 1.0
120 113 1.0
120 115 1.0
120 124 1.0
120 138 1.0
121 7 1.0
121 21 1.0
121 42 1.0
121 52 1.0
121 62 1.0
121 94 1.0
121 105 1.0
121 123 1.0
121 124 1.0
122 74 1.0
122 97 1.0
122 104 1.0
122 118 1.0
123 13 1.0
123 19 1.0
123 34 1.0
123 86 1.0
123 92 1.0
123 99 1.0
124 4 1.0
124 41 1.0
124 50 1.0
125 34 1.0
125 55 1.0
125 56 1.0
126 53 1.0
127 45 1.0
127 74 1.0
127 77 1.0
127 95 1.0
127 124 1.0
127 132 1.0
128 23 1.0
128 55 1.0
128 143 1.0
128 146 1.0
128 148 1.0
129 25 1.0
129 31 1.0
129 35 1.0
129 115 1.0
129 135 1.0
130 23 1.0
130 27 1.0
130 97 1.0
130 142 1.0
130 148 1.0
131 6 1.0
131 81 1.0
131 91 1.0
131 113 1.0
131 115 1.0
131 141 1.0
132 7 1.0
132 24 1.0
132 40 1.0
132 46 1.0
132 54 1.0
132 62 1.0
132 77 1.0
132 81 1.0
132 105 1.0
133 42 1.0
133 48 1.0
133 56 1.0
133 95 1.0
133 102 1.0
133 129 1.0
133 132 1.0
134 13 1.0
134 39 1.0
135 54 1.0
135 70 1.0
135 81 1.0
136 15 1.0
136 16 1.0
136 50 1.0
136 110 1.0
137 13 1.0
137 31 1.0
137 74 1.0
137 90 1.0
137 106 1.0
138 5 1.0
138 16 1.0
138 33 1.0
138 64 1.0
138 78 1.0
138 122 1.0
139 57 1.0
139 78 1.0
139 136 1.0
139 145 1.0
140 52 1.0
141 16 1.0
141 131 1.0
141 144 1.0
142 24 1.0
142 98 1.0
142 130 1.0
142 142 1.0
143 46 1.0
143 128 1.0
144 2 1.0
144 33 1.0
144 141 1.0
144 144 1.0
145 19 1.0
145 115 1.0
145 119 1.0
145 139 1.0
146 1 1.0
146 6 1.0
146 128 1.0
147 24 1.0
147 41 1.0
147 106 1.0
147 109 1.0
148 2 1.0
148 52 1.0
148 128 1.0
148 130 1.0
149 25 1.0
149 68 1.0
