0 54 1.0
0 66 1.0
0 86 1.0
0 88 1.0
0 99 1.0
0 119 1.0
0 131 1.0
1 2 1.0
1 4 1.0
1 10 1.0
1 19 1.0
1 28 1.0
1 45 1.0
1 60 1.0
1 66 1.0
1 119 1.0
1 136 1.0
2 6 1.0
2 9 1.0
2 13 1.0
2 16 1.0
2 25 1.0
2 32 1.0
2 69 1.0
2 95 1.0
2 131 1.0
3 26 1.0
3 42 1.0
3 56 1.0
3 61 1.0
3 123 1.0
4 7 1.0
4 17 1.0
4 45 1.0
4 49 1.0
5 0 1.0
5 28 1.0
5 54 1.0
5 57 1.0
5 59 1.0
5 97 1.0
5 103 1.0
6 52 1.0
6 81 1.0
7 14 1.0
7 29 1.0
7 63 1.0
7 76 1.0
8 9 1.0
8 18 1.0
8 34 1.0
8 58 1.0
8 62 1.0
8 92 1.0
8 97 1.0
8 100 1.0
8 118 1.0
9 10 1.0
9 17 1.0
9 28 1.0
9 45 1.0
9 51 1.0
9 56 1.0
9 60 1.0
9 67 1.0
9 130 1.0
10 27 1.0
10 32 1.0
10 37 1.0
10 56 1.0
10 91 1.0
10 104 1.0
10 137 1.0
11 43 1.0
11 53 1.0
11 66 1.0
12 51 1.0
12 69 1.0
12 77 1.0
12 84 1.0
12 91 1.0
12 102 1.0
12 127 1.0
13 17 1.0
13 34 1.0
13 54 1.0
13 57 1.0
13 69 1.0
14 41 1.0
14 49 1.0
15 6 1.0
15 13 1.0
15 31 1.0
15 54 1.0
15 58 1.0
16 7 1.0
16 21 1.0
16 23 1.0
16 33 1.0
16 35 1.0
16 38 1.0
16 47 1.0
16 55 1.0
16 82 1.0
16 84 1.0
16 87 1.0
16 100 1.0
16 120 1.0
16 124 1.0
16 127 1.0
16 133 1.0
17 11 1.0
17 24 1.0
17 36 1.0
17 56 1.0
17 65 1.0
17 98 1.0
17 121 1.0
18 3 1.0
18 42 1.0
18 84 1.0
18 126 1.0
19 25 1.0
19 29 1.0
19 115 1.0
19 130 1.0
19 133 1.0
20 30 1.0
20 45 1.0
20 46 1.0
20 66 1.0
20 75 1.0
20 97 1.0
20 108 1.0
21 17 1.0
21 20 1.0
21 53 1.0
22 11 1.0
22 15 1.0
22 19 1.0
22 37 1.0
22 135 1.0
23 5 1.0
23 35 1.0
23 74 1.0
24 37 1.0
24 44 1.0
24 45 1.0
24 137 1.0
25 4 1.0
25 10 1.0
25 32 1.0
25 35 1.0
25 46 1.0
25 49 1.0
25 52 1.0
25 53 1.0
25 98 1.0
25 116 1.0
26 4 1.0
26 6 1.0
26 16 1.0
26 19 1.0
26 28 1.0
26 34 1.0
26 40 1.0
26 46 1.0
26 54 1.0
26 134 1.0
27 1 1.0
27 7 1.0
27 11 1.0
27 47 1.0
27 62 1.0
27 65 1.0
27 92 1.0
28 2 1.0
28 15 1.0
28 19 1.0
28 32 1.0
28 36 1.0
28 41 1.0
28 45 1.0
28 65 1.0
28 86 1.0
28 92 1.0
28 98 1.0
29 6 1.0
29 12 1.0
29 19 1.0
29 23 1.0
29 39 1.0
29 45 1.0
29 72 1.0
30 56 1.0
30 60 1.0
30 114 1.0
31 29 1.0
31 38 1.0
31 44 1.0
32 2 1.0
32 3 1.0
32 26 1.0
32 110 1.0
32 128 1.0
33 5 1.0
33 6 1.0
33 20 1.0
33 24 1.0
33 111 1.0
33 128 1.0
33 133 1.0
34 9 1.0
34 10 1.0
34 56 1.0
34 117 1.0
34 127 1.0
35 32 1.0
35 33 1.0
35 46 1.0
35 61 1.0
35 78 1.0
36 4 1.0
36 23 1.0
36 24 1.0
36 37 1.0
36 76 1.0
36 77 1.0
36 78 1.0
36 98 1.0
37 2 1.0
37 16 1.0
37 19 1.0
37 46 1.0
37 56 1.0
37 62 1.0
37 65 1.0
37 68 1.0
38 2 1.0
38 11 1.0
38 33 1.0
38 40 1.0
39 24 1.0
39 29 1.0
39 42 1.0
39 45 1.0
39 52 1.0
39 108 1.0
40 9 1.0
40 32 1.0
40 34 1.0
40 49 1.0
40 68 1.0
40 101 1.0
40 122 1.0
41 8 1.0
41 15 1.0
41 17 1.0
41 39 1.0
41 60 1.0
41 69 1.0
41 109 1.0
42 2 1.0
42 10 1.0
42 12 1.0
42 23 1.0
42 30 1.0
42 46 1.0
42 61 1.0
42 78 1.0
42 134 1.0
43 0 1.0
43 24 1.0
43 100 1.0
44 4 1.0
44 6 1.0
44 21 1.0
44 28 1.0
44 29 1.0
44 36 1.0
44 42 1.0
44 126 1.0
44 132 1.0
45 0 1.0
45 27 1.0
45 31 1.0
45 59 1.0
46 3 1.0
46 18 1.0
46 22 1.0
46 25 1.0
46 33 1.0
46 35 1.0
46 36 1.0
46 41 1.0
46 45 1.0
46 55 1.0
47 0 1.0
47 33 1.0
47 48 1.0
48 21 1.0
48 74 1.0
48 137 1.0
49 7 1.0
49 10 1.0
49 34 1.0
49 42 1.0
49 46 1.0
49 48 1.0
49 57 1.0
50 10 1.0
50 18 1.0
50 36 1.0
50 133 1.0
51 26 1.0
51 46 1.0
51 53 1.0
51 54 1.0
51 56 1.0
51 104 1.0
52 5 1.0
52 7 1.0
52 18 1.0
52 63 1.0
52 96 1.0
52 103 1.0
53 1 1.0
53 5 1.0
53 8 1.0
53 9 1.0
53 18 1.0
53 105 1.0
54 18 1.0
54 25 1.0
54 29 1.0
54 47 1.0
54 55 1.0
54 58 1.0
54 63 1.0
55 0 1.0
55 4 1.0
55 31 1.0
55 63 1.0
55 128 1.0
56 44 1.0
56 54 1.0
56 70 1.0
57 33 1.0
57 48 1.0
58 4 1.0
58 40 1.0
58 41 1.0
58 42 1.0
58 47 1.0
58 49 1.0
58 65 1.0
59 4 1.0
59 36 1.0
59 130 1.0
60 44 1.0
60 67 1.0
60 86 1.0
60 98 1.0
61 5 1.0
61 9 1.0
61 16 1.0
61 21 1.0
61 27 1.0
61 45 1.0
61 57 1.0
61 65 1.0
61 85 1.0
61 135 1.0
62 10 1.0
62 12 1.0
62 21 1.0
62 65 1.0
62 110 1.0
63 26 1.0
63 59 1.0
63 62 1.0
64 3 1.0
64 18 1.0
64 21 1.0
64 25 1.0
64 42 1.0
64 107 1.0
64 109 1.0
64 115 1.0
65 8 1.0
65 24 1.0
65 43 1.0
65 60 1.0
65 62 1.0
65 87 1.0
65 89 1.0
65 103 1.0
65 109 1.0
66 3 1.0
66 69 1.0
66 124 1.0
67 6 1.0
67 9 1.0
67 20 1.0
67 23 1.0
67 37 1.0
67 59 1.0
68 7 1.0
68 47 1.0
68 58 1.0
68 67 1.0
68 86 1.0
69 0 1.0
69 27 1.0
69 44 1.0
69 64 1.0
69 130 1.0
70 56 1.0
70 72 1.0
70 107 1.0
71 118 1.0
72 29 1.0
72 70 1.0
72 74 1.0
72 92 1.0
72 96 1.0
73 100 1.0
73 113 1.0
73 115 1.0
74 23 1.0
74 48 1.0
74 72 1.0
74 100 1.0
75 20 1.0
75 83 1.0
76 7 1.0
76 36 1.0
77 12 1.0
77 36 1.0
77 89 1.0
78 35 1.0
78 36 1.0
78 42 1.0
78 93 1.0
78 99 1.0
79 80 1.0
79 125 1.0
79 135 1.0
80 79 1.0
80 103 1.0
80 115 1.0
81 6 1.0
81 116 1.0
82 16 1.0
82 94 1.0
83 75 1.0
84 12 1.0
84 16 1.0
84 18 1.0
84 94 1.0
85 61 1.0
85 120 1.0
85 138 1.0
86 0 1.0
86 28 1.0
86 60 1.0
86 68 1.0
86 109 1.0
87 16 1.0
87 65 1.0
87 99 1.0
88 0 1.0
88 101 1.0
88 111 1.0
89 65 1.0
89 77 1.0
89 97 1.0
90 101 1.0
90 115 1.0
90 136 1.0
91 10 1.0
91 12 1.0
91 116 1.0
91 120 1.0
92 8 1.0
92 27 1.0
92 28 1.0
92 72 1.0
93 78 1.0
93 103 1.0
93 118 1.0
93 124 1.0
94 82 1.0
94 84 1.0
94 120 1.0
94 125 1.0
95 2 1.0
95 112 1.0
95 120 1.0
96 52 1.0
96 72 1.0
96 97 1.0
96 132 1.0
96 136 1.0
97 5 1.0
97 8 1.0
97 20 1.0
97 89 1.0
97 96 1.0
97 103 1.0
97 110 1.0
97 135 1.0
98 17 1.0
98 25 1.0
98 28 1.0
98 36 1.0
98 60 1.0
99 0 1.0
99 78 1.0
99 87 1.0
100 8 1.0
100 16 1.0
100 43 1.0
100 73 1.0
100 74 1.0
100 118 1.0
101 40 1.0
101 88 1.0
101 90 1.0
101 106 1.0
101 112 1.0
102 12 1.0
102 125 1.0
103 5 1.0
103 52 1.0
103 65 1.0
103 80 1.0
103 93 1.0
103 97 1.0
103 131 1.0
104 10 1.0
104 51 1.0
105 53 1.0
106 101 1.0
106 108 1.0
107 64 1.0
107 70 1.0
107 126 1.0
108 20 1.0
108 39 1.0
108 106 1.0
108 129 1.0
109 41 1.0
109 64 1.0
109 65 1.0
109 86 1.0
110 32 1.0
110 62 1.0
110 97 1.0
111 33 1.0
111 88 1.0
111 123 1.0
112 95 1.0
112 101 1.0
112 114 1.0
113 73 1.0
113 133 1.0
114 30 1.0
114 112 1.0
114 138 1.0
115 19 1.0
115 64 1.0
115 73 1.0
115 80 1.0
115 90 1.0
116 25 1.0
116 81 1.0
116 91 1.0
116 128 1.0
117 34 1.0
117 132 1.0
117 134 1.0
118 8 1.0
118 71 1.0
118 93 1.0
118 100 1.0
119 0 1.0
119 1 1.0
119 123 1.0
120 16 1.0
120 85 1.0
120 91 1.0
120 94 1.0
120 95 1.0
120 133 1.0
120 138 1.0
121 17 1.0
121 132 1.0
122 40 1.0
123 3 1.0
123 111 1.0
123 119 1.0
124 16 1.0
124 66 1.0
124 93 1.0
125 79 1.0
125 94 1.0
125 102 1.0
126 18 1.0
126 44 1.0
126 107 1.0
127 12 1.0
127 16 1.0
127 34 1.0
127 132 1.0
128 32 1.0
128 33 1.0
128 55 1.0
128 116 1.0
129 108 1.0
130 9 1.0
130 19 1.0
130 59 1.0
130 69 1.0
131 0 1.0
131 2 1.0
131 103 1.0
132 44 1.0
132 96 1.0
132 117 1.0
132 121 1.0
132 127 1.0
133 16 1.0
133 19 1.0
133 33 1.0
133 50 1.0
133 113 1.0
133 120 1.0
134 26 1.0
134 42 1.0
134 117 1.0
135 22 1.0
135 61 1.0
135 79 1.0
135 97 1.0
136 1 1.0
136 90 1.0
136 96 1.0
137 10 1.0
137 24 1.0
137 48 1.0
138 85 1.0
138 114 1.0
138 120 1.0
