0 25
0 134
0 115
0 139
1 96
1 31
1 8
1 94
2 49
2 96
2 73
2 111
2 24
2 100
2 77
2 3
3 27
3 114
3 106
3 12
4 81
4 71
4 118
4 9
4 54
4 27
5 113
5 89
5 50
5 120
5 94
5 14
5 54
5 33
5 9
5 97
5 76
5 23
6 54
6 137
7 64
7 50
7 116
8 40
8 82
8 76
8 136
8 58
9 122
9 42
9 114
9 78
9 32
9 76
10 22
10 45
10 28
10 139
11 50
11 93
11 90
11 52
11 139
11 95
12 114
12 35
12 135
12 40
12 47
12 109
12 118
13 46
13 71
13 89
13 129
13 33
13 35
14 45
14 108
14 61
14 42
14 71
15 116
15 131
15 13
15 124
15 147
15 59
16 122
16 51
16 73
16 8
16 98
16 7
17 39
17 20
17 149
17 143
17 81
18 137
18 117
18 148
18 54
18 104
19 113
19 42
19 111
19 70
19 126
20 64
20 68
20 97
20 4
20 5
20 140
21 116
21 94
21 142
21 35
21 3
22 138
22 90
22 84
23 9
23 109
23 68
23 15
23 141
24 78
24 31
24 54
24 39
24 60
25 143
25 102
25 130
25 23
25 10
25 122
25 81
26 49
26 64
26 48
26 100
26 25
26 121
26 120
26 8
27 23
27 96
27 107
27 147
27 143
28 37
28 99
28 45
28 139
28 76
28 62
28 148
28 83
28 87
28 129
29 45
29 103
29 120
29 22
29 87
30 65
30 90
30 36
30 124
30 27
30 116
31 88
31 86
31 8
31 12
31 147
32 64
32 50
32 121
32 39
32 112
32 42
32 57
33 67
33 99
33 35
34 138
34 106
34 51
34 59
34 63
34 145
35 50
35 21
35 149
35 8
35 32
35 69
35 40
35 10
35 147
35 25
36 38
37 84
37 129
37 127
37 25
37 57
38 147
38 104
38 90
38 72
38 81
38 88
38 139
38 70
38 36
38 57
39 115
39 74
39 47
39 123
39 12
39 60
39 66
39 98
39 86
39 97
40 106
40 28
40 96
40 114
40 53
40 108
41 53
41 115
41 36
41 129
41 100
41 2
41 124
42 118
42 0
42 38
42 144
42 133
43 126
43 89
43 30
43 60
43 143
43 102
43 119
43 124
43 41
44 66
44 86
44 106
44 75
44 131
44 89
44 60
44 57
45 133
45 149
45 81
45 116
45 93
45 59
45 12
46 63
46 29
46 33
46 93
46 54
46 18
46 3
47 18
47 90
47 60
47 112
47 48
47 0
47 109
47 27
47 28
48 54
48 73
48 25
48 7
48 139
48 37
49 60
49 107
49 28
49 15
49 123
49 85
49 130
50 66
51 46
51 59
51 117
51 39
51 144
51 95
51 0
51 124
52 142
52 65
52 71
52 12
52 141
53 101
53 118
53 133
53 132
53 125
53 4
53 124
53 128
54 43
54 122
54 89
54 123
54 92
54 49
54 35
54 126
54 69
54 146
54 60
55 103
55 56
55 9
55 59
56 21
56 145
56 69
56 119
56 74
57 10
57 104
57 28
57 4
57 126
58 123
58 50
58 146
58 84
58 138
58 92
59 18
59 0
59 132
59 13
60 8
60 78
60 107
60 59
60 11
60 72
61 69
61 13
61 93
61 20
61 2
62 125
62 66
62 112
62 84
62 96
62 54
63 98
63 133
63 35
63 83
64 18
64 2
64 7
64 50
64 45
64 91
64 83
64 134
64 105
64 67
64 42
64 19
64 114
65 127
65 38
65 54
65 118
65 121
65 81
66 78
66 42
66 104
66 32
66 126
67 146
68 142
68 85
68 60
68 135
68 25
68 111
68 94
69 149
69 60
69 140
69 102
69 138
69 117
69 81
69 135
69 30
70 54
70 12
71 4
71 59
71 45
71 73
71 137
71 49
72 116
72 84
72 19
72 136
73 132
73 83
73 131
73 14
73 5
74 99
74 8
74 27
74 75
74 147
74 145
74 43
75 52
75 13
75 72
75 58
76 51
76 5
76 35
76 122
76 23
76 37
76 4
76 134
76 139
77 19
77 34
78 65
78 82
78 63
78 89
79 144
79 101
79 80
79 64
79 145
79 70
79 44
79 46
80 5
80 102
80 86
80 116
80 70
81 0
81 14
81 13
81 138
81 124
82 139
82 135
82 14
82 33
82 91
82 66
83 145
83 133
84 48
84 129
84 20
84 56
85 20
85 123
85 25
85 49
85 87
85 69
85 35
86 91
86 10
87 9
87 118
87 53
87 120
87 51
88 44
88 110
88 73
88 101
89 70
89 98
89 97
89 104
90 108
90 132
91 37
91 8
91 36
91 40
91 49
91 69
91 97
91 138
91 141
92 40
92 118
92 127
92 78
92 119
92 100
92 121
92 112
92 31
93 132
93 46
93 62
93 61
93 76
93 13
93 139
94 109
94 115
94 84
95 111
95 149
95 100
95 142
95 66
95 138
95 70
96 60
96 54
96 59
96 110
96 58
96 41
96 108
97 31
97 0
97 125
98 77
98 30
98 76
99 118
99 43
99 2
99 73
99 114
99 139
99 90
100 36
100 115
100 94
100 133
100 59
100 37
100 128
100 49
100 98
100 107
101 108
101 27
101 38
101 135
101 115
102 38
102 34
102 74
102 21
102 85
103 80
103 129
103 20
103 113
103 62
103 50
104 107
104 76
104 122
104 69
104 131
105 133
105 144
105 82
105 136
105 42
105 83
106 27
106 67
106 24
106 140
106 69
106 43
107 147
107 48
107 131
108 134
108 95
108 133
108 92
108 30
108 135
108 82
109 86
109 103
109 121
109 12
109 134
109 9
109 74
109 44
110 32
110 100
110 122
110 142
110 144
110 116
110 68
111 109
111 75
111 2
111 89
111 65
111 91
111 102
111 136
112 12
112 1
112 107
112 90
112 53
112 128
112 76
112 123
113 50
113 90
113 33
113 144
113 11
113 20
113 5
113 41
113 117
113 120
114 6
114 16
114 90
114 104
114 76
114 58
114 70
114 22
114 130
115 13
115 145
115 69
115 1
116 86
116 87
116 147
116 145
116 111
116 97
117 114
117 48
117 22
118 10
118 56
118 131
118 81
118 17
118 147
119 145
119 17
119 24
119 57
119 132
119 118
119 38
119 83
120 10
120 17
120 5
120 14
120 49
121 49
121 102
121 36
121 81
121 90
121 62
121 61
121 119
121 57
121 141
122 10
122 54
122 19
122 116
122 22
122 89
122 27
123 87
123 4
123 61
123 108
123 23
123 118
124 32
124 73
124 81
124 37
124 71
124 66
125 92
125 138
125 20
126 4
126 102
126 65
126 86
126 72
127 105
127 89
127 2
127 54
128 146
128 37
128 92
128 76
129 46
129 100
129 107
129 75
129 63
129 36
130 33
130 124
130 78
130 20
130 75
130 119
131 142
131 113
131 91
132 144
132 8
132 62
132 13
133 130
133 148
133 107
133 70
133 85
133 90
133 73
133 101
133 30
133 25
134 122
134 128
135 45
135 82
135 120
135 48
135 59
136 102
136 115
136 16
136 124
136 3
136 37
136 28
136 103
136 129
137 105
137 51
137 85
137 121
138 80
138 107
138 119
138 72
138 39
138 49
138 143
139 65
139 113
139 0
139 21
139 142
139 109
139 47
139 51
139 2
139 79
140 114
140 107
140 61
140 106
140 88
140 122
140 15
140 69
141 57
141 142
141 0
141 15
142 46
142 26
143 88
143 68
143 120
143 123
143 23
143 75
143 19
144 142
144 94
144 68
144 29
144 87
145 90
145 25
145 115
146 105
146 10
146 149
146 20
147 40
147 72
147 3
147 58
147 51
147 86
147 44
148 19
148 122
148 115
148 89
148 119
148 2
148 55
149 145
149 98
