0 74
0 110
0 52
0 21
0 113
0 116
1 90
1 124
1 128
1 24
2 108
2 33
2 9
2 8
2 124
2 116
2 18
2 80
2 7
3 50
3 127
3 39
4 126
4 147
4 58
4 22
4 92
4 117
5 68
5 96
5 111
5 54
5 70
5 57
5 123
6 122
6 70
6 65
6 56
7 76
7 6
7 29
7 8
8 5
8 43
8 54
8 18
8 81
8 117
8 127
9 46
9 13
9 78
9 118
9 53
9 24
9 4
9 26
9 60
9 142
10 84
10 22
10 19
10 8
10 123
10 137
10 16
10 18
10 13
10 4
11 42
11 59
11 13
11 127
11 57
11 20
11 28
11 97
12 83
12 54
12 60
12 31
12 113
12 115
12 76
12 67
12 121
12 89
13 23
13 49
13 14
13 143
13 67
13 128
13 140
14 50
14 137
14 15
14 10
14 75
15 38
15 60
15 13
15 107
15 114
16 94
16 96
16 107
16 14
16 144
17 89
17 115
17 103
17 120
17 98
17 141
18 35
18 10
18 118
18 74
18 146
18 114
18 0
18 128
18 112
18 1
18 26
19 10
19 38
19 110
19 60
19 42
19 48
20 48
20 84
20 36
20 101
20 75
21 137
21 50
21 23
21 94
21 8
21 75
22 44
22 135
22 43
22 2
22 72
22 84
22 51
22 23
22 31
22 139
23 41
23 56
23 1
23 66
23 65
23 144
23 83
24 20
24 97
24 136
24 137
25 88
25 114
25 116
25 12
25 69
26 105
26 18
26 74
26 57
26 66
26 78
27 23
27 76
27 63
27 128
27 56
27 107
28 55
28 75
28 59
28 25
28 44
28 14
28 8
28 20
28 84
29 133
29 35
29 147
29 123
29 103
29 73
29 48
29 137
30 50
30 102
30 44
30 143
30 13
31 122
31 61
31 78
31 104
31 55
31 91
32 37
32 27
32 69
32 48
32 14
32 143
32 101
33 75
33 13
33 80
33 23
33 45
34 43
34 1
34 89
34 5
34 4
34 138
34 40
35 49
35 18
35 36
35 66
36 54
36 143
36 2
36 18
36 129
36 98
36 83
37 25
37 67
37 58
38 70
38 65
38 146
38 111
39 69
39 93
39 144
39 53
39 109
39 112
40 48
40 83
40 119
41 32
41 132
41 145
41 4
42 58
42 146
42 83
42 137
42 16
42 23
42 72
42 80
43 56
43 113
43 110
43 109
43 20
44 122
44 66
44 129
44 11
45 40
45 141
45 105
45 144
45 70
45 132
46 100
46 92
46 74
46 84
46 119
46 88
46 70
46 44
47 26
48 111
48 54
48 140
48 12
48 122
49 85
49 80
50 137
50 48
50 72
50 119
50 102
50 22
50 82
50 41
51 102
51 96
51 60
51 63
52 131
52 40
52 77
52 44
52 6
53 30
53 104
53 114
53 74
53 76
53 97
53 52
53 56
53 26
53 73
54 77
54 94
55 69
55 132
55 146
55 124
55 104
55 73
55 141
55 103
56 94
56 62
56 78
56 25
56 32
56 100
56 108
57 12
57 75
57 69
57 30
58 54
58 52
58 115
59 133
59 73
59 49
59 74
59 4
59 44
59 32
59 56
60 40
60 58
60 34
60 38
60 68
60 84
61 120
61 130
61 4
61 54
61 114
61 73
61 39
61 100
62 59
62 52
62 112
62 34
62 65
62 86
63 127
63 41
63 94
63 144
63 133
63 10
63 82
64 143
64 107
64 104
64 123
64 67
64 117
64 65
64 116
64 1
64 145
65 2
65 0
65 146
65 86
65 149
65 22
65 26
65 144
65 129
65 139
66 11
66 0
66 108
66 105
66 137
67 57
67 20
67 91
68 37
68 55
68 76
68 128
68 125
69 21
69 47
69 34
69 89
70 92
70 35
70 145
71 20
71 147
72 91
72 109
72 125
72 89
72 144
72 66
72 131
72 86
73 33
73 120
73 109
73 51
73 12
74 50
74 89
74 130
74 78
74 24
74 39
75 94
75 58
75 65
75 22
75 9
75 129
76 142
76 47
76 1
76 125
76 38
77 112
78 95
78 8
78 46
78 115
78 111
79 146
79 34
79 16
79 49
79 1
79 106
79 119
80 113
80 132
80 100
80 38
80 94
80 88
81 90
81 126
81 8
81 6
81 40
81 64
81 15
81 36
82 93
82 0
82 48
82 39
82 80
83 145
83 87
83 11
83 117
83 65
84 118
84 143
84 87
84 34
84 131
84 13
84 100
84 39
85 50
85 54
85 45
85 97
86 70
86 90
86 18
86 114
86 71
86 119
86 87
86 117
87 77
87 135
87 57
87 115
88 92
88 41
88 117
88 69
88 45
88 56
89 139
89 121
89 42
89 15
89 51
90 92
90 67
90 81
90 3
90 148
90 36
90 22
91 121
91 5
91 146
91 34
91 70
91 17
92 93
92 95
92 82
92 36
92 2
92 12
92 38
93 2
93 117
93 113
93 126
93 146
93 11
93 135
93 89
94 146
94 119
94 34
94 91
94 57
95 18
95 10
95 76
96 9
96 115
96 65
96 44
96 68
96 89
97 147
97 13
97 90
97 138
97 108
97 1
98 107
98 121
98 124
98 53
98 112
98 119
98 123
98 35
99 70
99 63
99 91
100 45
100 90
100 107
100 49
100 2
100 47
101 108
101 141
101 92
101 10
102 141
102 72
102 35
102 143
103 112
103 91
103 149
103 54
103 109
103 57
103 136
103 16
104 58
104 88
104 29
104 103
104 100
104 149
104 120
105 84
105 59
105 69
106 103
106 47
107 6
107 83
107 88
107 91
108 34
108 127
108 145
108 143
108 114
108 55
108 107
108 14
108 37
109 124
109 148
110 59
110 9
110 7
110 5
110 22
111 64
111 16
111 44
111 68
111 29
111 0
111 98
111 24
112 12
112 105
112 76
112 92
112 44
112 43
113 42
113 67
113 56
114 23
114 74
114 47
114 71
114 4
114 140
115 64
115 34
115 95
115 9
115 133
115 84
116 33
116 115
116 8
116 135
116 16
117 122
117 50
117 25
117 18
118 111
118 48
118 72
118 55
118 4
119 61
119 60
119 97
120 93
120 134
120 8
120 119
120 100
120 99
120 126
121 29
121 44
121 76
122 35
122 97
122 91
122 81
122 135
122 18
122 117
123 74
123 47
123 136
123 56
123 4
124 75
124 146
124 49
124 82
125 148
125 140
125 0
125 98
125 14
125 57
125 95
125 138
126 75
126 52
126 46
126 63
126 98
126 140
126 149
126 65
127 140
127 43
127 132
128 134
128 94
128 77
128 62
128 21
129 63
130 71
130 95
130 43
130 65
130 68
131 4
131 76
131 29
131 42
131 142
131 107
132 103
132 78
133 49
133 16
133 88
133 101
133 106
133 98
134 87
134 100
134 58
134 30
134 70
134 105
135 88
135 134
135 22
135 86
135 16
135 60
135 78
135 44
135 39
136 42
136 60
136 106
137 147
137 94
137 88
137 55
137 39
137 38
137 78
138 100
138 77
138 85
138 63
139 1
139 64
139 121
139 34
139 129
139 107
140 138
140 37
140 124
141 27
141 5
141 32
141 3
141 148
142 16
142 145
142 115
142 6
142 15
142 116
142 57
142 18
142 109
142 148
143 59
143 79
143 77
143 19
143 8
143 101
143 50
143 68
143 147
143 6
144 106
144 109
144 97
144 116
144 65
145 79
145 21
145 45
145 66
145 136
145 70
145 3
145 2
146 149
146 2
146 86
146 31
146 141
146 11
146 122
147 143
147 49
147 44
147 118
147 55
147 63
147 48
148 32
148 7
148 74
148 95
148 13
149 44
149 65
149 87
149 40
149 20
149 73
