0 10 1.0
0 15 1.0
0 38 1.0
0 54 1.0
0 59 1.0
0 126 1.0
1 21 1.0
1 48 1.0
1 91 1.0
1 108 1.0
1 149 1.0
2 99 1.0
2 123 1.0
2 146 1.0
2 147 1.0
3 60 1.0
4 17 1.0
4 32 1.0
4 40 1.0
4 54 1.0
4 94 1.0
5 45 1.0
5 62 1.0
5 129 1.0
5 139 1.0
6 44 1.0
6 70 1.0
6 120 1.0
7 21 1.0
7 54 1.0
7 106 1.0
7 112 1.0
8 26 1.0
8 45 1.0
8 58 1.0
8 67 1.0
8 109 1.0
8 149 1.0
9 14 1.0
9 53 1.0
9 101 1.0
9 108 1.0
10 37 1.0
10 41 1.0
10 51 1.0
10 53 1.0
10 58 1.0
10 74 1.0
10 84 1.0
10 135 1.0
11 5 1.0
11 36 1.0
11 68 1.0
11 82 1.0
12 25 1.0
12 82 1.0
12 91 1.0
13 81 1.0
13 86 1.0
13 128 1.0
13 144 1.0
14 24 1.0
14 32 1.0
14 58 1.0
15 68 1.0
15 70 1.0
15 97 1.0
15 115 1.0
16 11 1.0
16 136 1.0
17 10 1.0
17 11 1.0
17 16 1.0
17 73 1.0
17 122 1.0
17 141 1.0
18 23 1.0
18 62 1.0
18 76 1.0
19 21 1.0
19 43 1.0
19 70 1.0
19 89 1.0
19 116 1.0
20 15 1.0
20 23 1.0
20 26 1.0
20 38 1.0
20 68 1.0
20 84 1.0
20 89 1.0
20 99 1.0
20 100 1.0
20 122 1.0
21 3 1.0
21 49 1.0
21 87 1.0
21 93 1.0
21 115 1.0
21 121 1.0
22 41 1.0
22 80 1.0
22 92 1.0
22 102 1.0
22 139 1.0
22 140 1.0
23 17 1.0
23 37 1.0
23 137 1.0
24 41 1.0
24 106 1.0
24 127 1.0
25 11 1.0
25 47 1.0
25 63 1.0
25 98 1.0
25 114 1.0
25 115 1.0
25 118 1.0
26 29 1.0
26 39 1.0
26 109 1.0
26 112 1.0
27 9 1.0
27 80 1.0
27 88 1.0
27 117 1.0
27 143 1.0
28 12 1.0
28 16 1.0
28 33 1.0
28 45 1.0
28 76 1.0
28 85 1.0
28 127 1.0
29 10 1.0
29 78 1.0
29 85 1.0
30 8 1.0
30 37 1.0
30 70 1.0
30 74 1.0
30 85 1.0
31 8 1.0
31 64 1.0
32 66 1.0
32 89 1.0
32 106 1.0
33 30 1.0
33 81 1.0
33 121 1.0
33 143 1.0
33 144 1.0
33 147 1.0
34 8 1.0
34 20 1.0
34 22 1.0
34 101 1.0
34 103 1.0
34 143 1.0
34 145 1.0
35 43 1.0
35 65 1.0
35 80 1.0
36 4 1.0
36 5 1.0
36 11 1.0
36 22 1.0
36 94 1.0
36 119 1.0
37 69 1.0
37 71 1.0
37 81 1.0
37 119 1.0
37 131 1.0
37 146 1.0
38 40 1.0
38 48 1.0
39 38 1.0
39 145 1.0
40 19 1.0
40 38 1.0
40 123 1.0
40 148 1.0
41 1 1.0
41 17 1.0
41 109 1.0
42 13 1.0
42 40 1.0
42 139 1.0
43 5 1.0
43 31 1.0
43 45 1.0
43 77 1.0
43 78 1.0
44 13 1.0
44 23 1.0
44 46 1.0
44 63 1.0
44 70 1.0
44 80 1.0
44 93 1.0
44 113 1.0
45 118 1.0
46 25 1.0
46 40 1.0
46 60 1.0
46 87 1.0
46 107 1.0
46 143 1.0
47 5 1.0
47 26 1.0
47 55 1.0
48 5 1.0
48 26 1.0
48 40 1.0
48 52 1.0
48 53 1.0
48 97 1.0
48 149 1.0
49 95 1.0
49 133 1.0
50 68 1.0
50 140 1.0
51 4 1.0
51 37 1.0
51 46 1.0
51 79 1.0
51 114 1.0
52 56 1.0
52 90 1.0
53 54 1.0
53 122 1.0
53 137 1.0
54 39 1.0
54 59 1.0
54 60 1.0
55 6 1.0
55 10 1.0
55 17 1.0
55 21 1.0
55 32 1.0
55 72 1.0
55 73 1.0
55 92 1.0
55 141 1.0
56 11 1.0
56 58 1.0
56 77 1.0
56 100 1.0
56 142 1.0
57 12 1.0
57 68 1.0
57 125 1.0
58 7 1.0
58 29 1.0
58 38 1.0
58 101 1.0
58 136 1.0
59 52 1.0
59 65 1.0
59 75 1.0
59 108 1.0
59 135 1.0
60 117 1.0
60 138 1.0
60 148 1.0
61 9 1.0
61 19 1.0
61 89 1.0
61 96 1.0
61 128 1.0
61 137 1.0
62 103 1.0
63 25 1.0
63 28 1.0
63 29 1.0
63 36 1.0
63 48 1.0
63 59 1.0
63 77 1.0
63 97 1.0
63 141 1.0
64 18 1.0
64 20 1.0
64 35 1.0
64 49 1.0
64 54 1.0
64 60 1.0
64 133 1.0
65 55 1.0
66 14 1.0
66 60 1.0
67 98 1.0
68 36 1.0
68 47 1.0
68 59 1.0
68 118 1.0
68 142 1.0
68 146 1.0
68 149 1.0
69 1 1.0
69 10 1.0
69 36 1.0
69 40 1.0
69 127 1.0
70 53 1.0
70 118 1.0
70 119 1.0
70 132 1.0
71 38 1.0
71 51 1.0
71 59 1.0
71 61 1.0
71 95 1.0
71 100 1.0
71 136 1.0
72 32 1.0
72 107 1.0
72 148 1.0
73 12 1.0
73 112 1.0
74 11 1.0
74 31 1.0
74 49 1.0
74 75 1.0
74 122 1.0
74 123 1.0
74 130 1.0
75 0 1.0
75 17 1.0
75 23 1.0
75 61 1.0
75 80 1.0
75 123 1.0
75 126 1.0
75 135 1.0
76 2 1.0
76 5 1.0
76 23 1.0
76 68 1.0
76 107 1.0
76 111 1.0
76 123 1.0
77 28 1.0
77 91 1.0
78 5 1.0
78 59 1.0
78 98 1.0
79 82 1.0
79 85 1.0
79 134 1.0
80 0 1.0
80 45 1.0
80 100 1.0
80 110 1.0
80 142 1.0
81 47 1.0
81 48 1.0
81 87 1.0
81 95 1.0
81 121 1.0
82 57 1.0
82 59 1.0
82 63 1.0
82 77 1.0
82 130 1.0
82 131 1.0
82 136 1.0
83 10 1.0
83 28 1.0
83 30 1.0
83 62 1.0
83 116 1.0
83 121 1.0
84 3 1.0
84 56 1.0
84 83 1.0
84 117 1.0
84 126 1.0
85 105 1.0
85 109 1.0
85 121 1.0
85 132 1.0
85 139 1.0
86 60 1.0
86 65 1.0
87 36 1.0
87 144 1.0
88 0 1.0
88 3 1.0
88 36 1.0
88 39 1.0
88 45 1.0
88 50 1.0
88 66 1.0
88 97 1.0
88 132 1.0
89 49 1.0
89 132 1.0
90 66 1.0
90 102 1.0
90 116 1.0
90 117 1.0
90 130 1.0
90 132 1.0
91 4 1.0
91 25 1.0
91 86 1.0
91 130 1.0
92 30 1.0
92 138 1.0
93 100 1.0
93 131 1.0
94 13 1.0
94 19 1.0
94 40 1.0
94 99 1.0
94 127 1.0
95 11 1.0
95 30 1.0
95 63 1.0
96 19 1.0
96 21 1.0
96 74 1.0
97 85 1.0
97 90 1.0
97 133 1.0
98 14 1.0
98 53 1.0
100 26 1.0
100 59 1.0
100 65 1.0
100 84 1.0
100 102 1.0
100 147 1.0
101 68 1.0
101 109 1.0
102 34 1.0
102 46 1.0
102 106 1.0
102 123 1.0
102 125 1.0
103 94 1.0
103 116 1.0
103 134 1.0
104 2 1.0
104 24 1.0
104 72 1.0
104 95 1.0
104 106 1.0
104 116 1.0
105 14 1.0
105 29 1.0
105 39 1.0
105 92 1.0
105 133 1.0
106 4 1.0
106 62 1.0
106 81 1.0
107 54 1.0
107 77 1.0
107 79 1.0
108 20 1.0
108 26 1.0
108 34 1.0
108 69 1.0
108 88 1.0
108 123 1.0
108 148 1.0
108 149 1.0
110 80 1.0
110 116 1.0
110 123 1.0
110 134 1.0
111 76 1.0
111 121 1.0
111 122 1.0
111 127 1.0
111 129 1.0
112 7 1.0
112 26 1.0
112 73 1.0
112 138 1.0
113 44 1.0
113 140 1.0
114 25 1.0
114 51 1.0
114 118 1.0
114 126 1.0
114 138 1.0
115 15 1.0
115 21 1.0
115 25 1.0
115 127 1.0
116 19 1.0
116 83 1.0
116 90 1.0
116 103 1.0
116 104 1.0
116 110 1.0
116 147 1.0
117 27 1.0
117 60 1.0
117 84 1.0
117 90 1.0
118 25 1.0
118 45 1.0
118 68 1.0
118 70 1.0
118 114 1.0
118 141 1.0
119 36 1.0
119 37 1.0
119 70 1.0
120 6 1.0
121 21 1.0
121 33 1.0
121 81 1.0
121 83 1.0
121 85 1.0
121 111 1.0
122 17 1.0
122 20 1.0
122 53 1.0
122 74 1.0
122 111 1.0
122 137 1.0
122 146 1.0
123 2 1.0
123 40 1.0
123 74 1.0
123 75 1.0
123 76 1.0
123 102 1.0
123 108 1.0
123 110 1.0
124 136 1.0
124 144 1.0
125 57 1.0
125 102 1.0
125 138 1.0
125 144 1.0
126 0 1.0
126 75 1.0
126 84 1.0
126 114 1.0
127 24 1.0
127 28 1.0
127 69 1.0
127 94 1.0
127 111 1.0
127 115 1.0
128 13 1.0
128 61 1.0
129 5 1.0
129 111 1.0
129 142 1.0
129 144 1.0
130 74 1.0
130 82 1.0
130 90 1.0
130 91 1.0
131 37 1.0
131 82 1.0
131 93 1.0
132 70 1.0
132 85 1.0
132 88 1.0
132 89 1.0
132 90 1.0
133 49 1.0
133 64 1.0
133 97 1.0
133 105 1.0
134 79 1.0
134 103 1.0
134 110 1.0
135 10 1.0
135 59 1.0
135 75 1.0
135 138 1.0
136 16 1.0
136 58 1.0
136 71 1.0
136 82 1.0
136 124 1.0
137 23 1.0
137 53 1.0
137 61 1.0
137 122 1.0
138 60 1.0
138 92 1.0
138 112 1.0
138 114 1.0
138 125 1.0
138 135 1.0
139 5 1.0
139 22 1.0
139 42 1.0
139 85 1.0
140 22 1.0
140 50 1.0
140 113 1.0
141 17 1.0
141 55 1.0
141 63 1.0
141 118 1.0
142 56 1.0
142 68 1.0
142 80 1.0
142 129 1.0
143 27 1.0
143 33 1.0
143 34 1.0
143 46 1.0
144 13 1.0
144 33 1.0
144 87 1.0
144 124 1.0
144 125 1.0
144 129 1.0
145 34 1.0
145 39 1.0
146 2 1.0
146 37 1.0
146 68 1.0
146 122 1.0
147 2 1.0
147 33 1.0
147 100 1.0
147 116 1.0
148 40 1.0
148 60 1.0
148 72 1.0
148 108 1.0
149 1 1.0
149 8 1.0
149 48 1.0
149 68 1.0
149 108 1.0
