4 15
4 146
8 45
8 74
8 112
9 132
9 125
9 88
9 112
9 46
11 63
11 70
13 59
13 26
15 112
15 72
16 9
16 126
16 103
16 28
19 59
19 11
19 87
25 73
26 16
28 46
28 13
31 9
31 11
31 51
32 125
32 31
32 72
32 86
33 131
33 13
44 46
45 9
45 85
46 125
46 73
48 105
48 59
48 146
48 25
50 132
51 45
51 11
56 105
56 15
56 11
57 77
59 45
59 70
63 59
63 78
63 112
70 51
70 4
70 141
71 95
72 131
73 115
73 125
73 116
73 15
73 131
73 16
74 71
75 25
78 136
82 8
82 94
82 87
82 126
82 146
82 115
82 108
86 70
87 132
87 94
87 45
87 44
88 146
88 120
91 103
91 99
91 123
94 8
94 91
94 56
94 143
94 70
95 86
95 57
95 11
95 28
95 100
99 123
99 46
100 94
103 88
103 25
105 74
105 13
105 136
105 88
108 86
108 77
108 19
108 138
108 105
112 125
112 4
112 11
112 138
115 19
115 11
115 75
116 132
116 13
118 100
118 33
118 120
118 77
120 146
121 131
121 129
122 132
123 112
125 105
126 63
126 4
126 132
128 28
128 115
129 50
129 8
129 33
129 112
130 88
130 38
131 132
131 118
131 141
132 144
132 108
132 122
132 72
132 100
134 120
134 116
135 73
136 59
136 25
138 136
138 126
141 15
143 144
144 19
144 16
144 123
144 63
146 71
146 143
146 28
146 120
149 146
149 74
149 131
149 73
149 105
