0 116
0 34
0 101
0 79
3 47
3 74
3 6
3 85
3 66
5 32
5 66
5 34
6 3
6 23
6 68
7 72
8 29
8 113
8 50
8 52
8 95
13 135
13 56
13 6
14 41
14 24
22 79
22 126
22 112
22 143
22 74
23 36
23 117
24 135
24 95
26 75
26 0
26 68
26 56
27 50
27 85
28 29
28 143
28 147
29 47
32 7
32 91
32 143
34 47
34 111
36 75
36 5
36 66
47 91
47 84
49 84
49 107
50 66
50 111
55 21
56 52
56 32
56 64
56 103
63 148
63 117
63 0
63 128
63 126
64 47
64 2
66 139
66 122
66 142
68 34
68 70
68 41
70 29
70 34
70 24
70 103
72 63
72 28
72 124
74 102
75 139
75 124
75 41
75 113
76 6
76 14
77 107
77 95
77 124
79 22
79 126
79 135
84 23
84 147
84 72
85 26
85 66
86 135
86 79
88 5
88 86
91 75
91 148
95 128
95 119
99 107
99 22
100 85
100 41
100 0
100 95
101 147
101 128
102 7
102 5
103 112
103 56
103 21
103 0
103 43
104 21
104 52
104 116
107 135
107 21
111 49
111 122
112 77
112 50
113 147
113 64
113 112
116 112
117 0
117 34
117 74
117 63
119 49
119 63
119 100
122 49
124 14
124 66
124 99
126 2
126 72
128 55
128 64
128 113
135 117
135 35
139 22
139 91
143 27
143 29
143 13
146 49
146 122
146 32
147 99
147 124
147 104
147 107
148 8
148 122
