0 103
0 64
0 113
1 11
1 61
1 69
1 93
1 71
1 140
1 115
1 110
2 51
2 100
2 4
2 136
3 8
3 74
3 26
3 32
3 45
3 12
3 94
3 31
3 141
4 42
4 40
4 112
4 99
5 15
5 38
5 20
5 107
5 0
5 102
6 31
6 86
6 10
6 1
6 47
6 17
6 68
6 149
7 89
7 61
7 96
7 37
7 117
7 127
8 2
8 68
8 70
8 38
8 31
8 56
8 35
8 58
8 11
8 124
9 57
9 28
9 103
9 146
9 37
9 52
9 115
10 98
10 77
10 82
10 67
10 30
10 139
11 144
11 116
12 4
12 11
12 10
12 18
13 124
13 5
13 86
13 83
13 3
13 129
14 77
14 62
14 54
14 93
14 43
14 130
14 86
14 129
14 80
14 105
15 49
15 137
15 127
16 9
16 63
16 23
16 5
17 31
17 58
17 130
17 36
17 15
17 61
17 145
17 52
17 6
17 108
17 97
17 59
18 33
18 58
18 81
18 141
19 137
19 101
19 139
19 49
19 78
19 113
19 36
19 11
19 70
20 86
20 120
20 126
20 147
20 6
20 58
21 135
21 31
21 51
21 20
21 107
22 99
22 144
22 72
22 112
22 18
22 107
22 82
22 48
23 85
23 32
23 141
23 120
23 59
23 106
23 71
24 106
24 92
24 58
24 107
24 142
25 48
25 88
25 112
26 110
26 4
26 102
26 149
27 51
27 146
27 136
27 125
27 36
27 64
27 104
27 1
27 4
28 70
29 7
29 109
30 27
30 120
30 104
30 60
30 136
30 77
30 48
30 128
30 143
30 45
31 18
31 0
32 12
32 120
32 20
32 61
32 131
33 31
33 65
33 6
33 64
33 73
33 109
34 146
34 132
34 131
34 71
34 12
34 109
35 56
35 118
35 67
36 37
36 75
36 117
36 54
36 116
36 43
36 80
36 49
36 72
37 15
37 81
37 34
37 61
37 80
37 93
38 56
38 37
38 94
39 17
39 27
39 94
40 29
40 114
40 97
40 39
40 13
41 35
41 23
41 12
41 72
41 48
42 30
42 136
42 134
42 66
42 117
43 23
43 105
43 68
43 82
43 81
43 48
43 98
43 53
43 139
43 9
44 35
44 42
44 142
44 129
44 61
44 95
44 34
45 12
45 14
45 56
45 138
46 65
46 23
46 131
46 69
47 49
47 19
47 146
47 121
47 32
48 14
48 144
48 56
48 59
48 2
49 20
49 11
49 113
49 72
49 66
50 114
50 2
50 5
50 60
50 7
50 64
50 52
51 139
52 111
52 138
52 144
52 85
52 124
53 50
53 31
53 143
54 82
54 110
54 61
54 106
54 23
54 92
55 11
55 143
55 5
55 42
55 67
56 69
56 105
57 95
57 11
57 89
57 28
58 10
58 98
58 133
58 25
58 55
58 102
59 114
59 148
59 62
59 120
59 80
59 121
59 139
60 128
60 1
60 4
60 120
60 116
60 61
60 65
61 88
61 34
61 64
61 22
61 6
61 109
61 46
61 41
62 146
62 73
62 145
62 33
63 56
63 53
63 112
63 9
63 29
63 37
63 21
63 4
63 129
63 142
63 82
64 84
64 76
64 82
64 12
65 53
65 93
65 59
66 31
66 83
66 69
66 86
66 62
67 15
67 47
67 110
67 20
67 29
68 103
68 45
68 133
68 118
68 52
68 86
68 126
69 46
69 57
69 47
69 149
69 38
69 101
70 95
70 63
70 53
71 120
71 56
71 30
71 14
72 45
72 96
72 138
72 134
72 84
72 6
72 46
73 75
73 55
73 2
73 6
73 117
74 124
74 106
74 9
74 6
74 109
74 140
74 87
74 79
74 45
74 19
75 59
75 56
75 73
76 147
76 73
76 49
76 120
76 41
76 99
76 91
76 20
77 19
77 145
77 104
77 30
77 18
77 41
77 93
77 36
78 148
78 21
78 12
78 24
78 138
79 11
79 63
79 128
79 136
79 142
79 25
80 61
80 24
80 27
80 126
80 20
81 53
81 102
81 98
81 87
81 63
81 80
81 21
82 122
82 80
82 41
82 139
82 66
82 14
83 15
83 1
83 120
84 96
84 78
84 89
84 68
85 86
85 98
85 4
85 56
86 136
86 22
86 114
86 61
86 122
86 75
87 32
87 30
87 136
87 22
88 57
88 77
88 105
88 108
88 33
88 18
88 15
89 109
89 147
89 110
89 54
89 28
89 136
89 57
89 117
89 68
90 51
90 43
90 48
90 135
90 1
90 76
91 112
91 133
91 113
91 108
91 106
91 109
91 86
91 75
92 120
92 21
92 0
92 115
92 97
92 74
93 45
93 90
93 141
94 64
94 141
94 102
94 68
95 89
95 48
95 55
95 100
95 79
95 146
95 13
95 34
96 98
96 82
96 44
96 10
96 30
96 81
96 84
97 25
97 135
98 79
98 18
98 129
98 71
98 44
98 140
98 73
99 27
99 86
100 138
100 11
100 34
100 124
100 143
101 117
101 46
101 12
102 119
102 83
102 50
102 66
102 69
102 87
103 142
103 110
104 63
104 138
104 101
104 21
104 87
105 99
105 125
105 58
105 117
105 91
105 80
105 71
106 17
106 33
106 103
106 72
106 85
106 45
107 17
107 85
107 46
107 132
107 19
107 30
107 110
108 103
108 86
108 149
108 137
108 52
109 58
109 114
109 148
109 22
109 44
109 125
110 121
110 54
110 19
111 147
111 1
111 24
111 138
111 6
111 80
111 113
111 10
112 5
113 32
113 137
113 110
113 2
113 23
113 56
113 140
113 125
113 78
113 0
114 93
114 73
114 86
114 31
114 9
114 103
114 126
114 133
115 33
115 57
115 51
115 31
115 91
115 149
115 118
116 113
117 23
117 82
117 85
117 10
118 90
118 78
118 69
118 133
118 2
118 106
118 65
118 119
119 78
119 87
119 109
119 91
119 139
119 127
120 128
120 37
120 135
120 92
120 21
120 81
120 131
120 39
120 12
120 115
120 124
120 18
120 60
121 76
121 118
121 44
121 64
122 123
122 38
122 110
122 54
122 62
122 82
122 51
122 108
122 5
123 127
123 43
123 3
124 71
124 103
124 132
124 20
124 69
124 36
124 145
124 8
125 90
125 100
125 70
125 9
125 35
125 7
125 123
125 99
126 21
126 42
126 85
127 40
128 34
128 1
128 15
128 102
128 25
128 83
128 63
128 2
128 28
129 68
129 28
129 73
129 43
129 14
129 140
129 133
129 0
129 93
130 54
130 105
130 60
130 148
130 101
130 142
130 37
130 120
131 21
131 144
131 42
132 80
132 0
132 142
132 82
132 28
132 91
132 62
132 75
132 35
132 106
132 85
132 66
133 33
133 21
133 142
133 118
133 71
133 25
133 66
133 57
133 22
133 124
133 18
134 42
134 0
134 15
134 143
134 80
135 142
135 65
135 77
135 101
135 14
135 83
135 71
135 147
136 106
136 28
136 56
136 139
136 85
136 115
136 21
137 78
137 120
137 141
137 62
138 20
138 25
138 128
138 141
138 33
138 62
139 90
139 16
139 79
139 77
140 94
140 1
141 24
141 26
141 119
141 144
141 145
141 121
141 50
142 111
142 134
142 127
142 101
142 31
142 129
143 131
143 28
143 35
143 5
144 9
144 88
144 34
145 96
145 136
145 142
145 97
145 114
145 138
146 17
146 107
146 122
146 56
146 39
146 52
147 9
147 106
147 95
147 7
147 6
147 88
147 37
147 69
147 91
147 59
148 32
148 90
148 129
148 109
148 149
148 59
148 144
149 77
149 135
149 47
149 21
149 64
149 145
149 91
