0 4 1.0
0 13 1.0
0 18 1.0
0 19 1.0
0 37 1.0
0 60 1.0
0 71 1.0
0 74 1.0
0 81 1.0
1 44 1.0
1 47 1.0
1 48 1.0
1 57 1.0
1 75 1.0
1 80 1.0
1 86 1.0
1 94 1.0
2 22 1.0
2 79 1.0
3 44 1.0
3 64 1.0
3 68 1.0
3 86 1.0
4 9 1.0
4 40 1.0
4 61 1.0
4 76 1.0
4 78 1.0
4 100 1.0
5 4 1.0
5 94 1.0
6 3 1.0
6 8 1.0
6 11 1.0
6 75 1.0
6 79 1.0
6 82 1.0
6 102 1.0
7 6 1.0
7 34 1.0
7 41 1.0
7 78 1.0
7 96 1.0
8 29 1.0
8 77 1.0
8 84 1.0
9 24 1.0
9 49 1.0
9 63 1.0
9 102 1.0
10 18 1.0
10 19 1.0
10 43 1.0
10 47 1.0
10 66 1.0
11 56 1.0
12 4 1.0
12 45 1.0
12 66 1.0
12 74 1.0
12 95 1.0
13 8 1.0
13 14 1.0
13 35 1.0
13 46 1.0
13 52 1.0
13 60 1.0
13 98 1.0
13 104 1.0
14 33 1.0
14 42 1.0
14 62 1.0
14 65 1.0
14 73 1.0
14 102 1.0
15 5 1.0
15 16 1.0
15 50 1.0
15 52 1.0
15 58 1.0
15 61 1.0
16 50 1.0
16 54 1.0
16 55 1.0
16 58 1.0
16 67 1.0
16 79 1.0
16 82 1.0
16 85 1.0
16 103 1.0
16 104 1.0
17 72 1.0
17 77 1.0
18 2 1.0
18 5 1.0
18 21 1.0
18 22 1.0
18 24 1.0
18 33 1.0
19 13 1.0
19 20 1.0
19 24 1.0
19 61 1.0
20 6 1.0
20 24 1.0
20 87 1.0
21 24 1.0
22 60 1.0
22 62 1.0
23 41 1.0
23 48 1.0
24 3 1.0
24 12 1.0
24 15 1.0
24 17 1.0
24 22 1.0
24 42 1.0
24 69 1.0
24 87 1.0
25 23 1.0
25 54 1.0
26 60 1.0
26 99 1.0
27 11 1.0
27 91 1.0
28 4 1.0
28 26 1.0
28 30 1.0
28 41 1.0
28 69 1.0
28 84 1.0
30 43 1.0
30 45 1.0
30 55 1.0
30 63 1.0
31 12 1.0
31 14 1.0
31 29 1.0
31 60 1.0
32 4 1.0
32 5 1.0
32 8 1.0
32 10 1.0
32 72 1.0
32 84 1.0
32 101 1.0
33 87 1.0
33 103 1.0
34 4 1.0
34 18 1.0
34 27 1.0
34 47 1.0
34 52 1.0
34 53 1.0
34 70 1.0
34 73 1.0
34 85 1.0
34 88 1.0
35 48 1.0
36 46 1.0
36 83 1.0
36 88 1.0
36 96 1.0
37 14 1.0
37 27 1.0
37 45 1.0
37 98 1.0
38 13 1.0
38 22 1.0
38 42 1.0
38 54 1.0
38 59 1.0
38 62 1.0
38 78 1.0
40 45 1.0
40 55 1.0
40 58 1.0
40 99 1.0
40 100 1.0
41 104 1.0
42 5 1.0
42 19 1.0
42 23 1.0
42 51 1.0
43 13 1.0
43 45 1.0
44 32 1.0
44 68 1.0
44 74 1.0
45 42 1.0
45 44 1.0
45 59 1.0
45 69 1.0
46 6 1.0
46 11 1.0
46 33 1.0
46 50 1.0
47 2 1.0
47 5 1.0
47 15 1.0
48 0 1.0
48 11 1.0
48 31 1.0
48 37 1.0
48 49 1.0
48 50 1.0
48 66 1.0
48 98 1.0
49 41 1.0
49 64 1.0
50 53 1.0
50 55 1.0
50 78 1.0
51 42 1.0
51 66 1.0
51 70 1.0
52 6 1.0
52 7 1.0
52 22 1.0
52 47 1.0
52 54 1.0
52 97 1.0
53 18 1.0
53 33 1.0
53 39 1.0
54 8 1.0
55 20 1.0
55 21 1.0
55 36 1.0
56 8 1.0
56 14 1.0
56 39 1.0
57 6 1.0
57 55 1.0
57 60 1.0
58 14 1.0
58 21 1.0
58 63 1.0
58 73 1.0
58 96 1.0
58 97 1.0
59 8 1.0
59 17 1.0
59 26 1.0
59 42 1.0
59 69 1.0
59 85 1.0
60 36 1.0
60 45 1.0
60 48 1.0
61 12 1.0
61 18 1.0
61 48 1.0
61 56 1.0
62 5 1.0
62 10 1.0
62 17 1.0
62 27 1.0
62 44 1.0
62 68 1.0
63 12 1.0
63 44 1.0
63 53 1.0
64 3 1.0
64 50 1.0
64 74 1.0
64 92 1.0
64 103 1.0
65 1 1.0
65 17 1.0
65 45 1.0
65 60 1.0
65 62 1.0
65 85 1.0
66 2 1.0
66 18 1.0
66 28 1.0
66 95 1.0
67 2 1.0
67 25 1.0
67 31 1.0
67 54 1.0
67 56 1.0
67 61 1.0
67 90 1.0
68 7 1.0
68 52 1.0
68 64 1.0
69 65 1.0
69 68 1.0
69 88 1.0
70 34 1.0
70 51 1.0
71 0 1.0
72 17 1.0
72 32 1.0
72 75 1.0
72 101 1.0
73 14 1.0
73 34 1.0
73 58 1.0
73 87 1.0
74 0 1.0
74 12 1.0
74 44 1.0
74 64 1.0
74 77 1.0
74 96 1.0
75 1 1.0
75 6 1.0
75 72 1.0
76 4 1.0
76 90 1.0
76 99 1.0
77 8 1.0
77 17 1.0
77 74 1.0
78 4 1.0
78 7 1.0
78 38 1.0
78 50 1.0
78 92 1.0
79 2 1.0
79 6 1.0
79 16 1.0
80 1 1.0
80 83 1.0
81 0 1.0
81 89 1.0
82 6 1.0
82 16 1.0
82 88 1.0
83 36 1.0
83 80 1.0
84 8 1.0
84 28 1.0
84 32 1.0
85 16 1.0
85 34 1.0
85 59 1.0
85 65 1.0
86 1 1.0
86 3 1.0
87 20 1.0
87 24 1.0
87 33 1.0
87 73 1.0
88 34 1.0
88 36 1.0
88 69 1.0
88 82 1.0
88 88 1.0
89 81 1.0
89 96 1.0
90 67 1.0
90 76 1.0
90 101 1.0
91 27 1.0
91 95 1.0
92 64 1.0
92 78 1.0
94 1 1.0
94 5 1.0
95 12 1.0
95 66 1.0
95 91 1.0
96 7 1.0
96 36 1.0
96 58 1.0
96 74 1.0
96 89 1.0
97 52 1.0
97 58 1.0
98 13 1.0
98 37 1.0
98 48 1.0
99 26 1.0
99 40 1.0
99 76 1.0
100 4 1.0
100 40 1.0
101 32 1.0
101 72 1.0
101 90 1.0
102 6 1.0
102 9 1.0
102 14 1.0
103 16 1.0
103 33 1.0
103 64 1.0
104 13 1.0
104 16 1.0
104 41 1.0
