0 142
0 133
0 32
0 68
0 13
0 37
0 135
0 90
1 17
1 89
1 100
1 48
1 74
1 31
2 87
2 111
2 103
2 91
2 62
2 81
2 30
2 99
2 35
2 146
2 123
2 109
2 21
2 139
3 131
3 142
3 85
3 70
3 7
3 128
3 11
3 110
3 69
4 26
4 37
5 10
5 54
5 84
5 47
5 70
5 97
5 46
5 16
5 80
6 58
6 12
6 129
6 149
6 128
6 108
6 114
6 59
6 120
7 78
7 124
7 99
7 64
7 44
7 96
7 58
7 127
8 60
8 89
8 37
8 113
8 116
8 141
8 30
9 84
9 101
9 23
9 99
9 70
9 27
9 91
9 92
9 54
9 136
10 32
10 83
10 27
11 84
11 44
11 32
11 56
11 121
11 63
11 58
12 90
12 30
12 38
12 137
12 68
13 47
13 32
13 30
13 148
13 50
14 118
14 106
14 136
14 69
15 77
15 82
15 116
15 25
15 118
15 81
16 12
16 145
16 102
16 114
17 94
17 140
17 68
17 113
17 130
17 52
18 67
18 41
18 19
18 58
18 146
19 1
19 85
19 24
19 132
19 5
19 129
19 134
19 8
20 126
20 64
20 95
20 41
20 42
21 112
21 129
21 39
21 94
21 1
21 49
22 76
22 17
22 89
22 30
22 56
22 50
22 51
23 103
23 50
23 149
23 82
23 128
23 107
23 10
23 41
23 147
23 98
23 134
23 74
24 60
24 28
24 93
24 101
25 75
25 125
25 76
25 94
25 124
25 42
25 86
26 96
26 109
26 86
26 11
26 110
27 22
27 34
27 135
27 127
27 48
28 108
28 46
28 139
28 0
28 29
29 112
29 111
29 143
29 140
30 40
30 54
31 79
31 135
31 36
31 143
31 76
31 71
31 98
32 65
32 1
32 14
32 36
33 95
33 52
33 67
33 36
33 60
33 116
33 103
33 148
33 61
33 49
33 71
33 3
34 58
34 8
34 72
34 146
34 124
34 133
34 29
34 76
35 99
35 2
35 17
35 53
35 141
35 32
35 139
35 61
35 77
35 7
35 119
35 33
35 46
35 48
36 139
36 100
36 120
36 135
37 7
37 118
37 70
37 65
38 104
38 128
38 42
38 142
38 15
38 27
38 30
38 113
38 137
39 46
39 6
39 56
39 104
39 113
39 80
39 54
40 105
40 113
40 108
40 96
40 133
40 65
40 114
41 126
41 58
41 148
41 28
41 83
41 92
42 105
42 110
42 93
42 62
42 56
42 144
42 85
43 26
43 48
43 103
43 38
43 89
43 121
43 52
43 60
44 78
44 129
44 94
44 18
44 136
44 88
44 49
44 124
44 142
45 107
45 29
45 109
45 123
45 87
45 60
45 133
45 126
45 17
45 10
45 19
46 30
46 65
46 17
46 100
46 25
47 100
47 141
47 71
47 128
47 118
47 29
48 62
49 39
49 2
49 57
49 98
49 42
50 59
50 15
50 5
51 85
51 75
51 55
51 144
51 100
51 118
51 142
52 44
52 53
52 55
52 45
52 132
52 72
53 18
53 105
53 34
53 133
53 135
53 70
53 93
53 104
53 64
54 46
54 77
54 108
54 137
54 32
54 67
55 133
55 45
55 88
55 146
55 86
55 38
55 84
55 56
55 96
56 146
56 149
56 8
56 60
56 124
56 68
57 110
57 84
57 12
57 76
57 73
58 26
58 63
58 100
58 20
58 56
58 141
58 34
58 84
58 65
58 33
59 36
59 4
59 131
59 55
60 14
60 12
60 124
60 122
60 11
60 87
61 5
61 88
61 71
61 85
61 18
61 62
61 24
61 76
62 64
62 84
62 22
62 30
62 60
63 69
63 64
63 53
63 86
63 101
64 26
64 30
64 115
64 61
64 119
64 42
64 23
64 57
64 65
64 39
65 83
65 0
65 68
65 31
65 103
66 98
66 56
66 149
66 58
67 37
67 11
67 132
68 37
68 32
68 24
68 10
68 128
69 22
69 75
69 14
69 98
69 121
69 77
69 24
70 118
70 113
70 21
70 128
70 19
70 75
70 109
70 25
70 74
71 149
71 30
71 130
71 105
71 145
71 112
71 26
72 28
72 92
72 98
72 109
72 126
72 29
73 38
73 90
73 103
73 83
73 45
73 74
74 63
74 86
74 108
74 106
74 92
75 55
75 19
75 104
75 7
75 59
75 20
75 112
76 119
76 15
76 77
76 42
76 104
76 58
76 8
76 53
76 82
76 120
76 9
76 27
76 32
77 68
77 70
77 116
77 54
77 92
78 45
78 138
78 35
78 144
78 30
79 60
79 118
79 27
79 15
79 24
80 35
80 77
80 64
81 62
81 105
81 143
81 93
81 48
81 126
81 96
81 65
81 145
82 17
82 19
82 142
82 59
82 116
82 5
82 29
82 119
83 12
83 125
83 146
83 75
83 126
84 89
84 28
84 68
84 122
84 103
85 100
85 117
85 124
85 32
85 12
85 18
86 85
86 146
86 22
86 21
86 15
86 23
86 41
87 135
87 21
87 18
87 71
87 54
87 139
87 114
87 141
88 85
88 133
88 77
88 5
88 141
88 10
89 112
89 10
89 1
89 141
89 82
89 50
89 105
89 60
90 79
90 108
90 123
90 134
90 27
90 86
91 29
91 92
91 143
91 6
91 53
91 137
92 49
92 112
92 17
92 33
92 40
92 77
92 62
92 27
92 101
92 28
92 37
93 37
93 67
93 64
93 146
93 91
93 26
94 35
94 16
94 2
94 28
94 95
94 118
95 126
95 112
95 60
95 142
95 86
96 87
96 49
96 141
97 100
97 48
97 66
97 108
97 39
98 142
98 8
98 109
99 88
99 32
99 50
99 4
99 87
99 141
99 11
99 49
100 149
100 92
100 26
100 51
100 138
100 134
101 93
101 15
101 132
101 66
102 59
102 52
102 0
102 145
102 107
102 16
103 12
103 124
103 82
103 40
103 111
104 21
104 119
104 78
104 47
105 2
105 92
105 40
105 46
105 132
105 61
106 81
106 127
106 98
106 16
106 43
106 17
106 27
106 82
107 149
107 86
107 94
107 0
107 82
107 5
107 20
107 117
107 57
107 46
108 22
108 31
108 121
108 123
108 7
109 4
109 60
109 32
109 132
110 50
110 135
110 134
110 39
110 30
110 45
110 68
111 143
111 103
111 116
111 77
112 134
112 101
112 2
112 36
112 148
112 51
112 23
113 29
113 126
113 56
113 97
114 121
114 87
114 33
114 88
114 32
114 84
114 38
114 63
114 40
115 24
115 36
115 13
116 89
116 51
116 139
116 119
116 54
116 95
116 146
117 79
117 121
117 139
117 147
117 86
118 106
118 34
118 124
118 129
118 135
118 108
118 97
119 64
119 30
119 21
119 132
119 109
119 50
119 26
119 12
119 111
120 131
120 102
120 68
120 25
120 108
120 63
121 62
121 80
121 148
121 110
121 56
121 122
121 115
121 126
121 5
122 121
122 108
122 79
122 71
122 56
123 55
123 35
123 129
123 92
123 48
123 43
124 127
124 140
124 22
124 64
124 139
124 115
125 38
125 99
125 103
125 11
125 36
125 136
125 40
125 14
125 43
125 78
126 106
126 130
126 83
126 75
126 127
126 67
126 107
127 38
127 116
127 101
127 139
128 39
128 9
128 21
128 51
128 19
128 113
128 129
129 33
129 107
129 36
129 58
129 52
129 64
130 1
130 40
130 144
130 74
130 104
130 21
131 68
131 134
131 35
131 15
131 55
131 133
132 149
132 9
132 99
132 127
133 98
133 106
133 4
133 29
133 5
134 149
134 129
134 17
134 96
134 6
134 63
134 104
134 2
134 135
135 68
135 35
135 72
135 21
135 51
135 86
136 103
136 146
136 48
136 137
136 28
136 35
136 52
136 22
136 78
136 69
137 113
137 75
137 69
137 5
137 13
137 23
137 19
137 86
137 25
138 4
138 90
138 88
138 70
138 114
138 129
138 106
139 102
139 22
139 118
139 112
139 27
139 94
140 26
140 113
140 106
140 72
140 138
140 129
140 12
141 123
141 118
141 76
141 30
141 117
141 119
142 16
142 106
142 115
142 81
142 93
143 67
143 106
143 15
143 50
143 109
143 122
143 66
143 27
143 6
144 98
144 128
144 110
144 44
144 114
144 81
144 140
144 94
144 91
145 109
145 17
145 84
145 68
145 126
145 63
145 51
145 80
146 106
146 18
146 27
146 130
146 47
147 95
147 93
147 139
147 11
148 114
148 90
148 84
148 116
148 0
148 15
148 62
149 139
149 126
149 96
149 31
149 51
149 137
149 50
