0 91
0 133
0 62
0 141
0 58
0 10
0 9
1 23
1 64
1 58
1 67
1 111
1 63
1 122
1 78
2 21
2 143
2 95
2 81
2 72
2 135
2 5
2 58
2 101
3 126
3 140
3 5
3 121
3 11
3 75
4 47
4 60
4 30
4 144
4 38
4 80
4 99
5 81
5 77
5 56
5 84
5 135
5 24
8 115
8 43
8 92
8 104
9 120
9 114
10 0
10 57
10 63
10 134
10 115
11 98
11 30
11 14
11 110
11 38
11 132
11 141
11 130
11 122
13 0
13 40
13 59
13 85
13 30
13 93
13 62
13 113
13 22
13 57
13 68
13 58
13 132
13 90
13 63
13 49
13 70
14 103
14 140
14 53
14 83
14 45
14 64
14 100
14 97
14 36
14 67
14 59
15 55
15 115
15 121
15 38
15 66
15 53
15 44
15 127
15 134
15 31
15 16
15 52
16 36
16 135
16 123
16 14
16 139
16 101
16 93
17 114
17 90
17 76
17 132
17 111
17 131
17 10
19 16
19 11
19 135
19 30
19 61
19 140
19 41
20 14
20 31
20 133
20 42
20 80
20 43
20 120
20 28
20 69
20 68
20 71
20 15
21 2
21 105
21 130
21 80
21 15
21 69
21 132
21 59
21 139
21 58
21 40
21 75
22 11
22 37
22 51
22 85
22 90
22 19
23 95
23 3
24 82
24 61
24 23
24 83
24 101
24 108
25 97
25 126
25 119
25 39
25 104
25 127
25 105
25 38
25 82
26 84
28 84
28 145
28 37
28 21
29 107
29 70
29 1
29 78
29 93
29 108
29 42
29 8
29 5
29 111
30 46
30 4
30 125
30 115
30 122
30 31
30 53
30 70
30 44
31 124
31 34
31 142
31 57
31 50
31 44
31 114
31 86
31 70
31 91
31 121
31 3
34 29
34 48
34 71
36 117
36 134
36 42
36 130
36 52
36 79
36 34
36 101
36 86
36 45
37 97
37 111
37 87
37 47
38 60
38 120
38 5
38 66
38 79
38 16
38 139
39 17
39 102
39 14
39 87
39 74
39 15
39 43
40 37
40 68
40 93
40 44
40 48
40 96
40 125
40 97
40 129
40 135
40 100
40 55
41 86
41 132
41 3
41 62
41 120
41 31
41 93
41 98
41 16
41 140
41 11
42 15
42 5
43 133
43 68
43 16
43 47
43 0
43 87
43 95
43 81
43 112
44 14
44 98
44 115
44 2
44 77
45 112
45 16
45 56
45 143
45 29
45 88
45 135
45 42
45 23
45 110
45 73
46 57
46 92
46 130
46 87
46 86
47 41
47 36
47 145
47 97
47 90
48 126
48 93
48 55
48 84
48 104
48 70
48 141
48 123
48 119
48 30
49 133
49 0
49 85
49 26
49 86
49 145
49 122
50 129
50 40
50 95
50 59
50 49
50 8
50 62
50 44
51 93
51 99
51 91
51 127
51 85
52 69
52 70
52 40
52 72
52 45
52 105
52 28
52 135
52 56
52 76
52 16
53 102
53 111
53 115
53 13
53 36
53 113
53 104
55 132
55 43
55 105
55 91
55 11
55 99
55 107
56 145
56 26
56 130
56 87
56 20
57 23
57 29
57 92
57 95
57 11
57 39
57 133
57 110
57 104
57 74
58 126
58 120
59 114
59 28
59 10
59 9
59 63
59 58
59 75
59 93
59 88
60 61
60 132
60 36
60 137
60 3
60 78
60 5
60 75
60 62
61 66
61 59
61 95
62 92
62 74
62 139
62 26
62 40
62 16
63 0
63 1
63 37
63 78
63 49
63 42
63 127
63 133
63 115
63 55
64 125
64 17
64 5
64 49
64 96
64 145
64 22
66 46
66 14
66 25
66 122
66 11
66 100
66 44
66 139
66 131
67 80
67 34
67 145
67 133
67 140
67 69
67 15
67 66
67 99
68 52
68 0
68 88
68 98
68 142
68 114
68 93
69 98
69 118
69 14
69 52
69 115
70 56
70 42
70 51
70 29
70 72
71 125
71 29
71 15
71 37
71 100
71 140
72 4
72 3
72 78
72 121
72 107
72 87
72 133
72 16
72 105
73 139
73 31
73 44
73 66
73 130
73 104
73 84
73 92
73 24
74 66
74 47
74 133
74 122
74 100
74 37
74 68
74 77
74 118
75 86
75 83
75 2
75 78
75 30
75 48
75 20
76 58
76 53
76 120
76 124
76 93
76 111
76 107
77 61
77 60
77 68
77 43
77 11
77 122
77 120
77 16
77 135
77 113
77 142
77 49
77 105
78 130
78 92
78 115
78 95
78 16
78 117
78 30
79 9
79 36
79 118
79 10
79 56
79 64
79 131
79 90
80 39
80 20
80 9
80 88
80 105
80 46
80 127
80 131
80 102
80 114
80 119
80 139
80 69
81 125
81 75
81 112
81 70
81 84
81 102
81 4
81 79
81 39
81 140
81 119
82 91
82 88
82 99
82 102
82 16
83 114
83 77
83 24
83 102
83 90
83 40
83 108
84 36
84 75
84 71
84 93
84 81
84 100
84 39
84 126
84 139
84 66
84 131
84 123
84 120
85 140
85 57
85 131
85 91
85 21
86 0
86 82
86 57
86 120
86 137
87 4
87 49
87 124
87 113
87 47
88 59
88 82
88 55
88 85
88 122
88 50
89 146
89 70
89 131
89 135
89 57
89 73
89 83
89 5
89 4
90 105
90 98
90 49
90 130
90 142
90 104
90 67
90 51
90 101
91 43
91 26
91 48
91 79
91 77
91 139
91 2
91 134
91 137
91 111
91 31
91 124
91 140
92 115
92 2
92 28
92 129
92 145
92 90
92 132
93 125
93 39
95 100
95 10
95 49
95 80
95 0
95 122
95 31
96 119
96 99
96 15
96 8
96 104
96 101
96 62
96 122
96 24
96 48
96 68
96 105
96 107
96 57
97 87
97 70
97 37
97 102
97 31
97 82
97 105
98 19
98 121
98 56
98 77
98 92
98 76
99 58
99 50
99 45
99 20
99 104
99 124
99 96
100 19
100 64
100 2
100 58
100 21
100 126
100 24
100 75
100 132
100 11
101 117
101 87
101 137
101 134
101 53
101 19
102 129
102 83
102 118
102 66
102 121
102 70
103 28
103 51
103 67
103 126
103 44
103 83
103 144
103 0
103 129
103 17
103 125
103 30
103 62
103 45
104 9
104 41
104 78
104 26
104 68
104 29
104 117
105 76
105 85
105 16
105 20
105 48
105 64
105 69
105 61
105 104
105 13
107 24
107 84
107 81
107 75
107 49
107 142
107 87
107 23
107 80
107 34
107 123
108 134
108 30
108 47
108 87
108 59
110 108
110 68
110 39
110 8
110 91
110 99
110 50
110 41
111 113
111 45
111 97
111 44
111 68
111 87
111 99
112 39
112 22
112 100
113 48
113 17
113 96
113 133
113 84
114 43
114 73
114 104
114 108
114 97
114 78
114 134
114 20
115 48
115 99
115 74
115 47
115 143
115 64
117 5
117 73
117 50
117 126
117 93
117 86
117 39
117 49
117 36
118 124
118 139
118 140
118 93
119 117
119 102
119 1
119 70
119 38
119 61
119 41
120 127
120 107
120 79
120 28
120 10
121 133
121 105
121 31
121 75
121 9
121 62
122 123
122 112
122 3
122 126
123 132
123 108
123 127
123 122
123 133
123 43
124 22
124 134
124 48
124 114
124 75
124 21
124 41
124 117
125 77
125 104
125 127
125 29
125 74
125 17
125 134
125 143
125 2
125 63
125 124
126 82
126 66
126 11
126 81
126 9
126 53
126 145
126 61
126 104
127 60
127 68
127 85
127 103
127 100
127 84
127 107
127 125
129 0
129 141
129 92
130 15
130 84
130 48
130 98
130 5
130 127
130 78
130 139
130 145
130 13
130 74
131 56
131 53
131 77
131 76
131 107
131 21
131 108
131 145
132 137
132 105
132 58
132 59
132 72
132 134
132 22
132 23
133 53
133 83
133 29
133 67
133 24
133 9
133 134
133 22
134 53
134 43
134 88
134 64
135 31
135 5
135 9
135 47
135 68
135 69
135 93
135 59
135 49
135 121
137 70
137 117
137 47
137 121
137 91
137 93
137 62
137 113
139 92
139 42
139 1
139 111
139 19
139 15
139 145
140 4
140 31
140 133
140 64
140 135
140 1
140 86
140 124
140 8
141 129
141 67
141 146
141 97
141 82
141 102
141 59
141 142
141 55
142 58
142 9
142 69
142 60
142 105
142 24
142 20
142 52
143 140
143 139
143 91
143 131
143 81
143 100
143 17
143 120
144 31
144 117
144 95
144 50
144 132
144 91
144 40
144 52
144 5
144 69
145 23
145 98
145 80
145 48
145 72
145 76
145 133
146 62
146 100
146 21
146 87
146 44
146 74
146 111
146 14
146 144
146 131
146 92
