0 68
0 8
0 33
1 17
1 85
1 111
1 115
1 58
1 89
2 143
2 50
2 104
2 74
2 88
3 79
3 69
3 99
4 149
4 46
4 56
4 125
4 13
4 15
5 66
5 123
5 135
5 106
5 95
6 45
6 83
6 127
6 105
6 106
6 14
7 129
7 98
7 79
7 119
7 13
8 91
8 77
8 35
8 134
8 132
8 44
8 128
9 110
9 119
9 85
9 33
9 140
10 32
10 71
10 19
10 122
10 31
10 8
10 44
10 135
10 55
10 37
11 130
11 115
11 123
11 32
11 147
11 117
11 94
11 21
11 138
11 77
11 49
12 132
12 87
12 101
12 29
12 112
12 33
12 16
13 108
13 116
13 148
13 32
14 56
14 58
14 16
15 11
15 7
15 54
15 77
15 87
15 14
15 26
15 144
15 100
15 99
16 3
16 7
16 107
16 145
16 9
16 101
17 27
17 42
17 70
18 80
18 14
18 60
18 51
18 61
19 132
19 71
19 20
19 113
19 133
19 117
19 15
19 98
19 70
20 75
20 79
20 131
20 23
20 60
20 146
20 103
20 5
21 68
21 122
21 33
21 105
21 6
21 11
21 100
21 57
22 31
22 37
22 149
22 99
22 87
22 3
22 83
23 21
23 145
23 25
23 51
23 116
23 122
24 5
24 18
24 142
25 50
25 126
25 6
25 63
25 139
25 37
25 9
25 108
25 58
25 118
26 48
26 24
26 131
26 62
26 6
26 70
27 102
27 85
27 123
27 87
27 144
28 74
28 72
28 27
28 22
29 58
29 2
29 98
29 125
29 99
29 62
29 135
30 51
30 39
30 133
30 1
30 10
30 73
30 62
30 108
30 88
30 139
30 144
31 6
31 98
31 149
31 71
31 2
32 121
32 11
32 108
32 117
32 25
32 73
33 66
33 103
33 14
34 58
34 94
34 49
34 79
34 80
34 109
34 26
35 117
35 32
35 27
35 88
35 92
35 74
35 11
36 4
37 145
37 97
37 47
37 101
37 108
37 53
37 88
38 148
38 142
38 43
38 75
38 8
39 135
39 18
39 28
39 99
39 128
39 6
40 61
40 31
40 63
40 13
40 28
40 35
40 111
41 62
41 103
41 147
41 74
41 27
41 119
41 100
41 121
41 127
42 55
42 90
42 124
42 129
42 93
42 52
42 36
42 62
42 14
42 4
42 16
42 46
42 63
43 49
43 79
43 13
44 34
44 58
44 113
44 62
44 8
44 148
44 89
44 132
44 57
44 53
44 88
44 96
44 25
45 83
45 11
45 59
45 14
45 51
45 39
45 146
45 33
45 133
45 7
46 131
46 49
46 54
46 36
46 28
46 51
46 91
46 77
47 107
48 14
48 121
48 73
48 53
48 148
48 31
48 67
49 57
49 18
49 147
49 129
49 7
49 40
49 89
49 142
49 10
50 34
50 97
50 135
50 119
50 102
50 15
50 30
50 18
51 59
51 119
51 14
51 78
51 115
52 40
52 131
52 77
52 87
52 119
52 11
52 34
52 124
52 127
53 7
53 70
53 35
53 115
53 120
53 58
54 106
54 7
54 70
54 119
54 88
54 33
54 11
54 76
54 78
55 127
55 12
55 95
55 47
55 81
55 70
55 48
56 57
56 34
56 0
56 18
57 69
57 130
58 83
58 36
58 121
59 63
59 54
59 130
59 71
59 100
59 98
60 24
60 108
60 66
60 89
60 51
60 132
60 62
60 84
60 128
61 62
61 130
61 77
61 143
61 20
61 40
61 15
62 144
62 110
62 95
62 123
62 86
62 55
62 75
62 19
63 34
63 109
63 21
63 5
63 3
63 16
63 29
64 146
64 65
64 147
64 17
64 3
65 134
65 25
65 0
65 145
65 140
65 82
65 21
66 140
66 42
66 131
66 7
66 57
66 119
66 95
66 137
67 6
67 70
67 97
67 47
67 78
67 121
67 64
67 10
68 55
68 99
68 9
68 139
68 123
68 31
68 41
69 114
69 115
69 132
69 8
69 25
69 30
69 45
69 9
70 35
70 27
70 87
70 53
70 50
70 64
70 22
71 108
71 81
71 112
71 17
71 74
71 64
71 132
71 46
72 126
72 7
72 60
73 72
73 34
73 8
74 43
74 83
74 23
75 92
75 52
75 3
76 121
76 72
76 113
76 22
76 66
76 3
77 80
77 25
77 8
77 115
77 85
77 142
77 118
78 77
78 136
78 113
78 89
78 44
78 91
78 25
79 1
79 94
79 106
79 143
79 102
79 142
79 113
79 112
80 0
80 131
80 134
80 67
81 111
81 98
81 35
81 104
81 93
81 22
81 64
81 148
82 127
82 36
82 129
82 88
82 128
82 12
82 107
82 51
82 9
82 124
82 102
82 98
83 31
83 9
83 120
83 98
83 129
83 73
83 89
83 103
83 78
83 36
83 102
84 119
84 74
84 83
84 71
85 103
85 23
85 17
85 24
85 97
85 121
85 141
86 52
86 50
86 72
86 127
86 20
86 70
86 121
86 118
86 59
86 144
87 61
87 9
87 135
87 2
87 40
87 59
87 53
87 12
87 63
88 70
88 1
88 33
88 69
88 81
88 53
88 142
88 105
89 121
89 128
89 4
89 20
89 131
89 33
89 84
90 101
90 87
90 136
90 118
90 58
90 17
90 7
91 49
91 130
91 46
91 69
91 74
91 115
91 100
91 51
92 78
92 12
92 139
92 62
92 24
93 28
93 9
93 58
93 134
93 141
93 123
93 73
93 65
93 101
93 5
93 68
94 93
95 79
95 145
95 38
95 62
95 116
95 80
95 2
96 70
96 117
96 136
97 25
97 72
97 11
97 51
97 75
97 95
97 70
97 142
97 15
97 129
98 43
98 100
98 134
98 55
98 13
98 147
98 27
98 31
98 78
98 3
99 149
99 87
99 19
99 20
99 88
100 26
100 52
100 141
100 114
100 53
100 73
101 97
101 7
101 117
101 146
101 124
101 37
101 128
102 25
102 27
102 75
102 58
102 125
102 60
103 46
103 49
103 143
104 90
104 85
104 109
104 39
104 67
104 106
104 101
104 114
105 51
105 145
105 25
105 21
105 38
105 104
105 54
106 10
106 140
106 4
106 33
107 42
107 74
107 68
107 137
107 45
107 93
107 110
108 74
108 42
108 47
108 73
108 135
108 149
108 0
109 147
109 39
109 79
110 0
110 59
111 3
111 87
111 147
111 11
111 122
111 24
112 26
112 24
112 81
112 20
112 21
112 44
112 125
112 51
112 117
113 124
113 127
113 77
113 20
113 131
114 22
114 35
114 103
114 61
114 75
114 15
115 65
115 126
115 55
115 93
115 94
115 77
116 4
116 64
116 106
117 59
117 74
117 64
118 123
118 3
118 95
118 29
118 97
118 115
118 9
119 128
119 79
119 5
119 24
119 40
119 95
119 87
119 1
119 58
119 17
119 68
120 136
120 122
120 13
120 139
120 36
120 85
121 32
121 16
121 119
121 147
121 33
121 13
121 38
122 13
122 66
122 35
122 46
122 112
122 78
123 80
123 133
123 63
123 68
123 17
123 23
124 19
124 83
124 95
125 124
125 97
125 62
125 56
125 120
126 143
126 131
126 144
126 70
126 80
126 33
126 41
127 120
127 71
127 53
127 11
127 40
128 124
128 54
128 28
129 10
129 61
129 143
130 48
130 75
130 120
130 69
130 56
130 83
130 40
131 87
131 113
131 77
131 33
131 101
131 64
132 66
132 65
132 76
132 91
132 126
132 51
132 54
132 140
132 30
132 100
132 143
132 134
133 36
133 120
133 41
134 61
134 136
134 149
134 90
134 60
134 72
135 62
135 18
135 131
135 115
135 99
136 127
136 60
136 35
136 85
136 90
136 71
136 34
137 6
137 91
138 52
138 126
138 130
138 90
138 111
138 104
138 96
138 55
138 10
139 80
139 51
139 104
139 11
139 120
140 147
140 75
140 17
140 142
140 32
140 14
140 59
140 69
141 19
141 72
141 39
141 62
141 82
142 148
142 28
142 144
142 106
143 21
143 72
143 146
143 122
143 138
143 99
143 147
143 125
144 107
144 59
144 73
144 78
144 74
144 67
144 89
144 57
145 120
145 44
145 91
145 98
145 135
145 26
145 139
145 10
146 135
146 68
146 55
146 5
146 96
146 137
146 38
147 50
147 76
147 44
147 106
147 21
147 87
147 116
147 114
147 111
148 31
148 37
149 89
149 5
149 8
149 141
149 139
149 147
149 105
