0 66
0 8
1 147
1 94
1 72
1 56
1 127
1 122
2 17
2 132
2 143
2 90
2 47
3 63
3 6
3 93
3 123
3 85
3 73
3 110
3 132
3 104
4 33
4 15
4 64
4 95
4 90
4 112
5 82
5 51
6 134
6 132
6 72
6 71
7 21
7 96
7 23
7 68
7 47
8 85
8 30
8 89
9 46
10 16
10 27
10 24
10 0
10 87
11 25
11 40
11 93
11 104
11 41
12 40
12 71
12 76
12 113
12 90
12 34
13 28
13 100
13 73
13 85
13 135
13 5
13 141
13 83
13 103
13 50
14 75
14 6
14 93
14 138
14 94
14 102
15 136
15 130
15 137
15 123
15 69
15 18
16 64
16 143
16 15
16 73
16 95
16 3
16 92
16 132
17 5
17 39
17 146
17 131
18 4
18 132
18 43
19 57
20 144
20 119
20 60
20 138
20 66
20 64
21 126
21 61
21 147
21 92
21 41
22 78
22 38
22 67
22 15
23 123
23 0
23 8
24 134
24 97
24 119
25 77
25 37
25 84
26 116
26 15
26 78
26 137
27 121
27 92
27 5
27 28
27 93
27 45
28 142
28 60
28 106
28 64
29 133
29 106
29 25
29 6
29 30
29 55
29 56
29 88
29 20
30 55
30 116
30 127
30 58
30 11
30 94
30 92
30 149
30 70
31 39
31 73
31 23
32 22
32 45
32 130
32 52
32 8
32 3
32 62
33 56
33 106
33 87
33 31
33 123
34 79
34 115
35 43
35 110
35 48
36 65
36 137
36 98
37 101
37 58
37 79
38 10
38 58
38 30
39 21
39 78
39 12
39 73
40 19
40 95
40 72
40 103
40 122
40 142
41 42
42 101
42 85
42 37
42 141
42 30
42 75
42 31
43 51
43 28
43 23
43 1
44 127
44 70
44 49
44 136
44 122
45 97
45 131
45 7
45 96
45 30
45 121
46 56
46 1
46 14
46 133
46 114
46 79
46 82
47 34
47 100
47 57
47 54
47 50
47 102
47 149
47 3
48 144
48 76
48 25
48 105
48 68
49 29
49 57
50 89
50 12
50 67
50 66
50 103
50 127
51 32
51 97
51 43
51 110
51 54
52 18
52 29
53 30
53 110
53 92
53 54
54 71
54 85
54 35
54 8
55 1
55 81
56 95
56 9
56 2
57 45
58 103
58 94
58 28
58 139
58 89
58 144
58 123
58 120
59 119
59 51
59 57
59 6
59 18
60 76
60 82
60 29
61 98
61 96
61 1
61 15
61 70
62 41
62 112
62 59
62 114
62 42
63 144
63 105
63 75
63 137
63 18
64 48
64 7
64 26
64 95
64 3
65 131
65 52
65 86
66 4
66 127
66 43
66 91
66 119
67 15
67 113
67 144
67 20
67 94
67 131
68 117
68 99
69 8
69 9
69 59
69 80
70 7
70 77
70 6
70 67
70 46
71 25
71 39
71 105
72 4
72 107
72 36
72 103
72 10
73 113
73 140
73 137
73 130
73 34
74 143
75 95
76 9
76 35
76 137
76 139
76 49
77 105
77 0
77 11
77 108
77 52
77 132
77 81
77 114
78 118
79 84
79 87
79 101
79 55
79 133
79 120
80 71
80 19
80 54
80 88
80 17
81 97
81 129
81 106
81 94
81 68
82 109
82 57
82 66
83 135
83 145
83 127
83 31
83 39
83 108
84 0
84 79
84 59
84 39
84 49
84 128
84 76
84 96
84 135
84 133
84 115
84 24
85 40
85 63
85 142
85 26
85 138
85 62
86 0
86 121
86 98
87 137
87 66
88 30
88 92
88 124
88 84
88 54
88 55
88 71
88 99
89 69
89 53
90 96
90 28
90 86
90 11
90 66
91 56
91 0
91 100
91 29
92 106
92 110
92 46
92 67
92 3
92 72
93 60
93 3
93 115
93 137
93 40
94 134
94 137
94 15
94 40
94 81
95 94
95 116
95 35
95 64
95 56
96 29
96 34
96 3
96 56
96 148
96 25
97 18
97 90
97 3
98 123
98 90
98 136
98 55
98 85
99 113
99 116
99 25
99 53
99 13
100 121
100 28
100 70
101 83
101 139
101 129
101 50
102 1
102 10
103 114
103 31
103 113
103 6
104 107
104 71
104 14
105 80
106 11
106 95
106 109
107 62
107 59
107 4
107 117
107 94
107 88
107 10
107 35
108 90
108 127
108 8
108 26
108 57
108 131
108 9
108 5
109 102
109 117
109 129
109 20
109 28
110 134
110 123
110 101
110 78
110 104
111 17
111 138
111 95
112 44
112 28
112 46
113 54
113 20
113 86
113 109
113 39
113 111
114 58
114 86
114 48
114 50
114 130
114 43
114 36
114 105
114 95
115 126
115 50
115 136
116 51
117 139
117 115
117 57
117 6
117 58
117 49
117 5
117 83
118 0
118 49
118 122
118 43
119 108
119 118
119 47
119 61
119 109
120 42
120 8
120 60
120 109
121 74
121 84
121 30
122 134
122 65
122 13
122 78
122 6
122 129
123 80
123 149
123 25
123 61
124 125
124 7
124 108
125 74
125 130
125 23
126 128
126 14
126 35
126 107
126 28
126 56
126 91
126 67
126 89
127 55
127 61
127 104
127 16
127 92
127 93
127 48
128 133
128 45
128 83
128 14
129 88
129 4
129 17
130 122
130 147
130 71
130 4
130 0
130 90
131 1
131 29
131 86
132 142
132 81
132 6
133 60
133 63
133 106
133 98
134 132
134 54
134 116
134 60
134 13
134 125
135 130
135 71
135 66
135 58
135 112
135 133
135 123
135 109
135 11
136 137
136 144
136 4
136 131
136 19
137 115
137 22
137 44
137 78
137 27
137 71
137 136
138 64
138 98
138 21
138 41
138 23
138 92
138 14
138 48
138 26
139 54
139 52
139 27
139 123
139 4
139 64
139 85
139 50
140 133
140 35
140 99
140 139
140 84
141 59
141 18
141 71
141 79
141 47
141 101
141 119
142 85
142 139
142 90
143 108
143 131
143 35
143 94
143 32
144 116
144 108
145 126
145 61
145 111
146 133
147 77
147 20
147 115
147 62
148 46
148 119
148 6
148 133
148 140
148 136
148 5
148 59
148 48
149 73
149 36
