0 71 1.0
1 48 1.0
1 59 1.0
1 63 1.0
1 73 1.0
2 47 1.0
3 6 1.0
3 44 1.0
3 53 1.0
3 60 1.0
4 47 1.0
5 30 1.0
5 43 1.0
6 37 1.0
7 14 1.0
7 36 1.0
8 27 1.0
9 0 1.0
9 15 1.0
10 6 1.0
10 39 1.0
10 48 1.0
10 50 1.0
11 32 1.0
12 68 1.0
14 0 1.0
14 60 1.0
16 20 1.0
16 71 1.0
17 66 1.0
17 72 1.0
18 14 1.0
18 21 1.0
18 73 1.0
19 35 1.0
19 66 1.0
20 33 1.0
20 41 1.0
22 11 1.0
22 59 1.0
23 71 1.0
24 1 1.0
24 14 1.0
24 30 1.0
25 29 1.0
25 59 1.0
25 63 1.0
26 7 1.0
26 58 1.0
27 1 1.0
27 10 1.0
27 41 1.0
27 43 1.0
27 65 1.0
28 16 1.0
28 36 1.0
28 40 1.0
28 51 1.0
28 68 1.0
29 32 1.0
30 24 1.0
30 53 1.0
32 26 1.0
33 46 1.0
33 48 1.0
33 57 1.0
33 60 1.0
33 68 1.0
34 1 1.0
35 31 1.0
36 56 1.0
36 73 1.0
37 16 1.0
37 21 1.0
37 51 1.0
40 8 1.0
40 29 1.0
40 66 1.0
41 57 1.0
41 65 1.0
42 11 1.0
42 37 1.0
42 45 1.0
43 32 1.0
44 17 1.0
44 22 1.0
45 37 1.0
48 22 1.0
48 66 1.0
49 58 1.0
50 1 1.0
50 9 1.0
50 70 1.0
51 42 1.0
53 60 1.0
55 12 1.0
55 21 1.0
55 54 1.0
56 5 1.0
56 6 1.0
56 29 1.0
56 32 1.0
56 33 1.0
58 38 1.0
59 6 1.0
59 35 1.0
59 64 1.0
60 16 1.0
60 34 1.0
60 42 1.0
61 14 1.0
61 38 1.0
62 10 1.0
62 46 1.0
63 28 1.0
63 34 1.0
64 4 1.0
64 45 1.0
64 72 1.0
65 52 1.0
66 13 1.0
66 25 1.0
66 37 1.0
67 65 1.0
69 65 1.0
70 50 1.0
71 0 1.0
71 16 1.0
71 23 1.0
72 17 1.0
72 64 1.0
73 1 1.0
73 18 1.0
73 36 1.0
