0 113
0 147
0 30
0 104
0 66
0 116
0 82
0 40
0 122
1 70
1 133
1 149
1 120
1 10
1 128
1 89
2 71
2 15
2 120
2 90
3 69
3 120
4 65
4 128
4 129
4 27
4 122
5 85
5 98
6 131
6 135
6 23
6 113
7 43
7 96
7 114
7 130
7 36
7 112
7 106
8 132
8 117
8 94
8 139
8 82
9 48
9 39
9 99
9 73
9 72
9 91
9 121
9 52
9 57
9 7
9 15
9 79
9 100
10 40
10 113
10 120
10 125
10 89
11 37
11 0
11 90
11 38
11 34
11 74
11 52
11 113
12 0
12 24
12 33
12 30
12 131
12 114
12 93
12 57
12 7
12 63
12 145
12 94
12 89
13 137
13 29
13 41
13 66
13 80
13 2
13 46
13 95
14 0
15 68
15 130
15 9
15 144
15 22
15 131
15 91
15 93
16 36
16 147
16 3
17 5
17 29
17 33
17 105
17 16
17 42
17 82
17 28
18 35
18 34
18 10
19 83
19 1
20 67
20 3
20 21
20 90
20 133
21 13
21 80
21 93
21 49
22 39
22 113
22 149
22 13
23 3
23 17
23 113
23 96
23 71
24 22
24 143
24 56
24 8
24 33
25 53
25 34
25 145
25 98
25 42
25 103
25 35
25 28
26 149
26 76
26 104
26 103
26 74
26 148
27 47
27 85
27 83
27 138
27 125
27 101
27 131
28 72
28 37
28 43
29 121
29 119
29 136
29 64
29 74
29 135
30 55
30 140
30 82
30 141
30 32
30 20
30 48
30 146
31 146
31 148
31 122
31 115
31 73
31 106
31 0
31 7
31 88
31 121
31 101
32 3
32 0
32 91
32 6
32 76
32 117
33 11
33 45
33 80
33 74
33 101
33 122
33 82
34 70
34 20
34 8
34 13
35 34
35 126
35 16
35 26
35 107
35 109
36 20
36 99
36 127
36 96
36 68
37 28
37 108
37 70
37 36
37 62
37 27
38 87
38 27
38 30
38 47
38 145
38 74
38 68
39 19
39 102
39 68
39 84
39 137
39 55
39 37
40 66
40 19
40 7
40 126
40 48
41 9
41 12
41 112
41 136
41 61
41 52
41 2
41 69
41 54
41 138
41 99
41 105
41 148
41 107
42 80
42 75
42 110
42 109
42 8
42 60
43 73
43 28
43 95
43 107
43 144
44 95
44 69
44 50
44 52
44 38
45 37
45 121
45 110
45 99
45 46
45 67
46 53
46 51
46 67
46 108
46 70
46 95
47 27
47 132
47 36
47 63
47 149
47 92
48 142
48 75
48 51
48 44
48 20
49 21
49 110
49 58
49 116
49 109
50 67
50 5
50 24
50 8
50 48
50 142
50 42
50 22
50 54
51 52
51 79
51 24
51 33
51 100
51 18
51 137
52 16
52 101
52 108
52 89
52 97
53 135
53 114
53 140
53 9
53 131
53 122
53 26
53 56
54 128
54 11
54 85
54 6
54 103
55 63
55 62
56 100
56 15
56 8
56 40
56 88
56 138
56 149
56 18
56 74
56 87
57 13
57 108
57 133
57 42
58 131
59 34
59 45
59 76
59 91
59 26
59 117
60 136
60 94
60 146
60 14
60 133
61 102
61 113
61 74
61 34
61 18
62 118
62 53
62 13
62 138
63 52
63 94
63 107
63 26
63 81
63 147
63 135
63 0
63 14
64 15
64 48
64 56
64 58
64 6
65 29
65 41
65 15
65 125
65 58
65 137
65 93
66 47
66 104
66 23
66 110
66 49
67 95
67 97
67 143
67 130
67 74
67 80
67 64
68 70
68 21
68 4
68 31
68 142
68 9
69 58
69 125
69 7
69 49
69 63
69 23
70 122
70 114
70 108
70 124
70 50
70 123
70 8
70 141
71 53
71 105
72 125
72 128
72 138
72 47
72 64
72 11
72 133
72 45
72 111
73 68
73 84
73 115
73 41
73 90
73 34
73 142
73 138
73 145
73 3
74 92
74 13
74 44
74 139
74 20
74 105
74 115
75 51
76 51
76 46
76 42
76 26
76 88
76 143
76 36
77 78
77 133
77 90
77 52
77 131
77 16
77 99
77 86
77 36
77 72
77 135
77 40
77 85
78 23
78 52
78 89
78 141
78 18
78 134
78 64
78 112
79 120
79 22
79 64
79 66
79 100
79 59
80 98
80 92
80 64
80 71
80 77
80 34
81 33
81 54
81 70
81 4
81 103
81 137
81 68
82 142
82 119
82 108
82 103
82 71
82 30
82 78
83 139
83 12
83 125
83 147
84 98
84 86
84 82
84 73
84 71
84 95
84 26
85 54
85 44
85 132
85 82
85 122
85 51
86 39
86 24
86 128
86 82
86 75
86 17
86 142
86 33
87 23
87 42
87 62
87 134
87 44
87 105
87 68
87 96
87 43
87 51
88 46
88 95
88 83
88 27
88 132
88 50
88 79
89 9
89 0
89 108
90 47
90 6
90 138
90 50
90 100
91 127
91 10
91 41
91 48
91 84
91 80
91 27
91 119
92 31
92 18
92 66
92 38
92 75
93 67
93 81
93 122
93 48
93 71
93 134
93 114
93 2
94 45
94 72
94 92
94 107
94 29
94 82
94 54
94 38
94 40
94 96
94 43
95 43
95 61
95 126
95 67
95 23
95 27
95 106
95 21
96 76
96 26
96 139
96 13
96 97
96 17
96 88
96 87
96 7
97 69
97 104
97 124
97 28
97 34
97 123
97 77
97 7
97 33
98 8
98 121
98 141
98 39
98 48
98 87
99 144
99 23
99 41
99 115
99 143
99 127
100 123
100 37
100 84
100 3
100 58
101 26
101 110
101 92
101 139
102 92
103 122
103 121
103 91
103 75
103 83
104 137
104 13
104 24
104 109
104 53
104 106
104 7
104 110
105 98
105 141
105 108
105 7
105 27
105 69
106 35
106 94
106 24
106 11
106 108
106 10
106 12
106 53
106 42
106 135
107 116
107 61
107 31
107 126
107 140
107 70
107 144
107 19
107 15
108 64
108 85
108 99
108 63
108 70
108 105
108 140
108 94
108 73
108 26
108 77
108 57
109 56
109 50
109 101
109 115
109 142
109 146
110 144
110 104
110 95
111 130
111 53
111 41
111 100
111 132
111 106
112 132
112 62
112 50
112 129
112 41
113 11
113 61
114 128
114 56
114 47
114 140
114 44
114 79
114 24
115 58
115 102
115 117
115 139
116 21
116 32
116 51
116 18
116 138
116 68
116 122
116 52
116 7
117 75
117 80
117 61
117 138
117 27
117 44
117 144
117 132
118 71
118 88
118 19
118 9
118 90
118 108
118 51
118 63
119 46
119 54
119 33
119 38
119 95
119 136
119 148
119 65
120 16
120 48
120 148
120 98
120 124
120 30
120 122
120 3
120 74
120 2
120 102
120 115
121 66
121 98
121 60
121 14
121 145
121 57
121 83
121 110
121 56
121 139
122 125
122 34
122 8
122 121
122 56
122 75
122 136
122 68
122 106
123 17
123 31
123 101
123 139
123 116
124 92
124 30
124 38
124 46
124 49
124 3
124 1
124 111
124 6
124 86
124 83
125 145
125 88
125 103
125 123
125 16
126 42
126 90
126 67
126 134
126 136
126 8
126 118
126 127
126 27
126 78
127 73
127 69
127 104
127 21
127 83
127 81
128 115
128 59
128 26
128 97
128 124
129 140
129 128
129 25
129 29
130 17
130 2
130 142
130 28
130 11
131 0
131 41
131 74
131 8
131 102
131 135
131 66
132 37
132 50
132 135
132 5
132 54
133 86
133 26
133 51
133 128
133 0
133 148
133 10
133 58
133 19
134 57
134 96
134 64
134 130
134 77
134 82
134 17
134 46
134 122
135 103
135 100
135 122
135 55
135 83
135 85
136 95
136 84
136 124
136 114
136 96
136 28
136 20
136 56
136 119
136 102
136 32
136 134
137 48
137 102
137 17
137 10
137 106
137 53
138 137
138 115
138 95
138 60
138 136
139 46
139 74
139 92
139 141
139 42
139 148
139 122
140 96
140 23
141 32
141 52
141 83
141 72
141 67
142 92
142 107
142 41
142 102
142 140
142 7
142 51
142 32
142 84
143 134
143 66
143 16
143 50
144 85
144 37
144 147
144 38
144 104
144 19
144 138
144 129
144 66
145 7
145 91
145 77
145 8
145 68
145 114
146 94
146 11
146 7
146 19
147 3
147 140
147 138
147 28
147 120
147 83
148 29
148 19
148 102
148 122
148 91
149 100
149 3
149 119
149 32
149 65
149 146
149 144
149 70
149 52
149 121
149 7
