0 39
0 129
0 101
0 21
0 120
0 149
1 63
1 112
1 4
1 12
1 102
1 62
1 141
1 108
1 121
1 15
1 21
2 130
2 136
2 75
2 4
2 28
3 87
3 99
3 75
4 50
4 112
4 86
4 109
4 25
4 34
4 143
4 52
4 83
4 11
5 69
5 61
5 118
5 22
5 36
5 97
5 19
5 114
5 124
6 109
6 126
6 18
6 90
7 38
7 140
7 39
8 84
8 70
8 27
9 125
9 133
9 75
9 25
9 89
9 130
10 16
10 112
10 54
10 71
10 86
11 45
11 12
11 55
11 138
11 67
12 8
12 36
12 33
12 96
12 2
12 103
12 131
13 115
13 62
13 10
13 101
13 116
13 35
13 64
13 52
13 9
14 29
14 131
14 115
14 67
14 18
14 70
14 55
15 148
15 28
15 82
16 35
16 36
16 31
16 22
16 53
16 23
17 79
17 148
17 93
17 24
17 133
17 30
17 139
17 112
17 26
18 37
18 20
18 90
19 75
19 81
19 121
20 110
20 132
20 45
20 139
20 72
21 103
21 68
21 96
21 58
21 43
21 147
22 47
22 99
22 67
22 95
22 21
23 91
23 34
23 128
23 0
23 121
24 78
24 109
24 86
24 117
24 85
24 30
24 68
24 74
24 129
25 42
25 120
25 105
25 49
26 16
26 80
26 102
26 29
26 19
26 77
26 107
27 22
27 21
27 40
27 124
27 0
27 143
27 31
27 33
28 73
28 99
28 22
28 26
28 124
28 66
28 56
28 94
28 34
29 98
29 33
29 37
30 55
30 48
31 18
31 70
31 113
31 60
31 100
31 76
31 98
31 142
31 24
31 61
32 28
32 95
32 46
32 107
32 54
32 8
32 27
32 63
33 6
33 42
33 147
33 69
34 110
34 131
34 99
34 103
34 59
34 41
35 2
35 116
35 63
35 22
35 7
35 17
36 124
36 66
36 108
36 144
36 136
36 122
36 43
37 145
37 87
37 108
37 42
37 48
37 96
37 53
38 62
38 16
38 11
38 141
38 26
38 60
38 43
39 27
39 120
39 6
39 76
39 147
40 22
41 14
41 79
41 72
41 40
42 28
42 123
42 60
42 14
42 25
42 19
43 125
43 146
43 84
43 29
43 12
44 113
44 93
44 6
44 90
44 37
45 27
45 78
45 82
45 8
46 35
46 139
46 51
46 54
47 108
47 88
47 42
47 113
47 32
48 142
48 86
48 141
48 49
48 58
49 35
49 137
49 105
49 5
50 21
50 22
50 88
50 94
50 111
51 90
51 118
51 100
52 138
52 72
52 135
52 18
53 125
53 50
53 7
53 73
53 76
53 95
54 16
54 103
54 70
54 98
54 134
54 15
55 106
55 41
55 120
55 94
55 147
55 26
56 18
56 66
56 20
56 11
56 147
56 10
56 68
56 6
57 55
57 126
57 30
57 50
57 97
57 138
58 87
58 99
58 26
59 13
59 141
59 109
60 56
60 12
60 16
60 64
60 121
60 120
60 43
60 124
61 128
61 70
61 115
61 15
61 58
61 129
62 84
62 71
62 46
62 145
62 86
62 102
62 21
63 69
63 41
63 95
63 87
63 80
64 41
65 148
65 120
65 103
65 74
65 10
65 88
65 110
65 140
66 61
66 52
66 136
66 137
66 102
67 62
67 128
67 48
67 28
67 133
67 29
67 11
67 37
68 111
68 23
68 58
68 117
69 71
69 70
69 27
69 73
69 54
69 139
69 30
70 78
70 104
70 71
70 92
70 47
71 14
71 65
72 28
72 131
72 85
72 80
73 75
73 107
73 50
73 98
73 54
73 59
74 64
74 103
74 37
74 67
75 86
75 140
75 133
75 59
75 43
76 62
76 107
76 133
76 122
76 77
76 64
76 142
76 24
77 81
77 139
77 64
77 89
78 37
78 89
78 40
78 143
79 65
79 113
79 72
79 13
79 88
80 125
80 60
80 29
80 46
80 116
81 113
81 50
81 136
81 35
81 23
81 99
81 16
81 96
81 144
81 134
82 68
82 119
82 120
82 113
82 25
82 100
82 30
82 104
82 36
82 96
82 1
83 105
83 40
83 66
83 62
83 30
83 145
83 26
83 85
83 112
84 122
84 76
84 70
84 79
84 28
84 88
85 114
85 30
85 37
85 139
86 67
86 34
86 18
86 11
87 122
87 96
87 103
88 102
89 46
89 86
89 79
89 93
89 145
89 83
89 111
89 101
89 85
89 2
90 5
90 72
90 28
90 115
90 55
90 57
91 124
91 4
91 149
91 44
91 126
91 37
92 28
92 97
92 32
92 138
92 26
92 117
92 144
93 12
93 7
93 6
93 51
93 96
93 121
93 52
93 127
94 18
94 88
94 17
94 62
94 5
94 99
95 21
95 127
95 15
95 51
95 2
95 72
95 140
95 101
96 114
96 97
96 6
96 37
97 133
97 149
97 106
97 2
97 35
98 28
98 64
98 50
98 17
98 81
98 117
98 63
99 114
99 81
99 86
99 103
99 75
99 124
100 142
100 9
100 115
100 135
100 65
100 33
101 62
101 112
101 90
101 23
102 31
102 68
102 147
102 79
102 127
102 28
102 51
102 109
102 17
102 114
102 53
102 137
103 53
103 88
104 26
104 23
104 77
105 48
105 8
105 108
105 47
105 114
106 110
106 132
106 22
106 46
106 12
106 130
106 9
106 68
106 114
106 67
106 11
107 95
107 84
108 77
108 16
108 95
108 123
108 91
108 35
108 143
108 62
109 126
109 111
109 93
109 148
109 67
110 109
110 84
110 147
110 62
110 44
110 11
110 70
111 55
111 48
111 18
111 105
112 17
112 14
112 114
112 81
112 97
113 117
113 132
113 93
113 86
114 47
114 94
114 129
114 16
114 110
114 23
114 0
115 75
115 141
115 108
115 33
115 84
115 137
115 105
116 73
116 18
116 74
116 81
116 149
116 122
116 24
116 59
116 55
116 61
117 55
117 97
117 27
117 104
117 75
117 18
118 26
118 111
118 54
118 16
118 0
118 141
118 89
118 130
119 53
119 17
119 23
120 75
120 136
121 97
121 122
121 32
121 83
121 142
122 132
122 34
122 118
122 12
122 79
122 128
122 56
123 62
123 96
123 23
124 28
125 50
125 75
125 93
125 114
125 140
126 142
126 118
126 69
126 73
126 54
127 86
127 107
127 147
127 144
128 75
128 32
128 60
128 58
128 56
128 70
128 126
129 103
129 52
129 66
129 56
129 68
129 31
129 95
129 130
130 35
130 73
130 120
130 106
130 114
130 55
130 16
130 132
130 125
130 92
131 95
131 125
131 24
131 87
131 118
131 99
132 2
132 98
133 97
133 146
133 56
133 137
133 5
133 87
134 132
134 53
134 108
134 4
134 85
134 38
134 62
134 14
135 148
135 108
135 49
135 120
135 85
135 142
135 93
135 59
135 43
136 66
136 2
136 114
136 4
136 82
137 22
137 62
137 91
137 64
137 43
138 32
138 122
138 115
139 55
140 106
140 39
140 72
141 30
141 51
141 105
141 129
142 34
142 72
142 9
143 67
143 145
143 3
144 141
144 133
144 77
144 54
144 0
144 10
144 109
145 20
145 43
145 22
145 83
145 133
146 149
146 98
146 28
146 62
146 22
146 51
146 113
147 130
147 80
147 50
147 33
147 129
147 89
147 22
148 122
148 143
149 96
149 121
149 112
149 4
149 91
149 125
149 116
