0 39
0 21
0 120
0 149
1 63
1 112
1 4
1 12
1 102
1 62
1 141
1 108
1 121
1 21
2 130
2 136
2 4
2 28
4 112
4 86
4 109
4 143
4 52
4 83
4 11
5 61
5 118
5 22
5 19
5 114
6 109
6 126
6 18
7 38
7 39
8 84
8 27
9 133
9 130
10 112
10 71
10 86
11 45
11 12
11 55
11 138
12 8
12 33
12 96
12 2
12 103
12 131
13 115
13 62
13 10
13 116
13 35
13 64
13 52
13 9
14 29
14 131
14 115
14 18
14 55
18 37
19 121
21 103
21 68
21 96
21 58
21 43
21 147
22 99
22 21
27 22
27 21
27 0
27 143
27 31
27 33
28 73
28 99
28 22
28 66
28 56
28 94
29 98
29 33
29 37
30 55
30 48
31 18
31 113
31 60
31 100
31 76
31 98
31 61
32 28
32 46
32 107
32 8
32 27
32 63
33 6
33 42
33 147
35 2
35 116
35 63
35 22
35 7
37 145
37 108
37 42
37 48
37 96
37 53
38 62
38 11
38 141
38 60
38 43
39 27
39 120
39 6
39 76
39 147
41 14
41 79
41 72
42 28
42 123
42 60
42 14
42 19
43 146
43 84
43 29
43 12
45 27
45 78
45 8
46 35
46 51
48 86
48 141
48 58
51 118
51 100
52 138
52 72
52 135
52 18
53 7
53 73
53 76
55 106
55 41
55 120
55 94
55 147
56 18
56 66
56 11
56 147
56 10
56 68
56 6
57 55
57 126
57 30
57 138
58 99
60 56
60 12
60 64
60 121
60 120
60 43
61 128
61 115
61 58
62 84
62 71
62 46
62 145
62 86
62 102
62 21
63 41
63 80
64 41
65 120
65 103
65 10
65 88
65 110
66 61
66 52
66 136
66 137
66 102
68 111
68 58
68 117
71 14
71 65
72 28
72 131
72 85
72 80
73 107
73 98
76 62
76 107
76 133
76 77
76 64
77 64
78 37
78 143
79 65
79 113
79 72
79 13
79 88
80 60
80 29
80 46
80 116
83 105
83 66
83 62
83 30
83 145
83 85
83 112
84 76
84 79
84 28
84 88
85 114
85 30
85 37
86 18
86 11
88 102
91 4
91 149
91 126
91 37
92 28
92 32
92 138
92 117
92 144
93 12
93 7
93 6
93 51
93 96
93 121
93 52
93 127
94 18
94 88
94 62
94 5
94 99
96 114
96 6
96 37
98 28
98 64
98 117
98 63
99 114
99 86
99 103
100 9
100 115
100 135
100 65
100 33
102 31
102 68
102 147
102 79
102 127
102 28
102 51
102 109
102 114
102 53
102 137
103 53
103 88
105 48
105 8
105 108
105 114
106 110
106 132
106 22
106 46
106 12
106 130
106 9
106 68
106 114
106 11
107 84
108 77
108 123
108 91
108 35
108 143
108 62
109 126
109 111
109 93
110 109
110 84
110 147
110 62
110 11
111 55
111 48
111 18
111 105
112 14
112 114
113 117
113 132
113 93
113 86
114 94
114 110
114 0
115 141
115 108
115 33
115 84
115 137
115 105
116 73
116 18
116 149
116 55
116 61
117 55
117 27
117 18
118 111
118 0
118 141
118 130
119 53
120 136
121 32
121 83
123 62
123 96
126 118
126 73
127 86
127 107
127 147
127 144
128 32
128 60
128 58
128 56
128 126
130 35
130 73
130 120
130 106
130 114
130 55
130 132
130 92
131 118
131 99
132 2
132 98
133 146
133 56
133 137
133 5
134 132
134 53
134 108
134 4
134 85
134 38
134 62
134 14
135 108
135 120
135 85
135 93
135 43
136 66
136 2
136 114
136 4
137 22
137 62
137 91
137 64
137 43
138 32
138 115
141 30
141 51
141 105
143 145
144 141
144 133
144 77
144 0
144 10
144 109
145 43
145 22
145 83
145 133
146 149
146 98
146 28
146 62
146 22
146 51
146 113
147 130
147 80
147 33
147 22
149 96
149 121
149 112
149 4
149 91
149 116
