0 41
0 80
0 78
0 53
0 55
0 5
0 58
1 68
1 138
1 56
2 81
2 94
2 109
2 145
2 146
3 12
3 20
3 84
3 60
3 5
3 28
4 132
4 56
5 58
5 62
5 43
5 12
5 31
5 40
5 68
5 111
6 132
6 136
6 59
6 128
6 62
6 117
6 119
7 63
7 17
7 61
7 146
7 25
7 40
7 76
7 23
8 18
8 149
8 17
8 61
8 34
8 20
8 144
8 31
8 36
8 82
8 15
8 107
8 47
9 121
9 116
9 112
9 54
9 76
9 58
10 13
10 8
10 40
10 36
11 1
11 40
11 37
12 121
12 139
12 59
13 129
13 144
13 78
13 18
13 122
13 111
14 75
14 92
14 68
14 108
14 138
14 76
14 128
14 29
15 14
15 127
15 97
15 147
15 93
15 69
15 31
15 110
16 51
16 108
16 136
16 67
16 49
17 122
17 133
17 24
17 119
17 12
17 145
17 100
18 26
18 99
18 143
18 14
18 120
18 124
18 112
18 93
18 21
19 102
19 130
19 68
19 141
19 32
20 43
20 37
20 58
20 24
20 34
20 117
20 57
20 73
21 73
21 77
21 125
21 141
21 78
22 140
22 52
22 12
23 103
23 32
23 90
23 70
23 45
24 63
24 131
24 76
24 14
24 85
25 122
25 91
25 59
25 132
25 11
26 0
26 122
26 56
26 130
26 108
26 41
27 112
27 91
27 16
27 9
28 111
28 67
28 53
28 25
28 122
29 41
29 0
30 94
30 89
30 24
30 98
30 36
30 72
30 32
30 27
31 9
31 44
31 53
31 47
32 34
32 145
32 132
32 73
32 16
32 114
32 121
32 97
33 3
33 145
33 2
33 10
33 96
33 131
33 144
33 135
33 42
34 81
34 70
34 149
34 88
34 73
35 124
35 25
35 39
35 83
35 48
35 69
35 47
35 66
35 146
36 66
36 134
36 110
36 50
36 98
36 69
36 67
36 21
36 122
37 114
37 109
37 128
37 88
37 34
37 54
37 89
38 35
38 25
38 58
38 100
39 36
39 118
39 33
39 147
39 47
39 19
40 132
40 52
40 1
41 119
41 10
41 87
41 63
41 143
41 102
41 56
42 56
42 32
42 134
42 62
42 67
43 41
43 104
43 0
43 57
43 126
44 145
44 51
44 107
44 33
45 43
45 70
45 16
45 134
46 58
46 25
46 121
46 84
46 14
46 112
46 96
46 37
47 32
47 22
47 14
47 3
47 6
47 24
47 18
48 133
48 142
48 104
48 119
48 80
49 40
49 47
49 35
49 127
50 40
50 38
50 133
50 53
50 145
50 113
50 111
51 46
51 23
51 139
51 99
51 29
52 135
52 143
52 98
52 51
52 12
52 120
52 47
52 77
53 90
53 19
53 30
53 70
53 39
53 74
54 36
54 68
54 33
54 65
54 7
55 113
55 40
55 65
55 30
55 112
56 101
56 120
56 17
56 19
57 4
57 65
57 19
57 69
58 13
58 85
58 110
58 15
58 43
58 118
59 16
59 31
59 44
59 127
59 115
59 125
60 145
60 45
60 142
60 122
60 120
60 1
60 99
60 18
61 64
61 81
61 148
61 18
61 102
62 43
62 67
62 131
62 45
63 15
63 33
63 18
63 79
63 98
63 94
63 133
63 57
63 13
64 114
64 109
64 69
64 16
64 129
64 121
64 12
64 11
64 0
64 80
64 145
65 20
65 121
65 86
65 96
65 145
65 137
65 81
66 136
66 124
66 134
66 10
66 81
66 118
66 138
66 44
67 15
67 123
67 14
67 50
67 68
67 19
67 62
68 115
68 18
68 43
68 86
68 89
68 73
68 143
68 57
68 125
68 126
69 75
69 64
69 103
69 7
69 93
69 29
70 132
70 136
70 2
70 57
70 58
70 18
71 92
71 120
71 41
71 66
71 128
71 77
71 141
71 38
71 111
71 123
72 91
72 66
72 96
72 51
72 80
73 85
73 107
73 101
73 148
73 116
73 136
73 96
73 139
73 12
74 25
74 39
74 73
74 110
75 20
75 42
75 35
75 134
75 74
75 109
76 149
76 117
76 96
76 129
76 19
76 101
77 141
77 83
77 56
77 123
77 115
78 80
78 107
78 108
79 115
79 11
79 65
79 86
80 34
80 112
80 66
80 40
80 11
81 120
81 135
81 83
81 137
81 138
81 147
81 111
81 122
81 148
81 139
81 72
81 57
82 9
82 75
82 96
82 72
82 98
82 50
82 123
83 33
83 77
83 105
83 94
83 129
83 14
84 32
84 49
84 25
84 37
84 128
84 22
84 142
84 18
84 5
84 148
84 70
85 62
85 108
85 141
85 107
85 98
86 111
87 28
87 105
87 13
87 146
87 112
87 124
87 44
87 110
87 67
88 106
88 64
88 132
88 37
88 110
88 71
89 44
89 148
89 29
89 132
89 141
89 37
89 147
89 55
89 34
89 104
89 94
90 136
90 83
90 111
90 29
90 0
90 146
91 109
91 47
91 125
91 74
91 13
91 108
91 141
91 23
92 84
92 79
92 31
92 12
92 65
93 83
93 43
93 36
93 29
93 91
93 127
93 52
94 14
94 106
94 130
94 125
94 39
94 26
94 138
95 31
95 32
95 11
95 45
95 18
96 112
96 11
96 28
96 147
96 126
96 145
96 57
96 40
97 110
97 75
97 84
97 87
98 144
98 7
98 92
98 119
98 0
98 99
99 86
99 146
99 47
99 90
99 136
100 70
100 96
100 71
100 122
100 141
100 76
100 58
100 139
100 40
101 111
101 77
101 98
101 146
102 121
102 16
102 86
102 42
102 106
103 50
103 33
103 132
103 81
103 67
104 80
104 63
104 129
105 17
105 87
105 0
105 147
106 140
106 64
106 84
106 66
106 21
107 104
107 4
107 105
107 98
107 110
107 34
107 80
108 63
109 142
109 132
109 5
109 40
109 146
110 70
110 11
110 67
110 95
110 27
110 109
110 62
111 136
111 23
111 25
111 40
111 81
111 64
111 110
111 135
111 99
112 19
112 68
112 78
112 27
113 125
113 82
113 69
113 126
114 45
114 6
114 116
114 86
114 112
115 127
115 104
115 29
115 68
115 22
115 49
116 85
116 102
116 142
117 10
117 16
117 96
117 101
117 17
117 75
117 30
118 107
118 25
118 140
118 34
118 133
119 131
119 46
119 34
119 42
120 60
120 125
120 31
120 61
120 53
120 98
120 147
120 101
120 132
121 130
121 131
121 87
121 51
122 50
122 137
122 129
122 28
123 27
123 69
124 46
124 70
124 132
124 52
125 8
125 121
125 48
125 89
125 4
126 17
126 141
126 106
126 72
126 116
126 80
127 129
127 17
127 25
127 102
128 81
128 78
128 139
128 65
128 143
129 41
129 128
129 77
129 144
129 90
129 29
129 83
130 67
130 31
130 73
130 49
130 36
130 0
130 110
131 138
131 142
131 22
131 149
131 86
131 146
131 1
132 1
132 82
132 68
132 89
133 110
133 60
133 83
133 53
133 121
134 45
134 105
134 48
134 123
134 22
135 8
135 119
135 129
135 81
135 106
135 45
135 65
135 123
135 125
136 117
136 58
136 68
136 12
136 33
136 45
136 10
136 94
136 105
137 88
137 30
137 55
137 145
137 63
137 70
137 146
137 120
138 1
138 33
138 66
138 2
139 113
139 94
139 89
139 82
139 90
140 6
140 89
140 40
140 105
141 88
141 89
141 57
141 7
141 75
141 149
142 62
142 6
142 92
143 136
144 119
144 115
144 135
144 29
145 95
145 48
145 132
145 66
145 73
145 74
146 53
146 60
147 114
147 105
147 137
147 33
147 142
147 51
147 138
148 67
148 65
148 100
148 4
148 43
148 131
148 95
148 39
149 46
149 129
