0 22
0 139
0 81
1 134
1 67
1 113
1 56
1 63
1 53
2 17
2 102
2 52
2 122
2 40
3 44
3 140
3 41
3 89
3 138
3 141
4 97
4 110
4 2
5 30
5 143
5 34
5 14
6 126
6 24
6 136
6 85
6 71
6 134
6 103
6 98
7 35
7 140
7 19
7 101
8 25
8 108
8 59
8 16
8 114
9 76
9 92
9 33
9 42
9 137
9 78
10 20
10 55
10 29
10 69
10 72
10 68
11 86
11 129
11 90
11 58
11 65
12 73
12 136
12 111
12 133
12 31
12 112
13 48
13 137
13 143
13 82
13 73
13 142
13 70
13 101
14 126
14 145
14 92
14 21
15 47
15 7
15 127
15 61
15 115
15 147
15 114
16 88
16 124
16 111
16 121
16 48
16 78
16 17
17 15
17 44
17 30
17 66
17 34
17 39
17 71
17 24
18 33
18 19
18 6
18 100
18 145
18 12
18 47
18 119
18 34
18 123
18 14
19 89
19 9
19 115
20 41
20 22
20 3
21 75
21 70
21 1
21 101
21 32
21 83
21 113
21 126
22 40
22 59
22 49
22 29
22 84
22 72
23 65
23 118
23 41
24 19
24 138
24 10
25 93
25 18
25 86
25 137
25 118
25 83
25 105
25 130
25 90
26 114
26 6
26 28
27 76
27 0
27 82
28 75
28 23
28 115
29 98
29 75
29 67
29 41
30 17
30 147
30 131
30 37
30 60
31 33
32 52
32 138
32 149
32 111
32 27
33 134
33 130
33 77
33 5
33 112
33 121
34 113
34 110
34 149
35 121
35 73
35 85
35 14
35 115
35 39
35 62
36 3
36 28
36 106
37 13
37 129
37 135
37 123
37 25
37 67
37 42
38 100
38 11
38 108
38 73
38 136
38 90
38 10
39 77
39 122
39 95
39 29
39 46
39 54
39 126
40 105
40 101
40 123
40 95
41 16
41 82
41 104
41 83
41 3
42 103
42 45
42 132
43 118
43 139
43 65
43 105
43 54
43 116
43 46
44 135
44 27
44 5
44 134
45 82
45 118
45 28
46 28
46 120
46 143
46 104
47 7
47 120
47 75
47 46
47 124
48 83
48 148
48 11
48 84
48 107
48 51
49 94
49 26
49 9
49 90
50 120
50 122
51 135
51 23
51 117
51 89
52 30
52 8
52 3
52 39
52 102
53 87
53 72
53 94
53 106
54 33
54 40
54 134
54 61
55 82
55 68
55 2
55 9
55 70
55 127
56 40
56 8
57 5
57 124
57 62
57 92
57 134
57 69
57 103
58 25
58 22
58 12
58 99
59 118
59 61
59 136
59 122
60 83
60 15
60 47
60 117
60 137
60 106
61 88
61 93
61 49
62 83
62 33
62 86
62 59
62 93
63 79
63 34
63 40
63 14
63 96
63 95
63 75
63 72
63 115
63 101
64 144
64 17
64 16
64 81
65 104
65 80
65 127
65 101
65 90
65 9
65 106
66 79
66 58
66 145
66 101
67 56
67 24
67 4
67 28
67 112
67 47
67 143
67 82
67 7
67 55
67 14
67 9
68 90
68 87
68 35
68 34
68 65
68 0
68 14
69 8
69 112
69 49
69 62
69 122
69 118
69 103
70 11
70 0
70 93
70 47
71 35
71 14
71 73
71 15
71 122
71 79
71 34
71 90
71 147
71 138
72 35
72 121
72 110
72 11
72 3
72 120
72 139
73 144
73 77
73 125
73 134
73 21
74 71
74 68
74 65
74 148
75 41
75 77
75 110
75 73
75 26
75 148
76 60
76 11
76 70
76 44
76 30
76 86
77 9
77 5
77 90
77 30
77 127
78 131
78 23
78 111
78 146
79 55
79 67
79 2
79 69
79 28
80 68
80 36
80 124
80 96
80 77
80 114
80 79
81 53
81 42
81 112
81 64
81 40
81 92
81 84
82 138
82 81
82 47
82 28
82 75
82 84
83 101
83 95
84 127
84 90
84 36
84 106
84 10
85 22
85 27
85 87
86 16
86 53
86 40
86 59
87 112
87 76
87 3
87 62
88 113
88 115
88 20
88 97
88 38
89 146
89 106
89 84
89 90
89 57
89 61
89 142
89 70
89 92
89 118
90 114
90 149
90 96
90 118
90 37
90 120
91 27
91 110
91 130
91 93
91 7
92 69
92 88
92 72
93 149
93 133
93 102
94 31
94 56
94 41
94 43
94 51
94 84
95 77
95 139
95 107
95 100
95 27
95 126
95 64
96 80
96 14
96 149
96 70
96 144
97 42
97 78
97 67
97 134
97 14
97 57
98 51
98 89
98 13
98 39
99 112
99 74
99 34
99 78
99 118
99 136
99 87
100 79
100 138
100 20
100 50
101 147
101 35
101 126
101 91
102 67
102 135
103 47
103 70
103 1
103 42
103 6
103 135
103 83
104 120
104 93
104 134
104 0
104 12
105 100
105 11
105 23
105 27
106 141
106 85
106 81
106 11
106 61
106 113
106 111
107 115
107 37
107 123
108 90
108 77
108 72
108 3
108 103
109 62
109 6
109 102
110 123
110 141
110 10
110 75
110 3
110 31
111 138
111 92
111 47
111 18
111 45
111 127
112 132
112 110
112 99
112 7
112 6
112 3
113 105
113 142
114 115
114 74
114 93
114 126
114 37
114 38
114 65
114 3
114 66
114 82
114 77
114 148
115 135
115 5
115 99
115 134
115 59
115 65
115 131
115 25
116 67
116 39
116 65
116 76
116 117
116 30
116 66
116 23
116 88
117 6
117 87
117 41
117 66
117 25
117 32
117 34
118 102
118 143
118 7
118 4
118 94
119 3
119 1
119 129
119 14
119 142
119 5
119 132
120 80
120 91
120 92
120 116
120 22
121 80
121 115
121 112
121 36
121 124
121 23
122 6
122 133
122 125
122 120
122 85
123 74
123 6
123 17
123 144
123 54
123 103
123 148
123 137
123 79
123 107
123 72
124 4
124 92
124 90
124 83
124 66
125 107
125 126
125 100
125 18
125 93
125 65
126 132
126 9
126 57
126 133
126 114
126 121
127 134
127 67
127 105
127 36
127 118
127 25
127 28
127 21
128 72
128 66
128 147
128 37
128 60
129 37
129 123
129 39
129 96
130 109
130 139
130 22
131 62
131 107
131 4
131 21
131 83
131 50
132 84
132 146
132 61
132 19
132 109
132 71
132 108
132 142
133 67
133 73
133 114
133 124
133 33
133 29
133 130
133 146
134 88
134 147
134 4
134 1
134 0
134 132
134 63
134 128
135 145
135 105
135 61
135 97
135 15
135 40
136 81
136 56
136 27
136 79
137 146
137 34
137 3
137 31
138 10
138 144
138 103
138 125
138 109
138 112
139 2
139 79
139 23
139 123
139 35
139 31
139 130
140 46
140 76
140 84
140 65
141 71
141 51
141 98
141 20
142 13
142 42
142 37
142 84
142 138
142 49
142 110
142 114
143 139
143 1
143 132
143 147
143 96
143 92
143 49
143 84
143 80
143 51
143 2
144 110
144 114
144 78
144 139
145 89
145 133
145 135
145 3
145 111
145 2
145 16
146 17
146 100
146 46
146 108
146 32
146 20
147 56
147 36
147 101
147 72
147 62
147 58
148 46
148 119
148 147
148 142
149 137
149 119
149 18
149 62
