0 36
0 98
0 59
0 47
0 75
0 74
0 112
0 56
1 126
1 81
1 62
1 57
1 103
1 29
1 72
1 90
1 97
1 37
1 10
1 109
2 59
2 22
2 57
2 13
2 69
2 72
2 109
2 91
2 149
2 112
2 60
3 70
3 32
3 61
3 122
3 139
3 76
3 92
3 117
3 138
3 0
4 30
4 120
4 1
4 52
4 114
4 141
4 49
4 89
5 93
5 143
5 12
5 45
5 137
5 50
5 141
5 72
5 68
5 148
5 108
5 51
6 97
6 104
6 16
6 38
6 30
6 144
7 119
7 90
7 45
7 99
7 89
7 128
7 78
7 9
7 60
7 27
7 54
7 135
7 21
7 109
7 62
8 55
8 43
8 59
8 75
8 31
9 37
9 115
9 86
9 108
9 137
9 95
9 77
9 36
9 111
9 23
10 67
10 138
10 112
10 14
10 143
10 80
10 102
10 68
11 121
11 64
11 92
11 81
11 94
11 132
11 127
11 21
11 124
11 51
11 72
12 109
12 40
12 47
12 37
12 50
12 66
12 145
12 149
12 82
12 4
12 11
12 0
13 89
13 31
13 104
13 103
13 121
13 5
13 0
13 77
13 63
13 126
14 36
14 116
14 24
14 59
14 51
14 130
14 129
14 55
15 79
15 11
15 115
15 47
15 29
16 77
16 48
16 19
16 111
16 124
16 59
16 106
16 41
16 114
17 42
17 148
17 127
17 106
17 12
17 109
17 135
17 105
17 40
17 68
17 67
18 1
18 75
18 99
18 10
18 60
18 131
19 36
19 92
19 91
19 55
19 103
19 132
19 118
19 40
19 111
20 110
20 59
20 77
20 11
21 38
21 129
21 20
21 105
21 131
21 94
21 68
21 141
21 27
22 8
22 7
22 78
22 88
22 85
22 64
22 132
22 58
23 94
23 42
23 57
23 75
23 36
23 11
23 18
23 12
23 91
24 25
24 149
24 129
24 34
24 87
24 80
24 147
24 79
24 133
24 62
25 121
25 62
25 108
25 80
25 59
25 21
25 116
25 45
25 92
26 132
26 37
26 76
26 22
26 69
26 139
26 2
26 41
26 66
26 6
26 136
26 34
26 64
26 93
26 49
26 16
27 144
27 101
27 78
27 148
27 104
27 88
28 85
28 147
28 55
28 45
28 86
28 111
28 12
28 1
28 73
29 61
29 136
29 56
29 41
29 141
29 30
29 113
30 141
30 26
30 109
30 110
30 67
30 113
30 134
30 97
30 132
30 31
30 142
30 83
30 82
30 40
31 104
31 134
31 105
31 23
31 81
31 39
31 14
31 131
31 103
31 117
31 80
31 18
31 123
32 57
32 63
32 149
32 45
32 83
32 122
32 41
32 22
32 13
32 8
32 142
32 97
32 106
32 114
33 90
33 82
33 91
33 63
33 96
33 11
34 44
34 109
34 19
34 93
34 112
34 27
35 3
35 125
35 115
35 87
35 30
35 143
36 12
36 55
36 5
36 87
36 114
36 104
36 20
36 63
36 9
36 143
37 136
37 75
37 20
37 10
37 118
37 80
37 128
37 137
37 76
37 1
37 14
37 57
38 51
38 16
38 68
38 86
38 43
38 69
38 145
38 131
38 119
39 37
39 53
39 95
39 142
39 44
40 101
40 30
40 62
40 41
40 127
40 64
41 82
41 37
41 145
41 97
41 86
41 120
41 128
41 133
41 49
41 42
42 58
42 18
42 0
42 34
42 88
42 43
42 48
42 86
42 49
43 91
43 35
43 71
43 135
43 146
43 46
43 144
44 103
44 55
44 43
44 57
44 115
44 99
44 49
44 46
44 27
44 123
44 24
44 54
45 44
45 47
45 50
45 55
45 104
45 49
45 17
45 24
45 68
45 133
46 61
46 139
46 20
46 118
46 144
46 21
46 41
46 122
46 88
46 17
47 36
47 16
47 139
47 9
47 93
47 7
47 95
48 87
48 32
48 119
48 147
48 101
49 143
49 98
49 31
49 122
49 82
49 23
49 94
49 48
49 144
49 103
49 113
50 70
50 127
50 135
50 78
50 65
50 95
50 61
50 132
50 30
51 76
51 109
51 84
51 112
51 4
51 36
51 88
51 101
51 61
51 21
51 132
51 124
51 17
52 77
52 95
52 36
52 106
52 24
52 81
53 97
53 16
53 63
53 68
53 96
53 46
53 65
53 11
53 107
53 61
54 34
54 71
54 31
54 18
54 110
54 116
54 46
54 78
54 106
54 35
54 130
54 43
54 87
55 79
55 107
55 91
55 93
55 142
55 63
55 33
55 3
55 135
55 70
56 19
56 105
56 76
56 12
56 100
56 6
56 136
56 39
56 102
56 33
57 79
57 38
57 130
57 122
57 33
57 49
57 28
57 108
58 81
58 60
58 136
58 104
58 132
58 9
58 95
59 106
59 103
59 30
59 9
59 120
60 90
60 26
60 120
61 54
61 107
61 25
61 19
62 11
62 123
62 116
62 70
62 126
62 46
62 87
62 95
63 6
63 123
63 92
63 47
63 30
63 57
63 127
63 81
63 12
63 49
63 37
63 116
63 43
64 142
64 77
64 116
64 43
64 17
64 66
64 88
64 67
64 129
65 149
65 93
65 83
65 122
65 27
65 75
65 48
65 86
65 141
65 5
65 58
65 55
66 18
66 130
66 8
66 144
67 137
67 50
67 34
67 148
67 79
67 62
67 53
67 7
67 93
67 60
67 26
67 36
67 37
67 134
67 82
67 143
67 14
68 67
68 101
68 66
68 33
68 119
68 79
68 40
69 141
69 147
69 9
69 78
69 133
69 121
69 3
69 116
69 65
69 117
69 51
69 104
69 136
69 24
69 146
69 124
70 85
70 44
70 11
70 26
70 147
70 86
71 108
71 83
71 146
71 10
71 128
71 109
71 103
71 56
71 50
71 95
71 138
72 6
72 145
72 68
72 56
72 8
72 38
72 137
72 20
72 24
73 45
73 37
73 8
73 145
73 147
73 100
73 20
73 112
73 22
73 93
74 125
74 123
74 94
74 9
74 57
74 32
74 141
74 142
74 136
74 70
75 7
75 32
75 83
75 16
75 22
75 90
75 146
75 8
75 52
75 132
76 135
76 70
76 91
76 75
76 13
76 42
77 50
77 37
77 137
77 19
77 56
77 124
77 135
77 0
77 114
77 113
77 127
78 46
78 117
78 27
78 140
78 141
78 24
78 51
78 120
78 71
78 15
78 18
79 85
79 105
79 4
79 9
79 3
79 46
79 139
79 45
79 126
79 143
80 87
80 3
80 49
80 24
80 118
80 89
81 24
81 47
81 27
81 114
81 127
81 145
81 28
81 126
82 118
82 70
82 83
82 140
82 147
82 54
82 29
82 8
82 30
82 7
83 36
83 91
83 65
83 20
83 149
83 115
84 88
84 21
84 70
84 38
84 10
84 128
84 58
84 136
84 141
84 146
84 64
85 134
85 1
85 84
85 132
85 119
85 9
85 67
85 133
85 5
85 10
85 50
86 26
86 42
86 27
86 90
86 124
86 49
86 76
86 142
86 69
87 94
87 1
87 120
87 16
87 15
87 10
87 117
87 5
87 38
87 140
87 144
87 64
87 115
88 45
88 75
88 102
88 46
88 80
88 128
88 127
88 107
88 120
89 100
89 93
89 30
89 140
89 28
89 116
89 29
89 20
89 38
89 31
89 114
89 15
90 61
90 104
90 44
90 19
90 48
91 90
91 45
91 124
91 139
91 87
91 93
91 92
92 137
92 55
92 93
92 66
92 75
92 117
92 126
92 53
93 49
93 17
93 39
93 25
94 130
95 23
95 28
95 127
95 37
95 102
95 104
95 56
95 123
95 148
96 37
96 130
96 101
96 112
96 141
97 100
97 80
97 104
97 0
97 106
97 62
97 79
97 9
97 26
98 123
98 21
98 92
98 19
98 149
98 29
98 56
99 67
99 4
99 79
99 101
99 43
99 66
99 110
100 47
100 137
100 89
100 116
100 142
100 140
100 95
101 140
101 63
101 96
101 5
101 127
101 52
101 148
101 12
102 112
102 92
102 140
102 142
102 107
102 54
102 45
102 95
102 87
102 11
102 74
102 26
102 37
103 27
103 149
103 65
103 90
103 46
103 33
103 110
104 134
104 72
104 16
104 30
104 75
104 43
104 15
104 2
105 53
105 76
105 96
105 139
105 1
105 0
105 120
105 26
105 101
105 46
105 52
106 133
106 108
106 132
106 17
106 51
106 146
106 61
106 147
106 100
106 46
106 50
106 7
107 108
107 77
107 103
107 88
107 115
107 101
108 65
108 125
108 81
108 122
108 134
108 117
108 55
108 60
108 62
109 7
109 72
109 121
109 10
109 118
109 123
109 57
109 140
110 105
110 47
110 8
110 26
110 131
110 94
110 132
110 120
110 42
110 67
111 145
111 147
111 80
111 102
111 75
111 91
111 66
111 142
111 4
111 106
111 138
112 79
112 100
112 111
112 71
112 21
112 101
113 26
113 144
113 54
113 85
113 146
113 75
113 68
113 125
114 70
114 98
114 48
114 45
114 137
114 96
114 82
114 143
114 95
115 81
115 29
115 42
115 6
115 135
115 15
115 2
115 27
115 76
115 112
115 10
116 103
116 51
116 149
116 86
116 145
116 44
116 35
116 28
116 16
116 33
116 31
116 137
116 21
116 41
117 138
117 60
117 104
117 101
117 96
117 123
117 37
117 46
118 54
118 30
118 50
118 76
118 129
118 0
118 148
118 95
118 7
118 26
118 71
118 91
118 17
118 100
118 93
118 74
119 126
119 100
119 135
119 44
119 43
119 91
119 24
119 147
119 96
119 115
120 57
120 81
120 35
120 83
120 28
120 18
120 109
120 50
121 27
121 140
121 50
121 1
121 107
121 53
121 99
121 30
121 21
121 11
121 135
121 58
121 22
121 105
122 52
122 38
122 70
122 51
122 81
122 60
122 69
122 87
122 125
122 79
122 26
123 77
123 31
123 121
123 67
123 5
123 27
124 32
124 130
124 138
124 133
124 37
124 67
124 31
124 61
124 147
124 14
124 96
124 82
124 119
124 145
124 65
125 136
125 141
125 146
125 22
125 124
125 137
125 31
125 53
125 72
126 141
126 137
126 82
126 129
127 112
127 58
127 22
127 28
127 102
127 70
127 77
127 78
127 117
127 101
128 134
128 61
128 143
128 23
128 137
128 60
128 86
128 91
128 141
128 1
129 135
129 102
129 121
129 14
129 49
129 103
129 123
129 50
129 37
129 77
129 87
129 131
130 57
130 33
130 49
130 28
130 30
130 132
130 149
130 96
130 9
130 92
130 136
130 97
130 148
131 32
131 100
131 93
131 142
131 42
131 8
131 4
131 148
131 37
132 140
132 77
132 123
132 145
132 126
133 52
133 11
133 91
133 4
133 148
133 2
133 112
134 89
134 83
134 7
134 92
134 56
134 11
134 81
134 44
134 48
134 53
134 107
135 121
135 37
135 113
135 129
135 30
135 38
135 143
135 131
135 139
135 123
135 72
136 74
136 48
137 27
137 99
137 109
137 58
137 14
137 34
137 83
137 35
137 15
138 19
138 67
138 135
138 139
138 3
138 40
138 21
138 110
138 70
139 65
139 57
139 105
139 89
139 28
139 23
139 10
139 17
140 103
140 135
140 120
140 56
140 31
140 40
140 50
140 88
140 84
140 22
140 86
140 27
141 110
141 138
141 56
141 13
141 12
141 46
141 115
142 125
142 46
142 108
142 48
142 12
142 6
142 97
142 95
143 38
143 3
143 75
143 101
143 72
144 63
144 149
144 90
144 31
144 1
144 132
145 125
145 25
145 130
146 138
146 109
146 87
146 105
146 31
146 55
146 107
146 53
146 128
146 62
147 125
147 133
147 28
147 114
147 120
147 36
147 32
148 113
148 131
148 79
148 14
148 78
148 21
148 27
149 131
149 71
149 126
149 140
149 75
149 53
149 95
149 16
149 58
149 136
149 61
149 4
