0 19
0 125
0 85
4 107
4 116
5 64
5 48
5 14
5 47
6 5
9 74
9 135
11 85
11 0
11 13
13 66
13 83
14 11
14 134
16 66
16 94
16 149
19 83
19 135
19 26
19 48
22 126
22 64
22 57
22 84
22 87
22 148
22 74
24 9
26 84
26 38
29 22
31 22
31 90
31 48
33 60
39 126
39 132
39 30
39 94
43 77
43 97
43 29
43 84
47 39
47 129
47 94
47 6
48 66
48 116
49 60
49 77
49 134
49 24
49 64
52 120
53 47
53 4
54 43
57 85
57 126
60 88
60 107
60 133
60 14
60 11
60 105
60 83
60 116
60 74
63 13
63 131
63 107
64 52
66 116
67 49
67 77
67 4
71 121
71 4
74 47
74 22
74 94
77 98
80 49
80 148
83 31
84 16
84 93
84 43
85 9
85 14
85 0
85 84
85 125
85 54
87 43
87 9
87 85
88 132
88 127
90 29
90 14
93 101
93 95
93 19
93 54
93 134
93 77
93 39
93 60
94 74
95 90
95 149
95 22
95 133
95 98
95 138
97 105
97 90
97 15
98 114
101 48
101 90
101 71
101 38
101 131
105 15
107 129
114 93
114 31
114 132
116 19
116 140
120 14
120 149
121 105
121 66
121 0
121 52
125 43
125 148
125 132
125 5
126 33
126 132
126 138
126 147
126 105
127 13
127 11
129 71
129 9
129 133
129 60
129 149
131 66
131 63
132 64
132 49
132 54
132 71
132 105
133 83
134 94
135 148
135 149
137 53
137 120
137 6
138 132
138 0
138 19
138 9
147 140
147 97
147 6
147 22
148 120
148 39
148 71
149 47
149 49
149 53
