1 107
1 65
1 117
1 110
2 98
2 97
2 55
2 83
3 135
3 51
3 125
3 12
6 116
6 46
6 73
6 96
6 65
7 109
7 142
7 136
7 21
7 23
7 108
7 17
7 132
7 111
7 127
8 136
10 38
10 139
12 51
12 88
12 37
12 94
12 28
12 38
12 141
12 96
12 137
12 21
13 10
13 65
13 135
13 88
13 77
15 64
15 37
15 56
15 111
15 138
15 27
15 119
15 116
15 22
16 78
16 27
16 137
16 32
16 54
17 31
17 13
17 95
17 78
17 123
17 2
17 72
18 58
18 34
18 81
18 17
18 2
18 46
18 67
20 62
20 142
21 105
21 52
21 39
21 116
21 13
21 134
21 76
22 69
23 132
23 15
23 56
23 39
23 86
24 7
24 63
24 115
24 22
24 128
24 58
24 76
26 91
26 7
26 132
26 47
26 126
26 55
27 26
27 51
27 24
27 6
27 117
28 24
28 27
28 74
29 111
29 8
29 139
31 22
31 92
31 55
31 90
31 17
31 12
31 26
32 16
32 139
32 63
32 137
32 44
34 54
34 142
34 123
34 145
37 145
37 92
37 105
37 18
37 122
37 32
37 95
38 74
38 109
38 118
38 24
38 7
38 22
38 10
38 54
38 49
39 31
39 108
39 132
39 22
39 28
42 132
42 31
42 104
42 86
42 128
43 26
43 63
44 126
44 55
44 107
44 76
44 83
46 75
46 116
47 111
47 128
47 65
47 107
49 65
49 75
49 87
51 62
51 70
51 67
51 27
52 78
52 6
52 87
54 20
55 106
55 134
55 7
55 16
56 17
56 28
56 21
57 18
57 96
57 63
57 125
57 17
58 106
58 138
62 43
62 143
62 8
62 17
62 138
62 65
62 66
62 20
62 83
63 69
64 55
64 88
64 52
64 51
65 131
65 6
65 134
65 56
65 146
65 24
66 49
66 126
66 24
67 47
67 146
67 132
67 22
67 43
69 119
69 32
69 91
69 71
69 16
69 117
70 98
70 82
70 67
70 95
70 55
70 22
70 128
70 132
71 109
71 6
71 136
71 73
71 111
71 47
71 124
71 97
72 20
72 51
72 91
72 138
72 135
72 55
73 91
73 90
73 64
73 72
73 139
73 46
73 26
74 100
74 122
74 108
74 34
75 37
75 21
75 72
75 149
75 109
75 142
76 56
76 96
76 143
76 21
76 107
76 78
76 134
76 17
76 37
77 37
77 76
77 127
77 100
77 143
77 106
78 82
78 65
78 95
78 38
78 26
78 109
79 23
79 1
79 74
80 139
80 95
80 112
80 108
80 79
80 21
81 64
81 31
81 23
81 52
81 51
81 43
82 136
82 142
82 77
82 64
83 71
83 117
86 1
86 34
86 62
86 142
87 63
87 83
87 138
87 79
87 67
88 81
88 83
88 8
90 106
90 32
90 27
90 56
91 96
91 56
91 31
92 141
92 71
92 15
92 86
94 62
94 87
94 136
94 72
94 105
94 18
94 12
94 24
95 105
95 62
95 139
95 78
95 47
96 149
96 49
96 8
96 124
97 16
97 28
97 74
97 92
98 16
98 18
98 94
98 135
98 73
100 47
100 15
100 110
100 72
100 108
100 7
100 125
100 86
104 29
104 70
104 136
104 69
104 12
104 139
105 34
105 143
105 135
105 1
105 73
105 57
106 66
106 78
106 109
107 71
107 28
107 134
108 26
108 64
108 86
108 22
108 55
109 128
109 142
110 20
110 139
110 28
111 55
111 104
112 12
112 23
112 149
112 8
114 122
114 49
114 109
114 37
115 27
115 118
115 104
115 49
115 31
115 82
115 76
116 6
116 117
116 51
116 29
116 80
116 39
117 16
117 97
117 105
117 18
117 136
117 27
118 71
118 86
118 143
118 28
119 87
119 34
119 135
119 106
119 107
119 3
122 3
122 77
122 123
122 126
122 31
122 149
123 62
123 87
123 1
123 2
123 17
123 111
124 38
125 107
125 80
125 128
125 109
125 122
126 119
126 105
126 146
126 90
126 42
126 6
126 62
127 149
127 55
127 18
128 123
128 27
128 63
128 72
128 143
131 78
131 72
131 106
131 71
131 137
132 136
132 107
132 143
132 28
132 64
132 122
132 83
132 39
134 126
134 109
135 123
135 16
135 82
135 114
135 125
135 86
135 46
136 65
136 78
136 107
137 52
137 128
137 125
137 114
138 73
138 141
138 42
138 109
138 78
138 27
138 46
138 145
139 128
139 62
139 126
141 71
141 7
142 100
142 105
142 66
143 26
143 146
143 96
143 24
143 65
143 10
145 57
145 26
146 142
146 72
146 31
146 132
146 145
146 52
149 74
149 136
149 95
