0 123
0 101
0 71
0 83
0 132
0 43
0 60
0 20
1 120
1 79
1 6
1 66
1 34
1 50
1 128
1 11
1 19
1 129
1 18
1 27
2 124
2 122
2 62
2 51
2 40
2 121
2 115
3 21
3 75
3 124
3 140
3 82
3 113
3 77
3 62
3 81
3 139
3 92
4 69
4 19
4 61
4 119
4 49
5 114
5 111
5 108
5 127
5 53
6 13
6 29
6 110
6 60
6 64
6 63
7 63
7 44
7 18
7 85
7 30
7 106
7 147
7 144
7 71
8 59
8 32
8 100
8 3
8 26
9 50
9 104
9 94
9 62
9 70
9 143
9 38
9 149
9 110
9 112
9 119
10 20
10 29
10 89
10 94
10 106
10 117
10 112
10 19
11 88
11 107
11 27
11 45
12 114
12 1
12 79
12 4
12 104
13 90
13 105
13 4
13 126
13 67
13 114
13 74
13 123
13 99
14 53
14 136
14 80
14 34
14 13
14 109
15 136
15 131
15 142
15 94
15 9
15 44
15 42
16 30
16 116
16 40
16 77
16 31
16 56
16 59
16 108
17 37
17 44
17 62
17 26
17 10
17 18
17 94
17 5
17 43
17 23
18 74
18 147
18 93
18 69
18 35
18 149
18 79
18 68
18 137
18 64
18 121
19 41
19 53
19 118
19 59
19 14
19 16
19 110
19 121
19 10
19 49
20 14
20 54
20 124
20 67
20 120
20 29
20 85
20 32
20 148
20 73
20 140
20 5
20 53
20 116
20 27
21 69
21 135
21 123
21 56
21 74
21 148
22 142
22 145
22 86
22 38
22 136
22 147
23 49
23 57
23 109
23 134
23 62
23 105
23 110
23 98
23 146
23 125
23 145
23 42
23 101
24 75
24 7
24 28
24 56
24 138
24 95
25 57
25 112
25 95
25 36
25 77
25 70
26 50
26 88
26 140
27 63
27 19
27 93
27 65
27 68
27 143
27 74
28 51
28 124
28 136
28 29
28 70
29 53
29 55
29 69
29 0
29 117
29 28
29 144
30 11
30 133
30 96
30 98
30 121
30 17
30 5
30 72
30 146
31 36
31 129
31 118
31 83
31 33
31 139
31 114
32 47
32 112
32 90
32 29
32 4
32 146
33 7
33 93
33 123
33 8
33 53
33 135
34 133
34 29
34 5
34 106
34 124
34 142
34 92
34 120
35 148
35 110
35 75
35 99
35 13
36 9
36 62
36 16
36 99
36 107
36 94
36 46
37 70
37 102
37 77
37 48
37 31
37 84
37 81
37 9
37 128
37 79
37 65
37 143
38 73
38 112
38 47
38 33
38 124
38 72
38 55
38 45
39 18
39 34
39 140
39 84
39 123
39 125
39 136
39 106
39 0
40 24
40 75
40 83
40 76
40 82
41 50
41 117
41 134
41 97
41 63
41 125
41 68
41 58
42 122
42 118
42 148
42 52
42 24
42 58
42 65
43 4
43 9
43 25
43 65
43 81
43 45
43 141
43 6
43 122
43 98
43 66
44 10
44 129
44 144
44 49
44 123
44 128
44 6
44 7
44 132
45 120
45 33
45 131
45 79
45 73
45 98
45 119
45 8
45 51
45 50
46 101
46 138
46 62
46 6
46 26
46 86
47 98
47 24
47 61
47 66
47 92
47 13
47 8
48 86
48 70
48 114
48 130
49 98
49 28
49 8
49 5
49 41
49 142
49 129
49 73
50 141
50 102
50 96
50 99
50 35
50 125
50 132
50 98
50 55
50 89
50 24
50 83
50 149
50 88
50 112
51 64
51 98
51 94
51 112
51 52
51 26
52 81
52 9
52 122
52 126
52 30
52 92
52 37
53 96
53 36
53 55
53 34
53 126
53 68
53 107
54 67
54 110
54 78
54 113
54 5
55 27
55 149
55 4
55 74
55 82
55 18
55 90
55 91
55 59
55 12
55 31
55 36
55 80
56 78
56 114
56 130
56 26
56 4
57 77
57 111
57 80
57 32
57 56
57 61
57 86
57 58
57 28
57 46
58 96
58 111
58 68
58 88
58 66
58 129
58 120
58 4
58 21
58 35
58 94
58 142
58 3
59 109
59 86
59 93
59 85
59 38
59 37
59 135
60 102
60 104
60 148
60 35
60 86
60 88
60 145
61 14
61 25
61 111
61 114
61 3
61 55
61 21
61 27
61 33
61 123
61 87
61 71
61 116
61 13
62 31
62 35
62 121
62 87
62 144
62 143
62 27
62 8
62 96
62 106
62 148
63 146
63 13
63 49
63 112
63 138
63 83
64 41
64 124
64 50
64 22
64 139
64 14
64 24
65 98
65 81
65 131
65 8
65 100
66 5
66 83
66 23
66 64
66 14
66 119
66 18
66 141
66 137
67 43
67 37
67 35
67 149
67 51
67 34
67 128
67 121
68 57
68 23
68 60
68 10
68 67
68 78
68 47
68 102
68 84
69 79
69 53
69 82
69 115
69 66
69 73
70 15
70 110
70 9
70 111
70 73
70 17
70 79
70 139
70 138
71 13
71 51
71 116
71 5
71 144
71 59
71 29
71 137
71 33
71 41
72 140
72 67
72 69
72 136
72 81
72 123
72 116
72 100
72 63
73 101
73 54
73 64
73 123
73 5
73 8
73 13
74 95
74 80
74 136
74 102
74 37
75 114
75 122
75 140
75 92
76 7
76 58
76 114
76 72
76 18
77 15
77 106
77 50
77 133
77 62
77 3
77 36
78 71
78 22
78 147
78 143
78 6
78 3
79 132
79 46
79 137
79 149
79 66
79 62
80 26
80 42
80 130
80 52
80 1
80 108
80 67
80 36
80 143
80 79
80 78
80 135
80 41
81 119
81 127
81 96
81 42
81 88
81 147
81 133
82 44
82 71
82 109
82 31
82 72
82 108
82 17
83 93
83 129
83 90
83 15
83 31
83 8
83 111
83 21
83 52
84 147
84 92
84 47
84 118
84 48
84 12
84 137
84 115
84 109
85 105
85 47
85 91
85 16
85 127
85 113
85 56
85 149
85 77
86 57
86 133
86 132
86 58
86 49
86 0
86 78
86 56
86 100
87 124
87 44
87 77
87 84
87 100
87 98
87 96
87 65
87 24
88 4
88 79
88 129
88 70
88 142
88 133
89 73
89 141
89 134
89 108
90 148
90 115
90 30
91 58
91 131
91 8
91 32
91 71
91 61
92 22
92 74
92 109
92 112
92 113
92 142
92 52
93 19
93 13
93 61
93 8
93 140
93 64
93 78
93 67
93 70
94 85
94 148
94 50
94 77
94 21
94 98
94 72
94 44
94 92
94 73
95 37
95 130
95 32
95 146
95 29
95 90
95 97
96 85
96 67
96 114
96 5
96 68
96 131
96 48
96 125
97 4
97 63
97 131
97 135
97 16
97 86
97 118
97 112
97 103
98 97
98 30
98 100
98 126
98 93
98 143
98 111
98 139
98 141
99 66
99 8
99 48
99 16
99 67
100 49
100 101
100 145
100 41
100 30
100 66
100 115
100 51
101 60
101 116
101 47
101 38
101 103
101 49
101 2
101 44
101 107
102 34
102 51
102 139
102 50
103 4
103 145
103 20
103 59
103 128
103 88
103 73
103 49
104 147
104 17
104 97
104 44
104 105
104 133
104 96
105 140
105 108
105 36
105 147
105 110
105 141
105 26
105 96
105 117
106 117
106 134
106 111
106 53
106 129
106 91
106 3
106 5
106 148
106 89
107 63
107 119
107 42
107 95
107 65
107 58
107 38
108 40
108 72
108 9
108 129
109 140
109 27
109 8
109 54
109 80
109 7
109 95
109 77
109 90
109 57
109 138
109 104
110 19
110 123
110 86
110 84
110 79
110 109
110 139
110 127
110 47
110 128
111 36
111 31
111 103
111 115
111 128
111 57
111 147
111 129
111 52
111 138
111 79
111 124
112 105
112 143
112 93
112 68
112 122
112 59
112 71
113 10
113 122
113 93
113 123
114 92
114 46
114 91
114 82
114 136
114 48
114 149
114 30
115 134
115 62
115 146
115 72
115 82
115 45
115 132
115 142
115 66
116 3
116 96
116 132
116 58
116 36
116 25
116 7
116 9
116 148
116 125
117 96
117 25
117 93
117 50
117 53
117 40
117 149
118 75
118 43
118 63
118 80
118 13
118 94
118 49
118 16
119 14
119 39
119 132
119 100
119 99
119 46
119 129
119 72
119 137
120 37
120 62
120 123
120 55
120 87
120 126
120 129
120 89
121 18
121 0
121 123
121 115
121 145
121 108
121 25
121 135
121 125
121 140
121 99
122 133
122 145
122 101
122 44
122 25
122 109
122 111
122 39
122 142
123 136
123 77
123 9
123 142
123 2
123 104
123 17
123 79
123 149
124 93
124 99
124 90
124 70
124 118
124 119
124 142
124 42
124 71
124 37
124 94
125 88
125 46
125 68
125 43
125 130
125 58
125 28
126 110
126 89
126 38
126 129
126 93
126 112
126 123
127 77
127 80
127 106
127 129
127 101
127 19
127 65
127 147
127 145
127 93
127 36
128 95
128 41
128 57
128 53
128 4
129 139
129 34
129 7
129 69
129 43
130 0
130 88
130 104
130 36
130 116
130 70
130 85
130 134
131 69
131 86
131 39
131 59
131 88
131 43
131 55
132 144
132 6
132 39
132 98
132 127
132 78
133 54
133 10
133 131
133 99
133 77
133 3
134 22
134 80
134 44
134 140
134 56
134 144
134 50
134 145
135 50
135 55
135 85
135 57
135 95
135 64
135 65
135 54
135 42
135 100
135 93
135 68
136 88
136 47
136 9
136 33
136 100
137 113
137 148
137 17
137 16
137 84
137 47
137 71
137 88
137 35
137 36
137 107
138 149
139 105
139 30
139 79
139 69
139 3
139 8
139 0
139 27
139 22
140 99
140 51
140 103
140 115
140 6
140 2
140 56
140 141
140 68
140 120
140 83
140 121
140 86
141 103
141 28
141 106
141 52
141 66
141 25
141 102
141 145
141 110
141 65
141 131
142 8
142 65
142 44
142 124
142 74
142 119
142 118
142 42
142 48
142 46
142 60
142 32
142 79
143 33
143 57
143 144
143 141
143 22
143 37
143 80
143 66
143 128
143 133
144 58
144 81
144 3
144 109
144 133
144 49
145 130
145 125
145 62
145 12
145 34
145 129
145 71
145 60
145 135
145 59
145 148
146 96
146 32
146 119
146 57
146 100
146 112
146 87
146 110
146 99
146 20
146 147
147 93
147 125
147 68
147 144
147 82
147 3
148 41
148 31
148 144
148 79
148 38
148 111
148 21
149 7
149 45
149 143
149 113
149 17
149 120
149 9
149 58
