0 14 1.0
0 25 1.0
0 38 1.0
0 41 1.0
0 59 1.0
0 82 1.0
0 104 1.0
0 106 1.0
1 0 1.0
1 6 1.0
1 35 1.0
1 50 1.0
1 67 1.0
1 105 1.0
2 14 1.0
2 21 1.0
2 27 1.0
2 42 1.0
2 59 1.0
2 62 1.0
2 68 1.0
2 70 1.0
2 76 1.0
2 84 1.0
2 91 1.0
2 107 1.0
3 7 1.0
3 11 1.0
3 22 1.0
3 58 1.0
3 60 1.0
3 70 1.0
3 85 1.0
4 5 1.0
4 12 1.0
4 43 1.0
4 47 1.0
4 64 1.0
4 98 1.0
6 16 1.0
6 32 1.0
6 40 1.0
7 52 1.0
8 31 1.0
8 45 1.0
8 49 1.0
8 63 1.0
8 72 1.0
8 73 1.0
9 11 1.0
9 15 1.0
9 28 1.0
9 39 1.0
9 61 1.0
9 72 1.0
9 94 1.0
10 34 1.0
10 82 1.0
10 93 1.0
11 40 1.0
11 89 1.0
12 6 1.0
12 13 1.0
12 16 1.0
12 21 1.0
12 37 1.0
12 43 1.0
12 55 1.0
14 6 1.0
14 53 1.0
15 100 1.0
16 12 1.0
16 23 1.0
16 24 1.0
16 42 1.0
16 55 1.0
16 57 1.0
16 73 1.0
16 77 1.0
16 81 1.0
16 85 1.0
16 90 1.0
16 94 1.0
17 11 1.0
17 18 1.0
17 30 1.0
17 35 1.0
17 36 1.0
17 61 1.0
17 75 1.0
18 2 1.0
18 14 1.0
18 20 1.0
18 22 1.0
18 34 1.0
18 101 1.0
19 12 1.0
19 42 1.0
19 55 1.0
19 58 1.0
19 64 1.0
19 95 1.0
21 4 1.0
21 12 1.0
21 31 1.0
21 44 1.0
21 55 1.0
21 61 1.0
21 64 1.0
22 28 1.0
22 35 1.0
22 40 1.0
22 41 1.0
22 48 1.0
22 59 1.0
23 45 1.0
23 54 1.0
23 57 1.0
23 62 1.0
24 10 1.0
24 11 1.0
24 13 1.0
24 35 1.0
24 48 1.0
25 4 1.0
25 7 1.0
25 11 1.0
25 41 1.0
25 64 1.0
26 95 1.0
27 29 1.0
27 43 1.0
27 52 1.0
27 76 1.0
27 80 1.0
27 86 1.0
27 91 1.0
28 30 1.0
28 43 1.0
28 58 1.0
28 69 1.0
30 2 1.0
30 34 1.0
30 108 1.0
31 13 1.0
31 21 1.0
31 37 1.0
31 60 1.0
31 62 1.0
32 23 1.0
32 36 1.0
32 43 1.0
32 54 1.0
32 72 1.0
33 24 1.0
33 72 1.0
34 31 1.0
34 43 1.0
35 1 1.0
35 21 1.0
35 54 1.0
35 56 1.0
35 65 1.0
35 69 1.0
36 11 1.0
36 13 1.0
36 18 1.0
36 43 1.0
36 90 1.0
37 8 1.0
37 23 1.0
37 44 1.0
37 45 1.0
37 50 1.0
37 54 1.0
37 96 1.0
37 97 1.0
38 5 1.0
38 52 1.0
39 3 1.0
39 8 1.0
39 13 1.0
39 23 1.0
39 27 1.0
39 37 1.0
39 41 1.0
39 46 1.0
39 52 1.0
39 54 1.0
39 81 1.0
39 98 1.0
40 12 1.0
40 17 1.0
40 61 1.0
40 80 1.0
41 4 1.0
41 7 1.0
41 10 1.0
41 24 1.0
41 36 1.0
42 3 1.0
42 13 1.0
42 19 1.0
42 33 1.0
42 37 1.0
42 39 1.0
42 41 1.0
43 12 1.0
43 52 1.0
43 65 1.0
44 1 1.0
44 25 1.0
44 48 1.0
44 59 1.0
44 99 1.0
45 9 1.0
45 19 1.0
45 37 1.0
45 54 1.0
45 110 1.0
46 15 1.0
46 51 1.0
47 17 1.0
47 28 1.0
47 48 1.0
47 49 1.0
47 58 1.0
48 10 1.0
48 31 1.0
48 33 1.0
48 46 1.0
48 52 1.0
48 59 1.0
48 66 1.0
48 69 1.0
48 81 1.0
49 7 1.0
49 12 1.0
49 30 1.0
49 50 1.0
50 47 1.0
50 63 1.0
51 33 1.0
51 34 1.0
51 36 1.0
51 48 1.0
51 68 1.0
51 80 1.0
52 14 1.0
52 18 1.0
52 22 1.0
52 43 1.0
52 61 1.0
53 11 1.0
53 15 1.0
53 20 1.0
53 27 1.0
54 93 1.0
55 14 1.0
55 57 1.0
56 12 1.0
56 34 1.0
57 8 1.0
57 48 1.0
57 49 1.0
57 78 1.0
58 31 1.0
58 107 1.0
59 18 1.0
59 55 1.0
59 56 1.0
59 64 1.0
60 26 1.0
60 64 1.0
60 97 1.0
61 10 1.0
61 18 1.0
61 33 1.0
62 23 1.0
62 33 1.0
62 42 1.0
62 53 1.0
63 3 1.0
63 31 1.0
63 32 1.0
63 33 1.0
63 62 1.0
64 2 1.0
64 47 1.0
64 50 1.0
64 53 1.0
64 62 1.0
64 77 1.0
64 79 1.0
64 83 1.0
64 102 1.0
64 103 1.0
64 106 1.0
65 23 1.0
65 46 1.0
65 51 1.0
65 55 1.0
65 108 1.0
66 19 1.0
66 57 1.0
66 87 1.0
66 107 1.0
66 109 1.0
67 26 1.0
67 61 1.0
67 62 1.0
67 75 1.0
67 79 1.0
68 22 1.0
68 26 1.0
68 28 1.0
68 76 1.0
69 6 1.0
69 15 1.0
69 27 1.0
69 51 1.0
69 65 1.0
69 88 1.0
70 2 1.0
70 3 1.0
70 71 1.0
71 70 1.0
72 8 1.0
72 9 1.0
72 32 1.0
72 33 1.0
72 77 1.0
72 87 1.0
72 93 1.0
73 8 1.0
73 16 1.0
74 74 1.0
74 90 1.0
74 104 1.0
75 17 1.0
75 67 1.0
76 2 1.0
76 27 1.0
76 68 1.0
77 16 1.0
77 64 1.0
77 72 1.0
78 57 1.0
78 78 1.0
78 99 1.0
79 64 1.0
79 67 1.0
79 80 1.0
79 106 1.0
80 27 1.0
80 40 1.0
80 51 1.0
80 79 1.0
81 16 1.0
81 39 1.0
81 48 1.0
82 0 1.0
82 10 1.0
83 64 1.0
84 2 1.0
84 84 1.0
84 91 1.0
84 92 1.0
84 101 1.0
84 109 1.0
85 3 1.0
85 16 1.0
86 27 1.0
87 66 1.0
87 72 1.0
87 102 1.0
88 69 1.0
88 88 1.0
89 11 1.0
89 109 1.0
90 16 1.0
90 36 1.0
90 74 1.0
90 106 1.0
91 2 1.0
91 27 1.0
91 84 1.0
92 84 1.0
92 94 1.0
93 10 1.0
93 54 1.0
93 72 1.0
94 9 1.0
94 16 1.0
94 92 1.0
94 95 1.0
95 19 1.0
95 26 1.0
95 94 1.0
95 108 1.0
96 37 1.0
96 97 1.0
97 37 1.0
97 60 1.0
97 96 1.0
98 4 1.0
98 39 1.0
99 44 1.0
99 78 1.0
99 99 1.0
99 104 1.0
100 15 1.0
100 100 1.0
101 18 1.0
101 84 1.0
101 101 1.0
102 64 1.0
102 87 1.0
103 64 1.0
104 0 1.0
104 74 1.0
104 99 1.0
104 105 1.0
105 1 1.0
105 104 1.0
105 105 1.0
106 0 1.0
106 64 1.0
106 79 1.0
106 90 1.0
106 108 1.0
107 2 1.0
107 58 1.0
107 66 1.0
108 30 1.0
108 65 1.0
108 95 1.0
108 106 1.0
109 66 1.0
109 84 1.0
109 89 1.0
110 45 1.0
110 110 1.0
