0 27
0 48
0 76
0 8
0 9
0 61
0 145
1 37
1 22
1 115
1 114
1 9
2 3
2 48
2 37
2 144
3 79
3 148
3 115
3 28
3 118
3 32
3 5
3 96
4 130
4 106
4 21
4 104
4 84
4 6
4 79
4 140
5 109
5 8
5 149
5 148
5 14
6 66
6 75
7 21
7 4
7 146
7 68
7 0
8 72
8 40
8 89
8 79
8 133
8 36
8 9
9 13
9 149
9 21
9 83
9 121
9 132
9 60
10 80
10 88
10 91
11 89
11 9
11 142
11 36
11 146
11 45
11 113
11 79
11 139
11 86
11 100
11 46
11 18
12 16
12 67
12 45
12 96
13 122
13 95
13 21
13 115
13 71
13 51
13 39
14 43
14 97
14 63
14 48
14 33
14 5
14 62
15 112
15 89
15 71
15 86
15 48
15 37
15 114
16 5
16 83
16 13
16 34
17 110
17 111
17 112
17 6
18 11
18 106
18 36
18 67
18 137
18 39
18 73
18 40
18 74
19 107
20 95
20 65
20 126
20 56
20 125
21 76
21 44
21 97
21 19
21 89
21 60
21 136
22 18
22 13
22 143
22 125
22 100
22 129
22 43
22 96
23 29
23 63
24 37
24 89
24 13
24 77
24 140
24 68
24 6
25 67
26 118
26 71
26 56
26 85
27 3
27 52
28 25
28 120
28 93
28 0
29 73
29 101
29 119
30 94
30 72
30 10
30 145
30 53
31 131
31 12
31 37
31 82
31 99
31 5
32 31
32 27
32 20
32 43
32 106
33 80
33 129
33 89
33 109
33 135
34 125
34 52
34 72
34 14
34 67
34 20
35 29
35 68
35 16
35 36
35 57
35 135
36 139
36 126
36 62
36 19
36 138
37 83
37 90
37 137
37 13
37 3
38 54
38 141
38 111
38 12
38 70
38 93
39 1
39 82
39 121
40 8
40 119
40 45
40 6
40 141
40 122
40 65
40 86
41 56
41 73
41 144
41 103
41 135
41 139
41 99
41 125
41 37
41 54
42 126
42 36
42 133
42 138
42 9
42 102
43 19
43 5
43 95
43 118
43 55
44 96
44 142
44 106
44 15
44 38
45 116
45 8
45 98
45 2
45 18
45 56
45 117
45 88
46 20
46 18
46 17
46 41
46 143
46 137
46 45
46 70
46 56
46 19
47 127
47 108
47 50
47 87
47 16
47 19
47 123
47 146
47 95
47 35
48 55
48 140
48 79
48 18
49 123
49 75
49 48
50 149
50 142
50 74
50 94
50 42
51 91
51 95
51 61
51 111
51 59
52 132
52 91
52 134
52 146
52 133
52 76
52 70
52 88
53 136
53 65
53 114
53 2
54 96
54 46
54 100
54 28
55 84
55 32
55 25
55 137
56 63
56 124
56 40
56 147
56 68
57 132
57 120
57 110
57 95
57 42
57 98
57 139
57 53
57 104
58 14
58 54
58 55
58 105
58 71
59 34
59 89
59 96
60 57
60 125
60 51
61 24
61 93
61 30
61 97
61 29
61 34
61 129
61 0
61 59
62 34
62 132
62 90
62 9
62 77
62 103
63 26
63 124
63 50
63 4
63 43
63 147
63 95
64 100
64 25
64 103
64 78
65 134
65 89
65 24
65 119
65 23
66 6
66 134
66 30
66 73
66 133
66 94
67 97
67 92
67 30
67 88
67 16
68 72
68 48
68 135
69 96
69 77
69 111
69 14
69 141
69 82
69 139
70 132
70 14
70 5
70 99
71 92
71 21
71 27
71 140
71 136
72 120
72 3
72 6
72 14
72 107
72 2
72 39
73 52
73 145
73 128
73 41
73 55
74 84
74 149
74 111
74 95
74 75
75 96
75 118
75 147
75 28
76 124
76 19
76 26
76 39
76 112
76 115
76 45
77 135
77 2
77 103
77 60
78 52
78 117
78 141
78 137
78 109
79 63
79 21
79 0
79 18
79 60
79 82
79 87
79 25
80 126
80 70
80 74
80 46
80 109
80 123
81 78
81 88
81 26
81 68
81 10
81 5
81 129
81 38
82 54
82 8
82 49
82 62
82 52
82 99
82 97
83 27
83 76
83 51
83 125
83 137
83 20
83 3
83 99
84 123
84 27
84 45
84 132
84 26
84 109
85 106
85 138
85 62
85 123
85 111
86 42
86 24
86 129
87 13
87 25
87 92
87 53
87 84
87 27
87 138
87 71
87 58
88 131
88 149
88 19
88 6
88 95
88 44
88 125
88 123
88 110
89 115
89 135
89 80
89 105
89 13
90 29
90 70
90 110
90 119
90 137
90 21
90 80
91 25
91 14
91 115
91 101
91 140
91 31
91 40
91 32
92 83
92 129
92 27
92 78
92 126
92 13
92 147
93 43
93 118
93 131
93 144
93 37
93 143
93 104
93 135
93 57
93 130
94 34
94 7
94 77
94 13
94 60
94 109
94 76
94 113
95 146
95 94
95 22
95 40
95 59
95 56
95 84
95 139
95 24
96 135
96 28
96 140
97 93
97 26
97 37
98 47
98 109
98 14
98 16
98 28
98 104
98 65
98 126
99 42
99 20
99 81
99 37
99 148
99 28
99 30
99 106
99 101
100 119
100 138
100 86
100 92
100 91
100 16
100 121
100 29
100 63
100 13
100 42
101 114
101 26
101 146
101 87
101 76
101 123
101 68
101 115
101 131
101 138
101 82
101 124
102 131
102 121
102 118
102 87
102 72
102 62
102 111
102 34
102 141
102 146
102 123
103 18
103 20
103 125
103 55
104 31
104 23
104 123
104 126
104 52
105 103
105 96
105 109
105 66
105 58
105 119
105 54
105 57
105 149
105 61
105 9
106 54
106 86
106 107
106 140
106 139
107 69
107 110
107 68
107 50
107 39
107 42
107 44
107 140
108 132
108 47
108 34
108 21
108 76
108 51
108 134
108 109
109 56
109 104
109 61
109 130
109 80
109 21
109 5
109 64
110 55
110 68
110 67
110 59
110 65
110 95
110 30
110 75
111 36
111 48
111 100
111 102
111 17
112 120
112 84
112 64
112 49
113 109
113 86
113 114
113 146
114 30
114 36
114 16
114 75
114 33
114 39
114 97
115 84
115 108
115 138
115 37
115 6
115 61
115 42
116 29
116 134
116 30
116 139
116 135
117 141
117 121
117 99
117 73
117 85
118 126
118 47
118 29
118 121
118 141
118 128
118 34
118 76
119 53
119 40
119 75
119 107
119 44
119 126
120 36
120 116
120 26
120 113
120 93
120 3
120 8
120 139
121 143
121 118
121 103
121 142
121 40
121 137
121 93
122 125
122 86
122 7
122 144
122 116
122 9
122 117
123 87
123 118
123 99
123 42
123 135
123 67
123 137
124 127
124 55
124 93
124 100
124 119
125 40
125 100
125 116
125 95
125 108
125 114
125 0
125 102
126 42
126 38
126 128
126 148
126 111
126 108
126 65
126 138
126 133
126 2
126 137
126 50
127 71
127 60
127 19
127 130
127 136
127 44
128 25
128 30
128 129
128 11
128 32
128 72
128 78
128 9
129 0
129 73
129 117
129 79
129 62
129 126
129 105
129 20
129 101
129 5
129 141
129 67
129 143
130 36
130 117
130 112
130 31
130 64
130 103
130 23
131 94
131 47
131 97
132 66
132 33
132 80
132 141
132 111
133 149
133 95
133 40
133 3
133 53
133 39
134 54
134 103
134 53
134 142
134 138
134 46
134 44
134 114
134 89
134 22
134 21
135 14
135 132
135 130
135 139
135 105
135 13
135 88
135 47
135 141
136 10
136 11
136 117
136 58
136 97
136 49
136 39
136 130
136 86
136 23
136 112
136 109
137 55
137 1
137 148
137 83
137 46
138 21
138 9
138 37
138 106
138 36
139 145
139 77
139 14
140 20
140 65
140 124
140 105
141 17
141 79
141 127
141 85
141 66
141 90
141 143
141 103
141 51
142 68
142 78
142 136
143 65
143 58
143 54
143 130
143 5
143 124
143 147
143 15
144 12
144 91
144 26
144 136
145 122
145 42
145 2
145 1
145 138
146 11
146 140
146 45
146 32
147 58
147 49
147 61
147 1
147 76
147 81
147 53
147 47
147 37
147 137
147 139
147 92
147 98
148 38
148 123
148 132
148 135
148 31
148 136
149 41
149 5
149 25
