0 116
0 106
0 65
0 60
1 39
1 46
1 9
1 67
1 3
2 105
2 22
2 79
2 85
2 99
2 38
3 13
3 143
3 123
3 80
3 141
3 19
3 37
3 73
3 26
3 44
3 122
3 69
4 136
4 49
4 43
4 6
4 37
4 65
4 12
5 73
5 36
5 147
5 47
5 136
6 31
6 2
6 5
6 54
6 79
6 45
6 86
6 12
6 126
6 47
7 81
7 9
7 18
7 128
7 92
7 62
7 141
7 144
7 90
8 68
8 101
8 16
8 118
8 56
8 0
8 72
9 112
9 76
9 110
9 60
9 82
9 13
9 43
9 16
10 120
10 147
10 52
10 51
11 56
11 145
11 20
11 15
11 32
11 92
12 149
12 46
12 11
12 77
12 144
12 130
13 21
13 88
13 97
13 121
13 110
14 125
14 6
14 90
14 93
14 145
14 17
14 108
15 28
15 138
15 24
16 129
16 29
16 62
16 39
16 137
16 2
16 110
16 142
17 30
17 121
17 147
17 55
18 48
18 81
18 60
18 79
18 102
18 94
19 92
19 1
19 81
19 15
19 69
19 21
19 61
19 77
19 22
19 11
19 66
19 132
19 80
19 65
19 26
19 48
19 122
20 127
20 130
20 122
21 103
21 0
21 108
21 112
21 134
21 145
21 1
21 23
21 52
21 133
21 3
21 146
22 39
22 121
22 123
22 138
22 80
22 89
22 73
22 131
22 78
22 100
22 72
23 79
23 62
23 4
23 26
23 60
24 35
24 19
24 1
25 46
25 71
25 43
25 23
25 11
25 67
25 129
25 20
25 60
25 50
25 32
25 127
26 3
26 60
26 21
26 103
26 53
26 136
26 105
26 99
26 46
26 45
27 129
27 102
27 130
27 73
27 140
27 65
27 2
27 104
27 4
27 31
27 126
28 98
28 89
28 102
28 17
28 55
28 51
28 24
28 106
28 67
28 95
28 26
29 17
29 7
29 30
29 118
29 53
29 48
29 92
29 13
29 120
30 82
30 7
30 18
30 106
30 36
30 23
30 90
31 76
31 130
31 52
31 15
32 17
32 96
32 31
32 81
32 22
32 82
32 134
32 99
32 56
32 61
32 89
32 10
33 42
33 6
33 17
33 99
33 141
33 121
33 87
33 97
34 139
34 74
34 131
34 114
34 7
34 52
35 24
35 20
35 19
35 37
35 13
35 53
36 115
36 120
36 75
36 135
36 42
36 97
37 38
37 72
37 116
37 43
37 94
37 64
37 99
38 66
38 39
38 44
38 51
38 125
38 73
38 41
38 68
39 93
39 1
39 7
39 57
39 118
39 98
39 140
39 67
40 0
40 145
40 48
40 96
40 20
40 42
40 143
41 49
42 1
42 6
42 57
42 63
42 105
42 100
42 141
43 124
43 142
43 111
43 147
43 22
43 47
43 17
44 123
44 45
44 27
44 75
44 74
44 8
44 90
44 126
44 38
44 47
44 105
45 65
45 56
45 87
45 140
45 51
45 125
45 134
45 106
45 26
45 11
46 71
46 125
46 137
46 140
46 134
46 13
46 124
46 98
47 149
47 64
47 8
47 16
47 101
47 59
47 92
47 133
48 89
48 25
48 126
48 61
48 21
48 132
48 123
48 13
48 12
49 7
49 108
49 37
49 131
49 48
49 116
49 69
49 146
49 123
49 98
49 136
50 115
50 8
50 71
50 83
50 29
51 148
51 12
51 42
51 6
52 68
52 127
53 131
53 15
53 62
53 40
53 52
54 113
54 3
55 17
55 118
55 105
55 82
55 132
55 47
55 44
55 119
55 4
56 101
56 115
56 36
56 92
56 44
56 89
56 2
56 13
56 107
56 145
56 46
57 115
57 116
57 119
57 84
57 51
58 28
58 1
58 46
58 136
58 101
58 48
58 146
58 91
59 78
59 86
59 12
59 58
60 110
60 106
60 29
60 100
60 24
60 105
60 122
61 128
61 92
62 90
62 30
62 96
62 98
62 113
62 44
63 35
63 55
63 108
63 91
63 104
63 114
63 58
63 31
63 12
64 138
64 128
64 97
64 12
64 75
64 95
64 146
65 66
65 126
65 19
65 99
65 4
65 110
65 105
66 149
66 127
66 67
66 54
66 111
66 30
66 96
66 58
66 28
66 35
66 113
67 41
67 138
67 131
68 139
68 119
68 136
68 92
68 45
68 46
68 67
68 100
68 49
68 117
69 147
69 93
69 108
69 60
69 72
70 86
70 100
70 56
70 147
70 43
70 65
70 2
70 126
71 96
71 69
71 73
71 133
71 26
72 79
72 149
72 147
72 133
72 57
72 62
72 36
72 135
72 85
73 81
73 91
73 43
73 42
74 30
74 141
74 71
74 55
74 117
74 96
75 124
75 80
75 6
75 3
76 120
76 58
77 99
77 83
77 9
77 92
77 137
77 7
77 79
78 117
78 63
78 120
78 52
78 20
78 86
79 59
79 4
79 81
79 95
79 38
79 20
79 116
79 8
80 83
80 50
80 143
80 24
80 148
80 26
80 77
81 11
81 144
81 29
81 62
81 35
81 141
81 117
81 23
81 138
81 92
82 145
82 2
82 4
82 140
82 42
82 129
82 88
82 80
82 83
82 131
83 63
83 56
83 90
84 41
84 48
84 26
84 135
84 102
84 56
85 62
85 3
85 81
85 4
85 122
85 32
85 38
85 27
85 102
86 24
86 46
86 120
86 11
86 142
86 53
86 85
86 34
86 40
87 47
87 133
87 62
87 0
87 80
87 45
87 115
87 132
87 9
87 106
87 58
88 81
88 112
88 116
88 63
89 38
89 102
89 39
90 53
90 123
90 25
90 146
91 134
91 7
91 144
91 9
91 47
91 108
91 115
91 8
92 80
92 136
92 35
92 59
92 41
92 7
92 134
93 72
93 136
93 9
93 31
93 124
94 14
94 143
94 136
94 145
94 6
95 47
95 135
95 132
95 129
95 35
95 94
96 56
96 128
96 55
96 3
97 123
97 89
97 92
97 90
97 84
97 72
97 31
98 77
98 44
98 105
98 8
98 124
98 51
98 113
99 122
99 7
99 43
99 72
99 45
99 79
99 24
99 107
100 34
100 72
100 1
100 10
100 149
100 15
101 90
101 132
101 1
101 29
101 54
101 51
101 13
101 2
101 55
102 45
102 89
102 96
102 104
102 29
102 52
103 100
103 85
103 61
103 9
103 10
103 27
104 144
104 50
104 99
104 30
104 46
104 68
104 86
104 27
105 104
105 107
105 83
105 122
105 7
105 40
105 65
105 50
105 121
105 128
105 67
105 133
105 108
105 139
105 58
105 116
106 20
106 32
106 123
106 35
107 65
107 67
107 135
107 68
107 23
107 148
107 38
108 15
108 94
108 110
108 80
108 9
109 31
109 131
109 32
109 11
109 141
109 100
109 18
109 87
110 6
110 119
110 98
110 4
110 9
110 64
111 45
111 28
111 110
111 56
111 9
112 40
112 5
112 3
112 144
113 81
113 141
113 59
113 31
113 49
113 87
114 129
114 131
114 30
114 120
114 27
114 130
114 56
114 16
115 59
115 24
115 31
115 142
115 9
116 38
116 133
116 91
116 118
116 15
116 130
116 6
116 73
116 81
116 49
117 40
117 14
117 13
117 44
117 86
117 68
117 70
118 122
118 67
118 113
118 35
118 120
118 83
118 140
119 138
119 60
119 18
119 146
119 148
119 125
120 93
120 60
120 48
120 61
120 59
120 107
120 11
121 9
121 4
121 15
121 119
121 39
121 96
122 61
122 49
122 121
122 69
122 60
122 59
122 25
123 18
123 80
123 76
123 24
123 65
124 103
124 14
124 13
124 48
125 91
125 123
125 34
125 84
125 79
125 148
125 95
125 100
126 19
126 148
126 13
126 22
126 48
126 103
126 59
127 110
127 67
127 15
127 86
127 8
127 75
127 70
128 69
128 10
128 106
129 11
129 22
129 14
129 9
129 94
130 110
130 117
130 64
130 44
130 71
130 53
130 75
130 89
130 124
131 111
131 109
131 52
131 146
131 84
131 51
131 115
131 97
131 128
131 101
131 34
131 43
131 36
131 133
131 138
132 8
132 20
132 61
132 94
132 59
132 48
132 1
132 13
133 145
133 82
133 64
133 60
133 106
133 34
134 114
134 8
134 11
134 122
134 78
134 44
134 24
134 83
134 141
134 71
134 85
134 39
134 12
134 37
134 94
135 97
135 145
135 116
136 33
136 117
136 31
136 43
136 24
136 46
136 133
136 115
137 58
137 44
137 63
137 39
137 102
137 134
138 103
138 34
138 10
138 67
138 77
138 32
138 25
138 16
138 146
138 137
139 73
139 102
139 15
139 114
139 96
140 102
140 67
140 110
140 107
140 99
140 65
140 35
141 11
141 77
141 149
141 18
141 93
141 113
142 45
142 16
143 106
143 19
143 60
143 25
143 76
143 42
144 50
144 98
144 18
144 85
144 17
144 105
145 9
145 3
145 32
145 130
145 100
145 141
145 105
145 120
146 96
146 12
146 72
146 86
146 113
146 57
147 18
147 56
147 30
147 68
147 127
147 133
147 5
147 53
148 59
148 40
148 29
148 77
148 31
148 25
148 55
148 74
148 90
148 113
149 86
149 64
149 41
149 8
149 101
149 140
149 137
149 57
