0 137
0 139
0 58
0 118
0 89
0 80
0 127
0 108
0 17
0 62
0 11
1 134
1 111
1 2
1 123
1 92
1 129
1 138
1 6
1 60
2 39
2 130
2 80
2 38
2 52
2 17
3 105
3 41
3 33
3 83
3 93
3 114
3 46
3 126
3 107
3 11
4 114
4 108
4 104
4 38
4 1
5 117
5 70
5 39
5 14
5 147
5 93
5 32
5 13
5 46
5 7
6 28
6 133
6 46
6 4
6 52
7 113
7 30
7 106
7 112
7 43
7 66
7 128
7 56
7 142
7 46
7 143
8 149
8 114
8 31
8 128
8 135
8 106
8 9
9 72
9 3
9 135
9 127
9 52
9 109
9 63
9 51
10 141
10 46
10 130
10 65
10 26
10 61
10 43
10 40
10 110
10 23
10 50
10 82
11 103
11 40
11 17
11 149
11 79
11 126
11 137
11 68
11 100
11 102
11 116
11 97
11 130
11 105
11 123
12 135
12 108
12 119
12 95
12 130
12 42
12 81
13 148
13 84
13 96
13 74
13 138
13 70
13 39
13 98
13 99
13 90
14 30
14 111
14 94
14 0
14 60
14 86
14 118
15 143
15 112
15 93
15 107
15 55
15 134
15 4
15 128
15 138
15 30
15 64
16 50
16 90
16 22
16 46
16 99
16 18
16 69
16 75
17 84
17 39
17 116
17 103
17 74
17 123
17 52
17 124
18 97
18 41
18 134
18 74
18 6
18 27
18 75
18 32
18 30
19 57
19 50
19 96
19 6
19 99
19 28
20 103
20 61
20 74
20 59
20 84
20 76
21 74
21 78
21 140
21 117
21 135
21 14
21 27
21 73
21 48
21 113
21 118
21 88
22 71
22 116
22 120
22 13
22 77
22 147
22 5
22 126
23 118
23 32
23 29
23 135
23 30
23 94
23 112
23 145
23 134
23 69
23 20
24 80
24 147
24 93
24 116
24 117
24 103
24 63
24 137
24 98
24 4
25 65
25 12
25 100
25 95
25 128
25 126
25 93
25 13
25 21
25 29
25 47
25 42
25 80
25 89
25 140
25 68
26 120
26 146
26 137
26 87
26 30
26 62
26 55
26 135
26 125
26 53
26 101
26 130
26 107
27 9
27 51
27 32
27 60
27 115
27 142
27 87
27 26
27 80
27 20
27 44
27 144
28 87
28 27
28 85
28 67
28 25
28 20
28 60
28 136
28 2
28 79
29 48
29 32
29 88
29 47
29 83
29 93
29 1
29 10
29 72
29 60
29 115
29 81
29 132
30 103
30 91
30 87
30 53
30 21
30 118
30 58
30 51
30 117
30 146
31 28
31 149
31 79
31 128
31 123
31 4
31 76
31 85
32 107
32 148
32 63
32 89
32 111
32 61
32 115
32 76
32 81
32 125
33 16
33 71
33 59
33 32
33 119
33 138
33 120
33 111
34 140
34 97
34 145
34 132
34 130
34 55
34 84
34 63
35 59
35 80
35 91
35 98
35 87
35 23
35 51
35 83
35 107
36 69
36 141
36 137
36 85
36 31
36 35
36 75
36 13
36 30
36 113
36 127
36 41
37 111
37 45
37 76
37 51
37 87
37 7
37 88
37 109
37 107
37 143
37 12
37 90
37 149
38 49
38 100
38 93
38 146
38 98
38 30
38 101
38 92
38 24
39 66
39 88
39 74
39 2
39 141
39 70
39 45
39 142
39 20
40 135
40 35
40 12
40 10
40 89
40 142
40 99
40 86
40 80
40 72
40 16
41 136
41 126
41 48
41 146
41 45
41 129
41 143
41 142
41 92
41 49
41 113
42 70
42 2
42 53
43 4
43 125
43 70
43 62
43 40
43 84
43 56
43 108
44 14
44 67
44 118
44 22
44 38
44 29
44 90
44 41
44 85
44 26
44 10
45 146
45 104
45 85
45 8
45 125
45 73
45 44
45 60
45 21
45 101
45 139
45 87
46 109
46 57
46 139
46 96
46 108
46 70
46 147
46 18
46 13
46 91
46 62
46 127
46 2
46 122
46 0
46 87
46 16
46 125
46 101
47 42
47 146
47 116
47 132
47 67
47 66
47 9
47 101
48 87
48 140
48 14
48 3
48 73
48 11
48 114
48 127
49 9
49 29
49 20
49 106
49 54
49 116
49 53
49 101
49 100
49 37
49 30
49 119
49 127
49 8
50 18
50 137
50 117
50 43
50 147
50 19
50 114
50 142
50 45
50 85
51 35
51 29
51 142
51 101
51 134
52 89
52 70
52 112
52 42
52 18
52 119
52 81
52 15
52 135
52 109
52 99
52 49
52 110
52 134
52 147
53 87
53 10
53 138
53 80
53 102
53 63
53 148
53 122
53 142
53 56
53 132
54 73
54 93
54 57
54 121
54 35
54 91
55 4
55 122
55 141
55 89
55 9
56 77
56 7
56 61
56 142
56 30
56 16
56 39
56 12
56 28
56 26
56 34
56 73
56 130
56 90
57 43
57 131
57 96
57 60
57 101
57 22
58 46
58 11
58 18
58 61
58 99
58 54
58 120
58 96
59 29
59 141
59 82
59 2
59 80
59 112
59 139
59 109
60 71
60 46
60 35
60 132
60 80
60 99
60 90
60 93
60 20
60 66
61 13
61 131
61 65
61 28
61 3
61 29
61 33
61 84
61 144
61 97
61 111
61 69
62 50
62 99
62 123
62 19
62 121
62 136
62 102
62 122
62 113
62 96
62 47
63 50
63 92
63 41
63 127
63 31
63 57
63 5
63 97
63 2
64 63
64 14
64 52
64 42
64 8
64 82
64 147
64 26
64 91
64 73
64 96
64 123
64 122
64 37
65 110
65 146
65 45
65 108
65 135
65 133
65 3
65 106
66 30
66 125
66 20
66 149
66 70
66 59
66 131
66 143
66 109
67 61
67 125
67 100
67 42
67 30
67 60
67 56
67 13
67 65
67 14
67 94
68 6
68 104
68 7
68 141
68 23
68 125
68 106
68 28
68 92
69 52
69 35
69 49
69 60
69 39
69 98
70 98
70 58
70 114
70 72
70 106
70 136
71 100
71 103
71 8
71 19
71 53
71 88
71 111
71 87
71 32
71 147
72 24
72 33
72 123
72 35
72 65
72 88
72 59
72 18
72 99
72 131
72 107
72 57
72 101
73 120
73 26
73 134
73 135
73 13
73 77
73 148
73 118
73 0
74 24
74 26
74 52
74 46
74 127
74 51
74 15
75 87
75 30
75 29
75 99
75 18
75 2
75 129
75 107
75 142
76 4
76 115
76 7
76 58
76 23
76 48
76 27
76 62
76 9
76 6
76 127
76 13
76 2
76 96
76 63
76 118
76 45
76 122
77 121
77 102
77 68
77 18
77 86
77 19
77 140
77 70
78 108
78 32
78 115
78 2
78 42
78 84
78 109
78 36
78 52
78 18
78 144
79 4
79 103
79 21
79 127
79 29
79 82
79 146
79 149
79 67
79 60
79 38
80 30
80 9
80 97
80 77
80 37
80 52
80 13
80 33
81 103
81 97
81 132
81 147
81 66
81 14
81 110
81 6
81 60
82 0
82 37
82 90
82 75
82 125
82 144
82 2
82 76
82 32
82 146
82 9
83 87
83 32
83 64
83 127
83 6
83 91
83 101
83 133
84 35
84 1
84 121
84 12
84 115
84 7
84 22
84 72
84 92
84 134
84 132
84 146
84 78
84 37
84 128
84 69
84 67
84 147
84 125
85 64
85 137
85 125
85 29
85 30
85 77
85 126
85 52
85 131
86 148
86 102
86 59
86 137
86 0
86 101
86 125
86 118
86 79
86 77
86 34
86 127
87 119
87 85
87 10
87 77
87 64
87 38
87 43
88 98
88 101
88 146
88 94
88 105
88 139
88 26
88 119
88 117
88 50
88 79
88 100
89 65
89 45
89 85
89 68
89 36
89 116
89 105
89 41
89 3
90 101
90 96
90 76
90 18
90 116
90 89
90 134
90 19
90 112
90 147
91 87
91 19
91 84
91 127
91 144
91 48
92 3
92 18
92 62
92 51
92 98
92 64
92 55
92 4
92 110
92 141
93 137
93 112
93 126
93 42
93 2
93 17
93 71
93 21
93 59
93 7
93 96
94 73
94 21
94 12
94 129
94 78
94 93
94 59
94 1
94 70
94 25
94 44
94 87
94 79
94 99
95 49
95 74
95 8
95 68
95 98
95 22
95 20
95 146
95 138
95 24
95 102
95 32
95 111
95 79
95 135
95 65
95 62
95 30
96 48
96 41
96 97
96 132
96 83
96 116
96 131
96 110
96 121
96 5
96 130
96 26
97 87
97 19
97 77
97 84
97 100
97 113
97 28
98 126
98 57
98 47
98 94
98 44
98 4
98 100
98 121
99 92
99 44
99 4
99 111
99 46
99 55
100 30
100 132
100 103
100 37
100 148
100 111
100 41
100 107
100 34
100 14
101 44
101 42
101 132
101 85
101 122
101 146
101 145
101 103
101 10
101 88
102 97
102 107
102 145
102 5
102 25
102 101
102 84
102 140
102 0
103 127
103 133
103 116
103 19
103 12
103 99
103 130
103 35
103 101
103 70
103 75
103 122
103 147
104 11
104 122
105 14
105 83
105 120
105 114
105 101
105 44
105 143
105 10
106 146
106 70
106 50
106 117
106 27
106 72
106 59
106 53
106 84
107 53
107 47
107 98
107 142
107 11
108 89
108 38
108 142
108 133
108 54
108 132
108 82
108 59
109 90
109 131
109 46
109 137
109 149
109 146
109 19
110 48
110 63
110 93
110 55
110 53
110 0
110 14
110 60
110 29
111 132
111 146
111 38
111 88
111 7
111 59
111 119
111 92
111 10
111 108
111 135
111 130
112 130
112 78
112 90
112 74
112 1
112 95
112 71
112 149
112 22
112 59
112 58
112 113
112 110
112 37
112 72
113 73
113 110
113 115
113 147
113 148
113 92
113 26
113 8
114 39
114 136
114 104
114 83
114 137
114 110
114 38
114 53
114 134
114 97
114 41
114 18
114 51
115 125
115 84
115 65
115 113
116 43
116 71
116 141
116 13
116 17
116 140
116 9
116 83
116 12
116 94
116 119
117 5
117 148
117 25
117 135
117 44
117 134
117 65
117 89
118 27
118 93
118 1
118 101
118 65
118 60
118 35
118 24
118 32
118 9
118 119
118 138
118 61
118 96
119 128
119 4
119 111
119 18
119 78
119 92
119 126
119 133
120 121
120 62
120 8
120 93
120 149
120 115
120 29
120 19
120 110
120 42
121 73
121 106
121 15
121 86
121 22
121 2
121 148
121 30
121 104
121 9
121 51
122 63
122 130
122 117
123 99
123 91
123 8
123 75
123 23
123 38
123 42
123 17
123 74
123 128
123 32
123 134
123 44
123 49
124 16
124 149
124 143
124 130
124 27
124 74
124 142
124 132
124 139
124 103
124 93
124 141
124 42
124 21
124 50
125 18
125 37
125 81
125 84
125 42
125 75
125 5
126 62
126 57
126 114
126 97
126 63
126 59
126 17
126 149
126 115
126 39
127 137
127 45
127 63
127 98
127 60
127 90
127 117
127 20
127 112
127 144
127 22
128 17
128 79
128 61
128 149
128 31
128 96
128 30
128 81
128 138
129 58
129 45
129 13
129 7
129 101
129 105
129 30
129 128
129 49
130 58
130 92
130 60
130 95
130 29
130 43
130 122
130 137
130 57
130 35
130 86
130 25
130 111
130 18
131 118
131 71
131 90
131 70
131 2
131 33
131 38
131 91
131 86
132 32
132 98
132 133
132 75
132 7
132 19
133 128
133 115
133 63
133 5
133 4
133 138
134 87
134 1
134 16
134 118
134 135
134 83
134 5
134 92
134 129
135 6
135 58
135 64
135 138
135 92
135 29
135 44
135 26
135 16
136 42
136 84
136 31
136 44
136 55
136 107
136 138
136 114
136 142
137 1
137 112
137 140
137 19
137 116
137 51
137 120
138 147
138 123
138 62
138 141
138 40
138 115
139 11
139 126
139 54
139 18
139 115
139 104
139 21
140 35
140 83
140 5
140 85
140 127
140 76
140 39
140 49
141 102
141 79
141 56
141 75
141 13
141 82
141 69
141 142
141 112
141 133
141 52
141 122
142 9
142 101
142 89
142 24
142 123
142 8
142 81
142 65
142 46
143 14
143 103
143 69
144 56
144 130
144 134
144 27
144 46
144 139
144 126
144 75
145 43
145 13
145 80
145 121
145 111
145 122
145 52
145 128
145 28
145 93
145 104
145 99
145 3
146 2
146 136
146 119
146 25
146 92
146 142
146 85
146 139
146 17
147 79
147 101
147 148
147 111
147 125
147 67
147 114
147 6
148 128
148 30
148 116
148 100
148 92
148 127
149 58
149 31
149 33
149 44
149 127
149 3
149 108
149 30
149 35
