0 91
0 112
0 141
0 48
0 47
0 53
1 82
1 30
1 76
1 118
1 25
1 9
2 109
2 29
2 0
2 91
2 135
2 98
2 99
3 91
3 1
3 41
3 127
3 141
3 136
3 89
3 134
3 55
3 50
4 12
4 102
4 96
4 117
4 22
4 93
5 94
5 4
5 104
5 112
5 1
5 134
5 144
5 47
5 131
5 35
5 50
6 118
6 65
6 40
6 75
6 53
6 13
7 53
7 133
7 98
8 102
8 63
8 68
8 117
8 137
9 24
9 88
9 122
9 83
9 47
9 71
9 16
9 102
9 48
10 124
10 84
10 132
10 67
11 110
11 80
11 34
11 27
11 90
11 32
11 144
12 126
12 110
12 14
12 125
12 138
12 118
12 142
12 96
13 25
13 36
13 9
13 77
13 27
13 71
13 58
13 139
13 104
13 124
13 52
13 100
14 113
14 98
14 0
14 56
14 107
14 11
14 90
14 103
14 70
15 3
15 30
15 13
15 138
15 112
15 44
16 140
16 32
16 43
16 48
17 18
17 56
17 121
17 137
17 134
17 23
18 96
18 58
18 110
18 53
18 28
18 4
18 93
18 13
18 105
19 146
19 37
19 123
19 82
19 89
19 128
19 80
19 129
20 105
20 56
20 133
20 90
20 41
20 104
20 139
20 69
21 119
21 28
21 101
21 82
21 81
22 129
22 135
22 82
22 110
22 145
23 111
23 21
23 116
24 75
24 22
24 136
24 63
24 31
24 87
24 143
25 10
25 149
25 34
25 121
26 31
26 79
26 99
26 66
26 76
26 72
26 87
26 123
26 142
26 65
27 87
27 17
27 56
27 8
27 91
27 147
27 136
28 61
28 22
28 17
28 84
28 2
28 102
28 44
28 27
28 56
28 73
29 14
29 89
29 43
29 110
29 130
29 72
29 66
29 145
30 59
30 5
30 141
30 140
30 137
30 129
30 113
30 27
31 83
31 129
31 136
31 111
31 106
31 138
31 107
32 48
32 148
32 8
32 108
32 50
32 132
33 130
33 137
33 28
33 63
33 48
33 106
33 112
33 61
33 29
33 7
33 80
33 136
33 120
33 30
34 135
34 106
34 110
35 62
35 116
35 113
35 57
35 56
35 134
35 127
35 109
35 1
36 56
36 137
36 22
36 104
36 9
36 30
36 140
37 130
37 149
37 30
37 36
37 13
37 138
37 129
37 103
38 88
38 70
38 33
38 46
38 19
38 31
38 147
38 59
38 126
39 29
39 137
39 84
39 85
39 77
39 27
39 12
39 86
39 21
39 89
40 62
40 89
40 132
40 95
40 147
40 139
41 90
41 116
41 27
41 23
41 143
41 99
41 2
42 77
42 35
42 72
42 64
42 38
42 125
42 84
42 130
42 100
42 14
42 145
43 8
43 138
43 72
43 92
43 79
43 65
43 11
43 76
44 108
44 70
44 18
44 32
44 117
44 67
44 93
44 25
45 35
45 85
45 16
45 29
45 121
45 42
45 15
45 133
45 51
45 56
46 121
46 130
46 106
46 58
46 14
47 8
47 29
47 94
47 39
47 104
47 102
47 35
47 79
48 7
48 26
48 38
48 91
48 32
48 71
48 122
49 135
49 11
49 45
49 121
49 149
49 57
49 37
49 40
49 14
50 6
50 129
50 51
50 87
50 17
50 114
50 145
50 101
50 54
51 134
51 26
51 48
51 82
51 101
51 64
51 84
51 105
51 93
51 22
51 68
51 54
52 13
52 115
52 39
53 105
53 21
53 139
53 142
53 100
53 114
53 14
53 60
53 124
53 112
53 87
53 77
54 64
54 125
54 18
54 57
54 84
54 31
54 23
55 16
55 83
55 74
55 69
55 8
56 104
56 6
56 50
56 85
56 109
56 97
56 99
56 122
56 116
56 60
57 85
57 39
57 13
57 14
57 22
58 23
58 50
58 142
58 114
58 13
58 149
58 116
58 78
58 40
59 130
59 95
59 93
59 8
59 33
59 105
59 81
59 124
60 103
60 22
60 37
60 99
60 30
60 116
60 72
60 26
60 120
61 38
61 63
61 78
61 65
61 64
61 143
61 93
61 55
61 106
61 33
61 146
62 84
62 64
62 57
62 33
62 69
62 26
63 94
63 102
63 8
64 28
64 35
64 113
64 119
64 133
64 132
64 58
65 130
65 144
65 49
65 47
65 87
65 139
65 55
65 138
65 31
66 79
66 18
66 83
67 42
67 5
67 59
68 17
68 38
68 45
68 141
69 28
69 109
69 57
69 119
69 95
69 124
69 0
69 117
70 18
70 108
70 98
70 48
70 85
70 75
70 17
71 141
71 44
71 127
71 130
71 116
71 90
72 52
72 5
72 108
72 110
72 13
72 134
72 109
72 48
72 135
72 105
72 75
72 42
72 119
72 32
72 86
73 115
73 141
73 45
74 115
74 62
74 75
74 67
74 49
75 77
75 148
75 137
75 145
75 64
76 80
76 136
76 70
76 90
76 130
76 64
76 31
76 57
77 90
77 1
77 73
77 60
77 26
78 42
78 9
78 82
78 48
78 121
78 51
78 93
78 3
79 9
79 73
79 85
80 145
80 32
80 61
80 7
81 121
81 66
81 147
81 27
81 47
81 126
82 52
82 106
82 33
82 92
82 121
82 114
82 4
83 2
83 0
83 17
83 136
83 47
84 105
84 69
84 26
84 53
84 76
84 43
84 38
84 92
84 73
84 87
84 36
85 68
85 42
85 80
85 48
85 114
86 35
86 137
86 94
86 106
86 145
86 125
86 90
86 61
86 67
86 127
87 149
87 6
87 28
87 130
87 135
87 63
88 14
88 41
88 5
88 112
88 110
88 86
88 63
88 131
89 137
89 33
89 38
89 13
89 42
89 85
89 14
90 89
90 102
90 107
91 9
91 60
91 100
91 32
91 126
91 13
91 106
91 4
91 66
92 94
92 44
92 131
92 40
92 81
92 117
93 64
93 63
93 127
93 10
93 109
94 120
94 22
94 71
94 70
94 124
94 88
94 108
94 77
94 144
95 39
95 133
95 46
95 94
96 19
96 5
96 28
96 123
96 104
96 121
96 26
97 82
97 98
97 9
98 114
98 124
98 56
99 123
99 83
99 70
100 14
100 8
100 19
101 93
101 27
101 81
101 71
101 64
101 0
102 20
102 57
102 105
103 55
103 22
103 123
103 1
103 133
103 134
103 137
104 71
104 113
104 92
104 81
104 98
104 144
104 135
104 63
105 45
105 18
105 87
105 99
105 117
105 137
105 50
105 64
106 86
106 93
106 70
106 35
106 85
106 147
106 50
106 61
106 141
106 27
107 48
107 115
108 135
108 147
108 29
108 17
108 85
108 128
109 139
109 104
109 29
109 146
109 22
109 84
109 71
110 8
110 102
110 15
110 82
111 32
111 75
111 138
111 133
111 21
111 80
111 50
112 125
112 66
112 24
112 23
112 140
112 37
112 147
113 83
113 108
113 136
113 38
113 28
113 129
113 39
113 22
114 133
114 26
114 147
114 80
114 142
114 4
114 140
114 98
114 110
115 17
115 116
115 96
115 37
115 58
115 68
115 104
115 75
115 118
115 72
116 108
116 76
117 100
117 82
117 43
117 75
118 55
118 15
118 121
118 83
119 45
119 0
119 37
119 139
119 62
119 27
120 1
120 112
120 61
120 45
120 12
121 138
121 50
121 35
121 34
121 11
121 83
121 3
122 15
122 48
122 148
122 127
122 22
122 0
122 100
122 104
122 114
123 40
123 50
123 91
123 38
123 24
123 121
124 62
124 33
124 63
124 112
124 18
125 44
125 105
125 29
125 56
125 149
125 1
125 120
125 7
126 129
126 0
126 110
126 24
126 27
126 130
126 57
126 23
127 145
128 25
128 15
128 8
128 70
128 124
128 6
128 141
128 17
128 85
129 137
129 117
129 132
129 118
129 100
130 34
130 91
130 138
130 124
130 108
130 70
130 14
131 94
131 11
131 0
131 50
131 17
131 97
131 135
131 15
132 121
132 88
132 75
132 7
132 66
132 128
133 76
133 50
133 5
133 63
133 30
133 135
133 41
133 61
133 77
134 36
134 149
134 115
134 63
134 30
134 55
134 14
134 143
134 112
134 1
134 120
134 3
134 88
135 91
135 130
135 42
135 106
135 144
135 35
135 77
136 0
136 132
136 40
136 87
136 73
137 19
137 65
137 58
137 145
137 122
137 12
138 66
138 90
138 61
138 68
138 5
138 135
138 9
138 34
139 1
139 17
139 102
139 2
140 126
140 24
140 146
140 97
140 99
140 87
140 53
140 82
141 113
141 86
141 1
141 127
141 147
141 121
141 8
141 68
141 72
142 79
142 81
142 132
142 92
142 40
143 106
143 91
143 109
143 33
143 70
143 63
143 121
144 112
144 107
144 82
144 33
144 85
144 73
145 4
145 135
145 84
145 121
145 76
145 144
145 65
145 83
145 91
146 18
146 97
146 98
146 52
146 81
146 123
146 1
147 43
147 69
147 149
148 112
148 121
149 81
149 47
149 80
149 118
149 1
149 55
149 128
149 18
149 120
149 14
