0 139
0 118
0 80
0 108
1 111
1 123
1 129
1 6
1 60
6 28
9 135
9 51
15 143
15 112
15 93
15 30
15 64
19 6
19 28
21 140
21 135
21 27
21 73
21 48
21 118
21 88
22 120
22 147
24 80
24 147
24 93
24 103
24 98
25 95
25 93
25 21
25 42
25 80
25 140
27 9
27 51
27 60
27 115
27 142
27 80
27 44
28 27
28 67
28 25
28 60
28 79
30 103
30 91
30 21
30 118
30 51
33 120
33 111
34 140
34 84
35 80
35 91
35 98
35 51
35 83
36 69
36 35
36 75
36 30
36 41
37 111
37 76
37 51
37 88
37 143
39 66
39 88
39 70
39 142
40 135
40 35
40 142
40 86
40 80
41 48
41 129
41 143
41 142
42 70
43 125
43 70
43 40
43 84
43 108
44 67
44 118
44 22
44 41
48 140
48 73
51 35
51 142
51 101
60 35
60 80
60 93
60 66
64 42
64 147
64 91
64 73
64 123
64 122
64 37
66 30
66 125
66 70
66 143
67 125
67 42
67 30
67 60
69 35
69 60
69 39
69 98
70 98
70 106
73 120
73 135
73 118
73 0
75 30
75 129
75 142
76 115
76 48
76 27
76 9
76 6
76 118
76 122
79 103
79 21
79 67
79 60
80 30
80 9
80 37
80 33
81 103
81 147
81 66
81 110
81 6
81 60
83 64
83 6
83 91
83 101
84 35
84 1
84 121
84 115
84 22
84 37
84 69
84 67
84 147
84 125
86 102
86 0
86 101
86 125
86 118
86 79
86 34
88 98
88 101
88 139
88 79
91 19
91 84
91 48
93 112
93 42
93 21
95 98
95 22
95 24
95 102
95 111
95 79
95 135
95 30
98 44
98 121
101 44
101 42
101 122
101 103
101 88
102 25
102 101
102 84
102 140
102 0
103 19
103 35
103 101
103 70
103 75
103 122
103 147
104 122
106 70
106 27
106 84
108 142
110 48
110 93
110 0
110 60
111 88
111 108
111 135
112 1
112 95
112 22
112 110
112 37
115 125
115 84
118 27
118 93
118 1
118 101
118 60
118 35
118 24
118 9
120 121
120 93
120 115
120 19
120 110
120 42
121 73
121 106
121 15
121 86
121 22
121 30
121 104
121 9
121 51
123 91
123 75
123 42
123 44
124 143
124 27
124 142
124 139
124 103
124 93
124 42
124 21
125 37
125 81
125 84
125 42
125 75
129 101
129 30
135 6
135 64
135 44
139 115
139 104
139 21
140 35
140 83
140 76
140 39
142 9
142 101
142 24
142 123
142 81
143 103
143 69
147 79
147 101
147 111
147 125
147 67
147 6
