0 2 1.0
0 11 1.0
0 17 1.0
0 50 1.0
0 84 1.0
1 25 1.0
1 44 1.0
1 60 1.0
1 107 1.0
1 120 1.0
1 129 1.0
1 135 1.0
2 9 1.0
2 27 1.0
2 82 1.0
2 149 1.0
3 23 1.0
3 25 1.0
3 34 1.0
3 45 1.0
3 57 1.0
3 68 1.0
3 73 1.0
3 95 1.0
3 103 1.0
4 48 1.0
4 60 1.0
4 62 1.0
4 89 1.0
4 103 1.0
4 104 1.0
4 123 1.0
4 128 1.0
4 131 1.0
4 143 1.0
5 15 1.0
5 45 1.0
5 90 1.0
5 118 1.0
6 7 1.0
6 23 1.0
6 86 1.0
6 97 1.0
6 124 1.0
6 140 1.0
7 22 1.0
7 40 1.0
7 109 1.0
7 116 1.0
7 119 1.0
8 39 1.0
8 50 1.0
8 63 1.0
8 132 1.0
8 134 1.0
8 147 1.0
9 0 1.0
9 4 1.0
9 7 1.0
9 22 1.0
9 50 1.0
9 58 1.0
9 101 1.0
9 106 1.0
9 107 1.0
9 143 1.0
10 13 1.0
10 25 1.0
10 39 1.0
10 120 1.0
10 130 1.0
11 28 1.0
11 65 1.0
11 80 1.0
11 98 1.0
11 104 1.0
11 124 1.0
11 136 1.0
12 29 1.0
12 34 1.0
12 38 1.0
12 70 1.0
12 83 1.0
12 95 1.0
12 97 1.0
12 124 1.0
13 9 1.0
13 11 1.0
13 49 1.0
13 57 1.0
13 75 1.0
13 83 1.0
13 89 1.0
14 0 1.0
14 5 1.0
14 7 1.0
14 22 1.0
14 65 1.0
14 74 1.0
14 85 1.0
14 101 1.0
14 106 1.0
15 52 1.0
16 7 1.0
16 22 1.0
16 29 1.0
16 39 1.0
16 46 1.0
16 47 1.0
16 91 1.0
16 100 1.0
16 129 1.0
16 131 1.0
16 148 1.0
17 18 1.0
17 19 1.0
17 23 1.0
17 39 1.0
17 44 1.0
17 122 1.0
18 24 1.0
18 67 1.0
18 81 1.0
18 121 1.0
18 137 1.0
19 72 1.0
19 96 1.0
19 118 1.0
19 122 1.0
20 17 1.0
20 46 1.0
20 76 1.0
20 84 1.0
20 104 1.0
20 131 1.0
21 2 1.0
21 10 1.0
21 13 1.0
21 14 1.0
21 121 1.0
21 123 1.0
22 26 1.0
22 49 1.0
22 58 1.0
22 79 1.0
22 86 1.0
22 104 1.0
22 107 1.0
23 30 1.0
23 47 1.0
23 52 1.0
23 53 1.0
23 54 1.0
23 65 1.0
23 89 1.0
23 99 1.0
23 116 1.0
23 121 1.0
24 62 1.0
24 75 1.0
24 88 1.0
24 94 1.0
24 109 1.0
24 116 1.0
25 14 1.0
25 36 1.0
25 104 1.0
25 114 1.0
26 4 1.0
26 89 1.0
26 109 1.0
26 142 1.0
27 1 1.0
27 35 1.0
27 41 1.0
27 64 1.0
27 84 1.0
27 89 1.0
27 101 1.0
27 117 1.0
28 42 1.0
28 46 1.0
28 78 1.0
28 112 1.0
29 47 1.0
29 50 1.0
29 73 1.0
29 106 1.0
29 116 1.0
30 66 1.0
30 67 1.0
30 108 1.0
30 115 1.0
30 118 1.0
30 140 1.0
31 7 1.0
31 15 1.0
31 20 1.0
31 37 1.0
31 38 1.0
31 98 1.0
31 119 1.0
31 123 1.0
31 129 1.0
32 4 1.0
32 42 1.0
32 109 1.0
33 26 1.0
33 43 1.0
33 78 1.0
33 101 1.0
33 133 1.0
34 20 1.0
34 22 1.0
34 26 1.0
34 71 1.0
34 83 1.0
34 89 1.0
34 104 1.0
34 120 1.0
35 16 1.0
35 24 1.0
35 27 1.0
35 54 1.0
35 76 1.0
35 96 1.0
35 110 1.0
35 115 1.0
36 39 1.0
36 44 1.0
36 111 1.0
37 3 1.0
37 40 1.0
37 93 1.0
37 122 1.0
37 128 1.0
37 133 1.0
38 74 1.0
38 85 1.0
39 3 1.0
39 43 1.0
39 54 1.0
39 68 1.0
39 108 1.0
39 113 1.0
40 74 1.0
40 77 1.0
40 88 1.0
40 117 1.0
40 118 1.0
40 134 1.0
40 149 1.0
41 11 1.0
41 18 1.0
41 24 1.0
41 35 1.0
41 67 1.0
41 91 1.0
42 1 1.0
42 5 1.0
42 53 1.0
42 89 1.0
42 92 1.0
42 101 1.0
42 136 1.0
42 137 1.0
43 6 1.0
43 40 1.0
43 52 1.0
43 55 1.0
43 68 1.0
43 75 1.0
43 93 1.0
43 118 1.0
44 31 1.0
44 86 1.0
44 105 1.0
44 111 1.0
44 112 1.0
44 118 1.0
45 24 1.0
45 41 1.0
45 94 1.0
45 104 1.0
45 117 1.0
45 118 1.0
46 1 1.0
46 10 1.0
46 37 1.0
46 55 1.0
46 78 1.0
46 80 1.0
46 111 1.0
46 124 1.0
46 127 1.0
47 73 1.0
47 74 1.0
47 123 1.0
47 124 1.0
47 145 1.0
48 21 1.0
48 47 1.0
48 108 1.0
49 10 1.0
49 25 1.0
49 58 1.0
49 61 1.0
49 75 1.0
49 78 1.0
49 101 1.0
50 2 1.0
50 14 1.0
50 41 1.0
50 45 1.0
50 48 1.0
50 72 1.0
51 0 1.0
51 30 1.0
51 39 1.0
51 40 1.0
51 61 1.0
51 67 1.0
51 81 1.0
52 13 1.0
52 61 1.0
52 78 1.0
52 80 1.0
52 110 1.0
52 147 1.0
53 0 1.0
53 8 1.0
53 10 1.0
53 16 1.0
53 24 1.0
53 39 1.0
53 41 1.0
53 42 1.0
53 60 1.0
53 61 1.0
53 97 1.0
53 126 1.0
53 137 1.0
54 7 1.0
54 26 1.0
54 34 1.0
54 88 1.0
54 91 1.0
54 106 1.0
55 26 1.0
55 32 1.0
55 46 1.0
55 81 1.0
55 110 1.0
55 126 1.0
56 23 1.0
56 26 1.0
56 63 1.0
56 86 1.0
56 96 1.0
56 97 1.0
56 116 1.0
56 137 1.0
57 2 1.0
57 20 1.0
57 26 1.0
57 34 1.0
57 47 1.0
57 65 1.0
57 69 1.0
57 114 1.0
57 120 1.0
58 4 1.0
58 14 1.0
58 17 1.0
58 19 1.0
58 41 1.0
58 55 1.0
58 64 1.0
58 69 1.0
58 70 1.0
58 104 1.0
58 107 1.0
58 118 1.0
58 120 1.0
59 38 1.0
59 44 1.0
59 53 1.0
59 60 1.0
59 72 1.0
59 77 1.0
59 85 1.0
59 95 1.0
59 119 1.0
59 124 1.0
60 0 1.0
60 31 1.0
60 36 1.0
60 84 1.0
60 95 1.0
60 102 1.0
60 116 1.0
60 120 1.0
61 3 1.0
61 12 1.0
61 99 1.0
61 125 1.0
62 12 1.0
62 34 1.0
62 44 1.0
62 74 1.0
62 88 1.0
62 110 1.0
62 119 1.0
63 41 1.0
63 45 1.0
63 67 1.0
63 73 1.0
63 102 1.0
63 115 1.0
63 118 1.0
63 144 1.0
64 11 1.0
64 22 1.0
64 38 1.0
64 63 1.0
64 84 1.0
64 95 1.0
64 116 1.0
65 45 1.0
65 47 1.0
65 48 1.0
65 85 1.0
65 146 1.0
66 5 1.0
66 40 1.0
66 47 1.0
66 61 1.0
66 83 1.0
66 95 1.0
66 120 1.0
66 137 1.0
67 25 1.0
67 32 1.0
67 35 1.0
67 97 1.0
67 101 1.0
67 122 1.0
68 9 1.0
68 14 1.0
68 23 1.0
68 39 1.0
68 102 1.0
68 117 1.0
68 120 1.0
68 137 1.0
69 9 1.0
69 58 1.0
69 76 1.0
69 90 1.0
69 97 1.0
70 51 1.0
70 60 1.0
70 91 1.0
70 96 1.0
70 111 1.0
70 112 1.0
70 118 1.0
70 126 1.0
70 141 1.0
71 12 1.0
71 56 1.0
71 61 1.0
71 63 1.0
71 72 1.0
71 77 1.0
71 88 1.0
71 94 1.0
71 104 1.0
71 110 1.0
72 17 1.0
72 29 1.0
72 38 1.0
72 110 1.0
73 15 1.0
73 26 1.0
73 28 1.0
73 99 1.0
73 128 1.0
74 5 1.0
74 10 1.0
74 67 1.0
74 73 1.0
74 149 1.0
75 7 1.0
75 27 1.0
75 61 1.0
75 67 1.0
75 121 1.0
76 29 1.0
76 41 1.0
76 51 1.0
76 93 1.0
76 108 1.0
77 15 1.0
77 26 1.0
77 48 1.0
77 70 1.0
77 94 1.0
77 117 1.0
78 9 1.0
78 24 1.0
78 32 1.0
78 67 1.0
78 80 1.0
78 104 1.0
79 4 1.0
79 13 1.0
79 83 1.0
80 38 1.0
80 45 1.0
80 70 1.0
80 83 1.0
80 134 1.0
81 4 1.0
81 7 1.0
81 16 1.0
81 24 1.0
81 25 1.0
81 41 1.0
81 48 1.0
81 59 1.0
82 18 1.0
82 27 1.0
82 52 1.0
82 68 1.0
82 101 1.0
82 108 1.0
82 146 1.0
83 4 1.0
83 9 1.0
83 32 1.0
83 39 1.0
83 43 1.0
83 70 1.0
83 81 1.0
83 88 1.0
84 18 1.0
84 51 1.0
84 79 1.0
84 80 1.0
85 0 1.0
85 10 1.0
85 76 1.0
85 106 1.0
85 125 1.0
85 131 1.0
85 146 1.0
85 147 1.0
86 18 1.0
86 106 1.0
86 117 1.0
86 118 1.0
87 0 1.0
87 23 1.0
87 58 1.0
87 70 1.0
87 75 1.0
87 81 1.0
87 109 1.0
88 10 1.0
88 16 1.0
88 18 1.0
88 23 1.0
88 37 1.0
88 113 1.0
88 122 1.0
88 134 1.0
89 9 1.0
89 13 1.0
89 50 1.0
89 126 1.0
90 9 1.0
90 15 1.0
90 72 1.0
90 122 1.0
90 129 1.0
91 2 1.0
91 35 1.0
91 36 1.0
91 44 1.0
91 55 1.0
91 100 1.0
91 105 1.0
91 118 1.0
92 5 1.0
92 30 1.0
92 39 1.0
92 105 1.0
92 110 1.0
92 125 1.0
93 25 1.0
93 45 1.0
93 51 1.0
93 67 1.0
93 94 1.0
93 119 1.0
94 16 1.0
94 25 1.0
94 66 1.0
94 91 1.0
94 135 1.0
95 1 1.0
95 5 1.0
95 40 1.0
95 49 1.0
95 51 1.0
95 122 1.0
96 38 1.0
96 42 1.0
96 77 1.0
96 86 1.0
96 129 1.0
96 147 1.0
97 15 1.0
97 16 1.0
97 23 1.0
97 57 1.0
97 69 1.0
97 85 1.0
97 88 1.0
97 93 1.0
97 143 1.0
98 43 1.0
98 65 1.0
98 90 1.0
98 94 1.0
98 146 1.0
99 35 1.0
99 37 1.0
99 38 1.0
99 74 1.0
99 80 1.0
99 96 1.0
99 101 1.0
99 127 1.0
99 129 1.0
100 10 1.0
100 18 1.0
100 77 1.0
100 89 1.0
100 98 1.0
100 116 1.0
100 127 1.0
101 20 1.0
101 45 1.0
101 73 1.0
101 96 1.0
101 104 1.0
101 129 1.0
101 134 1.0
101 136 1.0
102 35 1.0
102 36 1.0
102 47 1.0
102 75 1.0
102 88 1.0
103 17 1.0
103 51 1.0
103 68 1.0
103 91 1.0
103 102 1.0
103 129 1.0
104 48 1.0
104 51 1.0
104 63 1.0
104 93 1.0
104 95 1.0
104 98 1.0
104 116 1.0
105 7 1.0
105 11 1.0
105 18 1.0
105 74 1.0
105 85 1.0
106 9 1.0
106 24 1.0
106 31 1.0
107 9 1.0
107 31 1.0
107 48 1.0
107 95 1.0
107 105 1.0
107 108 1.0
107 121 1.0
107 129 1.0
108 3 1.0
108 24 1.0
108 28 1.0
108 87 1.0
108 98 1.0
108 122 1.0
109 32 1.0
109 45 1.0
110 5 1.0
110 15 1.0
110 27 1.0
110 38 1.0
110 42 1.0
110 50 1.0
110 87 1.0
110 91 1.0
110 94 1.0
110 96 1.0
110 123 1.0
111 35 1.0
111 41 1.0
111 53 1.0
111 68 1.0
111 77 1.0
111 114 1.0
112 9 1.0
112 26 1.0
112 41 1.0
112 47 1.0
112 61 1.0
112 103 1.0
113 0 1.0
113 30 1.0
113 58 1.0
113 60 1.0
113 64 1.0
113 67 1.0
113 85 1.0
113 115 1.0
113 121 1.0
113 126 1.0
113 137 1.0
114 22 1.0
114 29 1.0
114 41 1.0
114 52 1.0
114 74 1.0
114 104 1.0
114 122 1.0
115 50 1.0
115 62 1.0
115 63 1.0
115 83 1.0
115 89 1.0
115 107 1.0
115 125 1.0
115 128 1.0
115 129 1.0
116 11 1.0
116 30 1.0
116 39 1.0
116 41 1.0
116 95 1.0
116 115 1.0
116 122 1.0
116 128 1.0
117 0 1.0
117 36 1.0
117 59 1.0
117 74 1.0
117 95 1.0
117 99 1.0
118 19 1.0
118 22 1.0
118 55 1.0
118 63 1.0
118 64 1.0
118 74 1.0
118 94 1.0
118 105 1.0
118 114 1.0
119 57 1.0
120 12 1.0
120 42 1.0
120 50 1.0
120 70 1.0
120 110 1.0
121 13 1.0
121 65 1.0
121 102 1.0
122 11 1.0
122 16 1.0
122 25 1.0
122 34 1.0
122 54 1.0
122 59 1.0
122 63 1.0
122 67 1.0
122 92 1.0
122 94 1.0
122 121 1.0
123 26 1.0
123 33 1.0
123 43 1.0
123 51 1.0
123 101 1.0
123 111 1.0
124 25 1.0
124 40 1.0
124 41 1.0
125 70 1.0
125 71 1.0
125 88 1.0
125 123 1.0
126 0 1.0
126 28 1.0
126 55 1.0
126 61 1.0
126 65 1.0
126 66 1.0
126 70 1.0
127 5 1.0
127 6 1.0
127 11 1.0
127 26 1.0
127 66 1.0
127 77 1.0
127 86 1.0
128 30 1.0
128 60 1.0
128 88 1.0
128 109 1.0
128 123 1.0
128 130 1.0
128 135 1.0
128 136 1.0
128 143 1.0
128 146 1.0
129 13 1.0
129 28 1.0
129 36 1.0
129 47 1.0
129 85 1.0
129 95 1.0
129 108 1.0
129 116 1.0
129 120 1.0
129 126 1.0
129 127 1.0
129 134 1.0
130 10 1.0
130 128 1.0
130 130 1.0
130 138 1.0
130 142 1.0
131 4 1.0
131 16 1.0
131 20 1.0
131 85 1.0
131 131 1.0
132 8 1.0
132 132 1.0
132 133 1.0
132 146 1.0
133 33 1.0
133 37 1.0
133 132 1.0
133 133 1.0
133 142 1.0
134 8 1.0
134 40 1.0
134 80 1.0
134 88 1.0
134 101 1.0
134 129 1.0
134 139 1.0
135 1 1.0
135 94 1.0
135 128 1.0
135 135 1.0
135 139 1.0
136 11 1.0
136 42 1.0
136 101 1.0
136 128 1.0
136 139 1.0
137 18 1.0
137 42 1.0
137 53 1.0
137 56 1.0
137 66 1.0
137 68 1.0
137 113 1.0
137 143 1.0
138 130 1.0
138 141 1.0
138 148 1.0
139 134 1.0
139 135 1.0
139 136 1.0
139 140 1.0
140 6 1.0
140 30 1.0
140 139 1.0
140 140 1.0
141 70 1.0
141 138 1.0
141 141 1.0
142 26 1.0
142 130 1.0
142 133 1.0
142 145 1.0
143 4 1.0
143 9 1.0
143 97 1.0
143 128 1.0
143 137 1.0
144 63 1.0
144 145 1.0
145 47 1.0
145 142 1.0
145 144 1.0
146 65 1.0
146 82 1.0
146 85 1.0
146 98 1.0
146 128 1.0
146 132 1.0
147 8 1.0
147 52 1.0
147 85 1.0
147 96 1.0
148 16 1.0
148 138 1.0
148 148 1.0
149 2 1.0
149 40 1.0
149 74 1.0
