0 10 1.0
0 20 1.0
0 31 1.0
0 82 1.0
0 112 1.0
0 137 1.0
0 138 1.0
0 143 1.0
1 34 1.0
1 65 1.0
1 83 1.0
1 87 1.0
1 90 1.0
1 95 1.0
1 114 1.0
1 119 1.0
1 127 1.0
1 138 1.0
1 142 1.0
1 143 1.0
2 6 1.0
2 30 1.0
2 82 1.0
2 83 1.0
2 89 1.0
2 108 1.0
2 109 1.0
2 128 1.0
2 130 1.0
2 141 1.0
3 11 1.0
3 35 1.0
3 50 1.0
3 133 1.0
3 142 1.0
4 96 1.0
4 105 1.0
4 126 1.0
5 3 1.0
5 20 1.0
5 54 1.0
5 63 1.0
5 84 1.0
5 123 1.0
5 147 1.0
6 24 1.0
6 78 1.0
6 88 1.0
6 103 1.0
6 116 1.0
6 122 1.0
6 133 1.0
6 136 1.0
6 146 1.0
7 8 1.0
7 56 1.0
7 61 1.0
7 100 1.0
8 1 1.0
8 3 1.0
8 17 1.0
8 32 1.0
8 79 1.0
8 96 1.0
8 98 1.0
8 116 1.0
9 2 1.0
9 7 1.0
9 65 1.0
9 74 1.0
9 97 1.0
9 101 1.0
9 102 1.0
9 105 1.0
10 47 1.0
10 54 1.0
10 60 1.0
10 61 1.0
10 85 1.0
10 90 1.0
11 9 1.0
11 41 1.0
11 127 1.0
11 132 1.0
11 147 1.0
12 31 1.0
12 44 1.0
12 83 1.0
12 88 1.0
12 89 1.0
12 92 1.0
12 104 1.0
12 111 1.0
13 57 1.0
13 58 1.0
13 73 1.0
13 82 1.0
13 84 1.0
13 126 1.0
13 145 1.0
14 16 1.0
14 45 1.0
14 46 1.0
14 54 1.0
14 107 1.0
14 119 1.0
14 134 1.0
15 42 1.0
15 53 1.0
15 80 1.0
15 82 1.0
15 106 1.0
16 8 1.0
16 23 1.0
16 60 1.0
16 82 1.0
16 110 1.0
16 113 1.0
16 121 1.0
17 35 1.0
17 146 1.0
18 4 1.0
18 7 1.0
18 8 1.0
18 28 1.0
18 30 1.0
18 53 1.0
18 56 1.0
18 73 1.0
18 119 1.0
18 127 1.0
18 132 1.0
18 141 1.0
19 15 1.0
19 23 1.0
19 59 1.0
19 88 1.0
19 94 1.0
19 144 1.0
20 25 1.0
20 34 1.0
20 90 1.0
20 103 1.0
20 109 1.0
20 112 1.0
20 140 1.0
21 31 1.0
21 36 1.0
21 42 1.0
21 50 1.0
21 54 1.0
21 90 1.0
21 119 1.0
21 144 1.0
22 3 1.0
22 72 1.0
22 73 1.0
22 79 1.0
22 113 1.0
22 137 1.0
22 142 1.0
23 9 1.0
23 17 1.0
23 65 1.0
23 70 1.0
23 78 1.0
23 124 1.0
24 35 1.0
24 52 1.0
24 63 1.0
24 136 1.0
25 4 1.0
25 39 1.0
25 122 1.0
25 139 1.0
26 16 1.0
26 64 1.0
26 70 1.0
26 72 1.0
26 137 1.0
27 11 1.0
27 43 1.0
27 64 1.0
27 74 1.0
28 18 1.0
28 25 1.0
28 60 1.0
28 62 1.0
28 115 1.0
28 117 1.0
29 4 1.0
29 21 1.0
29 50 1.0
29 63 1.0
29 67 1.0
29 68 1.0
29 83 1.0
29 102 1.0
29 106 1.0
29 127 1.0
30 17 1.0
30 22 1.0
30 74 1.0
30 83 1.0
30 97 1.0
30 101 1.0
30 118 1.0
31 6 1.0
31 26 1.0
31 70 1.0
31 73 1.0
31 78 1.0
31 129 1.0
31 130 1.0
31 146 1.0
32 6 1.0
32 7 1.0
32 12 1.0
32 39 1.0
32 43 1.0
32 48 1.0
32 54 1.0
32 86 1.0
32 91 1.0
32 106 1.0
32 120 1.0
32 123 1.0
33 52 1.0
33 135 1.0
33 141 1.0
34 7 1.0
34 19 1.0
34 63 1.0
34 92 1.0
35 19 1.0
35 30 1.0
35 32 1.0
35 84 1.0
35 91 1.0
36 34 1.0
36 38 1.0
36 68 1.0
36 78 1.0
36 81 1.0
36 135 1.0
36 149 1.0
37 85 1.0
37 88 1.0
37 147 1.0
38 1 1.0
38 5 1.0
38 22 1.0
38 64 1.0
38 117 1.0
39 40 1.0
39 52 1.0
39 57 1.0
39 73 1.0
39 94 1.0
40 36 1.0
40 54 1.0
40 114 1.0
40 128 1.0
41 13 1.0
41 24 1.0
41 27 1.0
41 45 1.0
41 46 1.0
41 76 1.0
41 81 1.0
41 112 1.0
41 122 1.0
41 135 1.0
42 1 1.0
42 3 1.0
42 26 1.0
42 40 1.0
42 60 1.0
42 85 1.0
42 104 1.0
42 123 1.0
43 53 1.0
43 64 1.0
43 67 1.0
43 79 1.0
44 18 1.0
44 52 1.0
44 56 1.0
44 75 1.0
44 118 1.0
44 130 1.0
44 139 1.0
45 10 1.0
45 24 1.0
45 58 1.0
45 89 1.0
45 90 1.0
45 121 1.0
46 99 1.0
46 100 1.0
46 115 1.0
47 76 1.0
47 136 1.0
47 139 1.0
48 0 1.0
48 20 1.0
48 67 1.0
48 94 1.0
48 115 1.0
48 127 1.0
48 134 1.0
49 2 1.0
49 3 1.0
49 30 1.0
49 31 1.0
49 46 1.0
49 64 1.0
49 129 1.0
50 21 1.0
50 48 1.0
50 55 1.0
50 84 1.0
50 92 1.0
51 13 1.0
51 14 1.0
51 19 1.0
51 35 1.0
51 48 1.0
51 61 1.0
51 105 1.0
51 122 1.0
52 10 1.0
52 30 1.0
52 39 1.0
52 51 1.0
52 59 1.0
52 91 1.0
52 103 1.0
52 148 1.0
53 3 1.0
53 6 1.0
53 14 1.0
53 20 1.0
53 27 1.0
53 34 1.0
53 60 1.0
53 67 1.0
54 64 1.0
54 113 1.0
55 65 1.0
55 68 1.0
55 95 1.0
55 121 1.0
56 25 1.0
56 41 1.0
56 47 1.0
56 78 1.0
56 80 1.0
56 105 1.0
56 149 1.0
57 36 1.0
57 41 1.0
57 56 1.0
57 72 1.0
57 78 1.0
57 107 1.0
57 128 1.0
57 131 1.0
57 142 1.0
58 20 1.0
58 25 1.0
58 28 1.0
58 34 1.0
58 48 1.0
59 13 1.0
59 45 1.0
59 52 1.0
59 58 1.0
59 69 1.0
59 78 1.0
60 13 1.0
60 118 1.0
60 145 1.0
60 146 1.0
61 9 1.0
61 33 1.0
61 69 1.0
61 101 1.0
61 147 1.0
62 2 1.0
62 4 1.0
62 15 1.0
62 53 1.0
62 72 1.0
62 74 1.0
62 82 1.0
63 11 1.0
63 17 1.0
63 57 1.0
63 100 1.0
64 25 1.0
64 36 1.0
64 126 1.0
64 142 1.0
65 12 1.0
65 29 1.0
65 52 1.0
65 59 1.0
65 62 1.0
66 15 1.0
66 19 1.0
66 44 1.0
66 65 1.0
66 108 1.0
66 118 1.0
66 122 1.0
67 4 1.0
67 12 1.0
67 53 1.0
67 64 1.0
67 80 1.0
67 129 1.0
68 20 1.0
68 25 1.0
68 65 1.0
68 95 1.0
68 113 1.0
68 123 1.0
68 133 1.0
69 4 1.0
69 10 1.0
69 20 1.0
69 67 1.0
69 92 1.0
69 105 1.0
69 139 1.0
69 142 1.0
70 17 1.0
70 24 1.0
70 39 1.0
70 81 1.0
70 101 1.0
70 102 1.0
70 105 1.0
71 22 1.0
71 30 1.0
71 91 1.0
71 131 1.0
72 63 1.0
72 64 1.0
72 67 1.0
72 81 1.0
72 111 1.0
72 144 1.0
73 21 1.0
73 29 1.0
73 38 1.0
73 54 1.0
73 70 1.0
73 92 1.0
73 125 1.0
74 53 1.0
74 59 1.0
74 64 1.0
74 80 1.0
74 105 1.0
75 4 1.0
75 27 1.0
75 36 1.0
75 57 1.0
75 63 1.0
75 121 1.0
75 138 1.0
76 8 1.0
76 29 1.0
76 81 1.0
76 107 1.0
76 111 1.0
76 122 1.0
76 137 1.0
76 142 1.0
76 147 1.0
77 14 1.0
77 42 1.0
77 60 1.0
77 85 1.0
77 87 1.0
77 101 1.0
77 131 1.0
78 5 1.0
78 45 1.0
78 66 1.0
78 79 1.0
78 99 1.0
78 101 1.0
78 132 1.0
79 11 1.0
79 31 1.0
79 32 1.0
79 62 1.0
79 68 1.0
79 78 1.0
79 132 1.0
80 19 1.0
80 37 1.0
80 44 1.0
80 71 1.0
80 87 1.0
80 93 1.0
80 122 1.0
80 129 1.0
80 131 1.0
80 143 1.0
81 13 1.0
81 23 1.0
81 28 1.0
81 58 1.0
81 61 1.0
81 70 1.0
81 113 1.0
81 117 1.0
81 129 1.0
82 73 1.0
82 101 1.0
82 123 1.0
83 4 1.0
83 39 1.0
83 40 1.0
83 51 1.0
83 68 1.0
83 80 1.0
83 103 1.0
83 117 1.0
83 127 1.0
83 144 1.0
84 65 1.0
84 103 1.0
84 122 1.0
85 8 1.0
85 47 1.0
85 69 1.0
85 89 1.0
85 138 1.0
86 119 1.0
86 127 1.0
86 138 1.0
87 12 1.0
87 59 1.0
87 103 1.0
88 7 1.0
88 9 1.0
88 12 1.0
88 75 1.0
88 132 1.0
89 30 1.0
89 39 1.0
89 76 1.0
89 85 1.0
89 94 1.0
89 114 1.0
89 118 1.0
89 126 1.0
89 128 1.0
89 139 1.0
89 143 1.0
90 25 1.0
90 49 1.0
90 67 1.0
90 103 1.0
90 108 1.0
90 109 1.0
90 124 1.0
91 16 1.0
91 32 1.0
91 35 1.0
91 94 1.0
91 109 1.0
91 136 1.0
92 30 1.0
92 78 1.0
92 138 1.0
93 0 1.0
93 41 1.0
93 89 1.0
93 107 1.0
94 6 1.0
94 15 1.0
94 29 1.0
94 37 1.0
94 99 1.0
94 109 1.0
95 43 1.0
95 79 1.0
95 116 1.0
96 7 1.0
96 32 1.0
96 81 1.0
96 89 1.0
96 101 1.0
96 110 1.0
96 111 1.0
96 118 1.0
97 7 1.0
97 25 1.0
97 51 1.0
97 72 1.0
97 77 1.0
97 88 1.0
97 91 1.0
97 99 1.0
97 109 1.0
97 129 1.0
98 10 1.0
98 39 1.0
98 56 1.0
98 87 1.0
98 90 1.0
98 120 1.0
98 144 1.0
99 5 1.0
99 21 1.0
99 66 1.0
99 91 1.0
99 94 1.0
99 103 1.0
100 24 1.0
100 61 1.0
100 129 1.0
100 143 1.0
101 7 1.0
101 48 1.0
101 64 1.0
101 76 1.0
101 105 1.0
102 1 1.0
102 14 1.0
102 22 1.0
102 23 1.0
102 25 1.0
102 73 1.0
102 80 1.0
102 91 1.0
103 34 1.0
103 86 1.0
103 92 1.0
103 110 1.0
103 125 1.0
103 127 1.0
104 10 1.0
104 24 1.0
104 32 1.0
104 67 1.0
104 71 1.0
105 5 1.0
105 6 1.0
105 42 1.0
105 88 1.0
106 45 1.0
106 74 1.0
106 125 1.0
107 4 1.0
107 11 1.0
107 43 1.0
107 50 1.0
107 81 1.0
107 109 1.0
107 117 1.0
108 7 1.0
108 26 1.0
108 38 1.0
108 53 1.0
108 54 1.0
108 58 1.0
108 89 1.0
108 130 1.0
109 9 1.0
109 41 1.0
109 47 1.0
109 140 1.0
110 16 1.0
110 96 1.0
110 103 1.0
110 123 1.0
110 143 1.0
110 147 1.0
111 12 1.0
111 72 1.0
111 76 1.0
111 96 1.0
111 118 1.0
111 140 1.0
112 0 1.0
112 20 1.0
112 41 1.0
112 122 1.0
113 16 1.0
113 22 1.0
113 54 1.0
113 68 1.0
113 81 1.0
113 139 1.0
114 1 1.0
114 40 1.0
114 89 1.0
114 126 1.0
114 135 1.0
114 140 1.0
115 28 1.0
115 46 1.0
115 48 1.0
115 116 1.0
115 124 1.0
115 126 1.0
115 139 1.0
116 6 1.0
116 8 1.0
116 95 1.0
116 115 1.0
116 117 1.0
116 133 1.0
116 142 1.0
116 145 1.0
116 149 1.0
117 28 1.0
117 38 1.0
117 81 1.0
117 83 1.0
117 107 1.0
117 116 1.0
118 30 1.0
118 44 1.0
118 60 1.0
118 66 1.0
118 89 1.0
118 96 1.0
118 111 1.0
118 147 1.0
119 1 1.0
119 14 1.0
119 18 1.0
119 21 1.0
119 86 1.0
119 124 1.0
119 133 1.0
119 134 1.0
120 32 1.0
120 98 1.0
120 135 1.0
120 140 1.0
120 146 1.0
121 16 1.0
121 45 1.0
121 55 1.0
121 75 1.0
121 124 1.0
121 127 1.0
122 6 1.0
122 25 1.0
122 41 1.0
122 51 1.0
122 66 1.0
122 76 1.0
122 80 1.0
122 84 1.0
122 112 1.0
122 138 1.0
123 5 1.0
123 32 1.0
123 42 1.0
123 68 1.0
123 82 1.0
123 110 1.0
123 130 1.0
123 145 1.0
124 23 1.0
124 90 1.0
124 115 1.0
124 119 1.0
124 121 1.0
125 73 1.0
125 103 1.0
125 106 1.0
125 131 1.0
126 4 1.0
126 13 1.0
126 64 1.0
126 89 1.0
126 114 1.0
126 115 1.0
127 1 1.0
127 11 1.0
127 18 1.0
127 29 1.0
127 48 1.0
127 83 1.0
127 86 1.0
127 103 1.0
127 121 1.0
127 137 1.0
128 2 1.0
128 40 1.0
128 57 1.0
128 89 1.0
129 31 1.0
129 49 1.0
129 67 1.0
129 80 1.0
129 81 1.0
129 97 1.0
129 100 1.0
129 129 1.0
130 2 1.0
130 31 1.0
130 44 1.0
130 108 1.0
130 123 1.0
131 57 1.0
131 71 1.0
131 77 1.0
131 80 1.0
131 125 1.0
131 136 1.0
132 11 1.0
132 18 1.0
132 78 1.0
132 79 1.0
132 88 1.0
132 132 1.0
133 3 1.0
133 6 1.0
133 68 1.0
133 116 1.0
133 119 1.0
133 139 1.0
133 141 1.0
133 145 1.0
134 14 1.0
134 48 1.0
134 119 1.0
134 135 1.0
135 33 1.0
135 36 1.0
135 41 1.0
135 114 1.0
135 120 1.0
135 134 1.0
136 6 1.0
136 24 1.0
136 47 1.0
136 91 1.0
136 131 1.0
137 0 1.0
137 22 1.0
137 26 1.0
137 76 1.0
137 127 1.0
138 0 1.0
138 1 1.0
138 75 1.0
138 85 1.0
138 86 1.0
138 92 1.0
138 122 1.0
138 148 1.0
139 25 1.0
139 44 1.0
139 47 1.0
139 69 1.0
139 89 1.0
139 113 1.0
139 115 1.0
139 133 1.0
140 20 1.0
140 109 1.0
140 111 1.0
140 114 1.0
140 120 1.0
141 2 1.0
141 18 1.0
141 33 1.0
141 133 1.0
141 149 1.0
142 1 1.0
142 3 1.0
142 22 1.0
142 57 1.0
142 64 1.0
142 69 1.0
142 76 1.0
142 116 1.0
142 144 1.0
143 0 1.0
143 1 1.0
143 80 1.0
143 89 1.0
143 100 1.0
143 110 1.0
143 147 1.0
144 19 1.0
144 21 1.0
144 72 1.0
144 83 1.0
144 98 1.0
144 142 1.0
145 13 1.0
145 60 1.0
145 116 1.0
145 123 1.0
145 133 1.0
146 6 1.0
146 17 1.0
146 31 1.0
146 60 1.0
146 120 1.0
147 5 1.0
147 11 1.0
147 37 1.0
147 61 1.0
147 76 1.0
147 110 1.0
147 118 1.0
147 143 1.0
148 52 1.0
148 138 1.0
149 36 1.0
149 56 1.0
149 116 1.0
149 141 1.0
