0 51
0 22
0 7
0 44
0 64
0 147
0 149
0 114
0 93
0 119
1 133
1 70
1 82
1 106
1 88
1 46
1 112
1 53
1 29
2 76
2 101
2 63
2 89
2 96
2 127
2 84
2 59
2 82
2 134
3 36
3 135
3 81
3 71
3 112
3 133
3 29
3 54
3 128
3 146
3 140
3 141
3 113
4 55
4 9
4 95
4 73
4 131
4 141
4 11
4 143
4 26
4 30
5 128
5 36
5 35
5 74
5 94
5 114
5 136
5 33
5 73
6 70
6 136
6 98
6 116
6 37
6 120
6 87
6 31
6 118
6 41
7 81
7 54
7 28
7 42
7 68
7 48
7 3
8 89
8 125
8 94
8 9
8 30
8 7
8 15
8 121
8 77
8 133
8 79
8 37
9 6
9 126
9 50
9 128
9 55
9 24
9 75
9 78
10 11
10 139
10 7
10 14
10 24
10 126
10 143
10 118
10 62
10 95
10 94
11 40
11 7
11 17
11 45
11 135
11 141
11 131
11 70
11 97
11 68
11 30
12 98
12 56
12 11
12 47
12 58
13 53
13 128
13 16
13 106
13 72
13 82
13 139
13 36
13 52
13 9
14 63
14 6
14 89
14 19
14 49
14 72
15 108
15 64
15 10
15 62
15 132
15 45
16 125
16 96
16 19
16 100
16 138
16 48
16 72
16 37
16 21
16 84
16 87
16 97
17 60
17 110
17 83
17 70
17 125
17 34
17 147
17 10
17 64
17 116
17 148
18 44
18 21
18 105
18 27
18 74
18 50
18 130
18 3
18 119
18 28
18 120
18 129
19 109
19 13
19 32
19 132
19 9
19 22
19 141
19 95
19 25
19 125
19 47
19 58
20 96
20 99
20 34
20 132
20 109
20 133
20 42
20 16
21 39
21 118
21 149
21 85
21 18
21 4
21 97
21 69
21 90
21 141
21 140
21 128
22 129
22 146
22 144
22 148
22 44
22 31
22 73
22 18
22 79
22 57
22 30
22 147
22 66
22 35
23 99
23 110
23 62
23 41
23 0
23 25
23 112
23 28
23 114
23 109
23 131
23 93
24 14
24 38
24 89
24 109
24 67
24 112
24 29
24 60
24 92
24 27
24 23
24 5
24 131
24 6
24 86
24 33
25 0
25 135
25 99
25 133
25 53
25 11
25 38
26 111
26 25
26 85
26 11
26 77
26 50
26 65
26 1
27 118
27 108
27 9
27 12
27 140
28 2
28 136
28 114
28 108
28 142
28 79
28 4
28 63
29 38
29 95
29 103
29 14
29 116
29 68
29 28
29 3
29 127
29 52
30 46
30 126
30 134
30 130
30 143
30 111
30 45
30 40
30 75
30 108
30 12
30 35
30 104
31 24
31 76
31 69
31 83
31 94
31 133
31 4
31 7
31 10
32 109
32 51
32 47
32 136
32 49
32 14
32 16
32 29
33 133
33 138
33 92
33 65
33 148
33 143
33 52
33 121
33 126
33 68
33 90
33 2
34 5
34 20
34 28
34 27
35 39
35 21
35 124
35 42
35 76
35 125
35 106
35 53
35 98
35 64
35 14
36 134
36 93
36 58
36 55
36 143
36 123
36 97
37 22
37 104
37 51
37 27
37 11
37 144
37 76
37 69
37 39
37 66
37 40
37 3
37 146
37 65
38 7
38 77
38 21
38 71
38 98
38 136
38 119
38 104
38 109
38 89
39 20
39 44
39 100
39 75
39 52
39 107
39 126
39 19
39 32
39 139
39 98
39 89
39 95
39 46
40 35
40 60
40 41
40 48
40 137
41 46
41 105
41 108
41 139
41 21
41 136
41 59
41 118
41 107
42 22
42 53
42 26
42 19
43 113
43 20
43 121
43 27
43 0
43 69
43 8
43 100
43 87
43 30
43 34
43 31
43 112
43 138
44 86
44 30
44 131
44 82
44 113
44 107
44 50
45 124
45 89
45 129
45 62
45 75
45 147
45 121
45 41
45 63
46 86
46 33
46 135
46 121
46 148
46 56
46 125
47 5
47 138
47 126
47 61
47 99
47 3
47 82
47 0
48 81
48 86
48 41
48 148
48 75
48 76
48 111
48 133
48 47
48 127
49 114
49 65
49 45
49 130
49 79
49 76
49 12
49 56
49 60
49 148
49 71
49 62
49 143
50 25
50 6
50 37
50 61
50 137
50 127
50 4
50 44
51 14
51 137
51 123
51 45
51 80
51 67
52 43
52 85
52 22
52 60
52 2
52 126
52 20
52 54
52 101
52 131
53 34
53 135
53 0
53 1
53 113
53 76
53 80
53 93
53 69
53 105
53 139
53 110
53 149
53 145
53 50
54 7
54 50
54 19
54 118
54 48
54 29
54 86
54 57
54 131
54 93
54 68
55 93
55 24
55 90
55 46
55 21
55 130
55 118
55 117
56 105
56 74
56 89
56 120
56 93
56 4
56 72
57 12
57 86
57 87
57 55
57 45
57 72
57 118
57 81
58 27
58 53
58 126
58 56
58 124
58 95
58 85
58 36
59 124
59 26
59 13
59 45
59 21
59 125
59 28
59 117
60 32
60 124
60 102
60 131
60 52
60 34
60 87
60 138
60 130
60 140
60 92
60 5
60 30
61 111
61 124
61 14
61 75
61 11
61 89
61 46
62 121
62 18
62 26
62 117
62 80
62 65
62 126
63 126
63 1
63 71
63 60
63 66
63 99
63 62
63 89
64 10
64 146
64 103
64 26
64 37
64 101
64 96
64 131
64 42
64 48
64 81
64 58
65 106
65 17
65 113
65 45
65 32
65 6
65 43
65 90
65 37
65 5
66 125
66 84
66 128
66 12
66 129
66 90
66 141
66 41
67 94
67 72
67 138
67 54
67 47
67 34
67 103
67 25
67 44
67 98
67 21
67 46
67 126
68 67
68 79
68 73
68 94
68 87
68 64
68 6
69 110
69 47
69 101
69 44
69 19
69 120
69 93
69 1
69 102
69 67
70 20
70 143
70 2
70 67
70 66
71 93
71 137
71 91
71 121
71 53
71 19
71 115
71 61
71 55
71 13
72 47
72 32
72 107
72 135
72 110
72 41
72 109
72 137
72 54
72 20
72 49
73 46
73 1
73 117
73 133
73 2
73 103
73 110
74 145
74 71
74 46
74 95
74 110
74 116
74 73
74 25
74 115
74 0
74 9
74 27
75 45
75 144
75 140
75 65
75 13
75 119
75 81
75 90
75 17
75 149
75 44
76 28
76 51
76 0
76 136
76 54
76 91
76 111
76 1
77 129
77 65
77 112
77 149
77 95
77 81
77 61
77 80
77 69
77 148
78 76
78 109
78 93
78 70
78 81
78 115
78 15
78 57
78 87
78 117
78 140
78 30
78 80
78 20
79 88
79 98
79 85
79 118
79 47
79 81
79 123
79 84
79 25
79 19
79 45
80 70
80 39
80 120
80 84
80 114
80 15
80 116
81 10
81 2
81 8
81 68
81 25
81 77
81 88
81 28
81 19
81 95
81 139
81 99
82 0
82 108
82 90
82 60
82 137
82 86
82 24
82 74
82 8
83 146
83 72
83 29
83 139
83 4
83 10
83 1
83 144
83 88
83 33
84 24
84 141
84 16
84 113
84 37
84 0
84 36
84 89
84 143
84 108
84 43
85 58
85 108
85 140
85 71
85 69
85 90
85 16
85 100
85 97
85 124
85 146
86 62
86 4
86 31
86 121
86 25
87 0
87 29
87 93
87 115
87 128
87 113
87 141
87 64
87 130
87 68
87 51
87 20
88 61
88 34
88 75
88 100
88 86
88 30
88 112
88 81
88 123
88 62
88 17
89 58
89 38
89 56
89 30
89 119
89 137
89 52
89 91
89 111
89 16
89 109
89 29
89 92
90 71
90 106
90 139
90 47
90 145
90 58
90 88
90 17
90 46
91 77
91 10
91 118
91 128
91 85
91 129
91 116
91 58
92 131
92 39
92 147
92 97
92 28
92 29
92 121
93 96
93 55
93 29
93 52
93 63
93 53
93 49
93 122
93 56
93 21
93 18
93 136
93 73
94 136
94 124
94 50
94 59
95 5
95 136
95 2
95 129
95 79
95 135
95 114
95 50
95 36
96 122
96 11
96 120
96 27
96 117
96 68
96 93
96 23
96 18
96 107
97 33
97 107
97 5
97 35
98 81
98 119
98 29
98 75
98 149
98 132
98 64
99 123
99 147
99 25
99 17
99 93
99 84
99 18
99 48
99 14
100 12
100 17
100 109
100 8
100 18
100 38
100 21
101 118
101 67
101 4
101 120
101 13
101 141
101 66
102 71
102 36
102 97
102 55
102 35
102 106
102 149
102 68
102 9
102 53
103 84
103 105
103 65
103 53
103 0
103 92
103 16
103 58
103 109
103 3
103 69
103 66
103 40
104 147
104 27
104 52
104 86
104 53
104 19
104 59
104 116
104 139
104 39
105 25
105 13
105 59
105 131
105 132
105 11
106 26
106 87
106 45
106 128
106 149
106 85
106 59
106 53
107 114
107 142
107 53
107 15
107 120
107 87
107 70
108 37
108 95
108 145
108 10
108 17
108 123
108 110
108 74
108 103
108 33
108 45
108 75
108 70
109 129
109 72
109 92
109 114
109 110
109 63
109 107
109 91
110 116
110 102
110 11
110 51
110 44
110 10
110 1
110 38
110 107
110 34
111 138
111 70
111 19
111 145
111 58
111 3
111 140
111 93
112 111
112 14
112 3
112 45
112 131
112 149
112 58
112 53
112 95
112 142
112 72
113 37
113 0
113 126
113 84
113 124
113 42
113 54
113 28
113 51
113 117
114 10
114 82
114 32
114 119
114 71
114 11
114 42
114 109
114 143
114 86
114 148
114 72
114 126
114 3
114 127
114 122
115 88
115 104
115 149
115 1
115 93
115 139
115 22
115 110
115 89
115 80
115 147
115 90
115 77
115 33
116 4
116 136
116 146
116 113
116 90
116 128
116 54
116 49
116 134
116 56
116 87
116 133
116 94
117 31
117 87
117 20
117 116
117 108
117 32
117 97
117 111
117 85
118 13
118 18
118 149
118 59
118 134
118 111
118 145
118 131
118 42
118 96
119 142
119 92
119 95
119 77
119 7
119 40
119 94
119 143
119 112
119 30
119 51
120 103
120 115
120 117
120 53
120 62
120 79
120 86
120 52
120 39
120 6
121 64
121 91
121 51
121 97
121 55
121 95
121 9
122 50
122 82
122 85
122 102
122 109
122 65
122 110
122 121
122 64
123 23
123 99
123 19
123 149
123 100
123 55
123 108
123 42
123 104
123 113
123 58
123 32
123 26
123 34
124 138
124 0
124 142
124 13
124 69
124 35
124 113
124 36
124 101
124 24
124 79
124 46
125 50
125 23
125 119
125 2
125 52
125 9
126 143
126 100
126 32
126 91
126 44
126 69
126 112
127 72
127 114
127 74
127 52
127 54
127 71
127 147
127 4
127 115
128 83
128 96
128 143
128 40
128 133
128 45
128 67
128 73
128 113
128 28
128 46
128 80
128 136
128 126
128 84
128 81
128 21
128 3
129 140
129 68
129 11
129 1
129 71
129 27
129 82
130 6
130 71
130 55
130 48
130 125
130 57
130 66
130 149
130 7
130 116
131 130
131 141
131 133
131 124
131 70
131 132
131 65
131 63
131 39
131 60
131 104
131 49
131 4
132 60
132 126
132 64
133 126
133 80
133 61
133 113
133 69
133 16
133 129
133 73
133 54
134 130
134 44
134 24
134 29
134 86
135 5
135 11
135 111
135 46
135 12
135 99
135 106
135 104
135 25
136 73
136 71
136 101
136 95
136 94
136 54
136 35
137 1
137 75
137 8
137 23
137 121
137 120
137 96
137 66
137 132
137 32
137 64
137 34
137 122
137 15
137 91
138 107
138 24
138 124
138 109
138 45
138 23
138 32
138 77
139 76
139 121
139 64
139 126
139 149
139 113
139 21
139 134
139 125
139 82
139 31
139 46
139 26
139 75
140 5
140 8
140 85
140 71
140 100
140 148
140 27
140 75
140 17
140 137
141 35
141 99
141 148
141 129
141 105
141 25
141 5
141 22
141 66
141 67
142 120
142 44
142 42
142 25
142 95
142 13
142 3
142 122
142 106
142 119
143 81
143 4
143 97
143 56
143 96
143 91
143 68
143 85
143 65
143 133
144 48
144 5
144 103
144 17
144 12
144 19
144 64
144 18
144 131
144 102
145 23
145 111
145 3
145 137
145 1
145 58
145 64
145 102
145 100
145 133
145 21
145 136
145 87
146 72
146 21
146 58
147 27
147 32
147 81
147 11
147 10
147 140
147 4
147 110
147 101
147 25
148 91
148 137
148 138
148 6
148 147
148 136
148 43
148 74
148 126
148 90
148 72
148 28
148 40
149 61
149 134
149 32
149 122
149 136
149 73
149 21
149 71
