1 28
1 144
1 138
1 106
1 27
1 22
2 126
2 83
2 102
4 26
4 56
4 67
4 127
4 115
5 145
5 78
5 64
5 147
5 132
6 123
6 120
7 24
7 76
7 25
7 58
7 43
8 74
8 7
8 91
9 13
10 46
10 27
10 26
10 143
11 42
11 85
12 120
12 22
12 133
13 132
13 121
13 65
13 23
15 83
15 96
15 44
15 28
17 105
17 76
17 96
17 146
17 11
17 108
18 30
18 142
18 119
18 106
18 48
19 70
19 115
19 131
19 86
20 105
22 45
23 44
23 36
23 61
23 26
24 23
24 125
25 110
25 73
25 66
25 92
26 108
26 102
26 67
26 28
27 71
27 115
27 63
28 53
28 78
28 42
28 57
28 125
28 135
29 105
29 130
29 42
29 90
29 121
29 125
30 147
30 108
30 63
30 73
30 13
30 50
31 110
31 46
31 78
31 132
31 91
31 33
32 4
32 8
32 131
33 74
33 124
33 6
33 130
33 30
33 46
33 89
33 71
33 87
36 105
36 91
36 76
37 122
37 90
38 58
38 5
38 17
38 39
39 69
39 55
39 119
39 84
40 9
40 119
40 69
40 79
40 32
40 141
41 22
41 64
41 57
41 74
41 55
41 116
42 124
42 66
42 19
42 10
42 48
43 2
43 26
43 93
43 12
43 65
43 96
43 56
44 111
44 83
44 104
44 24
45 32
45 33
45 102
46 65
46 30
47 39
47 146
47 61
47 87
48 132
48 1
48 19
48 38
48 13
48 66
48 91
49 146
49 1
49 105
49 128
50 97
50 25
50 74
50 118
50 37
52 123
52 39
53 85
55 115
56 101
56 147
56 38
56 49
56 5
57 10
57 102
57 46
57 55
57 52
57 89
58 65
58 129
58 148
58 86
58 52
58 17
58 104
60 30
60 89
60 85
60 125
60 126
61 45
61 47
61 124
61 98
61 41
62 81
62 137
62 96
63 74
63 6
63 114
63 67
64 95
64 116
64 46
64 119
65 78
65 31
65 48
65 43
66 13
66 44
66 74
67 45
67 108
67 140
67 55
67 43
67 58
68 122
68 97
68 20
68 8
68 117
68 108
68 89
68 42
68 106
68 33
68 128
68 44
69 83
69 56
70 131
70 4
70 79
70 95
70 61
70 76
71 95
71 128
71 131
71 108
71 85
71 104
71 19
73 27
73 2
73 39
73 60
73 83
74 23
76 18
77 46
77 139
78 1
78 58
78 139
78 64
79 57
79 138
79 76
79 133
79 97
79 123
79 124
81 144
83 79
83 12
83 119
83 5
84 76
84 110
84 91
84 93
84 129
85 22
85 24
85 105
85 4
86 133
86 137
86 140
86 115
86 138
86 116
87 56
87 121
87 86
87 131
88 1
88 67
88 111
88 128
88 133
88 139
89 98
90 31
90 81
90 28
90 1
91 44
91 2
92 33
92 46
92 24
92 67
93 137
93 125
93 147
94 1
94 24
94 13
94 71
95 86
95 142
95 33
95 87
96 62
96 81
96 142
96 103
96 69
96 55
96 91
96 52
97 143
97 135
97 119
98 115
98 53
98 32
101 135
101 40
102 124
102 79
102 130
102 18
102 9
103 124
103 24
103 143
103 45
104 96
104 11
104 2
104 4
105 40
105 41
105 136
105 24
105 10
106 146
106 68
108 10
108 146
108 48
108 111
110 71
110 7
110 95
110 139
110 147
110 6
110 134
110 137
111 37
111 144
111 141
111 97
111 123
113 13
113 52
113 65
113 40
114 132
114 101
114 148
115 28
115 90
115 50
115 117
116 87
116 121
116 147
117 96
117 79
118 115
118 25
118 37
118 65
119 93
119 140
119 90
119 102
120 131
120 93
120 68
120 78
120 97
120 50
121 29
122 136
123 23
123 29
123 121
123 6
124 8
124 94
125 134
125 116
125 77
125 37
126 17
126 78
126 33
127 111
127 43
127 29
128 111
128 79
128 132
128 62
128 144
128 33
129 104
129 45
129 15
129 110
129 84
129 20
129 125
130 89
130 101
130 11
130 121
130 83
130 4
130 123
130 84
131 105
131 28
131 94
131 53
132 61
132 143
132 9
132 37
132 135
132 8
133 93
133 27
133 79
133 148
133 30
134 30
135 113
135 122
135 76
135 88
135 2
135 70
136 103
137 128
137 102
137 84
137 74
137 98
137 43
138 61
138 129
138 95
138 70
138 86
139 5
139 143
140 71
140 97
140 26
140 55
140 139
140 102
141 24
141 42
141 26
142 42
142 73
142 56
142 13
142 30
143 43
143 86
143 122
143 148
143 85
144 91
144 85
144 132
145 83
145 7
145 130
146 132
146 108
146 50
146 124
146 95
147 48
147 120
147 89
147 44
147 79
147 5
147 46
147 115
147 1
