0 57
0 141
0 96
0 19
0 13
0 14
1 111
1 97
1 33
1 19
1 71
1 31
2 84
2 26
2 121
2 12
2 91
2 105
2 113
2 9
3 114
3 96
3 21
3 44
3 77
3 100
3 85
4 11
4 26
4 125
4 103
4 9
4 91
4 115
4 133
5 10
5 116
5 114
5 50
6 134
6 52
6 33
6 91
6 56
6 97
6 145
6 84
7 120
7 111
7 36
7 118
8 138
8 85
8 6
8 47
9 133
9 100
9 106
9 119
9 66
10 32
10 140
10 79
10 80
10 65
11 77
11 81
11 116
11 87
11 34
11 140
12 99
13 72
13 31
13 137
13 18
13 62
13 1
13 139
14 118
14 52
14 127
14 79
14 103
14 39
14 138
14 25
14 7
14 61
14 121
15 36
15 100
15 142
15 136
15 149
15 68
15 127
16 53
16 117
16 142
16 40
16 103
16 1
17 30
17 137
17 21
17 67
18 76
18 44
18 102
18 87
18 13
19 61
19 33
19 72
19 133
19 18
19 93
20 63
20 132
20 135
20 80
20 50
21 22
21 86
21 63
21 31
21 44
21 146
21 34
21 83
22 3
22 17
22 32
22 116
23 87
23 28
23 131
23 76
23 96
24 137
24 29
24 25
24 59
24 100
24 27
24 16
24 13
24 39
25 93
25 32
25 74
25 34
26 38
26 136
26 22
27 149
27 83
27 115
27 76
28 30
28 68
28 23
28 65
28 104
28 5
28 48
29 55
29 79
29 140
29 136
29 115
29 62
30 136
30 84
30 125
30 37
30 134
31 59
31 68
31 149
32 27
32 30
32 111
32 87
32 85
33 145
33 79
33 108
33 58
33 87
33 131
33 104
34 42
34 91
34 43
34 144
34 37
34 79
34 139
34 16
34 5
34 99
34 123
34 18
34 83
35 46
35 149
35 4
35 36
35 119
35 68
36 105
36 34
36 61
36 127
37 51
37 98
37 30
37 58
37 36
37 134
37 103
37 127
38 97
38 137
38 4
38 40
39 45
40 21
40 29
40 80
41 57
41 101
41 104
41 4
41 99
41 19
41 18
41 70
42 85
42 142
42 141
42 11
42 111
43 20
43 36
43 92
44 144
44 108
44 93
44 95
44 13
45 22
45 37
45 143
45 73
45 56
45 112
45 68
46 143
46 57
46 111
46 60
47 129
47 95
47 15
47 26
48 50
48 106
48 55
48 25
48 146
49 113
49 24
49 21
49 65
50 52
50 93
50 94
50 113
50 103
50 0
50 85
50 66
51 106
51 1
51 49
51 122
52 134
52 72
52 123
52 90
52 120
52 0
53 28
53 117
53 110
53 127
53 74
54 71
54 129
54 118
54 59
54 60
55 114
55 140
55 61
55 22
55 81
55 88
55 5
55 68
55 51
56 148
56 85
56 141
56 124
56 15
56 45
56 4
56 33
57 32
57 55
57 92
57 58
57 61
57 66
58 135
58 90
58 100
59 55
59 99
59 138
60 128
60 52
60 85
60 22
60 48
60 82
60 56
61 141
61 138
61 113
62 13
62 144
62 103
62 49
62 83
62 92
62 112
62 68
62 60
63 52
63 120
63 85
63 76
64 93
65 20
65 76
65 105
65 136
65 130
65 93
65 149
65 42
65 98
65 63
66 53
66 111
66 148
66 57
66 142
66 147
66 124
67 75
67 100
67 135
67 81
67 112
67 107
67 80
68 30
68 55
68 147
68 120
68 52
68 10
68 59
68 61
68 106
69 54
69 28
69 145
69 8
70 78
70 86
70 52
70 83
70 7
70 24
71 5
71 58
71 33
71 34
71 30
71 69
71 76
71 31
71 51
72 109
72 122
72 4
72 80
72 27
73 43
73 126
73 14
73 34
73 119
73 22
73 53
74 134
74 9
74 60
74 121
74 97
74 16
74 63
74 128
74 133
75 96
75 0
76 119
76 8
76 116
76 73
76 137
77 4
77 133
77 24
77 35
77 122
77 73
77 55
77 53
78 93
78 43
78 51
78 50
79 33
79 3
79 47
79 132
79 52
80 38
80 142
80 123
80 19
80 110
80 50
80 97
80 105
81 71
81 99
81 84
81 148
81 79
81 100
81 90
82 32
82 26
82 122
82 118
82 144
83 126
83 8
83 44
83 63
83 51
84 55
84 90
84 78
84 22
84 74
84 67
84 94
84 64
85 105
85 56
85 39
86 84
86 81
86 109
86 137
86 113
86 36
86 41
87 119
87 80
87 22
88 141
88 72
88 96
88 7
88 84
88 24
89 94
89 34
89 45
90 143
90 144
90 121
90 56
90 63
90 50
91 44
91 84
91 34
91 148
91 9
91 85
92 83
92 137
92 52
92 112
92 61
93 142
93 62
93 133
93 49
93 85
93 146
93 1
93 121
94 119
94 36
94 53
94 96
94 136
94 73
94 108
94 134
94 33
94 68
94 121
95 42
95 72
95 8
95 125
95 107
95 80
95 52
96 101
96 27
96 102
96 103
96 128
96 26
96 21
97 50
97 124
97 126
97 147
97 111
97 135
97 48
97 92
97 32
97 143
97 14
98 45
98 125
98 99
98 69
99 31
99 18
99 146
99 85
99 127
100 125
100 27
100 132
101 63
101 106
101 77
102 109
102 54
102 133
102 78
103 11
103 91
103 35
104 149
104 8
104 145
104 95
105 3
105 68
105 44
105 129
105 4
105 122
106 131
106 127
106 57
106 21
106 136
106 45
106 6
107 62
107 2
107 9
107 68
107 132
107 98
108 21
108 13
108 9
108 83
108 66
108 29
108 135
108 2
109 22
109 1
109 96
109 119
109 40
110 96
110 23
110 14
110 89
110 58
111 37
111 46
111 4
111 5
112 63
112 41
112 102
113 101
113 111
113 125
113 130
113 7
114 35
114 110
114 18
115 104
115 80
115 21
115 2
115 36
116 69
116 85
116 107
116 23
116 57
116 108
117 113
117 80
117 126
117 122
118 53
118 34
118 7
119 36
119 32
119 59
119 121
119 142
119 39
120 137
120 134
120 107
120 29
120 5
120 18
121 62
121 130
121 34
121 66
121 83
122 137
122 17
122 82
122 6
122 86
122 117
122 72
122 74
123 23
123 31
123 45
123 139
124 11
124 29
124 88
124 55
125 8
125 13
125 112
126 146
126 29
126 45
127 31
127 23
127 146
127 24
127 57
127 51
127 14
127 41
128 24
128 66
128 124
128 87
129 85
129 122
129 33
129 81
129 17
129 15
130 69
130 139
130 38
130 6
130 149
130 2
131 81
131 135
131 13
131 117
132 3
132 62
132 123
132 82
132 54
132 122
132 60
133 109
133 11
133 57
133 18
133 104
134 117
134 108
134 110
134 35
135 27
135 16
135 141
135 101
135 35
135 36
136 139
136 111
136 145
136 122
137 46
137 92
137 23
138 43
138 148
139 97
139 55
139 115
140 102
140 10
140 85
141 119
141 68
141 20
141 69
141 66
142 147
142 46
142 55
142 87
142 88
142 70
142 4
142 131
142 52
142 36
142 38
143 141
143 6
143 125
143 91
143 9
143 39
143 63
144 35
144 28
144 134
144 33
144 149
144 20
144 17
144 18
145 14
145 142
145 13
145 77
145 58
145 110
145 89
146 29
146 108
146 131
146 15
146 50
146 101
147 70
147 35
147 129
147 21
148 9
148 121
149 0
149 47
149 139
149 96
149 102
149 95
149 29
149 4
149 41
149 53
149 56
149 30
