1 261
1 235
4 1
6 1
6 4
7 157
8 3
8 126
9 7
9 6
9 278
11 7
13 3
13 8
13 126
13 33
13 81
15 1
15 4
15 150
15 226
15 113
19 7
19 11
24 273
24 226
29 149
29 126
31 21
32 7
32 11
33 1
33 4
33 15
34 3
34 8
37 7
37 11
37 165
41 1
41 4
41 6
43 3
43 8
43 296
49 7
49 133
53 7
53 9
54 1
54 164
54 165
54 99
54 85
54 150
55 3
55 8
55 43
55 99
55 182
55 278
56 7
56 9
56 108
56 182
56 246
56 289
57 7
57 9
57 53
57 221
57 289
57 149
57 37
58 3
58 8
68 7
68 9
68 53
68 165
73 7
73 9
75 1
75 7
75 87
76 7
76 9
76 53
78 1
79 1
79 133
79 43
81 3
81 8
81 120
81 255
85 21
85 31
85 6
85 165
85 15
85 151
85 34
87 7
87 11
95 3
95 8
99 7
108 1
109 7
109 200
109 11
109 288
109 133
113 3
113 8
113 133
114 7
114 11
114 291
114 57
114 8
118 7
118 11
118 32
120 1
120 108
126 13
126 37
126 196
126 118
126 221
132 3
132 8
132 43
133 7
133 202
133 249
135 7
135 9
135 56
137 7
137 246
137 182
137 21
137 3
137 76
141 1
141 4
145 7
145 9
145 53
145 68
148 1
148 4
148 6
148 238
148 126
148 221
148 207
149 3
149 8
149 43
150 21
151 1
157 3
157 8
157 37
157 149
163 1
163 4
163 55
163 288
163 43
163 54
163 21
163 246
163 113
164 7
165 3
165 8
165 43
165 13
165 24
169 1
169 4
169 6
169 164
169 109
169 43
169 29
175 29
176 7
176 137
182 3
182 8
183 7
183 11
183 68
183 291
187 3
187 8
187 34
187 296
187 240
191 3
191 8
191 43
192 3
192 8
196 7
196 9
196 56
197 3
197 8
197 113
197 7
197 290
197 207
197 246
198 3
198 8
198 43
198 95
198 261
198 118
198 13
200 1
200 4
200 6
200 41
202 3
202 8
207 3
207 8
207 43
209 3
209 8
209 81
221 7
221 49
224 1
224 87
224 75
224 196
226 1
226 4
226 6
226 202
226 53
232 1
232 4
232 6
232 32
232 197
232 8
233 3
233 8
233 58
233 108
235 7
235 109
235 145
235 232
235 282
235 226
235 163
235 191
238 1
238 11
238 226
238 270
240 1
240 56
240 176
240 109
240 53
240 169
246 21
246 31
246 85
246 255
249 7
249 34
249 291
249 109
249 175
250 1
250 4
250 15
255 3
255 8
255 182
255 87
255 7
255 289
255 233
255 43
255 33
259 3
259 24
259 19
261 3
261 8
261 43
261 151
268 3
268 8
268 15
268 246
268 43
268 261
268 278
270 1
270 4
270 6
270 148
270 233
270 176
270 202
273 3
273 8
276 7
276 9
276 56
276 135
276 164
276 200
278 3
278 8
278 43
278 149
278 15
278 164
278 114
282 1
282 4
282 6
282 148
288 1
288 4
288 79
288 261
288 198
288 196
289 1
289 4
289 15
290 1
290 4
290 15
290 33
290 55
290 165
290 182
290 68
291 1
291 4
291 6
291 148
291 270
296 7
296 165
296 79
