2 290
2 56
2 89
2 25
4 2
9 2
11 2
14 87
14 259
14 240
16 2
16 4
18 7
19 7
22 14
25 2
25 11
26 7
26 180
26 92
26 259
31 260
31 289
31 22
31 231
41 266
41 87
44 7
44 26
44 162
44 47
44 156
44 9
45 75
45 111
45 70
47 45
47 61
47 216
47 177
47 218
49 41
52 14
53 152
53 67
54 2
56 2
56 11
56 173
56 172
56 259
56 218
56 84
60 2
61 2
61 11
61 25
62 293
62 22
64 2
64 11
64 25
65 2
65 4
65 201
67 14
68 48
68 277
68 109
68 200
68 265
68 228
68 10
70 7
70 26
71 7
71 26
71 293
71 290
71 272
75 2
75 9
75 234
75 174
75 200
76 2
76 4
76 100
76 62
76 26
76 75
76 257
76 258
76 247
76 115
79 2
79 11
79 25
79 64
80 2
80 11
81 14
82 7
82 26
82 136
82 216
82 266
82 60
82 160
82 88
84 249
84 216
85 2
85 4
85 16
87 50
88 7
88 26
88 70
88 208
88 288
88 280
89 2
89 11
89 25
90 14
90 67
90 243
90 109
92 41
92 243
92 177
92 111
92 68
95 10
98 2
98 11
98 25
98 89
100 48
102 76
102 234
102 128
108 7
108 26
108 82
109 54
109 250
109 196
111 10
111 168
111 266
111 265
114 10
115 48
125 48
125 115
126 2
126 11
128 8
129 2
129 4
129 16
129 85
129 95
130 7
130 19
130 235
136 45
138 116
138 221
138 257
138 68
138 98
139 2
139 11
145 7
145 26
145 70
145 60
145 164
145 65
150 7
150 26
150 156
150 18
150 152
150 25
152 7
152 286
152 10
152 247
153 2
153 9
153 108
153 177
153 44
153 190
154 98
154 49
156 2
156 60
160 2
160 11
160 25
160 126
160 275
160 216
160 47
160 290
161 31
162 10
162 152
162 115
162 274
162 161
162 7
162 44
162 250
162 183
163 8
163 136
163 161
164 2
164 4
164 65
167 41
167 49
167 250
167 235
167 22
168 102
172 31
172 201
172 177
173 2
173 11
174 2
174 54
177 48
177 100
180 2
180 60
180 174
180 79
180 8
180 183
182 7
182 26
182 70
182 88
183 10
183 36
183 241
183 19
188 10
190 7
190 26
190 150
191 10
191 114
191 88
191 67
191 81
191 41
196 48
200 31
201 7
201 26
202 14
202 22
205 2
205 265
205 11
205 163
206 7
206 26
206 70
206 88
208 7
208 26
208 126
209 7
209 26
209 70
209 145
209 206
212 8
215 7
215 26
215 71
215 293
215 234
216 14
218 31
218 202
218 130
218 88
221 2
221 11
221 25
221 160
223 7
223 26
225 41
225 49
225 272
225 88
225 47
225 275
225 76
225 82
227 2
227 4
228 2
228 4
228 65
229 2
229 11
231 50
232 2
232 4
232 8
232 227
232 180
232 272
234 8
234 85
234 70
235 50
238 2
238 60
238 156
238 121
238 174
238 18
238 234
240 2
240 11
240 25
240 89
240 98
240 152
240 258
240 275
241 2
241 4
241 125
241 200
241 272
241 277
241 295
241 98
242 48
242 115
242 125
242 227
242 218
242 98
242 82
242 205
242 232
242 102
242 153
242 114
243 7
243 26
243 82
243 88
243 3
244 2
244 4
245 31
245 172
245 225
245 7
245 163
245 56
245 61
247 10
247 114
247 191
249 41
250 14
250 52
257 2
257 9
258 2
258 4
258 65
258 75
258 225
258 139
258 7
259 31
259 200
260 154
262 7
262 26
262 201
263 10
264 8
264 163
265 31
265 172
266 7
266 26
266 243
266 177
269 2
269 4
272 14
272 52
274 2
274 9
275 31
275 172
277 31
277 172
280 7
280 26
280 223
282 7
282 18
286 10
286 250
286 269
286 244
286 232
286 80
287 53
288 8
289 2
289 11
289 56
290 2
290 11
290 25
290 61
292 7
292 26
292 70
292 88
292 182
292 280
292 275
292 167
292 296
292 274
293 10
295 10
295 162
295 174
295 296
295 71
295 75
295 14
295 193
296 10
296 114
296 56
296 242
296 116
