2 25
2 56
2 89
2 290
2 RECV5
2 RECV11
2 RECV12
2 RECV15
2 RECV25
2 RECV37
2 RECV40
3 RECV11
3 RECV37
4 2
4 RECV0
4 RECV5
4 RECV11
4 RECV16
8 RECV1
8 RECV5
8 RECV14
8 RECV15
8 RECV39
9 2
9 RECV5
9 RECV26
10 RECV16
10 RECV22
11 2
14 87
14 240
14 259
14 RECV6
16 2
16 4
16 RECV6
18 7
19 7
22 14
22 RECV8
22 RECV31
25 2
25 11
26 7
26 92
26 180
26 259
31 22
31 231
31 260
31 289
36 RECV3
36 RECV10
36 RECV11
36 RECV29
41 87
41 266
44 7
44 9
44 26
44 47
44 156
44 162
44 RECV9
44 RECV20
44 RECV21
45 70
45 75
45 111
45 RECV17
47 45
47 61
47 177
47 216
47 218
47 RECV17
49 41
52 14
52 RECV25
53 67
53 152
53 RECV3
53 RECV31
54 2
54 RECV10
56 2
56 11
56 84
56 172
56 173
56 218
56 259
60 2
60 RECV38
61 2
61 11
61 25
62 22
62 293
64 2
64 11
64 25
65 2
65 4
65 201
65 RECV2
65 RECV21
65 RECV34
65 RECV37
67 14
68 10
68 48
68 109
68 200
68 228
68 265
68 277
68 RECV6
70 7
70 26
71 7
71 26
71 272
71 290
71 293
71 RECV3
71 RECV23
75 2
75 9
75 174
75 200
75 234
75 RECV26
76 2
76 4
76 26
76 62
76 75
76 100
76 115
76 247
76 257
76 258
76 RECV13
79 2
79 11
79 25
79 64
80 2
80 11
80 RECV36
80 RECV40
81 14
82 7
82 26
82 60
82 88
82 136
82 160
82 216
82 266
82 RECV39
84 216
84 249
85 2
85 4
85 16
85 RECV11
87 50
88 7
88 26
88 70
88 208
88 280
88 288
88 RECV35
89 2
89 11
89 25
90 14
90 67
90 109
90 243
92 41
92 68
92 111
92 177
92 243
95 10
98 2
98 11
98 25
98 89
100 48
100 RECV9
102 76
102 128
102 234
102 RECV19
108 7
108 26
108 82
109 54
109 196
109 250
111 10
111 168
111 265
111 266
111 RECV18
114 10
115 48
121 RECV11
125 48
125 115
126 2
126 11
126 RECV23
128 8
129 2
129 4
129 16
129 85
129 95
129 RECV12
129 RECV21
129 RECV39
130 7
130 19
130 235
130 RECV19
130 RECV27
136 45
136 RECV4
138 68
138 98
138 116
138 221
138 257
139 2
139 11
145 7
145 26
145 60
145 65
145 70
145 164
145 RECV15
150 7
150 18
150 25
150 26
150 152
150 156
152 7
152 10
152 247
152 286
152 RECV19
152 RECV21
153 2
153 9
153 44
153 108
153 177
153 190
153 RECV1
154 49
154 98
156 2
156 60
156 RECV29
156 RECV36
160 2
160 11
160 25
160 47
160 126
160 216
160 275
160 290
161 31
161 RECV10
162 7
162 10
162 44
162 115
162 152
162 161
162 183
162 250
162 274
162 RECV8
162 RECV13
163 8
163 136
163 161
164 2
164 4
164 65
167 22
167 41
167 49
167 235
167 250
168 102
172 31
172 177
172 201
173 2
173 11
174 2
174 54
174 RECV6
177 48
177 100
180 2
180 8
180 60
180 79
180 174
180 183
182 7
182 26
182 70
182 88
183 10
183 19
183 36
183 241
188 10
188 RECV41
190 7
190 26
190 150
191 10
191 41
191 67
191 81
191 88
191 114
196 48
200 31
201 7
201 26
202 14
202 22
202 RECV14
205 2
205 11
205 163
205 265
205 RECV0
206 7
206 26
206 70
206 88
208 7
208 26
208 126
209 7
209 26
209 70
209 145
209 206
212 8
215 7
215 26
215 71
215 234
215 293
216 14
218 31
218 88
218 130
218 202
218 RECV11
221 2
221 11
221 25
221 160
223 7
223 26
225 41
225 47
225 49
225 76
225 82
225 88
225 272
225 275
227 2
227 4
228 2
228 4
228 65
229 2
229 11
231 50
232 2
232 4
232 8
232 180
232 227
232 272
234 8
234 70
234 85
235 50
238 2
238 18
238 60
238 121
238 156
238 174
238 234
240 2
240 11
240 25
240 89
240 98
240 152
240 258
240 275
241 2
241 4
241 98
241 125
241 200
241 272
241 277
241 295
242 48
242 82
242 98
242 102
242 114
242 115
242 125
242 153
242 205
242 218
242 227
242 232
243 3
243 7
243 26
243 82
243 88
244 2
244 4
245 7
245 31
245 56
245 61
245 163
245 172
245 225
247 10
247 114
247 191
249 41
250 14
250 52
257 2
257 9
258 2
258 4
258 7
258 65
258 75
258 139
258 225
259 31
259 200
260 154
260 RECV18
260 RECV33
262 7
262 26
262 201
262 RECV2
262 RECV4
262 RECV8
262 RECV21
262 RECV41
263 10
263 RECV14
263 RECV28
263 RECV34
263 RECV41
264 8
264 163
265 31
265 172
265 RECV19
265 RECV25
266 7
266 26
266 177
266 243
266 RECV7
266 RECV33
269 2
269 4
269 RECV36
272 14
272 52
274 2
274 9
274 RECV12
274 RECV34
275 31
275 172
275 RECV12
275 RECV13
277 31
277 172
277 RECV23
280 7
280 26
280 223
282 7
282 18
282 RECV1
286 10
286 80
286 232
286 244
286 250
286 269
286 RECV20
287 53
288 8
288 RECV2
289 2
289 11
289 56
290 2
290 11
290 25
290 61
292 7
292 26
292 70
292 88
292 167
292 182
292 274
292 275
292 280
292 296
293 10
295 10
295 14
295 71
295 75
295 162
295 174
295 193
295 296
295 RECV41
296 10
296 56
296 114
296 116
296 242
296 RECV12
RECV0 4
RECV0 205
RECV0 RECV8
RECV0 RECV31
RECV1 8
RECV1 153
RECV1 282
RECV2 65
RECV2 262
RECV2 288
RECV3 36
RECV3 53
RECV3 71
RECV4 136
RECV4 262
RECV4 RECV6
RECV4 RECV30
RECV5 2
RECV5 4
RECV5 8
RECV5 9
RECV6 14
RECV6 16
RECV6 68
RECV6 174
RECV6 RECV4
RECV7 266
RECV7 RECV32
RECV8 22
RECV8 162
RECV8 262
RECV8 RECV0
RECV9 44
RECV9 100
RECV9 RECV39
RECV10 36
RECV10 54
RECV10 161
RECV11 2
RECV11 3
RECV11 4
RECV11 36
RECV11 85
RECV11 121
RECV11 218
RECV11 RECV22
RECV11 RECV31
RECV11 RECV34
RECV12 2
RECV12 129
RECV12 274
RECV12 275
RECV12 296
RECV13 76
RECV13 162
RECV13 275
RECV13 RECV18
RECV14 8
RECV14 202
RECV14 263
RECV14 RECV30
RECV14 RECV35
RECV14 RECV36
RECV15 2
RECV15 8
RECV15 145
RECV16 4
RECV16 10
RECV17 45
RECV17 47
RECV18 111
RECV18 260
RECV18 RECV13
RECV18 RECV22
RECV18 RECV38
RECV19 102
RECV19 130
RECV19 152
RECV19 265
RECV19 RECV19
RECV19 RECV24
RECV19 RECV30
RECV20 44
RECV20 286
RECV20 RECV21
RECV21 44
RECV21 65
RECV21 129
RECV21 152
RECV21 262
RECV21 RECV20
RECV21 RECV22
RECV22 10
RECV22 RECV11
RECV22 RECV18
RECV22 RECV21
RECV23 71
RECV23 126
RECV23 277
RECV23 RECV32
RECV24 RECV19
RECV24 RECV35
RECV25 2
RECV25 52
RECV25 265
RECV26 9
RECV26 75
RECV26 RECV32
RECV27 130
RECV27 RECV33
RECV28 263
RECV28 RECV29
RECV29 36
RECV29 156
RECV29 RECV28
RECV29 RECV32
RECV30 RECV4
RECV30 RECV14
RECV30 RECV19
RECV31 22
RECV31 53
RECV31 RECV0
RECV31 RECV11
RECV32 RECV7
RECV32 RECV23
RECV32 RECV26
RECV32 RECV29
RECV33 260
RECV33 266
RECV33 RECV27
RECV34 65
RECV34 263
RECV34 274
RECV34 RECV11
RECV34 RECV34
RECV34 RECV40
RECV35 88
RECV35 RECV14
RECV35 RECV24
RECV36 80
RECV36 156
RECV36 269
RECV36 RECV14
RECV37 2
RECV37 3
RECV37 65
RECV38 60
RECV38 RECV18
RECV39 8
RECV39 82
RECV39 129
RECV39 RECV9
RECV40 2
RECV40 80
RECV40 RECV34
RECV41 188
RECV41 262
RECV41 263
RECV41 295
