0 76
0 293
0 261
0 38
0 69
0 217
1 0
2 0
2 68
2 87
2 261
2 260
2 288
2 295
2 23
2 177
2 69
2 145
2 79
3 0
3 2
3 238
3 66
3 233
3 210
3 19
3 63
3 58
3 72
3 156
3 209
3 263
3 148
4 0
4 40
4 39
4 210
4 134
4 102
4 2
4 143
4 69
4 51
4 85
4 171
4 182
5 0
5 4
6 0
6 2
6 3
6 261
6 17
6 268
6 32
6 219
6 271
6 250
6 245
6 49
6 93
6 186
6 257
7 0
7 1
7 51
7 168
7 53
7 173
7 85
7 179
7 15
7 209
7 229
7 183
7 9
7 30
8 0
8 2
9 0
9 4
9 5
10 0
10 2
10 3
10 6
10 71
10 24
10 80
10 63
10 277
10 215
10 151
10 100
10 5
10 146
10 78
10 207
10 97
10 122
10 51
10 64
10 106
10 169
11 0
11 1
11 242
11 84
11 46
11 287
11 66
12 0
12 2
12 3
12 6
12 10
12 219
12 143
12 265
12 217
12 34
12 117
13 0
13 2
13 8
13 201
13 199
13 133
13 136
13 131
13 77
13 252
13 251
13 219
13 46
14 0
14 2
14 3
14 6
14 10
15 0
15 2
15 8
15 90
15 33
15 221
15 28
15 64
15 241
16 0
16 2
16 3
16 299
16 140
16 51
16 176
16 138
16 240
17 0
17 2
17 3
17 6
17 268
17 141
17 58
17 208
17 166
17 205
18 0
18 2
18 3
18 6
18 10
19 0
19 4
19 5
19 9
19 30
19 89
19 262
19 60
19 62
19 42
20 0
20 1
20 269
20 110
20 73
20 135
20 160
20 140
21 0
21 1
22 0
22 4
22 5
22 9
22 19
22 219
22 111
22 214
22 61
22 145
22 209
23 0
23 2
23 141
23 290
23 5
23 83
23 182
23 77
24 0
24 2
24 8
24 15
24 160
24 187
24 170
24 279
24 128
24 221
25 0
25 2
25 3
25 16
25 215
25 249
25 121
25 5
25 94
25 86
26 0
26 4
26 5
26 9
26 194
26 193
26 76
26 95
26 161
26 40
26 102
26 94
26 250
26 85
26 89
26 253
27 0
27 1
27 7
27 105
27 98
27 65
27 130
27 96
27 189
27 285
27 118
27 164
27 267
27 187
28 0
28 2
29 0
29 1
29 11
30 0
30 1
30 11
30 29
30 159
30 256
30 145
30 259
30 286
30 258
31 0
31 30
31 112
31 283
31 129
31 98
31 238
32 0
32 1
33 0
33 1
33 7
34 0
34 1
34 7
34 27
35 0
35 2
35 3
35 6
35 10
35 32
35 27
35 236
35 271
35 118
35 280
36 0
36 1
36 20
36 235
36 239
36 113
36 148
36 252
36 19
36 139
36 269
36 72
36 109
37 0
37 2
37 3
37 6
37 10
37 14
38 0
38 2
39 0
39 1
39 11
39 29
39 222
39 57
39 267
39 38
39 148
39 79
40 0
40 2
40 3
40 16
40 25
40 66
40 163
40 79
40 225
40 57
40 249
41 0
41 1
41 7
41 159
41 294
41 221
41 83
41 203
41 38
42 0
42 2
42 8
42 15
42 24
43 0
43 4
43 5
43 9
43 26
43 247
43 149
43 299
43 89
43 291
43 52
43 72
43 63
43 185
43 183
43 290
43 214
43 153
43 104
43 241
43 281
43 283
44 0
44 2
44 23
44 33
44 168
44 58
44 60
44 133
44 160
44 134
44 165
44 140
44 81
44 219
44 95
44 64
44 185
44 93
44 10
44 149
44 153
45 0
45 4
45 5
45 9
45 26
45 43
45 89
45 222
45 290
45 102
45 254
45 127
46 0
46 1
46 7
46 33
46 98
46 112
46 184
46 178
46 278
47 0
47 2
47 23
47 44
48 0
48 4
48 5
48 258
48 255
48 19
48 200
48 106
48 20
49 0
49 2
49 8
49 15
49 24
49 242
49 226
49 83
49 210
49 231
49 234
49 13
49 291
49 108
49 213
49 268
49 193
49 126
49 228
49 106
49 206
49 123
50 0
50 2
50 3
50 16
50 25
50 40
51 0
51 4
51 5
51 9
51 26
51 43
51 293
51 197
51 59
51 168
51 131
51 93
51 84
51 291
51 46
51 15
51 195
52 0
52 2
52 3
52 6
52 23
52 178
52 21
52 201
52 140
52 95
52 121
52 82
52 46
52 291
52 102
52 225
52 91
52 101
52 278
52 100
52 270
53 0
53 2
53 3
53 6
53 166
53 168
53 73
53 26
53 78
53 59
54 0
54 2
54 3
54 6
54 10
54 35
54 172
54 37
54 132
54 205
54 216
54 74
55 0
55 2
55 8
55 13
56 0
56 1
56 11
56 29
56 153
56 116
56 210
56 237
56 64
56 201
57 0
57 4
57 5
57 9
57 26
57 43
57 51
57 192
57 16
57 104
57 61
57 181
57 11
57 118
57 73
57 168
57 67
57 90
58 0
58 2
58 23
58 44
58 76
58 277
58 34
58 126
58 7
58 286
58 62
58 235
58 228
58 57
59 0
59 2
59 8
59 15
59 24
59 49
59 123
59 21
59 142
59 173
59 283
59 268
60 0
60 2
60 3
60 6
60 10
60 114
60 187
60 135
60 200
60 227
60 91
61 0
61 31
62 0
62 2
62 3
62 6
62 53
63 0
63 2
63 8
63 13
63 55
64 0
64 1
64 11
64 29
64 30
64 163
64 42
64 165
64 36
64 280
64 94
64 81
64 45
64 56
64 217
64 146
64 128
64 104
64 180
64 10
64 129
65 0
65 2
65 8
65 15
65 24
65 49
65 59
65 26
65 250
65 240
65 225
65 170
65 139
66 0
66 1
66 11
66 29
66 56
67 0
67 2
67 3
67 16
67 25
67 40
67 50
67 298
67 112
67 255
67 283
67 9
67 210
67 14
67 263
67 116
67 59
67 148
67 20
67 233
67 11
67 39
67 227
67 241
67 223
67 38
67 109
67 136
67 242
67 70
67 111
68 0
68 2
68 8
68 259
68 218
68 291
68 295
68 154
68 69
68 126
68 165
68 249
68 144
68 176
69 0
69 2
69 8
69 13
69 272
69 122
69 216
69 132
69 227
69 27
70 0
70 2
70 3
70 6
70 53
70 62
70 106
70 55
70 218
70 71
70 95
70 149
71 0
71 2
71 28
72 0
72 2
72 3
72 16
72 165
72 177
72 78
72 217
72 264
72 193
72 152
72 240
72 290
72 261
72 75
72 77
72 31
72 40
72 99
72 186
72 107
72 256
72 273
72 130
72 57
72 297
72 263
72 275
73 0
73 4
73 5
73 9
73 26
73 43
73 51
73 57
73 280
73 100
73 25
73 49
73 159
74 0
74 4
74 5
74 9
74 26
74 184
74 134
74 233
74 247
74 179
74 262
74 138
74 60
74 106
74 17
74 299
75 0
75 2
75 3
75 6
75 53
75 62
76 0
76 1
76 11
76 29
76 282
76 235
76 278
76 247
76 176
76 244
77 0
77 2
77 8
77 15
78 0
78 2
78 3
78 6
78 167
78 250
78 18
78 131
78 24
78 299
79 0
79 2
79 3
79 6
79 10
79 14
79 289
79 23
79 247
79 158
79 242
79 183
80 0
80 2
80 8
80 15
80 24
81 0
81 98
81 144
81 73
81 260
81 9
81 179
81 125
81 61
81 281
81 50
81 41
82 0
82 2
82 8
82 15
82 24
82 80
82 18
82 213
82 102
82 218
82 49
82 27
83 0
83 2
83 3
83 6
83 10
83 14
83 79
83 33
83 117
83 116
83 108
83 47
84 0
84 4
84 5
84 9
84 26
84 43
84 51
85 0
85 4
85 5
85 9
85 19
85 22
85 206
85 164
85 144
85 282
85 141
85 3
86 0
86 4
86 5
86 9
86 26
86 43
86 45
87 0
87 2
87 8
87 13
87 55
87 207
87 273
87 271
87 232
87 41
87 85
88 0
88 1
88 32
89 0
89 2
89 3
89 6
89 52
89 187
89 166
89 245
89 75
89 107
89 66
90 0
90 2
90 3
90 6
90 10
90 35
90 13
90 188
90 50
90 157
90 24
90 173
90 132
90 295
90 197
90 124
90 231
90 291
91 0
91 2
91 3
91 6
91 53
91 62
91 75
91 51
91 231
91 287
91 131
91 4
91 297
92 0
92 2
92 8
92 13
92 55
92 87
92 271
92 31
92 102
92 10
92 129
92 9
92 99
92 117
92 266
92 180
92 83
93 0
93 1
93 11
93 29
93 56
94 0
94 2
94 8
94 13
94 55
94 87
94 236
94 29
94 277
94 248
94 223
94 174
94 246
94 294
94 199
94 104
94 136
94 195
95 0
95 1
95 275
95 72
95 178
95 197
95 73
96 0
96 2
96 8
97 0
97 2
97 23
97 44
97 47
98 0
98 1
98 11
98 29
98 30
98 150
98 266
98 221
98 88
98 296
98 70
99 0
99 2
99 3
99 6
99 10
99 114
99 170
99 260
99 224
99 233
99 201
100 0
100 1
100 11
100 29
100 56
100 93
100 155
100 184
100 158
100 102
100 234
100 91
100 46
100 140
100 196
100 242
100 280
100 275
100 83
100 214
100 253
100 30
101 0
101 2
101 3
101 6
101 10
101 35
101 90
101 289
101 209
101 9
101 50
101 207
101 86
102 0
102 2
102 3
102 16
102 25
102 40
102 50
102 67
102 184
102 118
102 168
102 187
102 34
102 54
103 0
103 2
103 38
103 234
103 256
103 117
103 6
103 206
103 168
104 0
104 2
104 8
104 13
104 55
104 63
104 28
104 158
104 223
104 73
104 93
104 232
105 0
105 31
105 61
105 45
105 56
105 48
105 281
105 273
105 82
106 0
106 1
106 11
106 29
106 35
106 141
106 10
106 279
106 218
107 0
107 255
107 270
107 268
107 22
107 244
107 65
107 297
107 294
107 155
107 273
107 12
107 258
107 80
107 24
107 90
107 246
107 29
107 73
107 100
107 130
107 127
107 237
107 160
107 59
108 0
108 2
108 23
108 44
108 47
109 0
109 2
109 23
109 44
109 47
110 0
110 1
110 11
110 29
110 56
110 93
111 0
111 1
111 7
111 27
111 34
111 232
111 240
111 2
111 99
111 208
111 5
112 0
112 2
112 3
112 6
113 0
113 2
113 3
113 16
113 185
113 93
113 94
113 278
113 36
113 77
114 0
114 2
114 8
114 15
114 125
114 16
114 32
114 127
114 232
114 220
115 0
115 2
115 3
115 6
115 52
115 89
115 279
115 90
115 5
115 25
115 273
115 1
116 0
116 2
116 3
117 0
117 4
117 5
117 9
117 26
117 43
117 51
117 57
117 73
118 0
118 1
118 11
118 29
118 56
118 93
118 100
118 190
118 26
118 9
118 176
118 62
119 0
119 2
119 3
119 6
119 53
119 62
119 70
120 0
120 2
120 3
120 6
120 10
120 99
120 86
120 93
120 56
120 187
120 292
120 38
121 0
121 1
121 7
121 33
121 46
121 257
121 167
121 41
121 87
121 114
121 251
122 0
122 2
122 3
122 6
122 10
122 35
122 90
122 297
122 244
122 291
122 53
122 124
122 17
122 148
122 234
122 22
122 191
122 165
123 0
123 2
123 3
123 6
123 10
123 99
123 120
123 67
123 177
123 179
123 269
123 83
123 51
124 0
124 2
124 3
124 6
124 53
124 36
124 113
124 273
124 81
124 48
124 33
125 0
125 1
125 11
125 29
126 0
126 1
126 11
126 29
126 56
126 93
126 100
126 118
126 136
126 299
126 205
126 148
126 200
126 201
127 0
127 4
127 5
127 9
127 26
127 43
127 51
127 84
127 257
127 210
127 243
127 145
127 59
127 103
127 94
127 283
127 125
127 157
128 0
128 1
128 11
128 29
128 56
128 93
128 100
129 0
129 1
129 11
129 29
129 106
130 0
130 2
130 8
130 13
130 55
130 63
130 242
130 280
130 48
130 272
130 45
130 79
130 289
130 53
130 246
130 182
130 187
130 178
130 151
130 292
130 277
130 196
130 148
130 275
130 93
130 200
130 161
130 62
131 0
131 1
131 20
131 133
131 198
131 265
131 219
131 147
131 121
132 0
132 1
132 11
132 29
133 0
133 1
133 11
133 29
133 106
133 3
133 295
133 175
133 164
133 21
133 235
134 0
134 4
134 5
134 9
134 26
134 74
135 0
135 4
135 5
135 9
135 19
135 22
136 0
136 2
136 3
136 16
136 25
136 40
136 50
136 67
136 102
137 0
137 2
137 23
137 44
137 47
137 108
138 0
138 2
138 3
138 6
138 10
138 35
138 90
138 101
138 167
138 122
138 191
138 180
138 157
138 106
138 41
138 123
138 24
138 70
138 174
138 176
139 0
139 1
139 7
139 33
140 0
140 1
140 11
140 29
140 56
140 66
140 80
140 284
140 46
140 227
140 96
140 282
140 50
140 264
140 274
140 266
140 231
140 163
141 0
141 2
141 8
141 13
141 55
141 63
141 130
141 100
141 242
141 297
141 197
141 10
141 268
142 0
142 2
142 3
142 16
142 25
142 40
142 50
143 0
143 2
143 3
143 16
143 25
143 40
144 0
144 2
144 8
144 15
144 24
144 49
144 59
144 1
144 58
144 239
144 128
144 96
144 262
144 26
144 156
144 220
144 106
144 62
144 174
144 152
144 246
144 291
144 150
144 283
144 120
144 268
144 122
144 32
144 255
144 153
145 0
145 81
146 0
146 1
146 7
146 33
147 0
147 2
147 3
147 6
147 10
147 35
147 90
147 101
148 0
148 1
148 11
148 29
148 132
148 268
148 194
148 167
148 257
148 264
148 121
149 0
149 2
149 3
149 6
149 53
149 270
149 280
149 254
149 30
149 215
149 227
150 0
150 1
150 11
150 29
150 106
150 129
150 281
150 213
150 164
150 298
150 140
150 222
151 0
151 1
151 7
151 41
152 0
152 2
152 8
152 15
152 24
152 292
152 39
152 159
152 30
152 297
153 0
153 2
153 3
153 6
153 10
153 35
153 54
154 0
154 4
154 94
154 18
154 112
154 60
154 32
154 218
155 0
155 2
155 23
155 44
155 47
155 97
156 0
156 1
156 11
156 29
156 56
156 93
156 110
157 0
157 1
157 7
157 41
157 45
157 223
157 88
157 122
157 36
157 185
157 14
157 86
157 22
157 170
157 120
158 0
158 2
158 8
158 15
158 24
158 42
158 23
158 26
158 188
158 211
158 189
158 183
159 0
159 1
159 11
159 124
159 62
159 244
159 6
159 120
159 123
159 175
159 25
159 37
159 7
159 171
159 152
160 0
160 2
160 3
160 6
160 53
160 62
160 191
160 190
160 143
160 180
160 193
160 138
161 0
161 1
161 11
161 29
161 106
161 129
162 0
162 1
162 7
162 33
162 46
162 121
163 0
163 2
163 8
163 15
163 131
163 243
163 138
163 133
163 233
163 226
163 298
163 280
163 109
163 98
163 54
163 227
164 0
164 2
164 3
164 6
164 10
164 35
164 90
164 101
164 147
165 0
165 2
165 3
165 6
165 10
165 60
166 0
166 1
166 11
166 29
166 56
166 93
166 100
166 118
167 0
167 1
167 7
167 41
167 157
168 0
168 2
168 8
168 15
168 24
168 49
168 59
168 144
169 0
169 1
169 11
169 29
169 30
169 64
169 187
169 174
169 279
169 126
169 210
169 240
169 53
169 200
169 10
169 46
169 85
169 284
170 0
170 2
170 23
170 44
170 47
170 109
170 296
170 22
170 111
170 77
170 212
170 230
171 0
171 1
171 11
171 29
171 56
171 93
171 110
171 224
171 237
171 153
171 148
171 295
171 94
171 168
171 180
171 41
171 53
171 23
172 0
172 2
172 3
172 16
172 25
172 40
172 143
172 173
172 211
172 216
172 157
172 41
172 271
173 0
173 2
173 8
173 13
173 55
173 63
173 130
173 141
174 0
174 4
174 5
174 9
174 26
174 74
175 0
175 4
175 5
175 9
175 26
175 43
175 51
175 57
175 73
175 117
175 258
175 105
175 18
175 133
175 145
175 182
175 279
175 195
175 233
175 10
175 264
175 41
176 0
176 2
176 8
176 15
176 24
176 80
176 82
177 0
177 2
177 8
177 15
177 77
177 194
177 129
177 1
177 297
177 5
177 57
177 170
177 165
177 137
177 217
177 99
178 0
178 2
178 3
178 6
178 53
178 62
178 70
178 119
178 296
178 179
178 242
178 100
178 23
178 220
178 133
178 99
178 191
178 289
178 177
178 198
179 0
179 1
179 11
179 29
179 76
180 0
180 1
180 11
180 29
180 56
180 93
180 110
180 171
181 0
181 2
181 3
181 6
181 10
181 14
181 79
181 83
182 0
182 1
182 7
182 41
182 196
182 89
182 292
182 205
182 256
182 289
183 0
183 2
183 3
183 16
183 25
183 40
183 143
183 172
184 0
184 1
184 11
184 29
184 30
184 64
185 0
185 2
185 8
185 15
185 114
185 234
185 73
185 205
185 23
185 233
186 0
186 4
186 5
186 9
187 0
187 2
187 8
187 68
188 0
188 4
188 5
188 9
188 19
189 0
189 4
189 5
189 9
189 26
189 43
189 51
189 149
189 58
189 89
189 215
189 31
189 214
190 0
190 1
190 11
190 29
190 56
190 93
190 110
191 0
191 2
191 8
191 68
191 187
191 99
191 218
191 145
191 119
191 154
191 46
192 0
192 1
193 0
193 2
193 8
193 15
193 24
193 49
193 59
193 65
193 133
193 78
193 71
193 198
193 93
193 224
194 0
194 4
194 5
194 9
194 19
194 188
195 0
195 2
195 23
195 44
195 47
195 109
195 170
195 187
195 210
195 51
195 133
195 82
195 3
196 0
196 2
196 3
196 6
196 10
196 12
196 147
196 56
196 253
196 138
196 208
196 72
196 48
196 52
196 157
196 274
196 130
196 145
197 0
197 4
197 5
197 9
197 26
197 43
197 51
197 84
197 127
197 182
197 140
197 199
197 245
197 248
198 0
198 4
198 5
198 9
198 26
198 74
198 174
199 0
199 2
199 3
199 6
199 10
199 35
199 54
199 134
199 150
199 232
199 206
199 227
199 73
200 0
200 2
200 3
200 6
200 10
200 35
200 54
201 0
201 2
201 8
201 13
201 55
201 87
201 94
201 79
201 92
201 284
201 70
201 294
201 210
201 29
201 168
201 159
201 256
201 293
201 179
201 273
201 12
201 24
201 172
201 66
202 0
202 2
202 8
202 15
202 24
202 42
202 195
202 272
202 125
202 118
202 257
202 9
202 150
202 187
202 20
202 201
202 246
203 0
203 1
203 7
203 33
203 46
203 121
203 162
203 159
203 252
203 221
203 190
203 91
203 24
204 0
204 4
204 5
204 9
204 26
204 43
204 51
204 57
204 73
204 117
204 278
204 188
204 162
204 94
204 201
204 168
204 161
204 156
204 166
204 115
204 285
204 141
204 116
204 251
204 80
204 123
204 35
204 191
204 34
204 128
204 222
204 273
205 0
205 2
205 23
205 44
205 47
205 109
205 170
205 55
205 236
205 252
205 258
205 246
205 227
206 0
206 1
206 11
206 29
206 76
206 179
206 113
206 90
206 162
206 189
206 129
206 283
206 240
206 175
206 200
206 99
206 245
206 137
207 0
207 2
207 3
207 6
207 10
207 35
208 0
208 2
208 3
208 16
208 72
208 58
208 291
208 117
208 60
208 269
208 200
208 46
208 100
208 268
208 259
208 61
208 286
208 92
208 195
208 221
208 273
208 266
208 180
209 0
209 2
209 3
209 6
209 53
209 62
209 118
209 201
209 50
209 214
209 15
209 81
210 0
210 2
210 8
210 15
210 163
210 58
210 90
210 123
210 104
210 160
210 105
211 0
211 2
211 23
211 44
211 47
211 97
211 155
211 228
211 102
211 17
211 29
211 270
211 111
212 0
212 4
212 5
212 9
212 26
212 43
212 51
212 57
212 73
212 23
212 122
212 119
212 113
212 116
213 0
213 1
213 11
213 29
213 106
213 129
213 61
213 196
213 138
213 249
213 182
213 162
214 0
214 2
214 28
214 71
214 207
214 115
214 149
214 73
214 236
214 155
215 0
215 31
216 0
216 2
216 3
216 6
216 78
216 51
216 96
216 90
216 173
216 270
216 166
216 69
216 191
216 273
216 22
216 101
216 208
217 0
217 1
217 11
217 29
217 56
217 93
217 130
217 68
217 131
217 23
218 0
218 2
218 3
218 16
218 25
218 40
218 50
218 67
218 102
219 0
219 2
219 23
220 0
220 2
220 23
220 44
220 47
220 109
220 170
220 195
221 0
221 2
221 8
221 15
221 154
221 257
221 6
221 171
221 63
221 123
222 0
222 2
222 3
222 6
222 10
222 99
222 75
222 204
222 193
222 223
222 150
222 56
222 79
222 47
222 149
222 174
222 225
222 101
223 0
223 1
223 7
223 33
223 139
224 0
224 2
224 3
224 6
224 53
224 62
224 209
224 87
224 107
224 8
224 24
224 143
224 252
224 201
224 223
224 212
224 228
224 183
224 292
225 0
225 4
225 5
225 9
225 26
225 43
225 51
225 189
225 40
225 96
225 266
225 185
225 233
225 248
225 295
225 270
225 236
225 54
225 47
225 183
226 0
226 4
226 5
226 48
226 2
226 164
226 261
226 130
226 194
226 195
227 0
227 2
227 8
227 13
227 55
227 87
227 94
227 201
227 253
227 148
227 74
227 6
227 242
227 257
228 0
228 2
228 3
228 6
228 10
228 14
228 37
228 36
228 254
228 83
228 184
228 5
228 34
228 242
228 77
228 203
228 185
228 107
229 0
229 1
229 7
229 33
229 46
229 121
229 162
230 0
230 2
230 3
230 16
230 25
230 40
230 143
230 172
231 0
231 2
231 3
231 6
231 10
231 35
231 90
231 101
231 138
232 0
232 1
232 7
232 41
232 157
232 167
233 0
233 2
233 28
234 0
234 2
234 8
234 15
234 24
234 80
234 81
234 129
234 72
234 59
234 251
234 272
235 0
235 1
235 11
235 29
235 56
235 93
235 217
236 0
236 1
236 7
236 41
236 157
236 263
236 9
236 216
236 154
236 23
236 172
237 0
237 2
237 3
237 6
237 52
237 89
237 124
237 200
237 202
237 183
237 266
237 280
237 101
237 257
237 196
237 184
237 249
238 0
238 2
238 8
238 15
238 114
238 66
238 296
238 89
238 9
238 99
239 0
239 1
239 95
239 39
239 227
239 5
239 213
239 181
239 28
240 0
240 2
240 8
240 13
240 55
240 87
240 94
240 201
240 86
240 245
240 116
240 99
240 275
240 123
240 289
240 216
240 29
240 40
241 0
241 2
241 3
241 6
241 10
241 14
241 79
241 83
241 147
241 122
241 107
241 259
241 101
242 0
242 2
242 3
242 6
242 10
242 35
242 90
242 122
242 48
242 234
242 148
242 185
242 253
242 203
242 151
242 135
242 263
242 71
242 281
242 124
242 18
242 295
242 120
242 232
242 276
243 0
243 2
243 3
243 6
243 53
243 62
243 160
244 0
244 2
244 23
244 44
244 47
244 108
244 249
244 274
244 135
244 31
244 174
244 265
244 270
244 64
244 236
244 271
244 202
244 213
244 298
244 276
244 93
244 92
244 125
244 142
244 164
244 110
244 239
244 24
245 0
245 2
245 8
245 13
245 55
245 87
245 94
245 201
245 240
246 0
246 1
246 32
247 0
247 2
247 3
247 6
247 10
247 14
247 79
247 83
247 51
247 219
247 284
247 33
247 285
248 0
248 4
248 5
248 9
248 19
248 188
249 0
249 1
249 11
249 29
249 76
250 0
250 1
250 11
250 29
250 30
250 236
250 249
250 298
250 171
250 15
250 281
250 109
250 155
250 217
250 14
250 214
250 262
250 105
250 43
250 280
250 168
251 0
251 2
251 3
251 6
251 10
251 35
251 90
251 101
251 147
251 164
251 254
251 239
251 276
251 153
251 12
252 0
252 1
252 7
252 33
252 46
252 121
252 162
253 0
253 2
253 3
253 16
253 25
253 40
253 143
253 172
253 183
253 163
253 156
253 124
253 41
253 208
254 0
254 2
254 3
254 6
254 53
254 62
254 75
254 91
254 125
254 173
254 216
254 287
254 18
254 77
255 0
255 2
255 23
255 44
255 47
256 0
256 1
256 11
256 29
256 56
256 93
256 217
256 235
257 0
257 2
257 3
257 6
257 10
257 99
257 120
258 0
258 2
258 8
258 15
258 24
258 42
258 158
259 0
259 2
259 23
259 44
259 47
259 109
259 170
259 195
260 0
260 2
260 28
260 233
261 0
261 2
261 3
261 6
261 10
261 14
261 79
261 83
261 247
262 0
262 2
262 8
262 15
262 24
262 80
263 0
263 2
263 23
263 44
263 58
264 0
264 2
264 23
264 44
265 0
265 1
265 32
265 246
265 2
265 171
265 73
265 42
265 234
265 66
266 0
266 2
266 3
266 16
266 25
266 40
266 50
267 0
267 1
267 7
267 27
268 0
268 2
268 3
268 6
268 10
268 12
268 21
268 76
268 118
268 293
268 214
268 11
269 0
269 1
269 192
269 232
269 91
269 93
269 179
269 293
269 188
269 254
269 94
269 186
269 202
269 164
270 0
270 2
270 3
270 16
270 25
270 40
270 143
270 172
270 183
270 59
270 233
270 37
270 132
270 97
271 0
271 2
271 3
271 6
271 10
271 35
271 90
271 101
271 138
272 0
272 2
272 3
272 6
272 53
272 62
272 70
272 119
272 234
272 99
272 282
272 88
272 17
272 101
272 60
272 264
272 222
272 172
272 263
273 0
273 2
273 3
273 16
273 25
273 61
273 299
273 164
273 209
273 4
273 201
274 0
274 1
274 11
274 29
274 56
274 93
274 110
274 171
274 180
275 0
275 2
275 3
275 6
275 52
275 89
275 279
275 194
275 127
275 149
275 299
275 193
276 0
276 2
276 8
276 13
276 55
276 63
276 130
277 0
277 1
277 11
277 29
277 56
277 93
277 217
277 235
277 144
277 249
277 268
277 49
277 4
277 222
278 0
278 1
278 32
278 291
278 279
278 247
278 187
278 190
278 3
279 0
279 2
279 3
279 6
279 57
279 73
279 162
279 231
279 47
279 58
279 206
279 236
279 106
279 157
279 15
279 5
279 64
279 153
279 221
279 29
279 284
279 128
279 60
279 151
279 174
279 256
279 194
279 271
279 227
279 32
279 152
279 136
279 121
279 261
280 0
280 4
280 5
280 48
281 0
281 1
281 11
281 29
281 56
281 93
281 100
281 27
281 274
281 4
281 124
281 256
281 291
282 0
282 2
282 23
282 44
282 47
282 97
283 0
283 2
283 3
283 6
283 17
283 212
283 58
283 200
283 52
283 225
283 218
283 122
283 186
283 233
283 29
283 163
283 70
283 161
283 86
283 7
283 180
283 219
284 0
284 2
284 3
284 16
284 25
284 40
284 50
284 202
284 293
284 239
284 146
284 110
284 203
285 0
285 2
285 3
285 6
285 10
285 35
285 54
285 199
285 280
285 295
285 190
285 289
285 70
285 194
286 0
286 2
286 3
286 6
286 53
286 62
286 75
286 91
286 154
286 46
286 173
286 215
286 199
286 124
286 36
286 295
286 276
286 239
287 0
287 4
287 5
287 9
287 26
287 43
287 45
287 86
288 0
288 2
288 8
288 15
288 24
288 42
288 202
289 0
289 1
289 11
289 29
289 106
289 129
289 213
290 0
290 2
290 3
290 6
290 10
290 35
290 90
290 70
290 38
290 160
290 75
290 229
290 235
291 0
291 2
291 3
291 6
291 53
291 149
291 284
291 10
291 184
291 111
291 146
291 46
292 0
292 1
292 11
292 29
292 56
292 66
292 140
293 0
293 2
293 3
293 6
293 10
293 35
293 54
293 200
293 110
293 231
293 108
293 17
293 100
294 0
294 2
294 3
294 16
294 72
294 67
294 190
294 158
294 20
294 237
294 272
294 128
294 22
294 102
294 203
294 297
295 0
295 1
295 32
295 246
295 64
295 261
295 126
295 176
295 27
295 192
295 121
295 130
295 68
295 7
295 22
295 39
295 103
295 71
295 54
295 273
295 299
295 249
296 0
296 1
296 7
296 33
296 139
297 0
297 1
297 11
297 159
298 0
298 2
298 3
298 6
298 10
298 35
298 90
298 101
299 0
299 1
299 11
299 29
299 132
299 235
299 191
299 283
299 85
299 12
299 260
