2 249
2 236
2 10
3 2
5 36
5 236
5 168
5 68
7 2
7 3
8 2
8 3
8 7
8 200
8 154
9 1
10 6
11 2
11 3
11 148
11 232
14 6
15 6
15 14
15 253
15 181
16 6
16 14
16 80
16 8
17 4
17 278
17 76
17 182
19 2
19 3
21 1
21 9
23 1
23 9
25 2
25 3
25 7
25 188
25 49
25 34
29 6
29 14
29 16
30 2
30 3
30 11
30 216
30 48
32 5
33 2
33 3
33 19
33 72
33 39
34 5
34 32
36 2
36 3
37 5
39 1
39 9
39 23
42 6
42 95
42 282
48 2
48 3
48 7
49 6
49 10
49 109
49 232
49 222
49 51
49 202
49 73
49 88
49 131
49 278
49 151
49 285
49 276
49 292
49 259
51 1
54 2
54 3
54 19
54 33
54 169
57 1
57 9
57 23
60 1
60 9
60 166
60 174
61 6
63 2
63 3
63 7
64 5
65 6
65 14
65 16
65 29
65 146
65 282
65 83
65 158
67 6
67 10
68 2
68 3
68 19
68 14
68 263
68 292
68 158
70 6
70 14
70 16
70 29
71 6
71 14
71 285
71 10
71 49
71 169
72 2
72 261
72 212
72 295
72 235
72 232
72 10
72 49
72 95
72 71
72 247
72 147
73 6
73 14
73 16
73 200
73 36
73 267
75 6
75 14
75 16
75 29
75 158
75 235
75 51
76 2
80 6
80 14
80 108
80 241
80 282
83 1
83 9
83 236
83 154
83 222
86 4
88 6
88 14
88 16
88 29
88 65
88 89
88 188
89 4
89 86
89 254
89 285
89 241
89 199
90 6
90 14
90 16
93 2
93 3
93 7
95 6
95 14
95 72
95 21
95 153
98 6
98 14
100 2
100 3
100 7
100 8
101 2
101 3
101 36
101 193
101 214
101 278
101 275
101 202
103 2
103 3
103 19
103 33
103 100
103 34
103 30
103 110
108 6
108 42
109 2
109 3
109 7
109 8
109 100
110 6
110 14
110 80
120 6
120 14
120 16
120 90
120 95
120 63
120 67
120 188
120 138
126 6
126 14
126 16
126 29
127 6
127 10
127 291
127 254
127 172
127 49
130 6
130 14
130 98
131 1
131 9
131 21
137 2
137 3
137 7
137 63
138 6
138 14
138 16
138 29
138 131
138 83
138 64
138 109
144 2
144 3
144 11
144 64
144 248
144 244
144 200
146 6
146 14
146 16
146 29
146 172
146 93
146 169
146 285
147 6
147 14
147 16
147 29
147 70
148 1
148 51
150 4
150 17
151 2
151 3
151 7
151 34
151 39
151 86
151 75
151 168
153 6
153 14
153 16
154 1
154 9
154 60
158 2
158 3
158 19
159 6
159 14
159 80
162 6
164 6
164 14
164 15
165 2
165 3
165 7
165 8
166 2
166 3
166 19
166 68
167 6
167 14
167 16
167 29
167 267
167 42
167 67
168 6
168 14
168 16
168 29
169 6
169 14
169 16
169 29
169 70
169 21
169 172
170 6
170 42
170 138
170 120
172 2
172 3
172 19
172 68
172 166
174 1
174 51
174 166
174 120
174 19
174 172
174 93
175 2
175 3
175 11
175 30
177 6
177 14
177 95
177 253
177 170
177 72
177 182
177 203
177 261
177 21
177 148
177 192
177 183
177 10
181 1
181 9
181 60
182 6
182 14
182 16
183 1
183 51
183 275
183 252
183 9
183 89
184 6
184 14
184 16
184 29
188 2
188 3
188 19
188 33
188 1
188 166
188 51
188 184
188 289
190 6
190 42
192 2
192 3
192 7
192 8
192 100
193 6
193 14
193 16
193 29
193 168
193 234
193 11
193 95
193 200
193 270
193 235
193 295
193 253
199 2
199 3
199 7
199 8
199 32
199 267
199 291
199 137
199 147
199 110
200 6
200 14
200 16
200 29
200 70
200 147
200 215
200 109
202 2
202 3
202 19
202 158
202 170
202 120
202 245
203 6
203 10
203 127
206 1
206 110
206 73
206 284
206 282
212 2
212 3
212 19
212 33
212 54
214 2
214 3
214 19
214 33
214 54
214 126
214 100
214 259
214 247
215 6
215 14
215 16
216 5
216 37
217 2
217 3
217 7
217 151
220 2
220 3
220 36
220 200
220 291
221 6
221 10
221 127
221 203
222 6
222 162
222 100
222 284
222 57
222 61
222 274
222 137
226 1
226 9
228 2
228 3
228 19
228 33
228 103
232 6
232 14
232 16
234 2
234 3
234 7
234 151
235 2
235 3
235 7
235 8
235 199
236 6
236 14
236 16
236 29
236 70
241 6
241 14
241 15
241 164
244 6
244 42
244 108
245 6
245 14
245 80
245 159
247 2
247 3
247 7
247 48
247 203
247 64
248 6
248 14
248 16
248 29
249 6
249 14
249 16
249 153
250 2
250 3
250 11
250 144
250 88
250 70
250 214
250 89
252 2
252 3
252 7
252 8
252 33
252 169
253 6
253 14
253 98
253 126
253 153
253 36
253 34
253 19
253 150
253 215
253 89
254 2
254 3
254 7
254 65
254 267
254 73
254 108
255 6
255 14
255 16
255 232
255 57
255 267
255 170
255 214
255 184
255 54
259 2
259 3
259 36
260 6
260 10
260 263
260 284
260 15
260 95
261 2
261 3
261 19
261 68
261 166
261 172
261 273
261 190
261 183
261 120
261 11
263 2
263 3
263 7
263 8
267 6
267 14
267 16
267 153
267 120
267 214
267 245
267 175
267 289
270 162
270 244
270 215
270 147
273 2
273 3
273 11
273 30
274 6
274 14
274 16
274 29
274 65
275 6
275 14
275 16
276 1
276 9
276 226
276 285
276 184
276 255
276 150
276 80
276 170
278 1
278 255
278 93
278 275
278 108
278 203
278 294
278 247
279 6
279 42
279 108
279 244
281 1
281 9
282 2
282 3
282 7
282 8
284 1
284 51
284 174
285 1
285 278
289 6
289 42
289 146
291 4
291 17
291 71
291 108
291 234
291 188
291 221
291 19
292 6
292 61
294 1
294 9
294 83
295 1
295 9
295 83
295 294
296 5
