0 16
0 165
0 254
0 197
0 64
0 104
1 0
1 189
1 292
1 76
1 13
1 42
1 236
2 0
3 0
3 113
3 265
3 227
3 85
3 153
3 200
3 177
3 23
3 163
3 193
3 285
3 174
4 0
4 3
4 192
4 183
4 146
4 264
4 277
4 70
4 128
4 157
4 164
4 81
4 52
4 231
5 0
5 3
5 23
5 259
5 19
5 150
5 182
5 79
5 166
5 175
5 94
5 29
5 66
5 100
5 231
5 41
5 56
5 30
5 60
5 86
6 0
6 3
6 4
6 86
6 289
6 249
6 111
6 190
6 110
6 159
6 20
6 180
6 236
7 0
7 2
7 245
7 295
7 72
7 30
7 73
7 89
7 133
7 185
7 187
7 211
7 103
7 102
8 0
8 3
8 4
8 133
8 285
8 281
8 223
8 155
8 276
9 0
9 3
9 177
9 205
9 189
9 66
9 31
9 237
10 0
10 2
10 7
10 197
10 212
10 110
10 61
10 78
11 0
11 3
11 9
12 0
12 3
12 9
12 285
12 198
12 232
12 195
12 23
12 78
13 0
13 3
13 161
13 77
13 89
13 147
13 24
13 144
13 141
13 250
13 213
13 159
13 186
13 200
14 0
14 3
14 9
14 11
14 96
14 7
14 2
14 128
14 272
14 82
15 0
15 1
15 38
15 118
15 88
15 63
15 279
15 268
16 0
16 230
16 210
16 224
16 220
16 54
16 159
16 53
16 102
16 89
16 142
16 45
16 186
17 0
17 3
17 5
18 0
18 3
18 9
19 0
19 3
19 9
19 11
19 220
19 242
19 219
19 164
19 53
19 96
20 0
20 3
20 9
20 11
20 19
20 278
20 207
20 83
20 274
20 244
20 100
21 0
21 3
21 221
21 228
21 97
21 80
21 255
21 114
22 0
22 3
22 9
22 70
22 109
22 157
22 293
22 147
22 63
22 279
22 225
22 199
22 88
22 95
22 182
23 0
23 3
23 4
23 158
23 202
23 30
23 195
23 140
23 172
23 36
23 130
23 26
23 194
23 87
23 133
23 212
23 69
23 204
23 249
23 228
23 191
23 89
23 72
23 235
23 77
23 100
23 96
24 0
24 3
24 9
24 22
24 201
24 56
24 120
24 113
24 148
24 188
25 0
25 3
25 5
25 17
25 264
25 13
25 74
25 49
25 127
25 179
26 0
26 3
26 9
27 0
27 16
28 0
28 3
28 9
28 22
28 24
28 217
28 132
28 2
28 201
28 227
28 149
28 215
28 155
28 100
28 208
28 238
29 0
29 3
29 9
29 165
29 291
29 253
29 248
29 163
29 240
30 0
30 3
30 46
30 36
30 140
30 12
30 80
30 194
30 171
30 125
30 195
30 90
30 31
31 0
31 16
31 18
31 79
31 272
31 10
31 78
31 211
31 77
31 112
31 88
31 133
31 92
32 0
32 3
32 9
32 11
32 19
32 110
32 187
32 195
32 176
32 90
32 42
33 0
33 3
33 13
33 207
33 45
33 56
33 260
33 280
33 109
34 0
34 3
34 4
34 23
35 0
35 3
35 4
35 6
35 196
35 51
35 53
35 268
35 52
35 171
35 216
35 159
35 221
35 68
35 136
35 23
36 0
36 3
36 4
37 0
37 1
37 156
37 293
37 128
37 15
37 116
37 269
37 75
37 73
37 250
37 281
37 229
37 262
37 280
37 143
37 26
37 45
37 106
37 273
37 227
37 241
37 286
37 252
37 95
37 92
38 0
38 16
38 27
39 0
39 3
39 5
39 17
39 25
40 0
40 3
40 9
40 26
40 15
40 285
40 189
40 273
41 0
41 3
41 21
42 0
42 3
42 4
43 0
43 3
43 4
43 219
43 82
43 233
43 177
43 115
43 33
44 0
44 3
44 9
44 11
44 19
45 0
45 16
45 27
45 38
45 149
45 63
45 48
45 98
45 273
45 144
46 0
46 1
46 15
46 145
46 44
46 21
46 133
46 198
46 43
46 285
46 118
46 212
46 28
46 137
46 240
47 0
47 3
47 4
47 73
47 144
47 42
47 201
47 274
47 240
48 0
48 16
48 27
48 38
48 45
48 34
48 144
48 199
48 79
48 87
48 194
48 184
48 251
48 73
48 32
48 59
48 54
49 0
49 3
49 13
49 33
49 225
49 297
49 93
49 209
49 255
49 188
49 97
49 32
49 45
49 36
49 57
49 190
50 0
50 3
50 4
50 6
50 35
50 223
50 57
50 185
50 65
50 251
50 160
51 0
51 3
51 9
51 29
51 285
51 59
51 235
51 217
51 243
51 86
52 0
52 3
52 9
52 22
53 0
53 3
53 9
53 11
53 19
53 236
53 257
53 216
53 231
53 160
53 145
54 0
54 3
54 5
54 17
54 25
55 0
55 3
55 9
55 29
55 51
55 213
55 40
55 126
55 215
55 33
55 281
55 117
55 231
55 39
55 102
55 23
56 0
56 16
56 27
56 38
56 228
56 74
56 268
56 124
56 227
56 221
57 0
57 3
57 9
57 29
57 51
57 241
57 206
57 224
57 196
57 184
57 125
57 111
57 264
57 207
57 97
57 220
57 154
57 180
57 71
57 12
57 176
57 132
58 0
58 1
58 153
58 145
58 204
58 124
58 258
58 233
59 0
59 3
59 9
59 11
59 19
59 23
59 164
59 265
59 294
59 192
59 251
60 0
60 3
60 4
60 6
60 35
61 0
61 43
61 76
61 55
61 33
61 229
61 173
61 234
61 232
61 197
61 288
61 287
61 10
61 255
61 136
61 26
61 21
61 275
61 169
62 0
62 3
62 13
62 33
62 49
63 0
63 3
63 9
63 26
63 40
64 0
64 3
65 0
65 2
65 7
65 73
65 64
65 26
65 164
65 44
65 115
65 166
65 294
65 257
65 264
65 67
65 299
65 30
65 211
65 130
65 106
65 92
65 215
66 0
66 61
66 68
66 96
66 26
66 122
66 43
66 125
66 49
66 210
66 198
66 259
66 110
66 64
66 187
66 155
66 236
66 85
66 265
66 171
67 0
67 1
67 58
68 0
68 3
68 4
68 8
69 0
69 3
69 9
69 29
69 51
69 55
69 152
69 52
69 224
69 177
69 291
70 0
70 3
70 4
70 6
70 35
70 50
71 0
71 3
71 4
71 42
72 0
72 3
72 9
72 29
72 51
72 55
72 297
72 220
72 63
72 258
72 70
73 0
73 3
73 9
73 11
73 47
73 212
73 294
73 45
73 13
73 89
73 102
73 241
73 79
73 36
74 0
74 16
74 27
75 0
75 3
75 9
75 22
75 52
75 204
75 269
75 238
75 260
75 25
75 89
75 249
75 168
75 88
75 93
75 114
75 29
76 0
76 3
76 9
76 22
76 24
76 126
76 183
76 201
76 150
76 132
76 165
77 0
77 3
77 9
77 29
77 51
77 55
77 72
77 137
77 189
77 40
77 70
77 241
77 45
78 0
78 3
78 13
78 33
78 49
79 0
79 3
79 13
79 33
79 49
79 78
79 17
79 158
79 25
79 250
79 169
79 71
79 128
79 133
79 56
79 69
79 99
79 124
79 209
79 244
79 74
79 83
79 268
79 54
80 0
80 3
80 9
80 12
80 30
80 89
80 184
80 52
80 258
80 202
81 0
81 3
81 9
81 29
82 0
82 2
82 7
82 65
82 270
82 69
82 14
82 139
82 297
82 17
82 136
82 172
82 175
82 261
82 155
82 199
82 167
82 101
82 68
82 274
82 4
82 149
83 0
83 2
83 7
83 10
84 0
84 3
84 5
84 17
84 25
84 39
84 281
84 92
84 111
84 68
84 247
84 96
85 0
85 3
85 13
85 33
85 49
85 234
85 147
85 20
85 293
85 205
85 114
85 1
85 283
85 78
85 126
85 248
85 172
86 0
86 3
86 4
86 8
86 68
86 261
86 245
86 11
86 210
86 206
86 179
86 264
86 215
86 2
86 35
86 227
87 0
87 3
87 9
87 11
87 14
87 172
87 75
87 21
87 13
87 151
87 166
88 0
88 3
88 13
88 33
88 49
88 59
88 298
88 252
88 80
88 211
88 107
88 231
88 218
88 162
88 151
88 34
88 54
88 280
88 148
88 19
88 87
88 222
88 229
89 0
89 16
89 27
89 277
89 171
89 37
89 144
89 23
89 222
89 196
89 21
89 7
89 124
89 251
89 76
89 294
89 160
89 141
89 177
89 237
89 2
90 0
90 1
90 58
90 67
90 29
90 68
90 279
90 206
90 226
90 219
90 44
90 27
90 108
90 139
90 128
90 102
90 129
90 97
90 119
90 156
90 2
90 137
91 0
91 268
91 10
91 144
91 284
91 150
91 183
92 0
92 3
92 9
92 11
92 19
93 0
93 3
93 4
93 8
93 68
94 0
94 3
94 9
94 11
94 19
94 53
94 125
94 121
94 173
94 79
94 298
94 58
95 0
95 16
96 0
96 61
96 233
96 296
96 7
96 175
96 60
96 71
96 271
96 165
96 114
96 31
96 33
96 281
97 0
97 2
97 7
97 65
97 82
97 244
97 212
97 67
97 194
97 251
97 173
98 0
98 3
98 4
98 6
98 35
98 50
98 9
98 175
98 126
98 180
98 34
98 125
98 179
98 238
98 7
98 285
98 168
98 213
99 0
99 16
99 27
99 14
99 236
99 248
99 52
99 86
100 0
100 3
100 9
100 29
100 171
100 294
100 133
100 192
100 185
100 295
101 0
101 3
101 9
101 22
101 53
101 32
101 147
101 200
101 133
101 223
101 7
101 190
101 108
101 21
101 73
101 40
101 297
101 289
101 84
101 146
101 87
101 201
101 63
101 247
101 67
101 266
101 196
101 58
102 0
102 3
102 9
102 11
102 14
102 227
102 168
102 79
102 59
102 76
102 52
102 221
102 291
102 46
102 211
102 218
102 135
102 94
102 15
102 104
102 49
102 143
102 278
102 101
102 257
102 155
102 72
102 277
103 0
103 3
103 4
103 6
103 35
103 89
103 189
103 13
103 233
103 254
103 28
103 106
103 271
103 199
103 194
103 118
103 20
103 167
103 88
103 250
103 153
104 0
104 2
104 7
104 10
105 0
105 3
105 9
105 22
105 52
105 57
105 287
105 19
105 297
105 153
105 251
106 0
106 3
106 9
106 11
106 14
106 87
107 0
107 3
107 4
107 8
107 271
107 237
107 294
107 194
107 205
107 292
108 0
108 3
108 9
108 11
108 14
108 102
108 65
108 286
108 123
108 261
108 200
108 85
108 257
108 290
108 215
108 155
108 279
108 242
108 174
108 273
108 84
108 219
108 161
108 64
109 0
109 3
109 9
109 26
109 197
109 14
109 251
109 249
109 283
109 194
109 75
109 79
109 101
109 65
109 290
110 0
110 3
110 9
110 22
111 0
111 3
111 9
111 29
111 61
111 139
111 160
111 187
111 165
111 226
112 0
112 3
112 9
112 11
112 19
112 191
112 270
112 211
112 276
112 164
112 109
113 0
113 2
113 147
113 75
113 132
113 139
113 43
113 33
113 101
113 262
113 265
113 17
113 287
113 214
114 0
114 16
114 27
114 38
114 45
114 82
114 240
114 272
114 145
114 220
114 80
115 0
115 1
115 58
115 175
115 217
115 270
115 26
115 190
115 82
115 280
115 214
115 272
115 7
115 39
115 133
115 199
115 230
115 159
115 96
115 60
116 0
116 3
116 9
116 11
116 19
117 0
117 3
117 4
117 8
117 68
117 120
117 203
117 39
117 61
117 67
118 0
118 3
118 9
118 11
118 19
118 116
118 148
118 262
118 36
118 195
118 237
118 63
119 0
119 3
119 9
119 26
119 40
119 126
119 171
119 96
119 175
119 185
119 137
119 121
119 251
119 170
119 86
119 50
119 98
119 196
119 25
119 65
119 55
119 247
120 0
120 1
120 58
121 0
121 3
121 9
121 18
121 234
121 56
121 155
121 72
121 277
121 220
122 0
122 3
122 9
122 11
122 19
122 59
122 153
122 93
122 245
122 295
122 21
122 168
122 236
122 267
122 35
122 271
122 10
123 0
123 3
123 9
123 12
123 156
123 282
123 85
123 20
123 147
123 76
124 0
124 16
124 95
124 38
124 229
124 250
124 36
124 113
124 238
124 298
124 92
124 190
124 50
124 169
124 228
124 223
124 265
124 86
124 294
124 224
124 187
125 0
125 3
125 9
125 11
125 19
125 53
125 284
125 100
125 175
125 110
125 103
126 0
126 3
126 9
126 29
126 51
126 55
126 72
126 77
126 202
126 156
126 167
126 73
126 115
126 157
126 247
126 101
126 184
126 148
126 161
126 294
126 268
126 42
126 68
126 258
126 36
127 0
127 2
127 137
127 182
127 74
127 231
127 146
127 76
127 287
127 205
127 151
127 6
127 248
127 45
128 0
128 3
128 9
128 29
128 51
128 55
128 72
128 110
128 264
128 2
128 107
128 206
128 83
128 252
128 284
128 45
128 225
128 247
128 258
129 0
129 3
129 13
129 33
129 49
129 78
129 79
129 50
129 150
129 260
129 290
129 30
130 0
130 3
130 13
130 33
130 49
130 62
131 0
131 2
131 7
131 65
131 172
131 202
131 19
131 280
131 211
132 0
132 3
132 9
132 11
132 14
132 102
132 95
132 85
132 86
132 48
132 202
132 186
133 0
133 3
133 9
133 26
133 109
133 53
133 7
133 117
133 283
133 175
133 174
133 193
133 284
133 52
133 227
133 140
133 181
134 0
134 3
134 9
134 11
134 19
134 116
135 0
135 2
135 228
135 289
135 212
135 275
135 50
135 204
136 0
136 3
136 4
136 36
136 134
136 42
136 95
136 258
136 274
137 0
137 91
137 97
137 190
137 186
137 183
137 160
137 107
138 0
138 3
138 9
138 11
138 19
138 53
138 94
138 13
138 15
138 10
138 124
138 137
138 8
138 91
138 184
138 243
138 169
138 127
138 261
138 236
138 112
138 144
138 113
138 242
138 26
138 191
138 234
138 209
138 202
139 0
139 3
139 9
139 11
139 14
139 102
139 108
140 0
140 3
140 9
140 11
140 19
140 53
140 94
140 138
140 197
140 293
140 123
140 236
140 105
140 71
141 0
141 3
141 9
141 22
141 210
141 156
141 158
141 228
141 252
141 13
142 0
142 3
142 9
142 29
142 51
142 55
142 72
142 77
143 0
143 61
144 0
144 16
144 27
144 38
144 45
144 114
144 221
144 1
144 18
144 184
144 66
144 112
144 62
144 25
144 166
144 87
144 290
145 0
145 16
145 27
145 38
145 45
146 0
146 1
146 58
146 67
146 90
147 0
147 91
147 137
147 23
147 165
147 219
147 265
147 16
147 209
147 79
147 287
147 53
147 59
147 76
147 121
147 143
147 296
147 203
147 218
147 49
147 75
147 135
147 3
147 157
147 239
148 0
148 3
148 9
148 22
148 141
149 0
149 3
149 4
149 6
149 35
149 103
149 84
149 279
149 190
149 28
149 249
149 247
149 26
149 42
149 87
149 184
149 248
149 141
149 235
149 292
149 83
149 196
149 60
149 212
150 0
150 3
150 9
150 11
150 14
150 87
150 106
150 265
150 140
150 46
150 114
150 57
150 153
150 38
150 12
150 250
150 243
150 2
150 172
150 51
150 105
150 246
150 155
150 52
150 123
151 0
151 3
151 9
151 11
151 19
151 116
151 134
151 235
151 201
151 143
151 299
151 61
151 101
152 0
152 3
152 9
152 11
152 19
152 53
152 94
152 138
152 140
152 230
152 201
152 259
152 96
152 123
152 131
152 229
152 291
152 84
152 28
152 1
152 174
153 0
153 3
153 5
153 17
153 25
153 39
153 84
154 0
154 3
154 9
154 11
154 19
154 92
155 0
155 2
155 7
155 65
155 131
155 192
155 223
155 134
155 79
155 37
155 261
156 0
156 1
156 58
156 120
156 131
156 86
156 94
156 7
156 181
156 207
156 29
156 248
156 23
156 145
156 69
156 163
156 213
156 160
156 262
156 10
156 190
156 136
156 232
156 208
156 113
156 41
156 212
157 0
157 3
157 5
157 17
157 182
157 75
157 92
157 94
157 183
157 114
158 0
158 3
158 9
158 11
158 19
158 20
158 233
158 161
158 160
158 99
158 130
159 0
159 3
159 4
159 23
160 0
160 3
160 9
160 26
160 40
160 63
160 75
160 20
160 60
160 205
160 258
160 94
160 38
160 2
160 169
160 290
160 275
160 102
160 84
160 35
160 237
160 44
160 180
161 0
161 3
161 4
161 6
161 35
161 103
161 149
161 112
161 94
161 202
161 123
161 204
161 296
161 277
161 244
161 120
161 185
161 50
161 198
162 0
162 3
162 4
162 6
162 35
162 103
162 149
162 161
163 0
163 3
163 13
163 97
163 295
163 116
163 239
163 222
163 132
164 0
164 3
164 9
164 22
164 141
164 148
164 59
164 187
164 244
164 133
164 259
164 20
165 0
165 91
166 0
166 2
166 7
166 10
166 119
166 29
166 256
166 291
166 111
166 4
167 0
167 3
167 9
167 29
167 121
167 42
167 119
167 236
167 16
167 142
168 0
168 1
168 58
168 67
168 90
168 39
168 235
168 240
168 151
168 23
168 104
169 0
169 3
169 5
169 17
169 57
169 73
169 41
169 62
169 252
169 144
169 184
169 88
169 19
169 134
169 23
169 199
169 128
169 174
169 22
169 39
169 72
170 0
170 2
171 0
171 3
171 9
171 11
171 14
171 102
171 108
171 139
171 157
171 63
171 290
171 26
171 268
171 189
172 0
172 3
172 9
172 26
173 0
173 3
173 9
173 29
173 51
173 55
173 69
173 169
173 214
173 27
173 227
173 12
173 204
173 146
173 294
173 200
173 177
173 48
173 104
173 19
173 129
173 23
173 26
173 85
174 0
174 3
174 4
174 23
174 215
174 146
174 30
174 28
174 195
174 190
175 0
175 3
175 4
175 47
175 215
175 25
175 288
175 271
175 56
175 290
176 0
176 3
176 5
176 17
176 25
176 54
176 225
176 60
176 275
176 289
176 160
176 246
176 162
176 14
176 283
176 212
176 135
176 158
176 80
176 24
176 199
176 204
176 263
177 0
177 3
177 4
177 8
177 117
178 0
178 3
178 9
178 11
178 19
178 116
178 283
178 259
178 252
178 216
178 78
178 228
179 0
179 16
179 95
179 100
179 67
179 204
179 3
179 162
179 92
180 0
180 3
180 9
180 29
180 51
180 55
180 72
181 0
181 3
181 4
181 6
181 35
181 50
181 98
181 68
181 171
181 198
181 253
181 118
181 293
181 172
181 201
181 149
181 232
181 99
182 0
182 3
182 4
182 23
182 34
182 93
182 248
182 133
182 166
182 231
182 24
183 0
183 3
183 9
183 22
183 141
183 148
183 44
183 184
183 135
183 41
183 159
183 296
184 0
184 16
184 27
184 38
184 45
184 48
184 49
184 211
184 102
184 134
184 285
184 230
185 0
185 3
185 9
185 11
185 19
185 53
185 94
185 138
185 280
185 104
185 116
185 45
185 42
185 162
186 0
186 3
186 9
186 11
186 19
186 53
186 89
186 109
186 51
186 294
186 178
186 293
186 93
186 22
186 88
186 75
186 270
186 166
187 0
187 3
187 13
187 33
187 49
187 62
187 130
188 0
188 3
188 13
188 33
188 49
188 62
188 130
188 187
188 66
188 40
188 117
188 17
188 289
188 72
188 58
188 21
188 199
188 111
188 43
188 5
188 50
188 152
188 228
188 59
189 0
189 3
189 9
189 11
189 14
189 87
190 0
190 3
190 4
190 8
190 117
191 0
191 3
191 9
191 11
191 14
191 87
191 64
191 74
191 217
191 274
191 78
191 232
191 294
191 169
191 280
191 225
191 171
191 255
192 0
192 1
192 58
192 115
192 14
192 231
192 116
192 48
192 146
192 137
192 89
192 94
192 274
192 127
192 37
193 0
193 3
193 9
193 22
193 55
193 129
193 121
193 199
193 190
193 295
194 0
194 3
194 9
194 11
194 19
194 20
194 158
194 6
194 239
194 148
194 231
194 71
194 282
195 0
195 3
195 9
195 29
195 51
195 55
195 72
195 128
196 0
196 3
196 9
196 11
196 14
196 102
196 108
196 139
196 171
196 103
196 175
196 296
196 177
196 251
196 183
196 250
196 220
196 208
196 293
196 215
197 0
197 1
197 58
197 120
197 107
197 116
197 250
197 153
197 198
197 177
197 77
197 235
197 232
197 196
198 0
198 1
198 58
198 67
198 90
198 168
198 286
198 79
198 247
198 207
198 117
198 195
198 101
198 180
198 126
198 154
198 139
199 0
199 3
199 9
199 29
199 51
200 0
200 3
200 9
200 22
200 193
200 14
200 18
200 44
200 53
200 7
200 84
201 0
201 3
201 4
201 8
201 117
201 190
202 0
202 1
202 58
202 67
202 90
202 146
202 19
202 230
202 188
202 149
202 274
202 124
203 0
203 3
203 9
203 22
203 52
203 26
203 221
203 155
203 91
203 86
203 262
204 0
204 3
204 9
204 12
205 0
205 3
205 13
205 33
205 49
205 78
205 79
205 129
206 0
206 3
206 9
206 11
206 19
206 116
206 134
206 151
206 270
206 250
206 66
206 215
206 176
206 274
206 101
206 246
206 127
206 118
206 110
207 0
207 3
207 9
207 11
207 19
207 53
207 125
207 166
207 191
207 244
207 38
207 126
207 39
207 298
207 110
207 224
207 142
207 17
208 0
208 2
208 170
208 271
208 84
208 226
208 101
208 29
208 272
208 45
208 70
208 210
208 132
208 153
208 289
208 129
208 57
208 157
208 150
209 0
209 3
209 13
209 33
209 49
209 78
209 79
209 129
209 205
209 194
209 116
209 266
209 102
209 272
210 0
210 61
210 143
210 221
210 121
210 268
210 108
210 259
210 177
211 0
211 3
211 13
211 33
211 49
211 78
212 0
212 3
212 13
212 33
212 49
212 78
212 211
212 110
212 253
212 62
212 162
212 261
212 297
212 39
212 150
212 171
212 219
212 200
212 60
213 0
213 2
213 7
213 65
213 82
213 97
214 0
214 91
214 172
214 40
214 243
214 88
214 200
214 273
215 0
215 61
215 143
215 210
215 211
215 174
215 108
215 32
215 265
215 239
216 0
216 3
216 9
216 12
216 123
216 28
216 292
216 127
216 116
216 237
216 262
217 0
217 3
217 9
217 29
217 51
217 55
217 119
217 284
217 46
217 131
217 250
217 262
217 259
217 278
217 142
217 95
217 45
217 233
218 0
218 3
218 9
218 11
218 73
219 0
219 3
219 13
219 33
219 49
219 78
219 278
219 26
219 280
219 262
219 7
219 111
219 92
219 107
219 190
219 37
219 218
219 126
219 60
219 186
219 47
219 108
220 0
220 3
220 9
220 29
220 51
220 55
220 217
220 242
220 170
220 194
220 6
220 139
220 155
220 79
220 93
220 274
220 211
220 35
220 109
220 288
220 66
220 16
220 28
220 18
220 231
221 0
221 3
221 21
221 117
221 121
221 89
221 25
221 19
221 129
222 0
222 3
222 4
222 8
222 107
222 41
222 228
222 132
222 227
222 22
222 5
222 21
222 297
222 264
222 19
222 164
222 10
223 0
223 3
223 9
223 11
223 19
223 20
223 158
223 194
223 199
223 36
223 41
223 293
223 256
224 0
224 3
224 9
224 11
224 14
224 102
225 0
225 3
225 4
225 42
225 71
225 208
225 96
225 104
225 101
225 140
225 54
226 0
226 3
226 4
226 42
226 71
227 0
227 3
227 9
227 11
227 73
228 0
228 3
228 4
228 8
228 107
228 222
228 50
228 131
228 16
228 277
228 44
228 237
229 0
229 91
229 137
229 147
230 0
230 3
230 4
230 6
230 35
230 79
230 186
230 129
230 165
230 184
231 0
231 16
231 27
231 274
231 158
231 235
231 297
231 33
231 19
232 0
232 3
232 9
232 29
232 51
232 57
232 173
232 268
232 133
232 117
232 215
232 288
233 0
233 3
233 9
233 29
233 100
233 14
233 103
233 49
233 196
233 167
233 275
233 299
233 192
233 278
233 102
233 217
233 66
234 0
234 61
235 0
235 3
235 4
235 23
235 159
235 12
235 251
235 66
235 51
235 69
235 104
236 0
236 91
236 137
236 254
236 29
236 274
236 213
236 228
236 8
237 0
237 3
237 9
237 11
237 19
237 116
237 34
237 299
237 100
237 69
237 48
237 283
237 153
237 16
237 26
237 33
237 88
237 159
238 0
238 3
238 9
238 11
238 73
238 218
238 89
238 203
238 274
238 70
238 131
238 74
238 194
238 290
238 234
238 15
238 103
238 162
238 205
238 175
238 155
238 224
238 281
239 0
239 3
239 9
239 22
239 141
239 148
239 183
239 158
239 265
239 76
239 191
239 166
239 1
239 61
239 84
239 77
239 272
239 24
239 232
239 270
239 286
239 194
239 236
239 28
240 0
240 3
240 13
240 33
240 49
240 78
240 79
240 129
240 205
241 0
241 2
241 113
241 47
241 144
241 88
241 297
241 214
241 249
242 0
242 3
242 4
242 6
242 35
242 50
242 98
242 28
242 282
242 177
242 220
242 123
242 279
242 160
242 38
242 56
242 207
243 0
243 3
243 5
243 17
243 25
243 104
243 197
243 164
243 116
243 131
243 15
244 0
244 91
244 137
244 236
244 130
244 98
244 249
244 297
244 142
244 295
245 0
245 3
245 4
245 21
245 277
245 231
245 130
245 7
245 168
246 0
246 16
246 27
246 89
247 0
247 3
247 9
247 29
247 51
247 57
247 232
247 126
247 252
247 15
247 58
247 4
247 166
248 0
248 16
248 27
248 38
248 45
249 0
249 91
249 137
249 236
249 244
249 297
249 6
249 260
249 152
249 3
249 111
250 0
250 3
250 13
251 0
251 61
251 234
251 299
251 95
251 92
251 15
251 179
251 273
252 0
252 3
252 93
252 199
252 28
252 222
252 258
252 124
252 272
252 192
252 88
252 132
252 53
252 157
253 0
253 3
253 9
253 22
253 52
253 105
253 75
253 35
253 2
253 262
253 88
253 186
254 0
254 3
254 9
254 11
254 19
254 32
255 0
255 3
255 9
255 12
255 80
255 107
255 204
255 114
255 108
255 268
255 74
256 0
256 3
256 9
256 22
256 52
256 75
256 232
256 140
256 289
256 51
256 157
256 224
256 240
256 21
256 136
256 252
257 0
257 3
257 13
257 33
257 49
257 78
257 79
257 129
257 205
257 114
257 11
257 200
257 274
257 143
257 21
257 62
257 233
257 87
257 150
257 226
258 0
258 61
258 143
258 210
258 215
258 242
258 238
258 177
258 85
258 87
258 60
259 0
259 16
259 27
259 99
260 0
260 3
260 9
260 22
260 141
260 148
260 164
260 205
260 170
260 103
260 42
260 139
260 269
261 0
261 3
261 9
261 11
261 19
261 116
261 178
261 36
261 165
261 258
261 118
261 211
261 1
262 0
262 2
262 7
262 65
262 82
262 97
263 0
263 3
263 64
263 16
263 88
263 241
263 32
263 73
263 182
264 0
264 3
264 13
264 33
264 49
264 62
264 130
264 187
264 188
265 0
265 3
265 4
265 6
265 35
265 103
265 27
265 295
265 29
265 185
265 127
265 28
266 0
266 1
266 58
266 120
266 106
266 279
266 73
266 199
266 166
266 200
266 163
266 245
266 9
266 288
266 35
266 45
266 238
266 226
266 270
266 66
266 203
266 79
266 185
266 137
266 244
266 40
267 0
267 1
267 58
267 67
267 90
267 34
267 16
267 156
267 47
267 107
267 211
267 155
267 2
267 7
267 285
267 53
268 0
268 3
268 4
268 42
268 71
268 226
269 0
269 3
269 4
269 47
269 175
270 0
270 16
270 27
270 99
270 259
270 19
270 299
270 183
270 40
270 192
271 0
271 1
271 58
271 115
271 102
271 217
271 105
271 111
271 197
271 149
271 20
271 233
271 173
271 274
271 66
271 158
272 0
272 16
272 95
272 179
272 227
272 113
272 163
272 79
272 274
272 46
273 0
273 3
273 13
273 250
273 210
273 131
273 199
273 228
273 290
274 0
274 3
274 5
274 17
274 25
274 39
274 84
275 0
275 2
275 7
275 65
275 196
275 221
275 216
275 49
275 30
275 16
276 0
276 3
276 4
276 47
276 175
276 269
277 0
277 3
277 5
277 188
277 76
277 147
277 103
277 207
277 49
278 0
278 3
278 9
278 11
278 19
278 112
278 93
278 29
278 184
278 52
278 236
278 82
278 135
278 248
278 168
278 149
278 40
279 0
279 3
279 5
279 17
279 169
279 112
279 166
279 261
279 134
279 182
279 120
279 294
279 123
279 152
279 205
280 0
280 3
280 13
280 33
280 49
280 78
280 79
280 129
280 205
280 240
280 85
280 35
280 284
280 272
280 23
280 285
280 121
280 282
280 2
280 257
281 0
281 3
281 9
281 18
282 0
282 3
282 9
282 18
282 255
282 150
282 245
282 37
282 180
283 0
283 3
283 5
283 17
283 25
283 39
283 84
283 169
283 105
283 270
283 177
283 175
283 225
284 0
284 3
284 64
285 0
285 3
285 4
285 6
285 35
285 50
285 98
286 0
286 16
286 27
286 231
286 64
286 122
286 96
286 186
286 239
286 145
287 0
287 3
287 13
287 33
287 49
287 78
287 79
287 129
287 205
287 257
287 180
287 172
287 72
287 138
287 171
287 89
287 299
287 291
287 292
287 28
287 229
287 8
288 0
288 1
288 15
288 46
289 0
289 3
289 5
289 17
289 132
289 193
289 47
289 126
289 114
289 229
290 0
290 16
290 27
290 38
290 56
290 5
290 119
290 57
290 262
290 266
290 73
290 97
290 169
290 201
290 253
290 293
290 123
290 35
290 29
290 116
290 137
290 203
291 0
291 16
291 95
291 68
291 214
291 266
291 119
291 259
291 60
292 0
292 3
292 13
292 33
292 49
292 78
292 211
292 212
293 0
293 3
293 9
293 11
293 14
293 87
293 106
293 70
293 270
293 118
293 79
293 35
293 259
293 280
293 55
293 282
293 222
293 212
293 92
294 0
294 16
294 27
294 231
294 214
294 193
294 160
294 166
294 217
294 176
295 0
295 3
295 4
295 36
296 0
296 3
296 5
296 17
296 25
296 39
296 84
296 171
296 19
296 174
296 41
296 158
296 261
297 0
297 3
297 4
297 6
297 35
297 50
297 98
297 242
297 260
297 221
297 269
297 108
297 120
297 15
297 200
297 284
297 258
297 10
297 41
297 127
298 0
298 3
298 9
298 29
298 167
298 49
298 71
298 207
298 263
298 191
298 59
299 0
299 16
299 95
299 124
