2 228
3 1
5 1
5 3
7 1
7 3
7 5
9 2
11 1
11 3
11 5
11 7
14 1
14 3
14 5
14 7
14 215
14 39
18 1
18 3
18 5
18 7
18 14
18 262
18 45
18 270
18 237
19 2
22 1
22 3
22 5
23 2
23 19
25 1
25 3
25 5
25 22
31 1
31 3
31 5
31 22
31 25
39 4
40 2
40 19
40 109
40 114
40 279
44 1
44 3
44 5
44 22
44 25
44 31
44 150
45 1
45 18
45 196
60 2
60 19
60 40
63 1
63 3
63 5
63 7
63 128
64 1
64 3
64 5
64 7
64 14
71 189
71 209
71 218
72 1
72 3
72 5
72 7
72 263
72 131
72 97
72 265
72 267
75 51
77 51
84 1
84 3
84 5
84 7
84 14
84 64
90 1
96 2
96 9
96 39
97 1
101 1
104 1
109 51
110 1
110 3
110 5
110 7
110 72
113 192
113 128
113 118
114 1
114 3
114 5
114 7
114 14
116 1
116 3
116 5
116 7
116 72
118 1
118 3
118 5
118 7
118 14
118 64
119 2
119 19
119 40
119 60
121 218
121 2
128 1
128 3
128 5
128 22
128 25
129 2
129 19
129 40
129 60
131 1
131 3
131 5
131 7
131 11
139 2
139 19
139 23
139 9
139 175
140 1
140 3
140 5
140 7
140 72
140 116
141 121
141 174
141 116
141 268
141 159
143 70
147 2
147 19
148 1
148 3
148 5
150 1
154 1
154 3
154 5
154 22
154 25
159 70
165 1
165 3
165 5
165 7
165 72
170 2
170 19
174 4
175 1
182 150
182 141
182 154
187 1
187 3
187 5
187 148
187 40
187 159
187 211
187 14
187 237
189 84
189 64
189 14
189 23
193 1
193 3
193 5
193 7
193 11
195 189
196 4
202 2
202 19
202 101
202 3
209 1
209 101
211 4
211 39
211 143
215 2
215 19
215 1
215 141
216 1
216 3
216 5
216 22
216 25
216 40
218 189
218 195
218 121
218 131
218 193
218 242
218 159
218 219
219 1
219 3
219 5
219 7
219 11
226 4
227 2
227 19
227 147
228 1
228 3
228 5
228 7
228 241
228 292
229 115
231 1
233 1
233 3
233 5
233 7
237 4
241 4
241 150
242 1
242 3
242 5
242 7
242 14
242 64
242 84
242 39
242 265
242 182
242 22
243 1
243 45
262 4
263 4
263 237
265 1
265 3
265 5
265 7
267 2
267 19
268 2
268 19
270 2
270 19
270 23
279 1
279 3
279 5
279 22
285 1
285 175
292 51
294 1
294 3
294 5
294 7
294 11
294 131
296 1
296 3
296 5
296 22
296 25
