0 165
0 254
0 197
0 104
1 0
1 189
1 292
1 76
1 42
2 0
4 0
4 146
4 264
4 277
4 70
4 128
4 157
4 231
5 0
5 23
5 259
5 182
5 166
5 94
5 231
5 41
5 56
5 60
7 0
7 2
7 295
7 72
7 73
7 133
7 185
7 187
7 211
11 0
12 0
12 23
12 78
23 0
23 4
23 158
23 202
23 140
23 172
23 36
23 130
23 26
23 133
23 212
23 69
23 204
23 249
23 228
23 72
23 235
24 0
24 56
24 120
26 0
27 0
28 0
28 24
28 2
28 227
28 215
28 155
28 208
31 0
31 272
31 78
31 211
31 133
31 92
34 0
34 4
34 23
35 0
35 4
35 268
35 216
35 159
35 221
35 68
35 136
35 23
36 0
36 4
38 0
38 27
39 0
39 5
41 0
42 0
42 4
43 0
43 4
43 177
43 115
44 0
44 11
47 0
47 4
47 73
47 42
47 274
47 240
49 0
49 93
49 36
49 190
54 0
54 5
56 0
56 27
56 38
56 228
56 268
56 227
56 221
60 0
60 4
60 35
61 0
61 43
61 76
61 229
61 234
61 197
61 288
61 136
61 26
61 275
61 169
62 0
62 49
63 0
63 26
67 0
67 1
68 0
68 4
69 0
69 177
70 0
70 4
70 35
71 0
71 4
71 42
72 0
72 63
72 70
73 0
73 11
73 47
73 212
73 241
73 36
76 0
76 24
76 165
78 0
78 49
80 0
80 12
80 202
83 0
83 2
83 7
84 0
84 5
84 39
84 281
84 92
84 111
84 68
92 0
92 11
93 0
93 4
93 68
94 0
94 11
94 125
94 298
98 0
98 4
98 35
98 180
98 34
98 125
98 7
98 168
98 213
101 0
101 200
101 133
101 7
101 190
101 73
101 289
101 84
101 146
101 63
101 67
104 0
104 2
104 7
106 0
106 11
110 0
111 0
111 61
111 187
111 165
111 226
115 0
115 1
115 26
115 190
115 272
115 7
115 39
115 133
115 199
115 230
115 159
115 60
116 0
116 11
117 0
117 4
117 68
117 120
117 39
117 61
117 67
120 0
120 1
122 0
122 11
122 153
122 93
122 295
122 168
122 267
122 35
123 0
123 12
123 76
125 0
125 11
125 284
125 110
127 0
127 2
127 137
127 182
127 231
127 146
127 76
127 205
127 151
127 248
128 0
128 72
128 110
128 264
128 2
128 83
128 284
129 0
129 49
129 78
130 0
130 49
130 62
133 0
133 26
133 7
133 117
133 174
133 284
133 227
133 140
134 0
134 11
134 116
136 0
136 4
136 36
136 134
136 42
136 274
137 0
137 190
137 186
140 0
140 11
140 94
140 197
140 123
140 71
142 0
142 72
143 0
143 61
146 0
146 1
146 67
151 0
151 11
151 116
151 134
151 235
151 143
151 299
151 61
151 101
153 0
153 5
153 39
153 84
154 0
154 11
154 92
155 0
155 2
155 7
155 134
157 0
157 5
157 182
157 92
157 94
158 0
158 11
158 130
159 0
159 4
159 23
165 0
166 0
166 2
166 7
166 256
166 111
166 4
168 0
168 1
168 67
168 39
168 235
168 240
168 151
168 23
168 104
169 0
169 5
169 73
169 41
169 62
169 134
169 23
169 199
169 128
169 174
169 39
169 72
170 0
170 2
172 0
172 26
174 0
174 4
174 23
174 215
174 146
174 28
174 190
177 0
177 4
177 117
178 0
178 11
178 116
178 259
178 216
178 78
178 228
180 0
180 72
182 0
182 4
182 23
182 34
182 93
182 248
182 133
182 166
182 231
182 24
185 0
185 11
185 94
185 104
185 116
185 42
186 0
186 11
186 178
186 93
186 166
187 0
187 49
187 62
187 130
189 0
189 11
190 0
190 4
190 117
197 0
197 1
197 120
197 116
197 250
197 153
197 177
197 235
199 0
200 0
200 44
200 7
200 84
202 0
202 1
202 67
202 146
202 230
202 274
204 0
204 12
205 0
205 49
205 78
205 129
207 0
207 11
207 125
207 166
207 38
207 39
207 298
207 110
207 142
208 0
208 2
208 170
208 84
208 226
208 101
208 272
208 70
208 210
208 153
208 289
208 129
208 157
210 0
210 61
210 143
210 221
210 268
210 259
210 177
211 0
211 49
211 78
212 0
212 49
212 78
212 211
212 110
212 62
212 39
212 200
212 60
213 0
213 2
213 7
215 0
215 61
215 143
215 210
215 211
215 174
215 265
216 0
216 12
216 123
216 28
216 292
216 127
216 116
216 262
218 0
218 11
218 73
221 0
221 117
221 129
222 0
222 4
222 41
222 228
222 227
222 5
222 264
226 0
226 4
226 42
226 71
227 0
227 11
227 73
228 0
228 4
228 222
228 277
228 44
229 0
229 137
230 0
230 4
230 35
230 186
230 129
230 165
231 0
231 27
231 274
231 158
231 235
234 0
234 61
235 0
235 4
235 23
235 159
235 12
235 69
235 104
240 0
240 49
240 78
240 129
240 205
241 0
241 2
241 47
241 249
246 0
246 27
248 0
248 27
248 38
249 0
249 137
249 111
250 0
254 0
254 11
256 0
256 140
256 289
256 157
256 240
256 136
259 0
259 27
262 0
262 2
262 7
263 0
263 241
263 73
263 182
264 0
264 49
264 62
264 130
264 187
265 0
265 4
265 35
265 27
265 295
265 185
265 127
265 28
267 0
267 1
267 67
267 34
267 47
267 211
267 155
267 2
267 7
268 0
268 4
268 42
268 71
268 226
269 0
269 4
269 47
272 0
272 227
272 274
273 0
273 250
273 210
273 199
273 228
274 0
274 5
274 39
274 84
275 0
275 2
275 7
275 221
275 216
275 49
276 0
276 4
276 47
276 269
277 0
277 5
277 76
277 207
277 49
278 0
278 11
278 93
278 248
278 168
281 0
284 0
288 0
288 1
289 0
289 5
289 47
289 229
292 0
292 49
292 78
292 211
292 212
295 0
295 4
295 36
298 0
298 49
298 71
298 207
298 263
299 0
